# The energy mobility density-product.
# col_1: E_N [Td], col_2: energy_muN [m^-1 s^-1 V^-1]
E_N	energy_muN
1.50000e+00	3.20287e+24
2.00000e+00	2.56337e+24
2.50000e+00	2.16096e+24
3.00000e+00	1.88344e+24
4.00000e+00	1.54260e+24
5.00000e+00	1.38609e+24
6.00000e+00	1.32293e+24
7.00000e+00	1.29651e+24
8.00000e+00	1.28344e+24
9.00000e+00	1.27530e+24
1.00000e+01	1.26914e+24
1.20000e+01	1.25846e+24
1.50000e+01	1.24304e+24
2.00000e+01	1.21884e+24
3.00000e+01	1.17837e+24
5.00000e+01	1.12517e+24
7.50000e+01	1.08731e+24
1.00000e+02	1.06400e+24
1.50000e+02	1.03720e+24
2.00000e+02	1.02219e+24
