# The real time spent on calculation.
# col_1: E_N [Td], col_2: time [s]
E_N	time
1.50000e+00	8.26863e-01
2.00000e+00	8.85876e-01
2.50000e+00	7.99897e-01
3.00000e+00	1.39178e+00
4.00000e+00	1.57992e+00
5.00000e+00	1.67758e+00
6.00000e+00	2.03811e+00
7.00000e+00	3.05799e+00
8.00000e+00	2.49010e+00
9.00000e+00	2.27881e+00
1.00000e+01	2.23442e+00
1.20000e+01	3.21353e+00
1.50000e+01	4.66854e+00
2.00000e+01	3.95928e+00
3.00000e+01	5.76147e+00
5.00000e+01	5.91511e+00
7.50000e+01	5.92168e+00
1.00000e+02	6.89734e+00
1.50000e+02	8.10911e+00
2.00000e+02	1.11665e+01
