# The ell = 1 distribution, the first anisotropy.
# E_N [Td]	1.00000e+02
# col_1: Electron Energy [eV], col_2: f1 [eV^(-3/2)]
eV	f1
4.14328e-02	1.27256e-03
8.28656e-02	2.13745e-03
1.24298e-01	2.54361e-03
1.65731e-01	2.72803e-03
2.07164e-01	2.89908e-03
2.48597e-01	3.07081e-03
2.90030e-01	3.29432e-03
3.31463e-01	3.45132e-03
3.72895e-01	3.58988e-03
4.14328e-01	3.72921e-03
4.55761e-01	3.87283e-03
4.97194e-01	4.01846e-03
5.38627e-01	4.16509e-03
5.80060e-01	4.31451e-03
6.21492e-01	4.46363e-03
6.62925e-01	4.61292e-03
7.04358e-01	4.76035e-03
7.45791e-01	4.90448e-03
7.87224e-01	5.04543e-03
8.28656e-01	5.18327e-03
8.70089e-01	5.31734e-03
9.11522e-01	5.44701e-03
9.52955e-01	5.57225e-03
9.94388e-01	5.69257e-03
1.03582e+00	5.80713e-03
1.07725e+00	5.91528e-03
1.11869e+00	6.01669e-03
1.16012e+00	6.11079e-03
1.20155e+00	6.19565e-03
1.24298e+00	6.27696e-03
1.28442e+00	6.35179e-03
1.32585e+00	6.41199e-03
1.36728e+00	6.46351e-03
1.40872e+00	6.51442e-03
1.45015e+00	6.56033e-03
1.49158e+00	6.60767e-03
1.53301e+00	6.64734e-03
1.57445e+00	6.67043e-03
1.61588e+00	6.68371e-03
1.65731e+00	6.69275e-03
1.69875e+00	6.69799e-03
1.74018e+00	6.70196e-03
1.78161e+00	6.70556e-03
1.82304e+00	6.70888e-03
1.86448e+00	6.71177e-03
1.90591e+00	6.71456e-03
1.94734e+00	6.71651e-03
1.98878e+00	6.71702e-03
2.03021e+00	6.71664e-03
2.07164e+00	6.71542e-03
2.11307e+00	6.71338e-03
2.15451e+00	6.71053e-03
2.19594e+00	6.70691e-03
2.23737e+00	6.70258e-03
2.27881e+00	6.69760e-03
2.32024e+00	6.69200e-03
2.36167e+00	6.68580e-03
2.40310e+00	6.67906e-03
2.44454e+00	6.67169e-03
2.48597e+00	6.66360e-03
2.52740e+00	6.65457e-03
2.56884e+00	6.64466e-03
2.61027e+00	6.63392e-03
2.65170e+00	6.62236e-03
2.69313e+00	6.61003e-03
2.73457e+00	6.59697e-03
2.77600e+00	6.58321e-03
2.81743e+00	6.56876e-03
2.85886e+00	6.55365e-03
2.90030e+00	6.53791e-03
2.94173e+00	6.52157e-03
2.98316e+00	6.50464e-03
3.02460e+00	6.48716e-03
3.06603e+00	6.46914e-03
3.10746e+00	6.45061e-03
3.14889e+00	6.43157e-03
3.19033e+00	6.41204e-03
3.23176e+00	6.39204e-03
3.27319e+00	6.37160e-03
3.31463e+00	6.35072e-03
3.35606e+00	6.32941e-03
3.39749e+00	6.30769e-03
3.43892e+00	6.28554e-03
3.48036e+00	6.26299e-03
3.52179e+00	6.24004e-03
3.56322e+00	6.21671e-03
3.60466e+00	6.19304e-03
3.64609e+00	6.16904e-03
3.68752e+00	6.14473e-03
3.72895e+00	6.12014e-03
3.77039e+00	6.09528e-03
3.81182e+00	6.07018e-03
3.85325e+00	6.04485e-03
3.89469e+00	6.01931e-03
3.93612e+00	5.99357e-03
3.97755e+00	5.96766e-03
4.01898e+00	5.94160e-03
4.06042e+00	5.91538e-03
4.10185e+00	5.88903e-03
4.14328e+00	5.86255e-03
4.18472e+00	5.83594e-03
4.22615e+00	5.80923e-03
4.26758e+00	5.78242e-03
4.30901e+00	5.75553e-03
4.35045e+00	5.72855e-03
4.39188e+00	5.70151e-03
4.43331e+00	5.67439e-03
4.47475e+00	5.64722e-03
4.51618e+00	5.61999e-03
4.55761e+00	5.59272e-03
4.59904e+00	5.56542e-03
4.64048e+00	5.53809e-03
4.68191e+00	5.51075e-03
4.72334e+00	5.48340e-03
4.76477e+00	5.45605e-03
4.80621e+00	5.42870e-03
4.84764e+00	5.40137e-03
4.88907e+00	5.37406e-03
4.93051e+00	5.34678e-03
4.97194e+00	5.31953e-03
5.01337e+00	5.29231e-03
5.05480e+00	5.26515e-03
5.09624e+00	5.23803e-03
5.13767e+00	5.21096e-03
5.17910e+00	5.18395e-03
5.22054e+00	5.15701e-03
5.26197e+00	5.13013e-03
5.30340e+00	5.10333e-03
5.34483e+00	5.07661e-03
5.38627e+00	5.04997e-03
5.42770e+00	5.02341e-03
5.46913e+00	4.99695e-03
5.51057e+00	4.97058e-03
5.55200e+00	4.94430e-03
5.59343e+00	4.91812e-03
5.63486e+00	4.89204e-03
5.67630e+00	4.86607e-03
5.71773e+00	4.84021e-03
5.75916e+00	4.81446e-03
5.80060e+00	4.78883e-03
5.84203e+00	4.76331e-03
5.88346e+00	4.73791e-03
5.92489e+00	4.71264e-03
5.96633e+00	4.68748e-03
6.00776e+00	4.66246e-03
6.04919e+00	4.63756e-03
6.09063e+00	4.61279e-03
6.13206e+00	4.58815e-03
6.17349e+00	4.56364e-03
6.21492e+00	4.53927e-03
6.25636e+00	4.51504e-03
6.29779e+00	4.49094e-03
6.33922e+00	4.46698e-03
6.38065e+00	4.44316e-03
6.42209e+00	4.41948e-03
6.46352e+00	4.39594e-03
6.50495e+00	4.37255e-03
6.54639e+00	4.34929e-03
6.58782e+00	4.32618e-03
6.62925e+00	4.30321e-03
6.67068e+00	4.28039e-03
6.71212e+00	4.25771e-03
6.75355e+00	4.23518e-03
6.79498e+00	4.21280e-03
6.83642e+00	4.19056e-03
6.87785e+00	4.16846e-03
6.91928e+00	4.14653e-03
6.96071e+00	4.12471e-03
7.00215e+00	4.10305e-03
7.04358e+00	4.08154e-03
7.08501e+00	4.06017e-03
7.12645e+00	4.03894e-03
7.16788e+00	4.01786e-03
7.20931e+00	3.99693e-03
7.25074e+00	3.97614e-03
7.29218e+00	3.95551e-03
7.33361e+00	3.93501e-03
7.37504e+00	3.91467e-03
7.41648e+00	3.89446e-03
7.45791e+00	3.87441e-03
7.49934e+00	3.85449e-03
7.54077e+00	3.83472e-03
7.58221e+00	3.81509e-03
7.62364e+00	3.79561e-03
7.66507e+00	3.77627e-03
7.70651e+00	3.75707e-03
7.74794e+00	3.73801e-03
7.78937e+00	3.71910e-03
7.83080e+00	3.70033e-03
7.87224e+00	3.68169e-03
7.91367e+00	3.66320e-03
7.95510e+00	3.64485e-03
7.99654e+00	3.62663e-03
8.03797e+00	3.60855e-03
8.07940e+00	3.59062e-03
8.12083e+00	3.57281e-03
8.16227e+00	3.55515e-03
8.20370e+00	3.53762e-03
8.24513e+00	3.52022e-03
8.28656e+00	3.50296e-03
8.32800e+00	3.48583e-03
8.36943e+00	3.46883e-03
8.41086e+00	3.45196e-03
8.45230e+00	3.43522e-03
8.49373e+00	3.41861e-03
8.53516e+00	3.40213e-03
8.57659e+00	3.38578e-03
8.61803e+00	3.36955e-03
8.65946e+00	3.35345e-03
8.70089e+00	3.33747e-03
8.74233e+00	3.32162e-03
8.78376e+00	3.30588e-03
8.82519e+00	3.29027e-03
8.86662e+00	3.27479e-03
8.90806e+00	3.25942e-03
8.94949e+00	3.24417e-03
8.99092e+00	3.22903e-03
9.03236e+00	3.21401e-03
9.07379e+00	3.19911e-03
9.11522e+00	3.18433e-03
9.15665e+00	3.16966e-03
9.19809e+00	3.15510e-03
9.23952e+00	3.14066e-03
9.28095e+00	3.12633e-03
9.32239e+00	3.11211e-03
9.36382e+00	3.09800e-03
9.40525e+00	3.08400e-03
9.44668e+00	3.07011e-03
9.48812e+00	3.05632e-03
9.52955e+00	3.04264e-03
9.57098e+00	3.02907e-03
9.61242e+00	3.01561e-03
9.65385e+00	3.00224e-03
9.69528e+00	2.98898e-03
9.73671e+00	2.97582e-03
9.77815e+00	2.96276e-03
9.81958e+00	2.94980e-03
9.86101e+00	2.93694e-03
9.90244e+00	2.92418e-03
9.94388e+00	2.91151e-03
9.98531e+00	2.89896e-03
1.00267e+01	2.88647e-03
1.00682e+01	2.87402e-03
1.01096e+01	2.86169e-03
1.01510e+01	2.84945e-03
1.01925e+01	2.83730e-03
1.02339e+01	2.82525e-03
1.02753e+01	2.81329e-03
1.03168e+01	2.80142e-03
1.03582e+01	2.78964e-03
1.03996e+01	2.77795e-03
1.04411e+01	2.76635e-03
1.04825e+01	2.75483e-03
1.05239e+01	2.74340e-03
1.05654e+01	2.73207e-03
1.06068e+01	2.72082e-03
1.06482e+01	2.70957e-03
1.06897e+01	2.69844e-03
1.07311e+01	2.68739e-03
1.07725e+01	2.67643e-03
1.08140e+01	2.66554e-03
1.08554e+01	2.65474e-03
1.08968e+01	2.64402e-03
1.09383e+01	2.63338e-03
1.09797e+01	2.62282e-03
1.10211e+01	2.61234e-03
1.10626e+01	2.60194e-03
1.11040e+01	2.59161e-03
1.11454e+01	2.58136e-03
1.11869e+01	2.57119e-03
1.12283e+01	2.56109e-03
1.12697e+01	2.55107e-03
1.13112e+01	2.54112e-03
1.13526e+01	2.53124e-03
1.13940e+01	2.52144e-03
1.14355e+01	2.51170e-03
1.14769e+01	2.50204e-03
1.15183e+01	2.49245e-03
1.15598e+01	2.48293e-03
1.16012e+01	2.47274e-03
1.16426e+01	2.46163e-03
1.16841e+01	2.44832e-03
1.17255e+01	2.43541e-03
1.17669e+01	2.42292e-03
1.18084e+01	2.40992e-03
1.18498e+01	2.39597e-03
1.18912e+01	2.38042e-03
1.19327e+01	2.36647e-03
1.19741e+01	2.35300e-03
1.20155e+01	2.33964e-03
1.20570e+01	2.32624e-03
1.20984e+01	2.31275e-03
1.21398e+01	2.29912e-03
1.21813e+01	2.28526e-03
1.22227e+01	2.27115e-03
1.22641e+01	2.25666e-03
1.23055e+01	2.24178e-03
1.23470e+01	2.22660e-03
1.23884e+01	2.21121e-03
1.24298e+01	2.19556e-03
1.24713e+01	2.17960e-03
1.25127e+01	2.16334e-03
1.25541e+01	2.14681e-03
1.25956e+01	2.12995e-03
1.26370e+01	2.11291e-03
1.26784e+01	2.09577e-03
1.27199e+01	2.07857e-03
1.27613e+01	2.06143e-03
1.28027e+01	2.04437e-03
1.28442e+01	2.02754e-03
1.28856e+01	2.01126e-03
1.29270e+01	1.99534e-03
1.29685e+01	1.97973e-03
1.30099e+01	1.96431e-03
1.30513e+01	1.94520e-03
1.30928e+01	1.92703e-03
1.31342e+01	1.91189e-03
1.31756e+01	1.89744e-03
1.32171e+01	1.88183e-03
1.32585e+01	1.86751e-03
1.32999e+01	1.85404e-03
1.33414e+01	1.84114e-03
1.33828e+01	1.82842e-03
1.34242e+01	1.81550e-03
1.34657e+01	1.80215e-03
1.35071e+01	1.78843e-03
1.35485e+01	1.77472e-03
1.35900e+01	1.76085e-03
1.36314e+01	1.74684e-03
1.36728e+01	1.73271e-03
1.37143e+01	1.71847e-03
1.37557e+01	1.70412e-03
1.37971e+01	1.68966e-03
1.38386e+01	1.67509e-03
1.38800e+01	1.66039e-03
1.39214e+01	1.64548e-03
1.39629e+01	1.63032e-03
1.40043e+01	1.61494e-03
1.40457e+01	1.59931e-03
1.40872e+01	1.58348e-03
1.41286e+01	1.56744e-03
1.41700e+01	1.55119e-03
1.42115e+01	1.53476e-03
1.42529e+01	1.51815e-03
1.42943e+01	1.50133e-03
1.43358e+01	1.48433e-03
1.43772e+01	1.46716e-03
1.44186e+01	1.44984e-03
1.44601e+01	1.43238e-03
1.45015e+01	1.41480e-03
1.45429e+01	1.39711e-03
1.45844e+01	1.37932e-03
1.46258e+01	1.36146e-03
1.46672e+01	1.34353e-03
1.47087e+01	1.32555e-03
1.47501e+01	1.30753e-03
1.47915e+01	1.28949e-03
1.48330e+01	1.27143e-03
1.48744e+01	1.25336e-03
1.49158e+01	1.23529e-03
1.49572e+01	1.21725e-03
1.49987e+01	1.19923e-03
1.50401e+01	1.18129e-03
1.50815e+01	1.16348e-03
1.51230e+01	1.14579e-03
1.51644e+01	1.12825e-03
1.52058e+01	1.11084e-03
1.52473e+01	1.09358e-03
1.52887e+01	1.07647e-03
1.53301e+01	1.05952e-03
1.53716e+01	1.04272e-03
1.54130e+01	1.02608e-03
1.54544e+01	1.00960e-03
1.54959e+01	9.93283e-04
1.55373e+01	9.77136e-04
1.55787e+01	9.61159e-04
1.56202e+01	9.45354e-04
1.56616e+01	9.29724e-04
1.57030e+01	9.14270e-04
1.57445e+01	8.98995e-04
1.57859e+01	8.83882e-04
1.58273e+01	8.68815e-04
1.58688e+01	8.53805e-04
1.59102e+01	8.38857e-04
1.59516e+01	8.23982e-04
1.59931e+01	8.09187e-04
1.60345e+01	7.94497e-04
1.60759e+01	7.79937e-04
1.61174e+01	7.65518e-04
1.61588e+01	7.51241e-04
1.62002e+01	7.37111e-04
1.62417e+01	7.23132e-04
1.62831e+01	7.09305e-04
1.63245e+01	6.95635e-04
1.63660e+01	6.82122e-04
1.64074e+01	6.68768e-04
1.64488e+01	6.55576e-04
1.64903e+01	6.42549e-04
1.65317e+01	6.29685e-04
1.65731e+01	6.16980e-04
1.66146e+01	6.04438e-04
1.66560e+01	5.92058e-04
1.66974e+01	5.79841e-04
1.67389e+01	5.67790e-04
1.67803e+01	5.55905e-04
1.68217e+01	5.44187e-04
1.68632e+01	5.32636e-04
1.69046e+01	5.21254e-04
1.69460e+01	5.10041e-04
1.69875e+01	4.98996e-04
1.70289e+01	4.88123e-04
1.70703e+01	4.77424e-04
1.71118e+01	4.66901e-04
1.71532e+01	4.56554e-04
1.71946e+01	4.46381e-04
1.72361e+01	4.36381e-04
1.72775e+01	4.26554e-04
1.73189e+01	4.16899e-04
1.73604e+01	4.07414e-04
1.74018e+01	3.98098e-04
1.74432e+01	3.88950e-04
1.74847e+01	3.79967e-04
1.75261e+01	3.71148e-04
1.75675e+01	3.62491e-04
1.76090e+01	3.53993e-04
1.76504e+01	3.45653e-04
1.76918e+01	3.37471e-04
1.77332e+01	3.29443e-04
1.77747e+01	3.21569e-04
1.78161e+01	3.13846e-04
1.78575e+01	3.06273e-04
1.78990e+01	2.98849e-04
1.79404e+01	2.91571e-04
1.79818e+01	2.84437e-04
1.80233e+01	2.77450e-04
1.80647e+01	2.70608e-04
1.81061e+01	2.63912e-04
1.81476e+01	2.57359e-04
1.81890e+01	2.50949e-04
1.82304e+01	2.44677e-04
1.82719e+01	2.38541e-04
1.83133e+01	2.32540e-04
1.83547e+01	2.26671e-04
1.83962e+01	2.20932e-04
1.84376e+01	2.15320e-04
1.84790e+01	2.09834e-04
1.85205e+01	2.04471e-04
1.85619e+01	1.99228e-04
1.86033e+01	1.94104e-04
1.86448e+01	1.89095e-04
1.86862e+01	1.84200e-04
1.87276e+01	1.79416e-04
1.87691e+01	1.74742e-04
1.88105e+01	1.70176e-04
1.88519e+01	1.65715e-04
1.88934e+01	1.61358e-04
1.89348e+01	1.57102e-04
1.89762e+01	1.52946e-04
1.90177e+01	1.48888e-04
1.90591e+01	1.44929e-04
1.91005e+01	1.41065e-04
1.91420e+01	1.37296e-04
1.91834e+01	1.33619e-04
1.92248e+01	1.30033e-04
1.92663e+01	1.26536e-04
1.93077e+01	1.23124e-04
1.93491e+01	1.19798e-04
1.93906e+01	1.16554e-04
1.94320e+01	1.13391e-04
1.94734e+01	1.10307e-04
1.95149e+01	1.07301e-04
1.95563e+01	1.04370e-04
1.95977e+01	1.01513e-04
1.96392e+01	9.87286e-05
1.96806e+01	9.60141e-05
1.97220e+01	9.33685e-05
1.97635e+01	9.07903e-05
1.98049e+01	8.82778e-05
1.98463e+01	8.58293e-05
1.98878e+01	8.34434e-05
1.99292e+01	8.11189e-05
1.99706e+01	7.88539e-05
2.00121e+01	7.66474e-05
2.00535e+01	7.44983e-05
2.00949e+01	7.24052e-05
2.01364e+01	7.03667e-05
2.01778e+01	6.83817e-05
2.02192e+01	6.64489e-05
2.02607e+01	6.45671e-05
2.03021e+01	6.27350e-05
2.03435e+01	6.09515e-05
2.03849e+01	5.92152e-05
2.04264e+01	5.75250e-05
2.04678e+01	5.58799e-05
2.05092e+01	5.42788e-05
2.05507e+01	5.27212e-05
2.05921e+01	5.12061e-05
2.06335e+01	4.97324e-05
2.06750e+01	4.82991e-05
2.07164e+01	4.69051e-05
2.07578e+01	4.55495e-05
2.07993e+01	4.42313e-05
2.08407e+01	4.29494e-05
2.08821e+01	4.17029e-05
2.09236e+01	4.04909e-05
2.09650e+01	3.93126e-05
2.10064e+01	3.81670e-05
2.10479e+01	3.70535e-05
2.10893e+01	3.59712e-05
2.11307e+01	3.49193e-05
2.11722e+01	3.38970e-05
2.12136e+01	3.29036e-05
2.12550e+01	3.19381e-05
2.12965e+01	3.10000e-05
2.13379e+01	3.00885e-05
2.13793e+01	2.92027e-05
2.14208e+01	2.83422e-05
2.14622e+01	2.75060e-05
2.15036e+01	2.66936e-05
2.15451e+01	2.59042e-05
2.15865e+01	2.51373e-05
2.16279e+01	2.43922e-05
2.16694e+01	2.36683e-05
2.17108e+01	2.29650e-05
2.17522e+01	2.22817e-05
2.17937e+01	2.16180e-05
2.18351e+01	2.09732e-05
2.18765e+01	2.03468e-05
2.19180e+01	1.97385e-05
2.19594e+01	1.91476e-05
2.20008e+01	1.85739e-05
2.20423e+01	1.80169e-05
2.20837e+01	1.74761e-05
2.21251e+01	1.69513e-05
2.21666e+01	1.64420e-05
2.22080e+01	1.59478e-05
2.22494e+01	1.54683e-05
2.22909e+01	1.50029e-05
2.23323e+01	1.45513e-05
2.23737e+01	1.41132e-05
2.24152e+01	1.36880e-05
2.24566e+01	1.32755e-05
2.24980e+01	1.28752e-05
2.25395e+01	1.24867e-05
2.25809e+01	1.21098e-05
2.26223e+01	1.17441e-05
2.26638e+01	1.13891e-05
2.27052e+01	1.10447e-05
2.27466e+01	1.07105e-05
2.27881e+01	1.03863e-05
2.28295e+01	1.00716e-05
2.28709e+01	9.76632e-06
2.29124e+01	9.47011e-06
2.29538e+01	9.18270e-06
2.29952e+01	8.90386e-06
2.30367e+01	8.63336e-06
2.30781e+01	8.37098e-06
2.31195e+01	8.11647e-06
2.31609e+01	7.86961e-06
2.32024e+01	7.63018e-06
2.32438e+01	7.39795e-06
2.32852e+01	7.17271e-06
2.33267e+01	6.95426e-06
2.33681e+01	6.74239e-06
2.34095e+01	6.53690e-06
2.34510e+01	6.33761e-06
2.34924e+01	6.14434e-06
2.35338e+01	5.95689e-06
2.35753e+01	5.77511e-06
2.36167e+01	5.59883e-06
2.36581e+01	5.42787e-06
2.36996e+01	5.26209e-06
2.37410e+01	5.10132e-06
2.37824e+01	4.94542e-06
2.38239e+01	4.79423e-06
2.38653e+01	4.64763e-06
2.39067e+01	4.50546e-06
2.39482e+01	4.36760e-06
2.39896e+01	4.23392e-06
2.40310e+01	4.10428e-06
2.40725e+01	3.97858e-06
2.41139e+01	3.85669e-06
2.41553e+01	3.73849e-06
2.41968e+01	3.62388e-06
2.42382e+01	3.51274e-06
2.42796e+01	3.40496e-06
2.43211e+01	3.30046e-06
2.43625e+01	3.19913e-06
2.44039e+01	3.10088e-06
2.44454e+01	3.00561e-06
2.44868e+01	2.91323e-06
2.45282e+01	2.82366e-06
2.45697e+01	2.73681e-06
2.46111e+01	2.65260e-06
2.46525e+01	2.57095e-06
2.46940e+01	2.49178e-06
2.47354e+01	2.41501e-06
2.47768e+01	2.34058e-06
2.48183e+01	2.26841e-06
2.48597e+01	2.19843e-06
2.49011e+01	2.13058e-06
2.49426e+01	2.06481e-06
2.49840e+01	2.00104e-06
2.50254e+01	1.93921e-06
2.50669e+01	1.87928e-06
2.51083e+01	1.82118e-06
2.51497e+01	1.76488e-06
2.51912e+01	1.71031e-06
2.52326e+01	1.65741e-06
2.52740e+01	1.60615e-06
2.53155e+01	1.55646e-06
2.53569e+01	1.50830e-06
2.53983e+01	1.46162e-06
2.54398e+01	1.41638e-06
2.54812e+01	1.37253e-06
2.55226e+01	1.33002e-06
2.55641e+01	1.28881e-06
2.56055e+01	1.24887e-06
2.56469e+01	1.21015e-06
2.56884e+01	1.17261e-06
2.57298e+01	1.13622e-06
2.57712e+01	1.10094e-06
2.58126e+01	1.06674e-06
2.58541e+01	1.03359e-06
2.58955e+01	1.00145e-06
2.59369e+01	9.70298e-07
2.59784e+01	9.40097e-07
2.60198e+01	9.10828e-07
2.60612e+01	8.82466e-07
2.61027e+01	8.54983e-07
2.61441e+01	8.28353e-07
2.61855e+01	8.02549e-07
2.62270e+01	7.77546e-07
2.62684e+01	7.53321e-07
2.63098e+01	7.29848e-07
2.63513e+01	7.07105e-07
2.63927e+01	6.85069e-07
2.64341e+01	6.63718e-07
2.64756e+01	6.43030e-07
2.65170e+01	6.22985e-07
2.65584e+01	6.03564e-07
2.65999e+01	5.84747e-07
2.66413e+01	5.66515e-07
2.66827e+01	5.48851e-07
2.67242e+01	5.31736e-07
2.67656e+01	5.15155e-07
2.68070e+01	4.99089e-07
2.68485e+01	4.83524e-07
2.68899e+01	4.68443e-07
2.69313e+01	4.53832e-07
2.69728e+01	4.39676e-07
2.70142e+01	4.25961e-07
2.70556e+01	4.12673e-07
2.70971e+01	3.99799e-07
2.71385e+01	3.87326e-07
2.71799e+01	3.75241e-07
2.72214e+01	3.63533e-07
2.72628e+01	3.52191e-07
2.73042e+01	3.41201e-07
2.73457e+01	3.30555e-07
2.73871e+01	3.20240e-07
2.74285e+01	3.10248e-07
2.74700e+01	3.00566e-07
2.75114e+01	2.91187e-07
2.75528e+01	2.82100e-07
2.75943e+01	2.73297e-07
2.76357e+01	2.64768e-07
2.76771e+01	2.56505e-07
2.77186e+01	2.48500e-07
2.77600e+01	2.40745e-07
2.78014e+01	2.33232e-07
2.78429e+01	2.25954e-07
2.78843e+01	2.18902e-07
2.79257e+01	2.12071e-07
2.79672e+01	2.05452e-07
2.80086e+01	1.99040e-07
2.80500e+01	1.92828e-07
2.80915e+01	1.86810e-07
2.81329e+01	1.80980e-07
2.81743e+01	1.75331e-07
2.82158e+01	1.69858e-07
2.82572e+01	1.64555e-07
2.82986e+01	1.59418e-07
2.83401e+01	1.54441e-07
2.83815e+01	1.49619e-07
2.84229e+01	1.44947e-07
2.84644e+01	1.40421e-07
2.85058e+01	1.36036e-07
2.85472e+01	1.31788e-07
2.85886e+01	1.27672e-07
2.86301e+01	1.23684e-07
2.86715e+01	1.19821e-07
2.87129e+01	1.16079e-07
2.87544e+01	1.12453e-07
2.87958e+01	1.08940e-07
2.88372e+01	1.05537e-07
2.88787e+01	1.02240e-07
2.89201e+01	9.90454e-08
2.89615e+01	9.59508e-08
2.90030e+01	9.29528e-08
2.90444e+01	9.00483e-08
2.90858e+01	8.72344e-08
2.91273e+01	8.45083e-08
2.91687e+01	8.18673e-08
2.92101e+01	7.93086e-08
2.92516e+01	7.68298e-08
2.92930e+01	7.44282e-08
2.93344e+01	7.21016e-08
2.93759e+01	6.98475e-08
2.94173e+01	6.76637e-08
2.94587e+01	6.55480e-08
2.95002e+01	6.34983e-08
2.95416e+01	6.15124e-08
2.95830e+01	5.95885e-08
2.96245e+01	5.77245e-08
2.96659e+01	5.59186e-08
2.97073e+01	5.41690e-08
2.97488e+01	5.24738e-08
2.97902e+01	5.08315e-08
2.98316e+01	4.92403e-08
2.98731e+01	4.76988e-08
2.99145e+01	4.62053e-08
2.99559e+01	4.47584e-08
2.99974e+01	4.33566e-08
3.00388e+01	4.19984e-08
3.00802e+01	4.06825e-08
3.01217e+01	3.94078e-08
3.01631e+01	3.81729e-08
3.02045e+01	3.69767e-08
3.02460e+01	3.58178e-08
3.02874e+01	3.46952e-08
3.03288e+01	3.36078e-08
3.03703e+01	3.25543e-08
3.04117e+01	3.15338e-08
3.04531e+01	3.05452e-08
3.04946e+01	2.95876e-08
3.05360e+01	2.86599e-08
3.05774e+01	2.77612e-08
3.06189e+01	2.68906e-08
3.06603e+01	2.60473e-08
3.07017e+01	2.52303e-08
3.07432e+01	2.44390e-08
3.07846e+01	2.36723e-08
3.08260e+01	2.29297e-08
3.08675e+01	2.22103e-08
3.09089e+01	2.15134e-08
3.09503e+01	2.08384e-08
3.09918e+01	2.01844e-08
3.10332e+01	1.95510e-08
3.10746e+01	1.89373e-08
3.11161e+01	1.83429e-08
3.11575e+01	1.77671e-08
3.11989e+01	1.72094e-08
3.12403e+01	1.66691e-08
3.12818e+01	1.61457e-08
3.13232e+01	1.56387e-08
3.13646e+01	1.51476e-08
3.14061e+01	1.46719e-08
3.14475e+01	1.42110e-08
3.14889e+01	1.37647e-08
3.15304e+01	1.33323e-08
3.15718e+01	1.29134e-08
3.16132e+01	1.25077e-08
3.16547e+01	1.21148e-08
3.16961e+01	1.17341e-08
3.17375e+01	1.13654e-08
3.17790e+01	1.10082e-08
3.18204e+01	1.06622e-08
3.18618e+01	1.03271e-08
3.19033e+01	1.00025e-08
3.19447e+01	9.68809e-09
3.19861e+01	9.38353e-09
3.20276e+01	9.08853e-09
3.20690e+01	8.80278e-09
3.21104e+01	8.52601e-09
3.21519e+01	8.25795e-09
3.21933e+01	7.99831e-09
3.22347e+01	7.74683e-09
3.22762e+01	7.50325e-09
3.23176e+01	7.26733e-09
3.23590e+01	7.03883e-09
3.24005e+01	6.81751e-09
3.24419e+01	6.60315e-09
3.24833e+01	6.39553e-09
3.25248e+01	6.19443e-09
3.25662e+01	5.99966e-09
3.26076e+01	5.81101e-09
3.26491e+01	5.62830e-09
3.26905e+01	5.45133e-09
3.27319e+01	5.27992e-09
3.27734e+01	5.11390e-09
3.28148e+01	4.95310e-09
3.28562e+01	4.79736e-09
3.28977e+01	4.64652e-09
3.29391e+01	4.50042e-09
3.29805e+01	4.35892e-09
3.30220e+01	4.22187e-09
3.30634e+01	4.08912e-09
3.31048e+01	3.96055e-09
3.31463e+01	3.83603e-09
3.31877e+01	3.71542e-09
3.32291e+01	3.59860e-09
3.32706e+01	3.48546e-09
3.33120e+01	3.37587e-09
3.33534e+01	3.26974e-09
3.33949e+01	3.16693e-09
3.34363e+01	3.06737e-09
3.34777e+01	2.97093e-09
3.35192e+01	2.87753e-09
3.35606e+01	2.78706e-09
3.36020e+01	2.69944e-09
3.36435e+01	2.61457e-09
3.36849e+01	2.53238e-09
3.37263e+01	2.45277e-09
3.37678e+01	2.37566e-09
3.38092e+01	2.30097e-09
3.38506e+01	2.22864e-09
3.38921e+01	2.15858e-09
3.39335e+01	2.09072e-09
3.39749e+01	2.02500e-09
3.40163e+01	1.96135e-09
3.40578e+01	1.89971e-09
3.40992e+01	1.84002e-09
3.41406e+01	1.78220e-09
3.41821e+01	1.72621e-09
3.42235e+01	1.67199e-09
3.42649e+01	1.61947e-09
3.43064e+01	1.56862e-09
3.43478e+01	1.51936e-09
3.43892e+01	1.47165e-09
3.44307e+01	1.42545e-09
3.44721e+01	1.38071e-09
3.45135e+01	1.33737e-09
3.45550e+01	1.29540e-09
3.45964e+01	1.25476e-09
3.46378e+01	1.21539e-09
3.46793e+01	1.17727e-09
3.47207e+01	1.14034e-09
3.47621e+01	1.10458e-09
3.48036e+01	1.06995e-09
3.48450e+01	1.03640e-09
3.48864e+01	1.00392e-09
3.49279e+01	9.72453e-10
3.49693e+01	9.41980e-10
3.50107e+01	9.12465e-10
3.50522e+01	8.83878e-10
3.50936e+01	8.56190e-10
3.51350e+01	8.29373e-10
3.51765e+01	8.03399e-10
3.52179e+01	7.78241e-10
3.52593e+01	7.53874e-10
3.53008e+01	7.30272e-10
3.53422e+01	7.07411e-10
3.53836e+01	6.85269e-10
3.54251e+01	6.63823e-10
3.54665e+01	6.43050e-10
3.55079e+01	6.22929e-10
3.55494e+01	6.03441e-10
3.55908e+01	5.84564e-10
3.56322e+01	5.66280e-10
3.56737e+01	5.48570e-10
3.57151e+01	5.31415e-10
3.57565e+01	5.14799e-10
3.57980e+01	4.98705e-10
3.58394e+01	4.83116e-10
3.58808e+01	4.68015e-10
3.59223e+01	4.53389e-10
3.59637e+01	4.39221e-10
3.60051e+01	4.25497e-10
3.60466e+01	4.12204e-10
3.60880e+01	3.99331e-10
3.61294e+01	3.86865e-10
3.61709e+01	3.74791e-10
3.62123e+01	3.63099e-10
3.62537e+01	3.51776e-10
3.62952e+01	3.40809e-10
3.63366e+01	3.30188e-10
3.63780e+01	3.19902e-10
3.64195e+01	3.09940e-10
3.64609e+01	3.00292e-10
3.65023e+01	2.90948e-10
3.65438e+01	2.81898e-10
3.65852e+01	2.73133e-10
3.66266e+01	2.64643e-10
3.66680e+01	2.56421e-10
3.67095e+01	2.48458e-10
3.67509e+01	2.40745e-10
3.67923e+01	2.33275e-10
3.68338e+01	2.26039e-10
3.68752e+01	2.19031e-10
3.69166e+01	2.12244e-10
3.69581e+01	2.05669e-10
3.69995e+01	1.99302e-10
3.70409e+01	1.93134e-10
3.70824e+01	1.87160e-10
3.71238e+01	1.81374e-10
3.71652e+01	1.75770e-10
3.72067e+01	1.70342e-10
3.72481e+01	1.65084e-10
3.72895e+01	1.59992e-10
3.73310e+01	1.55060e-10
3.73724e+01	1.50283e-10
3.74138e+01	1.45656e-10
3.74553e+01	1.41175e-10
3.74967e+01	1.36834e-10
3.75381e+01	1.32630e-10
3.75796e+01	1.28558e-10
3.76210e+01	1.24615e-10
3.76624e+01	1.20795e-10
3.77039e+01	1.17095e-10
3.77453e+01	1.13511e-10
3.77867e+01	1.10040e-10
3.78282e+01	1.06679e-10
3.78696e+01	1.03423e-10
3.79110e+01	1.00269e-10
3.79525e+01	9.72150e-11
3.79939e+01	9.42569e-11
3.80353e+01	9.13920e-11
3.80768e+01	8.86173e-11
3.81182e+01	8.59300e-11
3.81596e+01	8.33274e-11
3.82011e+01	8.08070e-11
3.82425e+01	7.83661e-11
3.82839e+01	7.60023e-11
3.83254e+01	7.37132e-11
3.83668e+01	7.14966e-11
3.84082e+01	6.93504e-11
3.84497e+01	6.72724e-11
3.84911e+01	6.52606e-11
3.85325e+01	6.33129e-11
3.85740e+01	6.14273e-11
3.86154e+01	5.96019e-11
3.86568e+01	5.78349e-11
3.86983e+01	5.61244e-11
3.87397e+01	5.44688e-11
3.87811e+01	5.28663e-11
3.88226e+01	5.13154e-11
3.88640e+01	4.98144e-11
3.89054e+01	4.83619e-11
3.89469e+01	4.69565e-11
3.89883e+01	4.55966e-11
3.90297e+01	4.42810e-11
3.90712e+01	4.30082e-11
3.91126e+01	4.17771e-11
3.91540e+01	4.05864e-11
3.91955e+01	3.94348e-11
3.92369e+01	3.83213e-11
3.92783e+01	3.72446e-11
3.93198e+01	3.62039e-11
3.93612e+01	3.51978e-11
3.94026e+01	3.42256e-11
3.94440e+01	3.32862e-11
3.94855e+01	3.23786e-11
3.95269e+01	3.15019e-11
3.95683e+01	3.06554e-11
3.96098e+01	2.98380e-11
3.96512e+01	2.90491e-11
3.96926e+01	2.82877e-11
3.97341e+01	2.75532e-11
3.97755e+01	2.68448e-11
3.98169e+01	2.61618e-11
3.98584e+01	2.55036e-11
3.98998e+01	2.48693e-11
3.99412e+01	2.42585e-11
3.99827e+01	2.36705e-11
4.00241e+01	2.31047e-11
4.00655e+01	2.25605e-11
4.01070e+01	2.20376e-11
4.01484e+01	2.15352e-11
4.01898e+01	2.10530e-11
4.02313e+01	2.05904e-11
4.02727e+01	2.01470e-11
4.03141e+01	1.97224e-11
4.03556e+01	1.93160e-11
4.03970e+01	1.89276e-11
4.04384e+01	1.85566e-11
4.04799e+01	1.82027e-11
4.05213e+01	1.78656e-11
4.05627e+01	1.75450e-11
4.06042e+01	1.72404e-11
4.06456e+01	1.69515e-11
4.06870e+01	1.66782e-11
4.07285e+01	1.64200e-11
4.07699e+01	1.61767e-11
4.08113e+01	1.59480e-11
4.08528e+01	1.57337e-11
4.08942e+01	1.55336e-11
4.09356e+01	1.53474e-11
4.09771e+01	1.51749e-11
4.10185e+01	1.50159e-11
4.10599e+01	1.48702e-11
4.11014e+01	1.47376e-11
4.11428e+01	1.46179e-11
4.11842e+01	1.45111e-11
4.12257e+01	1.44168e-11
4.12671e+01	1.43350e-11
4.13085e+01	1.42655e-11
4.13500e+01	1.42081e-11
4.13914e+01	1.41629e-11
4.14328e+01	1.41289e-11
