# The ell = 1 distribution, the first anisotropy.
# E_N [Td]	7.50000e+01
# col_1: Electron Energy [eV], col_2: f1 [eV^(-3/2)]
eV	f1
3.49198e-02	1.96363e-03
6.98396e-02	2.59723e-03
1.04759e-01	2.92958e-03
1.39679e-01	3.12005e-03
1.74599e-01	3.18777e-03
2.09519e-01	3.27739e-03
2.44439e-01	3.38374e-03
2.79358e-01	3.51787e-03
3.14278e-01	3.65577e-03
3.49198e-01	3.72940e-03
3.84118e-01	3.80504e-03
4.19038e-01	3.88534e-03
4.53957e-01	3.97032e-03
4.88877e-01	4.05824e-03
5.23797e-01	4.14841e-03
5.58717e-01	4.24210e-03
5.93637e-01	4.33716e-03
6.28556e-01	4.43404e-03
6.63476e-01	4.53253e-03
6.98396e-01	4.63176e-03
7.33316e-01	4.72947e-03
7.68236e-01	4.82536e-03
8.03156e-01	4.91931e-03
8.38075e-01	5.01161e-03
8.72995e-01	5.10187e-03
9.07915e-01	5.18955e-03
9.42835e-01	5.27462e-03
9.77755e-01	5.35694e-03
1.01267e+00	5.43568e-03
1.04759e+00	5.51036e-03
1.08251e+00	5.58112e-03
1.11743e+00	5.64793e-03
1.15235e+00	5.70834e-03
1.18727e+00	5.76406e-03
1.22219e+00	5.82048e-03
1.25711e+00	5.87042e-03
1.29203e+00	5.91003e-03
1.32695e+00	5.94158e-03
1.36187e+00	5.96989e-03
1.39679e+00	5.99493e-03
1.43171e+00	6.01654e-03
1.46663e+00	6.03570e-03
1.50155e+00	6.06526e-03
1.53647e+00	6.08018e-03
1.57139e+00	6.08379e-03
1.60631e+00	6.08165e-03
1.64123e+00	6.07638e-03
1.67615e+00	6.06705e-03
1.71107e+00	6.05696e-03
1.74599e+00	6.04697e-03
1.78091e+00	6.03730e-03
1.81583e+00	6.02777e-03
1.85075e+00	6.01844e-03
1.88567e+00	6.00961e-03
1.92059e+00	6.00148e-03
1.95551e+00	5.99272e-03
1.99043e+00	5.98347e-03
2.02535e+00	5.97408e-03
2.06027e+00	5.96455e-03
2.09519e+00	5.95486e-03
2.13011e+00	5.94502e-03
2.16503e+00	5.93499e-03
2.19995e+00	5.92477e-03
2.23487e+00	5.91437e-03
2.26979e+00	5.90384e-03
2.30471e+00	5.89318e-03
2.33963e+00	5.88240e-03
2.37455e+00	5.87150e-03
2.40947e+00	5.86049e-03
2.44439e+00	5.84930e-03
2.47931e+00	5.83789e-03
2.51423e+00	5.82604e-03
2.54915e+00	5.81378e-03
2.58407e+00	5.80113e-03
2.61899e+00	5.78810e-03
2.65391e+00	5.77469e-03
2.68882e+00	5.76092e-03
2.72374e+00	5.74681e-03
2.75866e+00	5.73235e-03
2.79358e+00	5.71756e-03
2.82850e+00	5.70244e-03
2.86342e+00	5.68700e-03
2.89834e+00	5.67124e-03
2.93326e+00	5.65519e-03
2.96818e+00	5.63883e-03
3.00310e+00	5.62219e-03
3.03802e+00	5.60527e-03
3.07294e+00	5.58807e-03
3.10786e+00	5.57061e-03
3.14278e+00	5.55289e-03
3.17770e+00	5.53492e-03
3.21262e+00	5.51671e-03
3.24754e+00	5.49826e-03
3.28246e+00	5.47958e-03
3.31738e+00	5.46069e-03
3.35230e+00	5.44158e-03
3.38722e+00	5.42225e-03
3.42214e+00	5.40270e-03
3.45706e+00	5.38293e-03
3.49198e+00	5.36293e-03
3.52690e+00	5.34273e-03
3.56182e+00	5.32233e-03
3.59674e+00	5.30174e-03
3.63166e+00	5.28098e-03
3.66658e+00	5.26005e-03
3.70150e+00	5.23897e-03
3.73642e+00	5.21775e-03
3.77134e+00	5.19639e-03
3.80626e+00	5.17492e-03
3.84118e+00	5.15334e-03
3.87610e+00	5.13165e-03
3.91102e+00	5.10987e-03
3.94594e+00	5.08799e-03
3.98086e+00	5.06605e-03
4.01578e+00	5.04407e-03
4.05070e+00	5.02201e-03
4.08562e+00	4.99990e-03
4.12054e+00	4.97775e-03
4.15546e+00	4.95555e-03
4.19038e+00	4.93331e-03
4.22530e+00	4.91104e-03
4.26022e+00	4.88875e-03
4.29514e+00	4.86644e-03
4.33006e+00	4.84412e-03
4.36498e+00	4.82178e-03
4.39990e+00	4.79944e-03
4.43482e+00	4.77710e-03
4.46974e+00	4.75475e-03
4.50465e+00	4.73241e-03
4.53957e+00	4.71009e-03
4.57449e+00	4.68777e-03
4.60941e+00	4.66548e-03
4.64433e+00	4.64322e-03
4.67925e+00	4.62098e-03
4.71417e+00	4.59878e-03
4.74909e+00	4.57662e-03
4.78401e+00	4.55450e-03
4.81893e+00	4.53243e-03
4.85385e+00	4.51041e-03
4.88877e+00	4.48845e-03
4.92369e+00	4.46654e-03
4.95861e+00	4.44470e-03
4.99353e+00	4.42292e-03
5.02845e+00	4.40121e-03
5.06337e+00	4.37958e-03
5.09829e+00	4.35801e-03
5.13321e+00	4.33653e-03
5.16813e+00	4.31512e-03
5.20305e+00	4.29380e-03
5.23797e+00	4.27256e-03
5.27289e+00	4.25140e-03
5.30781e+00	4.23034e-03
5.34273e+00	4.20936e-03
5.37765e+00	4.18848e-03
5.41257e+00	4.16769e-03
5.44749e+00	4.14700e-03
5.48241e+00	4.12641e-03
5.51733e+00	4.10592e-03
5.55225e+00	4.08552e-03
5.58717e+00	4.06523e-03
5.62209e+00	4.04504e-03
5.65701e+00	4.02496e-03
5.69193e+00	4.00499e-03
5.72685e+00	3.98512e-03
5.76177e+00	3.96536e-03
5.79669e+00	3.94571e-03
5.83161e+00	3.92617e-03
5.86653e+00	3.90674e-03
5.90145e+00	3.88743e-03
5.93637e+00	3.86823e-03
5.97129e+00	3.84914e-03
6.00621e+00	3.83016e-03
6.04113e+00	3.81130e-03
6.07605e+00	3.79255e-03
6.11097e+00	3.77392e-03
6.14589e+00	3.75540e-03
6.18081e+00	3.73700e-03
6.21573e+00	3.71872e-03
6.25065e+00	3.70055e-03
6.28556e+00	3.68250e-03
6.32048e+00	3.66457e-03
6.35540e+00	3.64676e-03
6.39032e+00	3.62907e-03
6.42524e+00	3.61149e-03
6.46016e+00	3.59403e-03
6.49508e+00	3.57668e-03
6.53000e+00	3.55946e-03
6.56492e+00	3.54235e-03
6.59984e+00	3.52536e-03
6.63476e+00	3.50848e-03
6.66968e+00	3.49172e-03
6.70460e+00	3.47508e-03
6.73952e+00	3.45855e-03
6.77444e+00	3.44214e-03
6.80936e+00	3.42585e-03
6.84428e+00	3.40967e-03
6.87920e+00	3.39360e-03
6.91412e+00	3.37766e-03
6.94904e+00	3.36181e-03
6.98396e+00	3.34607e-03
7.01888e+00	3.33044e-03
7.05380e+00	3.31493e-03
7.08872e+00	3.29952e-03
7.12364e+00	3.28422e-03
7.15856e+00	3.26903e-03
7.19348e+00	3.25395e-03
7.22840e+00	3.23898e-03
7.26332e+00	3.22412e-03
7.29824e+00	3.20937e-03
7.33316e+00	3.19472e-03
7.36808e+00	3.18019e-03
7.40300e+00	3.16575e-03
7.43792e+00	3.15143e-03
7.47284e+00	3.13721e-03
7.50776e+00	3.12309e-03
7.54268e+00	3.10908e-03
7.57760e+00	3.09518e-03
7.61252e+00	3.08137e-03
7.64744e+00	3.06767e-03
7.68236e+00	3.05406e-03
7.71728e+00	3.04056e-03
7.75220e+00	3.02716e-03
7.78712e+00	3.01386e-03
7.82204e+00	3.00065e-03
7.85696e+00	2.98755e-03
7.89188e+00	2.97454e-03
7.92680e+00	2.96162e-03
7.96172e+00	2.94881e-03
7.99664e+00	2.93609e-03
8.03156e+00	2.92346e-03
8.06647e+00	2.91092e-03
8.10139e+00	2.89848e-03
8.13631e+00	2.88613e-03
8.17123e+00	2.87387e-03
8.20615e+00	2.86171e-03
8.24107e+00	2.84963e-03
8.27599e+00	2.83764e-03
8.31091e+00	2.82574e-03
8.34583e+00	2.81392e-03
8.38075e+00	2.80220e-03
8.41567e+00	2.79056e-03
8.45059e+00	2.77900e-03
8.48551e+00	2.76753e-03
8.52043e+00	2.75614e-03
8.55535e+00	2.74484e-03
8.59027e+00	2.73362e-03
8.62519e+00	2.72248e-03
8.66011e+00	2.71142e-03
8.69503e+00	2.70044e-03
8.72995e+00	2.68954e-03
8.76487e+00	2.67871e-03
8.79979e+00	2.66797e-03
8.83471e+00	2.65730e-03
8.86963e+00	2.64671e-03
8.90455e+00	2.63620e-03
8.93947e+00	2.62576e-03
8.97439e+00	2.61538e-03
9.00931e+00	2.60509e-03
9.04423e+00	2.59486e-03
9.07915e+00	2.58471e-03
9.11407e+00	2.57463e-03
9.14899e+00	2.56462e-03
9.18391e+00	2.55468e-03
9.21883e+00	2.54481e-03
9.25375e+00	2.53501e-03
9.28867e+00	2.52528e-03
9.32359e+00	2.51561e-03
9.35851e+00	2.50602e-03
9.39343e+00	2.49648e-03
9.42835e+00	2.48702e-03
9.46327e+00	2.47762e-03
9.49819e+00	2.46828e-03
9.53311e+00	2.45901e-03
9.56803e+00	2.44981e-03
9.60295e+00	2.44066e-03
9.63787e+00	2.43158e-03
9.67279e+00	2.42255e-03
9.70771e+00	2.41359e-03
9.74263e+00	2.40468e-03
9.77755e+00	2.39584e-03
9.81247e+00	2.38705e-03
9.84738e+00	2.37832e-03
9.88230e+00	2.36966e-03
9.91722e+00	2.36104e-03
9.95214e+00	2.35248e-03
9.98706e+00	2.34399e-03
1.00220e+01	2.33556e-03
1.00569e+01	2.32708e-03
1.00918e+01	2.31869e-03
1.01267e+01	2.31036e-03
1.01617e+01	2.30208e-03
1.01966e+01	2.29385e-03
1.02315e+01	2.28568e-03
1.02664e+01	2.27756e-03
1.03013e+01	2.26949e-03
1.03363e+01	2.26148e-03
1.03712e+01	2.25352e-03
1.04061e+01	2.24561e-03
1.04410e+01	2.23775e-03
1.04759e+01	2.22995e-03
1.05109e+01	2.22219e-03
1.05458e+01	2.21447e-03
1.05807e+01	2.20684e-03
1.06156e+01	2.19920e-03
1.06505e+01	2.19156e-03
1.06855e+01	2.18400e-03
1.07204e+01	2.17649e-03
1.07553e+01	2.16902e-03
1.07902e+01	2.16160e-03
1.08251e+01	2.15422e-03
1.08601e+01	2.14690e-03
1.08950e+01	2.13962e-03
1.09299e+01	2.13238e-03
1.09648e+01	2.12520e-03
1.09997e+01	2.11805e-03
1.10347e+01	2.11095e-03
1.10696e+01	2.10390e-03
1.11045e+01	2.09689e-03
1.11394e+01	2.08993e-03
1.11743e+01	2.08300e-03
1.12093e+01	2.07612e-03
1.12442e+01	2.06928e-03
1.12791e+01	2.06249e-03
1.13140e+01	2.05573e-03
1.13489e+01	2.04902e-03
1.13839e+01	2.04235e-03
1.14188e+01	2.03572e-03
1.14537e+01	2.02912e-03
1.14886e+01	2.02257e-03
1.15235e+01	2.01606e-03
1.15585e+01	2.00958e-03
1.15934e+01	2.00249e-03
1.16283e+01	1.99457e-03
1.16632e+01	1.98486e-03
1.16981e+01	1.97436e-03
1.17331e+01	1.96447e-03
1.17680e+01	1.95473e-03
1.18029e+01	1.94450e-03
1.18378e+01	1.93386e-03
1.18727e+01	1.92023e-03
1.19077e+01	1.90843e-03
1.19426e+01	1.89737e-03
1.19775e+01	1.88661e-03
1.20124e+01	1.87594e-03
1.20473e+01	1.86521e-03
1.20823e+01	1.85440e-03
1.21172e+01	1.84350e-03
1.21521e+01	1.83242e-03
1.21870e+01	1.82113e-03
1.22219e+01	1.80962e-03
1.22569e+01	1.79777e-03
1.22918e+01	1.78558e-03
1.23267e+01	1.77309e-03
1.23616e+01	1.76040e-03
1.23965e+01	1.74753e-03
1.24315e+01	1.73444e-03
1.24664e+01	1.72109e-03
1.25013e+01	1.70747e-03
1.25362e+01	1.69363e-03
1.25711e+01	1.67954e-03
1.26060e+01	1.66522e-03
1.26410e+01	1.65078e-03
1.26759e+01	1.63627e-03
1.27108e+01	1.62171e-03
1.27457e+01	1.60718e-03
1.27806e+01	1.59274e-03
1.28156e+01	1.57839e-03
1.28505e+01	1.56431e-03
1.28854e+01	1.55075e-03
1.29203e+01	1.53749e-03
1.29552e+01	1.52426e-03
1.29902e+01	1.51164e-03
1.30251e+01	1.49797e-03
1.30600e+01	1.48067e-03
1.30949e+01	1.46570e-03
1.31298e+01	1.45319e-03
1.31648e+01	1.44151e-03
1.31997e+01	1.42896e-03
1.32346e+01	1.41662e-03
1.32695e+01	1.40535e-03
1.33044e+01	1.39468e-03
1.33394e+01	1.38442e-03
1.33743e+01	1.37432e-03
1.34092e+01	1.36411e-03
1.34441e+01	1.35365e-03
1.34790e+01	1.34271e-03
1.35140e+01	1.33176e-03
1.35489e+01	1.32077e-03
1.35838e+01	1.30968e-03
1.36187e+01	1.29848e-03
1.36536e+01	1.28720e-03
1.36886e+01	1.27586e-03
1.37235e+01	1.26444e-03
1.37584e+01	1.25296e-03
1.37933e+01	1.24141e-03
1.38282e+01	1.22980e-03
1.38632e+01	1.21811e-03
1.38981e+01	1.20631e-03
1.39330e+01	1.19436e-03
1.39679e+01	1.18225e-03
1.40028e+01	1.16999e-03
1.40378e+01	1.15758e-03
1.40727e+01	1.14504e-03
1.41076e+01	1.13237e-03
1.41425e+01	1.11958e-03
1.41774e+01	1.10668e-03
1.42124e+01	1.09367e-03
1.42473e+01	1.08056e-03
1.42822e+01	1.06734e-03
1.43171e+01	1.05402e-03
1.43520e+01	1.04061e-03
1.43870e+01	1.02712e-03
1.44219e+01	1.01356e-03
1.44568e+01	9.99939e-04
1.44917e+01	9.86274e-04
1.45266e+01	9.72573e-04
1.45616e+01	9.58844e-04
1.45965e+01	9.45099e-04
1.46314e+01	9.31346e-04
1.46663e+01	9.17594e-04
1.47012e+01	9.03851e-04
1.47362e+01	8.90126e-04
1.47711e+01	8.76427e-04
1.48060e+01	8.62760e-04
1.48409e+01	8.49132e-04
1.48758e+01	8.35550e-04
1.49108e+01	8.22020e-04
1.49457e+01	8.08549e-04
1.49806e+01	7.95143e-04
1.50155e+01	7.81822e-04
1.50504e+01	7.68618e-04
1.50854e+01	7.55547e-04
1.51203e+01	7.42614e-04
1.51552e+01	7.29819e-04
1.51901e+01	7.17166e-04
1.52250e+01	7.04654e-04
1.52600e+01	6.92287e-04
1.52949e+01	6.80065e-04
1.53298e+01	6.67989e-04
1.53647e+01	6.56060e-04
1.53996e+01	6.44280e-04
1.54346e+01	6.32649e-04
1.54695e+01	6.21168e-04
1.55044e+01	6.09838e-04
1.55393e+01	5.98659e-04
1.55742e+01	5.87632e-04
1.56092e+01	5.76758e-04
1.56441e+01	5.66036e-04
1.56790e+01	5.55466e-04
1.57139e+01	5.45050e-04
1.57488e+01	5.34787e-04
1.57838e+01	5.24662e-04
1.58187e+01	5.14610e-04
1.58536e+01	5.04636e-04
1.58885e+01	4.94745e-04
1.59234e+01	4.84940e-04
1.59584e+01	4.75223e-04
1.59933e+01	4.65601e-04
1.60282e+01	4.56085e-04
1.60631e+01	4.46688e-04
1.60980e+01	4.37416e-04
1.61329e+01	4.28269e-04
1.61679e+01	4.19248e-04
1.62028e+01	4.10354e-04
1.62377e+01	4.01589e-04
1.62726e+01	3.92951e-04
1.63075e+01	3.84442e-04
1.63425e+01	3.76062e-04
1.63774e+01	3.67811e-04
1.64123e+01	3.59689e-04
1.64472e+01	3.51696e-04
1.64821e+01	3.43832e-04
1.65171e+01	3.36097e-04
1.65520e+01	3.28487e-04
1.65869e+01	3.21000e-04
1.66218e+01	3.13639e-04
1.66567e+01	3.06401e-04
1.66917e+01	2.99286e-04
1.67266e+01	2.92295e-04
1.67615e+01	2.85426e-04
1.67964e+01	2.78679e-04
1.68313e+01	2.72052e-04
1.68663e+01	2.65546e-04
1.69012e+01	2.59160e-04
1.69361e+01	2.52893e-04
1.69710e+01	2.46743e-04
1.70059e+01	2.40710e-04
1.70409e+01	2.34796e-04
1.70758e+01	2.28998e-04
1.71107e+01	2.23318e-04
1.71456e+01	2.17754e-04
1.71805e+01	2.12304e-04
1.72155e+01	2.06966e-04
1.72504e+01	2.01740e-04
1.72853e+01	1.96624e-04
1.73202e+01	1.91617e-04
1.73551e+01	1.86716e-04
1.73901e+01	1.81921e-04
1.74250e+01	1.77229e-04
1.74599e+01	1.72640e-04
1.74948e+01	1.68151e-04
1.75297e+01	1.63760e-04
1.75647e+01	1.59467e-04
1.75996e+01	1.55270e-04
1.76345e+01	1.51165e-04
1.76694e+01	1.47153e-04
1.77043e+01	1.43232e-04
1.77393e+01	1.39400e-04
1.77742e+01	1.35656e-04
1.78091e+01	1.31998e-04
1.78440e+01	1.28425e-04
1.78789e+01	1.24935e-04
1.79139e+01	1.21527e-04
1.79488e+01	1.18199e-04
1.79837e+01	1.14950e-04
1.80186e+01	1.11779e-04
1.80535e+01	1.08686e-04
1.80885e+01	1.05670e-04
1.81234e+01	1.02730e-04
1.81583e+01	9.98629e-05
1.81932e+01	9.70687e-05
1.82281e+01	9.43451e-05
1.82631e+01	9.16907e-05
1.82980e+01	8.91040e-05
1.83329e+01	8.65837e-05
1.83678e+01	8.41282e-05
1.84027e+01	8.17361e-05
1.84377e+01	7.94059e-05
1.84726e+01	7.71364e-05
1.85075e+01	7.49261e-05
1.85424e+01	7.27735e-05
1.85773e+01	7.06773e-05
1.86123e+01	6.86361e-05
1.86472e+01	6.66486e-05
1.86821e+01	6.47136e-05
1.87170e+01	6.28299e-05
1.87519e+01	6.09963e-05
1.87869e+01	5.92116e-05
1.88218e+01	5.74747e-05
1.88567e+01	5.57845e-05
1.88916e+01	5.41398e-05
1.89265e+01	5.25396e-05
1.89615e+01	5.09828e-05
1.89964e+01	4.94686e-05
1.90313e+01	4.79961e-05
1.90662e+01	4.65645e-05
1.91011e+01	4.51730e-05
1.91361e+01	4.38207e-05
1.91710e+01	4.25064e-05
1.92059e+01	4.12291e-05
1.92408e+01	3.99880e-05
1.92757e+01	3.87822e-05
1.93107e+01	3.76105e-05
1.93456e+01	3.64722e-05
1.93805e+01	3.53665e-05
1.94154e+01	3.42923e-05
1.94503e+01	3.32490e-05
1.94853e+01	3.22356e-05
1.95202e+01	3.12513e-05
1.95551e+01	3.02955e-05
1.95900e+01	2.93673e-05
1.96249e+01	2.84658e-05
1.96599e+01	2.75905e-05
1.96948e+01	2.67406e-05
1.97297e+01	2.59154e-05
1.97646e+01	2.51143e-05
1.97995e+01	2.43365e-05
1.98344e+01	2.35815e-05
1.98694e+01	2.28485e-05
1.99043e+01	2.21370e-05
1.99392e+01	2.14464e-05
1.99741e+01	2.07762e-05
2.00090e+01	2.01257e-05
2.00440e+01	1.94945e-05
2.00789e+01	1.88821e-05
2.01138e+01	1.82879e-05
2.01487e+01	1.77114e-05
2.01836e+01	1.71522e-05
2.02186e+01	1.66098e-05
2.02535e+01	1.60837e-05
2.02884e+01	1.55734e-05
2.03233e+01	1.50785e-05
2.03582e+01	1.45986e-05
2.03932e+01	1.41332e-05
2.04281e+01	1.36818e-05
2.04630e+01	1.32442e-05
2.04979e+01	1.28199e-05
2.05328e+01	1.24086e-05
2.05678e+01	1.20101e-05
2.06027e+01	1.16238e-05
2.06376e+01	1.12496e-05
2.06725e+01	1.08869e-05
2.07074e+01	1.05356e-05
2.07424e+01	1.01952e-05
2.07773e+01	9.86539e-06
2.08122e+01	9.54589e-06
2.08471e+01	9.23639e-06
2.08820e+01	8.93657e-06
2.09170e+01	8.64615e-06
2.09519e+01	8.36484e-06
2.09868e+01	8.09239e-06
2.10217e+01	7.82852e-06
2.10566e+01	7.57301e-06
2.10916e+01	7.32560e-06
2.11265e+01	7.08605e-06
2.11614e+01	6.85411e-06
2.11963e+01	6.62955e-06
2.12312e+01	6.41215e-06
2.12662e+01	6.20168e-06
2.13011e+01	5.99794e-06
2.13360e+01	5.80072e-06
2.13709e+01	5.60981e-06
2.14058e+01	5.42501e-06
2.14408e+01	5.24614e-06
2.14757e+01	5.07300e-06
2.15106e+01	4.90542e-06
2.15455e+01	4.74321e-06
2.15804e+01	4.58622e-06
2.16154e+01	4.43427e-06
2.16503e+01	4.28720e-06
2.16852e+01	4.14486e-06
2.17201e+01	4.00711e-06
2.17550e+01	3.87380e-06
2.17900e+01	3.74479e-06
2.18249e+01	3.61995e-06
2.18598e+01	3.49914e-06
2.18947e+01	3.38224e-06
2.19296e+01	3.26914e-06
2.19646e+01	3.15972e-06
2.19995e+01	3.05387e-06
2.20344e+01	2.95149e-06
2.20693e+01	2.85246e-06
2.21042e+01	2.75672e-06
2.21392e+01	2.66415e-06
2.21741e+01	2.57466e-06
2.22090e+01	2.48814e-06
2.22439e+01	2.40450e-06
2.22788e+01	2.32364e-06
2.23138e+01	2.24546e-06
2.23487e+01	2.16989e-06
2.23836e+01	2.09683e-06
2.24185e+01	2.02621e-06
2.24534e+01	1.95794e-06
2.24884e+01	1.89194e-06
2.25233e+01	1.82814e-06
2.25582e+01	1.76647e-06
2.25931e+01	1.70685e-06
2.26280e+01	1.64921e-06
2.26630e+01	1.59349e-06
2.26979e+01	1.53962e-06
2.27328e+01	1.48755e-06
2.27677e+01	1.43722e-06
2.28026e+01	1.38856e-06
2.28376e+01	1.34153e-06
2.28725e+01	1.29607e-06
2.29074e+01	1.25213e-06
2.29423e+01	1.20966e-06
2.29772e+01	1.16860e-06
2.30122e+01	1.12893e-06
2.30471e+01	1.09058e-06
2.30820e+01	1.05353e-06
2.31169e+01	1.01773e-06
2.31518e+01	9.83128e-07
2.31868e+01	9.49696e-07
2.32217e+01	9.17392e-07
2.32566e+01	8.86178e-07
2.32915e+01	8.56018e-07
2.33264e+01	8.26876e-07
2.33613e+01	7.98718e-07
2.33963e+01	7.71512e-07
2.34312e+01	7.45225e-07
2.34661e+01	7.19827e-07
2.35010e+01	6.95288e-07
2.35359e+01	6.71580e-07
2.35709e+01	6.48675e-07
2.36058e+01	6.26545e-07
2.36407e+01	6.05166e-07
2.36756e+01	5.84511e-07
2.37105e+01	5.64556e-07
2.37455e+01	5.45279e-07
2.37804e+01	5.26655e-07
2.38153e+01	5.08662e-07
2.38502e+01	4.91281e-07
2.38851e+01	4.74489e-07
2.39201e+01	4.58268e-07
2.39550e+01	4.42597e-07
2.39899e+01	4.27459e-07
2.40248e+01	4.12835e-07
2.40597e+01	3.98708e-07
2.40947e+01	3.85061e-07
2.41296e+01	3.71878e-07
2.41645e+01	3.59142e-07
2.41994e+01	3.46840e-07
2.42343e+01	3.34955e-07
2.42693e+01	3.23475e-07
2.43042e+01	3.12386e-07
2.43391e+01	3.01673e-07
2.43740e+01	2.91325e-07
2.44089e+01	2.81330e-07
2.44439e+01	2.71674e-07
2.44788e+01	2.62348e-07
2.45137e+01	2.53339e-07
2.45486e+01	2.44637e-07
2.45835e+01	2.36232e-07
2.46185e+01	2.28113e-07
2.46534e+01	2.20270e-07
2.46883e+01	2.12695e-07
2.47232e+01	2.05377e-07
2.47581e+01	1.98309e-07
2.47931e+01	1.91482e-07
2.48280e+01	1.84888e-07
2.48629e+01	1.78519e-07
2.48978e+01	1.72367e-07
2.49327e+01	1.66425e-07
2.49677e+01	1.60686e-07
2.50026e+01	1.55143e-07
2.50375e+01	1.49790e-07
2.50724e+01	1.44620e-07
2.51073e+01	1.39628e-07
2.51423e+01	1.34808e-07
2.51772e+01	1.30154e-07
2.52121e+01	1.25659e-07
2.52470e+01	1.21320e-07
2.52819e+01	1.17129e-07
2.53169e+01	1.13083e-07
2.53518e+01	1.09176e-07
2.53867e+01	1.05404e-07
2.54216e+01	1.01761e-07
2.54565e+01	9.82436e-08
2.54915e+01	9.48468e-08
2.55264e+01	9.15665e-08
2.55613e+01	8.83988e-08
2.55962e+01	8.53398e-08
2.56311e+01	8.23858e-08
2.56661e+01	7.95329e-08
2.57010e+01	7.67778e-08
2.57359e+01	7.41170e-08
2.57708e+01	7.15475e-08
2.58057e+01	6.90660e-08
2.58407e+01	6.66696e-08
2.58756e+01	6.43555e-08
2.59105e+01	6.21207e-08
2.59454e+01	5.99626e-08
2.59803e+01	5.78786e-08
2.60153e+01	5.58665e-08
2.60502e+01	5.39242e-08
2.60851e+01	5.20491e-08
2.61200e+01	5.02391e-08
2.61549e+01	4.84918e-08
2.61899e+01	4.68050e-08
2.62248e+01	4.51769e-08
2.62597e+01	4.36052e-08
2.62946e+01	4.20881e-08
2.63295e+01	4.06237e-08
2.63645e+01	3.92101e-08
2.63994e+01	3.78457e-08
2.64343e+01	3.65286e-08
2.64692e+01	3.52572e-08
2.65041e+01	3.40300e-08
2.65391e+01	3.28454e-08
2.65740e+01	3.17020e-08
2.66089e+01	3.05983e-08
2.66438e+01	2.95330e-08
2.66787e+01	2.85047e-08
2.67137e+01	2.75122e-08
2.67486e+01	2.65541e-08
2.67835e+01	2.56294e-08
2.68184e+01	2.47368e-08
2.68533e+01	2.38753e-08
2.68882e+01	2.30438e-08
2.69232e+01	2.22411e-08
2.69581e+01	2.14664e-08
2.69930e+01	2.07187e-08
2.70279e+01	1.99970e-08
2.70628e+01	1.93003e-08
2.70978e+01	1.86279e-08
2.71327e+01	1.79790e-08
2.71676e+01	1.73525e-08
2.72025e+01	1.67479e-08
2.72374e+01	1.61644e-08
2.72724e+01	1.56012e-08
2.73073e+01	1.50575e-08
2.73422e+01	1.45328e-08
2.73771e+01	1.40264e-08
2.74120e+01	1.35376e-08
2.74470e+01	1.30659e-08
2.74819e+01	1.26106e-08
2.75168e+01	1.21711e-08
2.75517e+01	1.17469e-08
2.75866e+01	1.13376e-08
2.76216e+01	1.09424e-08
2.76565e+01	1.05611e-08
2.76914e+01	1.01930e-08
2.77263e+01	9.83778e-09
2.77612e+01	9.49492e-09
2.77962e+01	9.16402e-09
2.78311e+01	8.84465e-09
2.78660e+01	8.53641e-09
2.79009e+01	8.23892e-09
2.79358e+01	7.95178e-09
2.79708e+01	7.67465e-09
2.80057e+01	7.40718e-09
2.80406e+01	7.14902e-09
2.80755e+01	6.89985e-09
2.81104e+01	6.65937e-09
2.81454e+01	6.42726e-09
2.81803e+01	6.20323e-09
2.82152e+01	5.98700e-09
2.82501e+01	5.77830e-09
2.82850e+01	5.57686e-09
2.83200e+01	5.38244e-09
2.83549e+01	5.19479e-09
2.83898e+01	5.01368e-09
2.84247e+01	4.83887e-09
2.84596e+01	4.67016e-09
2.84946e+01	4.50732e-09
2.85295e+01	4.35015e-09
2.85644e+01	4.19846e-09
2.85993e+01	4.05206e-09
2.86342e+01	3.91075e-09
2.86692e+01	3.77437e-09
2.87041e+01	3.64275e-09
2.87390e+01	3.51571e-09
2.87739e+01	3.39309e-09
2.88088e+01	3.27476e-09
2.88438e+01	3.16054e-09
2.88787e+01	3.05031e-09
2.89136e+01	2.94392e-09
2.89485e+01	2.84124e-09
2.89834e+01	2.74213e-09
2.90184e+01	2.64648e-09
2.90533e+01	2.55417e-09
2.90882e+01	2.46508e-09
2.91231e+01	2.37909e-09
2.91580e+01	2.29610e-09
2.91930e+01	2.21600e-09
2.92279e+01	2.13869e-09
2.92628e+01	2.06408e-09
2.92977e+01	1.99207e-09
2.93326e+01	1.92257e-09
2.93676e+01	1.85549e-09
2.94025e+01	1.79075e-09
2.94374e+01	1.72826e-09
2.94723e+01	1.66795e-09
2.95072e+01	1.60975e-09
2.95422e+01	1.55357e-09
2.95771e+01	1.49935e-09
2.96120e+01	1.44701e-09
2.96469e+01	1.39650e-09
2.96818e+01	1.34775e-09
2.97168e+01	1.30070e-09
2.97517e+01	1.25528e-09
2.97866e+01	1.21145e-09
2.98215e+01	1.16914e-09
2.98564e+01	1.12831e-09
2.98914e+01	1.08890e-09
2.99263e+01	1.05086e-09
2.99612e+01	1.01415e-09
2.99961e+01	9.78719e-10
3.00310e+01	9.44519e-10
3.00660e+01	9.11507e-10
3.01009e+01	8.79648e-10
3.01358e+01	8.48901e-10
3.01707e+01	8.19227e-10
3.02056e+01	7.90590e-10
3.02406e+01	7.62952e-10
3.02755e+01	7.36280e-10
3.03104e+01	7.10538e-10
3.03453e+01	6.85695e-10
3.03802e+01	6.61719e-10
3.04151e+01	6.38581e-10
3.04501e+01	6.16250e-10
3.04850e+01	5.94700e-10
3.05199e+01	5.73902e-10
3.05548e+01	5.53831e-10
3.05897e+01	5.34460e-10
3.06247e+01	5.15766e-10
3.06596e+01	4.97725e-10
3.06945e+01	4.80315e-10
3.07294e+01	4.63512e-10
3.07643e+01	4.47297e-10
3.07993e+01	4.31648e-10
3.08342e+01	4.16547e-10
3.08691e+01	4.01972e-10
3.09040e+01	3.87908e-10
3.09389e+01	3.74335e-10
3.09739e+01	3.61237e-10
3.10088e+01	3.48596e-10
3.10437e+01	3.36398e-10
3.10786e+01	3.24626e-10
3.11135e+01	3.13267e-10
3.11485e+01	3.02304e-10
3.11834e+01	2.91726e-10
3.12183e+01	2.81517e-10
3.12532e+01	2.71666e-10
3.12881e+01	2.62159e-10
3.13231e+01	2.52986e-10
3.13580e+01	2.44133e-10
3.13929e+01	2.35591e-10
3.14278e+01	2.27348e-10
3.14627e+01	2.19393e-10
3.14977e+01	2.11717e-10
3.15326e+01	2.04311e-10
3.15675e+01	1.97164e-10
3.16024e+01	1.90267e-10
3.16373e+01	1.83613e-10
3.16723e+01	1.77192e-10
3.17072e+01	1.70996e-10
3.17421e+01	1.65018e-10
3.17770e+01	1.59250e-10
3.18119e+01	1.53684e-10
3.18469e+01	1.48314e-10
3.18818e+01	1.43133e-10
3.19167e+01	1.38133e-10
3.19516e+01	1.33310e-10
3.19865e+01	1.28656e-10
3.20215e+01	1.24166e-10
3.20564e+01	1.19834e-10
3.20913e+01	1.15654e-10
3.21262e+01	1.11623e-10
3.21611e+01	1.07733e-10
3.21961e+01	1.03981e-10
3.22310e+01	1.00361e-10
3.22659e+01	9.68698e-11
3.23008e+01	9.35017e-11
3.23357e+01	9.02528e-11
3.23707e+01	8.71190e-11
3.24056e+01	8.40963e-11
3.24405e+01	8.11808e-11
3.24754e+01	7.83688e-11
3.25103e+01	7.56568e-11
3.25453e+01	7.30412e-11
3.25802e+01	7.05187e-11
3.26151e+01	6.80862e-11
3.26500e+01	6.57405e-11
3.26849e+01	6.34786e-11
3.27199e+01	6.12976e-11
3.27548e+01	5.91948e-11
3.27897e+01	5.71675e-11
3.28246e+01	5.52130e-11
3.28595e+01	5.33289e-11
3.28945e+01	5.15129e-11
3.29294e+01	4.97624e-11
3.29643e+01	4.80755e-11
3.29992e+01	4.64497e-11
3.30341e+01	4.48832e-11
3.30691e+01	4.33739e-11
3.31040e+01	4.19199e-11
3.31389e+01	4.05192e-11
3.31738e+01	3.91702e-11
3.32087e+01	3.78711e-11
3.32437e+01	3.66202e-11
3.32786e+01	3.54159e-11
3.33135e+01	3.42567e-11
3.33484e+01	3.31412e-11
3.33833e+01	3.20678e-11
3.34183e+01	3.10352e-11
3.34532e+01	3.00421e-11
3.34881e+01	2.90873e-11
3.35230e+01	2.81694e-11
3.35579e+01	2.72873e-11
3.35929e+01	2.64399e-11
3.36278e+01	2.56261e-11
3.36627e+01	2.48449e-11
3.36976e+01	2.40952e-11
3.37325e+01	2.33761e-11
3.37675e+01	2.26867e-11
3.38024e+01	2.20260e-11
3.38373e+01	2.13933e-11
3.38722e+01	2.07877e-11
3.39071e+01	2.02084e-11
3.39421e+01	1.96546e-11
3.39770e+01	1.91258e-11
3.40119e+01	1.86212e-11
3.40468e+01	1.81402e-11
3.40817e+01	1.76821e-11
3.41166e+01	1.72463e-11
3.41516e+01	1.68323e-11
3.41865e+01	1.64394e-11
3.42214e+01	1.60673e-11
3.42563e+01	1.57154e-11
3.42912e+01	1.53831e-11
3.43262e+01	1.50702e-11
3.43611e+01	1.47761e-11
3.43960e+01	1.45004e-11
3.44309e+01	1.42429e-11
3.44658e+01	1.40030e-11
3.45008e+01	1.37805e-11
3.45357e+01	1.35751e-11
3.45706e+01	1.33864e-11
3.46055e+01	1.32142e-11
3.46404e+01	1.30582e-11
3.46754e+01	1.29181e-11
3.47103e+01	1.27938e-11
3.47452e+01	1.26849e-11
3.47801e+01	1.25913e-11
3.48150e+01	1.25128e-11
3.48500e+01	1.24492e-11
3.48849e+01	1.24003e-11
3.49198e+01	1.23652e-11
