# The ell = 1 distribution, the first anisotropy.
# E_N [Td]	3.00000e+00
# col_1: Electron Energy [eV], col_2: f1 [eV^(-3/2)]
eV	f1
1.52743e-02	3.63110e-06
3.05486e-02	5.92148e-06
4.58228e-02	7.52195e-06
6.10971e-02	8.50876e-06
7.63714e-02	8.92572e-06
9.16457e-02	9.02097e-06
1.06920e-01	8.86277e-06
1.22194e-01	8.45555e-06
1.37469e-01	8.10335e-06
1.52743e-01	7.75530e-06
1.68017e-01	7.42958e-06
1.83291e-01	7.09896e-06
1.98566e-01	6.86017e-06
2.13840e-01	6.68746e-06
2.29114e-01	6.53727e-06
2.44389e-01	6.36054e-06
2.59663e-01	6.32372e-06
2.74937e-01	6.30324e-06
2.90211e-01	6.32019e-06
3.05486e-01	6.45328e-06
3.20760e-01	6.59073e-06
3.36034e-01	6.71848e-06
3.51309e-01	6.91111e-06
3.66583e-01	7.13502e-06
3.81857e-01	7.37024e-06
3.97131e-01	7.67409e-06
4.12406e-01	7.99483e-06
4.27680e-01	8.34772e-06
4.42954e-01	8.74431e-06
4.58228e-01	9.15918e-06
4.73503e-01	9.61278e-06
4.88777e-01	1.00898e-05
5.04051e-01	1.05988e-05
5.19326e-01	1.11298e-05
5.34600e-01	1.16923e-05
5.49874e-01	1.22756e-05
5.65148e-01	1.28872e-05
5.80423e-01	1.35231e-05
5.95697e-01	1.41795e-05
6.10971e-01	1.48675e-05
6.26246e-01	1.55675e-05
6.41520e-01	1.63060e-05
6.56794e-01	1.70507e-05
6.72068e-01	1.78356e-05
6.87343e-01	1.86281e-05
7.02617e-01	1.94558e-05
7.17891e-01	2.02984e-05
7.33166e-01	2.11708e-05
7.48440e-01	2.20625e-05
7.63714e-01	2.29799e-05
7.78988e-01	2.39229e-05
7.94263e-01	2.48845e-05
8.09537e-01	2.58829e-05
8.24811e-01	2.68922e-05
8.40086e-01	2.79471e-05
8.55360e-01	2.89978e-05
8.70634e-01	3.01168e-05
8.85908e-01	3.12161e-05
9.01183e-01	3.23953e-05
9.16457e-01	3.35488e-05
9.31731e-01	3.47823e-05
9.47006e-01	3.60119e-05
9.62280e-01	3.72246e-05
9.77554e-01	3.86065e-05
9.92828e-01	4.00904e-05
1.00810e+00	4.09512e-05
1.02338e+00	4.22325e-05
1.03865e+00	4.33073e-05
1.05393e+00	4.44791e-05
1.06920e+00	4.56625e-05
1.08447e+00	4.68644e-05
1.09975e+00	4.80832e-05
1.11502e+00	4.93192e-05
1.13030e+00	5.05730e-05
1.14557e+00	5.18396e-05
1.16085e+00	5.31372e-05
1.17612e+00	5.44377e-05
1.19139e+00	5.57374e-05
1.20667e+00	5.70997e-05
1.22194e+00	5.84087e-05
1.23722e+00	5.97655e-05
1.25249e+00	6.11325e-05
1.26777e+00	6.25155e-05
1.28304e+00	6.39107e-05
1.29831e+00	6.53316e-05
1.31359e+00	6.67654e-05
1.32886e+00	6.82161e-05
1.34414e+00	6.96828e-05
1.35941e+00	7.11663e-05
1.37469e+00	7.26658e-05
1.38996e+00	7.41815e-05
1.40523e+00	7.57141e-05
1.42051e+00	7.72620e-05
1.43578e+00	7.88267e-05
1.45106e+00	8.04082e-05
1.46633e+00	8.20281e-05
1.48161e+00	8.35939e-05
1.49688e+00	8.52177e-05
1.51215e+00	8.69868e-05
1.52743e+00	8.86982e-05
1.54270e+00	9.04422e-05
1.55798e+00	9.22044e-05
1.57325e+00	9.39836e-05
1.58853e+00	9.57775e-05
1.60380e+00	9.75887e-05
1.61907e+00	9.94166e-05
1.63435e+00	1.01263e-04
1.64962e+00	1.03088e-04
1.66490e+00	1.05074e-04
1.68017e+00	1.06875e-04
1.69545e+00	1.08676e-04
1.71072e+00	1.10656e-04
1.72599e+00	1.12458e-04
1.74127e+00	1.14273e-04
1.75654e+00	1.16136e-04
1.77182e+00	1.18006e-04
1.78709e+00	1.19890e-04
1.80237e+00	1.21789e-04
1.81764e+00	1.23703e-04
1.83291e+00	1.25635e-04
1.84819e+00	1.27580e-04
1.86346e+00	1.29539e-04
1.87874e+00	1.31513e-04
1.89401e+00	1.33500e-04
1.90929e+00	1.35507e-04
1.92456e+00	1.37519e-04
1.93983e+00	1.39589e-04
1.95511e+00	1.41530e-04
1.97038e+00	1.43658e-04
1.98566e+00	1.45869e-04
2.00093e+00	1.48019e-04
2.01621e+00	1.50039e-04
2.03148e+00	1.52526e-04
2.04675e+00	1.54828e-04
2.06203e+00	1.57169e-04
2.07730e+00	1.59528e-04
2.09258e+00	1.61902e-04
2.10785e+00	1.64292e-04
2.12313e+00	1.66699e-04
2.13840e+00	1.69121e-04
2.15367e+00	1.71559e-04
2.16895e+00	1.74016e-04
2.18422e+00	1.76485e-04
2.19950e+00	1.78970e-04
2.21477e+00	1.81471e-04
2.23005e+00	1.83990e-04
2.24532e+00	1.86519e-04
2.26059e+00	1.89066e-04
2.27587e+00	1.91629e-04
2.29114e+00	1.94208e-04
2.30642e+00	1.96799e-04
2.32169e+00	1.99408e-04
2.33697e+00	2.02025e-04
2.35224e+00	2.04666e-04
2.36751e+00	2.07323e-04
2.38279e+00	2.09992e-04
2.39806e+00	2.12680e-04
2.41334e+00	2.15376e-04
2.42861e+00	2.18088e-04
2.44389e+00	2.20846e-04
2.45916e+00	2.23489e-04
2.47443e+00	2.26351e-04
2.48971e+00	2.29152e-04
2.50498e+00	2.32014e-04
2.52026e+00	2.34725e-04
2.53553e+00	2.37716e-04
2.55081e+00	2.40614e-04
2.56608e+00	2.43539e-04
2.58135e+00	2.46477e-04
2.59663e+00	2.49429e-04
2.61190e+00	2.52395e-04
2.62718e+00	2.55372e-04
2.64245e+00	2.58376e-04
2.65773e+00	2.61372e-04
2.67300e+00	2.64388e-04
2.68827e+00	2.67421e-04
2.70355e+00	2.70455e-04
2.71882e+00	2.73517e-04
2.73410e+00	2.76592e-04
2.74937e+00	2.79677e-04
2.76465e+00	2.82775e-04
2.77992e+00	2.85885e-04
2.79519e+00	2.89007e-04
2.81047e+00	2.92141e-04
2.82574e+00	2.95287e-04
2.84102e+00	2.98446e-04
2.85629e+00	3.01613e-04
2.87157e+00	3.04793e-04
2.88684e+00	3.07983e-04
2.90211e+00	3.11186e-04
2.91739e+00	3.14397e-04
2.93266e+00	3.17619e-04
2.94794e+00	3.20842e-04
2.96321e+00	3.24095e-04
2.97849e+00	3.27377e-04
2.99376e+00	3.30559e-04
3.00903e+00	3.33802e-04
3.02431e+00	3.37038e-04
3.03958e+00	3.40320e-04
3.05486e+00	3.43560e-04
3.07013e+00	3.46816e-04
3.08541e+00	3.50084e-04
3.10068e+00	3.53360e-04
3.11595e+00	3.56646e-04
3.13123e+00	3.59933e-04
3.14650e+00	3.63231e-04
3.16178e+00	3.66536e-04
3.17705e+00	3.69844e-04
3.19233e+00	3.73162e-04
3.20760e+00	3.76494e-04
3.22287e+00	3.79828e-04
3.23815e+00	3.83168e-04
3.25342e+00	3.86515e-04
3.26870e+00	3.89866e-04
3.28397e+00	3.93222e-04
3.29925e+00	3.96583e-04
3.31452e+00	3.99949e-04
3.32979e+00	4.03321e-04
3.34507e+00	4.06695e-04
3.36034e+00	4.10073e-04
3.37562e+00	4.13455e-04
3.39089e+00	4.16840e-04
3.40617e+00	4.20232e-04
3.42144e+00	4.23622e-04
3.43671e+00	4.27016e-04
3.45199e+00	4.30413e-04
3.46726e+00	4.33812e-04
3.48254e+00	4.37213e-04
3.49781e+00	4.40616e-04
3.51309e+00	4.44020e-04
3.52836e+00	4.47425e-04
3.54363e+00	4.50833e-04
3.55891e+00	4.54235e-04
3.57418e+00	4.57646e-04
3.58946e+00	4.61057e-04
3.60473e+00	4.64466e-04
3.62001e+00	4.67874e-04
3.63528e+00	4.71283e-04
3.65055e+00	4.74690e-04
3.66583e+00	4.78091e-04
3.68110e+00	4.81493e-04
3.69638e+00	4.84893e-04
3.71165e+00	4.88290e-04
3.72693e+00	4.91684e-04
3.74220e+00	4.95075e-04
3.75747e+00	4.98463e-04
3.77275e+00	5.01847e-04
3.78802e+00	5.05226e-04
3.80330e+00	5.08604e-04
3.81857e+00	5.11973e-04
3.83385e+00	5.15338e-04
3.84912e+00	5.18697e-04
3.86439e+00	5.22052e-04
3.87967e+00	5.25399e-04
3.89494e+00	5.28739e-04
3.91022e+00	5.32078e-04
3.92549e+00	5.35408e-04
3.94077e+00	5.38730e-04
3.95604e+00	5.42343e-04
3.97131e+00	5.44815e-04
3.98659e+00	5.48826e-04
4.00186e+00	5.52767e-04
4.01714e+00	5.56495e-04
4.03241e+00	5.60241e-04
4.04769e+00	5.64051e-04
4.06296e+00	5.67477e-04
4.07823e+00	5.71534e-04
4.09351e+00	5.75317e-04
4.10878e+00	5.79119e-04
4.12406e+00	5.82904e-04
4.13933e+00	5.86676e-04
4.15461e+00	5.90437e-04
4.16988e+00	5.94176e-04
4.18515e+00	5.97903e-04
4.20043e+00	6.01615e-04
4.21570e+00	6.05311e-04
4.23098e+00	6.08989e-04
4.24625e+00	6.12650e-04
4.26153e+00	6.16300e-04
4.27680e+00	6.19929e-04
4.29207e+00	6.23539e-04
4.30735e+00	6.27131e-04
4.32262e+00	6.30702e-04
4.33790e+00	6.34253e-04
4.35317e+00	6.37785e-04
4.36845e+00	6.41295e-04
4.38372e+00	6.44783e-04
4.39899e+00	6.48248e-04
4.41427e+00	6.51690e-04
4.42954e+00	6.55110e-04
4.44482e+00	6.58502e-04
4.46009e+00	6.61872e-04
4.47537e+00	6.65215e-04
4.49064e+00	6.68533e-04
4.50591e+00	6.71823e-04
4.52119e+00	6.75091e-04
4.53646e+00	6.78322e-04
4.55174e+00	6.81529e-04
4.56701e+00	6.84706e-04
4.58228e+00	6.87854e-04
4.59756e+00	6.90973e-04
4.61283e+00	6.94061e-04
4.62811e+00	6.97117e-04
4.64338e+00	7.00142e-04
4.65866e+00	7.03135e-04
4.67393e+00	7.06095e-04
4.68920e+00	7.09023e-04
4.70448e+00	7.11914e-04
4.71975e+00	7.14771e-04
4.73503e+00	7.17603e-04
4.75030e+00	7.20395e-04
4.76558e+00	7.23151e-04
4.78085e+00	7.25870e-04
4.79612e+00	7.28549e-04
4.81140e+00	7.31201e-04
4.82667e+00	7.33800e-04
4.84195e+00	7.36363e-04
4.85722e+00	7.38888e-04
4.87250e+00	7.41372e-04
4.88777e+00	7.43824e-04
4.90304e+00	7.46228e-04
4.91832e+00	7.48538e-04
4.93359e+00	7.50954e-04
4.94887e+00	7.53262e-04
4.96414e+00	7.55533e-04
4.97942e+00	7.57760e-04
4.99469e+00	7.59989e-04
5.00996e+00	7.62030e-04
5.02524e+00	7.64127e-04
5.04051e+00	7.66394e-04
5.05579e+00	7.68490e-04
5.07106e+00	7.70553e-04
5.08634e+00	7.72564e-04
5.10161e+00	7.74528e-04
5.11688e+00	7.76435e-04
5.13216e+00	7.78300e-04
5.14743e+00	7.80118e-04
5.16271e+00	7.81881e-04
5.17798e+00	7.83593e-04
5.19326e+00	7.85252e-04
5.20853e+00	7.86856e-04
5.22380e+00	7.88415e-04
5.23908e+00	7.89911e-04
5.25435e+00	7.91349e-04
5.26963e+00	7.92735e-04
5.28490e+00	7.94066e-04
5.30018e+00	7.95341e-04
5.31545e+00	7.96562e-04
5.33072e+00	7.97722e-04
5.34600e+00	7.98829e-04
5.36127e+00	7.99883e-04
5.37655e+00	8.00877e-04
5.39182e+00	8.01813e-04
5.40710e+00	8.02691e-04
5.42237e+00	8.03509e-04
5.43764e+00	8.04269e-04
5.45292e+00	8.04973e-04
5.46819e+00	8.05607e-04
5.48347e+00	8.06186e-04
5.49874e+00	8.06704e-04
5.51402e+00	8.07162e-04
5.52929e+00	8.07559e-04
5.54456e+00	8.07896e-04
5.55984e+00	8.08165e-04
5.57511e+00	8.08384e-04
5.59039e+00	8.08537e-04
5.60566e+00	8.08628e-04
5.62094e+00	8.08657e-04
5.63621e+00	8.08623e-04
5.65148e+00	8.08526e-04
5.66676e+00	8.08369e-04
5.68203e+00	8.08148e-04
5.69731e+00	8.07855e-04
5.71258e+00	8.07504e-04
5.72786e+00	8.07089e-04
5.74313e+00	8.06610e-04
5.75840e+00	8.06068e-04
5.77368e+00	8.05465e-04
5.78895e+00	8.04789e-04
5.80423e+00	8.04063e-04
5.81950e+00	8.03270e-04
5.83478e+00	8.02413e-04
5.85005e+00	8.01493e-04
5.86532e+00	8.00508e-04
5.88060e+00	7.99459e-04
5.89587e+00	7.98317e-04
5.91115e+00	7.97246e-04
5.92642e+00	7.95883e-04
5.94170e+00	7.94551e-04
5.95697e+00	7.93146e-04
5.97224e+00	7.91680e-04
5.98752e+00	7.90152e-04
6.00279e+00	7.88551e-04
6.01807e+00	7.86871e-04
6.03334e+00	7.85317e-04
6.04862e+00	7.83312e-04
6.06389e+00	7.81414e-04
6.07916e+00	7.79438e-04
6.09444e+00	7.77406e-04
6.10971e+00	7.75316e-04
6.12499e+00	7.73169e-04
6.14026e+00	7.70964e-04
6.15554e+00	7.68698e-04
6.17081e+00	7.66384e-04
6.18608e+00	7.64010e-04
6.20136e+00	7.61580e-04
6.21663e+00	7.59094e-04
6.23191e+00	7.56552e-04
6.24718e+00	7.53955e-04
6.26246e+00	7.51302e-04
6.27773e+00	7.48603e-04
6.29300e+00	7.45837e-04
6.30828e+00	7.43022e-04
6.32355e+00	7.40154e-04
6.33883e+00	7.37234e-04
6.35410e+00	7.34263e-04
6.36938e+00	7.31240e-04
6.38465e+00	7.28165e-04
6.39992e+00	7.25043e-04
6.41520e+00	7.21868e-04
6.43047e+00	7.18642e-04
6.44575e+00	7.15370e-04
6.46102e+00	7.12049e-04
6.47630e+00	7.08681e-04
6.49157e+00	7.05266e-04
6.50684e+00	7.01806e-04
6.52212e+00	6.98300e-04
6.53739e+00	6.94741e-04
6.55267e+00	6.91158e-04
6.56794e+00	6.87523e-04
6.58322e+00	6.83845e-04
6.59849e+00	6.80125e-04
6.61376e+00	6.76363e-04
6.62904e+00	6.72561e-04
6.64431e+00	6.68717e-04
6.65959e+00	6.64838e-04
6.67486e+00	6.60915e-04
6.69014e+00	6.56952e-04
6.70541e+00	6.52954e-04
6.72068e+00	6.48919e-04
6.73596e+00	6.44848e-04
6.75123e+00	6.40743e-04
6.76651e+00	6.36603e-04
6.78178e+00	6.32429e-04
6.79706e+00	6.28229e-04
6.81233e+00	6.23987e-04
6.82760e+00	6.19718e-04
6.84288e+00	6.15418e-04
6.85815e+00	6.11089e-04
6.87343e+00	6.06733e-04
6.88870e+00	6.02349e-04
6.90398e+00	5.97937e-04
6.91925e+00	5.93400e-04
6.93452e+00	5.89257e-04
6.94980e+00	5.84429e-04
6.96507e+00	5.79810e-04
6.98035e+00	5.75165e-04
6.99562e+00	5.70506e-04
7.01090e+00	5.65832e-04
7.02617e+00	5.61144e-04
7.04144e+00	5.56442e-04
7.05672e+00	5.51663e-04
7.07199e+00	5.47142e-04
7.08727e+00	5.42195e-04
7.10254e+00	5.37361e-04
7.11782e+00	5.32527e-04
7.13309e+00	5.27690e-04
7.14836e+00	5.22849e-04
7.16364e+00	5.18005e-04
7.17891e+00	5.13160e-04
7.19419e+00	5.08314e-04
7.20946e+00	5.03467e-04
7.22474e+00	4.98621e-04
7.24001e+00	4.93776e-04
7.25528e+00	4.88933e-04
7.27056e+00	4.84092e-04
7.28583e+00	4.79255e-04
7.30111e+00	4.74422e-04
7.31638e+00	4.69594e-04
7.33166e+00	4.64772e-04
7.34693e+00	4.59955e-04
7.36220e+00	4.55145e-04
7.37748e+00	4.50345e-04
7.39275e+00	4.45552e-04
7.40803e+00	4.40769e-04
7.42330e+00	4.35995e-04
7.43858e+00	4.31231e-04
7.45385e+00	4.26478e-04
7.46912e+00	4.21738e-04
7.48440e+00	4.17009e-04
7.49967e+00	4.12294e-04
7.51495e+00	4.07592e-04
7.53022e+00	4.02905e-04
7.54550e+00	3.98232e-04
7.56077e+00	3.93575e-04
7.57604e+00	3.88935e-04
7.59132e+00	3.84311e-04
7.60659e+00	3.79705e-04
7.62187e+00	3.75116e-04
7.63714e+00	3.70546e-04
7.65242e+00	3.65995e-04
7.66769e+00	3.61465e-04
7.68296e+00	3.56954e-04
7.69824e+00	3.52464e-04
7.71351e+00	3.47996e-04
7.72879e+00	3.43549e-04
7.74406e+00	3.39125e-04
7.75934e+00	3.34723e-04
7.77461e+00	3.30345e-04
7.78988e+00	3.25991e-04
7.80516e+00	3.21661e-04
7.82043e+00	3.17356e-04
7.83571e+00	3.13076e-04
7.85098e+00	3.08822e-04
7.86626e+00	3.04594e-04
7.88153e+00	3.00392e-04
7.89680e+00	2.96218e-04
7.91208e+00	2.92071e-04
7.92735e+00	2.87951e-04
7.94263e+00	2.83860e-04
7.95790e+00	2.79797e-04
7.97318e+00	2.75764e-04
7.98845e+00	2.71759e-04
8.00372e+00	2.67784e-04
8.01900e+00	2.63839e-04
8.03427e+00	2.59924e-04
8.04955e+00	2.56040e-04
8.06482e+00	2.52186e-04
8.08010e+00	2.48364e-04
8.09537e+00	2.44573e-04
8.11064e+00	2.40814e-04
8.12592e+00	2.37086e-04
8.14119e+00	2.33391e-04
8.15647e+00	2.29728e-04
8.17174e+00	2.26098e-04
8.18702e+00	2.22501e-04
8.20229e+00	2.18936e-04
8.21756e+00	2.15405e-04
8.23284e+00	2.11907e-04
8.24811e+00	2.08443e-04
8.26339e+00	2.05012e-04
8.27866e+00	2.01615e-04
8.29394e+00	1.98253e-04
8.30921e+00	1.94924e-04
8.32448e+00	1.91630e-04
8.33976e+00	1.88370e-04
8.35503e+00	1.85144e-04
8.37031e+00	1.81953e-04
8.38558e+00	1.78796e-04
8.40086e+00	1.75674e-04
8.41613e+00	1.72587e-04
8.43140e+00	1.69534e-04
8.44668e+00	1.66516e-04
8.46195e+00	1.63533e-04
8.47723e+00	1.60585e-04
8.49250e+00	1.57671e-04
8.50778e+00	1.54792e-04
8.52305e+00	1.51948e-04
8.53832e+00	1.49139e-04
8.55360e+00	1.46364e-04
8.56887e+00	1.43624e-04
8.58415e+00	1.40918e-04
8.59942e+00	1.38248e-04
8.61470e+00	1.35611e-04
8.62997e+00	1.33009e-04
8.64524e+00	1.30441e-04
8.66052e+00	1.27907e-04
8.67579e+00	1.25408e-04
8.69107e+00	1.22942e-04
8.70634e+00	1.20511e-04
8.72162e+00	1.18113e-04
8.73689e+00	1.15749e-04
8.75216e+00	1.13418e-04
8.76744e+00	1.11121e-04
8.78271e+00	1.08857e-04
8.79799e+00	1.06625e-04
8.81326e+00	1.04427e-04
8.82854e+00	1.02262e-04
8.84381e+00	1.00128e-04
8.85908e+00	9.80277e-05
8.87436e+00	9.59591e-05
8.88963e+00	9.39224e-05
8.90491e+00	9.19171e-05
8.92018e+00	8.99387e-05
8.93546e+00	8.80146e-05
8.95073e+00	8.60822e-05
8.96600e+00	8.41977e-05
8.98128e+00	8.23426e-05
8.99655e+00	8.05188e-05
9.01183e+00	7.87258e-05
9.02710e+00	7.69631e-05
9.04238e+00	7.52307e-05
9.05765e+00	7.35281e-05
9.07292e+00	7.18551e-05
9.08820e+00	7.02115e-05
9.10347e+00	6.85969e-05
9.11875e+00	6.70111e-05
9.13402e+00	6.54538e-05
9.14930e+00	6.39246e-05
9.16457e+00	6.24232e-05
9.17984e+00	6.09495e-05
9.19512e+00	5.95030e-05
9.21039e+00	5.80834e-05
9.22567e+00	5.66906e-05
9.24094e+00	5.53240e-05
9.25622e+00	5.39834e-05
9.27149e+00	5.26685e-05
9.28676e+00	5.13805e-05
9.30204e+00	5.01143e-05
9.31731e+00	4.88745e-05
9.33259e+00	4.76590e-05
9.34786e+00	4.64678e-05
9.36314e+00	4.53006e-05
9.37841e+00	4.41569e-05
9.39368e+00	4.30366e-05
9.40896e+00	4.19392e-05
9.42423e+00	4.08645e-05
9.43951e+00	3.98121e-05
9.45478e+00	3.87818e-05
9.47006e+00	3.77731e-05
9.48533e+00	3.67859e-05
9.50060e+00	3.58197e-05
9.51588e+00	3.48743e-05
9.53115e+00	3.39494e-05
9.54643e+00	3.30446e-05
9.56170e+00	3.21596e-05
9.57698e+00	3.12942e-05
9.59225e+00	3.04480e-05
9.60752e+00	2.96207e-05
9.62280e+00	2.88113e-05
9.63807e+00	2.80225e-05
9.65335e+00	2.72499e-05
9.66862e+00	2.64921e-05
9.68390e+00	2.57538e-05
9.69917e+00	2.50325e-05
9.71444e+00	2.43283e-05
9.72972e+00	2.36408e-05
9.74499e+00	2.29696e-05
9.76027e+00	2.23145e-05
9.77554e+00	2.16753e-05
9.79082e+00	2.10515e-05
9.80609e+00	2.04429e-05
9.82136e+00	1.98493e-05
9.83664e+00	1.92703e-05
9.85191e+00	1.87057e-05
9.86719e+00	1.81552e-05
9.88246e+00	1.76184e-05
9.89774e+00	1.70953e-05
9.91301e+00	1.65854e-05
9.92828e+00	1.60885e-05
9.94356e+00	1.56044e-05
9.95883e+00	1.51327e-05
9.97411e+00	1.46734e-05
9.98938e+00	1.42257e-05
1.00047e+01	1.37828e-05
1.00199e+01	1.33833e-05
1.00352e+01	1.29429e-05
1.00505e+01	1.25353e-05
1.00658e+01	1.21379e-05
1.00810e+01	1.17523e-05
1.00963e+01	1.13779e-05
1.01116e+01	1.10145e-05
1.01268e+01	1.06617e-05
1.01421e+01	1.03193e-05
1.01574e+01	9.98708e-06
1.01727e+01	9.66466e-06
1.01879e+01	9.35182e-06
1.02032e+01	9.04830e-06
1.02185e+01	8.75385e-06
1.02338e+01	8.46822e-06
1.02490e+01	8.19119e-06
1.02643e+01	7.92250e-06
1.02796e+01	7.66195e-06
1.02949e+01	7.40929e-06
1.03101e+01	7.16432e-06
1.03254e+01	6.92683e-06
1.03407e+01	6.69660e-06
1.03560e+01	6.47344e-06
1.03712e+01	6.25714e-06
1.03865e+01	6.04753e-06
1.04018e+01	5.84440e-06
1.04171e+01	5.64758e-06
1.04323e+01	5.45689e-06
1.04476e+01	5.27215e-06
1.04629e+01	5.09320e-06
1.04782e+01	4.91986e-06
1.04934e+01	4.75199e-06
1.05087e+01	4.58942e-06
1.05240e+01	4.43200e-06
1.05393e+01	4.27959e-06
1.05545e+01	4.13202e-06
1.05698e+01	3.98914e-06
1.05851e+01	3.84973e-06
1.06004e+01	3.71906e-06
1.06156e+01	3.58755e-06
1.06309e+01	3.45883e-06
1.06462e+01	3.33622e-06
1.06614e+01	3.21767e-06
1.06767e+01	3.10321e-06
1.06920e+01	2.99269e-06
1.07073e+01	2.88598e-06
1.07225e+01	2.78296e-06
1.07378e+01	2.68349e-06
1.07531e+01	2.58746e-06
1.07684e+01	2.49476e-06
1.07836e+01	2.40527e-06
1.07989e+01	2.31889e-06
1.08142e+01	2.23551e-06
1.08295e+01	2.15503e-06
1.08447e+01	2.07735e-06
1.08600e+01	2.00238e-06
1.08753e+01	1.93003e-06
1.08906e+01	1.86021e-06
1.09058e+01	1.79283e-06
1.09211e+01	1.72781e-06
1.09364e+01	1.66507e-06
1.09517e+01	1.60454e-06
1.09669e+01	1.54613e-06
1.09822e+01	1.48977e-06
1.09975e+01	1.43541e-06
1.10128e+01	1.38295e-06
1.10280e+01	1.33236e-06
1.10433e+01	1.28355e-06
1.10586e+01	1.23646e-06
1.10739e+01	1.19105e-06
1.10891e+01	1.14724e-06
1.11044e+01	1.10500e-06
1.11197e+01	1.06425e-06
1.11350e+01	1.02495e-06
1.11502e+01	9.87055e-07
1.11655e+01	9.50510e-07
1.11808e+01	9.15269e-07
1.11960e+01	8.81289e-07
1.12113e+01	8.48524e-07
1.12266e+01	8.16933e-07
1.12419e+01	7.86476e-07
1.12571e+01	7.57112e-07
1.12724e+01	7.28803e-07
1.12877e+01	7.01513e-07
1.13030e+01	6.75206e-07
1.13182e+01	6.49848e-07
1.13335e+01	6.25405e-07
1.13488e+01	6.01846e-07
1.13641e+01	5.79139e-07
1.13793e+01	5.57255e-07
1.13946e+01	5.36164e-07
1.14099e+01	5.15839e-07
1.14252e+01	4.96253e-07
1.14404e+01	4.77379e-07
1.14557e+01	4.59193e-07
1.14710e+01	4.41670e-07
1.14863e+01	4.24786e-07
1.15015e+01	4.08519e-07
1.15168e+01	3.92847e-07
1.15321e+01	3.77747e-07
1.15474e+01	3.63180e-07
1.15626e+01	3.48575e-07
1.15779e+01	3.33431e-07
1.15932e+01	3.17931e-07
1.16085e+01	3.02200e-07
1.16237e+01	2.86175e-07
1.16390e+01	2.69293e-07
1.16543e+01	2.51340e-07
1.16696e+01	2.33072e-07
1.16848e+01	2.15982e-07
1.17001e+01	2.00444e-07
1.17154e+01	1.86454e-07
1.17306e+01	1.73877e-07
1.17459e+01	1.62280e-07
1.17612e+01	1.51279e-07
1.17765e+01	1.40711e-07
1.17917e+01	1.30721e-07
1.18070e+01	1.21390e-07
1.18223e+01	1.12485e-07
1.18376e+01	1.03460e-07
1.18528e+01	9.34067e-08
1.18681e+01	8.43296e-08
1.18834e+01	7.66627e-08
1.18987e+01	7.00890e-08
1.19139e+01	6.42569e-08
1.19292e+01	5.90228e-08
1.19445e+01	5.42933e-08
1.19598e+01	4.99792e-08
1.19750e+01	4.60207e-08
1.19903e+01	4.23802e-08
1.20056e+01	3.90257e-08
1.20209e+01	3.59265e-08
1.20361e+01	3.30599e-08
1.20514e+01	3.04093e-08
1.20667e+01	2.79595e-08
1.20820e+01	2.56965e-08
1.20972e+01	2.36067e-08
1.21125e+01	2.16741e-08
1.21278e+01	1.98852e-08
1.21431e+01	1.82291e-08
1.21583e+01	1.66974e-08
1.21736e+01	1.52827e-08
1.21889e+01	1.39774e-08
1.22042e+01	1.27727e-08
1.22194e+01	1.16586e-08
1.22347e+01	1.06285e-08
1.22500e+01	9.67691e-09
1.22652e+01	8.79902e-09
1.22805e+01	7.99051e-09
1.22958e+01	7.24742e-09
1.23111e+01	6.56521e-09
1.23263e+01	5.94239e-09
1.23416e+01	5.37427e-09
1.23569e+01	4.85656e-09
1.23722e+01	4.38523e-09
1.23874e+01	3.95657e-09
1.24027e+01	3.56705e-09
1.24180e+01	3.21262e-09
1.24333e+01	2.89052e-09
1.24485e+01	2.59797e-09
1.24638e+01	2.33256e-09
1.24791e+01	2.09205e-09
1.24944e+01	1.87437e-09
1.25096e+01	1.67762e-09
1.25249e+01	1.49994e-09
1.25402e+01	1.33959e-09
1.25555e+01	1.19550e-09
1.25707e+01	1.06534e-09
1.25860e+01	9.48381e-10
1.26013e+01	8.43536e-10
1.26166e+01	7.49632e-10
1.26318e+01	6.65687e-10
1.26471e+01	5.90738e-10
1.26624e+01	5.23860e-10
1.26777e+01	4.64219e-10
1.26929e+01	4.11062e-10
1.27082e+01	3.63810e-10
1.27235e+01	3.21838e-10
1.27388e+01	2.84592e-10
1.27540e+01	2.51569e-10
1.27693e+01	2.22295e-10
1.27846e+01	1.96347e-10
1.27998e+01	1.73358e-10
1.28151e+01	1.53052e-10
1.28304e+01	1.35155e-10
1.28457e+01	1.19399e-10
1.28609e+01	1.05620e-10
1.28762e+01	9.35822e-11
1.28915e+01	8.30262e-11
1.29068e+01	7.36851e-11
1.29220e+01	6.52353e-11
1.29373e+01	5.77740e-11
1.29526e+01	5.13384e-11
1.29679e+01	4.57931e-11
1.29831e+01	4.08485e-11
1.29984e+01	3.64069e-11
1.30137e+01	3.22551e-11
1.30290e+01	2.81511e-11
1.30442e+01	2.41865e-11
1.30595e+01	2.06593e-11
1.30748e+01	1.77872e-11
1.30901e+01	1.54435e-11
1.31053e+01	1.35309e-11
1.31206e+01	1.19535e-11
1.31359e+01	1.06292e-11
1.31512e+01	9.45808e-12
1.31664e+01	8.39611e-12
1.31817e+01	7.41447e-12
1.31970e+01	6.51240e-12
1.32123e+01	5.70066e-12
1.32275e+01	5.01665e-12
1.32428e+01	4.43295e-12
1.32581e+01	3.92867e-12
1.32734e+01	3.48800e-12
1.32886e+01	3.10366e-12
1.33039e+01	2.76714e-12
1.33192e+01	2.47077e-12
1.33344e+01	2.20880e-12
1.33497e+01	1.97593e-12
1.33650e+01	1.76823e-12
1.33803e+01	1.58189e-12
1.33955e+01	1.41397e-12
1.34108e+01	1.26273e-12
1.34261e+01	1.12632e-12
1.34414e+01	1.00272e-12
1.34566e+01	8.90679e-13
1.34719e+01	7.88969e-13
1.34872e+01	6.98299e-13
1.35025e+01	6.18125e-13
1.35177e+01	5.47165e-13
1.35330e+01	4.84021e-13
1.35483e+01	4.27804e-13
1.35636e+01	3.77807e-13
1.35788e+01	3.33376e-13
1.35941e+01	2.93924e-13
1.36094e+01	2.58925e-13
1.36247e+01	2.27933e-13
1.36399e+01	2.00505e-13
1.36552e+01	1.76250e-13
1.36705e+01	1.54819e-13
1.36858e+01	1.35897e-13
1.37010e+01	1.19202e-13
1.37163e+01	1.04485e-13
1.37316e+01	9.15226e-14
1.37469e+01	8.01125e-14
1.37621e+01	7.00768e-14
1.37774e+01	6.12577e-14
1.37927e+01	5.35138e-14
1.38080e+01	4.67168e-14
1.38232e+01	4.07540e-14
1.38385e+01	3.55277e-14
1.38538e+01	3.09509e-14
1.38690e+01	2.69440e-14
1.38843e+01	2.34335e-14
1.38996e+01	2.03604e-14
1.39149e+01	1.76723e-14
1.39301e+01	1.53219e-14
1.39454e+01	1.32696e-14
1.39607e+01	1.14796e-14
1.39760e+01	9.92116e-15
1.39912e+01	8.56522e-15
1.40065e+01	7.38570e-15
1.40218e+01	6.36111e-15
1.40371e+01	5.47330e-15
1.40523e+01	4.70446e-15
1.40676e+01	4.03969e-15
1.40829e+01	3.46523e-15
1.40982e+01	2.96927e-15
1.41134e+01	2.54158e-15
1.41287e+01	2.17320e-15
1.41440e+01	1.85630e-15
1.41593e+01	1.58398e-15
1.41745e+01	1.35025e-15
1.41898e+01	1.14985e-15
1.42051e+01	9.78237e-16
1.42204e+01	8.31438e-16
1.42356e+01	7.05948e-16
1.42509e+01	5.98759e-16
1.42662e+01	5.07292e-16
1.42815e+01	4.29333e-16
1.42967e+01	3.62959e-16
1.43120e+01	3.06518e-16
1.43273e+01	2.58581e-16
1.43426e+01	2.17914e-16
1.43578e+01	1.83453e-16
1.43731e+01	1.54282e-16
1.43884e+01	1.29617e-16
1.44036e+01	1.08786e-16
1.44189e+01	9.12101e-17
1.44342e+01	7.63980e-17
1.44495e+01	6.39273e-17
1.44647e+01	5.34398e-17
1.44800e+01	4.46298e-17
1.44953e+01	3.72364e-17
1.45106e+01	3.10379e-17
1.45258e+01	2.58465e-17
1.45411e+01	2.15032e-17
1.45564e+01	1.78731e-17
1.45717e+01	1.48420e-17
1.45869e+01	1.23137e-17
1.46022e+01	1.02068e-17
1.46175e+01	8.45273e-18
1.46328e+01	6.99381e-18
1.46480e+01	5.78154e-18
1.46633e+01	4.77515e-18
1.46786e+01	3.94045e-18
1.46939e+01	3.24881e-18
1.47091e+01	2.67626e-18
1.47244e+01	2.20273e-18
1.47397e+01	1.81143e-18
1.47550e+01	1.48838e-18
1.47702e+01	1.22191e-18
1.47855e+01	1.00231e-18
1.48008e+01	8.21485e-19
1.48161e+01	6.72724e-19
1.48313e+01	5.50446e-19
1.48466e+01	4.50023e-19
1.48619e+01	3.67620e-19
1.48772e+01	3.00063e-19
1.48924e+01	2.44723e-19
1.49077e+01	1.99429e-19
1.49230e+01	1.62387e-19
1.49382e+01	1.32119e-19
1.49535e+01	1.07406e-19
1.49688e+01	8.72446e-20
1.49841e+01	7.08140e-20
1.49993e+01	5.74365e-20
1.50146e+01	4.65562e-20
1.50299e+01	3.77184e-20
1.50452e+01	3.05460e-20
1.50604e+01	2.47305e-20
1.50757e+01	2.00193e-20
1.50910e+01	1.62064e-20
1.51063e+01	1.31243e-20
1.51215e+01	1.06363e-20
1.51368e+01	8.63187e-21
1.51521e+01	7.02111e-21
1.51674e+01	5.73142e-21
1.51826e+01	4.70421e-21
1.51979e+01	3.89245e-21
1.52132e+01	3.25857e-21
1.52285e+01	2.77297e-21
1.52437e+01	2.41253e-21
1.52590e+01	2.16730e-21
1.52743e+01	1.97554e-21
