# The ell = 1 distribution, the first anisotropy.
# E_N [Td]	7.00000e+00
# col_1: Electron Energy [eV], col_2: f1 [eV^(-3/2)]
eV	f1
1.80924e-02	6.82966e-04
3.61848e-02	1.37637e-03
5.42773e-02	1.91217e-03
7.23697e-02	2.22627e-03
9.04621e-02	2.41343e-03
1.08555e-01	2.49472e-03
1.26647e-01	2.49127e-03
1.44739e-01	2.45673e-03
1.62832e-01	2.41812e-03
1.80924e-01	2.37825e-03
1.99017e-01	2.33907e-03
2.17109e-01	2.30293e-03
2.35201e-01	2.26569e-03
2.53294e-01	2.22198e-03
2.71386e-01	2.17524e-03
2.89479e-01	2.13961e-03
3.07571e-01	2.13050e-03
3.25664e-01	2.10663e-03
3.43756e-01	2.07082e-03
3.61848e-01	2.03066e-03
3.79941e-01	1.99116e-03
3.98033e-01	1.95328e-03
4.16126e-01	1.91761e-03
4.34218e-01	1.88411e-03
4.52310e-01	1.85249e-03
4.70403e-01	1.82254e-03
4.88495e-01	1.79414e-03
5.06588e-01	1.76719e-03
5.24680e-01	1.74159e-03
5.42773e-01	1.71719e-03
5.60865e-01	1.69389e-03
5.78957e-01	1.67163e-03
5.97050e-01	1.65052e-03
6.15142e-01	1.63049e-03
6.33235e-01	1.61146e-03
6.51327e-01	1.59330e-03
6.69419e-01	1.57593e-03
6.87512e-01	1.55924e-03
7.05604e-01	1.54307e-03
7.23697e-01	1.52723e-03
7.41789e-01	1.51166e-03
7.59882e-01	1.49635e-03
7.77974e-01	1.48127e-03
7.96066e-01	1.46642e-03
8.14159e-01	1.45181e-03
8.32251e-01	1.43744e-03
8.50344e-01	1.42329e-03
8.68436e-01	1.40934e-03
8.86528e-01	1.39554e-03
9.04621e-01	1.38189e-03
9.22713e-01	1.36837e-03
9.40806e-01	1.35499e-03
9.58898e-01	1.34171e-03
9.76991e-01	1.32864e-03
9.95083e-01	1.31558e-03
1.01318e+00	1.30251e-03
1.03127e+00	1.28958e-03
1.04936e+00	1.27670e-03
1.06745e+00	1.26392e-03
1.08555e+00	1.25125e-03
1.10364e+00	1.23869e-03
1.12173e+00	1.22618e-03
1.13982e+00	1.21374e-03
1.15791e+00	1.20137e-03
1.17601e+00	1.18908e-03
1.19410e+00	1.17698e-03
1.21219e+00	1.16505e-03
1.23028e+00	1.15323e-03
1.24838e+00	1.14150e-03
1.26647e+00	1.12983e-03
1.28456e+00	1.11821e-03
1.30265e+00	1.10669e-03
1.32075e+00	1.09527e-03
1.33884e+00	1.08394e-03
1.35693e+00	1.07276e-03
1.37502e+00	1.06179e-03
1.39312e+00	1.05096e-03
1.41121e+00	1.04029e-03
1.42930e+00	1.02977e-03
1.44739e+00	1.01944e-03
1.46549e+00	1.00930e-03
1.48358e+00	9.99491e-04
1.50167e+00	9.90094e-04
1.51976e+00	9.80843e-04
1.53786e+00	9.71600e-04
1.55595e+00	9.62404e-04
1.57404e+00	9.53294e-04
1.59213e+00	9.44281e-04
1.61023e+00	9.35417e-04
1.62832e+00	9.26714e-04
1.64641e+00	9.18154e-04
1.66450e+00	9.09796e-04
1.68259e+00	9.01504e-04
1.70069e+00	8.93405e-04
1.71878e+00	8.85495e-04
1.73687e+00	8.77682e-04
1.75496e+00	8.70061e-04
1.77306e+00	8.62593e-04
1.79115e+00	8.55278e-04
1.80924e+00	8.48111e-04
1.82733e+00	8.41094e-04
1.84543e+00	8.34219e-04
1.86352e+00	8.27483e-04
1.88161e+00	8.20883e-04
1.89970e+00	8.14419e-04
1.91780e+00	8.08086e-04
1.93589e+00	8.01892e-04
1.95398e+00	7.95767e-04
1.97207e+00	7.89829e-04
1.99017e+00	7.84034e-04
2.00826e+00	7.78237e-04
2.02635e+00	7.72718e-04
2.04444e+00	7.67270e-04
2.06254e+00	7.61924e-04
2.08063e+00	7.56686e-04
2.09872e+00	7.51551e-04
2.11681e+00	7.46516e-04
2.13491e+00	7.41580e-04
2.15300e+00	7.36740e-04
2.17109e+00	7.31997e-04
2.18918e+00	7.27344e-04
2.20727e+00	7.22783e-04
2.22537e+00	7.18312e-04
2.24346e+00	7.13927e-04
2.26155e+00	7.09628e-04
2.27964e+00	7.05413e-04
2.29774e+00	7.01280e-04
2.31583e+00	6.97228e-04
2.33392e+00	6.93254e-04
2.35201e+00	6.89359e-04
2.37011e+00	6.85541e-04
2.38820e+00	6.81798e-04
2.40629e+00	6.78128e-04
2.42438e+00	6.74529e-04
2.44248e+00	6.71006e-04
2.46057e+00	6.67523e-04
2.47866e+00	6.64165e-04
2.49675e+00	6.60861e-04
2.51485e+00	6.57588e-04
2.53294e+00	6.54432e-04
2.55103e+00	6.51333e-04
2.56912e+00	6.48292e-04
2.58722e+00	6.45313e-04
2.60531e+00	6.42394e-04
2.62340e+00	6.39532e-04
2.64149e+00	6.36732e-04
2.65959e+00	6.33983e-04
2.67768e+00	6.31292e-04
2.69577e+00	6.28655e-04
2.71386e+00	6.26072e-04
2.73195e+00	6.23546e-04
2.75005e+00	6.21070e-04
2.76814e+00	6.18645e-04
2.78623e+00	6.16271e-04
2.80432e+00	6.13947e-04
2.82242e+00	6.11671e-04
2.84051e+00	6.09444e-04
2.85860e+00	6.07262e-04
2.87669e+00	6.05127e-04
2.89479e+00	6.03038e-04
2.91288e+00	6.00993e-04
2.93097e+00	5.98992e-04
2.94906e+00	5.97028e-04
2.96716e+00	5.95132e-04
2.98525e+00	5.93242e-04
3.00334e+00	5.91394e-04
3.02143e+00	5.89587e-04
3.03953e+00	5.87833e-04
3.05762e+00	5.86098e-04
3.07571e+00	5.84407e-04
3.09380e+00	5.82753e-04
3.11190e+00	5.81139e-04
3.12999e+00	5.79558e-04
3.14808e+00	5.78015e-04
3.16617e+00	5.76508e-04
3.18427e+00	5.75032e-04
3.20236e+00	5.73597e-04
3.22045e+00	5.72193e-04
3.23854e+00	5.70822e-04
3.25664e+00	5.69486e-04
3.27473e+00	5.68180e-04
3.29282e+00	5.66907e-04
3.31091e+00	5.65664e-04
3.32900e+00	5.64454e-04
3.34710e+00	5.63272e-04
3.36519e+00	5.62121e-04
3.38328e+00	5.60999e-04
3.40137e+00	5.59906e-04
3.41947e+00	5.58842e-04
3.43756e+00	5.57806e-04
3.45565e+00	5.56797e-04
3.47374e+00	5.55816e-04
3.49184e+00	5.54861e-04
3.50993e+00	5.53934e-04
3.52802e+00	5.53032e-04
3.54611e+00	5.52157e-04
3.56421e+00	5.51304e-04
3.58230e+00	5.50481e-04
3.60039e+00	5.49681e-04
3.61848e+00	5.48905e-04
3.63658e+00	5.48154e-04
3.65467e+00	5.47425e-04
3.67276e+00	5.46719e-04
3.69085e+00	5.46036e-04
3.70895e+00	5.45375e-04
3.72704e+00	5.44737e-04
3.74513e+00	5.44120e-04
3.76322e+00	5.43526e-04
3.78132e+00	5.42952e-04
3.79941e+00	5.42400e-04
3.81750e+00	5.41867e-04
3.83559e+00	5.41355e-04
3.85368e+00	5.40863e-04
3.87178e+00	5.40391e-04
3.88987e+00	5.39936e-04
3.90796e+00	5.39504e-04
3.92605e+00	5.39090e-04
3.94415e+00	5.38737e-04
3.96224e+00	5.38305e-04
3.98033e+00	5.37849e-04
3.99842e+00	5.37864e-04
4.01652e+00	5.37688e-04
4.03461e+00	5.37574e-04
4.05270e+00	5.37415e-04
4.07079e+00	5.37335e-04
4.08889e+00	5.37324e-04
4.10698e+00	5.37297e-04
4.12507e+00	5.37291e-04
4.14316e+00	5.37302e-04
4.16126e+00	5.37327e-04
4.17935e+00	5.37368e-04
4.19744e+00	5.37425e-04
4.21553e+00	5.37498e-04
4.23363e+00	5.37585e-04
4.25172e+00	5.37689e-04
4.26981e+00	5.37808e-04
4.28790e+00	5.37941e-04
4.30600e+00	5.38088e-04
4.32409e+00	5.38249e-04
4.34218e+00	5.38425e-04
4.36027e+00	5.38614e-04
4.37836e+00	5.38816e-04
4.39646e+00	5.39031e-04
4.41455e+00	5.39259e-04
4.43264e+00	5.39500e-04
4.45073e+00	5.39752e-04
4.46883e+00	5.40017e-04
4.48692e+00	5.40293e-04
4.50501e+00	5.40581e-04
4.52310e+00	5.40882e-04
4.54120e+00	5.41191e-04
4.55929e+00	5.41512e-04
4.57738e+00	5.41843e-04
4.59547e+00	5.42185e-04
4.61357e+00	5.42538e-04
4.63166e+00	5.42900e-04
4.64975e+00	5.43272e-04
4.66784e+00	5.43653e-04
4.68594e+00	5.44045e-04
4.70403e+00	5.44444e-04
4.72212e+00	5.44853e-04
4.74021e+00	5.45274e-04
4.75831e+00	5.45702e-04
4.77640e+00	5.46138e-04
4.79449e+00	5.46581e-04
4.81258e+00	5.47036e-04
4.83068e+00	5.47492e-04
4.84877e+00	5.47958e-04
4.86686e+00	5.48432e-04
4.88495e+00	5.48917e-04
4.90304e+00	5.49395e-04
4.92114e+00	5.49886e-04
4.93923e+00	5.50415e-04
4.95732e+00	5.50935e-04
4.97541e+00	5.51462e-04
4.99351e+00	5.52020e-04
5.01160e+00	5.52490e-04
5.02969e+00	5.53097e-04
5.04778e+00	5.53707e-04
5.06588e+00	5.54305e-04
5.08397e+00	5.54909e-04
5.10206e+00	5.55519e-04
5.12015e+00	5.56128e-04
5.13825e+00	5.56750e-04
5.15634e+00	5.57372e-04
5.17443e+00	5.57999e-04
5.19252e+00	5.58629e-04
5.21062e+00	5.59261e-04
5.22871e+00	5.59901e-04
5.24680e+00	5.60535e-04
5.26489e+00	5.61175e-04
5.28299e+00	5.61818e-04
5.30108e+00	5.62462e-04
5.31917e+00	5.63110e-04
5.33726e+00	5.63755e-04
5.35536e+00	5.64409e-04
5.37345e+00	5.65061e-04
5.39154e+00	5.65715e-04
5.40963e+00	5.66369e-04
5.42773e+00	5.67024e-04
5.44582e+00	5.67682e-04
5.46391e+00	5.68336e-04
5.48200e+00	5.68991e-04
5.50009e+00	5.69646e-04
5.51819e+00	5.70301e-04
5.53628e+00	5.70956e-04
5.55437e+00	5.71608e-04
5.57246e+00	5.72263e-04
5.59056e+00	5.72916e-04
5.60865e+00	5.73567e-04
5.62674e+00	5.74218e-04
5.64483e+00	5.74865e-04
5.66293e+00	5.75512e-04
5.68102e+00	5.76157e-04
5.69911e+00	5.76796e-04
5.71720e+00	5.77434e-04
5.73530e+00	5.78069e-04
5.75339e+00	5.78701e-04
5.77148e+00	5.79331e-04
5.78957e+00	5.79953e-04
5.80767e+00	5.80579e-04
5.82576e+00	5.81199e-04
5.84385e+00	5.81814e-04
5.86194e+00	5.82426e-04
5.88004e+00	5.83028e-04
5.89813e+00	5.83640e-04
5.91622e+00	5.84245e-04
5.93431e+00	5.84797e-04
5.95241e+00	5.85366e-04
5.97050e+00	5.85928e-04
5.98859e+00	5.86485e-04
6.00668e+00	5.87012e-04
6.02477e+00	5.87623e-04
6.04287e+00	5.88102e-04
6.06096e+00	5.88576e-04
6.07905e+00	5.89061e-04
6.09714e+00	5.89537e-04
6.11524e+00	5.90007e-04
6.13333e+00	5.90472e-04
6.15142e+00	5.90925e-04
6.16951e+00	5.91378e-04
6.18761e+00	5.91820e-04
6.20570e+00	5.92256e-04
6.22379e+00	5.92684e-04
6.24188e+00	5.93104e-04
6.25998e+00	5.93515e-04
6.27807e+00	5.93921e-04
6.29616e+00	5.94313e-04
6.31425e+00	5.94698e-04
6.33235e+00	5.95074e-04
6.35044e+00	5.95442e-04
6.36853e+00	5.95800e-04
6.38662e+00	5.96149e-04
6.40472e+00	5.96490e-04
6.42281e+00	5.96818e-04
6.44090e+00	5.97137e-04
6.45899e+00	5.97447e-04
6.47709e+00	5.97746e-04
6.49518e+00	5.98035e-04
6.51327e+00	5.98315e-04
6.53136e+00	5.98577e-04
6.54945e+00	5.98841e-04
6.56755e+00	5.99090e-04
6.58564e+00	5.99327e-04
6.60373e+00	5.99554e-04
6.62182e+00	5.99769e-04
6.63992e+00	5.99971e-04
6.65801e+00	6.00165e-04
6.67610e+00	6.00343e-04
6.69419e+00	6.00508e-04
6.71229e+00	6.00661e-04
6.73038e+00	6.00802e-04
6.74847e+00	6.00930e-04
6.76656e+00	6.01045e-04
6.78466e+00	6.01148e-04
6.80275e+00	6.01239e-04
6.82084e+00	6.01312e-04
6.83893e+00	6.01374e-04
6.85703e+00	6.01421e-04
6.87512e+00	6.01456e-04
6.89321e+00	6.01476e-04
6.91130e+00	6.01427e-04
6.92940e+00	6.01576e-04
6.94749e+00	6.01407e-04
6.96558e+00	6.01236e-04
6.98367e+00	6.01088e-04
7.00177e+00	6.00923e-04
7.01986e+00	6.00745e-04
7.03795e+00	6.00547e-04
7.05604e+00	6.00305e-04
7.07413e+00	6.00233e-04
7.09223e+00	5.99794e-04
7.11032e+00	5.99484e-04
7.12841e+00	5.99144e-04
7.14650e+00	5.98792e-04
7.16460e+00	5.98427e-04
7.18269e+00	5.98048e-04
7.20078e+00	5.97655e-04
7.21887e+00	5.97249e-04
7.23697e+00	5.96829e-04
7.25506e+00	5.96394e-04
7.27315e+00	5.95946e-04
7.29124e+00	5.95483e-04
7.30934e+00	5.95007e-04
7.32743e+00	5.94516e-04
7.34552e+00	5.94010e-04
7.36361e+00	5.93490e-04
7.38171e+00	5.92957e-04
7.39980e+00	5.92409e-04
7.41789e+00	5.91846e-04
7.43598e+00	5.91268e-04
7.45408e+00	5.90676e-04
7.47217e+00	5.90069e-04
7.49026e+00	5.89447e-04
7.50835e+00	5.88810e-04
7.52645e+00	5.88158e-04
7.54454e+00	5.87490e-04
7.56263e+00	5.86808e-04
7.58072e+00	5.86111e-04
7.59882e+00	5.85398e-04
7.61691e+00	5.84670e-04
7.63500e+00	5.83927e-04
7.65309e+00	5.83167e-04
7.67118e+00	5.82394e-04
7.68928e+00	5.81605e-04
7.70737e+00	5.80800e-04
7.72546e+00	5.79980e-04
7.74355e+00	5.79144e-04
7.76165e+00	5.78293e-04
7.77974e+00	5.77426e-04
7.79783e+00	5.76543e-04
7.81592e+00	5.75644e-04
7.83402e+00	5.74730e-04
7.85211e+00	5.73800e-04
7.87020e+00	5.72854e-04
7.88829e+00	5.71893e-04
7.90639e+00	5.70916e-04
7.92448e+00	5.69922e-04
7.94257e+00	5.68913e-04
7.96066e+00	5.67889e-04
7.97876e+00	5.66848e-04
7.99685e+00	5.65792e-04
8.01494e+00	5.64719e-04
8.03303e+00	5.63631e-04
8.05113e+00	5.62527e-04
8.06922e+00	5.61407e-04
8.08731e+00	5.60271e-04
8.10540e+00	5.59119e-04
8.12350e+00	5.57951e-04
8.14159e+00	5.56768e-04
8.15968e+00	5.55568e-04
8.17777e+00	5.54353e-04
8.19586e+00	5.53122e-04
8.21396e+00	5.51875e-04
8.23205e+00	5.50613e-04
8.25014e+00	5.49334e-04
8.26823e+00	5.48039e-04
8.28633e+00	5.46730e-04
8.30442e+00	5.45405e-04
8.32251e+00	5.44064e-04
8.34060e+00	5.42708e-04
8.35870e+00	5.41336e-04
8.37679e+00	5.39948e-04
8.39488e+00	5.38545e-04
8.41297e+00	5.37126e-04
8.43107e+00	5.35692e-04
8.44916e+00	5.34242e-04
8.46725e+00	5.32778e-04
8.48534e+00	5.31297e-04
8.50344e+00	5.29802e-04
8.52153e+00	5.28291e-04
8.53962e+00	5.26766e-04
8.55771e+00	5.25225e-04
8.57581e+00	5.23669e-04
8.59390e+00	5.22099e-04
8.61199e+00	5.20512e-04
8.63008e+00	5.18911e-04
8.64818e+00	5.17296e-04
8.66627e+00	5.15665e-04
8.68436e+00	5.14020e-04
8.70245e+00	5.12361e-04
8.72054e+00	5.10687e-04
8.73864e+00	5.08999e-04
8.75673e+00	5.07296e-04
8.77482e+00	5.05580e-04
8.79291e+00	5.03849e-04
8.81101e+00	5.02104e-04
8.82910e+00	5.00345e-04
8.84719e+00	4.98573e-04
8.86528e+00	4.96786e-04
8.88338e+00	4.94986e-04
8.90147e+00	4.93167e-04
8.91956e+00	4.91339e-04
8.93765e+00	4.89537e-04
8.95575e+00	4.87607e-04
8.97384e+00	4.85714e-04
8.99193e+00	4.83803e-04
9.01002e+00	4.81881e-04
9.02812e+00	4.79947e-04
9.04621e+00	4.78002e-04
9.06430e+00	4.76044e-04
9.08239e+00	4.74075e-04
9.10049e+00	4.72095e-04
9.11858e+00	4.70104e-04
9.13667e+00	4.68101e-04
9.15476e+00	4.66087e-04
9.17286e+00	4.64062e-04
9.19095e+00	4.62027e-04
9.20904e+00	4.59980e-04
9.22713e+00	4.57923e-04
9.24522e+00	4.55856e-04
9.26332e+00	4.53775e-04
9.28141e+00	4.51699e-04
9.29950e+00	4.49588e-04
9.31759e+00	4.47476e-04
9.33569e+00	4.45354e-04
9.35378e+00	4.43222e-04
9.37187e+00	4.41081e-04
9.38996e+00	4.38932e-04
9.40806e+00	4.36773e-04
9.42615e+00	4.34605e-04
9.44424e+00	4.32429e-04
9.46233e+00	4.30244e-04
9.48043e+00	4.28050e-04
9.49852e+00	4.25849e-04
9.51661e+00	4.23639e-04
9.53470e+00	4.21422e-04
9.55280e+00	4.19196e-04
9.57089e+00	4.16963e-04
9.58898e+00	4.14723e-04
9.60707e+00	4.12475e-04
9.62517e+00	4.10207e-04
9.64326e+00	4.07987e-04
9.66135e+00	4.05671e-04
9.67944e+00	4.03378e-04
9.69754e+00	4.01078e-04
9.71563e+00	3.98773e-04
9.73372e+00	3.96463e-04
9.75181e+00	3.94147e-04
9.76991e+00	3.91826e-04
9.78800e+00	3.89500e-04
9.80609e+00	3.87170e-04
9.82418e+00	3.84835e-04
9.84227e+00	3.82495e-04
9.86037e+00	3.80151e-04
9.87846e+00	3.77804e-04
9.89655e+00	3.75452e-04
9.91464e+00	3.73096e-04
9.93274e+00	3.70737e-04
9.95083e+00	3.68375e-04
9.96892e+00	3.66009e-04
9.98701e+00	3.63606e-04
1.00051e+01	3.61234e-04
1.00232e+01	3.59075e-04
1.00413e+01	3.56257e-04
1.00594e+01	3.53732e-04
1.00775e+01	3.51180e-04
1.00956e+01	3.48638e-04
1.01137e+01	3.46103e-04
1.01318e+01	3.43574e-04
1.01498e+01	3.41051e-04
1.01679e+01	3.38535e-04
1.01860e+01	3.36025e-04
1.02041e+01	3.33523e-04
1.02222e+01	3.31027e-04
1.02403e+01	3.28538e-04
1.02584e+01	3.26056e-04
1.02765e+01	3.23581e-04
1.02946e+01	3.21113e-04
1.03127e+01	3.18653e-04
1.03308e+01	3.16200e-04
1.03489e+01	3.13754e-04
1.03670e+01	3.11316e-04
1.03850e+01	3.08885e-04
1.04031e+01	3.06462e-04
1.04212e+01	3.04046e-04
1.04393e+01	3.01639e-04
1.04574e+01	2.99239e-04
1.04755e+01	2.96847e-04
1.04936e+01	2.94463e-04
1.05117e+01	2.92087e-04
1.05298e+01	2.89719e-04
1.05479e+01	2.87359e-04
1.05660e+01	2.85007e-04
1.05841e+01	2.82592e-04
1.06022e+01	2.80478e-04
1.06202e+01	2.77914e-04
1.06383e+01	2.75478e-04
1.06564e+01	2.73070e-04
1.06745e+01	2.70675e-04
1.06926e+01	2.68295e-04
1.07107e+01	2.65931e-04
1.07288e+01	2.63581e-04
1.07469e+01	2.61246e-04
1.07650e+01	2.58927e-04
1.07831e+01	2.56621e-04
1.08012e+01	2.54331e-04
1.08193e+01	2.52055e-04
1.08374e+01	2.49794e-04
1.08555e+01	2.47548e-04
1.08735e+01	2.45316e-04
1.08916e+01	2.43099e-04
1.09097e+01	2.40896e-04
1.09278e+01	2.38707e-04
1.09459e+01	2.36533e-04
1.09640e+01	2.34374e-04
1.09821e+01	2.32228e-04
1.10002e+01	2.30097e-04
1.10183e+01	2.27979e-04
1.10364e+01	2.25876e-04
1.10545e+01	2.23787e-04
1.10726e+01	2.21712e-04
1.10907e+01	2.19651e-04
1.11087e+01	2.17604e-04
1.11268e+01	2.15570e-04
1.11449e+01	2.13551e-04
1.11630e+01	2.11545e-04
1.11811e+01	2.09553e-04
1.11992e+01	2.07574e-04
1.12173e+01	2.05609e-04
1.12354e+01	2.03658e-04
1.12535e+01	2.01720e-04
1.12716e+01	1.99796e-04
1.12897e+01	1.97884e-04
1.13078e+01	1.95987e-04
1.13259e+01	1.94102e-04
1.13439e+01	1.92231e-04
1.13620e+01	1.90372e-04
1.13801e+01	1.88527e-04
1.13982e+01	1.86695e-04
1.14163e+01	1.84876e-04
1.14344e+01	1.83070e-04
1.14525e+01	1.81276e-04
1.14706e+01	1.79496e-04
1.14887e+01	1.77727e-04
1.15068e+01	1.75972e-04
1.15249e+01	1.74228e-04
1.15430e+01	1.72495e-04
1.15611e+01	1.70681e-04
1.15791e+01	1.68505e-04
1.15972e+01	1.66000e-04
1.16153e+01	1.63163e-04
1.16334e+01	1.59988e-04
1.16515e+01	1.55905e-04
1.16696e+01	1.51171e-04
1.16877e+01	1.46542e-04
1.17058e+01	1.42215e-04
1.17239e+01	1.38256e-04
1.17420e+01	1.34565e-04
1.17601e+01	1.30911e-04
1.17782e+01	1.27150e-04
1.17963e+01	1.23391e-04
1.18143e+01	1.19666e-04
1.18324e+01	1.15810e-04
1.18505e+01	1.10720e-04
1.18686e+01	1.05676e-04
1.18867e+01	1.01358e-04
1.19048e+01	9.75715e-05
1.19229e+01	9.40902e-05
1.19410e+01	9.08377e-05
1.19591e+01	8.77582e-05
1.19772e+01	8.48069e-05
1.19953e+01	8.19644e-05
1.20134e+01	7.92128e-05
1.20315e+01	7.65388e-05
1.20495e+01	7.39371e-05
1.20676e+01	7.14063e-05
1.20857e+01	6.89449e-05
1.21038e+01	6.65488e-05
1.21219e+01	6.42104e-05
1.21400e+01	6.19208e-05
1.21581e+01	5.96810e-05
1.21762e+01	5.74926e-05
1.21943e+01	5.53568e-05
1.22124e+01	5.32647e-05
1.22305e+01	5.12104e-05
1.22486e+01	4.91920e-05
1.22667e+01	4.72113e-05
1.22848e+01	4.52710e-05
1.23028e+01	4.33745e-05
1.23209e+01	4.15283e-05
1.23390e+01	3.97388e-05
1.23571e+01	3.80057e-05
1.23752e+01	3.63282e-05
1.23933e+01	3.47063e-05
1.24114e+01	3.31364e-05
1.24295e+01	3.16152e-05
1.24476e+01	3.01414e-05
1.24657e+01	2.87146e-05
1.24838e+01	2.73347e-05
1.25019e+01	2.60015e-05
1.25200e+01	2.47148e-05
1.25380e+01	2.34726e-05
1.25561e+01	2.22809e-05
1.25742e+01	2.11261e-05
1.25923e+01	2.00179e-05
1.26104e+01	1.89553e-05
1.26285e+01	1.79383e-05
1.26466e+01	1.69673e-05
1.26647e+01	1.60405e-05
1.26828e+01	1.51563e-05
1.27009e+01	1.43139e-05
1.27190e+01	1.35138e-05
1.27371e+01	1.27546e-05
1.27552e+01	1.20352e-05
1.27732e+01	1.13537e-05
1.27913e+01	1.07082e-05
1.28094e+01	1.00974e-05
1.28275e+01	9.52364e-06
1.28456e+01	8.98523e-06
1.28637e+01	8.48524e-06
1.28818e+01	8.02226e-06
1.28999e+01	7.58916e-06
1.29180e+01	7.17243e-06
1.29361e+01	6.77436e-06
1.29542e+01	6.41173e-06
1.29723e+01	6.08077e-06
1.29904e+01	5.76300e-06
1.30084e+01	5.45211e-06
1.30265e+01	5.10707e-06
1.30446e+01	4.72958e-06
1.30627e+01	4.36495e-06
1.30808e+01	4.05892e-06
1.30989e+01	3.79815e-06
1.31170e+01	3.57623e-06
1.31351e+01	3.38460e-06
1.31532e+01	3.20522e-06
1.31713e+01	3.02920e-06
1.31894e+01	2.85159e-06
1.32075e+01	2.67608e-06
1.32256e+01	2.51758e-06
1.32436e+01	2.37667e-06
1.32617e+01	2.24852e-06
1.32798e+01	2.13001e-06
1.32979e+01	2.02139e-06
1.33160e+01	1.92066e-06
1.33341e+01	1.82669e-06
1.33522e+01	1.73815e-06
1.33703e+01	1.65416e-06
1.33884e+01	1.57361e-06
1.34065e+01	1.49604e-06
1.34246e+01	1.42130e-06
1.34427e+01	1.34849e-06
1.34608e+01	1.27735e-06
1.34789e+01	1.20813e-06
1.34969e+01	1.14255e-06
1.35150e+01	1.08072e-06
1.35331e+01	1.02182e-06
1.35512e+01	9.65608e-07
1.35693e+01	9.12005e-07
1.35874e+01	8.60919e-07
1.36055e+01	8.12253e-07
1.36236e+01	7.65996e-07
1.36417e+01	7.22048e-07
1.36598e+01	6.80319e-07
1.36779e+01	6.40725e-07
1.36960e+01	6.03171e-07
1.37141e+01	5.67577e-07
1.37321e+01	5.33863e-07
1.37502e+01	5.01945e-07
1.37683e+01	4.71743e-07
1.37864e+01	4.43186e-07
1.38045e+01	4.16193e-07
1.38226e+01	3.90676e-07
1.38407e+01	3.66568e-07
1.38588e+01	3.43802e-07
1.38769e+01	3.22289e-07
1.38950e+01	3.01927e-07
1.39131e+01	2.82673e-07
1.39312e+01	2.64452e-07
1.39493e+01	2.47230e-07
1.39673e+01	2.30968e-07
1.39854e+01	2.15638e-07
1.40035e+01	2.01170e-07
1.40216e+01	1.87529e-07
1.40397e+01	1.74703e-07
1.40578e+01	1.62641e-07
1.40759e+01	1.51318e-07
1.40940e+01	1.40684e-07
1.41121e+01	1.30707e-07
1.41302e+01	1.21355e-07
1.41483e+01	1.12597e-07
1.41664e+01	1.04402e-07
1.41845e+01	9.67406e-08
1.42025e+01	8.95840e-08
1.42206e+01	8.29052e-08
1.42387e+01	7.66735e-08
1.42568e+01	7.08600e-08
1.42749e+01	6.54407e-08
1.42930e+01	6.03929e-08
1.43111e+01	5.56952e-08
1.43292e+01	5.13275e-08
1.43473e+01	4.72701e-08
1.43654e+01	4.35041e-08
1.43835e+01	4.00113e-08
1.44016e+01	3.67746e-08
1.44197e+01	3.37774e-08
1.44377e+01	3.10043e-08
1.44558e+01	2.84404e-08
1.44739e+01	2.60720e-08
1.44920e+01	2.38859e-08
1.45101e+01	2.18693e-08
1.45282e+01	2.00105e-08
1.45463e+01	1.82986e-08
1.45644e+01	1.67229e-08
1.45825e+01	1.52738e-08
1.46006e+01	1.39420e-08
1.46187e+01	1.27188e-08
1.46368e+01	1.15961e-08
1.46549e+01	1.05664e-08
1.46729e+01	9.62260e-09
1.46910e+01	8.75807e-09
1.47091e+01	7.96673e-09
1.47272e+01	7.24283e-09
1.47453e+01	6.58105e-09
1.47634e+01	5.97642e-09
1.47815e+01	5.42435e-09
1.47996e+01	4.92058e-09
1.48177e+01	4.46115e-09
1.48358e+01	4.04239e-09
1.48539e+01	3.66094e-09
1.48720e+01	3.31369e-09
1.48901e+01	2.99774e-09
1.49082e+01	2.71044e-09
1.49262e+01	2.44932e-09
1.49443e+01	2.21213e-09
1.49624e+01	1.99680e-09
1.49805e+01	1.80142e-09
1.49986e+01	1.62433e-09
1.50167e+01	1.46394e-09
1.50348e+01	1.31887e-09
1.50529e+01	1.18774e-09
1.50710e+01	1.06927e-09
1.50891e+01	9.62291e-10
1.51072e+01	8.65722e-10
1.51253e+01	7.78581e-10
1.51434e+01	6.99975e-10
1.51614e+01	6.29094e-10
1.51795e+01	5.65202e-10
1.51976e+01	5.07630e-10
1.52157e+01	4.55772e-10
1.52338e+01	4.09077e-10
1.52519e+01	3.67047e-10
1.52700e+01	3.29228e-10
1.52881e+01	2.95211e-10
1.53062e+01	2.64623e-10
1.53243e+01	2.37129e-10
1.53424e+01	2.12424e-10
1.53605e+01	1.90232e-10
1.53786e+01	1.70305e-10
1.53966e+01	1.52417e-10
1.54147e+01	1.36365e-10
1.54328e+01	1.21967e-10
1.54509e+01	1.09055e-10
1.54690e+01	9.74807e-11
1.54871e+01	8.71084e-11
1.55052e+01	7.78165e-11
1.55233e+01	6.94952e-11
1.55414e+01	6.20455e-11
1.55595e+01	5.53785e-11
1.55776e+01	4.94137e-11
1.55957e+01	4.40792e-11
1.56138e+01	3.93098e-11
1.56318e+01	3.50473e-11
1.56499e+01	3.12390e-11
1.56680e+01	2.78379e-11
1.56861e+01	2.48014e-11
1.57042e+01	2.20914e-11
1.57223e+01	1.96739e-11
1.57404e+01	1.75182e-11
1.57585e+01	1.55966e-11
1.57766e+01	1.38816e-11
1.57947e+01	1.23479e-11
1.58128e+01	1.09774e-11
1.58309e+01	9.75341e-12
1.58490e+01	8.66094e-12
1.58670e+01	7.68651e-12
1.58851e+01	6.81783e-12
1.59032e+01	6.04390e-12
1.59213e+01	5.35482e-12
1.59394e+01	4.74161e-12
1.59575e+01	4.19619e-12
1.59756e+01	3.71140e-12
1.59937e+01	3.28079e-12
1.60118e+01	2.89865e-12
1.60299e+01	2.55983e-12
1.60480e+01	2.25961e-12
1.60661e+01	1.99373e-12
1.60842e+01	1.75843e-12
1.61023e+01	1.55026e-12
1.61203e+01	1.36616e-12
1.61384e+01	1.20343e-12
1.61565e+01	1.05966e-12
1.61746e+01	9.32684e-13
1.61927e+01	8.20595e-13
1.62108e+01	7.21692e-13
1.62289e+01	6.34458e-13
1.62470e+01	5.57545e-13
1.62651e+01	4.89762e-13
1.62832e+01	4.30052e-13
1.63013e+01	3.77479e-13
1.63194e+01	3.31204e-13
1.63375e+01	2.90487e-13
1.63555e+01	2.54681e-13
1.63736e+01	2.23203e-13
1.63917e+01	1.95541e-13
1.64098e+01	1.71244e-13
1.64279e+01	1.49911e-13
1.64460e+01	1.31186e-13
1.64641e+01	1.14759e-13
1.64822e+01	1.00353e-13
1.65003e+01	8.77241e-14
1.65184e+01	7.66557e-14
1.65365e+01	6.69590e-14
1.65546e+01	5.84658e-14
1.65727e+01	5.10303e-14
1.65907e+01	4.45239e-14
1.66088e+01	3.88326e-14
1.66269e+01	3.38562e-14
1.66450e+01	2.95064e-14
1.66631e+01	2.57058e-14
1.66812e+01	2.23865e-14
1.66993e+01	1.94886e-14
1.67174e+01	1.69597e-14
1.67355e+01	1.47537e-14
1.67536e+01	1.28299e-14
1.67717e+01	1.11530e-14
1.67898e+01	9.69182e-15
1.68079e+01	8.41906e-15
1.68259e+01	7.31082e-15
1.68440e+01	6.34621e-15
1.68621e+01	5.50693e-15
1.68802e+01	4.77698e-15
1.68983e+01	4.14236e-15
1.69164e+01	3.59080e-15
1.69345e+01	3.11158e-15
1.69526e+01	2.69538e-15
1.69707e+01	2.33404e-15
1.69888e+01	2.02044e-15
1.70069e+01	1.74839e-15
1.70250e+01	1.51248e-15
1.70431e+01	1.30799e-15
1.70611e+01	1.13079e-15
1.70792e+01	9.77297e-16
1.70973e+01	8.44388e-16
1.71154e+01	7.29340e-16
1.71335e+01	6.29783e-16
1.71516e+01	5.43654e-16
1.71697e+01	4.69166e-16
1.71878e+01	4.04764e-16
1.72059e+01	3.49101e-16
1.72240e+01	3.01005e-16
1.72421e+01	2.59461e-16
1.72602e+01	2.23587e-16
1.72783e+01	1.92619e-16
1.72964e+01	1.65894e-16
1.73144e+01	1.42838e-16
1.73325e+01	1.22950e-16
1.73506e+01	1.05803e-16
1.73687e+01	9.10210e-17
1.73868e+01	7.82830e-17
1.74049e+01	6.73092e-17
1.74230e+01	5.78581e-17
1.74411e+01	4.97207e-17
1.74592e+01	4.27162e-17
1.74773e+01	3.66885e-17
1.74954e+01	3.15031e-17
1.75135e+01	2.70433e-17
1.75316e+01	2.32089e-17
1.75496e+01	1.99128e-17
1.75677e+01	1.70803e-17
1.75858e+01	1.46469e-17
1.76039e+01	1.25569e-17
1.76220e+01	1.07624e-17
1.76401e+01	9.22211e-18
1.76582e+01	7.90042e-18
1.76763e+01	6.76665e-18
1.76944e+01	5.79441e-18
1.77125e+01	4.96097e-18
1.77306e+01	4.24677e-18
1.77487e+01	3.63499e-18
1.77668e+01	3.11118e-18
1.77848e+01	2.66290e-18
1.78029e+01	2.27949e-18
1.78210e+01	1.95176e-18
1.78391e+01	1.67190e-18
1.78572e+01	1.43317e-18
1.78753e+01	1.22980e-18
1.78934e+01	1.05687e-18
1.79115e+01	9.10173e-19
1.79296e+01	7.86138e-19
1.79477e+01	6.81729e-19
1.79658e+01	5.94387e-19
1.79839e+01	5.21961e-19
1.80020e+01	4.62660e-19
1.80200e+01	4.15005e-19
1.80381e+01	3.77798e-19
1.80562e+01	3.50074e-19
1.80743e+01	3.31299e-19
1.80924e+01	3.18863e-19
