# The ell = 1 distribution, the first anisotropy.
# E_N [Td]	1.00000e+01
# col_1: Electron Energy [eV], col_2: f1 [eV^(-3/2)]
eV	f1
1.94451e-02	1.22044e-03
3.88902e-02	2.50305e-03
5.83354e-02	3.23045e-03
7.77805e-02	3.61551e-03
9.72256e-02	3.79638e-03
1.16671e-01	3.80694e-03
1.36116e-01	3.76110e-03
1.55561e-01	3.70680e-03
1.75006e-01	3.64417e-03
1.94451e-01	3.58433e-03
2.13896e-01	3.53444e-03
2.33341e-01	3.47431e-03
2.52787e-01	3.40322e-03
2.72232e-01	3.34368e-03
2.91677e-01	3.32035e-03
3.11122e-01	3.30744e-03
3.30567e-01	3.26345e-03
3.50012e-01	3.20674e-03
3.69457e-01	3.15115e-03
3.88902e-01	3.09809e-03
4.08348e-01	3.04893e-03
4.27793e-01	3.00370e-03
4.47238e-01	2.96185e-03
4.66683e-01	2.92287e-03
4.86128e-01	2.88666e-03
5.05573e-01	2.85302e-03
5.25018e-01	2.82173e-03
5.44463e-01	2.79247e-03
5.63909e-01	2.76525e-03
5.83354e-01	2.74004e-03
6.02799e-01	2.71694e-03
6.22244e-01	2.69582e-03
6.41689e-01	2.67639e-03
6.61134e-01	2.65841e-03
6.80579e-01	2.64171e-03
7.00024e-01	2.62564e-03
7.19469e-01	2.61002e-03
7.38915e-01	2.59475e-03
7.58360e-01	2.57975e-03
7.77805e-01	2.56501e-03
7.97250e-01	2.55057e-03
8.16695e-01	2.53639e-03
8.36140e-01	2.52243e-03
8.55585e-01	2.50859e-03
8.75030e-01	2.49483e-03
8.94476e-01	2.48104e-03
9.13921e-01	2.46719e-03
9.33366e-01	2.45329e-03
9.52811e-01	2.43929e-03
9.72256e-01	2.42522e-03
9.91701e-01	2.41097e-03
1.01115e+00	2.39636e-03
1.03059e+00	2.38157e-03
1.05004e+00	2.36651e-03
1.06948e+00	2.35122e-03
1.08893e+00	2.33568e-03
1.10837e+00	2.32001e-03
1.12782e+00	2.30402e-03
1.14726e+00	2.28763e-03
1.16671e+00	2.27091e-03
1.18615e+00	2.25389e-03
1.20560e+00	2.23700e-03
1.22504e+00	2.22026e-03
1.24449e+00	2.20327e-03
1.26393e+00	2.18601e-03
1.28338e+00	2.16831e-03
1.30282e+00	2.15010e-03
1.32227e+00	2.13151e-03
1.34171e+00	2.11267e-03
1.36116e+00	2.09399e-03
1.38060e+00	2.07558e-03
1.40005e+00	2.05724e-03
1.41949e+00	2.03892e-03
1.43894e+00	2.02071e-03
1.45838e+00	2.00259e-03
1.47783e+00	1.98533e-03
1.49727e+00	1.96914e-03
1.51672e+00	1.95290e-03
1.53616e+00	1.93600e-03
1.55561e+00	1.91864e-03
1.57505e+00	1.90104e-03
1.59450e+00	1.88326e-03
1.61395e+00	1.86565e-03
1.63339e+00	1.84822e-03
1.65284e+00	1.83096e-03
1.67228e+00	1.81385e-03
1.69173e+00	1.79690e-03
1.71117e+00	1.78033e-03
1.73062e+00	1.76399e-03
1.75006e+00	1.74798e-03
1.76951e+00	1.73225e-03
1.78895e+00	1.71681e-03
1.80840e+00	1.70165e-03
1.82784e+00	1.68676e-03
1.84729e+00	1.67213e-03
1.86673e+00	1.65776e-03
1.88618e+00	1.64366e-03
1.90562e+00	1.62981e-03
1.92507e+00	1.61622e-03
1.94451e+00	1.60282e-03
1.96396e+00	1.58960e-03
1.98340e+00	1.57665e-03
2.00285e+00	1.56383e-03
2.02229e+00	1.55128e-03
2.04174e+00	1.53895e-03
2.06118e+00	1.52680e-03
2.08063e+00	1.51483e-03
2.10007e+00	1.50305e-03
2.11952e+00	1.49146e-03
2.13896e+00	1.48004e-03
2.15841e+00	1.46880e-03
2.17785e+00	1.45773e-03
2.19730e+00	1.44683e-03
2.21674e+00	1.43609e-03
2.23619e+00	1.42552e-03
2.25563e+00	1.41510e-03
2.27508e+00	1.40485e-03
2.29452e+00	1.39475e-03
2.31397e+00	1.38480e-03
2.33341e+00	1.37499e-03
2.35286e+00	1.36534e-03
2.37230e+00	1.35583e-03
2.39175e+00	1.34646e-03
2.41119e+00	1.33723e-03
2.43064e+00	1.32814e-03
2.45009e+00	1.31917e-03
2.46953e+00	1.31034e-03
2.48898e+00	1.30166e-03
2.50842e+00	1.29308e-03
2.52787e+00	1.28464e-03
2.54731e+00	1.27634e-03
2.56676e+00	1.26814e-03
2.58620e+00	1.26007e-03
2.60565e+00	1.25211e-03
2.62509e+00	1.24427e-03
2.64454e+00	1.23654e-03
2.66398e+00	1.22892e-03
2.68343e+00	1.22142e-03
2.70287e+00	1.21401e-03
2.72232e+00	1.20672e-03
2.74176e+00	1.19954e-03
2.76121e+00	1.19245e-03
2.78065e+00	1.18547e-03
2.80010e+00	1.17859e-03
2.81954e+00	1.17181e-03
2.83899e+00	1.16513e-03
2.85843e+00	1.15854e-03
2.87788e+00	1.15205e-03
2.89732e+00	1.14565e-03
2.91677e+00	1.13935e-03
2.93621e+00	1.13313e-03
2.95566e+00	1.12700e-03
2.97510e+00	1.12097e-03
2.99455e+00	1.11500e-03
3.01399e+00	1.10912e-03
3.03344e+00	1.10334e-03
3.05288e+00	1.09762e-03
3.07233e+00	1.09199e-03
3.09177e+00	1.08644e-03
3.11122e+00	1.08097e-03
3.13066e+00	1.07557e-03
3.15011e+00	1.07026e-03
3.16955e+00	1.06501e-03
3.18900e+00	1.05984e-03
3.20844e+00	1.05475e-03
3.22789e+00	1.04973e-03
3.24734e+00	1.04478e-03
3.26678e+00	1.03989e-03
3.28623e+00	1.03508e-03
3.30567e+00	1.03033e-03
3.32512e+00	1.02565e-03
3.34456e+00	1.02104e-03
3.36401e+00	1.01649e-03
3.38345e+00	1.01200e-03
3.40290e+00	1.00758e-03
3.42234e+00	1.00322e-03
3.44179e+00	9.98914e-04
3.46123e+00	9.94671e-04
3.48068e+00	9.90487e-04
3.50012e+00	9.86361e-04
3.51957e+00	9.82291e-04
3.53901e+00	9.78278e-04
3.55846e+00	9.74319e-04
3.57790e+00	9.70416e-04
3.59735e+00	9.66567e-04
3.61679e+00	9.62769e-04
3.63624e+00	9.59025e-04
3.65568e+00	9.55330e-04
3.67513e+00	9.51686e-04
3.69457e+00	9.48091e-04
3.71402e+00	9.44545e-04
3.73346e+00	9.41047e-04
3.75291e+00	9.37596e-04
3.77235e+00	9.34192e-04
3.79180e+00	9.30834e-04
3.81124e+00	9.27521e-04
3.83069e+00	9.24252e-04
3.85013e+00	9.21027e-04
3.86958e+00	9.17846e-04
3.88902e+00	9.14706e-04
3.90847e+00	9.11610e-04
3.92791e+00	9.08554e-04
3.94736e+00	9.05595e-04
3.96680e+00	9.02472e-04
3.98625e+00	8.99663e-04
4.00569e+00	8.96941e-04
4.02514e+00	8.94204e-04
4.04459e+00	8.91512e-04
4.06403e+00	8.88815e-04
4.08348e+00	8.86263e-04
4.10292e+00	8.83703e-04
4.12237e+00	8.81184e-04
4.14181e+00	8.78701e-04
4.16126e+00	8.76252e-04
4.18070e+00	8.73838e-04
4.20015e+00	8.71457e-04
4.21959e+00	8.69111e-04
4.23904e+00	8.66796e-04
4.25848e+00	8.64517e-04
4.27793e+00	8.62268e-04
4.29737e+00	8.60051e-04
4.31682e+00	8.57865e-04
4.33626e+00	8.55710e-04
4.35571e+00	8.53586e-04
4.37515e+00	8.51491e-04
4.39460e+00	8.49425e-04
4.41404e+00	8.47389e-04
4.43349e+00	8.45380e-04
4.45293e+00	8.43400e-04
4.47238e+00	8.41447e-04
4.49182e+00	8.39521e-04
4.51127e+00	8.37623e-04
4.53071e+00	8.35750e-04
4.55016e+00	8.33902e-04
4.56960e+00	8.32081e-04
4.58905e+00	8.30284e-04
4.60849e+00	8.28513e-04
4.62794e+00	8.26766e-04
4.64738e+00	8.25042e-04
4.66683e+00	8.23343e-04
4.68627e+00	8.21667e-04
4.70572e+00	8.20013e-04
4.72516e+00	8.18384e-04
4.74461e+00	8.16777e-04
4.76405e+00	8.15191e-04
4.78350e+00	8.13627e-04
4.80294e+00	8.12086e-04
4.82239e+00	8.10564e-04
4.84184e+00	8.09061e-04
4.86128e+00	8.07580e-04
4.88073e+00	8.06121e-04
4.90017e+00	8.04675e-04
4.91962e+00	8.03247e-04
4.93906e+00	8.01865e-04
4.95851e+00	8.00489e-04
4.97795e+00	7.99135e-04
4.99740e+00	7.97815e-04
5.01684e+00	7.96431e-04
5.03629e+00	7.95212e-04
5.05573e+00	7.93953e-04
5.07518e+00	7.92717e-04
5.09462e+00	7.91498e-04
5.11407e+00	7.90293e-04
5.13351e+00	7.89107e-04
5.15296e+00	7.87937e-04
5.17240e+00	7.86782e-04
5.19185e+00	7.85642e-04
5.21129e+00	7.84517e-04
5.23074e+00	7.83408e-04
5.25018e+00	7.82309e-04
5.26963e+00	7.81227e-04
5.28907e+00	7.80157e-04
5.30852e+00	7.79102e-04
5.32796e+00	7.78059e-04
5.34741e+00	7.77030e-04
5.36685e+00	7.76015e-04
5.38630e+00	7.75012e-04
5.40574e+00	7.74022e-04
5.42519e+00	7.73042e-04
5.44463e+00	7.72077e-04
5.46408e+00	7.71120e-04
5.48352e+00	7.70175e-04
5.50297e+00	7.69241e-04
5.52241e+00	7.68318e-04
5.54186e+00	7.67406e-04
5.56130e+00	7.66502e-04
5.58075e+00	7.65612e-04
5.60019e+00	7.64731e-04
5.61964e+00	7.63859e-04
5.63909e+00	7.62996e-04
5.65853e+00	7.62143e-04
5.67798e+00	7.61300e-04
5.69742e+00	7.60462e-04
5.71687e+00	7.59634e-04
5.73631e+00	7.58814e-04
5.75576e+00	7.58002e-04
5.77520e+00	7.57198e-04
5.79465e+00	7.56401e-04
5.81409e+00	7.55614e-04
5.83354e+00	7.54833e-04
5.85298e+00	7.54059e-04
5.87243e+00	7.53291e-04
5.89187e+00	7.52526e-04
5.91132e+00	7.51794e-04
5.93076e+00	7.51011e-04
5.95021e+00	7.50256e-04
5.96965e+00	7.49505e-04
5.98910e+00	7.48760e-04
6.00854e+00	7.47999e-04
6.02799e+00	7.47328e-04
6.04743e+00	7.46523e-04
6.06688e+00	7.45770e-04
6.08632e+00	7.45018e-04
6.10577e+00	7.44271e-04
6.12521e+00	7.43528e-04
6.14466e+00	7.42789e-04
6.16410e+00	7.42055e-04
6.18355e+00	7.41325e-04
6.20299e+00	7.40598e-04
6.22244e+00	7.39875e-04
6.24188e+00	7.39155e-04
6.26133e+00	7.38438e-04
6.28077e+00	7.37725e-04
6.30022e+00	7.37011e-04
6.31966e+00	7.36301e-04
6.33911e+00	7.35593e-04
6.35855e+00	7.34887e-04
6.37800e+00	7.34183e-04
6.39744e+00	7.33481e-04
6.41689e+00	7.32780e-04
6.43633e+00	7.32080e-04
6.45578e+00	7.31382e-04
6.47523e+00	7.30684e-04
6.49467e+00	7.29988e-04
6.51412e+00	7.29294e-04
6.53356e+00	7.28594e-04
6.55301e+00	7.27905e-04
6.57245e+00	7.27212e-04
6.59190e+00	7.26520e-04
6.61134e+00	7.25828e-04
6.63079e+00	7.25135e-04
6.65023e+00	7.24442e-04
6.66968e+00	7.23750e-04
6.68912e+00	7.23053e-04
6.70857e+00	7.22356e-04
6.72801e+00	7.21659e-04
6.74746e+00	7.20960e-04
6.76690e+00	7.20260e-04
6.78635e+00	7.19559e-04
6.80579e+00	7.18856e-04
6.82524e+00	7.18149e-04
6.84468e+00	7.17441e-04
6.86413e+00	7.16730e-04
6.88357e+00	7.16018e-04
6.90302e+00	7.15281e-04
6.92246e+00	7.14604e-04
6.94191e+00	7.13891e-04
6.96135e+00	7.13028e-04
6.98080e+00	7.12237e-04
7.00024e+00	7.11433e-04
7.01969e+00	7.10629e-04
7.03913e+00	7.09809e-04
7.05858e+00	7.09011e-04
7.07802e+00	7.08235e-04
7.09747e+00	7.07299e-04
7.11691e+00	7.06431e-04
7.13636e+00	7.05551e-04
7.15580e+00	7.04669e-04
7.17525e+00	7.03784e-04
7.19469e+00	7.02895e-04
7.21414e+00	7.02004e-04
7.23358e+00	7.01109e-04
7.25303e+00	7.00210e-04
7.27248e+00	6.99307e-04
7.29192e+00	6.98401e-04
7.31137e+00	6.97491e-04
7.33081e+00	6.96577e-04
7.35026e+00	6.95659e-04
7.36970e+00	6.94737e-04
7.38915e+00	6.93811e-04
7.40859e+00	6.92880e-04
7.42804e+00	6.91945e-04
7.44748e+00	6.91005e-04
7.46693e+00	6.90061e-04
7.48637e+00	6.89111e-04
7.50582e+00	6.88157e-04
7.52526e+00	6.87198e-04
7.54471e+00	6.86233e-04
7.56415e+00	6.85264e-04
7.58360e+00	6.84289e-04
7.60304e+00	6.83309e-04
7.62249e+00	6.82323e-04
7.64193e+00	6.81332e-04
7.66138e+00	6.80335e-04
7.68082e+00	6.79333e-04
7.70027e+00	6.78325e-04
7.71971e+00	6.77310e-04
7.73916e+00	6.76290e-04
7.75860e+00	6.75264e-04
7.77805e+00	6.74232e-04
7.79749e+00	6.73193e-04
7.81694e+00	6.72148e-04
7.83638e+00	6.71097e-04
7.85583e+00	6.70039e-04
7.87527e+00	6.68974e-04
7.89472e+00	6.67903e-04
7.91416e+00	6.66825e-04
7.93361e+00	6.65741e-04
7.95305e+00	6.64649e-04
7.97250e+00	6.63551e-04
7.99194e+00	6.62445e-04
8.01139e+00	6.61333e-04
8.03083e+00	6.60213e-04
8.05028e+00	6.59086e-04
8.06973e+00	6.57952e-04
8.08917e+00	6.56810e-04
8.10862e+00	6.55661e-04
8.12806e+00	6.54505e-04
8.14751e+00	6.53341e-04
8.16695e+00	6.52169e-04
8.18640e+00	6.50990e-04
8.20584e+00	6.49802e-04
8.22529e+00	6.48608e-04
8.24473e+00	6.47405e-04
8.26418e+00	6.46194e-04
8.28362e+00	6.44975e-04
8.30307e+00	6.43749e-04
8.32251e+00	6.42515e-04
8.34196e+00	6.41272e-04
8.36140e+00	6.40021e-04
8.38085e+00	6.38762e-04
8.40029e+00	6.37495e-04
8.41974e+00	6.36219e-04
8.43918e+00	6.34935e-04
8.45863e+00	6.33642e-04
8.47807e+00	6.32341e-04
8.49752e+00	6.31032e-04
8.51696e+00	6.29714e-04
8.53641e+00	6.28387e-04
8.55585e+00	6.27052e-04
8.57530e+00	6.25707e-04
8.59474e+00	6.24355e-04
8.61419e+00	6.22993e-04
8.63363e+00	6.21623e-04
8.65308e+00	6.20243e-04
8.67252e+00	6.18855e-04
8.69197e+00	6.17458e-04
8.71141e+00	6.16052e-04
8.73086e+00	6.14637e-04
8.75030e+00	6.13213e-04
8.76975e+00	6.11780e-04
8.78919e+00	6.10338e-04
8.80864e+00	6.08888e-04
8.82808e+00	6.07428e-04
8.84753e+00	6.05958e-04
8.86698e+00	6.04480e-04
8.88642e+00	6.02993e-04
8.90587e+00	6.01485e-04
8.92531e+00	6.00009e-04
8.94476e+00	5.98472e-04
8.96420e+00	5.96907e-04
8.98365e+00	5.95350e-04
9.00309e+00	5.93782e-04
9.02254e+00	5.92206e-04
9.04198e+00	5.90621e-04
9.06143e+00	5.89028e-04
9.08087e+00	5.87425e-04
9.10032e+00	5.85815e-04
9.11976e+00	5.84195e-04
9.13921e+00	5.82567e-04
9.15865e+00	5.80930e-04
9.17810e+00	5.79284e-04
9.19754e+00	5.77630e-04
9.21699e+00	5.75967e-04
9.23643e+00	5.74296e-04
9.25588e+00	5.72614e-04
9.27532e+00	5.70930e-04
9.29477e+00	5.69229e-04
9.31421e+00	5.67516e-04
9.33366e+00	5.65798e-04
9.35310e+00	5.64070e-04
9.37255e+00	5.62334e-04
9.39199e+00	5.60590e-04
9.41144e+00	5.58837e-04
9.43088e+00	5.57076e-04
9.45033e+00	5.55307e-04
9.46977e+00	5.53529e-04
9.48922e+00	5.51743e-04
9.50866e+00	5.49949e-04
9.52811e+00	5.48146e-04
9.54755e+00	5.46335e-04
9.56700e+00	5.44516e-04
9.58644e+00	5.42689e-04
9.60589e+00	5.40852e-04
9.62533e+00	5.38998e-04
9.64478e+00	5.37182e-04
9.66423e+00	5.35276e-04
9.68367e+00	5.33394e-04
9.70312e+00	5.31501e-04
9.72256e+00	5.29602e-04
9.74201e+00	5.27694e-04
9.76145e+00	5.25780e-04
9.78090e+00	5.23858e-04
9.80034e+00	5.21928e-04
9.81979e+00	5.19992e-04
9.83923e+00	5.18048e-04
9.85868e+00	5.16097e-04
9.87812e+00	5.14139e-04
9.89757e+00	5.12174e-04
9.91701e+00	5.10202e-04
9.93646e+00	5.08222e-04
9.95590e+00	5.06236e-04
9.97535e+00	5.04243e-04
9.99479e+00	5.02143e-04
1.00142e+01	5.00430e-04
1.00337e+01	4.98109e-04
1.00531e+01	4.95881e-04
1.00726e+01	4.93691e-04
1.00920e+01	4.91497e-04
1.01115e+01	4.89302e-04
1.01309e+01	4.87108e-04
1.01504e+01	4.84913e-04
1.01698e+01	4.82718e-04
1.01892e+01	4.80524e-04
1.02087e+01	4.78329e-04
1.02281e+01	4.76134e-04
1.02476e+01	4.73939e-04
1.02670e+01	4.71744e-04
1.02865e+01	4.69549e-04
1.03059e+01	4.67354e-04
1.03254e+01	4.65160e-04
1.03448e+01	4.62966e-04
1.03642e+01	4.60772e-04
1.03837e+01	4.58579e-04
1.04031e+01	4.56386e-04
1.04226e+01	4.54193e-04
1.04420e+01	4.52001e-04
1.04615e+01	4.49810e-04
1.04809e+01	4.47619e-04
1.05004e+01	4.45429e-04
1.05198e+01	4.43239e-04
1.05393e+01	4.41050e-04
1.05587e+01	4.38862e-04
1.05781e+01	4.36618e-04
1.05976e+01	4.34584e-04
1.06170e+01	4.32270e-04
1.06365e+01	4.29913e-04
1.06559e+01	4.27624e-04
1.06754e+01	4.25335e-04
1.06948e+01	4.23054e-04
1.07143e+01	4.20779e-04
1.07337e+01	4.18510e-04
1.07532e+01	4.16248e-04
1.07726e+01	4.13993e-04
1.07920e+01	4.11745e-04
1.08115e+01	4.09503e-04
1.08309e+01	4.07267e-04
1.08504e+01	4.05039e-04
1.08698e+01	4.02817e-04
1.08893e+01	4.00602e-04
1.09087e+01	3.98393e-04
1.09282e+01	3.96192e-04
1.09476e+01	3.93997e-04
1.09670e+01	3.91808e-04
1.09865e+01	3.89627e-04
1.10059e+01	3.87452e-04
1.10254e+01	3.85284e-04
1.10448e+01	3.83122e-04
1.10643e+01	3.80968e-04
1.10837e+01	3.78820e-04
1.11032e+01	3.76679e-04
1.11226e+01	3.74545e-04
1.11421e+01	3.72417e-04
1.11615e+01	3.70296e-04
1.11809e+01	3.68183e-04
1.12004e+01	3.66076e-04
1.12198e+01	3.63975e-04
1.12393e+01	3.61882e-04
1.12587e+01	3.59795e-04
1.12782e+01	3.57715e-04
1.12976e+01	3.55643e-04
1.13171e+01	3.53576e-04
1.13365e+01	3.51517e-04
1.13560e+01	3.49465e-04
1.13754e+01	3.47419e-04
1.13948e+01	3.45380e-04
1.14143e+01	3.43348e-04
1.14337e+01	3.41323e-04
1.14532e+01	3.39305e-04
1.14726e+01	3.37293e-04
1.14921e+01	3.35288e-04
1.15115e+01	3.33289e-04
1.15310e+01	3.31295e-04
1.15504e+01	3.29304e-04
1.15698e+01	3.26948e-04
1.15893e+01	3.24050e-04
1.16087e+01	3.20633e-04
1.16282e+01	3.16618e-04
1.16476e+01	3.11306e-04
1.16671e+01	3.04830e-04
1.16865e+01	2.98285e-04
1.17060e+01	2.92132e-04
1.17254e+01	2.86504e-04
1.17449e+01	2.81212e-04
1.17643e+01	2.75839e-04
1.17837e+01	2.70234e-04
1.18032e+01	2.64602e-04
1.18226e+01	2.58866e-04
1.18421e+01	2.52011e-04
1.18615e+01	2.43690e-04
1.18810e+01	2.36259e-04
1.19004e+01	2.29899e-04
1.19199e+01	2.24064e-04
1.19393e+01	2.18595e-04
1.19587e+01	2.13388e-04
1.19782e+01	2.08354e-04
1.19976e+01	2.03456e-04
1.20171e+01	1.98660e-04
1.20365e+01	1.93942e-04
1.20560e+01	1.89298e-04
1.20754e+01	1.84725e-04
1.20949e+01	1.80226e-04
1.21143e+01	1.75784e-04
1.21338e+01	1.71380e-04
1.21532e+01	1.67012e-04
1.21726e+01	1.62684e-04
1.21921e+01	1.58401e-04
1.22115e+01	1.54148e-04
1.22310e+01	1.49909e-04
1.22504e+01	1.45679e-04
1.22699e+01	1.41464e-04
1.22893e+01	1.37273e-04
1.23088e+01	1.33112e-04
1.23282e+01	1.29012e-04
1.23477e+01	1.24979e-04
1.23671e+01	1.21015e-04
1.23865e+01	1.17122e-04
1.24060e+01	1.13301e-04
1.24254e+01	1.09537e-04
1.24449e+01	1.05833e-04
1.24643e+01	1.02187e-04
1.24838e+01	9.86037e-05
1.25032e+01	9.50845e-05
1.25227e+01	9.16311e-05
1.25421e+01	8.82451e-05
1.25615e+01	8.49384e-05
1.25810e+01	8.16805e-05
1.26004e+01	7.85077e-05
1.26199e+01	7.54157e-05
1.26393e+01	7.24124e-05
1.26588e+01	6.94982e-05
1.26782e+01	6.66716e-05
1.26977e+01	6.39318e-05
1.27171e+01	6.12874e-05
1.27366e+01	5.87370e-05
1.27560e+01	5.62821e-05
1.27754e+01	5.39194e-05
1.27949e+01	5.16455e-05
1.28143e+01	4.94643e-05
1.28338e+01	4.73847e-05
1.28532e+01	4.54117e-05
1.28727e+01	4.35583e-05
1.28921e+01	4.18146e-05
1.29116e+01	4.01441e-05
1.29310e+01	3.84855e-05
1.29505e+01	3.69428e-05
1.29699e+01	3.55317e-05
1.29893e+01	3.41571e-05
1.30088e+01	3.27887e-05
1.30282e+01	3.12154e-05
1.30477e+01	2.94456e-05
1.30671e+01	2.77616e-05
1.30866e+01	2.63464e-05
1.31060e+01	2.51392e-05
1.31255e+01	2.41058e-05
1.31449e+01	2.31829e-05
1.31643e+01	2.22678e-05
1.31838e+01	2.13325e-05
1.32032e+01	2.03807e-05
1.32227e+01	1.94846e-05
1.32421e+01	1.86889e-05
1.32616e+01	1.79576e-05
1.32810e+01	1.72737e-05
1.33005e+01	1.66404e-05
1.33199e+01	1.60457e-05
1.33394e+01	1.54825e-05
1.33588e+01	1.49445e-05
1.33782e+01	1.44249e-05
1.33977e+01	1.39162e-05
1.34171e+01	1.34182e-05
1.34366e+01	1.29265e-05
1.34560e+01	1.24387e-05
1.34755e+01	1.19516e-05
1.34949e+01	1.14812e-05
1.35144e+01	1.10311e-05
1.35338e+01	1.05953e-05
1.35532e+01	1.01722e-05
1.35727e+01	9.76185e-06
1.35921e+01	9.36404e-06
1.36116e+01	8.97864e-06
1.36310e+01	8.60610e-06
1.36505e+01	8.24603e-06
1.36699e+01	7.89827e-06
1.36894e+01	7.56256e-06
1.37088e+01	7.23862e-06
1.37283e+01	6.92625e-06
1.37477e+01	6.62518e-06
1.37671e+01	6.33513e-06
1.37866e+01	6.05588e-06
1.38060e+01	5.78708e-06
1.38255e+01	5.52826e-06
1.38449e+01	5.27920e-06
1.38644e+01	5.03956e-06
1.38838e+01	4.80858e-06
1.39033e+01	4.58578e-06
1.39227e+01	4.37084e-06
1.39422e+01	4.16350e-06
1.39616e+01	3.96368e-06
1.39810e+01	3.77143e-06
1.40005e+01	3.58632e-06
1.40199e+01	3.40814e-06
1.40394e+01	3.23709e-06
1.40588e+01	3.07288e-06
1.40783e+01	2.91549e-06
1.40977e+01	2.76455e-06
1.41172e+01	2.61993e-06
1.41366e+01	2.48150e-06
1.41560e+01	2.34908e-06
1.41755e+01	2.22254e-06
1.41949e+01	2.10169e-06
1.42144e+01	1.98636e-06
1.42338e+01	1.87636e-06
1.42533e+01	1.77143e-06
1.42727e+01	1.67138e-06
1.42922e+01	1.57605e-06
1.43116e+01	1.48529e-06
1.43311e+01	1.39895e-06
1.43505e+01	1.31689e-06
1.43699e+01	1.23895e-06
1.43894e+01	1.16498e-06
1.44088e+01	1.09482e-06
1.44283e+01	1.02833e-06
1.44477e+01	9.65356e-07
1.44672e+01	9.05755e-07
1.44866e+01	8.49392e-07
1.45061e+01	7.96120e-07
1.45255e+01	7.45805e-07
1.45450e+01	6.98313e-07
1.45644e+01	6.53517e-07
1.45838e+01	6.11289e-07
1.46033e+01	5.71509e-07
1.46227e+01	5.34056e-07
1.46422e+01	4.98816e-07
1.46616e+01	4.65676e-07
1.46811e+01	4.34529e-07
1.47005e+01	4.05273e-07
1.47200e+01	3.77811e-07
1.47394e+01	3.52045e-07
1.47588e+01	3.27884e-07
1.47783e+01	3.05240e-07
1.47977e+01	2.84029e-07
1.48172e+01	2.64171e-07
1.48366e+01	2.45587e-07
1.48561e+01	2.28206e-07
1.48755e+01	2.11958e-07
1.48950e+01	1.96777e-07
1.49144e+01	1.82600e-07
1.49339e+01	1.69365e-07
1.49533e+01	1.57015e-07
1.49727e+01	1.45498e-07
1.49922e+01	1.34767e-07
1.50116e+01	1.24775e-07
1.50311e+01	1.15485e-07
1.50505e+01	1.06853e-07
1.50700e+01	9.88388e-08
1.50894e+01	9.13995e-08
1.51089e+01	8.44967e-08
1.51283e+01	7.80936e-08
1.51477e+01	7.21557e-08
1.51672e+01	6.66509e-08
1.51866e+01	6.15493e-08
1.52061e+01	5.68226e-08
1.52255e+01	5.24448e-08
1.52450e+01	4.83914e-08
1.52644e+01	4.46393e-08
1.52839e+01	4.11673e-08
1.53033e+01	3.79553e-08
1.53228e+01	3.49848e-08
1.53422e+01	3.22384e-08
1.53616e+01	2.96999e-08
1.53811e+01	2.73543e-08
1.54005e+01	2.51875e-08
1.54200e+01	2.31866e-08
1.54394e+01	2.13393e-08
1.54589e+01	1.96343e-08
1.54783e+01	1.80613e-08
1.54978e+01	1.66102e-08
1.55172e+01	1.52722e-08
1.55367e+01	1.40387e-08
1.55561e+01	1.29019e-08
1.55755e+01	1.18545e-08
1.55950e+01	1.08898e-08
1.56144e+01	1.00015e-08
1.56339e+01	9.18381e-09
1.56533e+01	8.43139e-09
1.56728e+01	7.73922e-09
1.56922e+01	7.10269e-09
1.57117e+01	6.51752e-09
1.57311e+01	5.97976e-09
1.57505e+01	5.48575e-09
1.57700e+01	5.03207e-09
1.57894e+01	4.61364e-09
1.58089e+01	4.22799e-09
1.58283e+01	3.87272e-09
1.58478e+01	3.54561e-09
1.58672e+01	3.24460e-09
1.58867e+01	2.96774e-09
1.59061e+01	2.71321e-09
1.59256e+01	2.47936e-09
1.59450e+01	2.26458e-09
1.59644e+01	2.06741e-09
1.59839e+01	1.88652e-09
1.60033e+01	1.72069e-09
1.60228e+01	1.56880e-09
1.60422e+01	1.42979e-09
1.60617e+01	1.30263e-09
1.60811e+01	1.18638e-09
1.61006e+01	1.08014e-09
1.61200e+01	9.83076e-10
1.61395e+01	8.94432e-10
1.61589e+01	8.13511e-10
1.61783e+01	7.39663e-10
1.61978e+01	6.72300e-10
1.62172e+01	6.10874e-10
1.62367e+01	5.54879e-10
1.62561e+01	5.03850e-10
1.62756e+01	4.57368e-10
1.62950e+01	4.15043e-10
1.63145e+01	3.76517e-10
1.63339e+01	3.41455e-10
1.63533e+01	3.09564e-10
1.63728e+01	2.80564e-10
1.63922e+01	2.54200e-10
1.64117e+01	2.30245e-10
1.64311e+01	2.08484e-10
1.64506e+01	1.88722e-10
1.64700e+01	1.70784e-10
1.64895e+01	1.54505e-10
1.65089e+01	1.39736e-10
1.65284e+01	1.26340e-10
1.65478e+01	1.14192e-10
1.65672e+01	1.03179e-10
1.65867e+01	9.31991e-11
1.66061e+01	8.41592e-11
1.66256e+01	7.59728e-11
1.66450e+01	6.85615e-11
1.66645e+01	6.18540e-11
1.66839e+01	5.57857e-11
1.67034e+01	5.02976e-11
1.67228e+01	4.53360e-11
1.67422e+01	4.08517e-11
1.67617e+01	3.67999e-11
1.67811e+01	3.31402e-11
1.68006e+01	2.98357e-11
1.68200e+01	2.68528e-11
1.68395e+01	2.41610e-11
1.68589e+01	2.17327e-11
1.68784e+01	1.95428e-11
1.68978e+01	1.75685e-11
1.69173e+01	1.57892e-11
1.69367e+01	1.41859e-11
1.69561e+01	1.27418e-11
1.69756e+01	1.14414e-11
1.69950e+01	1.02708e-11
1.70145e+01	9.21743e-12
1.70339e+01	8.26993e-12
1.70534e+01	7.41789e-12
1.70728e+01	6.65197e-12
1.70923e+01	5.96366e-12
1.71117e+01	5.34527e-12
1.71312e+01	4.78985e-12
1.71506e+01	4.29111e-12
1.71700e+01	3.84335e-12
1.71895e+01	3.44149e-12
1.72089e+01	3.08091e-12
1.72284e+01	2.75746e-12
1.72478e+01	2.46738e-12
1.72673e+01	2.20730e-12
1.72867e+01	1.97419e-12
1.73062e+01	1.76529e-12
1.73256e+01	1.57813e-12
1.73450e+01	1.41049e-12
1.73645e+01	1.26037e-12
1.73839e+01	1.12597e-12
1.74034e+01	1.00568e-12
1.74228e+01	8.98035e-13
1.74423e+01	8.01737e-13
1.74617e+01	7.15607e-13
1.74812e+01	6.38587e-13
1.75006e+01	5.69731e-13
1.75201e+01	5.08188e-13
1.75395e+01	4.53195e-13
1.75589e+01	4.04061e-13
1.75784e+01	3.60174e-13
1.75978e+01	3.20981e-13
1.76173e+01	2.85990e-13
1.76367e+01	2.54757e-13
1.76562e+01	2.26886e-13
1.76756e+01	2.02019e-13
1.76951e+01	1.79839e-13
1.77145e+01	1.60059e-13
1.77340e+01	1.42425e-13
1.77534e+01	1.26706e-13
1.77728e+01	1.12698e-13
1.77923e+01	1.00217e-13
1.78117e+01	8.90987e-14
1.78312e+01	7.91963e-14
1.78506e+01	7.03799e-14
1.78701e+01	6.25312e-14
1.78895e+01	5.55458e-14
1.79090e+01	4.93299e-14
1.79284e+01	4.37999e-14
1.79478e+01	3.88811e-14
1.79673e+01	3.45072e-14
1.79867e+01	3.06189e-14
1.80062e+01	2.71634e-14
1.80256e+01	2.40932e-14
1.80451e+01	2.13662e-14
1.80645e+01	1.89444e-14
1.80840e+01	1.67942e-14
1.81034e+01	1.48854e-14
1.81229e+01	1.31914e-14
1.81423e+01	1.16883e-14
1.81617e+01	1.03547e-14
1.81812e+01	9.17182e-15
1.82006e+01	8.12266e-15
1.82201e+01	7.19230e-15
1.82395e+01	6.36744e-15
1.82590e+01	5.63622e-15
1.82784e+01	4.98815e-15
1.82979e+01	4.41385e-15
1.83173e+01	3.90505e-15
1.83367e+01	3.45435e-15
1.83562e+01	3.05517e-15
1.83756e+01	2.70169e-15
1.83951e+01	2.38871e-15
1.84145e+01	2.11165e-15
1.84340e+01	1.86643e-15
1.84534e+01	1.64943e-15
1.84729e+01	1.45744e-15
1.84923e+01	1.28759e-15
1.85118e+01	1.13736e-15
1.85312e+01	1.00449e-15
1.85506e+01	8.87013e-16
1.85701e+01	7.83146e-16
1.85895e+01	6.91332e-16
1.86090e+01	6.10185e-16
1.86284e+01	5.38477e-16
1.86479e+01	4.75122e-16
1.86673e+01	4.19156e-16
1.86868e+01	3.69725e-16
1.87062e+01	3.26073e-16
1.87257e+01	2.87531e-16
1.87451e+01	2.53506e-16
1.87645e+01	2.23474e-16
1.87840e+01	1.96971e-16
1.88034e+01	1.73585e-16
1.88229e+01	1.52954e-16
1.88423e+01	1.34757e-16
1.88618e+01	1.18710e-16
1.88812e+01	1.04560e-16
1.89007e+01	9.20856e-17
1.89201e+01	8.10902e-17
1.89395e+01	7.14007e-17
1.89590e+01	6.28639e-17
1.89784e+01	5.53445e-17
1.89979e+01	4.87231e-17
1.90173e+01	4.28945e-17
1.90368e+01	3.77656e-17
1.90562e+01	3.32540e-17
1.90757e+01	2.92874e-17
1.90951e+01	2.58016e-17
1.91146e+01	2.27403e-17
1.91340e+01	2.00536e-17
1.91534e+01	1.76980e-17
1.91729e+01	1.56349e-17
1.91923e+01	1.38308e-17
1.92118e+01	1.22562e-17
1.92312e+01	1.08852e-17
1.92507e+01	9.69538e-18
1.92701e+01	8.66708e-18
1.92896e+01	7.78336e-18
1.93090e+01	7.02960e-18
1.93285e+01	6.39330e-18
1.93479e+01	5.86385e-18
1.93673e+01	5.43236e-18
1.93868e+01	5.09147e-18
1.94062e+01	4.83500e-18
1.94257e+01	4.65935e-18
1.94451e+01	4.54589e-18
