# The ell = 0 distribution, the isotropy.
# E_N [Td]	2.00000e+02
# col_1: Electron Energy [eV], col_2: f0 [eV^(-3/2)]
eV	f0
3.59970e-02	5.11102e-02
1.07991e-01	5.11043e-02
1.79985e-01	5.10975e-02
2.51979e-01	5.10896e-02
3.23973e-01	5.10795e-02
3.95967e-01	5.10663e-02
4.67960e-01	5.10498e-02
5.39954e-01	5.10294e-02
6.11948e-01	5.10046e-02
6.83942e-01	5.09748e-02
7.55936e-01	5.09395e-02
8.27930e-01	5.08984e-02
8.99924e-01	5.08512e-02
9.71918e-01	5.07972e-02
1.04391e+00	5.07357e-02
1.11591e+00	5.06672e-02
1.18790e+00	5.05922e-02
1.25989e+00	5.05107e-02
1.33189e+00	5.04216e-02
1.40388e+00	5.03243e-02
1.47588e+00	5.02189e-02
1.54787e+00	5.01056e-02
1.61986e+00	4.99821e-02
1.69186e+00	4.98454e-02
1.76385e+00	4.96929e-02
1.83584e+00	4.95213e-02
1.90784e+00	4.93262e-02
1.97983e+00	4.91066e-02
2.05183e+00	4.88775e-02
2.12382e+00	4.86454e-02
2.19581e+00	4.84003e-02
2.26781e+00	4.81428e-02
2.33980e+00	4.78977e-02
2.41180e+00	4.76560e-02
2.48379e+00	4.74024e-02
2.55578e+00	4.71578e-02
2.62778e+00	4.69319e-02
2.69977e+00	4.66982e-02
2.77177e+00	4.64651e-02
2.84376e+00	4.62443e-02
2.91575e+00	4.60278e-02
2.98775e+00	4.58161e-02
3.05974e+00	4.56074e-02
3.13174e+00	4.53997e-02
3.20373e+00	4.51950e-02
3.27572e+00	4.49927e-02
3.34772e+00	4.47925e-02
3.41971e+00	4.45943e-02
3.49170e+00	4.43966e-02
3.56370e+00	4.41989e-02
3.63569e+00	4.40007e-02
3.70769e+00	4.38014e-02
3.77968e+00	4.36011e-02
3.85167e+00	4.33995e-02
3.92367e+00	4.31965e-02
3.99566e+00	4.29915e-02
4.06766e+00	4.27841e-02
4.13965e+00	4.25740e-02
4.21164e+00	4.23611e-02
4.28364e+00	4.21455e-02
4.35563e+00	4.19273e-02
4.42763e+00	4.17066e-02
4.49962e+00	4.14833e-02
4.57161e+00	4.12575e-02
4.64361e+00	4.10292e-02
4.71560e+00	4.07984e-02
4.78760e+00	4.05652e-02
4.85959e+00	4.03296e-02
4.93158e+00	4.00916e-02
5.00358e+00	3.98512e-02
5.07557e+00	3.96083e-02
5.14756e+00	3.93628e-02
5.21956e+00	3.91147e-02
5.29155e+00	3.88642e-02
5.36355e+00	3.86112e-02
5.43554e+00	3.83558e-02
5.50753e+00	3.80981e-02
5.57953e+00	3.78381e-02
5.65152e+00	3.75758e-02
5.72352e+00	3.73115e-02
5.79551e+00	3.70450e-02
5.86750e+00	3.67764e-02
5.93950e+00	3.65058e-02
6.01149e+00	3.62333e-02
6.08349e+00	3.59589e-02
6.15548e+00	3.56827e-02
6.22747e+00	3.54049e-02
6.29947e+00	3.51255e-02
6.37146e+00	3.48444e-02
6.44346e+00	3.45619e-02
6.51545e+00	3.42778e-02
6.58744e+00	3.39922e-02
6.65944e+00	3.37053e-02
6.73143e+00	3.34169e-02
6.80343e+00	3.31272e-02
6.87542e+00	3.28362e-02
6.94741e+00	3.25438e-02
7.01941e+00	3.22504e-02
7.09140e+00	3.19561e-02
7.16339e+00	3.16609e-02
7.23539e+00	3.13652e-02
7.30738e+00	3.10688e-02
7.37938e+00	3.07719e-02
7.45137e+00	3.04743e-02
7.52336e+00	3.01762e-02
7.59536e+00	2.98776e-02
7.66735e+00	2.95785e-02
7.73935e+00	2.92789e-02
7.81134e+00	2.89789e-02
7.88333e+00	2.86785e-02
7.95533e+00	2.83777e-02
8.02732e+00	2.80765e-02
8.09932e+00	2.77750e-02
8.17131e+00	2.74732e-02
8.24330e+00	2.71712e-02
8.31530e+00	2.68690e-02
8.38729e+00	2.65666e-02
8.45929e+00	2.62641e-02
8.53128e+00	2.59615e-02
8.60327e+00	2.56589e-02
8.67527e+00	2.53563e-02
8.74726e+00	2.50539e-02
8.81925e+00	2.47517e-02
8.89125e+00	2.44496e-02
8.96324e+00	2.41478e-02
9.03524e+00	2.38464e-02
9.10723e+00	2.35455e-02
9.17922e+00	2.32451e-02
9.25122e+00	2.29452e-02
9.32321e+00	2.26459e-02
9.39521e+00	2.23473e-02
9.46720e+00	2.20492e-02
9.53919e+00	2.17518e-02
9.61119e+00	2.14550e-02
9.68318e+00	2.11589e-02
9.75518e+00	2.08637e-02
9.82717e+00	2.05692e-02
9.89916e+00	2.02756e-02
9.97116e+00	1.99828e-02
1.00432e+01	1.96909e-02
1.01151e+01	1.94006e-02
1.01871e+01	1.91122e-02
1.02591e+01	1.88257e-02
1.03311e+01	1.85410e-02
1.04031e+01	1.82582e-02
1.04751e+01	1.79773e-02
1.05471e+01	1.76982e-02
1.06191e+01	1.74209e-02
1.06911e+01	1.71459e-02
1.07631e+01	1.68735e-02
1.08351e+01	1.66038e-02
1.09071e+01	1.63367e-02
1.09791e+01	1.60721e-02
1.10511e+01	1.58101e-02
1.11231e+01	1.55506e-02
1.11951e+01	1.52936e-02
1.12670e+01	1.50391e-02
1.13390e+01	1.47869e-02
1.14110e+01	1.45371e-02
1.14830e+01	1.42898e-02
1.15550e+01	1.40447e-02
1.16270e+01	1.38019e-02
1.16990e+01	1.35613e-02
1.17710e+01	1.33232e-02
1.18430e+01	1.30874e-02
1.19150e+01	1.28540e-02
1.19870e+01	1.26230e-02
1.20590e+01	1.23946e-02
1.21310e+01	1.21687e-02
1.22030e+01	1.19451e-02
1.22750e+01	1.17239e-02
1.23470e+01	1.15050e-02
1.24190e+01	1.12885e-02
1.24909e+01	1.10744e-02
1.25629e+01	1.08627e-02
1.26349e+01	1.06535e-02
1.27069e+01	1.04472e-02
1.27789e+01	1.02437e-02
1.28509e+01	1.00430e-02
1.29229e+01	9.84515e-03
1.29949e+01	9.65009e-03
1.30669e+01	9.45725e-03
1.31389e+01	9.26761e-03
1.32109e+01	9.08068e-03
1.32829e+01	8.89649e-03
1.33549e+01	8.71495e-03
1.34269e+01	8.53588e-03
1.34989e+01	8.35916e-03
1.35709e+01	8.18489e-03
1.36428e+01	8.01303e-03
1.37148e+01	7.84358e-03
1.37868e+01	7.67654e-03
1.38588e+01	7.51188e-03
1.39308e+01	7.34958e-03
1.40028e+01	7.18962e-03
1.40748e+01	7.03201e-03
1.41468e+01	6.87679e-03
1.42188e+01	6.72398e-03
1.42908e+01	6.57357e-03
1.43628e+01	6.42554e-03
1.44348e+01	6.27991e-03
1.45068e+01	6.13666e-03
1.45788e+01	5.99582e-03
1.46508e+01	5.85737e-03
1.47228e+01	5.72131e-03
1.47947e+01	5.58763e-03
1.48667e+01	5.45632e-03
1.49387e+01	5.32738e-03
1.50107e+01	5.20079e-03
1.50827e+01	5.07656e-03
1.51547e+01	4.95467e-03
1.52267e+01	4.83509e-03
1.52987e+01	4.71781e-03
1.53707e+01	4.60279e-03
1.54427e+01	4.48999e-03
1.55147e+01	4.37941e-03
1.55867e+01	4.27099e-03
1.56587e+01	4.16472e-03
1.57307e+01	4.06057e-03
1.58027e+01	3.95849e-03
1.58747e+01	3.85842e-03
1.59467e+01	3.76034e-03
1.60186e+01	3.66424e-03
1.60906e+01	3.57013e-03
1.61626e+01	3.47799e-03
1.62346e+01	3.38780e-03
1.63066e+01	3.29953e-03
1.63786e+01	3.21317e-03
1.64506e+01	3.12868e-03
1.65226e+01	3.04606e-03
1.65946e+01	2.96526e-03
1.66666e+01	2.88627e-03
1.67386e+01	2.80906e-03
1.68106e+01	2.73361e-03
1.68826e+01	2.65990e-03
1.69546e+01	2.58789e-03
1.70266e+01	2.51757e-03
1.70986e+01	2.44891e-03
1.71705e+01	2.38189e-03
1.72425e+01	2.31647e-03
1.73145e+01	2.25265e-03
1.73865e+01	2.19038e-03
1.74585e+01	2.12964e-03
1.75305e+01	2.07040e-03
1.76025e+01	2.01264e-03
1.76745e+01	1.95632e-03
1.77465e+01	1.90142e-03
1.78185e+01	1.84792e-03
1.78905e+01	1.79578e-03
1.79625e+01	1.74496e-03
1.80345e+01	1.69544e-03
1.81065e+01	1.64720e-03
1.81785e+01	1.60022e-03
1.82505e+01	1.55444e-03
1.83225e+01	1.50986e-03
1.83944e+01	1.46644e-03
1.84664e+01	1.42415e-03
1.85384e+01	1.38298e-03
1.86104e+01	1.34289e-03
1.86824e+01	1.30388e-03
1.87544e+01	1.26590e-03
1.88264e+01	1.22895e-03
1.88984e+01	1.19300e-03
1.89704e+01	1.15802e-03
1.90424e+01	1.12400e-03
1.91144e+01	1.09091e-03
1.91864e+01	1.05875e-03
1.92584e+01	1.02748e-03
1.93304e+01	9.97079e-04
1.94024e+01	9.67535e-04
1.94744e+01	9.38825e-04
1.95463e+01	9.10928e-04
1.96183e+01	8.83825e-04
1.96903e+01	8.57496e-04
1.97623e+01	8.31923e-04
1.98343e+01	8.07088e-04
1.99063e+01	7.82972e-04
1.99783e+01	7.59535e-04
2.00503e+01	7.36750e-04
2.01223e+01	7.14603e-04
2.01943e+01	6.93078e-04
2.02663e+01	6.72161e-04
2.03383e+01	6.51838e-04
2.04103e+01	6.32093e-04
2.04823e+01	6.12913e-04
2.05543e+01	5.94283e-04
2.06263e+01	5.76191e-04
2.06983e+01	5.58621e-04
2.07702e+01	5.41557e-04
2.08422e+01	5.24985e-04
2.09142e+01	5.08894e-04
2.09862e+01	4.93270e-04
2.10582e+01	4.78101e-04
2.11302e+01	4.63376e-04
2.12022e+01	4.49082e-04
2.12742e+01	4.35208e-04
2.13462e+01	4.21743e-04
2.14182e+01	4.08675e-04
2.14902e+01	3.95994e-04
2.15622e+01	3.83690e-04
2.16342e+01	3.71751e-04
2.17062e+01	3.60169e-04
2.17782e+01	3.48932e-04
2.18502e+01	3.38032e-04
2.19221e+01	3.27458e-04
2.19941e+01	3.17204e-04
2.20661e+01	3.07260e-04
2.21381e+01	2.97618e-04
2.22101e+01	2.88270e-04
2.22821e+01	2.79207e-04
2.23541e+01	2.70422e-04
2.24261e+01	2.61905e-04
2.24981e+01	2.53649e-04
2.25701e+01	2.45646e-04
2.26421e+01	2.37889e-04
2.27141e+01	2.30370e-04
2.27861e+01	2.23082e-04
2.28581e+01	2.16019e-04
2.29301e+01	2.09174e-04
2.30021e+01	2.02541e-04
2.30741e+01	1.96113e-04
2.31460e+01	1.89885e-04
2.32180e+01	1.83851e-04
2.32900e+01	1.78004e-04
2.33620e+01	1.72340e-04
2.34340e+01	1.66853e-04
2.35060e+01	1.61537e-04
2.35780e+01	1.56388e-04
2.36500e+01	1.51400e-04
2.37220e+01	1.46569e-04
2.37940e+01	1.41889e-04
2.38660e+01	1.37357e-04
2.39380e+01	1.32967e-04
2.40100e+01	1.28715e-04
2.40820e+01	1.24598e-04
2.41540e+01	1.20611e-04
2.42260e+01	1.16750e-04
2.42979e+01	1.13011e-04
2.43699e+01	1.09390e-04
2.44419e+01	1.05885e-04
2.45139e+01	1.02491e-04
2.45859e+01	9.92050e-05
2.46579e+01	9.60239e-05
2.47299e+01	9.29443e-05
2.48019e+01	8.99623e-05
2.48739e+01	8.70749e-05
2.49459e+01	8.42793e-05
2.50179e+01	8.15726e-05
2.50899e+01	7.89523e-05
2.51619e+01	7.64158e-05
2.52339e+01	7.39595e-05
2.53059e+01	7.15805e-05
2.53779e+01	6.92764e-05
2.54498e+01	6.70448e-05
2.55218e+01	6.48834e-05
2.55938e+01	6.27902e-05
2.56658e+01	6.07628e-05
2.57378e+01	5.87994e-05
2.58098e+01	5.68979e-05
2.58818e+01	5.50565e-05
2.59538e+01	5.32733e-05
2.60258e+01	5.15467e-05
2.60978e+01	4.98750e-05
2.61698e+01	4.82567e-05
2.62418e+01	4.66899e-05
2.63138e+01	4.51733e-05
2.63858e+01	4.37051e-05
2.64578e+01	4.22838e-05
2.65298e+01	4.09080e-05
2.66018e+01	3.95763e-05
2.66737e+01	3.82873e-05
2.67457e+01	3.70397e-05
2.68177e+01	3.58321e-05
2.68897e+01	3.46633e-05
2.69617e+01	3.35321e-05
2.70337e+01	3.24372e-05
2.71057e+01	3.13777e-05
2.71777e+01	3.03522e-05
2.72497e+01	2.93598e-05
2.73217e+01	2.83994e-05
2.73937e+01	2.74700e-05
2.74657e+01	2.65706e-05
2.75377e+01	2.57003e-05
2.76097e+01	2.48581e-05
2.76817e+01	2.40432e-05
2.77537e+01	2.32547e-05
2.78256e+01	2.24917e-05
2.78976e+01	2.17535e-05
2.79696e+01	2.10392e-05
2.80416e+01	2.03480e-05
2.81136e+01	1.96794e-05
2.81856e+01	1.90324e-05
2.82576e+01	1.84065e-05
2.83296e+01	1.78009e-05
2.84016e+01	1.72150e-05
2.84736e+01	1.66483e-05
2.85456e+01	1.61000e-05
2.86176e+01	1.55696e-05
2.86896e+01	1.50565e-05
2.87616e+01	1.45602e-05
2.88336e+01	1.40801e-05
2.89056e+01	1.36157e-05
2.89776e+01	1.31665e-05
2.90495e+01	1.27321e-05
2.91215e+01	1.23119e-05
2.91935e+01	1.19055e-05
2.92655e+01	1.15125e-05
2.93375e+01	1.11324e-05
2.94095e+01	1.07648e-05
2.94815e+01	1.04093e-05
2.95535e+01	1.00655e-05
2.96255e+01	9.73309e-06
2.96975e+01	9.41160e-06
2.97695e+01	9.10070e-06
2.98415e+01	8.80006e-06
2.99135e+01	8.50935e-06
2.99855e+01	8.22825e-06
3.00575e+01	7.95646e-06
3.01295e+01	7.69365e-06
3.02014e+01	7.43939e-06
3.02734e+01	7.19342e-06
3.03454e+01	6.95546e-06
3.04174e+01	6.72526e-06
3.04894e+01	6.50258e-06
3.05614e+01	6.28716e-06
3.06334e+01	6.07879e-06
3.07054e+01	5.87722e-06
3.07774e+01	5.68225e-06
3.08494e+01	5.49365e-06
3.09214e+01	5.31123e-06
3.09934e+01	5.13478e-06
3.10654e+01	4.96412e-06
3.11374e+01	4.79905e-06
3.12094e+01	4.63940e-06
3.12814e+01	4.48499e-06
3.13534e+01	4.33566e-06
3.14253e+01	4.19123e-06
3.14973e+01	4.05155e-06
3.15693e+01	3.91647e-06
3.16413e+01	3.78584e-06
3.17133e+01	3.65951e-06
3.17853e+01	3.53735e-06
3.18573e+01	3.41921e-06
3.19293e+01	3.30497e-06
3.20013e+01	3.19451e-06
3.20733e+01	3.08770e-06
3.21453e+01	2.98441e-06
3.22173e+01	2.88455e-06
3.22893e+01	2.78800e-06
3.23613e+01	2.69464e-06
3.24333e+01	2.60438e-06
3.25053e+01	2.51711e-06
3.25772e+01	2.43273e-06
3.26492e+01	2.35116e-06
3.27212e+01	2.27229e-06
3.27932e+01	2.19605e-06
3.28652e+01	2.12234e-06
3.29372e+01	2.05108e-06
3.30092e+01	1.98219e-06
3.30812e+01	1.91559e-06
3.31532e+01	1.85121e-06
3.32252e+01	1.78897e-06
3.32972e+01	1.72881e-06
3.33692e+01	1.67065e-06
3.34412e+01	1.61444e-06
3.35132e+01	1.56009e-06
3.35852e+01	1.50757e-06
3.36572e+01	1.45679e-06
3.37291e+01	1.40772e-06
3.38011e+01	1.36028e-06
3.38731e+01	1.31443e-06
3.39451e+01	1.27011e-06
3.40171e+01	1.22728e-06
3.40891e+01	1.18589e-06
3.41611e+01	1.14588e-06
3.42331e+01	1.10722e-06
3.43051e+01	1.06985e-06
3.43771e+01	1.03374e-06
3.44491e+01	9.98846e-07
3.45211e+01	9.65122e-07
3.45931e+01	9.32531e-07
3.46651e+01	9.01036e-07
3.47371e+01	8.70600e-07
3.48091e+01	8.41189e-07
3.48811e+01	8.12767e-07
3.49530e+01	7.85301e-07
3.50250e+01	7.58760e-07
3.50970e+01	7.33113e-07
3.51690e+01	7.08329e-07
3.52410e+01	6.84379e-07
3.53130e+01	6.61236e-07
3.53850e+01	6.38873e-07
3.54570e+01	6.17263e-07
3.55290e+01	5.96381e-07
3.56010e+01	5.76204e-07
3.56730e+01	5.56706e-07
3.57450e+01	5.37867e-07
3.58170e+01	5.19663e-07
3.58890e+01	5.02074e-07
3.59610e+01	4.85079e-07
3.60330e+01	4.68658e-07
3.61049e+01	4.52794e-07
3.61769e+01	4.37468e-07
3.62489e+01	4.22661e-07
3.63209e+01	4.08358e-07
3.63929e+01	3.94539e-07
3.64649e+01	3.81190e-07
3.65369e+01	3.68294e-07
3.66089e+01	3.55835e-07
3.66809e+01	3.43799e-07
3.67529e+01	3.32171e-07
3.68249e+01	3.20939e-07
3.68969e+01	3.10087e-07
3.69689e+01	2.99604e-07
3.70409e+01	2.89477e-07
3.71129e+01	2.79693e-07
3.71849e+01	2.70242e-07
3.72569e+01	2.61111e-07
3.73288e+01	2.52291e-07
3.74008e+01	2.43771e-07
3.74728e+01	2.35540e-07
3.75448e+01	2.27588e-07
3.76168e+01	2.19907e-07
3.76888e+01	2.12486e-07
3.77608e+01	2.05318e-07
3.78328e+01	1.98393e-07
3.79048e+01	1.91703e-07
3.79768e+01	1.85241e-07
3.80488e+01	1.78998e-07
3.81208e+01	1.72967e-07
3.81928e+01	1.67141e-07
3.82648e+01	1.61513e-07
3.83368e+01	1.56076e-07
3.84088e+01	1.50824e-07
3.84807e+01	1.45751e-07
3.85527e+01	1.40850e-07
3.86247e+01	1.36117e-07
3.86967e+01	1.31544e-07
3.87687e+01	1.27127e-07
3.88407e+01	1.22860e-07
3.89127e+01	1.18739e-07
3.89847e+01	1.14757e-07
3.90567e+01	1.10911e-07
3.91287e+01	1.07196e-07
3.92007e+01	1.03607e-07
3.92727e+01	1.00141e-07
3.93447e+01	9.67915e-08
3.94167e+01	9.35564e-08
3.94887e+01	9.04312e-08
3.95607e+01	8.74122e-08
3.96327e+01	8.44958e-08
3.97046e+01	8.16785e-08
3.97766e+01	7.89570e-08
3.98486e+01	7.63279e-08
3.99206e+01	7.37882e-08
3.99926e+01	7.13348e-08
4.00646e+01	6.89635e-08
4.01366e+01	6.66715e-08
4.02086e+01	6.44560e-08
4.02806e+01	6.23145e-08
4.03526e+01	6.02445e-08
4.04246e+01	5.82435e-08
4.04966e+01	5.63093e-08
4.05686e+01	5.44397e-08
4.06406e+01	5.26325e-08
4.07126e+01	5.08855e-08
4.07846e+01	4.91968e-08
4.08565e+01	4.75644e-08
4.09285e+01	4.59864e-08
4.10005e+01	4.44611e-08
4.10725e+01	4.29865e-08
4.11445e+01	4.15612e-08
4.12165e+01	4.01833e-08
4.12885e+01	3.88513e-08
4.13605e+01	3.75637e-08
4.14325e+01	3.63190e-08
4.15045e+01	3.51158e-08
4.15765e+01	3.39526e-08
4.16485e+01	3.28281e-08
4.17205e+01	3.17410e-08
4.17925e+01	3.06901e-08
4.18645e+01	2.96742e-08
4.19365e+01	2.86920e-08
4.20084e+01	2.77426e-08
4.20804e+01	2.68247e-08
4.21524e+01	2.59374e-08
4.22244e+01	2.50795e-08
4.22964e+01	2.42502e-08
4.23684e+01	2.34484e-08
4.24404e+01	2.26733e-08
4.25124e+01	2.19239e-08
4.25844e+01	2.11995e-08
4.26564e+01	2.04991e-08
4.27284e+01	1.98220e-08
4.28004e+01	1.91673e-08
4.28724e+01	1.85345e-08
4.29444e+01	1.79226e-08
4.30164e+01	1.73311e-08
4.30884e+01	1.67592e-08
4.31604e+01	1.62063e-08
4.32323e+01	1.56718e-08
4.33043e+01	1.51550e-08
4.33763e+01	1.46554e-08
4.34483e+01	1.41723e-08
4.35203e+01	1.37053e-08
4.35923e+01	1.32538e-08
4.36643e+01	1.28172e-08
4.37363e+01	1.23951e-08
4.38083e+01	1.19871e-08
4.38803e+01	1.15925e-08
4.39523e+01	1.12110e-08
4.40243e+01	1.08422e-08
4.40963e+01	1.04856e-08
4.41683e+01	1.01408e-08
4.42403e+01	9.80742e-09
4.43123e+01	9.48508e-09
4.43842e+01	9.17342e-09
4.44562e+01	8.87207e-09
4.45282e+01	8.58069e-09
4.46002e+01	8.29895e-09
4.46722e+01	8.02654e-09
4.47442e+01	7.76313e-09
4.48162e+01	7.50843e-09
4.48882e+01	7.26214e-09
4.49602e+01	7.02400e-09
4.50322e+01	6.79373e-09
4.51042e+01	6.57106e-09
4.51762e+01	6.35574e-09
4.52482e+01	6.14753e-09
4.53202e+01	5.94620e-09
4.53922e+01	5.75151e-09
4.54642e+01	5.56325e-09
4.55362e+01	5.38119e-09
4.56081e+01	5.20514e-09
4.56801e+01	5.03490e-09
4.57521e+01	4.87026e-09
4.58241e+01	4.71106e-09
4.58961e+01	4.55710e-09
4.59681e+01	4.40823e-09
4.60401e+01	4.26427e-09
4.61121e+01	4.12505e-09
4.61841e+01	3.99043e-09
4.62561e+01	3.86024e-09
4.63281e+01	3.73435e-09
4.64001e+01	3.61260e-09
4.64721e+01	3.49486e-09
4.65441e+01	3.38100e-09
4.66161e+01	3.27089e-09
4.66881e+01	3.16440e-09
4.67600e+01	3.06141e-09
4.68320e+01	2.96181e-09
4.69040e+01	2.86548e-09
4.69760e+01	2.77231e-09
4.70480e+01	2.68221e-09
4.71200e+01	2.59507e-09
4.71920e+01	2.51079e-09
4.72640e+01	2.42927e-09
4.73360e+01	2.35043e-09
4.74080e+01	2.27417e-09
4.74800e+01	2.20041e-09
4.75520e+01	2.12907e-09
4.76240e+01	2.06007e-09
4.76960e+01	1.99333e-09
4.77680e+01	1.92877e-09
4.78400e+01	1.86633e-09
4.79120e+01	1.80593e-09
4.79839e+01	1.74751e-09
4.80559e+01	1.69100e-09
4.81279e+01	1.63634e-09
4.81999e+01	1.58346e-09
4.82719e+01	1.53231e-09
4.83439e+01	1.48283e-09
4.84159e+01	1.43497e-09
4.84879e+01	1.38867e-09
4.85599e+01	1.34388e-09
4.86319e+01	1.30055e-09
4.87039e+01	1.25864e-09
4.87759e+01	1.21809e-09
4.88479e+01	1.17887e-09
4.89199e+01	1.14092e-09
4.89919e+01	1.10421e-09
4.90639e+01	1.06870e-09
4.91358e+01	1.03434e-09
4.92078e+01	1.00110e-09
4.92798e+01	9.68942e-10
4.93518e+01	9.37831e-10
4.94238e+01	9.07732e-10
4.94958e+01	8.78611e-10
4.95678e+01	8.50433e-10
4.96398e+01	8.23170e-10
4.97118e+01	7.96790e-10
4.97838e+01	7.71265e-10
4.98558e+01	7.46567e-10
4.99278e+01	7.22669e-10
4.99998e+01	6.99545e-10
5.00718e+01	6.77169e-10
5.01438e+01	6.55518e-10
5.02158e+01	6.34567e-10
5.02878e+01	6.14293e-10
5.03597e+01	5.94673e-10
5.04317e+01	5.75685e-10
5.05037e+01	5.57307e-10
5.05757e+01	5.39521e-10
5.06477e+01	5.22306e-10
5.07197e+01	5.05645e-10
5.07917e+01	4.89519e-10
5.08637e+01	4.73911e-10
5.09357e+01	4.58804e-10
5.10077e+01	4.44183e-10
5.10797e+01	4.30031e-10
5.11517e+01	4.16333e-10
5.12237e+01	4.03075e-10
5.12957e+01	3.90242e-10
5.13677e+01	3.77820e-10
5.14397e+01	3.65797e-10
5.15116e+01	3.54159e-10
5.15836e+01	3.42894e-10
5.16556e+01	3.31990e-10
5.17276e+01	3.21436e-10
5.17996e+01	3.11218e-10
5.18716e+01	3.01328e-10
5.19436e+01	2.91754e-10
5.20156e+01	2.82486e-10
5.20876e+01	2.73514e-10
5.21596e+01	2.64829e-10
5.22316e+01	2.56422e-10
5.23036e+01	2.48283e-10
5.23756e+01	2.40404e-10
5.24476e+01	2.32777e-10
5.25196e+01	2.25393e-10
5.25916e+01	2.18245e-10
5.26635e+01	2.11326e-10
5.27355e+01	2.04627e-10
5.28075e+01	1.98142e-10
5.28795e+01	1.91863e-10
5.29515e+01	1.85785e-10
5.30235e+01	1.79901e-10
5.30955e+01	1.74204e-10
5.31675e+01	1.68689e-10
5.32395e+01	1.63350e-10
5.33115e+01	1.58181e-10
5.33835e+01	1.53176e-10
5.34555e+01	1.48331e-10
5.35275e+01	1.43640e-10
5.35995e+01	1.39099e-10
5.36715e+01	1.34702e-10
5.37435e+01	1.30445e-10
5.38155e+01	1.26324e-10
5.38874e+01	1.22333e-10
5.39594e+01	1.18470e-10
5.40314e+01	1.14729e-10
5.41034e+01	1.11107e-10
5.41754e+01	1.07601e-10
5.42474e+01	1.04206e-10
5.43194e+01	1.00918e-10
5.43914e+01	9.77355e-11
5.44634e+01	9.46537e-11
5.45354e+01	9.16698e-11
5.46074e+01	8.87807e-11
5.46794e+01	8.59832e-11
5.47514e+01	8.32745e-11
5.48234e+01	8.06517e-11
5.48954e+01	7.81121e-11
5.49674e+01	7.56531e-11
5.50393e+01	7.32720e-11
5.51113e+01	7.09664e-11
5.51833e+01	6.87339e-11
5.52553e+01	6.65721e-11
5.53273e+01	6.44788e-11
5.53993e+01	6.24518e-11
5.54713e+01	6.04890e-11
5.55433e+01	5.85884e-11
5.56153e+01	5.67479e-11
5.56873e+01	5.49656e-11
5.57593e+01	5.32397e-11
5.58313e+01	5.15685e-11
5.59033e+01	4.99501e-11
5.59753e+01	4.83829e-11
5.60473e+01	4.68652e-11
5.61193e+01	4.53956e-11
5.61913e+01	4.39724e-11
5.62632e+01	4.25941e-11
5.63352e+01	4.12594e-11
5.64072e+01	3.99668e-11
5.64792e+01	3.87151e-11
5.65512e+01	3.75029e-11
5.66232e+01	3.63289e-11
5.66952e+01	3.51920e-11
5.67672e+01	3.40909e-11
5.68392e+01	3.30246e-11
5.69112e+01	3.19919e-11
5.69832e+01	3.09917e-11
5.70552e+01	3.00231e-11
5.71272e+01	2.90849e-11
5.71992e+01	2.81764e-11
5.72712e+01	2.72964e-11
5.73432e+01	2.64442e-11
5.74151e+01	2.56188e-11
5.74871e+01	2.48193e-11
5.75591e+01	2.40451e-11
5.76311e+01	2.32951e-11
5.77031e+01	2.25688e-11
5.77751e+01	2.18653e-11
5.78471e+01	2.11839e-11
5.79191e+01	2.05240e-11
5.79911e+01	1.98847e-11
5.80631e+01	1.92656e-11
5.81351e+01	1.86659e-11
5.82071e+01	1.80850e-11
5.82791e+01	1.75224e-11
5.83511e+01	1.69774e-11
5.84231e+01	1.64496e-11
5.84951e+01	1.59383e-11
5.85671e+01	1.54430e-11
5.86390e+01	1.49632e-11
5.87110e+01	1.44985e-11
5.87830e+01	1.40484e-11
5.88550e+01	1.36123e-11
5.89270e+01	1.31900e-11
5.89990e+01	1.27808e-11
5.90710e+01	1.23845e-11
5.91430e+01	1.20006e-11
5.92150e+01	1.16286e-11
5.92870e+01	1.12684e-11
5.93590e+01	1.09194e-11
5.94310e+01	1.05813e-11
5.95030e+01	1.02538e-11
5.95750e+01	9.93649e-12
5.96470e+01	9.62913e-12
5.97190e+01	9.33138e-12
5.97909e+01	9.04293e-12
5.98629e+01	8.76349e-12
5.99349e+01	8.49278e-12
6.00069e+01	8.23051e-12
6.00789e+01	7.97638e-12
6.01509e+01	7.73015e-12
6.02229e+01	7.49156e-12
6.02949e+01	7.26037e-12
6.03669e+01	7.03636e-12
6.04389e+01	6.81928e-12
6.05109e+01	6.60894e-12
6.05829e+01	6.40513e-12
6.06549e+01	6.20762e-12
6.07269e+01	6.01624e-12
6.07989e+01	5.83079e-12
6.08709e+01	5.65108e-12
6.09428e+01	5.47694e-12
6.10148e+01	5.30820e-12
6.10868e+01	5.14467e-12
6.11588e+01	4.98621e-12
6.12308e+01	4.83266e-12
6.13028e+01	4.68385e-12
6.13748e+01	4.53965e-12
6.14468e+01	4.39991e-12
6.15188e+01	4.26449e-12
6.15908e+01	4.13326e-12
6.16628e+01	4.00608e-12
6.17348e+01	3.88284e-12
6.18068e+01	3.76340e-12
6.18788e+01	3.64766e-12
6.19508e+01	3.53549e-12
6.20228e+01	3.42679e-12
6.20948e+01	3.32144e-12
6.21667e+01	3.21935e-12
6.22387e+01	3.12040e-12
6.23107e+01	3.02451e-12
6.23827e+01	2.93158e-12
6.24547e+01	2.84152e-12
6.25267e+01	2.75424e-12
6.25987e+01	2.66964e-12
6.26707e+01	2.58766e-12
6.27427e+01	2.50820e-12
6.28147e+01	2.43120e-12
6.28867e+01	2.35656e-12
6.29587e+01	2.28423e-12
6.30307e+01	2.21412e-12
6.31027e+01	2.14617e-12
6.31747e+01	2.08032e-12
6.32467e+01	2.01649e-12
6.33186e+01	1.95462e-12
6.33906e+01	1.89466e-12
6.34626e+01	1.83655e-12
6.35346e+01	1.78022e-12
6.36066e+01	1.72562e-12
6.36786e+01	1.67270e-12
6.37506e+01	1.62141e-12
6.38226e+01	1.57169e-12
6.38946e+01	1.52351e-12
6.39666e+01	1.47680e-12
6.40386e+01	1.43152e-12
6.41106e+01	1.38764e-12
6.41826e+01	1.34510e-12
6.42546e+01	1.30386e-12
6.43266e+01	1.26389e-12
6.43986e+01	1.22515e-12
6.44706e+01	1.18760e-12
6.45425e+01	1.15119e-12
6.46145e+01	1.11591e-12
6.46865e+01	1.08170e-12
6.47585e+01	1.04855e-12
6.48305e+01	1.01641e-12
6.49025e+01	9.85251e-13
6.49745e+01	9.55047e-13
6.50465e+01	9.25766e-13
6.51185e+01	8.97381e-13
6.51905e+01	8.69862e-13
6.52625e+01	8.43183e-13
6.53345e+01	8.17318e-13
6.54065e+01	7.92241e-13
6.54785e+01	7.67928e-13
6.55505e+01	7.44355e-13
6.56225e+01	7.21499e-13
6.56944e+01	6.99338e-13
6.57664e+01	6.77850e-13
6.58384e+01	6.57014e-13
6.59104e+01	6.36810e-13
6.59824e+01	6.17218e-13
6.60544e+01	5.98219e-13
6.61264e+01	5.79794e-13
6.61984e+01	5.61925e-13
6.62704e+01	5.44596e-13
6.63424e+01	5.27789e-13
6.64144e+01	5.11488e-13
6.64864e+01	4.95677e-13
6.65584e+01	4.80341e-13
6.66304e+01	4.65464e-13
6.67024e+01	4.51033e-13
6.67744e+01	4.37033e-13
6.68464e+01	4.23451e-13
6.69183e+01	4.10274e-13
6.69903e+01	3.97489e-13
6.70623e+01	3.85083e-13
6.71343e+01	3.73044e-13
6.72063e+01	3.61362e-13
6.72783e+01	3.50024e-13
6.73503e+01	3.39020e-13
6.74223e+01	3.28340e-13
6.74943e+01	3.17972e-13
6.75663e+01	3.07906e-13
6.76383e+01	2.98134e-13
6.77103e+01	2.88646e-13
6.77823e+01	2.79432e-13
6.78543e+01	2.70485e-13
6.79263e+01	2.61794e-13
6.79983e+01	2.53352e-13
6.80702e+01	2.45151e-13
6.81422e+01	2.37183e-13
6.82142e+01	2.29440e-13
6.82862e+01	2.21916e-13
6.83582e+01	2.14601e-13
6.84302e+01	2.07491e-13
6.85022e+01	2.00577e-13
6.85742e+01	1.93854e-13
6.86462e+01	1.87315e-13
6.87182e+01	1.80954e-13
6.87902e+01	1.74764e-13
6.88622e+01	1.68740e-13
6.89342e+01	1.62876e-13
6.90062e+01	1.57167e-13
6.90782e+01	1.51606e-13
6.91502e+01	1.46189e-13
6.92222e+01	1.40910e-13
6.92941e+01	1.35765e-13
6.93661e+01	1.30749e-13
6.94381e+01	1.25856e-13
6.95101e+01	1.21082e-13
6.95821e+01	1.16424e-13
6.96541e+01	1.11875e-13
6.97261e+01	1.07433e-13
6.97981e+01	1.03093e-13
6.98701e+01	9.88516e-14
6.99421e+01	9.47037e-14
7.00141e+01	9.06461e-14
7.00861e+01	8.66749e-14
7.01581e+01	8.27865e-14
7.02301e+01	7.89773e-14
7.03021e+01	7.52429e-14
7.03741e+01	7.15797e-14
7.04460e+01	6.79844e-14
7.05180e+01	6.44538e-14
7.05900e+01	6.09846e-14
7.06620e+01	5.75737e-14
7.07340e+01	5.42180e-14
7.08060e+01	5.09145e-14
7.08780e+01	4.76603e-14
7.09500e+01	4.44522e-14
7.10220e+01	4.12876e-14
7.10940e+01	3.81634e-14
7.11660e+01	3.50770e-14
7.12380e+01	3.20255e-14
7.13100e+01	2.90061e-14
7.13820e+01	2.60163e-14
7.14540e+01	2.30532e-14
7.15260e+01	2.01142e-14
7.15979e+01	1.71968e-14
7.16699e+01	1.42983e-14
7.17419e+01	1.14162e-14
7.18139e+01	8.54780e-15
7.18859e+01	5.69067e-15
7.19579e+01	2.84224e-15
