# The ell = 0 distribution, the isotropy.
# E_N [Td]	3.00000e+01
# col_1: Electron Energy [eV], col_2: f0 [eV^(-3/2)]
eV	f0
1.30480e-02	1.80938e-01
3.91439e-02	1.80929e-01
6.52398e-02	1.80916e-01
9.13357e-02	1.80903e-01
1.17432e-01	1.80891e-01
1.43528e-01	1.80879e-01
1.69623e-01	1.80867e-01
1.95719e-01	1.80855e-01
2.21815e-01	1.80843e-01
2.47911e-01	1.80829e-01
2.74007e-01	1.80814e-01
3.00103e-01	1.80797e-01
3.26199e-01	1.80778e-01
3.52295e-01	1.80756e-01
3.78391e-01	1.80733e-01
4.04487e-01	1.80706e-01
4.30583e-01	1.80676e-01
4.56679e-01	1.80642e-01
4.82774e-01	1.80604e-01
5.08870e-01	1.80560e-01
5.34966e-01	1.80511e-01
5.61062e-01	1.80455e-01
5.87158e-01	1.80392e-01
6.13254e-01	1.80320e-01
6.39350e-01	1.80239e-01
6.65446e-01	1.80146e-01
6.91542e-01	1.80041e-01
7.17638e-01	1.79922e-01
7.43734e-01	1.79785e-01
7.69830e-01	1.79631e-01
7.95925e-01	1.79458e-01
8.22021e-01	1.79266e-01
8.48117e-01	1.79053e-01
8.74213e-01	1.78818e-01
9.00309e-01	1.78560e-01
9.26405e-01	1.78277e-01
9.52501e-01	1.77967e-01
9.78597e-01	1.77628e-01
1.00469e+00	1.77255e-01
1.03079e+00	1.76849e-01
1.05688e+00	1.76408e-01
1.08298e+00	1.75931e-01
1.10908e+00	1.75416e-01
1.13517e+00	1.74864e-01
1.16127e+00	1.74275e-01
1.18736e+00	1.73649e-01
1.21346e+00	1.72985e-01
1.23956e+00	1.72283e-01
1.26565e+00	1.71538e-01
1.29175e+00	1.70751e-01
1.31784e+00	1.69920e-01
1.34394e+00	1.69044e-01
1.37004e+00	1.68118e-01
1.39613e+00	1.67141e-01
1.42223e+00	1.66116e-01
1.44832e+00	1.65045e-01
1.47442e+00	1.63928e-01
1.50052e+00	1.62766e-01
1.52661e+00	1.61558e-01
1.55271e+00	1.60305e-01
1.57880e+00	1.58992e-01
1.60490e+00	1.57612e-01
1.63099e+00	1.56161e-01
1.65709e+00	1.54629e-01
1.68319e+00	1.53008e-01
1.70928e+00	1.51295e-01
1.73538e+00	1.49487e-01
1.76147e+00	1.47576e-01
1.78757e+00	1.45564e-01
1.81367e+00	1.43454e-01
1.83976e+00	1.41253e-01
1.86586e+00	1.38946e-01
1.89195e+00	1.36522e-01
1.91805e+00	1.33987e-01
1.94415e+00	1.31388e-01
1.97024e+00	1.28777e-01
1.99634e+00	1.26175e-01
2.02243e+00	1.23594e-01
2.04853e+00	1.21064e-01
2.07463e+00	1.18589e-01
2.10072e+00	1.16166e-01
2.12682e+00	1.13781e-01
2.15291e+00	1.11403e-01
2.17901e+00	1.09044e-01
2.20510e+00	1.06714e-01
2.23120e+00	1.04421e-01
2.25730e+00	1.02200e-01
2.28339e+00	1.00094e-01
2.30949e+00	9.81025e-02
2.33558e+00	9.62128e-02
2.36168e+00	9.44235e-02
2.38778e+00	9.26656e-02
2.41387e+00	9.09456e-02
2.43997e+00	8.92615e-02
2.46606e+00	8.76040e-02
2.49216e+00	8.60128e-02
2.51826e+00	8.45306e-02
2.54435e+00	8.31490e-02
2.57045e+00	8.18647e-02
2.59654e+00	8.06689e-02
2.62264e+00	7.95157e-02
2.64874e+00	7.83918e-02
2.67483e+00	7.73009e-02
2.70093e+00	7.62426e-02
2.72702e+00	7.52207e-02
2.75312e+00	7.42629e-02
2.77922e+00	7.33594e-02
2.80531e+00	7.25032e-02
2.83141e+00	7.16914e-02
2.85750e+00	7.09209e-02
2.88360e+00	7.01810e-02
2.90969e+00	6.94770e-02
2.93579e+00	6.88078e-02
2.96189e+00	6.81697e-02
2.98798e+00	6.75597e-02
3.01408e+00	6.69730e-02
3.04017e+00	6.64057e-02
3.06627e+00	6.58572e-02
3.09237e+00	6.53277e-02
3.11846e+00	6.48173e-02
3.14456e+00	6.43260e-02
3.17065e+00	6.38529e-02
3.19675e+00	6.33961e-02
3.22285e+00	6.29549e-02
3.24894e+00	6.25288e-02
3.27504e+00	6.21173e-02
3.30113e+00	6.17194e-02
3.32723e+00	6.13343e-02
3.35333e+00	6.09607e-02
3.37942e+00	6.05976e-02
3.40552e+00	6.02440e-02
3.43161e+00	5.98989e-02
3.45771e+00	5.95612e-02
3.48380e+00	5.92305e-02
3.50990e+00	5.89066e-02
3.53600e+00	5.85888e-02
3.56209e+00	5.82769e-02
3.58819e+00	5.79705e-02
3.61428e+00	5.76692e-02
3.64038e+00	5.73727e-02
3.66648e+00	5.70809e-02
3.69257e+00	5.67935e-02
3.71867e+00	5.65103e-02
3.74476e+00	5.62311e-02
3.77086e+00	5.59555e-02
3.79696e+00	5.56831e-02
3.82305e+00	5.54136e-02
3.84915e+00	5.51466e-02
3.87524e+00	5.48820e-02
3.90134e+00	5.46192e-02
3.92744e+00	5.43582e-02
3.95353e+00	5.40987e-02
3.97963e+00	5.38406e-02
4.00572e+00	5.35838e-02
4.03182e+00	5.33279e-02
4.05791e+00	5.30728e-02
4.08401e+00	5.28186e-02
4.11011e+00	5.25653e-02
4.13620e+00	5.23128e-02
4.16230e+00	5.20611e-02
4.18839e+00	5.18104e-02
4.21449e+00	5.15605e-02
4.24059e+00	5.13116e-02
4.26668e+00	5.10636e-02
4.29278e+00	5.08166e-02
4.31887e+00	5.05706e-02
4.34497e+00	5.03257e-02
4.37107e+00	5.00819e-02
4.39716e+00	4.98392e-02
4.42326e+00	4.95977e-02
4.44935e+00	4.93573e-02
4.47545e+00	4.91181e-02
4.50155e+00	4.88800e-02
4.52764e+00	4.86430e-02
4.55374e+00	4.84073e-02
4.57983e+00	4.81727e-02
4.60593e+00	4.79393e-02
4.63203e+00	4.77069e-02
4.65812e+00	4.74757e-02
4.68422e+00	4.72454e-02
4.71031e+00	4.70161e-02
4.73641e+00	4.67877e-02
4.76250e+00	4.65601e-02
4.78860e+00	4.63332e-02
4.81470e+00	4.61070e-02
4.84079e+00	4.58814e-02
4.86689e+00	4.56564e-02
4.89298e+00	4.54318e-02
4.91908e+00	4.52075e-02
4.94518e+00	4.49834e-02
4.97127e+00	4.47596e-02
4.99737e+00	4.45358e-02
5.02346e+00	4.43121e-02
5.04956e+00	4.40884e-02
5.07566e+00	4.38647e-02
5.10175e+00	4.36409e-02
5.12785e+00	4.34170e-02
5.15394e+00	4.31929e-02
5.18004e+00	4.29688e-02
5.20614e+00	4.27445e-02
5.23223e+00	4.25202e-02
5.25833e+00	4.22957e-02
5.28442e+00	4.20711e-02
5.31052e+00	4.18465e-02
5.33661e+00	4.16218e-02
5.36271e+00	4.13970e-02
5.38881e+00	4.11721e-02
5.41490e+00	4.09472e-02
5.44100e+00	4.07222e-02
5.46709e+00	4.04971e-02
5.49319e+00	4.02720e-02
5.51929e+00	4.00468e-02
5.54538e+00	3.98216e-02
5.57148e+00	3.95964e-02
5.59757e+00	3.93711e-02
5.62367e+00	3.91458e-02
5.64977e+00	3.89204e-02
5.67586e+00	3.86951e-02
5.70196e+00	3.84697e-02
5.72805e+00	3.82443e-02
5.75415e+00	3.80188e-02
5.78025e+00	3.77934e-02
5.80634e+00	3.75680e-02
5.83244e+00	3.73425e-02
5.85853e+00	3.71171e-02
5.88463e+00	3.68916e-02
5.91072e+00	3.66662e-02
5.93682e+00	3.64407e-02
5.96292e+00	3.62153e-02
5.98901e+00	3.59899e-02
6.01511e+00	3.57645e-02
6.04120e+00	3.55391e-02
6.06730e+00	3.53138e-02
6.09340e+00	3.50885e-02
6.11949e+00	3.48633e-02
6.14559e+00	3.46382e-02
6.17168e+00	3.44131e-02
6.19778e+00	3.41881e-02
6.22388e+00	3.39632e-02
6.24997e+00	3.37383e-02
6.27607e+00	3.35135e-02
6.30216e+00	3.32888e-02
6.32826e+00	3.30642e-02
6.35436e+00	3.28396e-02
6.38045e+00	3.26151e-02
6.40655e+00	3.23906e-02
6.43264e+00	3.21663e-02
6.45874e+00	3.19420e-02
6.48484e+00	3.17178e-02
6.51093e+00	3.14936e-02
6.53703e+00	3.12696e-02
6.56312e+00	3.10456e-02
6.58922e+00	3.08217e-02
6.61531e+00	3.05979e-02
6.64141e+00	3.03741e-02
6.66751e+00	3.01504e-02
6.69360e+00	2.99268e-02
6.71970e+00	2.97033e-02
6.74579e+00	2.94798e-02
6.77189e+00	2.92564e-02
6.79799e+00	2.90330e-02
6.82408e+00	2.88098e-02
6.85018e+00	2.85866e-02
6.87627e+00	2.83635e-02
6.90237e+00	2.81404e-02
6.92847e+00	2.79175e-02
6.95456e+00	2.76946e-02
6.98066e+00	2.74719e-02
7.00675e+00	2.72494e-02
7.03285e+00	2.70270e-02
7.05895e+00	2.68048e-02
7.08504e+00	2.65828e-02
7.11114e+00	2.63609e-02
7.13723e+00	2.61393e-02
7.16333e+00	2.59179e-02
7.18942e+00	2.56968e-02
7.21552e+00	2.54758e-02
7.24162e+00	2.52551e-02
7.26771e+00	2.50346e-02
7.29381e+00	2.48143e-02
7.31990e+00	2.45942e-02
7.34600e+00	2.43744e-02
7.37210e+00	2.41547e-02
7.39819e+00	2.39352e-02
7.42429e+00	2.37160e-02
7.45038e+00	2.34969e-02
7.47648e+00	2.32781e-02
7.50258e+00	2.30595e-02
7.52867e+00	2.28411e-02
7.55477e+00	2.26230e-02
7.58086e+00	2.24051e-02
7.60696e+00	2.21874e-02
7.63306e+00	2.19700e-02
7.65915e+00	2.17529e-02
7.68525e+00	2.15360e-02
7.71134e+00	2.13194e-02
7.73744e+00	2.11031e-02
7.76353e+00	2.08870e-02
7.78963e+00	2.06712e-02
7.81573e+00	2.04558e-02
7.84182e+00	2.02407e-02
7.86792e+00	2.00259e-02
7.89401e+00	1.98115e-02
7.92011e+00	1.95975e-02
7.94621e+00	1.93840e-02
7.97230e+00	1.91709e-02
7.99840e+00	1.89583e-02
8.02449e+00	1.87462e-02
8.05059e+00	1.85347e-02
8.07669e+00	1.83237e-02
8.10278e+00	1.81133e-02
8.12888e+00	1.79035e-02
8.15497e+00	1.76944e-02
8.18107e+00	1.74860e-02
8.20717e+00	1.72783e-02
8.23326e+00	1.70713e-02
8.25936e+00	1.68650e-02
8.28545e+00	1.66596e-02
8.31155e+00	1.64549e-02
8.33765e+00	1.62512e-02
8.36374e+00	1.60483e-02
8.38984e+00	1.58464e-02
8.41593e+00	1.56455e-02
8.44203e+00	1.54456e-02
8.46812e+00	1.52468e-02
8.49422e+00	1.50491e-02
8.52032e+00	1.48525e-02
8.54641e+00	1.46572e-02
8.57251e+00	1.44631e-02
8.59860e+00	1.42703e-02
8.62470e+00	1.40788e-02
8.65080e+00	1.38886e-02
8.67689e+00	1.36998e-02
8.70299e+00	1.35124e-02
8.72908e+00	1.33264e-02
8.75518e+00	1.31418e-02
8.78128e+00	1.29587e-02
8.80737e+00	1.27771e-02
8.83347e+00	1.25971e-02
8.85956e+00	1.24185e-02
8.88566e+00	1.22415e-02
8.91176e+00	1.20661e-02
8.93785e+00	1.18922e-02
8.96395e+00	1.17200e-02
8.99004e+00	1.15494e-02
9.01614e+00	1.13805e-02
9.04223e+00	1.12133e-02
9.06833e+00	1.10478e-02
9.09443e+00	1.08839e-02
9.12052e+00	1.07217e-02
9.14662e+00	1.05611e-02
9.17271e+00	1.04023e-02
9.19881e+00	1.02451e-02
9.22491e+00	1.00895e-02
9.25100e+00	9.93558e-03
9.27710e+00	9.78330e-03
9.30319e+00	9.63266e-03
9.32929e+00	9.48366e-03
9.35539e+00	9.33628e-03
9.38148e+00	9.19052e-03
9.40758e+00	9.04638e-03
9.43367e+00	8.90384e-03
9.45977e+00	8.76290e-03
9.48587e+00	8.62355e-03
9.51196e+00	8.48579e-03
9.53806e+00	8.34961e-03
9.56415e+00	8.21499e-03
9.59025e+00	8.08193e-03
9.61634e+00	7.95043e-03
9.64244e+00	7.82047e-03
9.66854e+00	7.69205e-03
9.69463e+00	7.56517e-03
9.72073e+00	7.43984e-03
9.74682e+00	7.31603e-03
9.77292e+00	7.19376e-03
9.79902e+00	7.07300e-03
9.82511e+00	6.95375e-03
9.85121e+00	6.83601e-03
9.87730e+00	6.71977e-03
9.90340e+00	6.60502e-03
9.92950e+00	6.49175e-03
9.95559e+00	6.37995e-03
9.98169e+00	6.26962e-03
1.00078e+01	6.16074e-03
1.00339e+01	6.05331e-03
1.00600e+01	5.94741e-03
1.00861e+01	5.84305e-03
1.01122e+01	5.74021e-03
1.01383e+01	5.63888e-03
1.01644e+01	5.53902e-03
1.01905e+01	5.44063e-03
1.02166e+01	5.34367e-03
1.02426e+01	5.24813e-03
1.02687e+01	5.15398e-03
1.02948e+01	5.06121e-03
1.03209e+01	4.96980e-03
1.03470e+01	4.87972e-03
1.03731e+01	4.79096e-03
1.03992e+01	4.70351e-03
1.04253e+01	4.61733e-03
1.04514e+01	4.53241e-03
1.04775e+01	4.44874e-03
1.05036e+01	4.36629e-03
1.05297e+01	4.28505e-03
1.05558e+01	4.20500e-03
1.05819e+01	4.12611e-03
1.06080e+01	4.04838e-03
1.06341e+01	3.97182e-03
1.06602e+01	3.89646e-03
1.06863e+01	3.82230e-03
1.07124e+01	3.74931e-03
1.07385e+01	3.67747e-03
1.07646e+01	3.60677e-03
1.07907e+01	3.53718e-03
1.08168e+01	3.46868e-03
1.08429e+01	3.40127e-03
1.08689e+01	3.33492e-03
1.08950e+01	3.26961e-03
1.09211e+01	3.20532e-03
1.09472e+01	3.14205e-03
1.09733e+01	3.07977e-03
1.09994e+01	3.01846e-03
1.10255e+01	2.95811e-03
1.10516e+01	2.89870e-03
1.10777e+01	2.84022e-03
1.11038e+01	2.78265e-03
1.11299e+01	2.72597e-03
1.11560e+01	2.67017e-03
1.11821e+01	2.61522e-03
1.12082e+01	2.56113e-03
1.12343e+01	2.50787e-03
1.12604e+01	2.45542e-03
1.12865e+01	2.40378e-03
1.13126e+01	2.35294e-03
1.13387e+01	2.30287e-03
1.13648e+01	2.25356e-03
1.13909e+01	2.20502e-03
1.14170e+01	2.15721e-03
1.14431e+01	2.11013e-03
1.14692e+01	2.06376e-03
1.14953e+01	2.01810e-03
1.15213e+01	1.97313e-03
1.15474e+01	1.92884e-03
1.15735e+01	1.88522e-03
1.15996e+01	1.84226e-03
1.16257e+01	1.79998e-03
1.16518e+01	1.75838e-03
1.16779e+01	1.71750e-03
1.17040e+01	1.67737e-03
1.17301e+01	1.63798e-03
1.17562e+01	1.59928e-03
1.17823e+01	1.56126e-03
1.18084e+01	1.52393e-03
1.18345e+01	1.48727e-03
1.18606e+01	1.45130e-03
1.18867e+01	1.41610e-03
1.19128e+01	1.38160e-03
1.19389e+01	1.34783e-03
1.19650e+01	1.31478e-03
1.19911e+01	1.28240e-03
1.20172e+01	1.25069e-03
1.20433e+01	1.21962e-03
1.20694e+01	1.18918e-03
1.20955e+01	1.15937e-03
1.21216e+01	1.13016e-03
1.21476e+01	1.10155e-03
1.21737e+01	1.07352e-03
1.21998e+01	1.04608e-03
1.22259e+01	1.01921e-03
1.22520e+01	9.92902e-04
1.22781e+01	9.67152e-04
1.23042e+01	9.41956e-04
1.23303e+01	9.17305e-04
1.23564e+01	8.93193e-04
1.23825e+01	8.69612e-04
1.24086e+01	8.46552e-04
1.24347e+01	8.24006e-04
1.24608e+01	8.01968e-04
1.24869e+01	7.80429e-04
1.25130e+01	7.59384e-04
1.25391e+01	7.38826e-04
1.25652e+01	7.18748e-04
1.25913e+01	6.99151e-04
1.26174e+01	6.80039e-04
1.26435e+01	6.61402e-04
1.26696e+01	6.43234e-04
1.26957e+01	6.25524e-04
1.27218e+01	6.08266e-04
1.27479e+01	5.91448e-04
1.27740e+01	5.75062e-04
1.28000e+01	5.59098e-04
1.28261e+01	5.43546e-04
1.28522e+01	5.28394e-04
1.28783e+01	5.13633e-04
1.29044e+01	4.99244e-04
1.29305e+01	4.85215e-04
1.29566e+01	4.71546e-04
1.29827e+01	4.58218e-04
1.30088e+01	4.45219e-04
1.30349e+01	4.32541e-04
1.30610e+01	4.20222e-04
1.30871e+01	4.08284e-04
1.31132e+01	3.96686e-04
1.31393e+01	3.85395e-04
1.31654e+01	3.74382e-04
1.31915e+01	3.63643e-04
1.32176e+01	3.53181e-04
1.32437e+01	3.42998e-04
1.32698e+01	3.33072e-04
1.32959e+01	3.23393e-04
1.33220e+01	3.13948e-04
1.33481e+01	3.04728e-04
1.33742e+01	2.95727e-04
1.34003e+01	2.86938e-04
1.34263e+01	2.78358e-04
1.34524e+01	2.69983e-04
1.34785e+01	2.61813e-04
1.35046e+01	2.53846e-04
1.35307e+01	2.46077e-04
1.35568e+01	2.38503e-04
1.35829e+01	2.31120e-04
1.36090e+01	2.23923e-04
1.36351e+01	2.16910e-04
1.36612e+01	2.10077e-04
1.36873e+01	2.03421e-04
1.37134e+01	1.96937e-04
1.37395e+01	1.90622e-04
1.37656e+01	1.84472e-04
1.37917e+01	1.78485e-04
1.38178e+01	1.72657e-04
1.38439e+01	1.66983e-04
1.38700e+01	1.61462e-04
1.38961e+01	1.56089e-04
1.39222e+01	1.50862e-04
1.39483e+01	1.45778e-04
1.39744e+01	1.40835e-04
1.40005e+01	1.36029e-04
1.40266e+01	1.31359e-04
1.40527e+01	1.26821e-04
1.40787e+01	1.22414e-04
1.41048e+01	1.18134e-04
1.41309e+01	1.13979e-04
1.41570e+01	1.09947e-04
1.41831e+01	1.06035e-04
1.42092e+01	1.02240e-04
1.42353e+01	9.85601e-05
1.42614e+01	9.49917e-05
1.42875e+01	9.15329e-05
1.43136e+01	8.81815e-05
1.43397e+01	8.49349e-05
1.43658e+01	8.17909e-05
1.43919e+01	7.87472e-05
1.44180e+01	7.58013e-05
1.44441e+01	7.29510e-05
1.44702e+01	7.01939e-05
1.44963e+01	6.75278e-05
1.45224e+01	6.49504e-05
1.45485e+01	6.24594e-05
1.45746e+01	6.00525e-05
1.46007e+01	5.77276e-05
1.46268e+01	5.54825e-05
1.46529e+01	5.33149e-05
1.46790e+01	5.12228e-05
1.47050e+01	4.92040e-05
1.47311e+01	4.72564e-05
1.47572e+01	4.53782e-05
1.47833e+01	4.35671e-05
1.48094e+01	4.18213e-05
1.48355e+01	4.01388e-05
1.48616e+01	3.85178e-05
1.48877e+01	3.69564e-05
1.49138e+01	3.54528e-05
1.49399e+01	3.40052e-05
1.49660e+01	3.26119e-05
1.49921e+01	3.12712e-05
1.50182e+01	2.99815e-05
1.50443e+01	2.87410e-05
1.50704e+01	2.75482e-05
1.50965e+01	2.64013e-05
1.51226e+01	2.52987e-05
1.51487e+01	2.42390e-05
1.51748e+01	2.32205e-05
1.52009e+01	2.22417e-05
1.52270e+01	2.13013e-05
1.52531e+01	2.03979e-05
1.52792e+01	1.95302e-05
1.53053e+01	1.86967e-05
1.53314e+01	1.78964e-05
1.53574e+01	1.71279e-05
1.53835e+01	1.63900e-05
1.54096e+01	1.56818e-05
1.54357e+01	1.50019e-05
1.54618e+01	1.43495e-05
1.54879e+01	1.37234e-05
1.55140e+01	1.31226e-05
1.55401e+01	1.25462e-05
1.55662e+01	1.19933e-05
1.55923e+01	1.14629e-05
1.56184e+01	1.09542e-05
1.56445e+01	1.04663e-05
1.56706e+01	9.99847e-06
1.56967e+01	9.54989e-06
1.57228e+01	9.11980e-06
1.57489e+01	8.70749e-06
1.57750e+01	8.31223e-06
1.58011e+01	7.93333e-06
1.58272e+01	7.57019e-06
1.58533e+01	7.22227e-06
1.58794e+01	6.88901e-06
1.59055e+01	6.56987e-06
1.59316e+01	6.26436e-06
1.59577e+01	5.97195e-06
1.59837e+01	5.69218e-06
1.60098e+01	5.42455e-06
1.60359e+01	5.16862e-06
1.60620e+01	4.92393e-06
1.60881e+01	4.69004e-06
1.61142e+01	4.46651e-06
1.61403e+01	4.25292e-06
1.61664e+01	4.04888e-06
1.61925e+01	3.85399e-06
1.62186e+01	3.66787e-06
1.62447e+01	3.49017e-06
1.62708e+01	3.32054e-06
1.62969e+01	3.15864e-06
1.63230e+01	3.00414e-06
1.63491e+01	2.85674e-06
1.63752e+01	2.71613e-06
1.64013e+01	2.58203e-06
1.64274e+01	2.45415e-06
1.64535e+01	2.33224e-06
1.64796e+01	2.21603e-06
1.65057e+01	2.10527e-06
1.65318e+01	1.99973e-06
1.65579e+01	1.89917e-06
1.65840e+01	1.80339e-06
1.66101e+01	1.71217e-06
1.66361e+01	1.62531e-06
1.66622e+01	1.54261e-06
1.66883e+01	1.46390e-06
1.67144e+01	1.38899e-06
1.67405e+01	1.31771e-06
1.67666e+01	1.24991e-06
1.67927e+01	1.18541e-06
1.68188e+01	1.12407e-06
1.68449e+01	1.06575e-06
1.68710e+01	1.01031e-06
1.68971e+01	9.57617e-07
1.69232e+01	9.07539e-07
1.69493e+01	8.59957e-07
1.69754e+01	8.14754e-07
1.70015e+01	7.71821e-07
1.70276e+01	7.31049e-07
1.70537e+01	6.92336e-07
1.70798e+01	6.55585e-07
1.71059e+01	6.20702e-07
1.71320e+01	5.87596e-07
1.71581e+01	5.56182e-07
1.71842e+01	5.26378e-07
1.72103e+01	4.98105e-07
1.72364e+01	4.71289e-07
1.72624e+01	4.45858e-07
1.72885e+01	4.21745e-07
1.73146e+01	3.98884e-07
1.73407e+01	3.77214e-07
1.73668e+01	3.56674e-07
1.73929e+01	3.37210e-07
1.74190e+01	3.18766e-07
1.74451e+01	3.01293e-07
1.74712e+01	2.84741e-07
1.74973e+01	2.69064e-07
1.75234e+01	2.54217e-07
1.75495e+01	2.40159e-07
1.75756e+01	2.26850e-07
1.76017e+01	2.14251e-07
1.76278e+01	2.02327e-07
1.76539e+01	1.91042e-07
1.76800e+01	1.80365e-07
1.77061e+01	1.70264e-07
1.77322e+01	1.60709e-07
1.77583e+01	1.51672e-07
1.77844e+01	1.43127e-07
1.78105e+01	1.35047e-07
1.78366e+01	1.27409e-07
1.78627e+01	1.20189e-07
1.78888e+01	1.13365e-07
1.79148e+01	1.06916e-07
1.79409e+01	1.00821e-07
1.79670e+01	9.50638e-08
1.79931e+01	8.96249e-08
1.80192e+01	8.44880e-08
1.80453e+01	7.96369e-08
1.80714e+01	7.50564e-08
1.80975e+01	7.07319e-08
1.81236e+01	6.66497e-08
1.81497e+01	6.27965e-08
1.81758e+01	5.91600e-08
1.82019e+01	5.57280e-08
1.82280e+01	5.24893e-08
1.82541e+01	4.94334e-08
1.82802e+01	4.65504e-08
1.83063e+01	4.38307e-08
1.83324e+01	4.12655e-08
1.83585e+01	3.88462e-08
1.83846e+01	3.65649e-08
1.84107e+01	3.44138e-08
1.84368e+01	3.23858e-08
1.84629e+01	3.04740e-08
1.84890e+01	2.86721e-08
1.85151e+01	2.69738e-08
1.85411e+01	2.53735e-08
1.85672e+01	2.38655e-08
1.85933e+01	2.24448e-08
1.86194e+01	2.11065e-08
1.86455e+01	1.98459e-08
1.86716e+01	1.86586e-08
1.86977e+01	1.75406e-08
1.87238e+01	1.64878e-08
1.87499e+01	1.54967e-08
1.87760e+01	1.45637e-08
1.88021e+01	1.36855e-08
1.88282e+01	1.28590e-08
1.88543e+01	1.20812e-08
1.88804e+01	1.13494e-08
1.89065e+01	1.06609e-08
1.89326e+01	1.00132e-08
1.89587e+01	9.40397e-09
1.89848e+01	8.83102e-09
1.90109e+01	8.29223e-09
1.90370e+01	7.78564e-09
1.90631e+01	7.30937e-09
1.90892e+01	6.86166e-09
1.91153e+01	6.44082e-09
1.91414e+01	6.04528e-09
1.91675e+01	5.67356e-09
1.91935e+01	5.32426e-09
1.92196e+01	4.99604e-09
1.92457e+01	4.68768e-09
1.92718e+01	4.39798e-09
1.92979e+01	4.12586e-09
1.93240e+01	3.87026e-09
1.93501e+01	3.63020e-09
1.93762e+01	3.40476e-09
1.94023e+01	3.19307e-09
1.94284e+01	2.99430e-09
1.94545e+01	2.80769e-09
1.94806e+01	2.63251e-09
1.95067e+01	2.46807e-09
1.95328e+01	2.31372e-09
1.95589e+01	2.16886e-09
1.95850e+01	2.03293e-09
1.96111e+01	1.90537e-09
1.96372e+01	1.78569e-09
1.96633e+01	1.67340e-09
1.96894e+01	1.56807e-09
1.97155e+01	1.46927e-09
1.97416e+01	1.37660e-09
1.97677e+01	1.28969e-09
1.97938e+01	1.20820e-09
1.98198e+01	1.13178e-09
1.98459e+01	1.06013e-09
1.98720e+01	9.92967e-10
1.98981e+01	9.30006e-10
1.99242e+01	8.70971e-10
1.99503e+01	8.15614e-10
1.99764e+01	7.63712e-10
2.00025e+01	7.15054e-10
2.00286e+01	6.69443e-10
2.00547e+01	6.26690e-10
2.00808e+01	5.86621e-10
2.01069e+01	5.49072e-10
2.01330e+01	5.13886e-10
2.01591e+01	4.80918e-10
2.01852e+01	4.50032e-10
2.02113e+01	4.21098e-10
2.02374e+01	3.93995e-10
2.02635e+01	3.68610e-10
2.02896e+01	3.44836e-10
2.03157e+01	3.22572e-10
2.03418e+01	3.01724e-10
2.03679e+01	2.82204e-10
2.03940e+01	2.63929e-10
2.04201e+01	2.46820e-10
2.04461e+01	2.30806e-10
2.04722e+01	2.15816e-10
2.04983e+01	2.01786e-10
2.05244e+01	1.88658e-10
2.05505e+01	1.76373e-10
2.05766e+01	1.64878e-10
2.06027e+01	1.54123e-10
2.06288e+01	1.44062e-10
2.06549e+01	1.34649e-10
2.06810e+01	1.25844e-10
2.07071e+01	1.17607e-10
2.07332e+01	1.09902e-10
2.07593e+01	1.02696e-10
2.07854e+01	9.59564e-11
2.08115e+01	8.96536e-11
2.08376e+01	8.37597e-11
2.08637e+01	7.82486e-11
2.08898e+01	7.30957e-11
2.09159e+01	6.82780e-11
2.09420e+01	6.37741e-11
2.09681e+01	5.95638e-11
2.09942e+01	5.56283e-11
2.10203e+01	5.19498e-11
2.10464e+01	4.85118e-11
2.10725e+01	4.52989e-11
2.10985e+01	4.22963e-11
2.11246e+01	3.94906e-11
2.11507e+01	3.68689e-11
2.11768e+01	3.44194e-11
2.12029e+01	3.21308e-11
2.12290e+01	2.99928e-11
2.12551e+01	2.79954e-11
2.12812e+01	2.61297e-11
2.13073e+01	2.43869e-11
2.13334e+01	2.27591e-11
2.13595e+01	2.12388e-11
2.13856e+01	1.98190e-11
2.14117e+01	1.84930e-11
2.14378e+01	1.72549e-11
2.14639e+01	1.60987e-11
2.14900e+01	1.50192e-11
2.15161e+01	1.40113e-11
2.15422e+01	1.30704e-11
2.15683e+01	1.21920e-11
2.15944e+01	1.13719e-11
2.16205e+01	1.06065e-11
2.16466e+01	9.89207e-12
2.16727e+01	9.22525e-12
2.16988e+01	8.60293e-12
2.17248e+01	8.02217e-12
2.17509e+01	7.48023e-12
2.17770e+01	6.97453e-12
2.18031e+01	6.50270e-12
2.18292e+01	6.06248e-12
2.18553e+01	5.65179e-12
2.18814e+01	5.26867e-12
2.19075e+01	4.91129e-12
2.19336e+01	4.57794e-12
2.19597e+01	4.26704e-12
2.19858e+01	3.97709e-12
2.20119e+01	3.70668e-12
2.20380e+01	3.45453e-12
2.20641e+01	3.21941e-12
2.20902e+01	3.00019e-12
2.21163e+01	2.79580e-12
2.21424e+01	2.60524e-12
2.21685e+01	2.42759e-12
2.21946e+01	2.26198e-12
2.22207e+01	2.10759e-12
2.22468e+01	1.96368e-12
2.22729e+01	1.82953e-12
2.22990e+01	1.70448e-12
2.23251e+01	1.58793e-12
2.23512e+01	1.47930e-12
2.23772e+01	1.37805e-12
2.24033e+01	1.28369e-12
2.24294e+01	1.19574e-12
2.24555e+01	1.11379e-12
2.24816e+01	1.03741e-12
2.25077e+01	9.66235e-13
2.25338e+01	8.99912e-13
2.25599e+01	8.38112e-13
2.25860e+01	7.80528e-13
2.26121e+01	7.26873e-13
2.26382e+01	6.76882e-13
2.26643e+01	6.30307e-13
2.26904e+01	5.86915e-13
2.27165e+01	5.46491e-13
2.27426e+01	5.08834e-13
2.27687e+01	4.73754e-13
2.27948e+01	4.41078e-13
2.28209e+01	4.10641e-13
2.28470e+01	3.82292e-13
2.28731e+01	3.55887e-13
2.28992e+01	3.31296e-13
2.29253e+01	3.08393e-13
2.29514e+01	2.87064e-13
2.29775e+01	2.67202e-13
2.30035e+01	2.48707e-13
2.30296e+01	2.31485e-13
2.30557e+01	2.15449e-13
2.30818e+01	2.00518e-13
2.31079e+01	1.86616e-13
2.31340e+01	1.73673e-13
2.31601e+01	1.61623e-13
2.31862e+01	1.50405e-13
2.32123e+01	1.39962e-13
2.32384e+01	1.30240e-13
2.32645e+01	1.21190e-13
2.32906e+01	1.12766e-13
2.33167e+01	1.04924e-13
2.33428e+01	9.76250e-14
2.33689e+01	9.08312e-14
2.33950e+01	8.45078e-14
2.34211e+01	7.86225e-14
2.34472e+01	7.31450e-14
2.34733e+01	6.80473e-14
2.34994e+01	6.33032e-14
2.35255e+01	5.88882e-14
2.35516e+01	5.47797e-14
2.35777e+01	5.09564e-14
2.36038e+01	4.73988e-14
2.36299e+01	4.40883e-14
2.36559e+01	4.10080e-14
2.36820e+01	3.81418e-14
2.37081e+01	3.54751e-14
2.37342e+01	3.29939e-14
2.37603e+01	3.06855e-14
2.37864e+01	2.85378e-14
2.38125e+01	2.65397e-14
2.38386e+01	2.46809e-14
2.38647e+01	2.29517e-14
2.38908e+01	2.13430e-14
2.39169e+01	1.98466e-14
2.39430e+01	1.84546e-14
2.39691e+01	1.71598e-14
2.39952e+01	1.59554e-14
2.40213e+01	1.48352e-14
2.40474e+01	1.37932e-14
2.40735e+01	1.28241e-14
2.40996e+01	1.19227e-14
2.41257e+01	1.10845e-14
2.41518e+01	1.03048e-14
2.41779e+01	9.57980e-15
2.42040e+01	8.90553e-15
2.42301e+01	8.27851e-15
2.42562e+01	7.69543e-15
2.42822e+01	7.15323e-15
2.43083e+01	6.64906e-15
2.43344e+01	6.18027e-15
2.43605e+01	5.74438e-15
2.43866e+01	5.33909e-15
2.44127e+01	4.96228e-15
2.44388e+01	4.61194e-15
2.44649e+01	4.28623e-15
2.44910e+01	3.98341e-15
2.45171e+01	3.70190e-15
2.45432e+01	3.44020e-15
2.45693e+01	3.19691e-15
2.45954e+01	2.97076e-15
2.46215e+01	2.76053e-15
2.46476e+01	2.56511e-15
2.46737e+01	2.38347e-15
2.46998e+01	2.21463e-15
2.47259e+01	2.05769e-15
2.47520e+01	1.91181e-15
2.47781e+01	1.77621e-15
2.48042e+01	1.65016e-15
2.48303e+01	1.53300e-15
2.48564e+01	1.42410e-15
2.48825e+01	1.32288e-15
2.49086e+01	1.22880e-15
2.49346e+01	1.14136e-15
2.49607e+01	1.06009e-15
2.49868e+01	9.84557e-16
2.50129e+01	9.14351e-16
2.50390e+01	8.49097e-16
2.50651e+01	7.88446e-16
2.50912e+01	7.32073e-16
2.51173e+01	6.79675e-16
2.51434e+01	6.30968e-16
2.51695e+01	5.85689e-16
2.51956e+01	5.43584e-16
2.52217e+01	5.04428e-16
2.52478e+01	4.68011e-16
2.52739e+01	4.34136e-16
2.53000e+01	4.02622e-16
2.53261e+01	3.73298e-16
2.53522e+01	3.46008e-16
2.53783e+01	3.20603e-16
2.54044e+01	2.96947e-16
2.54305e+01	2.74911e-16
2.54566e+01	2.54377e-16
2.54827e+01	2.35234e-16
2.55088e+01	2.17379e-16
2.55349e+01	2.00714e-16
2.55609e+01	1.85151e-16
2.55870e+01	1.70604e-16
2.56131e+01	1.56996e-16
2.56392e+01	1.44251e-16
2.56653e+01	1.32302e-16
2.56914e+01	1.21083e-16
2.57175e+01	1.10534e-16
2.57436e+01	1.00598e-16
2.57697e+01	9.12203e-17
2.57958e+01	8.23503e-17
2.58219e+01	7.39399e-17
2.58480e+01	6.59435e-17
2.58741e+01	5.83175e-17
2.59002e+01	5.10203e-17
2.59263e+01	4.40124e-17
2.59524e+01	3.72555e-17
2.59785e+01	3.07128e-17
2.60046e+01	2.43489e-17
2.60307e+01	1.81292e-17
2.60568e+01	1.20199e-17
2.60829e+01	5.98762e-18
