# The ell = 0 distribution, the isotropy.
# E_N [Td]	2.50000e+01
# col_1: Electron Energy [eV], col_2: f0 [eV^(-3/2)]
eV	f0
1.21462e-02	2.28521e-01
3.64385e-02	2.28509e-01
6.07308e-02	2.28497e-01
8.50231e-02	2.28486e-01
1.09315e-01	2.28475e-01
1.33608e-01	2.28466e-01
1.57900e-01	2.28456e-01
1.82192e-01	2.28446e-01
2.06485e-01	2.28435e-01
2.30777e-01	2.28423e-01
2.55069e-01	2.28411e-01
2.79362e-01	2.28397e-01
3.03654e-01	2.28381e-01
3.27946e-01	2.28363e-01
3.52238e-01	2.28344e-01
3.76531e-01	2.28322e-01
4.00823e-01	2.28297e-01
4.25115e-01	2.28268e-01
4.49408e-01	2.28236e-01
4.73700e-01	2.28199e-01
4.97992e-01	2.28157e-01
5.22285e-01	2.28109e-01
5.46577e-01	2.28054e-01
5.70869e-01	2.27991e-01
5.95162e-01	2.27919e-01
6.19454e-01	2.27837e-01
6.43746e-01	2.27742e-01
6.68039e-01	2.27634e-01
6.92331e-01	2.27511e-01
7.16623e-01	2.27368e-01
7.40915e-01	2.27205e-01
7.65208e-01	2.27018e-01
7.89500e-01	2.26807e-01
8.13792e-01	2.26570e-01
8.38085e-01	2.26305e-01
8.62377e-01	2.26013e-01
8.86669e-01	2.25691e-01
9.10962e-01	2.25336e-01
9.35254e-01	2.24947e-01
9.59546e-01	2.24519e-01
9.83839e-01	2.24049e-01
1.00813e+00	2.23533e-01
1.03242e+00	2.22971e-01
1.05672e+00	2.22362e-01
1.08101e+00	2.21703e-01
1.10530e+00	2.20996e-01
1.12959e+00	2.20242e-01
1.15388e+00	2.19441e-01
1.17818e+00	2.18593e-01
1.20247e+00	2.17698e-01
1.22676e+00	2.16755e-01
1.25105e+00	2.15759e-01
1.27535e+00	2.14707e-01
1.29964e+00	2.13599e-01
1.32393e+00	2.12427e-01
1.34822e+00	2.11188e-01
1.37252e+00	2.09878e-01
1.39681e+00	2.08495e-01
1.42110e+00	2.07041e-01
1.44539e+00	2.05518e-01
1.46968e+00	2.03929e-01
1.49398e+00	2.02278e-01
1.51827e+00	2.00567e-01
1.54256e+00	1.98795e-01
1.56685e+00	1.96953e-01
1.59115e+00	1.95028e-01
1.61544e+00	1.93012e-01
1.63973e+00	1.90899e-01
1.66402e+00	1.88670e-01
1.68832e+00	1.86318e-01
1.71261e+00	1.83841e-01
1.73690e+00	1.81233e-01
1.76119e+00	1.78486e-01
1.78548e+00	1.75601e-01
1.80978e+00	1.72586e-01
1.83407e+00	1.69450e-01
1.85836e+00	1.66182e-01
1.88265e+00	1.62773e-01
1.90695e+00	1.59219e-01
1.93124e+00	1.55546e-01
1.95553e+00	1.51853e-01
1.97982e+00	1.48180e-01
2.00412e+00	1.44543e-01
2.02841e+00	1.40966e-01
2.05270e+00	1.37473e-01
2.07699e+00	1.34067e-01
2.10128e+00	1.30742e-01
2.12558e+00	1.27478e-01
2.14987e+00	1.24240e-01
2.17416e+00	1.21038e-01
2.19845e+00	1.17889e-01
2.22275e+00	1.14800e-01
2.24704e+00	1.11786e-01
2.27133e+00	1.08929e-01
2.29562e+00	1.06228e-01
2.31992e+00	1.03670e-01
2.34421e+00	1.01249e-01
2.36850e+00	9.89379e-02
2.39279e+00	9.66745e-02
2.41708e+00	9.44725e-02
2.44138e+00	9.23216e-02
2.46567e+00	9.02141e-02
2.48996e+00	8.81945e-02
2.51425e+00	8.63134e-02
2.53855e+00	8.45594e-02
2.56284e+00	8.29306e-02
2.58713e+00	8.14138e-02
2.61142e+00	7.99786e-02
2.63572e+00	7.85847e-02
2.66001e+00	7.72335e-02
2.68430e+00	7.59274e-02
2.70859e+00	7.46651e-02
2.73288e+00	7.34595e-02
2.75718e+00	7.23307e-02
2.78147e+00	7.12647e-02
2.80576e+00	7.02555e-02
2.83005e+00	6.92997e-02
2.85435e+00	6.83936e-02
2.87864e+00	6.75265e-02
2.90293e+00	6.67022e-02
2.92722e+00	6.59209e-02
2.95152e+00	6.51785e-02
2.97581e+00	6.44709e-02
3.00010e+00	6.37939e-02
3.02439e+00	6.31423e-02
3.04868e+00	6.25135e-02
3.07298e+00	6.19075e-02
3.09727e+00	6.13241e-02
3.12156e+00	6.07634e-02
3.14585e+00	6.02251e-02
3.17015e+00	5.97078e-02
3.19444e+00	5.92096e-02
3.21873e+00	5.87297e-02
3.24302e+00	5.82674e-02
3.26732e+00	5.78221e-02
3.29161e+00	5.73930e-02
3.31590e+00	5.69790e-02
3.34019e+00	5.65790e-02
3.36448e+00	5.61915e-02
3.38878e+00	5.58156e-02
3.41307e+00	5.54502e-02
3.43736e+00	5.50942e-02
3.46165e+00	5.47466e-02
3.48595e+00	5.44072e-02
3.51024e+00	5.40755e-02
3.53453e+00	5.37509e-02
3.55882e+00	5.34332e-02
3.58312e+00	5.31221e-02
3.60741e+00	5.28168e-02
3.63170e+00	5.25173e-02
3.65599e+00	5.22232e-02
3.68029e+00	5.19345e-02
3.70458e+00	5.16508e-02
3.72887e+00	5.13719e-02
3.75316e+00	5.10974e-02
3.77745e+00	5.08270e-02
3.80175e+00	5.05603e-02
3.82604e+00	5.02969e-02
3.85033e+00	5.00364e-02
3.87462e+00	4.97786e-02
3.89892e+00	4.95231e-02
3.92321e+00	4.92697e-02
3.94750e+00	4.90182e-02
3.97179e+00	4.87686e-02
3.99609e+00	4.85205e-02
4.02038e+00	4.82738e-02
4.04467e+00	4.80283e-02
4.06896e+00	4.77840e-02
4.09325e+00	4.75408e-02
4.11755e+00	4.72988e-02
4.14184e+00	4.70580e-02
4.16613e+00	4.68183e-02
4.19042e+00	4.65799e-02
4.21472e+00	4.63427e-02
4.23901e+00	4.61067e-02
4.26330e+00	4.58720e-02
4.28759e+00	4.56385e-02
4.31189e+00	4.54064e-02
4.33618e+00	4.51757e-02
4.36047e+00	4.49463e-02
4.38476e+00	4.47184e-02
4.40905e+00	4.44919e-02
4.43335e+00	4.42669e-02
4.45764e+00	4.40434e-02
4.48193e+00	4.38213e-02
4.50622e+00	4.36007e-02
4.53052e+00	4.33815e-02
4.55481e+00	4.31639e-02
4.57910e+00	4.29477e-02
4.60339e+00	4.27329e-02
4.62769e+00	4.25195e-02
4.65198e+00	4.23075e-02
4.67627e+00	4.20968e-02
4.70056e+00	4.18873e-02
4.72485e+00	4.16789e-02
4.74915e+00	4.14716e-02
4.77344e+00	4.12653e-02
4.79773e+00	4.10599e-02
4.82202e+00	4.08554e-02
4.84632e+00	4.06517e-02
4.87061e+00	4.04487e-02
4.89490e+00	4.02462e-02
4.91919e+00	4.00442e-02
4.94349e+00	3.98427e-02
4.96778e+00	3.96414e-02
4.99207e+00	3.94404e-02
5.01636e+00	3.92396e-02
5.04065e+00	3.90390e-02
5.06495e+00	3.88384e-02
5.08924e+00	3.86379e-02
5.11353e+00	3.84375e-02
5.13782e+00	3.82370e-02
5.16212e+00	3.80365e-02
5.18641e+00	3.78361e-02
5.21070e+00	3.76356e-02
5.23499e+00	3.74352e-02
5.25929e+00	3.72347e-02
5.28358e+00	3.70343e-02
5.30787e+00	3.68339e-02
5.33216e+00	3.66335e-02
5.35645e+00	3.64332e-02
5.38075e+00	3.62328e-02
5.40504e+00	3.60325e-02
5.42933e+00	3.58323e-02
5.45362e+00	3.56321e-02
5.47792e+00	3.54319e-02
5.50221e+00	3.52318e-02
5.52650e+00	3.50317e-02
5.55079e+00	3.48316e-02
5.57509e+00	3.46317e-02
5.59938e+00	3.44317e-02
5.62367e+00	3.42319e-02
5.64796e+00	3.40321e-02
5.67225e+00	3.38323e-02
5.69655e+00	3.36326e-02
5.72084e+00	3.34330e-02
5.74513e+00	3.32335e-02
5.76942e+00	3.30340e-02
5.79372e+00	3.28346e-02
5.81801e+00	3.26353e-02
5.84230e+00	3.24360e-02
5.86659e+00	3.22369e-02
5.89089e+00	3.20378e-02
5.91518e+00	3.18388e-02
5.93947e+00	3.16398e-02
5.96376e+00	3.14410e-02
5.98805e+00	3.12422e-02
6.01235e+00	3.10436e-02
6.03664e+00	3.08450e-02
6.06093e+00	3.06465e-02
6.08522e+00	3.04482e-02
6.10952e+00	3.02500e-02
6.13381e+00	3.00519e-02
6.15810e+00	2.98539e-02
6.18239e+00	2.96561e-02
6.20669e+00	2.94583e-02
6.23098e+00	2.92607e-02
6.25527e+00	2.90633e-02
6.27956e+00	2.88659e-02
6.30385e+00	2.86687e-02
6.32815e+00	2.84716e-02
6.35244e+00	2.82746e-02
6.37673e+00	2.80778e-02
6.40102e+00	2.78810e-02
6.42532e+00	2.76844e-02
6.44961e+00	2.74880e-02
6.47390e+00	2.72916e-02
6.49819e+00	2.70954e-02
6.52249e+00	2.68993e-02
6.54678e+00	2.67033e-02
6.57107e+00	2.65074e-02
6.59536e+00	2.63117e-02
6.61965e+00	2.61161e-02
6.64395e+00	2.59206e-02
6.66824e+00	2.57252e-02
6.69253e+00	2.55299e-02
6.71682e+00	2.53348e-02
6.74112e+00	2.51397e-02
6.76541e+00	2.49448e-02
6.78970e+00	2.47500e-02
6.81399e+00	2.45553e-02
6.83829e+00	2.43607e-02
6.86258e+00	2.41662e-02
6.88687e+00	2.39718e-02
6.91116e+00	2.37776e-02
6.93545e+00	2.35835e-02
6.95975e+00	2.33895e-02
6.98404e+00	2.31957e-02
7.00833e+00	2.30021e-02
7.03262e+00	2.28087e-02
7.05692e+00	2.26155e-02
7.08121e+00	2.24224e-02
7.10550e+00	2.22296e-02
7.12979e+00	2.20370e-02
7.15409e+00	2.18446e-02
7.17838e+00	2.16525e-02
7.20267e+00	2.14606e-02
7.22696e+00	2.12690e-02
7.25125e+00	2.10775e-02
7.27555e+00	2.08863e-02
7.29984e+00	2.06953e-02
7.32413e+00	2.05045e-02
7.34842e+00	2.03140e-02
7.37272e+00	2.01236e-02
7.39701e+00	1.99335e-02
7.42130e+00	1.97435e-02
7.44559e+00	1.95538e-02
7.46989e+00	1.93644e-02
7.49418e+00	1.91751e-02
7.51847e+00	1.89861e-02
7.54276e+00	1.87973e-02
7.56705e+00	1.86088e-02
7.59135e+00	1.84205e-02
7.61564e+00	1.82325e-02
7.63993e+00	1.80447e-02
7.66422e+00	1.78572e-02
7.68852e+00	1.76700e-02
7.71281e+00	1.74831e-02
7.73710e+00	1.72964e-02
7.76139e+00	1.71100e-02
7.78569e+00	1.69239e-02
7.80998e+00	1.67382e-02
7.83427e+00	1.65527e-02
7.85856e+00	1.63677e-02
7.88285e+00	1.61830e-02
7.90715e+00	1.59987e-02
7.93144e+00	1.58148e-02
7.95573e+00	1.56315e-02
7.98002e+00	1.54485e-02
8.00432e+00	1.52661e-02
8.02861e+00	1.50842e-02
8.05290e+00	1.49029e-02
8.07719e+00	1.47221e-02
8.10149e+00	1.45420e-02
8.12578e+00	1.43624e-02
8.15007e+00	1.41836e-02
8.17436e+00	1.40054e-02
8.19865e+00	1.38279e-02
8.22295e+00	1.36511e-02
8.24724e+00	1.34751e-02
8.27153e+00	1.32998e-02
8.29582e+00	1.31254e-02
8.32012e+00	1.29518e-02
8.34441e+00	1.27790e-02
8.36870e+00	1.26072e-02
8.39299e+00	1.24364e-02
8.41729e+00	1.22665e-02
8.44158e+00	1.20976e-02
8.46587e+00	1.19298e-02
8.49016e+00	1.17631e-02
8.51445e+00	1.15975e-02
8.53875e+00	1.14331e-02
8.56304e+00	1.12698e-02
8.58733e+00	1.11079e-02
8.61162e+00	1.09472e-02
8.63592e+00	1.07877e-02
8.66021e+00	1.06296e-02
8.68450e+00	1.04728e-02
8.70879e+00	1.03174e-02
8.73309e+00	1.01633e-02
8.75738e+00	1.00107e-02
8.78167e+00	9.85938e-03
8.80596e+00	9.70952e-03
8.83025e+00	9.56111e-03
8.85455e+00	9.41415e-03
8.87884e+00	9.26866e-03
8.90313e+00	9.12465e-03
8.92742e+00	8.98215e-03
8.95172e+00	8.84116e-03
8.97601e+00	8.70170e-03
9.00030e+00	8.56381e-03
9.02459e+00	8.42747e-03
9.04889e+00	8.29270e-03
9.07318e+00	8.15948e-03
9.09747e+00	8.02782e-03
9.12176e+00	7.89770e-03
9.14605e+00	7.76911e-03
9.17035e+00	7.64206e-03
9.19464e+00	7.51653e-03
9.21893e+00	7.39251e-03
9.24322e+00	7.27000e-03
9.26752e+00	7.14899e-03
9.29181e+00	7.02947e-03
9.31610e+00	6.91143e-03
9.34039e+00	6.79487e-03
9.36469e+00	6.67977e-03
9.38898e+00	6.56613e-03
9.41327e+00	6.45394e-03
9.43756e+00	6.34319e-03
9.46185e+00	6.23387e-03
9.48615e+00	6.12596e-03
9.51044e+00	6.01947e-03
9.53473e+00	5.91437e-03
9.55902e+00	5.81067e-03
9.58332e+00	5.70834e-03
9.60761e+00	5.60738e-03
9.63190e+00	5.50778e-03
9.65619e+00	5.40953e-03
9.68049e+00	5.31263e-03
9.70478e+00	5.21707e-03
9.72907e+00	5.12285e-03
9.75336e+00	5.02995e-03
9.77765e+00	4.93837e-03
9.80195e+00	4.84809e-03
9.82624e+00	4.75911e-03
9.85053e+00	4.67142e-03
9.87482e+00	4.58502e-03
9.89912e+00	4.49988e-03
9.92341e+00	4.41600e-03
9.94770e+00	4.33337e-03
9.97199e+00	4.25199e-03
9.99629e+00	4.17183e-03
1.00206e+01	4.09290e-03
1.00449e+01	4.01518e-03
1.00692e+01	3.93875e-03
1.00935e+01	3.86358e-03
1.01177e+01	3.78965e-03
1.01420e+01	3.71694e-03
1.01663e+01	3.64543e-03
1.01906e+01	3.57510e-03
1.02149e+01	3.50593e-03
1.02392e+01	3.43791e-03
1.02635e+01	3.37102e-03
1.02878e+01	3.30523e-03
1.03121e+01	3.24053e-03
1.03364e+01	3.17690e-03
1.03607e+01	3.11433e-03
1.03850e+01	3.05280e-03
1.04093e+01	2.99229e-03
1.04335e+01	2.93279e-03
1.04578e+01	2.87427e-03
1.04821e+01	2.81673e-03
1.05064e+01	2.76014e-03
1.05307e+01	2.70449e-03
1.05550e+01	2.64977e-03
1.05793e+01	2.59595e-03
1.06036e+01	2.54303e-03
1.06279e+01	2.49100e-03
1.06522e+01	2.43989e-03
1.06765e+01	2.38968e-03
1.07008e+01	2.34037e-03
1.07251e+01	2.29193e-03
1.07493e+01	2.24434e-03
1.07736e+01	2.19760e-03
1.07979e+01	2.15169e-03
1.08222e+01	2.10659e-03
1.08465e+01	2.06229e-03
1.08708e+01	2.01877e-03
1.08951e+01	1.97602e-03
1.09194e+01	1.93403e-03
1.09437e+01	1.89277e-03
1.09680e+01	1.85225e-03
1.09923e+01	1.81243e-03
1.10166e+01	1.77332e-03
1.10409e+01	1.73489e-03
1.10651e+01	1.69714e-03
1.10894e+01	1.66004e-03
1.11137e+01	1.62360e-03
1.11380e+01	1.58778e-03
1.11623e+01	1.55260e-03
1.11866e+01	1.51802e-03
1.12109e+01	1.48404e-03
1.12352e+01	1.45064e-03
1.12595e+01	1.41783e-03
1.12838e+01	1.38558e-03
1.13081e+01	1.35388e-03
1.13324e+01	1.32273e-03
1.13567e+01	1.29212e-03
1.13809e+01	1.26203e-03
1.14052e+01	1.23246e-03
1.14295e+01	1.20339e-03
1.14538e+01	1.17482e-03
1.14781e+01	1.14674e-03
1.15024e+01	1.11913e-03
1.15267e+01	1.09200e-03
1.15510e+01	1.06532e-03
1.15753e+01	1.03909e-03
1.15996e+01	1.01331e-03
1.16239e+01	9.87989e-04
1.16482e+01	9.63123e-04
1.16725e+01	9.38738e-04
1.16967e+01	9.14854e-04
1.17210e+01	8.91457e-04
1.17453e+01	8.68528e-04
1.17696e+01	8.46051e-04
1.17939e+01	8.24024e-04
1.18182e+01	8.02444e-04
1.18425e+01	7.81301e-04
1.18668e+01	7.60634e-04
1.18911e+01	7.40454e-04
1.19154e+01	7.20730e-04
1.19397e+01	7.01477e-04
1.19640e+01	6.82677e-04
1.19883e+01	6.64312e-04
1.20125e+01	6.46368e-04
1.20368e+01	6.28833e-04
1.20611e+01	6.11698e-04
1.20854e+01	5.94955e-04
1.21097e+01	5.78593e-04
1.21340e+01	5.62607e-04
1.21583e+01	5.46989e-04
1.21826e+01	5.31732e-04
1.22069e+01	5.16830e-04
1.22312e+01	5.02277e-04
1.22555e+01	4.88067e-04
1.22798e+01	4.74196e-04
1.23041e+01	4.60659e-04
1.23283e+01	4.47451e-04
1.23526e+01	4.34566e-04
1.23769e+01	4.22000e-04
1.24012e+01	4.09744e-04
1.24255e+01	3.97795e-04
1.24498e+01	3.86145e-04
1.24741e+01	3.74791e-04
1.24984e+01	3.63728e-04
1.25227e+01	3.52950e-04
1.25470e+01	3.42453e-04
1.25713e+01	3.32232e-04
1.25956e+01	3.22288e-04
1.26199e+01	3.12618e-04
1.26441e+01	3.03217e-04
1.26684e+01	2.94080e-04
1.26927e+01	2.85201e-04
1.27170e+01	2.76574e-04
1.27413e+01	2.68193e-04
1.27656e+01	2.60052e-04
1.27899e+01	2.52145e-04
1.28142e+01	2.44465e-04
1.28385e+01	2.37007e-04
1.28628e+01	2.29763e-04
1.28871e+01	2.22727e-04
1.29114e+01	2.15888e-04
1.29357e+01	2.09243e-04
1.29599e+01	2.02787e-04
1.29842e+01	1.96511e-04
1.30085e+01	1.90408e-04
1.30328e+01	1.84475e-04
1.30571e+01	1.78728e-04
1.30814e+01	1.73182e-04
1.31057e+01	1.67814e-04
1.31300e+01	1.62609e-04
1.31543e+01	1.57550e-04
1.31786e+01	1.52630e-04
1.32029e+01	1.47851e-04
1.32272e+01	1.43215e-04
1.32515e+01	1.38713e-04
1.32757e+01	1.34337e-04
1.33000e+01	1.30083e-04
1.33243e+01	1.25944e-04
1.33486e+01	1.21915e-04
1.33729e+01	1.17993e-04
1.33972e+01	1.14175e-04
1.34215e+01	1.10459e-04
1.34458e+01	1.06842e-04
1.34701e+01	1.03324e-04
1.34944e+01	9.99033e-05
1.35187e+01	9.65789e-05
1.35430e+01	9.33474e-05
1.35673e+01	9.02069e-05
1.35915e+01	8.71553e-05
1.36158e+01	8.41906e-05
1.36401e+01	8.13110e-05
1.36644e+01	7.85143e-05
1.36887e+01	7.57987e-05
1.37130e+01	7.31621e-05
1.37373e+01	7.06027e-05
1.37616e+01	6.81185e-05
1.37859e+01	6.57078e-05
1.38102e+01	6.33686e-05
1.38345e+01	6.10991e-05
1.38588e+01	5.88978e-05
1.38831e+01	5.67627e-05
1.39073e+01	5.46924e-05
1.39316e+01	5.26854e-05
1.39559e+01	5.07402e-05
1.39802e+01	4.88554e-05
1.40045e+01	4.70297e-05
1.40288e+01	4.52616e-05
1.40531e+01	4.35499e-05
1.40774e+01	4.18933e-05
1.41017e+01	4.02905e-05
1.41260e+01	3.87401e-05
1.41503e+01	3.72408e-05
1.41746e+01	3.57914e-05
1.41989e+01	3.43904e-05
1.42231e+01	3.30366e-05
1.42474e+01	3.17288e-05
1.42717e+01	3.04658e-05
1.42960e+01	2.92463e-05
1.43203e+01	2.80693e-05
1.43446e+01	2.69336e-05
1.43689e+01	2.58381e-05
1.43932e+01	2.47817e-05
1.44175e+01	2.37634e-05
1.44418e+01	2.27820e-05
1.44661e+01	2.18365e-05
1.44904e+01	2.09258e-05
1.45147e+01	2.00489e-05
1.45389e+01	1.92048e-05
1.45632e+01	1.83925e-05
1.45875e+01	1.76110e-05
1.46118e+01	1.68593e-05
1.46361e+01	1.61366e-05
1.46604e+01	1.54418e-05
1.46847e+01	1.47741e-05
1.47090e+01	1.41326e-05
1.47333e+01	1.35164e-05
1.47576e+01	1.29246e-05
1.47819e+01	1.23566e-05
1.48062e+01	1.18114e-05
1.48305e+01	1.12882e-05
1.48547e+01	1.07864e-05
1.48790e+01	1.03051e-05
1.49033e+01	9.84366e-06
1.49276e+01	9.40137e-06
1.49519e+01	8.97753e-06
1.49762e+01	8.57149e-06
1.50005e+01	8.18261e-06
1.50248e+01	7.81024e-06
1.50491e+01	7.45378e-06
1.50734e+01	7.11260e-06
1.50977e+01	6.78609e-06
1.51220e+01	6.47367e-06
1.51463e+01	6.17477e-06
1.51705e+01	5.88885e-06
1.51948e+01	5.61539e-06
1.52191e+01	5.35388e-06
1.52434e+01	5.10383e-06
1.52677e+01	4.86477e-06
1.52920e+01	4.63626e-06
1.53163e+01	4.41785e-06
1.53406e+01	4.20913e-06
1.53649e+01	4.00969e-06
1.53892e+01	3.81914e-06
1.54135e+01	3.63712e-06
1.54378e+01	3.46326e-06
1.54621e+01	3.29722e-06
1.54863e+01	3.13866e-06
1.55106e+01	2.98726e-06
1.55349e+01	2.84273e-06
1.55592e+01	2.70475e-06
1.55835e+01	2.57305e-06
1.56078e+01	2.44736e-06
1.56321e+01	2.32741e-06
1.56564e+01	2.21296e-06
1.56807e+01	2.10375e-06
1.57050e+01	1.99957e-06
1.57293e+01	1.90019e-06
1.57536e+01	1.80539e-06
1.57779e+01	1.71497e-06
1.58021e+01	1.62873e-06
1.58264e+01	1.54650e-06
1.58507e+01	1.46811e-06
1.58750e+01	1.39341e-06
1.58993e+01	1.32225e-06
1.59236e+01	1.25447e-06
1.59479e+01	1.18993e-06
1.59722e+01	1.12850e-06
1.59965e+01	1.07003e-06
1.60208e+01	1.01441e-06
1.60451e+01	9.61511e-07
1.60694e+01	9.11206e-07
1.60937e+01	8.63380e-07
1.61179e+01	8.17921e-07
1.61422e+01	7.74719e-07
1.61665e+01	7.33671e-07
1.61908e+01	6.94677e-07
1.62151e+01	6.57641e-07
1.62394e+01	6.22473e-07
1.62637e+01	5.89084e-07
1.62880e+01	5.57390e-07
1.63123e+01	5.27312e-07
1.63366e+01	4.98771e-07
1.63609e+01	4.71695e-07
1.63852e+01	4.46013e-07
1.64095e+01	4.21658e-07
1.64337e+01	3.98566e-07
1.64580e+01	3.76675e-07
1.64823e+01	3.55926e-07
1.65066e+01	3.36264e-07
1.65309e+01	3.17634e-07
1.65552e+01	2.99986e-07
1.65795e+01	2.83271e-07
1.66038e+01	2.67443e-07
1.66281e+01	2.52457e-07
1.66524e+01	2.38272e-07
1.66767e+01	2.24848e-07
1.67010e+01	2.12145e-07
1.67253e+01	2.00128e-07
1.67495e+01	1.88761e-07
1.67738e+01	1.78011e-07
1.67981e+01	1.67847e-07
1.68224e+01	1.58239e-07
1.68467e+01	1.49157e-07
1.68710e+01	1.40575e-07
1.68953e+01	1.32466e-07
1.69196e+01	1.24807e-07
1.69439e+01	1.17572e-07
1.69682e+01	1.10740e-07
1.69925e+01	1.04290e-07
1.70168e+01	9.82015e-08
1.70411e+01	9.24550e-08
1.70653e+01	8.70324e-08
1.70896e+01	8.19163e-08
1.71139e+01	7.70900e-08
1.71382e+01	7.25380e-08
1.71625e+01	6.82452e-08
1.71868e+01	6.41975e-08
1.72111e+01	6.03816e-08
1.72354e+01	5.67846e-08
1.72597e+01	5.33946e-08
1.72840e+01	5.02001e-08
1.73083e+01	4.71903e-08
1.73326e+01	4.43549e-08
1.73569e+01	4.16842e-08
1.73811e+01	3.91689e-08
1.74054e+01	3.68005e-08
1.74297e+01	3.45705e-08
1.74540e+01	3.24713e-08
1.74783e+01	3.04955e-08
1.75026e+01	2.86359e-08
1.75269e+01	2.68862e-08
1.75512e+01	2.52400e-08
1.75755e+01	2.36913e-08
1.75998e+01	2.22347e-08
1.76241e+01	2.08649e-08
1.76484e+01	1.95769e-08
1.76727e+01	1.83661e-08
1.76969e+01	1.72278e-08
1.77212e+01	1.61581e-08
1.77455e+01	1.51528e-08
1.77698e+01	1.42083e-08
1.77941e+01	1.33211e-08
1.78184e+01	1.24877e-08
1.78427e+01	1.17050e-08
1.78670e+01	1.09700e-08
1.78913e+01	1.02799e-08
1.79156e+01	9.63200e-09
1.79399e+01	9.02382e-09
1.79642e+01	8.45302e-09
1.79885e+01	7.91740e-09
1.80127e+01	7.41485e-09
1.80370e+01	6.94342e-09
1.80613e+01	6.50123e-09
1.80856e+01	6.08652e-09
1.81099e+01	5.69765e-09
1.81342e+01	5.33303e-09
1.81585e+01	4.99121e-09
1.81828e+01	4.67078e-09
1.82071e+01	4.37042e-09
1.82314e+01	4.08890e-09
1.82557e+01	3.82507e-09
1.82800e+01	3.57786e-09
1.83043e+01	3.34624e-09
1.83285e+01	3.12926e-09
1.83528e+01	2.92602e-09
1.83771e+01	2.73568e-09
1.84014e+01	2.55742e-09
1.84257e+01	2.39051e-09
1.84500e+01	2.23424e-09
1.84743e+01	2.08796e-09
1.84986e+01	1.95103e-09
1.85229e+01	1.82288e-09
1.85472e+01	1.70296e-09
1.85715e+01	1.59075e-09
1.85958e+01	1.48576e-09
1.86201e+01	1.38755e-09
1.86443e+01	1.29569e-09
1.86686e+01	1.20978e-09
1.86929e+01	1.12945e-09
1.87172e+01	1.05433e-09
1.87415e+01	9.84102e-10
1.87658e+01	9.18454e-10
1.87901e+01	8.57096e-10
1.88144e+01	7.99752e-10
1.88387e+01	7.46168e-10
1.88630e+01	6.96103e-10
1.88873e+01	6.49330e-10
1.89116e+01	6.05640e-10
1.89359e+01	5.64833e-10
1.89601e+01	5.26724e-10
1.89844e+01	4.91140e-10
1.90087e+01	4.57916e-10
1.90330e+01	4.26901e-10
1.90573e+01	3.97950e-10
1.90816e+01	3.70929e-10
1.91059e+01	3.45713e-10
1.91302e+01	3.22182e-10
1.91545e+01	3.00226e-10
1.91788e+01	2.79742e-10
1.92031e+01	2.60633e-10
1.92274e+01	2.42808e-10
1.92517e+01	2.26183e-10
1.92759e+01	2.10678e-10
1.93002e+01	1.96218e-10
1.93245e+01	1.82736e-10
1.93488e+01	1.70166e-10
1.93731e+01	1.58447e-10
1.93974e+01	1.47523e-10
1.94217e+01	1.37340e-10
1.94460e+01	1.27850e-10
1.94703e+01	1.19006e-10
1.94946e+01	1.10764e-10
1.95189e+01	1.03085e-10
1.95432e+01	9.59307e-11
1.95675e+01	8.92657e-11
1.95917e+01	8.30573e-11
1.96160e+01	7.72746e-11
1.96403e+01	7.18890e-11
1.96646e+01	6.68737e-11
1.96889e+01	6.22036e-11
1.97132e+01	5.78555e-11
1.97375e+01	5.38074e-11
1.97618e+01	5.00390e-11
1.97861e+01	4.65314e-11
1.98104e+01	4.32668e-11
1.98347e+01	4.02286e-11
1.98590e+01	3.74014e-11
1.98833e+01	3.47709e-11
1.99075e+01	3.23235e-11
1.99318e+01	3.00456e-11
1.99561e+01	2.79258e-11
1.99804e+01	2.59532e-11
2.00047e+01	2.41179e-11
2.00290e+01	2.24105e-11
2.00533e+01	2.08222e-11
2.00776e+01	1.93449e-11
2.01019e+01	1.79709e-11
2.01262e+01	1.66931e-11
2.01505e+01	1.55050e-11
2.01748e+01	1.44002e-11
2.01991e+01	1.33731e-11
2.02233e+01	1.24184e-11
2.02476e+01	1.15309e-11
2.02719e+01	1.07060e-11
2.02962e+01	9.93934e-12
2.03205e+01	9.22692e-12
2.03448e+01	8.56492e-12
2.03691e+01	7.94983e-12
2.03934e+01	7.37838e-12
2.04177e+01	6.84751e-12
2.04420e+01	6.35440e-12
2.04663e+01	5.89638e-12
2.04906e+01	5.47101e-12
2.05149e+01	5.07601e-12
2.05391e+01	4.70922e-12
2.05634e+01	4.36867e-12
2.05877e+01	4.05249e-12
2.06120e+01	3.75897e-12
2.06363e+01	3.48650e-12
2.06606e+01	3.23357e-12
2.06849e+01	2.99879e-12
2.07092e+01	2.78088e-12
2.07335e+01	2.57864e-12
2.07578e+01	2.39095e-12
2.07821e+01	2.21678e-12
2.08064e+01	2.05516e-12
2.08307e+01	1.90521e-12
2.08549e+01	1.76609e-12
2.08792e+01	1.63702e-12
2.09035e+01	1.51729e-12
2.09278e+01	1.40623e-12
2.09521e+01	1.30322e-12
2.09764e+01	1.20768e-12
2.10007e+01	1.11908e-12
2.10250e+01	1.03691e-12
2.10493e+01	9.60725e-13
2.10736e+01	8.90084e-13
2.10979e+01	8.24589e-13
2.11222e+01	7.63869e-13
2.11465e+01	7.07580e-13
2.11707e+01	6.55400e-13
2.11950e+01	6.07033e-13
2.12193e+01	5.62203e-13
2.12436e+01	5.20654e-13
2.12679e+01	4.82148e-13
2.12922e+01	4.46464e-13
2.13165e+01	4.13398e-13
2.13408e+01	3.82758e-13
2.13651e+01	3.54369e-13
2.13894e+01	3.28066e-13
2.14137e+01	3.03699e-13
2.14380e+01	2.81125e-13
2.14623e+01	2.60214e-13
2.14865e+01	2.40845e-13
2.15108e+01	2.22905e-13
2.15351e+01	2.06290e-13
2.15594e+01	1.90902e-13
2.15837e+01	1.76652e-13
2.16080e+01	1.63456e-13
2.16323e+01	1.51237e-13
2.16566e+01	1.39924e-13
2.16809e+01	1.29449e-13
2.17052e+01	1.19753e-13
2.17295e+01	1.10776e-13
2.17538e+01	1.02467e-13
2.17781e+01	9.47754e-14
2.18023e+01	8.76568e-14
2.18266e+01	8.10686e-14
2.18509e+01	7.49716e-14
2.18752e+01	6.93297e-14
2.18995e+01	6.41092e-14
2.19238e+01	5.92789e-14
2.19481e+01	5.48100e-14
2.19724e+01	5.06758e-14
2.19967e+01	4.68514e-14
2.20210e+01	4.33137e-14
2.20453e+01	4.00416e-14
2.20696e+01	3.70152e-14
2.20939e+01	3.42164e-14
2.21181e+01	3.16281e-14
2.21424e+01	2.92345e-14
2.21667e+01	2.70211e-14
2.21910e+01	2.49745e-14
2.22153e+01	2.30820e-14
2.22396e+01	2.13322e-14
2.22639e+01	1.97143e-14
2.22882e+01	1.82185e-14
2.23125e+01	1.68355e-14
2.23368e+01	1.55570e-14
2.23611e+01	1.43751e-14
2.23854e+01	1.32825e-14
2.24097e+01	1.22725e-14
2.24339e+01	1.13389e-14
2.24582e+01	1.04759e-14
2.24825e+01	9.67828e-15
2.25068e+01	8.94102e-15
2.25311e+01	8.25962e-15
2.25554e+01	7.62986e-15
2.25797e+01	7.04785e-15
2.26040e+01	6.50998e-15
2.26283e+01	6.01293e-15
2.26526e+01	5.55362e-15
2.26769e+01	5.12920e-15
2.27012e+01	4.73703e-15
2.27255e+01	4.37468e-15
2.27497e+01	4.03990e-15
2.27740e+01	3.73059e-15
2.27983e+01	3.44484e-15
2.28226e+01	3.18085e-15
2.28469e+01	2.93699e-15
2.28712e+01	2.71172e-15
2.28955e+01	2.50363e-15
2.29198e+01	2.31143e-15
2.29441e+01	2.13390e-15
2.29684e+01	1.96993e-15
2.29927e+01	1.81850e-15
2.30170e+01	1.67864e-15
2.30413e+01	1.54949e-15
2.30655e+01	1.43022e-15
2.30898e+01	1.32008e-15
2.31141e+01	1.21837e-15
2.31384e+01	1.12445e-15
2.31627e+01	1.03773e-15
2.31870e+01	9.57660e-16
2.32113e+01	8.83723e-16
2.32356e+01	8.15455e-16
2.32599e+01	7.52420e-16
2.32842e+01	6.94219e-16
2.33085e+01	6.40481e-16
2.33328e+01	5.90864e-16
2.33571e+01	5.45051e-16
2.33813e+01	5.02749e-16
2.34056e+01	4.63690e-16
2.34299e+01	4.27623e-16
2.34542e+01	3.94317e-16
2.34785e+01	3.63560e-16
2.35028e+01	3.35154e-16
2.35271e+01	3.08918e-16
2.35514e+01	2.84683e-16
2.35757e+01	2.62294e-16
2.36000e+01	2.41607e-16
2.36243e+01	2.22489e-16
2.36486e+01	2.04817e-16
2.36729e+01	1.88476e-16
2.36971e+01	1.73363e-16
2.37214e+01	1.59380e-16
2.37457e+01	1.46436e-16
2.37700e+01	1.34447e-16
2.37943e+01	1.23338e-16
2.38186e+01	1.13035e-16
2.38429e+01	1.03472e-16
2.38672e+01	9.45879e-17
2.38915e+01	8.63245e-17
2.39158e+01	7.86286e-17
2.39401e+01	7.14503e-17
2.39644e+01	6.47433e-17
2.39887e+01	5.84641e-17
2.40129e+01	5.25720e-17
2.40372e+01	4.70290e-17
2.40615e+01	4.17990e-17
2.40858e+01	3.68481e-17
2.41101e+01	3.21443e-17
2.41344e+01	2.76570e-17
2.41587e+01	2.33572e-17
2.41830e+01	1.92170e-17
2.42073e+01	1.52096e-17
2.42316e+01	1.13092e-17
2.42559e+01	7.49039e-18
2.42802e+01	3.72861e-18
