# The ell = 0 distribution, the isotropy.
# E_N [Td]	7.50000e+01
# col_1: Electron Energy [eV], col_2: f0 [eV^(-3/2)]
eV	f0
1.81112e-02	8.03271e-02
5.43336e-02	8.03085e-02
9.05560e-02	8.02934e-02
1.26778e-01	8.02808e-02
1.63001e-01	8.02691e-02
1.99223e-01	8.02572e-02
2.35446e-01	8.02447e-02
2.71668e-01	8.02311e-02
3.07890e-01	8.02159e-02
3.44113e-01	8.01987e-02
3.80335e-01	8.01796e-02
4.16558e-01	8.01583e-02
4.52780e-01	8.01345e-02
4.89003e-01	8.01080e-02
5.25225e-01	8.00785e-02
5.61447e-01	8.00457e-02
5.97670e-01	8.00092e-02
6.33892e-01	7.99687e-02
6.70115e-01	7.99239e-02
7.06337e-01	7.98742e-02
7.42559e-01	7.98189e-02
7.78782e-01	7.97577e-02
8.15004e-01	7.96904e-02
8.51227e-01	7.96169e-02
8.87449e-01	7.95367e-02
9.23671e-01	7.94493e-02
9.59894e-01	7.93541e-02
9.96116e-01	7.92503e-02
1.03234e+00	7.91375e-02
1.06856e+00	7.90157e-02
1.10478e+00	7.88845e-02
1.14101e+00	7.87443e-02
1.17723e+00	7.85950e-02
1.21345e+00	7.84367e-02
1.24967e+00	7.82689e-02
1.28590e+00	7.80908e-02
1.32212e+00	7.79022e-02
1.35834e+00	7.77025e-02
1.39456e+00	7.74912e-02
1.43079e+00	7.72689e-02
1.46701e+00	7.70360e-02
1.50323e+00	7.67923e-02
1.53945e+00	7.65377e-02
1.57567e+00	7.62705e-02
1.61190e+00	7.59870e-02
1.64812e+00	7.56860e-02
1.68434e+00	7.53641e-02
1.72056e+00	7.50201e-02
1.75679e+00	7.46519e-02
1.79301e+00	7.42581e-02
1.82923e+00	7.38388e-02
1.86545e+00	7.33916e-02
1.90168e+00	7.29104e-02
1.93790e+00	7.23964e-02
1.97412e+00	7.18700e-02
2.01034e+00	7.13375e-02
2.04657e+00	7.08052e-02
2.08279e+00	7.02784e-02
2.11901e+00	6.97567e-02
2.15523e+00	6.92279e-02
2.19146e+00	6.86922e-02
2.22768e+00	6.81534e-02
2.26390e+00	6.76223e-02
2.30012e+00	6.71169e-02
2.33635e+00	6.66352e-02
2.37257e+00	6.61733e-02
2.40879e+00	6.57098e-02
2.44501e+00	6.52482e-02
2.48123e+00	6.47841e-02
2.51746e+00	6.43449e-02
2.55368e+00	6.39335e-02
2.58990e+00	6.35490e-02
2.62612e+00	6.31781e-02
2.66235e+00	6.28093e-02
2.69857e+00	6.24438e-02
2.73479e+00	6.20839e-02
2.77101e+00	6.17445e-02
2.80724e+00	6.14203e-02
2.84346e+00	6.11099e-02
2.87968e+00	6.08094e-02
2.91590e+00	6.05176e-02
2.95213e+00	6.02354e-02
2.98835e+00	5.99618e-02
3.02457e+00	5.96951e-02
3.06079e+00	5.94330e-02
3.09702e+00	5.91759e-02
3.13324e+00	5.89239e-02
3.16946e+00	5.86780e-02
3.20568e+00	5.84371e-02
3.24191e+00	5.82010e-02
3.27813e+00	5.79695e-02
3.31435e+00	5.77422e-02
3.35057e+00	5.75189e-02
3.38680e+00	5.72990e-02
3.42302e+00	5.70822e-02
3.45924e+00	5.68675e-02
3.49546e+00	5.66547e-02
3.53168e+00	5.64436e-02
3.56791e+00	5.62342e-02
3.60413e+00	5.60259e-02
3.64035e+00	5.58187e-02
3.67657e+00	5.56124e-02
3.71280e+00	5.54069e-02
3.74902e+00	5.52023e-02
3.78524e+00	5.49982e-02
3.82146e+00	5.47945e-02
3.85769e+00	5.45912e-02
3.89391e+00	5.43879e-02
3.93013e+00	5.41847e-02
3.96635e+00	5.39812e-02
4.00258e+00	5.37775e-02
4.03880e+00	5.35732e-02
4.07502e+00	5.33682e-02
4.11124e+00	5.31625e-02
4.14747e+00	5.29562e-02
4.18369e+00	5.27492e-02
4.21991e+00	5.25417e-02
4.25613e+00	5.23335e-02
4.29236e+00	5.21248e-02
4.32858e+00	5.19155e-02
4.36480e+00	5.17057e-02
4.40102e+00	5.14955e-02
4.43725e+00	5.12848e-02
4.47347e+00	5.10736e-02
4.50969e+00	5.08620e-02
4.54591e+00	5.06498e-02
4.58213e+00	5.04373e-02
4.61836e+00	5.02242e-02
4.65458e+00	5.00108e-02
4.69080e+00	4.97969e-02
4.72702e+00	4.95825e-02
4.76325e+00	4.93677e-02
4.79947e+00	4.91524e-02
4.83569e+00	4.89365e-02
4.87191e+00	4.87201e-02
4.90814e+00	4.85032e-02
4.94436e+00	4.82856e-02
4.98058e+00	4.80673e-02
5.01680e+00	4.78483e-02
5.05303e+00	4.76287e-02
5.08925e+00	4.74083e-02
5.12547e+00	4.71871e-02
5.16169e+00	4.69651e-02
5.19792e+00	4.67423e-02
5.23414e+00	4.65188e-02
5.27036e+00	4.62946e-02
5.30658e+00	4.60697e-02
5.34281e+00	4.58440e-02
5.37903e+00	4.56177e-02
5.41525e+00	4.53907e-02
5.45147e+00	4.51630e-02
5.48769e+00	4.49346e-02
5.52392e+00	4.47057e-02
5.56014e+00	4.44761e-02
5.59636e+00	4.42459e-02
5.63258e+00	4.40150e-02
5.66881e+00	4.37836e-02
5.70503e+00	4.35517e-02
5.74125e+00	4.33191e-02
5.77747e+00	4.30860e-02
5.81370e+00	4.28524e-02
5.84992e+00	4.26183e-02
5.88614e+00	4.23836e-02
5.92236e+00	4.21484e-02
5.95859e+00	4.19127e-02
5.99481e+00	4.16766e-02
6.03103e+00	4.14400e-02
6.06725e+00	4.12029e-02
6.10348e+00	4.09655e-02
6.13970e+00	4.07277e-02
6.17592e+00	4.04895e-02
6.21214e+00	4.02509e-02
6.24837e+00	4.00120e-02
6.28459e+00	3.97728e-02
6.32081e+00	3.95332e-02
6.35703e+00	3.92932e-02
6.39326e+00	3.90530e-02
6.42948e+00	3.88124e-02
6.46570e+00	3.85715e-02
6.50192e+00	3.83303e-02
6.53814e+00	3.80889e-02
6.57437e+00	3.78471e-02
6.61059e+00	3.76051e-02
6.64681e+00	3.73628e-02
6.68303e+00	3.71202e-02
6.71926e+00	3.68774e-02
6.75548e+00	3.66343e-02
6.79170e+00	3.63909e-02
6.82792e+00	3.61473e-02
6.86415e+00	3.59035e-02
6.90037e+00	3.56594e-02
6.93659e+00	3.54151e-02
6.97281e+00	3.51706e-02
7.00904e+00	3.49260e-02
7.04526e+00	3.46814e-02
7.08148e+00	3.44366e-02
7.11770e+00	3.41918e-02
7.15393e+00	3.39471e-02
7.19015e+00	3.37023e-02
7.22637e+00	3.34576e-02
7.26259e+00	3.32129e-02
7.29882e+00	3.29683e-02
7.33504e+00	3.27237e-02
7.37126e+00	3.24791e-02
7.40748e+00	3.22345e-02
7.44370e+00	3.19900e-02
7.47993e+00	3.17455e-02
7.51615e+00	3.15010e-02
7.55237e+00	3.12566e-02
7.58859e+00	3.10123e-02
7.62482e+00	3.07680e-02
7.66104e+00	3.05239e-02
7.69726e+00	3.02798e-02
7.73348e+00	3.00357e-02
7.76971e+00	2.97918e-02
7.80593e+00	2.95480e-02
7.84215e+00	2.93042e-02
7.87837e+00	2.90606e-02
7.91460e+00	2.88172e-02
7.95082e+00	2.85739e-02
7.98704e+00	2.83308e-02
8.02326e+00	2.80879e-02
8.05949e+00	2.78452e-02
8.09571e+00	2.76028e-02
8.13193e+00	2.73606e-02
8.16815e+00	2.71187e-02
8.20438e+00	2.68771e-02
8.24060e+00	2.66358e-02
8.27682e+00	2.63949e-02
8.31304e+00	2.61543e-02
8.34927e+00	2.59141e-02
8.38549e+00	2.56744e-02
8.42171e+00	2.54351e-02
8.45793e+00	2.51963e-02
8.49415e+00	2.49580e-02
8.53038e+00	2.47203e-02
8.56660e+00	2.44832e-02
8.60282e+00	2.42467e-02
8.63904e+00	2.40109e-02
8.67527e+00	2.37758e-02
8.71149e+00	2.35414e-02
8.74771e+00	2.33078e-02
8.78393e+00	2.30749e-02
8.82016e+00	2.28429e-02
8.85638e+00	2.26117e-02
8.89260e+00	2.23813e-02
8.92882e+00	2.21518e-02
8.96505e+00	2.19232e-02
9.00127e+00	2.16956e-02
9.03749e+00	2.14690e-02
9.07371e+00	2.12433e-02
9.10994e+00	2.10187e-02
9.14616e+00	2.07952e-02
9.18238e+00	2.05726e-02
9.21860e+00	2.03511e-02
9.25483e+00	2.01307e-02
9.29105e+00	1.99113e-02
9.32727e+00	1.96929e-02
9.36349e+00	1.94757e-02
9.39972e+00	1.92595e-02
9.43594e+00	1.90444e-02
9.47216e+00	1.88303e-02
9.50838e+00	1.86174e-02
9.54460e+00	1.84055e-02
9.58083e+00	1.81948e-02
9.61705e+00	1.79851e-02
9.65327e+00	1.77766e-02
9.68949e+00	1.75691e-02
9.72572e+00	1.73629e-02
9.76194e+00	1.71577e-02
9.79816e+00	1.69538e-02
9.83438e+00	1.67509e-02
9.87061e+00	1.65493e-02
9.90683e+00	1.63488e-02
9.94305e+00	1.61495e-02
9.97927e+00	1.59514e-02
1.00155e+01	1.57545e-02
1.00517e+01	1.55588e-02
1.00879e+01	1.53646e-02
1.01242e+01	1.51719e-02
1.01604e+01	1.49807e-02
1.01966e+01	1.47911e-02
1.02328e+01	1.46028e-02
1.02691e+01	1.44161e-02
1.03053e+01	1.42308e-02
1.03415e+01	1.40469e-02
1.03777e+01	1.38645e-02
1.04139e+01	1.36834e-02
1.04502e+01	1.35038e-02
1.04864e+01	1.33255e-02
1.05226e+01	1.31486e-02
1.05588e+01	1.29731e-02
1.05951e+01	1.27989e-02
1.06313e+01	1.26260e-02
1.06675e+01	1.24548e-02
1.07037e+01	1.22851e-02
1.07399e+01	1.21171e-02
1.07762e+01	1.19505e-02
1.08124e+01	1.17855e-02
1.08486e+01	1.16221e-02
1.08848e+01	1.14601e-02
1.09211e+01	1.12997e-02
1.09573e+01	1.11407e-02
1.09935e+01	1.09831e-02
1.10297e+01	1.08271e-02
1.10659e+01	1.06724e-02
1.11022e+01	1.05192e-02
1.11384e+01	1.03673e-02
1.11746e+01	1.02169e-02
1.12108e+01	1.00678e-02
1.12471e+01	9.92000e-03
1.12833e+01	9.77359e-03
1.13195e+01	9.62850e-03
1.13557e+01	9.48472e-03
1.13919e+01	9.34224e-03
1.14282e+01	9.20105e-03
1.14644e+01	9.06113e-03
1.15006e+01	8.92247e-03
1.15368e+01	8.78506e-03
1.15731e+01	8.64889e-03
1.16093e+01	8.51393e-03
1.16455e+01	8.38020e-03
1.16817e+01	8.24774e-03
1.17179e+01	8.11668e-03
1.17542e+01	7.98700e-03
1.17904e+01	7.85862e-03
1.18266e+01	7.73157e-03
1.18628e+01	7.60573e-03
1.18991e+01	7.48141e-03
1.19353e+01	7.35850e-03
1.19715e+01	7.23706e-03
1.20077e+01	7.11704e-03
1.20440e+01	6.99840e-03
1.20802e+01	6.88112e-03
1.21164e+01	6.76518e-03
1.21526e+01	6.65058e-03
1.21888e+01	6.53730e-03
1.22251e+01	6.42533e-03
1.22613e+01	6.31468e-03
1.22975e+01	6.20533e-03
1.23337e+01	6.09730e-03
1.23700e+01	5.99059e-03
1.24062e+01	5.88518e-03
1.24424e+01	5.78107e-03
1.24786e+01	5.67825e-03
1.25148e+01	5.57673e-03
1.25511e+01	5.47650e-03
1.25873e+01	5.37756e-03
1.26235e+01	5.28002e-03
1.26597e+01	5.18387e-03
1.26960e+01	5.08911e-03
1.27322e+01	4.99572e-03
1.27684e+01	4.90370e-03
1.28046e+01	4.81303e-03
1.28408e+01	4.72369e-03
1.28771e+01	4.63568e-03
1.29133e+01	4.54894e-03
1.29495e+01	4.46345e-03
1.29857e+01	4.37922e-03
1.30220e+01	4.29614e-03
1.30582e+01	4.21416e-03
1.30944e+01	4.13364e-03
1.31306e+01	4.05446e-03
1.31668e+01	3.97644e-03
1.32031e+01	3.89949e-03
1.32393e+01	3.82372e-03
1.32755e+01	3.74908e-03
1.33117e+01	3.67550e-03
1.33480e+01	3.60295e-03
1.33842e+01	3.53140e-03
1.34204e+01	3.46082e-03
1.34566e+01	3.39119e-03
1.34928e+01	3.32253e-03
1.35291e+01	3.25486e-03
1.35653e+01	3.18814e-03
1.36015e+01	3.12239e-03
1.36377e+01	3.05760e-03
1.36740e+01	2.99375e-03
1.37102e+01	2.93085e-03
1.37464e+01	2.86888e-03
1.37826e+01	2.80783e-03
1.38188e+01	2.74771e-03
1.38551e+01	2.68850e-03
1.38913e+01	2.63019e-03
1.39275e+01	2.57278e-03
1.39637e+01	2.51627e-03
1.40000e+01	2.46064e-03
1.40362e+01	2.40590e-03
1.40724e+01	2.35204e-03
1.41086e+01	2.29908e-03
1.41449e+01	2.24699e-03
1.41811e+01	2.19579e-03
1.42173e+01	2.14546e-03
1.42535e+01	2.09599e-03
1.42897e+01	2.04739e-03
1.43260e+01	1.99965e-03
1.43622e+01	1.95275e-03
1.43984e+01	1.90671e-03
1.44346e+01	1.86151e-03
1.44709e+01	1.81715e-03
1.45071e+01	1.77361e-03
1.45433e+01	1.73091e-03
1.45795e+01	1.68902e-03
1.46157e+01	1.64794e-03
1.46520e+01	1.60766e-03
1.46882e+01	1.56818e-03
1.47244e+01	1.52949e-03
1.47606e+01	1.49158e-03
1.47969e+01	1.45444e-03
1.48331e+01	1.41806e-03
1.48693e+01	1.38243e-03
1.49055e+01	1.34755e-03
1.49417e+01	1.31341e-03
1.49780e+01	1.27999e-03
1.50142e+01	1.24728e-03
1.50504e+01	1.21529e-03
1.50866e+01	1.18399e-03
1.51229e+01	1.15338e-03
1.51591e+01	1.12345e-03
1.51953e+01	1.09417e-03
1.52315e+01	1.06555e-03
1.52677e+01	1.03757e-03
1.53040e+01	1.01021e-03
1.53402e+01	9.83470e-04
1.53764e+01	9.57334e-04
1.54126e+01	9.31790e-04
1.54489e+01	9.06828e-04
1.54851e+01	8.82437e-04
1.55213e+01	8.58605e-04
1.55575e+01	8.35322e-04
1.55937e+01	8.12577e-04
1.56300e+01	7.90359e-04
1.56662e+01	7.68657e-04
1.57024e+01	7.47462e-04
1.57386e+01	7.26763e-04
1.57749e+01	7.06551e-04
1.58111e+01	6.86810e-04
1.58473e+01	6.67534e-04
1.58835e+01	6.48715e-04
1.59197e+01	6.30347e-04
1.59560e+01	6.12422e-04
1.59922e+01	5.94934e-04
1.60284e+01	5.77877e-04
1.60646e+01	5.61242e-04
1.61009e+01	5.45023e-04
1.61371e+01	5.29212e-04
1.61733e+01	5.13801e-04
1.62095e+01	4.98781e-04
1.62458e+01	4.84146e-04
1.62820e+01	4.69887e-04
1.63182e+01	4.55997e-04
1.63544e+01	4.42469e-04
1.63906e+01	4.29294e-04
1.64269e+01	4.16466e-04
1.64631e+01	4.03976e-04
1.64993e+01	3.91819e-04
1.65355e+01	3.79986e-04
1.65718e+01	3.68470e-04
1.66080e+01	3.57265e-04
1.66442e+01	3.46364e-04
1.66804e+01	3.35760e-04
1.67166e+01	3.25447e-04
1.67529e+01	3.15418e-04
1.67891e+01	3.05667e-04
1.68253e+01	2.96186e-04
1.68615e+01	2.86972e-04
1.68978e+01	2.78016e-04
1.69340e+01	2.69313e-04
1.69702e+01	2.60857e-04
1.70064e+01	2.52642e-04
1.70426e+01	2.44662e-04
1.70789e+01	2.36913e-04
1.71151e+01	2.29387e-04
1.71513e+01	2.22080e-04
1.71875e+01	2.14987e-04
1.72238e+01	2.08101e-04
1.72600e+01	2.01417e-04
1.72962e+01	1.94931e-04
1.73324e+01	1.88637e-04
1.73686e+01	1.82530e-04
1.74049e+01	1.76605e-04
1.74411e+01	1.70858e-04
1.74773e+01	1.65284e-04
1.75135e+01	1.59878e-04
1.75498e+01	1.54636e-04
1.75860e+01	1.49553e-04
1.76222e+01	1.44625e-04
1.76584e+01	1.39848e-04
1.76946e+01	1.35218e-04
1.77309e+01	1.30730e-04
1.77671e+01	1.26382e-04
1.78033e+01	1.22169e-04
1.78395e+01	1.18087e-04
1.78758e+01	1.14133e-04
1.79120e+01	1.10302e-04
1.79482e+01	1.06592e-04
1.79844e+01	1.02998e-04
1.80206e+01	9.95177e-05
1.80569e+01	9.61481e-05
1.80931e+01	9.28857e-05
1.81293e+01	8.97276e-05
1.81655e+01	8.66707e-05
1.82018e+01	8.37117e-05
1.82380e+01	8.08476e-05
1.82742e+01	7.80755e-05
1.83104e+01	7.53927e-05
1.83466e+01	7.27968e-05
1.83829e+01	7.02849e-05
1.84191e+01	6.78547e-05
1.84553e+01	6.55037e-05
1.84915e+01	6.32296e-05
1.85278e+01	6.10300e-05
1.85640e+01	5.89027e-05
1.86002e+01	5.68454e-05
1.86364e+01	5.48561e-05
1.86727e+01	5.29327e-05
1.87089e+01	5.10732e-05
1.87451e+01	4.92756e-05
1.87813e+01	4.75380e-05
1.88175e+01	4.58586e-05
1.88538e+01	4.42357e-05
1.88900e+01	4.26674e-05
1.89262e+01	4.11521e-05
1.89624e+01	3.96881e-05
1.89987e+01	3.82738e-05
1.90349e+01	3.69077e-05
1.90711e+01	3.55883e-05
1.91073e+01	3.43140e-05
1.91435e+01	3.30836e-05
1.91798e+01	3.18955e-05
1.92160e+01	3.07483e-05
1.92522e+01	2.96408e-05
1.92884e+01	2.85716e-05
1.93247e+01	2.75396e-05
1.93609e+01	2.65435e-05
1.93971e+01	2.55820e-05
1.94333e+01	2.46542e-05
1.94695e+01	2.37588e-05
1.95058e+01	2.28949e-05
1.95420e+01	2.20613e-05
1.95782e+01	2.12571e-05
1.96144e+01	2.04813e-05
1.96507e+01	1.97329e-05
1.96869e+01	1.90111e-05
1.97231e+01	1.83149e-05
1.97593e+01	1.76435e-05
1.97955e+01	1.69961e-05
1.98318e+01	1.63718e-05
1.98680e+01	1.57699e-05
1.99042e+01	1.51896e-05
1.99404e+01	1.46299e-05
1.99767e+01	1.40900e-05
2.00129e+01	1.35693e-05
2.00491e+01	1.30670e-05
2.00853e+01	1.25827e-05
2.01215e+01	1.21157e-05
2.01578e+01	1.16654e-05
2.01940e+01	1.12312e-05
2.02302e+01	1.08126e-05
2.02664e+01	1.04091e-05
2.03027e+01	1.00202e-05
2.03389e+01	9.64536e-06
2.03751e+01	9.28407e-06
2.04113e+01	8.93588e-06
2.04475e+01	8.60036e-06
2.04838e+01	8.27705e-06
2.05200e+01	7.96555e-06
2.05562e+01	7.66544e-06
2.05924e+01	7.37633e-06
2.06287e+01	7.09783e-06
2.06649e+01	6.82956e-06
2.07011e+01	6.57112e-06
2.07373e+01	6.32218e-06
2.07736e+01	6.08240e-06
2.08098e+01	5.85146e-06
2.08460e+01	5.62903e-06
2.08822e+01	5.41483e-06
2.09184e+01	5.20855e-06
2.09547e+01	5.00991e-06
2.09909e+01	4.81865e-06
2.10271e+01	4.63449e-06
2.10633e+01	4.45718e-06
2.10996e+01	4.28649e-06
2.11358e+01	4.12216e-06
2.11720e+01	3.96397e-06
2.12082e+01	3.81170e-06
2.12444e+01	3.66513e-06
2.12807e+01	3.52406e-06
2.13169e+01	3.38828e-06
2.13531e+01	3.25760e-06
2.13893e+01	3.13184e-06
2.14256e+01	3.01082e-06
2.14618e+01	2.89436e-06
2.14980e+01	2.78231e-06
2.15342e+01	2.67448e-06
2.15704e+01	2.57074e-06
2.16067e+01	2.47093e-06
2.16429e+01	2.37491e-06
2.16791e+01	2.28253e-06
2.17153e+01	2.19367e-06
2.17516e+01	2.10819e-06
2.17878e+01	2.02598e-06
2.18240e+01	1.94690e-06
2.18602e+01	1.87084e-06
2.18964e+01	1.79769e-06
2.19327e+01	1.72735e-06
2.19689e+01	1.65971e-06
2.20051e+01	1.59467e-06
2.20413e+01	1.53213e-06
2.20776e+01	1.47201e-06
2.21138e+01	1.41421e-06
2.21500e+01	1.35864e-06
2.21862e+01	1.30523e-06
2.22224e+01	1.25388e-06
2.22587e+01	1.20452e-06
2.22949e+01	1.15708e-06
2.23311e+01	1.11148e-06
2.23673e+01	1.06764e-06
2.24036e+01	1.02551e-06
2.24398e+01	9.85018e-07
2.24760e+01	9.46100e-07
2.25122e+01	9.08696e-07
2.25484e+01	8.72748e-07
2.25847e+01	8.38201e-07
2.26209e+01	8.05000e-07
2.26571e+01	7.73095e-07
2.26933e+01	7.42435e-07
2.27296e+01	7.12973e-07
2.27658e+01	6.84663e-07
2.28020e+01	6.57460e-07
2.28382e+01	6.31324e-07
2.28745e+01	6.06211e-07
2.29107e+01	5.82084e-07
2.29469e+01	5.58903e-07
2.29831e+01	5.36634e-07
2.30193e+01	5.15240e-07
2.30556e+01	4.94688e-07
2.30918e+01	4.74946e-07
2.31280e+01	4.55982e-07
2.31642e+01	4.37766e-07
2.32005e+01	4.20270e-07
2.32367e+01	4.03464e-07
2.32729e+01	3.87322e-07
2.33091e+01	3.71819e-07
2.33453e+01	3.56928e-07
2.33816e+01	3.42628e-07
2.34178e+01	3.28893e-07
2.34540e+01	3.15703e-07
2.34902e+01	3.03036e-07
2.35265e+01	2.90871e-07
2.35627e+01	2.79189e-07
2.35989e+01	2.67972e-07
2.36351e+01	2.57200e-07
2.36713e+01	2.46856e-07
2.37076e+01	2.36924e-07
2.37438e+01	2.27387e-07
2.37800e+01	2.18230e-07
2.38162e+01	2.09438e-07
2.38525e+01	2.00997e-07
2.38887e+01	1.92892e-07
2.39249e+01	1.85110e-07
2.39611e+01	1.77640e-07
2.39973e+01	1.70467e-07
2.40336e+01	1.63582e-07
2.40698e+01	1.56971e-07
2.41060e+01	1.50626e-07
2.41422e+01	1.44534e-07
2.41785e+01	1.38686e-07
2.42147e+01	1.33072e-07
2.42509e+01	1.27684e-07
2.42871e+01	1.22512e-07
2.43233e+01	1.17547e-07
2.43596e+01	1.12782e-07
2.43958e+01	1.08209e-07
2.44320e+01	1.03819e-07
2.44682e+01	9.96066e-08
2.45045e+01	9.55634e-08
2.45407e+01	9.16831e-08
2.45769e+01	8.79593e-08
2.46131e+01	8.43858e-08
2.46493e+01	8.09565e-08
2.46856e+01	7.76657e-08
2.47218e+01	7.45080e-08
2.47580e+01	7.14775e-08
2.47942e+01	6.85693e-08
2.48305e+01	6.57784e-08
2.48667e+01	6.31002e-08
2.49029e+01	6.05302e-08
2.49391e+01	5.80642e-08
2.49754e+01	5.56980e-08
2.50116e+01	5.34277e-08
2.50478e+01	5.12493e-08
2.50840e+01	4.91594e-08
2.51202e+01	4.71543e-08
2.51565e+01	4.52307e-08
2.51927e+01	4.33850e-08
2.52289e+01	4.16137e-08
2.52651e+01	3.99140e-08
2.53014e+01	3.82830e-08
2.53376e+01	3.67179e-08
2.53738e+01	3.52160e-08
2.54100e+01	3.37750e-08
2.54462e+01	3.23922e-08
2.54825e+01	3.10654e-08
2.55187e+01	2.97923e-08
2.55549e+01	2.85707e-08
2.55911e+01	2.73987e-08
2.56274e+01	2.62742e-08
2.56636e+01	2.51953e-08
2.56998e+01	2.41601e-08
2.57360e+01	2.31670e-08
2.57722e+01	2.22142e-08
2.58085e+01	2.13002e-08
2.58447e+01	2.04234e-08
2.58809e+01	1.95822e-08
2.59171e+01	1.87753e-08
2.59534e+01	1.80013e-08
2.59896e+01	1.72589e-08
2.60258e+01	1.65469e-08
2.60620e+01	1.58639e-08
2.60982e+01	1.52089e-08
2.61345e+01	1.45807e-08
2.61707e+01	1.39783e-08
2.62069e+01	1.34005e-08
2.62431e+01	1.28465e-08
2.62794e+01	1.23151e-08
2.63156e+01	1.18056e-08
2.63518e+01	1.13170e-08
2.63880e+01	1.08484e-08
2.64242e+01	1.03991e-08
2.64605e+01	9.96824e-09
2.64967e+01	9.55510e-09
2.65329e+01	9.15895e-09
2.65691e+01	8.77909e-09
2.66054e+01	8.41487e-09
2.66416e+01	8.06565e-09
2.66778e+01	7.73080e-09
2.67140e+01	7.40976e-09
2.67502e+01	7.10195e-09
2.67865e+01	6.80683e-09
2.68227e+01	6.52388e-09
2.68589e+01	6.25260e-09
2.68951e+01	5.99253e-09
2.69314e+01	5.74319e-09
2.69676e+01	5.50415e-09
2.70038e+01	5.27499e-09
2.70400e+01	5.05530e-09
2.70763e+01	4.84469e-09
2.71125e+01	4.64279e-09
2.71487e+01	4.44925e-09
2.71849e+01	4.26372e-09
2.72211e+01	4.08586e-09
2.72574e+01	3.91538e-09
2.72936e+01	3.75196e-09
2.73298e+01	3.59531e-09
2.73660e+01	3.44516e-09
2.74023e+01	3.30123e-09
2.74385e+01	3.16328e-09
2.74747e+01	3.03105e-09
2.75109e+01	2.90431e-09
2.75471e+01	2.78283e-09
2.75834e+01	2.66640e-09
2.76196e+01	2.55480e-09
2.76558e+01	2.44785e-09
2.76920e+01	2.34534e-09
2.77283e+01	2.24709e-09
2.77645e+01	2.15294e-09
2.78007e+01	2.06270e-09
2.78369e+01	1.97621e-09
2.78731e+01	1.89333e-09
2.79094e+01	1.81390e-09
2.79456e+01	1.73778e-09
2.79818e+01	1.66483e-09
2.80180e+01	1.59493e-09
2.80543e+01	1.52793e-09
2.80905e+01	1.46374e-09
2.81267e+01	1.40222e-09
2.81629e+01	1.34327e-09
2.81991e+01	1.28678e-09
2.82354e+01	1.23265e-09
2.82716e+01	1.18078e-09
2.83078e+01	1.13107e-09
2.83440e+01	1.08345e-09
2.83803e+01	1.03782e-09
2.84165e+01	9.94094e-10
2.84527e+01	9.52200e-10
2.84889e+01	9.12060e-10
2.85251e+01	8.73601e-10
2.85614e+01	8.36754e-10
2.85976e+01	8.01450e-10
2.86338e+01	7.67626e-10
2.86700e+01	7.35221e-10
2.87063e+01	7.04175e-10
2.87425e+01	6.74432e-10
2.87787e+01	6.45937e-10
2.88149e+01	6.18639e-10
2.88511e+01	5.92488e-10
2.88874e+01	5.67435e-10
2.89236e+01	5.43436e-10
2.89598e+01	5.20446e-10
2.89960e+01	4.98423e-10
2.90323e+01	4.77326e-10
2.90685e+01	4.57118e-10
2.91047e+01	4.37760e-10
2.91409e+01	4.19218e-10
2.91772e+01	4.01457e-10
2.92134e+01	3.84445e-10
2.92496e+01	3.68150e-10
2.92858e+01	3.52543e-10
2.93220e+01	3.37594e-10
2.93583e+01	3.23276e-10
2.93945e+01	3.09563e-10
2.94307e+01	2.96429e-10
2.94669e+01	2.83850e-10
2.95032e+01	2.71803e-10
2.95394e+01	2.60265e-10
2.95756e+01	2.49215e-10
2.96118e+01	2.38632e-10
2.96480e+01	2.28497e-10
2.96843e+01	2.18791e-10
2.97205e+01	2.09495e-10
2.97567e+01	2.00593e-10
2.97929e+01	1.92067e-10
2.98292e+01	1.83903e-10
2.98654e+01	1.76086e-10
2.99016e+01	1.68599e-10
2.99378e+01	1.61431e-10
2.99740e+01	1.54567e-10
3.00103e+01	1.47994e-10
3.00465e+01	1.41701e-10
3.00827e+01	1.35675e-10
3.01189e+01	1.29905e-10
3.01552e+01	1.24378e-10
3.01914e+01	1.19085e-10
3.02276e+01	1.14016e-10
3.02638e+01	1.09161e-10
3.03000e+01	1.04511e-10
3.03363e+01	1.00058e-10
3.03725e+01	9.57939e-11
3.04087e+01	9.17101e-11
3.04449e+01	8.77991e-11
3.04812e+01	8.40539e-11
3.05174e+01	8.04674e-11
3.05536e+01	7.70330e-11
3.05898e+01	7.37442e-11
3.06260e+01	7.05949e-11
3.06623e+01	6.75792e-11
3.06985e+01	6.46915e-11
3.07347e+01	6.19264e-11
3.07709e+01	5.92788e-11
3.08072e+01	5.67436e-11
3.08434e+01	5.43161e-11
3.08796e+01	5.19918e-11
3.09158e+01	4.97663e-11
3.09520e+01	4.76355e-11
3.09883e+01	4.55954e-11
3.10245e+01	4.36421e-11
3.10607e+01	4.17719e-11
3.10969e+01	3.99814e-11
3.11332e+01	3.82672e-11
3.11694e+01	3.66260e-11
3.12056e+01	3.50547e-11
3.12418e+01	3.35505e-11
3.12780e+01	3.21104e-11
3.13143e+01	3.07317e-11
3.13505e+01	2.94119e-11
3.13867e+01	2.81483e-11
3.14229e+01	2.69388e-11
3.14592e+01	2.57809e-11
3.14954e+01	2.46725e-11
3.15316e+01	2.36114e-11
3.15678e+01	2.25958e-11
3.16041e+01	2.16235e-11
3.16403e+01	2.06928e-11
3.16765e+01	1.98020e-11
3.17127e+01	1.89493e-11
3.17489e+01	1.81331e-11
3.17852e+01	1.73518e-11
3.18214e+01	1.66040e-11
3.18576e+01	1.58883e-11
3.18938e+01	1.52032e-11
3.19301e+01	1.45475e-11
3.19663e+01	1.39200e-11
3.20025e+01	1.33193e-11
3.20387e+01	1.27444e-11
3.20749e+01	1.21942e-11
3.21112e+01	1.16677e-11
3.21474e+01	1.11637e-11
3.21836e+01	1.06814e-11
3.22198e+01	1.02199e-11
3.22561e+01	9.77815e-12
3.22923e+01	9.35542e-12
3.23285e+01	8.95088e-12
3.23647e+01	8.56373e-12
3.24009e+01	8.19324e-12
3.24372e+01	7.83870e-12
3.24734e+01	7.49942e-12
3.25096e+01	7.17474e-12
3.25458e+01	6.86405e-12
3.25821e+01	6.56675e-12
3.26183e+01	6.28225e-12
3.26545e+01	6.01001e-12
3.26907e+01	5.74950e-12
3.27269e+01	5.50023e-12
3.27632e+01	5.26170e-12
3.27994e+01	5.03347e-12
3.28356e+01	4.81507e-12
3.28718e+01	4.60610e-12
3.29081e+01	4.40615e-12
3.29443e+01	4.21483e-12
3.29805e+01	4.03177e-12
3.30167e+01	3.85661e-12
3.30529e+01	3.68901e-12
3.30892e+01	3.52865e-12
3.31254e+01	3.37522e-12
3.31616e+01	3.22842e-12
3.31978e+01	3.08796e-12
3.32341e+01	2.95357e-12
3.32703e+01	2.82499e-12
3.33065e+01	2.70197e-12
3.33427e+01	2.58426e-12
3.33789e+01	2.47164e-12
3.34152e+01	2.36389e-12
3.34514e+01	2.26080e-12
3.34876e+01	2.16217e-12
3.35238e+01	2.06780e-12
3.35601e+01	1.97752e-12
3.35963e+01	1.89113e-12
3.36325e+01	1.80849e-12
3.36687e+01	1.72941e-12
3.37050e+01	1.65376e-12
3.37412e+01	1.58137e-12
3.37774e+01	1.51212e-12
3.38136e+01	1.44585e-12
3.38498e+01	1.38245e-12
3.38861e+01	1.32179e-12
3.39223e+01	1.26375e-12
3.39585e+01	1.20822e-12
3.39947e+01	1.15508e-12
3.40310e+01	1.10424e-12
3.40672e+01	1.05559e-12
3.41034e+01	1.00903e-12
3.41396e+01	9.64486e-13
3.41758e+01	9.21856e-13
3.42121e+01	8.81059e-13
3.42483e+01	8.42015e-13
3.42845e+01	8.04646e-13
3.43207e+01	7.68879e-13
3.43570e+01	7.34644e-13
3.43932e+01	7.01871e-13
3.44294e+01	6.70498e-13
3.44656e+01	6.40461e-13
3.45018e+01	6.11701e-13
3.45381e+01	5.84161e-13
3.45743e+01	5.57787e-13
3.46105e+01	5.32527e-13
3.46467e+01	5.08330e-13
3.46830e+01	4.85149e-13
3.47192e+01	4.62937e-13
3.47554e+01	4.41651e-13
3.47916e+01	4.21248e-13
3.48278e+01	4.01688e-13
3.48641e+01	3.82933e-13
3.49003e+01	3.64944e-13
3.49365e+01	3.47686e-13
3.49727e+01	3.31126e-13
3.50090e+01	3.15229e-13
3.50452e+01	2.99965e-13
3.50814e+01	2.85304e-13
3.51176e+01	2.71215e-13
3.51538e+01	2.57672e-13
3.51901e+01	2.44648e-13
3.52263e+01	2.32115e-13
3.52625e+01	2.20051e-13
3.52987e+01	2.08431e-13
3.53350e+01	1.97231e-13
3.53712e+01	1.86430e-13
3.54074e+01	1.76006e-13
3.54436e+01	1.65939e-13
3.54798e+01	1.56208e-13
3.55161e+01	1.46795e-13
3.55523e+01	1.37680e-13
3.55885e+01	1.28846e-13
3.56247e+01	1.20275e-13
3.56610e+01	1.11951e-13
3.56972e+01	1.03856e-13
3.57334e+01	9.59755e-14
3.57696e+01	8.82931e-14
3.58059e+01	8.07938e-14
3.58421e+01	7.34629e-14
3.58783e+01	6.62859e-14
3.59145e+01	5.92486e-14
3.59507e+01	5.23373e-14
3.59870e+01	4.55383e-14
3.60232e+01	3.88383e-14
3.60594e+01	3.22245e-14
3.60956e+01	2.56839e-14
3.61319e+01	1.92038e-14
3.61681e+01	1.27715e-14
3.62043e+01	6.37439e-15
