# The ell = 0 distribution, the isotropy.
# E_N [Td]	7.00000e+00
# col_1: Electron Energy [eV], col_2: f0 [eV^(-3/2)]
eV	f0
6.83867e-03	6.36961e-01
2.05160e-02	6.36958e-01
3.41934e-02	6.36953e-01
4.78707e-02	6.36949e-01
6.15480e-02	6.36944e-01
7.52254e-02	6.36939e-01
8.89027e-02	6.36934e-01
1.02580e-01	6.36929e-01
1.16257e-01	6.36924e-01
1.29935e-01	6.36919e-01
1.43612e-01	6.36915e-01
1.57289e-01	6.36910e-01
1.70967e-01	6.36905e-01
1.84644e-01	6.36899e-01
1.98321e-01	6.36894e-01
2.11999e-01	6.36888e-01
2.25676e-01	6.36882e-01
2.39353e-01	6.36876e-01
2.53031e-01	6.36869e-01
2.66708e-01	6.36861e-01
2.80385e-01	6.36854e-01
2.94063e-01	6.36845e-01
3.07740e-01	6.36837e-01
3.21418e-01	6.36827e-01
3.35095e-01	6.36817e-01
3.48772e-01	6.36807e-01
3.62450e-01	6.36796e-01
3.76127e-01	6.36784e-01
3.89804e-01	6.36772e-01
4.03482e-01	6.36759e-01
4.17159e-01	6.36744e-01
4.30836e-01	6.36728e-01
4.44514e-01	6.36711e-01
4.58191e-01	6.36692e-01
4.71868e-01	6.36671e-01
4.85546e-01	6.36648e-01
4.99223e-01	6.36622e-01
5.12900e-01	6.36593e-01
5.26578e-01	6.36560e-01
5.40255e-01	6.36523e-01
5.53932e-01	6.36482e-01
5.67610e-01	6.36435e-01
5.81287e-01	6.36382e-01
5.94964e-01	6.36322e-01
6.08642e-01	6.36255e-01
6.22319e-01	6.36180e-01
6.35996e-01	6.36095e-01
6.49674e-01	6.36000e-01
6.63351e-01	6.35894e-01
6.77028e-01	6.35774e-01
6.90706e-01	6.35641e-01
7.04383e-01	6.35491e-01
7.18060e-01	6.35321e-01
7.31738e-01	6.35130e-01
7.45415e-01	6.34916e-01
7.59092e-01	6.34675e-01
7.72770e-01	6.34406e-01
7.86447e-01	6.34106e-01
8.00124e-01	6.33772e-01
8.13802e-01	6.33402e-01
8.27479e-01	6.32995e-01
8.41156e-01	6.32550e-01
8.54834e-01	6.32064e-01
8.68511e-01	6.31538e-01
8.82188e-01	6.30968e-01
8.95866e-01	6.30352e-01
9.09543e-01	6.29685e-01
9.23221e-01	6.28966e-01
9.36898e-01	6.28193e-01
9.50575e-01	6.27359e-01
9.64253e-01	6.26460e-01
9.77930e-01	6.25490e-01
9.91607e-01	6.24446e-01
1.00528e+00	6.23324e-01
1.01896e+00	6.22119e-01
1.03264e+00	6.20823e-01
1.04632e+00	6.19432e-01
1.05999e+00	6.17941e-01
1.07367e+00	6.16347e-01
1.08735e+00	6.14645e-01
1.10103e+00	6.12831e-01
1.11470e+00	6.10902e-01
1.12838e+00	6.08856e-01
1.14206e+00	6.06691e-01
1.15574e+00	6.04407e-01
1.16941e+00	6.02000e-01
1.18309e+00	5.99470e-01
1.19677e+00	5.96817e-01
1.21044e+00	5.94038e-01
1.22412e+00	5.91133e-01
1.23780e+00	5.88094e-01
1.25148e+00	5.84916e-01
1.26515e+00	5.81596e-01
1.27883e+00	5.78131e-01
1.29251e+00	5.74518e-01
1.30619e+00	5.70756e-01
1.31986e+00	5.66832e-01
1.33354e+00	5.62733e-01
1.34722e+00	5.58447e-01
1.36090e+00	5.53965e-01
1.37457e+00	5.49281e-01
1.38825e+00	5.44392e-01
1.40193e+00	5.39306e-01
1.41560e+00	5.34027e-01
1.42928e+00	5.28561e-01
1.44296e+00	5.22913e-01
1.45664e+00	5.17089e-01
1.47031e+00	5.11094e-01
1.48399e+00	5.04931e-01
1.49767e+00	4.98601e-01
1.51135e+00	4.92107e-01
1.52502e+00	4.85447e-01
1.53870e+00	4.78626e-01
1.55238e+00	4.71632e-01
1.56606e+00	4.64426e-01
1.57973e+00	4.56988e-01
1.59341e+00	4.49298e-01
1.60709e+00	4.41339e-01
1.62076e+00	4.33096e-01
1.63444e+00	4.24560e-01
1.64812e+00	4.15704e-01
1.66180e+00	4.06527e-01
1.67547e+00	3.97031e-01
1.68915e+00	3.87226e-01
1.70283e+00	3.77123e-01
1.71651e+00	3.66733e-01
1.73018e+00	3.56062e-01
1.74386e+00	3.45113e-01
1.75754e+00	3.33911e-01
1.77122e+00	3.22491e-01
1.78489e+00	3.10894e-01
1.79857e+00	2.99152e-01
1.81225e+00	2.87301e-01
1.82593e+00	2.75381e-01
1.83960e+00	2.63413e-01
1.85328e+00	2.51383e-01
1.86696e+00	2.39334e-01
1.88063e+00	2.27283e-01
1.89431e+00	2.15284e-01
1.90799e+00	2.03410e-01
1.92167e+00	1.91728e-01
1.93534e+00	1.80407e-01
1.94902e+00	1.69511e-01
1.96270e+00	1.59096e-01
1.97638e+00	1.49180e-01
1.99005e+00	1.39767e-01
2.00373e+00	1.30862e-01
2.01741e+00	1.22464e-01
2.03109e+00	1.14608e-01
2.04476e+00	1.07248e-01
2.05844e+00	1.00354e-01
2.07212e+00	9.38859e-02
2.08579e+00	8.78088e-02
2.09947e+00	8.20914e-02
2.11315e+00	7.67036e-02
2.12683e+00	7.15807e-02
2.14050e+00	6.67166e-02
2.15418e+00	6.21048e-02
2.16786e+00	5.77578e-02
2.18154e+00	5.36670e-02
2.19521e+00	4.98238e-02
2.20889e+00	4.62210e-02
2.22257e+00	4.28525e-02
2.23625e+00	3.97061e-02
2.24992e+00	3.67971e-02
2.26360e+00	3.41271e-02
2.27728e+00	3.16758e-02
2.29095e+00	2.94261e-02
2.30463e+00	2.73597e-02
2.31831e+00	2.54583e-02
2.33199e+00	2.37105e-02
2.34566e+00	2.21046e-02
2.35934e+00	2.06230e-02
2.37302e+00	1.92339e-02
2.38670e+00	1.79322e-02
2.40037e+00	1.67134e-02
2.41405e+00	1.55759e-02
2.42773e+00	1.45085e-02
2.44141e+00	1.35029e-02
2.45508e+00	1.25569e-02
2.46876e+00	1.16684e-02
2.48244e+00	1.08471e-02
2.49611e+00	1.00963e-02
2.50979e+00	9.41127e-03
2.52347e+00	8.78508e-03
2.53715e+00	8.21364e-03
2.55082e+00	7.69265e-03
2.56450e+00	7.21676e-03
2.57818e+00	6.78165e-03
2.59186e+00	6.38401e-03
2.60553e+00	6.01424e-03
2.61921e+00	5.66726e-03
2.63289e+00	5.34171e-03
2.64657e+00	5.03633e-03
2.66024e+00	4.75039e-03
2.67392e+00	4.48254e-03
2.68760e+00	4.23146e-03
2.70127e+00	3.99618e-03
2.71495e+00	3.77599e-03
2.72863e+00	3.57139e-03
2.74231e+00	3.38232e-03
2.75598e+00	3.20697e-03
2.76966e+00	3.04347e-03
2.78334e+00	2.89059e-03
2.79702e+00	2.74771e-03
2.81069e+00	2.61415e-03
2.82437e+00	2.48909e-03
2.83805e+00	2.37198e-03
2.85173e+00	2.26249e-03
2.86540e+00	2.15955e-03
2.87908e+00	2.06287e-03
2.89276e+00	1.97263e-03
2.90643e+00	1.88850e-03
2.92011e+00	1.80994e-03
2.93379e+00	1.73649e-03
2.94747e+00	1.66770e-03
2.96114e+00	1.60311e-03
2.97482e+00	1.54237e-03
2.98850e+00	1.48510e-03
3.00218e+00	1.43087e-03
3.01585e+00	1.37939e-03
3.02953e+00	1.33045e-03
3.04321e+00	1.28393e-03
3.05689e+00	1.23973e-03
3.07056e+00	1.19777e-03
3.08424e+00	1.15793e-03
3.09792e+00	1.12013e-03
3.11160e+00	1.08429e-03
3.12527e+00	1.05027e-03
3.13895e+00	1.01802e-03
3.15263e+00	9.87389e-04
3.16630e+00	9.58262e-04
3.17998e+00	9.30534e-04
3.19366e+00	9.04136e-04
3.20734e+00	8.79005e-04
3.22101e+00	8.55079e-04
3.23469e+00	8.32302e-04
3.24837e+00	8.10618e-04
3.26205e+00	7.89979e-04
3.27572e+00	7.70338e-04
3.28940e+00	7.51635e-04
3.30308e+00	7.33813e-04
3.31676e+00	7.16818e-04
3.33043e+00	7.00594e-04
3.34411e+00	6.85083e-04
3.35779e+00	6.70239e-04
3.37146e+00	6.56018e-04
3.38514e+00	6.42378e-04
3.39882e+00	6.29282e-04
3.41250e+00	6.16696e-04
3.42617e+00	6.04582e-04
3.43985e+00	5.92909e-04
3.45353e+00	5.81659e-04
3.46721e+00	5.70812e-04
3.48088e+00	5.60350e-04
3.49456e+00	5.50254e-04
3.50824e+00	5.40505e-04
3.52192e+00	5.31085e-04
3.53559e+00	5.21980e-04
3.54927e+00	5.13174e-04
3.56295e+00	5.04655e-04
3.57662e+00	4.96412e-04
3.59030e+00	4.88433e-04
3.60398e+00	4.80707e-04
3.61766e+00	4.73228e-04
3.63133e+00	4.65983e-04
3.64501e+00	4.58967e-04
3.65869e+00	4.52169e-04
3.67237e+00	4.45582e-04
3.68604e+00	4.39198e-04
3.69972e+00	4.33009e-04
3.71340e+00	4.27006e-04
3.72708e+00	4.21183e-04
3.74075e+00	4.15530e-04
3.75443e+00	4.10038e-04
3.76811e+00	4.04698e-04
3.78178e+00	3.99501e-04
3.79546e+00	3.94440e-04
3.80914e+00	3.89506e-04
3.82282e+00	3.84691e-04
3.83649e+00	3.79987e-04
3.85017e+00	3.75387e-04
3.86385e+00	3.70883e-04
3.87753e+00	3.66469e-04
3.89120e+00	3.62141e-04
3.90488e+00	3.57897e-04
3.91856e+00	3.53732e-04
3.93224e+00	3.49642e-04
3.94591e+00	3.45624e-04
3.95959e+00	3.41677e-04
3.97327e+00	3.37796e-04
3.98694e+00	3.33980e-04
4.00062e+00	3.30223e-04
4.01430e+00	3.26523e-04
4.02798e+00	3.22878e-04
4.04165e+00	3.19287e-04
4.05533e+00	3.15748e-04
4.06901e+00	3.12261e-04
4.08269e+00	3.08826e-04
4.09636e+00	3.05441e-04
4.11004e+00	3.02106e-04
4.12372e+00	2.98820e-04
4.13740e+00	2.95583e-04
4.15107e+00	2.92394e-04
4.16475e+00	2.89252e-04
4.17843e+00	2.86158e-04
4.19211e+00	2.83111e-04
4.20578e+00	2.80109e-04
4.21946e+00	2.77154e-04
4.23314e+00	2.74244e-04
4.24681e+00	2.71379e-04
4.26049e+00	2.68559e-04
4.27417e+00	2.65783e-04
4.28785e+00	2.63052e-04
4.30152e+00	2.60364e-04
4.31520e+00	2.57721e-04
4.32888e+00	2.55121e-04
4.34256e+00	2.52564e-04
4.35623e+00	2.50051e-04
4.36991e+00	2.47582e-04
4.38359e+00	2.45155e-04
4.39727e+00	2.42772e-04
4.41094e+00	2.40431e-04
4.42462e+00	2.38133e-04
4.43830e+00	2.35877e-04
4.45197e+00	2.33662e-04
4.46565e+00	2.31489e-04
4.47933e+00	2.29356e-04
4.49301e+00	2.27264e-04
4.50668e+00	2.25212e-04
4.52036e+00	2.23200e-04
4.53404e+00	2.21227e-04
4.54772e+00	2.19294e-04
4.56139e+00	2.17399e-04
4.57507e+00	2.15542e-04
4.58875e+00	2.13721e-04
4.60243e+00	2.11937e-04
4.61610e+00	2.10188e-04
4.62978e+00	2.08474e-04
4.64346e+00	2.06793e-04
4.65713e+00	2.05145e-04
4.67081e+00	2.03529e-04
4.68449e+00	2.01943e-04
4.69817e+00	2.00387e-04
4.71184e+00	1.98859e-04
4.72552e+00	1.97359e-04
4.73920e+00	1.95886e-04
4.75288e+00	1.94438e-04
4.76655e+00	1.93015e-04
4.78023e+00	1.91615e-04
4.79391e+00	1.90238e-04
4.80759e+00	1.88883e-04
4.82126e+00	1.87549e-04
4.83494e+00	1.86235e-04
4.84862e+00	1.84940e-04
4.86229e+00	1.83663e-04
4.87597e+00	1.82402e-04
4.88965e+00	1.81157e-04
4.90333e+00	1.79926e-04
4.91700e+00	1.78708e-04
4.93068e+00	1.77503e-04
4.94436e+00	1.76309e-04
4.95804e+00	1.75126e-04
4.97171e+00	1.73953e-04
4.98539e+00	1.72791e-04
4.99907e+00	1.71637e-04
5.01275e+00	1.70492e-04
5.02642e+00	1.69355e-04
5.04010e+00	1.68225e-04
5.05378e+00	1.67103e-04
5.06745e+00	1.65987e-04
5.08113e+00	1.64878e-04
5.09481e+00	1.63775e-04
5.10849e+00	1.62677e-04
5.12216e+00	1.61585e-04
5.13584e+00	1.60498e-04
5.14952e+00	1.59417e-04
5.16320e+00	1.58340e-04
5.17687e+00	1.57269e-04
5.19055e+00	1.56203e-04
5.20423e+00	1.55142e-04
5.21791e+00	1.54087e-04
5.23158e+00	1.53037e-04
5.24526e+00	1.51991e-04
5.25894e+00	1.50951e-04
5.27261e+00	1.49916e-04
5.28629e+00	1.48886e-04
5.29997e+00	1.47861e-04
5.31365e+00	1.46841e-04
5.32732e+00	1.45827e-04
5.34100e+00	1.44817e-04
5.35468e+00	1.43812e-04
5.36836e+00	1.42812e-04
5.38203e+00	1.41817e-04
5.39571e+00	1.40827e-04
5.40939e+00	1.39842e-04
5.42307e+00	1.38862e-04
5.43674e+00	1.37887e-04
5.45042e+00	1.36916e-04
5.46410e+00	1.35951e-04
5.47778e+00	1.34990e-04
5.49145e+00	1.34034e-04
5.50513e+00	1.33082e-04
5.51881e+00	1.32136e-04
5.53248e+00	1.31194e-04
5.54616e+00	1.30257e-04
5.55984e+00	1.29325e-04
5.57352e+00	1.28397e-04
5.58719e+00	1.27474e-04
5.60087e+00	1.26555e-04
5.61455e+00	1.25642e-04
5.62823e+00	1.24732e-04
5.64190e+00	1.23828e-04
5.65558e+00	1.22928e-04
5.66926e+00	1.22032e-04
5.68294e+00	1.21141e-04
5.69661e+00	1.20254e-04
5.71029e+00	1.19372e-04
5.72397e+00	1.18494e-04
5.73764e+00	1.17621e-04
5.75132e+00	1.16752e-04
5.76500e+00	1.15887e-04
5.77868e+00	1.15027e-04
5.79235e+00	1.14171e-04
5.80603e+00	1.13320e-04
5.81971e+00	1.12472e-04
5.83339e+00	1.11629e-04
5.84706e+00	1.10791e-04
5.86074e+00	1.09956e-04
5.87442e+00	1.09126e-04
5.88810e+00	1.08299e-04
5.90177e+00	1.07477e-04
5.91545e+00	1.06659e-04
5.92913e+00	1.05846e-04
5.94280e+00	1.05036e-04
5.95648e+00	1.04230e-04
5.97016e+00	1.03429e-04
5.98384e+00	1.02631e-04
5.99751e+00	1.01837e-04
6.01119e+00	1.01048e-04
6.02487e+00	1.00262e-04
6.03855e+00	9.94805e-05
6.05222e+00	9.87027e-05
6.06590e+00	9.79289e-05
6.07958e+00	9.71591e-05
6.09326e+00	9.63931e-05
6.10693e+00	9.56311e-05
6.12061e+00	9.48729e-05
6.13429e+00	9.41186e-05
6.14796e+00	9.33681e-05
6.16164e+00	9.26214e-05
6.17532e+00	9.18784e-05
6.18900e+00	9.11393e-05
6.20267e+00	9.04038e-05
6.21635e+00	8.96720e-05
6.23003e+00	8.89440e-05
6.24371e+00	8.82195e-05
6.25738e+00	8.74987e-05
6.27106e+00	8.67815e-05
6.28474e+00	8.60679e-05
6.29842e+00	8.53579e-05
6.31209e+00	8.46513e-05
6.32577e+00	8.39483e-05
6.33945e+00	8.32488e-05
6.35312e+00	8.25528e-05
6.36680e+00	8.18602e-05
6.38048e+00	8.11711e-05
6.39416e+00	8.04853e-05
6.40783e+00	7.98029e-05
6.42151e+00	7.91239e-05
6.43519e+00	7.84482e-05
6.44887e+00	7.77758e-05
6.46254e+00	7.71067e-05
6.47622e+00	7.64408e-05
6.48990e+00	7.57783e-05
6.50358e+00	7.51189e-05
6.51725e+00	7.44627e-05
6.53093e+00	7.38097e-05
6.54461e+00	7.31598e-05
6.55829e+00	7.25131e-05
6.57196e+00	7.18694e-05
6.58564e+00	7.12289e-05
6.59932e+00	7.05914e-05
6.61299e+00	6.99569e-05
6.62667e+00	6.93254e-05
6.64035e+00	6.86970e-05
6.65403e+00	6.80715e-05
6.66770e+00	6.74489e-05
6.68138e+00	6.68293e-05
6.69506e+00	6.62126e-05
6.70874e+00	6.55987e-05
6.72241e+00	6.49877e-05
6.73609e+00	6.43795e-05
6.74977e+00	6.37741e-05
6.76345e+00	6.31716e-05
6.77712e+00	6.25718e-05
6.79080e+00	6.19748e-05
6.80448e+00	6.13807e-05
6.81815e+00	6.07893e-05
6.83183e+00	6.02006e-05
6.84551e+00	5.96147e-05
6.85919e+00	5.90316e-05
6.87286e+00	5.84512e-05
6.88654e+00	5.78736e-05
6.90022e+00	5.72986e-05
6.91390e+00	5.67264e-05
6.92757e+00	5.61569e-05
6.94125e+00	5.55900e-05
6.95493e+00	5.50260e-05
6.96861e+00	5.44647e-05
6.98228e+00	5.39062e-05
6.99596e+00	5.33505e-05
7.00964e+00	5.27975e-05
7.02331e+00	5.22473e-05
7.03699e+00	5.16998e-05
7.05067e+00	5.11550e-05
7.06435e+00	5.06128e-05
7.07802e+00	5.00734e-05
7.09170e+00	4.95366e-05
7.10538e+00	4.90026e-05
7.11906e+00	4.84712e-05
7.13273e+00	4.79426e-05
7.14641e+00	4.74166e-05
7.16009e+00	4.68932e-05
7.17377e+00	4.63725e-05
7.18744e+00	4.58544e-05
7.20112e+00	4.53389e-05
7.21480e+00	4.48259e-05
7.22847e+00	4.43155e-05
7.24215e+00	4.38077e-05
7.25583e+00	4.33024e-05
7.26951e+00	4.27995e-05
7.28318e+00	4.22991e-05
7.29686e+00	4.18011e-05
7.31054e+00	4.13056e-05
7.32422e+00	4.08124e-05
7.33789e+00	4.03216e-05
7.35157e+00	3.98331e-05
7.36525e+00	3.93469e-05
7.37893e+00	3.88631e-05
7.39260e+00	3.83815e-05
7.40628e+00	3.79023e-05
7.41996e+00	3.74254e-05
7.43363e+00	3.69509e-05
7.44731e+00	3.64787e-05
7.46099e+00	3.60089e-05
7.47467e+00	3.55415e-05
7.48834e+00	3.50765e-05
7.50202e+00	3.46139e-05
7.51570e+00	3.41538e-05
7.52938e+00	3.36960e-05
7.54305e+00	3.32407e-05
7.55673e+00	3.27878e-05
7.57041e+00	3.23373e-05
7.58409e+00	3.18893e-05
7.59776e+00	3.14438e-05
7.61144e+00	3.10008e-05
7.62512e+00	3.05602e-05
7.63879e+00	3.01221e-05
7.65247e+00	2.96866e-05
7.66615e+00	2.92535e-05
7.67983e+00	2.88230e-05
7.69350e+00	2.83950e-05
7.70718e+00	2.79695e-05
7.72086e+00	2.75465e-05
7.73454e+00	2.71261e-05
7.74821e+00	2.67082e-05
7.76189e+00	2.62928e-05
7.77557e+00	2.58801e-05
7.78925e+00	2.54699e-05
7.80292e+00	2.50625e-05
7.81660e+00	2.46577e-05
7.83028e+00	2.42557e-05
7.84396e+00	2.38566e-05
7.85763e+00	2.34603e-05
7.87131e+00	2.30670e-05
7.88499e+00	2.26767e-05
7.89866e+00	2.22894e-05
7.91234e+00	2.19053e-05
7.92602e+00	2.15243e-05
7.93970e+00	2.11465e-05
7.95337e+00	2.07719e-05
7.96705e+00	2.04007e-05
7.98073e+00	2.00328e-05
7.99441e+00	1.96682e-05
8.00808e+00	1.93070e-05
8.02176e+00	1.89493e-05
8.03544e+00	1.85950e-05
8.04912e+00	1.82443e-05
8.06279e+00	1.78971e-05
8.07647e+00	1.75535e-05
8.09015e+00	1.72136e-05
8.10382e+00	1.68773e-05
8.11750e+00	1.65446e-05
8.13118e+00	1.62157e-05
8.14486e+00	1.58905e-05
8.15853e+00	1.55691e-05
8.17221e+00	1.52514e-05
8.18589e+00	1.49374e-05
8.19957e+00	1.46273e-05
8.21324e+00	1.43209e-05
8.22692e+00	1.40184e-05
8.24060e+00	1.37196e-05
8.25428e+00	1.34247e-05
8.26795e+00	1.31337e-05
8.28163e+00	1.28466e-05
8.29531e+00	1.25634e-05
8.30898e+00	1.22841e-05
8.32266e+00	1.20087e-05
8.33634e+00	1.17373e-05
8.35002e+00	1.14698e-05
8.36369e+00	1.12064e-05
8.37737e+00	1.09470e-05
8.39105e+00	1.06915e-05
8.40473e+00	1.04401e-05
8.41840e+00	1.01928e-05
8.43208e+00	9.94942e-06
8.44576e+00	9.71010e-06
8.45944e+00	9.47480e-06
8.47311e+00	9.24353e-06
8.48679e+00	9.01631e-06
8.50047e+00	8.79317e-06
8.51414e+00	8.57411e-06
8.52782e+00	8.35912e-06
8.54150e+00	8.14819e-06
8.55518e+00	7.94130e-06
8.56885e+00	7.73842e-06
8.58253e+00	7.53953e-06
8.59621e+00	7.34459e-06
8.60989e+00	7.15357e-06
8.62356e+00	6.96642e-06
8.63724e+00	6.78312e-06
8.65092e+00	6.60363e-06
8.66460e+00	6.42790e-06
8.67827e+00	6.25590e-06
8.69195e+00	6.08758e-06
8.70563e+00	5.92291e-06
8.71930e+00	5.76184e-06
8.73298e+00	5.60432e-06
8.74666e+00	5.45031e-06
8.76034e+00	5.29977e-06
8.77401e+00	5.15266e-06
8.78769e+00	5.00892e-06
8.80137e+00	4.86851e-06
8.81505e+00	4.73138e-06
8.82872e+00	4.59750e-06
8.84240e+00	4.46680e-06
8.85608e+00	4.33925e-06
8.86976e+00	4.21480e-06
8.88343e+00	4.09340e-06
8.89711e+00	3.97500e-06
8.91079e+00	3.85955e-06
8.92447e+00	3.74701e-06
8.93814e+00	3.63732e-06
8.95182e+00	3.53045e-06
8.96550e+00	3.42635e-06
8.97917e+00	3.32498e-06
8.99285e+00	3.22627e-06
9.00653e+00	3.13020e-06
9.02021e+00	3.03669e-06
9.03388e+00	2.94569e-06
9.04756e+00	2.85716e-06
9.06124e+00	2.77103e-06
9.07492e+00	2.68724e-06
9.08859e+00	2.60575e-06
9.10227e+00	2.52648e-06
9.11595e+00	2.44941e-06
9.12963e+00	2.37446e-06
9.14330e+00	2.30158e-06
9.15698e+00	2.23074e-06
9.17066e+00	2.16187e-06
9.18433e+00	2.09494e-06
9.19801e+00	2.02988e-06
9.21169e+00	1.96666e-06
9.22537e+00	1.90523e-06
9.23904e+00	1.84554e-06
9.25272e+00	1.78756e-06
9.26640e+00	1.73123e-06
9.28008e+00	1.67652e-06
9.29375e+00	1.62338e-06
9.30743e+00	1.57178e-06
9.32111e+00	1.52168e-06
9.33479e+00	1.47303e-06
9.34846e+00	1.42580e-06
9.36214e+00	1.37996e-06
9.37582e+00	1.33546e-06
9.38949e+00	1.29227e-06
9.40317e+00	1.25036e-06
9.41685e+00	1.20970e-06
9.43053e+00	1.17024e-06
9.44420e+00	1.13196e-06
9.45788e+00	1.09482e-06
9.47156e+00	1.05881e-06
9.48524e+00	1.02387e-06
9.49891e+00	9.89991e-07
9.51259e+00	9.57138e-07
9.52627e+00	9.25283e-07
9.53995e+00	8.94399e-07
9.55362e+00	8.64459e-07
9.56730e+00	8.35437e-07
9.58098e+00	8.07306e-07
9.59465e+00	7.80044e-07
9.60833e+00	7.53625e-07
9.62201e+00	7.28027e-07
9.63569e+00	7.03226e-07
9.64936e+00	6.79201e-07
9.66304e+00	6.55930e-07
9.67672e+00	6.33392e-07
9.69040e+00	6.11568e-07
9.70407e+00	5.90438e-07
9.71775e+00	5.69981e-07
9.73143e+00	5.50179e-07
9.74511e+00	5.31014e-07
9.75878e+00	5.12467e-07
9.77246e+00	4.94520e-07
9.78614e+00	4.77157e-07
9.79981e+00	4.60361e-07
9.81349e+00	4.44114e-07
9.82717e+00	4.28402e-07
9.84085e+00	4.13208e-07
9.85452e+00	3.98518e-07
9.86820e+00	3.84317e-07
9.88188e+00	3.70590e-07
9.89556e+00	3.57323e-07
9.90923e+00	3.44503e-07
9.92291e+00	3.32116e-07
9.93659e+00	3.20149e-07
9.95027e+00	3.08590e-07
9.96394e+00	2.97425e-07
9.97762e+00	2.86644e-07
9.99130e+00	2.76235e-07
1.00050e+01	2.66185e-07
1.00187e+01	2.56484e-07
1.00323e+01	2.47118e-07
1.00460e+01	2.38085e-07
1.00597e+01	2.29372e-07
1.00734e+01	2.20969e-07
1.00870e+01	2.12865e-07
1.01007e+01	2.05051e-07
1.01144e+01	1.97515e-07
1.01281e+01	1.90248e-07
1.01417e+01	1.83240e-07
1.01554e+01	1.76484e-07
1.01691e+01	1.69969e-07
1.01828e+01	1.63688e-07
1.01965e+01	1.57632e-07
1.02101e+01	1.51793e-07
1.02238e+01	1.46164e-07
1.02375e+01	1.40738e-07
1.02512e+01	1.35508e-07
1.02648e+01	1.30466e-07
1.02785e+01	1.25606e-07
1.02922e+01	1.20921e-07
1.03059e+01	1.16406e-07
1.03196e+01	1.12055e-07
1.03332e+01	1.07861e-07
1.03469e+01	1.03820e-07
1.03606e+01	9.99252e-08
1.03743e+01	9.61721e-08
1.03879e+01	9.25556e-08
1.04016e+01	8.90709e-08
1.04153e+01	8.57133e-08
1.04290e+01	8.24782e-08
1.04426e+01	7.93614e-08
1.04563e+01	7.63586e-08
1.04700e+01	7.34657e-08
1.04837e+01	7.06788e-08
1.04974e+01	6.79941e-08
1.05110e+01	6.54080e-08
1.05247e+01	6.29169e-08
1.05384e+01	6.05174e-08
1.05521e+01	5.82063e-08
1.05657e+01	5.59803e-08
1.05794e+01	5.38364e-08
1.05931e+01	5.17717e-08
1.06068e+01	4.97832e-08
1.06205e+01	4.78682e-08
1.06341e+01	4.60255e-08
1.06478e+01	4.42523e-08
1.06615e+01	4.25460e-08
1.06752e+01	4.09042e-08
1.06888e+01	3.93244e-08
1.07025e+01	3.78043e-08
1.07162e+01	3.63418e-08
1.07299e+01	3.49347e-08
1.07436e+01	3.35809e-08
1.07572e+01	3.22785e-08
1.07709e+01	3.10255e-08
1.07846e+01	2.98201e-08
1.07983e+01	2.86605e-08
1.08119e+01	2.75451e-08
1.08256e+01	2.64720e-08
1.08393e+01	2.54399e-08
1.08530e+01	2.44471e-08
1.08666e+01	2.34922e-08
1.08803e+01	2.25737e-08
1.08940e+01	2.16902e-08
1.09077e+01	2.08406e-08
1.09214e+01	2.00234e-08
1.09350e+01	1.92374e-08
1.09487e+01	1.84816e-08
1.09624e+01	1.77547e-08
1.09761e+01	1.70556e-08
1.09897e+01	1.63833e-08
1.10034e+01	1.57368e-08
1.10171e+01	1.51151e-08
1.10308e+01	1.45172e-08
1.10445e+01	1.39423e-08
1.10581e+01	1.33895e-08
1.10718e+01	1.28578e-08
1.10855e+01	1.23466e-08
1.10992e+01	1.18550e-08
1.11128e+01	1.13823e-08
1.11265e+01	1.09277e-08
1.11402e+01	1.04906e-08
1.11539e+01	1.00702e-08
1.11675e+01	9.66595e-09
1.11812e+01	9.27720e-09
1.11949e+01	8.90335e-09
1.12086e+01	8.54383e-09
1.12223e+01	8.19809e-09
1.12359e+01	7.86560e-09
1.12496e+01	7.54588e-09
1.12633e+01	7.23842e-09
1.12770e+01	6.94276e-09
1.12906e+01	6.65846e-09
1.13043e+01	6.38506e-09
1.13180e+01	6.12217e-09
1.13317e+01	5.86936e-09
1.13454e+01	5.62625e-09
1.13590e+01	5.39246e-09
1.13727e+01	5.16764e-09
1.13864e+01	4.95143e-09
1.14001e+01	4.74349e-09
1.14137e+01	4.54350e-09
1.14274e+01	4.35116e-09
1.14411e+01	4.16615e-09
1.14548e+01	3.98818e-09
1.14685e+01	3.81699e-09
1.14821e+01	3.65229e-09
1.14958e+01	3.49382e-09
1.15095e+01	3.34135e-09
1.15232e+01	3.19461e-09
1.15368e+01	3.05339e-09
1.15505e+01	2.91744e-09
1.15642e+01	2.78658e-09
1.15779e+01	2.66065e-09
1.15915e+01	2.53954e-09
1.16052e+01	2.42312e-09
1.16189e+01	2.31125e-09
1.16326e+01	2.20384e-09
1.16463e+01	2.10082e-09
1.16599e+01	2.00217e-09
1.16736e+01	1.90787e-09
1.16873e+01	1.81775e-09
1.17010e+01	1.73162e-09
1.17146e+01	1.64925e-09
1.17283e+01	1.57045e-09
1.17420e+01	1.49501e-09
1.17557e+01	1.42279e-09
1.17694e+01	1.35366e-09
1.17830e+01	1.28752e-09
1.17967e+01	1.22424e-09
1.18104e+01	1.16372e-09
1.18241e+01	1.10584e-09
1.18377e+01	1.05050e-09
1.18514e+01	9.97777e-10
1.18651e+01	9.47678e-10
1.18788e+01	9.00059e-10
1.18924e+01	8.54726e-10
1.19061e+01	8.11598e-10
1.19198e+01	7.70629e-10
1.19335e+01	7.31729e-10
1.19472e+01	6.94771e-10
1.19608e+01	6.59644e-10
1.19745e+01	6.26246e-10
1.19882e+01	5.94486e-10
1.20019e+01	5.64275e-10
1.20155e+01	5.35536e-10
1.20292e+01	5.08195e-10
1.20429e+01	4.82184e-10
1.20566e+01	4.57440e-10
1.20703e+01	4.33902e-10
1.20839e+01	4.11511e-10
1.20976e+01	3.90214e-10
1.21113e+01	3.69956e-10
1.21250e+01	3.50690e-10
1.21386e+01	3.32369e-10
1.21523e+01	3.14949e-10
1.21660e+01	2.98388e-10
1.21797e+01	2.82644e-10
1.21933e+01	2.67680e-10
1.22070e+01	2.53459e-10
1.22207e+01	2.39947e-10
1.22344e+01	2.27110e-10
1.22481e+01	2.14918e-10
1.22617e+01	2.03342e-10
1.22754e+01	1.92354e-10
1.22891e+01	1.81926e-10
1.23028e+01	1.72032e-10
1.23164e+01	1.62647e-10
1.23301e+01	1.53747e-10
1.23438e+01	1.45308e-10
1.23575e+01	1.37306e-10
1.23712e+01	1.29722e-10
1.23848e+01	1.22533e-10
1.23985e+01	1.15720e-10
1.24122e+01	1.09265e-10
1.24259e+01	1.03151e-10
1.24395e+01	9.73589e-11
1.24532e+01	9.18747e-11
1.24669e+01	8.66828e-11
1.24806e+01	8.17686e-11
1.24943e+01	7.71183e-11
1.25079e+01	7.27188e-11
1.25216e+01	6.85576e-11
1.25353e+01	6.46229e-11
1.25490e+01	6.09034e-11
1.25626e+01	5.73881e-11
1.25763e+01	5.40671e-11
1.25900e+01	5.09320e-11
1.26037e+01	4.79729e-11
1.26173e+01	4.51807e-11
1.26310e+01	4.25468e-11
1.26447e+01	4.00624e-11
1.26584e+01	3.77198e-11
1.26721e+01	3.55112e-11
1.26857e+01	3.34293e-11
1.26994e+01	3.14674e-11
1.27131e+01	2.96189e-11
1.27268e+01	2.78774e-11
1.27404e+01	2.62369e-11
1.27541e+01	2.46918e-11
1.27678e+01	2.32367e-11
1.27815e+01	2.18664e-11
1.27952e+01	2.05762e-11
1.28088e+01	1.93616e-11
1.28225e+01	1.82180e-11
1.28362e+01	1.71414e-11
1.28499e+01	1.61277e-11
1.28635e+01	1.51730e-11
1.28772e+01	1.42735e-11
1.28909e+01	1.34255e-11
1.29046e+01	1.26261e-11
1.29182e+01	1.18722e-11
1.29319e+01	1.11619e-11
1.29456e+01	1.04927e-11
1.29593e+01	9.86159e-12
1.29730e+01	9.26582e-12
1.29866e+01	8.70329e-12
1.30003e+01	8.17227e-12
1.30140e+01	7.67113e-12
1.30277e+01	7.19967e-12
1.30413e+01	6.75801e-12
1.30550e+01	6.34610e-12
1.30687e+01	5.96242e-12
1.30824e+01	5.60412e-12
1.30961e+01	5.26866e-12
1.31097e+01	4.95383e-12
1.31234e+01	4.65772e-12
1.31371e+01	4.37859e-12
1.31508e+01	4.11516e-12
1.31644e+01	3.86662e-12
1.31781e+01	3.63229e-12
1.31918e+01	3.41162e-12
1.32055e+01	3.20408e-12
1.32192e+01	3.00906e-12
1.32328e+01	2.82555e-12
1.32465e+01	2.65259e-12
1.32602e+01	2.48944e-12
1.32739e+01	2.33539e-12
1.32875e+01	2.18986e-12
1.33012e+01	2.05223e-12
1.33149e+01	1.92199e-12
1.33286e+01	1.79864e-12
1.33422e+01	1.68173e-12
1.33559e+01	1.57087e-12
1.33696e+01	1.46566e-12
1.33833e+01	1.36578e-12
1.33970e+01	1.27089e-12
1.34106e+01	1.18072e-12
1.34243e+01	1.09497e-12
1.34380e+01	1.01337e-12
1.34517e+01	9.35682e-13
1.34653e+01	8.61669e-13
1.34790e+01	7.91110e-13
1.34927e+01	7.23771e-13
1.35064e+01	6.59405e-13
1.35201e+01	5.97778e-13
1.35337e+01	5.38670e-13
1.35474e+01	4.81875e-13
1.35611e+01	4.27195e-13
1.35748e+01	3.74436e-13
1.35884e+01	3.23411e-13
1.36021e+01	2.73937e-13
1.36158e+01	2.25837e-13
1.36295e+01	1.78935e-13
1.36431e+01	1.33062e-13
1.36568e+01	8.80483e-14
1.36705e+01	4.37165e-14
