# The ell = 0 distribution, the isotropy.
# E_N [Td]	1.00000e+01
# col_1: Electron Energy [eV], col_2: f0 [eV^(-3/2)]
eV	f0
8.82076e-03	5.72939e-01
2.64623e-02	5.72937e-01
4.41038e-02	5.72935e-01
6.17453e-02	5.72932e-01
7.93868e-02	5.72929e-01
9.70283e-02	5.72925e-01
1.14670e-01	5.72922e-01
1.32311e-01	5.72919e-01
1.49953e-01	5.72916e-01
1.67594e-01	5.72912e-01
1.85236e-01	5.72908e-01
2.02877e-01	5.72904e-01
2.20519e-01	5.72900e-01
2.38160e-01	5.72895e-01
2.55802e-01	5.72890e-01
2.73443e-01	5.72885e-01
2.91085e-01	5.72878e-01
3.08727e-01	5.72871e-01
3.26368e-01	5.72863e-01
3.44010e-01	5.72855e-01
3.61651e-01	5.72845e-01
3.79293e-01	5.72834e-01
3.96934e-01	5.72822e-01
4.14576e-01	5.72807e-01
4.32217e-01	5.72791e-01
4.49859e-01	5.72771e-01
4.67500e-01	5.72748e-01
4.85142e-01	5.72720e-01
5.02783e-01	5.72688e-01
5.20425e-01	5.72650e-01
5.38066e-01	5.72604e-01
5.55708e-01	5.72551e-01
5.73349e-01	5.72488e-01
5.90991e-01	5.72413e-01
6.08632e-01	5.72325e-01
6.26274e-01	5.72222e-01
6.43915e-01	5.72103e-01
6.61557e-01	5.71965e-01
6.79198e-01	5.71803e-01
6.96840e-01	5.71617e-01
7.14481e-01	5.71401e-01
7.32123e-01	5.71150e-01
7.49764e-01	5.70861e-01
7.67406e-01	5.70531e-01
7.85047e-01	5.70156e-01
8.02689e-01	5.69731e-01
8.20330e-01	5.69255e-01
8.37972e-01	5.68723e-01
8.55613e-01	5.68135e-01
8.73255e-01	5.67487e-01
8.90897e-01	5.66777e-01
9.08538e-01	5.65998e-01
9.26180e-01	5.65145e-01
9.43821e-01	5.64215e-01
9.61463e-01	5.63198e-01
9.79104e-01	5.62086e-01
9.96746e-01	5.60873e-01
1.01439e+00	5.59552e-01
1.03203e+00	5.58114e-01
1.04967e+00	5.56552e-01
1.06731e+00	5.54860e-01
1.08495e+00	5.53028e-01
1.10259e+00	5.51051e-01
1.12024e+00	5.48928e-01
1.13788e+00	5.46656e-01
1.15552e+00	5.44233e-01
1.17316e+00	5.41657e-01
1.19080e+00	5.38926e-01
1.20844e+00	5.36039e-01
1.22609e+00	5.32995e-01
1.24373e+00	5.29781e-01
1.26137e+00	5.26391e-01
1.27901e+00	5.22824e-01
1.29665e+00	5.19075e-01
1.31429e+00	5.15134e-01
1.33193e+00	5.10986e-01
1.34958e+00	5.06620e-01
1.36722e+00	5.02023e-01
1.38486e+00	4.97193e-01
1.40250e+00	4.92139e-01
1.42014e+00	4.86870e-01
1.43778e+00	4.81392e-01
1.45543e+00	4.75712e-01
1.47307e+00	4.69839e-01
1.49071e+00	4.63782e-01
1.50835e+00	4.57544e-01
1.52599e+00	4.51124e-01
1.54363e+00	4.44526e-01
1.56127e+00	4.37723e-01
1.57892e+00	4.30680e-01
1.59656e+00	4.23371e-01
1.61420e+00	4.15774e-01
1.63184e+00	4.07867e-01
1.64948e+00	3.99614e-01
1.66712e+00	3.90992e-01
1.68476e+00	3.81997e-01
1.70241e+00	3.72633e-01
1.72005e+00	3.62907e-01
1.73769e+00	3.52809e-01
1.75533e+00	3.42341e-01
1.77297e+00	3.31529e-01
1.79061e+00	3.20425e-01
1.80826e+00	3.09063e-01
1.82590e+00	2.97493e-01
1.84354e+00	2.85752e-01
1.86118e+00	2.73825e-01
1.87882e+00	2.61737e-01
1.89646e+00	2.49520e-01
1.91410e+00	2.37264e-01
1.93175e+00	2.25116e-01
1.94939e+00	2.13269e-01
1.96703e+00	2.01816e-01
1.98467e+00	1.90800e-01
2.00231e+00	1.80246e-01
2.01995e+00	1.70173e-01
2.03760e+00	1.60641e-01
2.05524e+00	1.51623e-01
2.07288e+00	1.43080e-01
2.09052e+00	1.34973e-01
2.10816e+00	1.27270e-01
2.12580e+00	1.19886e-01
2.14344e+00	1.12791e-01
2.16109e+00	1.05996e-01
2.17873e+00	9.95241e-02
2.19637e+00	9.33720e-02
2.21401e+00	8.75408e-02
2.23165e+00	8.20289e-02
2.24929e+00	7.68592e-02
2.26693e+00	7.20849e-02
2.28458e+00	6.76755e-02
2.30222e+00	6.36045e-02
2.31986e+00	5.98360e-02
2.33750e+00	5.63516e-02
2.35514e+00	5.31317e-02
2.37278e+00	5.00914e-02
2.39043e+00	4.72084e-02
2.40807e+00	4.44846e-02
2.42571e+00	4.19121e-02
2.44335e+00	3.94612e-02
2.46099e+00	3.71306e-02
2.47863e+00	3.49306e-02
2.49627e+00	3.29118e-02
2.51392e+00	3.10662e-02
2.53156e+00	2.93747e-02
2.54920e+00	2.78302e-02
2.56684e+00	2.64171e-02
2.58448e+00	2.51227e-02
2.60212e+00	2.39299e-02
2.61977e+00	2.28005e-02
2.63741e+00	2.17315e-02
2.65505e+00	2.07210e-02
2.67269e+00	1.97672e-02
2.69033e+00	1.88662e-02
2.70797e+00	1.80157e-02
2.72561e+00	1.72163e-02
2.74326e+00	1.64777e-02
2.76090e+00	1.57921e-02
2.77854e+00	1.51511e-02
2.79618e+00	1.45512e-02
2.81382e+00	1.39899e-02
2.83146e+00	1.34638e-02
2.84910e+00	1.29711e-02
2.86675e+00	1.25076e-02
2.88439e+00	1.20713e-02
2.90203e+00	1.16640e-02
2.91967e+00	1.12834e-02
2.93731e+00	1.09273e-02
2.95495e+00	1.05932e-02
2.97260e+00	1.02789e-02
2.99024e+00	9.98236e-03
3.00788e+00	9.70109e-03
3.02552e+00	9.43334e-03
3.04316e+00	9.17836e-03
3.06080e+00	8.93573e-03
3.07844e+00	8.70508e-03
3.09609e+00	8.48596e-03
3.11373e+00	8.27806e-03
3.13137e+00	8.08071e-03
3.14901e+00	7.89357e-03
3.16665e+00	7.71572e-03
3.18429e+00	7.54643e-03
3.20194e+00	7.38531e-03
3.21958e+00	7.23195e-03
3.23722e+00	7.08603e-03
3.25486e+00	6.94719e-03
3.27250e+00	6.81514e-03
3.29014e+00	6.68949e-03
3.30778e+00	6.56983e-03
3.32543e+00	6.45575e-03
3.34307e+00	6.34678e-03
3.36071e+00	6.24253e-03
3.37835e+00	6.14265e-03
3.39599e+00	6.04679e-03
3.41363e+00	5.95470e-03
3.43127e+00	5.86601e-03
3.44892e+00	5.78051e-03
3.46656e+00	5.69804e-03
3.48420e+00	5.61846e-03
3.50184e+00	5.54161e-03
3.51948e+00	5.46734e-03
3.53712e+00	5.39552e-03
3.55477e+00	5.32603e-03
3.57241e+00	5.25875e-03
3.59005e+00	5.19360e-03
3.60769e+00	5.13050e-03
3.62533e+00	5.06936e-03
3.64297e+00	5.01011e-03
3.66061e+00	4.95267e-03
3.67826e+00	4.89698e-03
3.69590e+00	4.84295e-03
3.71354e+00	4.79052e-03
3.73118e+00	4.73961e-03
3.74882e+00	4.69014e-03
3.76646e+00	4.64200e-03
3.78411e+00	4.59510e-03
3.80175e+00	4.54937e-03
3.81939e+00	4.50471e-03
3.83703e+00	4.46102e-03
3.85467e+00	4.41824e-03
3.87231e+00	4.37627e-03
3.88995e+00	4.33507e-03
3.90760e+00	4.29460e-03
3.92524e+00	4.25480e-03
3.94288e+00	4.21565e-03
3.96052e+00	4.17711e-03
3.97816e+00	4.13917e-03
3.99580e+00	4.10177e-03
4.01344e+00	4.06487e-03
4.03109e+00	4.02845e-03
4.04873e+00	3.99250e-03
4.06637e+00	3.95700e-03
4.08401e+00	3.92196e-03
4.10165e+00	3.88737e-03
4.11929e+00	3.85323e-03
4.13694e+00	3.81952e-03
4.15458e+00	3.78626e-03
4.17222e+00	3.75343e-03
4.18986e+00	3.72104e-03
4.20750e+00	3.68908e-03
4.22514e+00	3.65756e-03
4.24278e+00	3.62646e-03
4.26043e+00	3.59580e-03
4.27807e+00	3.56557e-03
4.29571e+00	3.53576e-03
4.31335e+00	3.50639e-03
4.33099e+00	3.47746e-03
4.34863e+00	3.44896e-03
4.36628e+00	3.42090e-03
4.38392e+00	3.39328e-03
4.40156e+00	3.36611e-03
4.41920e+00	3.33937e-03
4.43684e+00	3.31309e-03
4.45448e+00	3.28723e-03
4.47212e+00	3.26181e-03
4.48977e+00	3.23683e-03
4.50741e+00	3.21227e-03
4.52505e+00	3.18815e-03
4.54269e+00	3.16445e-03
4.56033e+00	3.14117e-03
4.57797e+00	3.11831e-03
4.59561e+00	3.09586e-03
4.61326e+00	3.07380e-03
4.63090e+00	3.05213e-03
4.64854e+00	3.03083e-03
4.66618e+00	3.00990e-03
4.68382e+00	2.98931e-03
4.70146e+00	2.96906e-03
4.71911e+00	2.94914e-03
4.73675e+00	2.92951e-03
4.75439e+00	2.91019e-03
4.77203e+00	2.89114e-03
4.78967e+00	2.87235e-03
4.80731e+00	2.85382e-03
4.82495e+00	2.83553e-03
4.84260e+00	2.81747e-03
4.86024e+00	2.79961e-03
4.87788e+00	2.78194e-03
4.89552e+00	2.76445e-03
4.91316e+00	2.74712e-03
4.93080e+00	2.72992e-03
4.94845e+00	2.71285e-03
4.96609e+00	2.69591e-03
4.98373e+00	2.67906e-03
5.00137e+00	2.66232e-03
5.01901e+00	2.64568e-03
5.03665e+00	2.62911e-03
5.05429e+00	2.61262e-03
5.07194e+00	2.59620e-03
5.08958e+00	2.57984e-03
5.10722e+00	2.56354e-03
5.12486e+00	2.54730e-03
5.14250e+00	2.53110e-03
5.16014e+00	2.51496e-03
5.17778e+00	2.49886e-03
5.19543e+00	2.48282e-03
5.21307e+00	2.46683e-03
5.23071e+00	2.45090e-03
5.24835e+00	2.43501e-03
5.26599e+00	2.41917e-03
5.28363e+00	2.40339e-03
5.30128e+00	2.38766e-03
5.31892e+00	2.37197e-03
5.33656e+00	2.35634e-03
5.35420e+00	2.34076e-03
5.37184e+00	2.32524e-03
5.38948e+00	2.30976e-03
5.40712e+00	2.29433e-03
5.42477e+00	2.27896e-03
5.44241e+00	2.26363e-03
5.46005e+00	2.24836e-03
5.47769e+00	2.23313e-03
5.49533e+00	2.21796e-03
5.51297e+00	2.20284e-03
5.53062e+00	2.18776e-03
5.54826e+00	2.17274e-03
5.56590e+00	2.15777e-03
5.58354e+00	2.14285e-03
5.60118e+00	2.12797e-03
5.61882e+00	2.11315e-03
5.63646e+00	2.09838e-03
5.65411e+00	2.08365e-03
5.67175e+00	2.06898e-03
5.68939e+00	2.05436e-03
5.70703e+00	2.03978e-03
5.72467e+00	2.02525e-03
5.74231e+00	2.01078e-03
5.75995e+00	1.99635e-03
5.77760e+00	1.98197e-03
5.79524e+00	1.96764e-03
5.81288e+00	1.95335e-03
5.83052e+00	1.93912e-03
5.84816e+00	1.92493e-03
5.86580e+00	1.91079e-03
5.88345e+00	1.89670e-03
5.90109e+00	1.88265e-03
5.91873e+00	1.86866e-03
5.93637e+00	1.85471e-03
5.95401e+00	1.84080e-03
5.97165e+00	1.82695e-03
5.98929e+00	1.81314e-03
6.00694e+00	1.79937e-03
6.02458e+00	1.78566e-03
6.04222e+00	1.77199e-03
6.05986e+00	1.75836e-03
6.07750e+00	1.74479e-03
6.09514e+00	1.73126e-03
6.11279e+00	1.71777e-03
6.13043e+00	1.70434e-03
6.14807e+00	1.69095e-03
6.16571e+00	1.67760e-03
6.18335e+00	1.66431e-03
6.20099e+00	1.65105e-03
6.21863e+00	1.63785e-03
6.23628e+00	1.62468e-03
6.25392e+00	1.61157e-03
6.27156e+00	1.59849e-03
6.28920e+00	1.58546e-03
6.30684e+00	1.57248e-03
6.32448e+00	1.55954e-03
6.34212e+00	1.54664e-03
6.35977e+00	1.53379e-03
6.37741e+00	1.52097e-03
6.39505e+00	1.50821e-03
6.41269e+00	1.49548e-03
6.43033e+00	1.48280e-03
6.44797e+00	1.47015e-03
6.46562e+00	1.45755e-03
6.48326e+00	1.44499e-03
6.50090e+00	1.43247e-03
6.51854e+00	1.42000e-03
6.53618e+00	1.40756e-03
6.55382e+00	1.39516e-03
6.57146e+00	1.38281e-03
6.58911e+00	1.37049e-03
6.60675e+00	1.35821e-03
6.62439e+00	1.34597e-03
6.64203e+00	1.33377e-03
6.65967e+00	1.32161e-03
6.67731e+00	1.30948e-03
6.69496e+00	1.29740e-03
6.71260e+00	1.28535e-03
6.73024e+00	1.27334e-03
6.74788e+00	1.26136e-03
6.76552e+00	1.24943e-03
6.78316e+00	1.23752e-03
6.80080e+00	1.22566e-03
6.81845e+00	1.21383e-03
6.83609e+00	1.20204e-03
6.85373e+00	1.19029e-03
6.87137e+00	1.17857e-03
6.88901e+00	1.16689e-03
6.90665e+00	1.15525e-03
6.92429e+00	1.14364e-03
6.94194e+00	1.13207e-03
6.95958e+00	1.12054e-03
6.97722e+00	1.10904e-03
6.99486e+00	1.09759e-03
7.01250e+00	1.08618e-03
7.03014e+00	1.07480e-03
7.04779e+00	1.06346e-03
7.06543e+00	1.05217e-03
7.08307e+00	1.04091e-03
7.10071e+00	1.02969e-03
7.11835e+00	1.01851e-03
7.13599e+00	1.00737e-03
7.15363e+00	9.96269e-04
7.17128e+00	9.85208e-04
7.18892e+00	9.74187e-04
7.20656e+00	9.63204e-04
7.22420e+00	9.52260e-04
7.24184e+00	9.41354e-04
7.25948e+00	9.30487e-04
7.27713e+00	9.19657e-04
7.29477e+00	9.08864e-04
7.31241e+00	8.98107e-04
7.33005e+00	8.87387e-04
7.34769e+00	8.76703e-04
7.36533e+00	8.66053e-04
7.38297e+00	8.55440e-04
7.40062e+00	8.44861e-04
7.41826e+00	8.34319e-04
7.43590e+00	8.23813e-04
7.45354e+00	8.13345e-04
7.47118e+00	8.02913e-04
7.48882e+00	7.92519e-04
7.50646e+00	7.82164e-04
7.52411e+00	7.71846e-04
7.54175e+00	7.61568e-04
7.55939e+00	7.51328e-04
7.57703e+00	7.41128e-04
7.59467e+00	7.30968e-04
7.61231e+00	7.20849e-04
7.62996e+00	7.10770e-04
7.64760e+00	7.00732e-04
7.66524e+00	6.90735e-04
7.68288e+00	6.80781e-04
7.70052e+00	6.70868e-04
7.71816e+00	6.60999e-04
7.73580e+00	6.51171e-04
7.75345e+00	6.41388e-04
7.77109e+00	6.31647e-04
7.78873e+00	6.21952e-04
7.80637e+00	6.12303e-04
7.82401e+00	6.02702e-04
7.84165e+00	5.93150e-04
7.85930e+00	5.83649e-04
7.87694e+00	5.74202e-04
7.89458e+00	5.64810e-04
7.91222e+00	5.55474e-04
7.92986e+00	5.46197e-04
7.94750e+00	5.36980e-04
7.96514e+00	5.27824e-04
7.98279e+00	5.18731e-04
8.00043e+00	5.09703e-04
8.01807e+00	5.00740e-04
8.03571e+00	4.91845e-04
8.05335e+00	4.83018e-04
8.07099e+00	4.74262e-04
8.08863e+00	4.65579e-04
8.10628e+00	4.56968e-04
8.12392e+00	4.48432e-04
8.14156e+00	4.39972e-04
8.15920e+00	4.31589e-04
8.17684e+00	4.23284e-04
8.19448e+00	4.15058e-04
8.21213e+00	4.06913e-04
8.22977e+00	3.98848e-04
8.24741e+00	3.90865e-04
8.26505e+00	3.82966e-04
8.28269e+00	3.75152e-04
8.30033e+00	3.67425e-04
8.31797e+00	3.59784e-04
8.33562e+00	3.52233e-04
8.35326e+00	3.44772e-04
8.37090e+00	3.37403e-04
8.38854e+00	3.30127e-04
8.40618e+00	3.22945e-04
8.42382e+00	3.15858e-04
8.44147e+00	3.08868e-04
8.45911e+00	3.01974e-04
8.47675e+00	2.95178e-04
8.49439e+00	2.88482e-04
8.51203e+00	2.81888e-04
8.52967e+00	2.75396e-04
8.54731e+00	2.69007e-04
8.56496e+00	2.62722e-04
8.58260e+00	2.56540e-04
8.60024e+00	2.50462e-04
8.61788e+00	2.44487e-04
8.63552e+00	2.38616e-04
8.65316e+00	2.32848e-04
8.67080e+00	2.27182e-04
8.68845e+00	2.21619e-04
8.70609e+00	2.16158e-04
8.72373e+00	2.10799e-04
8.74137e+00	2.05540e-04
8.75901e+00	2.00383e-04
8.77665e+00	1.95325e-04
8.79430e+00	1.90367e-04
8.81194e+00	1.85507e-04
8.82958e+00	1.80746e-04
8.84722e+00	1.76082e-04
8.86486e+00	1.71514e-04
8.88250e+00	1.67043e-04
8.90014e+00	1.62666e-04
8.91779e+00	1.58384e-04
8.93543e+00	1.54194e-04
8.95307e+00	1.50097e-04
8.97071e+00	1.46092e-04
8.98835e+00	1.42178e-04
9.00599e+00	1.38354e-04
9.02364e+00	1.34618e-04
9.04128e+00	1.30969e-04
9.05892e+00	1.27405e-04
9.07656e+00	1.23926e-04
9.09420e+00	1.20529e-04
9.11184e+00	1.17213e-04
9.12948e+00	1.13976e-04
9.14713e+00	1.10817e-04
9.16477e+00	1.07734e-04
9.18241e+00	1.04726e-04
9.20005e+00	1.01791e-04
9.21769e+00	9.89277e-05
9.23533e+00	9.61350e-05
9.25297e+00	9.34113e-05
9.27062e+00	9.07551e-05
9.28826e+00	8.81651e-05
9.30590e+00	8.56399e-05
9.32354e+00	8.31782e-05
9.34118e+00	8.07788e-05
9.35882e+00	7.84402e-05
9.37647e+00	7.61612e-05
9.39411e+00	7.39405e-05
9.41175e+00	7.17769e-05
9.42939e+00	6.96692e-05
9.44703e+00	6.76161e-05
9.46467e+00	6.56164e-05
9.48231e+00	6.36689e-05
9.49996e+00	6.17726e-05
9.51760e+00	5.99262e-05
9.53524e+00	5.81287e-05
9.55288e+00	5.63788e-05
9.57052e+00	5.46756e-05
9.58816e+00	5.30180e-05
9.60581e+00	5.14050e-05
9.62345e+00	4.98355e-05
9.64109e+00	4.83086e-05
9.65873e+00	4.68233e-05
9.67637e+00	4.53788e-05
9.69401e+00	4.39741e-05
9.71165e+00	4.26084e-05
9.72930e+00	4.12808e-05
9.74694e+00	3.99904e-05
9.76458e+00	3.87363e-05
9.78222e+00	3.75177e-05
9.79986e+00	3.63339e-05
9.81750e+00	3.51839e-05
9.83514e+00	3.40669e-05
9.85279e+00	3.29823e-05
9.87043e+00	3.19292e-05
9.88807e+00	3.09069e-05
9.90571e+00	2.99146e-05
9.92335e+00	2.89516e-05
9.94099e+00	2.80172e-05
9.95864e+00	2.71106e-05
9.97628e+00	2.62313e-05
9.99392e+00	2.53784e-05
1.00116e+01	2.45515e-05
1.00292e+01	2.37494e-05
1.00468e+01	2.29723e-05
1.00645e+01	2.22196e-05
1.00821e+01	2.14905e-05
1.00998e+01	2.07844e-05
1.01174e+01	2.01004e-05
1.01351e+01	1.94381e-05
1.01527e+01	1.87966e-05
1.01703e+01	1.81754e-05
1.01880e+01	1.75738e-05
1.02056e+01	1.69913e-05
1.02233e+01	1.64272e-05
1.02409e+01	1.58810e-05
1.02585e+01	1.53522e-05
1.02762e+01	1.48402e-05
1.02938e+01	1.43445e-05
1.03115e+01	1.38646e-05
1.03291e+01	1.34000e-05
1.03467e+01	1.29503e-05
1.03644e+01	1.25150e-05
1.03820e+01	1.20936e-05
1.03997e+01	1.16857e-05
1.04173e+01	1.12909e-05
1.04350e+01	1.09088e-05
1.04526e+01	1.05390e-05
1.04702e+01	1.01812e-05
1.04879e+01	9.83480e-06
1.05055e+01	9.49962e-06
1.05232e+01	9.17527e-06
1.05408e+01	8.86141e-06
1.05584e+01	8.55771e-06
1.05761e+01	8.26384e-06
1.05937e+01	7.97952e-06
1.06114e+01	7.70439e-06
1.06290e+01	7.43832e-06
1.06467e+01	7.18112e-06
1.06643e+01	6.93252e-06
1.06819e+01	6.69221e-06
1.06996e+01	6.45995e-06
1.07172e+01	6.23546e-06
1.07349e+01	6.01848e-06
1.07525e+01	5.80878e-06
1.07701e+01	5.60610e-06
1.07878e+01	5.41023e-06
1.08054e+01	5.22094e-06
1.08231e+01	5.03800e-06
1.08407e+01	4.86121e-06
1.08584e+01	4.69037e-06
1.08760e+01	4.52528e-06
1.08936e+01	4.36574e-06
1.09113e+01	4.21158e-06
1.09289e+01	4.06261e-06
1.09466e+01	3.91866e-06
1.09642e+01	3.77957e-06
1.09818e+01	3.64516e-06
1.09995e+01	3.51528e-06
1.10171e+01	3.38979e-06
1.10348e+01	3.26852e-06
1.10524e+01	3.15134e-06
1.10701e+01	3.03811e-06
1.10877e+01	2.92870e-06
1.11053e+01	2.82297e-06
1.11230e+01	2.72079e-06
1.11406e+01	2.62205e-06
1.11583e+01	2.52663e-06
1.11759e+01	2.43441e-06
1.11935e+01	2.34528e-06
1.12112e+01	2.25913e-06
1.12288e+01	2.17587e-06
1.12465e+01	2.09540e-06
1.12641e+01	2.01762e-06
1.12817e+01	1.94244e-06
1.12994e+01	1.86978e-06
1.13170e+01	1.79955e-06
1.13347e+01	1.73166e-06
1.13523e+01	1.66604e-06
1.13700e+01	1.60261e-06
1.13876e+01	1.54129e-06
1.14052e+01	1.48201e-06
1.14229e+01	1.42470e-06
1.14405e+01	1.36928e-06
1.14582e+01	1.31570e-06
1.14758e+01	1.26389e-06
1.14934e+01	1.21378e-06
1.15111e+01	1.16531e-06
1.15287e+01	1.11842e-06
1.15464e+01	1.07307e-06
1.15640e+01	1.02918e-06
1.15817e+01	9.86729e-07
1.15993e+01	9.45697e-07
1.16169e+01	9.06057e-07
1.16346e+01	8.67790e-07
1.16522e+01	8.30898e-07
1.16699e+01	7.95402e-07
1.16875e+01	7.61286e-07
1.17051e+01	7.28494e-07
1.17228e+01	6.96958e-07
1.17404e+01	6.66611e-07
1.17581e+01	6.37397e-07
1.17757e+01	6.09283e-07
1.17934e+01	5.82241e-07
1.18110e+01	5.56234e-07
1.18286e+01	5.31227e-07
1.18463e+01	5.07198e-07
1.18639e+01	4.84222e-07
1.18816e+01	4.62260e-07
1.18992e+01	4.41233e-07
1.19168e+01	4.21121e-07
1.19345e+01	4.01910e-07
1.19521e+01	3.83549e-07
1.19698e+01	3.65991e-07
1.19874e+01	3.49195e-07
1.20051e+01	3.33124e-07
1.20227e+01	3.17743e-07
1.20403e+01	3.03023e-07
1.20580e+01	2.88936e-07
1.20756e+01	2.75454e-07
1.20933e+01	2.62552e-07
1.21109e+01	2.50207e-07
1.21285e+01	2.38394e-07
1.21462e+01	2.27093e-07
1.21638e+01	2.16283e-07
1.21815e+01	2.05944e-07
1.21991e+01	1.96057e-07
1.22167e+01	1.86603e-07
1.22344e+01	1.77567e-07
1.22520e+01	1.68932e-07
1.22697e+01	1.60683e-07
1.22873e+01	1.52804e-07
1.23050e+01	1.45282e-07
1.23226e+01	1.38103e-07
1.23402e+01	1.31252e-07
1.23579e+01	1.24716e-07
1.23755e+01	1.18481e-07
1.23932e+01	1.12534e-07
1.24108e+01	1.06863e-07
1.24284e+01	1.01457e-07
1.24461e+01	9.63041e-08
1.24637e+01	9.13942e-08
1.24814e+01	8.67170e-08
1.24990e+01	8.22628e-08
1.25167e+01	7.80221e-08
1.25343e+01	7.39860e-08
1.25519e+01	7.01461e-08
1.25696e+01	6.64936e-08
1.25872e+01	6.30224e-08
1.26049e+01	5.97252e-08
1.26225e+01	5.65941e-08
1.26401e+01	5.36218e-08
1.26578e+01	5.08008e-08
1.26754e+01	4.81242e-08
1.26931e+01	4.55851e-08
1.27107e+01	4.31772e-08
1.27284e+01	4.08939e-08
1.27460e+01	3.87294e-08
1.27636e+01	3.66776e-08
1.27813e+01	3.47329e-08
1.27989e+01	3.28899e-08
1.28166e+01	3.11437e-08
1.28342e+01	2.94890e-08
1.28518e+01	2.79210e-08
1.28695e+01	2.64346e-08
1.28871e+01	2.50251e-08
1.29048e+01	2.36877e-08
1.29224e+01	2.24187e-08
1.29401e+01	2.12157e-08
1.29577e+01	2.00747e-08
1.29753e+01	1.89913e-08
1.29930e+01	1.79624e-08
1.30106e+01	1.69854e-08
1.30283e+01	1.60597e-08
1.30459e+01	1.51871e-08
1.30635e+01	1.43687e-08
1.30812e+01	1.36004e-08
1.30988e+01	1.28770e-08
1.31165e+01	1.21938e-08
1.31341e+01	1.15467e-08
1.31517e+01	1.09328e-08
1.31694e+01	1.03504e-08
1.31870e+01	9.79848e-09
1.32047e+01	9.27642e-09
1.32223e+01	8.78332e-09
1.32400e+01	8.31680e-09
1.32576e+01	7.87495e-09
1.32752e+01	7.45604e-09
1.32929e+01	7.05869e-09
1.33105e+01	6.68150e-09
1.33282e+01	6.32326e-09
1.33458e+01	5.98290e-09
1.33634e+01	5.65944e-09
1.33811e+01	5.35203e-09
1.33987e+01	5.05990e-09
1.34164e+01	4.78237e-09
1.34340e+01	4.51880e-09
1.34517e+01	4.26860e-09
1.34693e+01	4.03128e-09
1.34869e+01	3.80634e-09
1.35046e+01	3.59319e-09
1.35222e+01	3.39118e-09
1.35399e+01	3.19977e-09
1.35575e+01	3.01843e-09
1.35751e+01	2.84668e-09
1.35928e+01	2.68407e-09
1.36104e+01	2.53013e-09
1.36281e+01	2.38444e-09
1.36457e+01	2.24660e-09
1.36634e+01	2.11620e-09
1.36810e+01	1.99287e-09
1.36986e+01	1.87625e-09
1.37163e+01	1.76601e-09
1.37339e+01	1.66180e-09
1.37516e+01	1.56333e-09
1.37692e+01	1.47029e-09
1.37868e+01	1.38241e-09
1.38045e+01	1.29940e-09
1.38221e+01	1.22103e-09
1.38398e+01	1.14704e-09
1.38574e+01	1.07720e-09
1.38751e+01	1.01130e-09
1.38927e+01	9.49129e-10
1.39103e+01	8.90493e-10
1.39280e+01	8.35210e-10
1.39456e+01	7.83106e-10
1.39633e+01	7.34016e-10
1.39809e+01	6.87781e-10
1.39985e+01	6.44248e-10
1.40162e+01	6.03275e-10
1.40338e+01	5.64726e-10
1.40515e+01	5.28470e-10
1.40691e+01	4.94384e-10
1.40868e+01	4.62348e-10
1.41044e+01	4.32249e-10
1.41220e+01	4.03979e-10
1.41397e+01	3.77436e-10
1.41573e+01	3.52522e-10
1.41750e+01	3.29145e-10
1.41926e+01	3.07217e-10
1.42102e+01	2.86654e-10
1.42279e+01	2.67377e-10
1.42455e+01	2.49312e-10
1.42632e+01	2.32390e-10
1.42808e+01	2.16543e-10
1.42984e+01	2.01709e-10
1.43161e+01	1.87830e-10
1.43337e+01	1.74848e-10
1.43514e+01	1.62710e-10
1.43690e+01	1.51366e-10
1.43867e+01	1.40767e-10
1.44043e+01	1.30869e-10
1.44219e+01	1.21628e-10
1.44396e+01	1.13004e-10
1.44572e+01	1.04959e-10
1.44749e+01	9.74565e-11
1.44925e+01	9.04626e-11
1.45101e+01	8.39450e-11
1.45278e+01	7.78734e-11
1.45454e+01	7.22194e-11
1.45631e+01	6.69558e-11
1.45807e+01	6.20576e-11
1.45984e+01	5.75007e-11
1.46160e+01	5.32629e-11
1.46336e+01	4.93231e-11
1.46513e+01	4.56616e-11
1.46689e+01	4.22597e-11
1.46866e+01	3.91002e-11
1.47042e+01	3.61667e-11
1.47218e+01	3.34439e-11
1.47395e+01	3.09176e-11
1.47571e+01	2.85741e-11
1.47748e+01	2.64011e-11
1.47924e+01	2.43868e-11
1.48101e+01	2.25201e-11
1.48277e+01	2.07908e-11
1.48453e+01	1.91893e-11
1.48630e+01	1.77067e-11
1.48806e+01	1.63344e-11
1.48983e+01	1.50648e-11
1.49159e+01	1.38906e-11
1.49335e+01	1.28049e-11
1.49512e+01	1.18013e-11
1.49688e+01	1.08740e-11
1.49865e+01	1.00175e-11
1.50041e+01	9.22659e-12
1.50218e+01	8.49649e-12
1.50394e+01	7.82270e-12
1.50570e+01	7.20100e-12
1.50747e+01	6.62750e-12
1.50923e+01	6.09856e-12
1.51100e+01	5.61080e-12
1.51276e+01	5.16112e-12
1.51452e+01	4.74662e-12
1.51629e+01	4.36461e-12
1.51805e+01	4.01263e-12
1.51982e+01	3.68836e-12
1.52158e+01	3.38970e-12
1.52334e+01	3.11466e-12
1.52511e+01	2.86142e-12
1.52687e+01	2.62831e-12
1.52864e+01	2.41375e-12
1.53040e+01	2.21632e-12
1.53217e+01	2.03467e-12
1.53393e+01	1.86758e-12
1.53569e+01	1.71391e-12
1.53746e+01	1.57261e-12
1.53922e+01	1.44269e-12
1.54099e+01	1.32328e-12
1.54275e+01	1.21353e-12
1.54451e+01	1.11269e-12
1.54628e+01	1.02004e-12
1.54804e+01	9.34944e-13
1.54981e+01	8.56788e-13
1.55157e+01	7.85023e-13
1.55334e+01	7.19136e-13
1.55510e+01	6.58656e-13
1.55686e+01	6.03148e-13
1.55863e+01	5.52211e-13
1.56039e+01	5.05477e-13
1.56216e+01	4.62604e-13
1.56392e+01	4.23281e-13
1.56568e+01	3.87218e-13
1.56745e+01	3.54151e-13
1.56921e+01	3.23834e-13
1.57098e+01	2.96042e-13
1.57274e+01	2.70568e-13
1.57451e+01	2.47221e-13
1.57627e+01	2.25825e-13
1.57803e+01	2.06217e-13
1.57980e+01	1.88254e-13
1.58156e+01	1.71803e-13
1.58333e+01	1.56742e-13
1.58509e+01	1.42958e-13
1.58685e+01	1.30347e-13
1.58862e+01	1.18815e-13
1.59038e+01	1.08271e-13
1.59215e+01	9.86342e-14
1.59391e+01	8.98302e-14
1.59568e+01	8.17895e-14
1.59744e+01	7.44485e-14
1.59920e+01	6.77486e-14
1.60097e+01	6.16361e-14
1.60273e+01	5.60611e-14
1.60450e+01	5.09778e-14
1.60626e+01	4.63441e-14
1.60802e+01	4.21215e-14
1.60979e+01	3.82744e-14
1.61155e+01	3.47702e-14
1.61332e+01	3.15794e-14
1.61508e+01	2.86745e-14
1.61684e+01	2.60307e-14
1.61861e+01	2.36251e-14
1.62037e+01	2.14367e-14
1.62214e+01	1.94465e-14
1.62390e+01	1.76369e-14
1.62567e+01	1.59920e-14
1.62743e+01	1.44971e-14
1.62919e+01	1.31389e-14
1.63096e+01	1.19052e-14
1.63272e+01	1.07848e-14
1.63449e+01	9.76768e-15
1.63625e+01	8.84441e-15
1.63801e+01	8.00658e-15
1.63978e+01	7.24646e-15
1.64154e+01	6.55701e-15
1.64331e+01	5.93179e-15
1.64507e+01	5.36496e-15
1.64684e+01	4.85119e-15
1.64860e+01	4.38561e-15
1.65036e+01	3.96380e-15
1.65213e+01	3.58173e-15
1.65389e+01	3.23573e-15
1.65566e+01	2.92249e-15
1.65742e+01	2.63896e-15
1.65918e+01	2.38240e-15
1.66095e+01	2.15029e-15
1.66271e+01	1.94035e-15
1.66448e+01	1.75051e-15
1.66624e+01	1.57889e-15
1.66801e+01	1.42377e-15
1.66977e+01	1.28361e-15
1.67153e+01	1.15698e-15
1.67330e+01	1.04262e-15
1.67506e+01	9.39349e-16
1.67683e+01	8.46122e-16
1.67859e+01	7.61979e-16
1.68035e+01	6.86053e-16
1.68212e+01	6.17557e-16
1.68388e+01	5.55779e-16
1.68565e+01	5.00072e-16
1.68741e+01	4.49852e-16
1.68918e+01	4.04588e-16
1.69094e+01	3.63800e-16
1.69270e+01	3.27054e-16
1.69447e+01	2.93956e-16
1.69623e+01	2.64151e-16
1.69800e+01	2.37318e-16
1.69976e+01	2.13165e-16
1.70152e+01	1.91429e-16
1.70329e+01	1.71873e-16
1.70505e+01	1.54280e-16
1.70682e+01	1.38458e-16
1.70858e+01	1.24230e-16
1.71034e+01	1.11438e-16
1.71211e+01	9.99382e-17
1.71387e+01	8.96020e-17
1.71564e+01	8.03127e-17
1.71740e+01	7.19651e-17
1.71917e+01	6.44644e-17
1.72093e+01	5.77251e-17
1.72269e+01	5.16701e-17
1.72446e+01	4.62298e-17
1.72622e+01	4.13416e-17
1.72799e+01	3.69487e-17
1.72975e+01	3.30003e-17
1.73151e+01	2.94502e-17
1.73328e+01	2.62570e-17
1.73504e+01	2.33832e-17
1.73681e+01	2.07951e-17
1.73857e+01	1.84619e-17
1.74034e+01	1.63562e-17
1.74210e+01	1.44527e-17
1.74386e+01	1.27287e-17
1.74563e+01	1.11637e-17
1.74739e+01	9.73876e-18
1.74916e+01	8.43677e-18
1.75092e+01	7.24199e-18
1.75268e+01	6.13997e-18
1.75445e+01	5.11731e-18
1.75621e+01	4.16159e-18
1.75798e+01	3.26116e-18
1.75974e+01	2.40502e-18
1.76151e+01	1.58271e-18
1.76327e+01	7.84053e-19
