# The ell = 0 distribution, the isotropy.
# E_N [Td]	1.50000e+01
# col_1: Electron Energy [eV], col_2: f0 [eV^(-3/2)]
eV	f0
1.01171e-02	4.26686e-01
3.03513e-02	4.26682e-01
5.05855e-02	4.26678e-01
7.08197e-02	4.26674e-01
9.10539e-02	4.26670e-01
1.11288e-01	4.26665e-01
1.31522e-01	4.26661e-01
1.51756e-01	4.26656e-01
1.71991e-01	4.26651e-01
1.92225e-01	4.26646e-01
2.12459e-01	4.26640e-01
2.32693e-01	4.26633e-01
2.52927e-01	4.26626e-01
2.73162e-01	4.26618e-01
2.93396e-01	4.26609e-01
3.13630e-01	4.26599e-01
3.33864e-01	4.26587e-01
3.54098e-01	4.26573e-01
3.74333e-01	4.26558e-01
3.94567e-01	4.26540e-01
4.14801e-01	4.26520e-01
4.35035e-01	4.26495e-01
4.55269e-01	4.26467e-01
4.75504e-01	4.26433e-01
4.95738e-01	4.26393e-01
5.15972e-01	4.26346e-01
5.36206e-01	4.26291e-01
5.56440e-01	4.26226e-01
5.76675e-01	4.26150e-01
5.96909e-01	4.26060e-01
6.17143e-01	4.25955e-01
6.37377e-01	4.25833e-01
6.57611e-01	4.25690e-01
6.77846e-01	4.25524e-01
6.98080e-01	4.25331e-01
7.18314e-01	4.25107e-01
7.38548e-01	4.24847e-01
7.58782e-01	4.24548e-01
7.79017e-01	4.24208e-01
7.99251e-01	4.23823e-01
8.19485e-01	4.23391e-01
8.39719e-01	4.22910e-01
8.59953e-01	4.22379e-01
8.80188e-01	4.21795e-01
9.00422e-01	4.21154e-01
9.20656e-01	4.20451e-01
9.40890e-01	4.19683e-01
9.61124e-01	4.18844e-01
9.81359e-01	4.17927e-01
1.00159e+00	4.16926e-01
1.02183e+00	4.15840e-01
1.04206e+00	4.14664e-01
1.06230e+00	4.13394e-01
1.08253e+00	4.12026e-01
1.10276e+00	4.10559e-01
1.12300e+00	4.08992e-01
1.14323e+00	4.07325e-01
1.16347e+00	4.05555e-01
1.18370e+00	4.03682e-01
1.20393e+00	4.01704e-01
1.22417e+00	3.99620e-01
1.24440e+00	3.97422e-01
1.26464e+00	3.95105e-01
1.28487e+00	3.92666e-01
1.30511e+00	3.90101e-01
1.32534e+00	3.87406e-01
1.34557e+00	3.84571e-01
1.36581e+00	3.81587e-01
1.38604e+00	3.78447e-01
1.40628e+00	3.75148e-01
1.42651e+00	3.71696e-01
1.44675e+00	3.68096e-01
1.46698e+00	3.64352e-01
1.48721e+00	3.60468e-01
1.50745e+00	3.56447e-01
1.52768e+00	3.52289e-01
1.54792e+00	3.47996e-01
1.56815e+00	3.43542e-01
1.58838e+00	3.38906e-01
1.60862e+00	3.34072e-01
1.62885e+00	3.29023e-01
1.64909e+00	3.23739e-01
1.66932e+00	3.18198e-01
1.68956e+00	3.12393e-01
1.70979e+00	3.06321e-01
1.73002e+00	2.99980e-01
1.75026e+00	2.93351e-01
1.77049e+00	2.86443e-01
1.79073e+00	2.79282e-01
1.81096e+00	2.71886e-01
1.83119e+00	2.64284e-01
1.85143e+00	2.56467e-01
1.87166e+00	2.48433e-01
1.89190e+00	2.40172e-01
1.91213e+00	2.31731e-01
1.93237e+00	2.23203e-01
1.95260e+00	2.14750e-01
1.97283e+00	2.06452e-01
1.99307e+00	1.98343e-01
2.01330e+00	1.90448e-01
2.03354e+00	1.82834e-01
2.05377e+00	1.75499e-01
2.07401e+00	1.68437e-01
2.09424e+00	1.61631e-01
2.11447e+00	1.55066e-01
2.13471e+00	1.48657e-01
2.15494e+00	1.42389e-01
2.17518e+00	1.36304e-01
2.19541e+00	1.30412e-01
2.21564e+00	1.24721e-01
2.23588e+00	1.19242e-01
2.25611e+00	1.14045e-01
2.27635e+00	1.09175e-01
2.29658e+00	1.04614e-01
2.31682e+00	1.00332e-01
2.33705e+00	9.63181e-02
2.35728e+00	9.25561e-02
2.37752e+00	8.89358e-02
2.39775e+00	8.54434e-02
2.41799e+00	8.20941e-02
2.43822e+00	7.88618e-02
2.45846e+00	7.57352e-02
2.47869e+00	7.27284e-02
2.49892e+00	6.99378e-02
2.51916e+00	6.73566e-02
2.53939e+00	6.49669e-02
2.55963e+00	6.27604e-02
2.57986e+00	6.07180e-02
2.60009e+00	5.88261e-02
2.62033e+00	5.70102e-02
2.64056e+00	5.52665e-02
2.66080e+00	5.35961e-02
2.68103e+00	5.19982e-02
2.70127e+00	5.04693e-02
2.72150e+00	4.90115e-02
2.74173e+00	4.76484e-02
2.76197e+00	4.63743e-02
2.78220e+00	4.51740e-02
2.80244e+00	4.40427e-02
2.82267e+00	4.29763e-02
2.84290e+00	4.19694e-02
2.86314e+00	4.10174e-02
2.88337e+00	4.01124e-02
2.90361e+00	3.92600e-02
2.92384e+00	3.84572e-02
2.94408e+00	3.76997e-02
2.96431e+00	3.69828e-02
2.98454e+00	3.63027e-02
3.00478e+00	3.56542e-02
3.02501e+00	3.50329e-02
3.04525e+00	3.44373e-02
3.06548e+00	3.38668e-02
3.08572e+00	3.33211e-02
3.10595e+00	3.27996e-02
3.12618e+00	3.23016e-02
3.14642e+00	3.18266e-02
3.16665e+00	3.13729e-02
3.18689e+00	3.09387e-02
3.20712e+00	3.05231e-02
3.22735e+00	3.01255e-02
3.24759e+00	2.97449e-02
3.26782e+00	2.93809e-02
3.28806e+00	2.90326e-02
3.30829e+00	2.86991e-02
3.32853e+00	2.83794e-02
3.34876e+00	2.80722e-02
3.36899e+00	2.77765e-02
3.38923e+00	2.74914e-02
3.40946e+00	2.72162e-02
3.42970e+00	2.69499e-02
3.44993e+00	2.66918e-02
3.47016e+00	2.64415e-02
3.49040e+00	2.61987e-02
3.51063e+00	2.59628e-02
3.53087e+00	2.57337e-02
3.55110e+00	2.55108e-02
3.57134e+00	2.52940e-02
3.59157e+00	2.50829e-02
3.61180e+00	2.48773e-02
3.63204e+00	2.46770e-02
3.65227e+00	2.44818e-02
3.67251e+00	2.42915e-02
3.69274e+00	2.41059e-02
3.71298e+00	2.39248e-02
3.73321e+00	2.37479e-02
3.75344e+00	2.35750e-02
3.77368e+00	2.34059e-02
3.79391e+00	2.32401e-02
3.81415e+00	2.30775e-02
3.83438e+00	2.29177e-02
3.85461e+00	2.27606e-02
3.87485e+00	2.26057e-02
3.89508e+00	2.24530e-02
3.91532e+00	2.23023e-02
3.93555e+00	2.21535e-02
3.95579e+00	2.20064e-02
3.97602e+00	2.18610e-02
3.99625e+00	2.17172e-02
4.01649e+00	2.15747e-02
4.03672e+00	2.14335e-02
4.05696e+00	2.12936e-02
4.07719e+00	2.11550e-02
4.09743e+00	2.10176e-02
4.11766e+00	2.08814e-02
4.13789e+00	2.07465e-02
4.15813e+00	2.06128e-02
4.17836e+00	2.04803e-02
4.19860e+00	2.03491e-02
4.21883e+00	2.02192e-02
4.23906e+00	2.00905e-02
4.25930e+00	1.99630e-02
4.27953e+00	1.98368e-02
4.29977e+00	1.97119e-02
4.32000e+00	1.95883e-02
4.34024e+00	1.94660e-02
4.36047e+00	1.93451e-02
4.38070e+00	1.92255e-02
4.40094e+00	1.91072e-02
4.42117e+00	1.89903e-02
4.44141e+00	1.88748e-02
4.46164e+00	1.87607e-02
4.48187e+00	1.86479e-02
4.50211e+00	1.85365e-02
4.52234e+00	1.84265e-02
4.54258e+00	1.83178e-02
4.56281e+00	1.82105e-02
4.58305e+00	1.81045e-02
4.60328e+00	1.79998e-02
4.62351e+00	1.78964e-02
4.64375e+00	1.77942e-02
4.66398e+00	1.76932e-02
4.68422e+00	1.75934e-02
4.70445e+00	1.74946e-02
4.72469e+00	1.73969e-02
4.74492e+00	1.73002e-02
4.76515e+00	1.72044e-02
4.78539e+00	1.71095e-02
4.80562e+00	1.70154e-02
4.82586e+00	1.69222e-02
4.84609e+00	1.68296e-02
4.86632e+00	1.67378e-02
4.88656e+00	1.66465e-02
4.90679e+00	1.65557e-02
4.92703e+00	1.64655e-02
4.94726e+00	1.63756e-02
4.96750e+00	1.62861e-02
4.98773e+00	1.61969e-02
5.00796e+00	1.61080e-02
5.02820e+00	1.60194e-02
5.04843e+00	1.59310e-02
5.06867e+00	1.58428e-02
5.08890e+00	1.57548e-02
5.10914e+00	1.56669e-02
5.12937e+00	1.55792e-02
5.14960e+00	1.54916e-02
5.16984e+00	1.54041e-02
5.19007e+00	1.53167e-02
5.21031e+00	1.52295e-02
5.23054e+00	1.51424e-02
5.25077e+00	1.50554e-02
5.27101e+00	1.49686e-02
5.29124e+00	1.48819e-02
5.31148e+00	1.47953e-02
5.33171e+00	1.47088e-02
5.35195e+00	1.46225e-02
5.37218e+00	1.45364e-02
5.39241e+00	1.44503e-02
5.41265e+00	1.43644e-02
5.43288e+00	1.42786e-02
5.45312e+00	1.41930e-02
5.47335e+00	1.41075e-02
5.49358e+00	1.40221e-02
5.51382e+00	1.39369e-02
5.53405e+00	1.38518e-02
5.55429e+00	1.37669e-02
5.57452e+00	1.36821e-02
5.59476e+00	1.35974e-02
5.61499e+00	1.35128e-02
5.63522e+00	1.34284e-02
5.65546e+00	1.33442e-02
5.67569e+00	1.32601e-02
5.69593e+00	1.31761e-02
5.71616e+00	1.30922e-02
5.73640e+00	1.30085e-02
5.75663e+00	1.29250e-02
5.77686e+00	1.28415e-02
5.79710e+00	1.27582e-02
5.81733e+00	1.26751e-02
5.83757e+00	1.25921e-02
5.85780e+00	1.25092e-02
5.87803e+00	1.24265e-02
5.89827e+00	1.23439e-02
5.91850e+00	1.22614e-02
5.93874e+00	1.21791e-02
5.95897e+00	1.20969e-02
5.97921e+00	1.20149e-02
5.99944e+00	1.19330e-02
6.01967e+00	1.18512e-02
6.03991e+00	1.17696e-02
6.06014e+00	1.16881e-02
6.08038e+00	1.16067e-02
6.10061e+00	1.15256e-02
6.12084e+00	1.14445e-02
6.14108e+00	1.13636e-02
6.16131e+00	1.12829e-02
6.18155e+00	1.12023e-02
6.20178e+00	1.11218e-02
6.22202e+00	1.10415e-02
6.24225e+00	1.09613e-02
6.26248e+00	1.08813e-02
6.28272e+00	1.08014e-02
6.30295e+00	1.07216e-02
6.32319e+00	1.06420e-02
6.34342e+00	1.05625e-02
6.36366e+00	1.04832e-02
6.38389e+00	1.04040e-02
6.40412e+00	1.03250e-02
6.42436e+00	1.02460e-02
6.44459e+00	1.01673e-02
6.46483e+00	1.00886e-02
6.48506e+00	1.00101e-02
6.50529e+00	9.93172e-03
6.52553e+00	9.85348e-03
6.54576e+00	9.77536e-03
6.56600e+00	9.69738e-03
6.58623e+00	9.61953e-03
6.60647e+00	9.54180e-03
6.62670e+00	9.46420e-03
6.64693e+00	9.38673e-03
6.66717e+00	9.30938e-03
6.68740e+00	9.23216e-03
6.70764e+00	9.15507e-03
6.72787e+00	9.07809e-03
6.74811e+00	9.00124e-03
6.76834e+00	8.92450e-03
6.78857e+00	8.84789e-03
6.80881e+00	8.77140e-03
6.82904e+00	8.69503e-03
6.84928e+00	8.61879e-03
6.86951e+00	8.54266e-03
6.88974e+00	8.46667e-03
6.90998e+00	8.39079e-03
6.93021e+00	8.31504e-03
6.95045e+00	8.23941e-03
6.97068e+00	8.16393e-03
6.99092e+00	8.08859e-03
7.01115e+00	8.01340e-03
7.03138e+00	7.93836e-03
7.05162e+00	7.86346e-03
7.07185e+00	7.78870e-03
7.09209e+00	7.71409e-03
7.11232e+00	7.63964e-03
7.13255e+00	7.56534e-03
7.15279e+00	7.49121e-03
7.17302e+00	7.41723e-03
7.19326e+00	7.34340e-03
7.21349e+00	7.26973e-03
7.23373e+00	7.19621e-03
7.25396e+00	7.12285e-03
7.27419e+00	7.04963e-03
7.29443e+00	6.97656e-03
7.31466e+00	6.90364e-03
7.33490e+00	6.83087e-03
7.35513e+00	6.75823e-03
7.37537e+00	6.68574e-03
7.39560e+00	6.61339e-03
7.41583e+00	6.54118e-03
7.43607e+00	6.46912e-03
7.45630e+00	6.39721e-03
7.47654e+00	6.32545e-03
7.49677e+00	6.25385e-03
7.51700e+00	6.18240e-03
7.53724e+00	6.11112e-03
7.55747e+00	6.03999e-03
7.57771e+00	5.96903e-03
7.59794e+00	5.89823e-03
7.61818e+00	5.82760e-03
7.63841e+00	5.75715e-03
7.65864e+00	5.68687e-03
7.67888e+00	5.61676e-03
7.69911e+00	5.54684e-03
7.71935e+00	5.47710e-03
7.73958e+00	5.40754e-03
7.75981e+00	5.33817e-03
7.78005e+00	5.26899e-03
7.80028e+00	5.20001e-03
7.82052e+00	5.13124e-03
7.84075e+00	5.06268e-03
7.86099e+00	4.99436e-03
7.88122e+00	4.92628e-03
7.90145e+00	4.85845e-03
7.92169e+00	4.79089e-03
7.94192e+00	4.72360e-03
7.96216e+00	4.65659e-03
7.98239e+00	4.58988e-03
8.00263e+00	4.52348e-03
8.02286e+00	4.45739e-03
8.04309e+00	4.39163e-03
8.06333e+00	4.32621e-03
8.08356e+00	4.26114e-03
8.10380e+00	4.19643e-03
8.12403e+00	4.13208e-03
8.14426e+00	4.06812e-03
8.16450e+00	4.00455e-03
8.18473e+00	3.94138e-03
8.20497e+00	3.87861e-03
8.22520e+00	3.81626e-03
8.24544e+00	3.75433e-03
8.26567e+00	3.69285e-03
8.28590e+00	3.63181e-03
8.30614e+00	3.57123e-03
8.32637e+00	3.51113e-03
8.34661e+00	3.45151e-03
8.36684e+00	3.39239e-03
8.38708e+00	3.33378e-03
8.40731e+00	3.27570e-03
8.42754e+00	3.21815e-03
8.44778e+00	3.16115e-03
8.46801e+00	3.10470e-03
8.48825e+00	3.04882e-03
8.50848e+00	2.99354e-03
8.52871e+00	2.93885e-03
8.54895e+00	2.88478e-03
8.56918e+00	2.83132e-03
8.58942e+00	2.77849e-03
8.60965e+00	2.72630e-03
8.62989e+00	2.67474e-03
8.65012e+00	2.62382e-03
8.67035e+00	2.57355e-03
8.69059e+00	2.52393e-03
8.71082e+00	2.47495e-03
8.73106e+00	2.42664e-03
8.75129e+00	2.37898e-03
8.77152e+00	2.33198e-03
8.79176e+00	2.28564e-03
8.81199e+00	2.23997e-03
8.83223e+00	2.19496e-03
8.85246e+00	2.15062e-03
8.87270e+00	2.10694e-03
8.89293e+00	2.06393e-03
8.91316e+00	2.02159e-03
8.93340e+00	1.97991e-03
8.95363e+00	1.93890e-03
8.97387e+00	1.89856e-03
8.99410e+00	1.85888e-03
9.01434e+00	1.81987e-03
9.03457e+00	1.78152e-03
9.05480e+00	1.74383e-03
9.07504e+00	1.70678e-03
9.09527e+00	1.67038e-03
9.11551e+00	1.63461e-03
9.13574e+00	1.59946e-03
9.15597e+00	1.56493e-03
9.17621e+00	1.53101e-03
9.19644e+00	1.49770e-03
9.21668e+00	1.46498e-03
9.23691e+00	1.43284e-03
9.25715e+00	1.40129e-03
9.27738e+00	1.37032e-03
9.29761e+00	1.33990e-03
9.31785e+00	1.31005e-03
9.33808e+00	1.28075e-03
9.35832e+00	1.25200e-03
9.37855e+00	1.22378e-03
9.39879e+00	1.19609e-03
9.41902e+00	1.16892e-03
9.43925e+00	1.14227e-03
9.45949e+00	1.11613e-03
9.47972e+00	1.09048e-03
9.49996e+00	1.06534e-03
9.52019e+00	1.04067e-03
9.54042e+00	1.01649e-03
9.56066e+00	9.92779e-04
9.58089e+00	9.69533e-04
9.60113e+00	9.46745e-04
9.62136e+00	9.24410e-04
9.64160e+00	9.02520e-04
9.66183e+00	8.81068e-04
9.68206e+00	8.60051e-04
9.70230e+00	8.39463e-04
9.72253e+00	8.19296e-04
9.74277e+00	7.99545e-04
9.76300e+00	7.80204e-04
9.78323e+00	7.61267e-04
9.80347e+00	7.42728e-04
9.82370e+00	7.24581e-04
9.84394e+00	7.06821e-04
9.86417e+00	6.89440e-04
9.88441e+00	6.72434e-04
9.90464e+00	6.55797e-04
9.92487e+00	6.39522e-04
9.94511e+00	6.23604e-04
9.96534e+00	6.08038e-04
9.98558e+00	5.92818e-04
1.00058e+01	5.77938e-04
1.00260e+01	5.63389e-04
1.00463e+01	5.49175e-04
1.00665e+01	5.35295e-04
1.00867e+01	5.21742e-04
1.01070e+01	5.08509e-04
1.01272e+01	4.95588e-04
1.01475e+01	4.82972e-04
1.01677e+01	4.70654e-04
1.01879e+01	4.58628e-04
1.02082e+01	4.46887e-04
1.02284e+01	4.35424e-04
1.02486e+01	4.24233e-04
1.02689e+01	4.13309e-04
1.02891e+01	4.02644e-04
1.03093e+01	3.92233e-04
1.03296e+01	3.82070e-04
1.03498e+01	3.72150e-04
1.03700e+01	3.62467e-04
1.03903e+01	3.53015e-04
1.04105e+01	3.43790e-04
1.04307e+01	3.34785e-04
1.04510e+01	3.25997e-04
1.04712e+01	3.17419e-04
1.04914e+01	3.09047e-04
1.05117e+01	3.00876e-04
1.05319e+01	2.92902e-04
1.05521e+01	2.85120e-04
1.05724e+01	2.77525e-04
1.05926e+01	2.70113e-04
1.06128e+01	2.62879e-04
1.06331e+01	2.55824e-04
1.06533e+01	2.48945e-04
1.06735e+01	2.42239e-04
1.06938e+01	2.35702e-04
1.07140e+01	2.29329e-04
1.07342e+01	2.23115e-04
1.07545e+01	2.17059e-04
1.07747e+01	2.11154e-04
1.07949e+01	2.05398e-04
1.08152e+01	1.99786e-04
1.08354e+01	1.94316e-04
1.08556e+01	1.88983e-04
1.08759e+01	1.83785e-04
1.08961e+01	1.78717e-04
1.09163e+01	1.73777e-04
1.09366e+01	1.68961e-04
1.09568e+01	1.64266e-04
1.09771e+01	1.59690e-04
1.09973e+01	1.55228e-04
1.10175e+01	1.50878e-04
1.10378e+01	1.46637e-04
1.10580e+01	1.42502e-04
1.10782e+01	1.38472e-04
1.10985e+01	1.34541e-04
1.11187e+01	1.30709e-04
1.11389e+01	1.26973e-04
1.11592e+01	1.23330e-04
1.11794e+01	1.19777e-04
1.11996e+01	1.16312e-04
1.12199e+01	1.12934e-04
1.12401e+01	1.09639e-04
1.12603e+01	1.06425e-04
1.12806e+01	1.03291e-04
1.13008e+01	1.00234e-04
1.13210e+01	9.72532e-05
1.13413e+01	9.43456e-05
1.13615e+01	9.15096e-05
1.13817e+01	8.87432e-05
1.14020e+01	8.60448e-05
1.14222e+01	8.34125e-05
1.14424e+01	8.08445e-05
1.14627e+01	7.83391e-05
1.14829e+01	7.58947e-05
1.15031e+01	7.35096e-05
1.15234e+01	7.11822e-05
1.15436e+01	6.89109e-05
1.15638e+01	6.66940e-05
1.15841e+01	6.45309e-05
1.16043e+01	6.24214e-05
1.16245e+01	6.03653e-05
1.16448e+01	5.83623e-05
1.16650e+01	5.64143e-05
1.16852e+01	5.45226e-05
1.17055e+01	5.26859e-05
1.17257e+01	5.09018e-05
1.17460e+01	4.91678e-05
1.17662e+01	4.74823e-05
1.17864e+01	4.58445e-05
1.18067e+01	4.42535e-05
1.18269e+01	4.27083e-05
1.18471e+01	4.12078e-05
1.18674e+01	3.97567e-05
1.18876e+01	3.83535e-05
1.19078e+01	3.69951e-05
1.19281e+01	3.56823e-05
1.19483e+01	3.44134e-05
1.19685e+01	3.31864e-05
1.19888e+01	3.19993e-05
1.20090e+01	3.08507e-05
1.20292e+01	2.97392e-05
1.20495e+01	2.86634e-05
1.20697e+01	2.76223e-05
1.20899e+01	2.66148e-05
1.21102e+01	2.56399e-05
1.21304e+01	2.46965e-05
1.21506e+01	2.37838e-05
1.21709e+01	2.29009e-05
1.21911e+01	2.20469e-05
1.22113e+01	2.12209e-05
1.22316e+01	2.04223e-05
1.22518e+01	1.96502e-05
1.22720e+01	1.89041e-05
1.22923e+01	1.81833e-05
1.23125e+01	1.74870e-05
1.23327e+01	1.68147e-05
1.23530e+01	1.61655e-05
1.23732e+01	1.55389e-05
1.23934e+01	1.49341e-05
1.24137e+01	1.43504e-05
1.24339e+01	1.37873e-05
1.24541e+01	1.32442e-05
1.24744e+01	1.27204e-05
1.24946e+01	1.22155e-05
1.25149e+01	1.17288e-05
1.25351e+01	1.12599e-05
1.25553e+01	1.08082e-05
1.25756e+01	1.03733e-05
1.25958e+01	9.95487e-06
1.26160e+01	9.55246e-06
1.26363e+01	9.16558e-06
1.26565e+01	8.79371e-06
1.26767e+01	8.43634e-06
1.26970e+01	8.09300e-06
1.27172e+01	7.76320e-06
1.27374e+01	7.44646e-06
1.27577e+01	7.14230e-06
1.27779e+01	6.85025e-06
1.27981e+01	6.56986e-06
1.28184e+01	6.30070e-06
1.28386e+01	6.04231e-06
1.28588e+01	5.79426e-06
1.28791e+01	5.55604e-06
1.28993e+01	5.32716e-06
1.29195e+01	5.10721e-06
1.29398e+01	4.89598e-06
1.29600e+01	4.69309e-06
1.29802e+01	4.49801e-06
1.30005e+01	4.31043e-06
1.30207e+01	4.13009e-06
1.30409e+01	3.95729e-06
1.30612e+01	3.79257e-06
1.30814e+01	3.63567e-06
1.31016e+01	3.48578e-06
1.31219e+01	3.34223e-06
1.31421e+01	3.20440e-06
1.31623e+01	3.07190e-06
1.31826e+01	2.94461e-06
1.32028e+01	2.82249e-06
1.32230e+01	2.70551e-06
1.32433e+01	2.59331e-06
1.32635e+01	2.48558e-06
1.32838e+01	2.38207e-06
1.33040e+01	2.28255e-06
1.33242e+01	2.18681e-06
1.33445e+01	2.09468e-06
1.33647e+01	2.00600e-06
1.33849e+01	1.92063e-06
1.34052e+01	1.83846e-06
1.34254e+01	1.75939e-06
1.34456e+01	1.68332e-06
1.34659e+01	1.61018e-06
1.34861e+01	1.53992e-06
1.35063e+01	1.47243e-06
1.35266e+01	1.40760e-06
1.35468e+01	1.34534e-06
1.35670e+01	1.28555e-06
1.35873e+01	1.22816e-06
1.36075e+01	1.17307e-06
1.36277e+01	1.12020e-06
1.36480e+01	1.06949e-06
1.36682e+01	1.02083e-06
1.36884e+01	9.74174e-07
1.37087e+01	9.29432e-07
1.37289e+01	8.86535e-07
1.37491e+01	8.45416e-07
1.37694e+01	8.06008e-07
1.37896e+01	7.68245e-07
1.38098e+01	7.32065e-07
1.38301e+01	6.97408e-07
1.38503e+01	6.64216e-07
1.38705e+01	6.32431e-07
1.38908e+01	6.02002e-07
1.39110e+01	5.72878e-07
1.39312e+01	5.45010e-07
1.39515e+01	5.18353e-07
1.39717e+01	4.92862e-07
1.39919e+01	4.68493e-07
1.40122e+01	4.45204e-07
1.40324e+01	4.22954e-07
1.40527e+01	4.01703e-07
1.40729e+01	3.81415e-07
1.40931e+01	3.62051e-07
1.41134e+01	3.43574e-07
1.41336e+01	3.25949e-07
1.41538e+01	3.09142e-07
1.41741e+01	2.93120e-07
1.41943e+01	2.77849e-07
1.42145e+01	2.63299e-07
1.42348e+01	2.49439e-07
1.42550e+01	2.36241e-07
1.42752e+01	2.23678e-07
1.42955e+01	2.11722e-07
1.43157e+01	2.00350e-07
1.43359e+01	1.89536e-07
1.43562e+01	1.79256e-07
1.43764e+01	1.69487e-07
1.43966e+01	1.60207e-07
1.44169e+01	1.51394e-07
1.44371e+01	1.43028e-07
1.44573e+01	1.35088e-07
1.44776e+01	1.27556e-07
1.44978e+01	1.20412e-07
1.45180e+01	1.13639e-07
1.45383e+01	1.07220e-07
1.45585e+01	1.01138e-07
1.45787e+01	9.53769e-08
1.45990e+01	8.99216e-08
1.46192e+01	8.47574e-08
1.46394e+01	7.98702e-08
1.46597e+01	7.52466e-08
1.46799e+01	7.08737e-08
1.47001e+01	6.67390e-08
1.47204e+01	6.28307e-08
1.47406e+01	5.91375e-08
1.47608e+01	5.56486e-08
1.47811e+01	5.23537e-08
1.48013e+01	4.92428e-08
1.48216e+01	4.63065e-08
1.48418e+01	4.35358e-08
1.48620e+01	4.09223e-08
1.48823e+01	3.84575e-08
1.49025e+01	3.61339e-08
1.49227e+01	3.39439e-08
1.49430e+01	3.18805e-08
1.49632e+01	2.99369e-08
1.49834e+01	2.81068e-08
1.50037e+01	2.63839e-08
1.50239e+01	2.47626e-08
1.50441e+01	2.32371e-08
1.50644e+01	2.18021e-08
1.50846e+01	2.04524e-08
1.51048e+01	1.91832e-08
1.51251e+01	1.79899e-08
1.51453e+01	1.68681e-08
1.51655e+01	1.58138e-08
1.51858e+01	1.48231e-08
1.52060e+01	1.38922e-08
1.52262e+01	1.30177e-08
1.52465e+01	1.21963e-08
1.52667e+01	1.14250e-08
1.52869e+01	1.07007e-08
1.53072e+01	1.00208e-08
1.53274e+01	9.38256e-09
1.53476e+01	8.78359e-09
1.53679e+01	8.22155e-09
1.53881e+01	7.69424e-09
1.54083e+01	7.19959e-09
1.54286e+01	6.73566e-09
1.54488e+01	6.30059e-09
1.54690e+01	5.89266e-09
1.54893e+01	5.51022e-09
1.55095e+01	5.15173e-09
1.55297e+01	4.81575e-09
1.55500e+01	4.50090e-09
1.55702e+01	4.20589e-09
1.55904e+01	3.92951e-09
1.56107e+01	3.67061e-09
1.56309e+01	3.42811e-09
1.56512e+01	3.20102e-09
1.56714e+01	2.98837e-09
1.56916e+01	2.78927e-09
1.57119e+01	2.60287e-09
1.57321e+01	2.42838e-09
1.57523e+01	2.26506e-09
1.57726e+01	2.11219e-09
1.57928e+01	1.96913e-09
1.58130e+01	1.83528e-09
1.58333e+01	1.71008e-09
1.58535e+01	1.59302e-09
1.58737e+01	1.48360e-09
1.58940e+01	1.38136e-09
1.59142e+01	1.28584e-09
1.59344e+01	1.19665e-09
1.59547e+01	1.11338e-09
1.59749e+01	1.03566e-09
1.59951e+01	9.63159e-10
1.60154e+01	8.95534e-10
1.60356e+01	8.32480e-10
1.60558e+01	7.73700e-10
1.60761e+01	7.18920e-10
1.60963e+01	6.67879e-10
1.61165e+01	6.20333e-10
1.61368e+01	5.76051e-10
1.61570e+01	5.34820e-10
1.61772e+01	4.96438e-10
1.61975e+01	4.60716e-10
1.62177e+01	4.27477e-10
1.62379e+01	3.96555e-10
1.62582e+01	3.67795e-10
1.62784e+01	3.41052e-10
1.62986e+01	3.16190e-10
1.63189e+01	2.93081e-10
1.63391e+01	2.71606e-10
1.63593e+01	2.51655e-10
1.63796e+01	2.33122e-10
1.63998e+01	2.15911e-10
1.64201e+01	1.99931e-10
1.64403e+01	1.85096e-10
1.64605e+01	1.71328e-10
1.64808e+01	1.58553e-10
1.65010e+01	1.46700e-10
1.65212e+01	1.35707e-10
1.65415e+01	1.25512e-10
1.65617e+01	1.16060e-10
1.65819e+01	1.07298e-10
1.66022e+01	9.91785e-11
1.66224e+01	9.16551e-11
1.66426e+01	8.46857e-11
1.66629e+01	7.82309e-11
1.66831e+01	7.22541e-11
1.67033e+01	6.67211e-11
1.67236e+01	6.15998e-11
1.67438e+01	5.68608e-11
1.67640e+01	5.24764e-11
1.67843e+01	4.84208e-11
1.68045e+01	4.46703e-11
1.68247e+01	4.12025e-11
1.68450e+01	3.79969e-11
1.68652e+01	3.50342e-11
1.68854e+01	3.22967e-11
1.69057e+01	2.97676e-11
1.69259e+01	2.74316e-11
1.69461e+01	2.52744e-11
1.69664e+01	2.32827e-11
1.69866e+01	2.14443e-11
1.70068e+01	1.97476e-11
1.70271e+01	1.81820e-11
1.70473e+01	1.67377e-11
1.70675e+01	1.54056e-11
1.70878e+01	1.41772e-11
1.71080e+01	1.30445e-11
1.71282e+01	1.20004e-11
1.71485e+01	1.10380e-11
1.71687e+01	1.01511e-11
1.71890e+01	9.33402e-12
1.72092e+01	8.58127e-12
1.72294e+01	7.88795e-12
1.72497e+01	7.24948e-12
1.72699e+01	6.66162e-12
1.72901e+01	6.12045e-12
1.73104e+01	5.62234e-12
1.73306e+01	5.16394e-12
1.73508e+01	4.74216e-12
1.73711e+01	4.35412e-12
1.73913e+01	3.99721e-12
1.74115e+01	3.66896e-12
1.74318e+01	3.36713e-12
1.74520e+01	3.08963e-12
1.74722e+01	2.83455e-12
1.74925e+01	2.60011e-12
1.75127e+01	2.38468e-12
1.75329e+01	2.18675e-12
1.75532e+01	2.00492e-12
1.75734e+01	1.83792e-12
1.75936e+01	1.68455e-12
1.76139e+01	1.54374e-12
1.76341e+01	1.41448e-12
1.76543e+01	1.29583e-12
1.76746e+01	1.18695e-12
1.76948e+01	1.08705e-12
1.77150e+01	9.95398e-13
1.77353e+01	9.11337e-13
1.77555e+01	8.34247e-13
1.77757e+01	7.63563e-13
1.77960e+01	6.98763e-13
1.78162e+01	6.39368e-13
1.78364e+01	5.84936e-13
1.78567e+01	5.35058e-13
1.78769e+01	4.89359e-13
1.78971e+01	4.47495e-13
1.79174e+01	4.09151e-13
1.79376e+01	3.74038e-13
1.79579e+01	3.41888e-13
1.79781e+01	3.12458e-13
1.79983e+01	2.85521e-13
1.80186e+01	2.60871e-13
1.80388e+01	2.38317e-13
1.80590e+01	2.17684e-13
1.80793e+01	1.98811e-13
1.80995e+01	1.81551e-13
1.81197e+01	1.65768e-13
1.81400e+01	1.51337e-13
1.81602e+01	1.38145e-13
1.81804e+01	1.26087e-13
1.82007e+01	1.15065e-13
1.82209e+01	1.04992e-13
1.82411e+01	9.57887e-14
1.82614e+01	8.73800e-14
1.82816e+01	7.96987e-14
1.83018e+01	7.26830e-14
1.83221e+01	6.62759e-14
1.83423e+01	6.04256e-14
1.83625e+01	5.50844e-14
1.83828e+01	5.02087e-14
1.84030e+01	4.57584e-14
1.84232e+01	4.16970e-14
1.84435e+01	3.79911e-14
1.84637e+01	3.46101e-14
1.84839e+01	3.15257e-14
1.85042e+01	2.87124e-14
1.85244e+01	2.61467e-14
1.85446e+01	2.38072e-14
1.85649e+01	2.16740e-14
1.85851e+01	1.97295e-14
1.86053e+01	1.79570e-14
1.86256e+01	1.63416e-14
1.86458e+01	1.48695e-14
1.86660e+01	1.35283e-14
1.86863e+01	1.23065e-14
1.87065e+01	1.11936e-14
1.87268e+01	1.01800e-14
1.87470e+01	9.25704e-15
1.87672e+01	8.41666e-15
1.87875e+01	7.65161e-15
1.88077e+01	6.95522e-15
1.88279e+01	6.32143e-15
1.88482e+01	5.74468e-15
1.88684e+01	5.21991e-15
1.88886e+01	4.74250e-15
1.89089e+01	4.30823e-15
1.89291e+01	3.91326e-15
1.89493e+01	3.55409e-15
1.89696e+01	3.22751e-15
1.89898e+01	2.93060e-15
1.90100e+01	2.66072e-15
1.90303e+01	2.41543e-15
1.90505e+01	2.19251e-15
1.90707e+01	1.98996e-15
1.90910e+01	1.80593e-15
1.91112e+01	1.63875e-15
1.91314e+01	1.48689e-15
1.91517e+01	1.34895e-15
1.91719e+01	1.22369e-15
1.91921e+01	1.10995e-15
1.92124e+01	1.00667e-15
1.92326e+01	9.12904e-16
1.92528e+01	8.27788e-16
1.92731e+01	7.50530e-16
1.92933e+01	6.80411e-16
1.93135e+01	6.16779e-16
1.93338e+01	5.59038e-16
1.93540e+01	5.06650e-16
1.93742e+01	4.59122e-16
1.93945e+01	4.16008e-16
1.94147e+01	3.76902e-16
1.94349e+01	3.41434e-16
1.94552e+01	3.09268e-16
1.94754e+01	2.80101e-16
1.94956e+01	2.53654e-16
1.95159e+01	2.29675e-16
1.95361e+01	2.07937e-16
1.95564e+01	1.88230e-16
1.95766e+01	1.70367e-16
1.95968e+01	1.54175e-16
1.96171e+01	1.39500e-16
1.96373e+01	1.26198e-16
1.96575e+01	1.14142e-16
1.96778e+01	1.03215e-16
1.96980e+01	9.33118e-17
1.97182e+01	8.43350e-17
1.97385e+01	7.61976e-17
1.97587e+01	6.88201e-17
1.97789e+01	6.21303e-17
1.97992e+01	5.60627e-17
1.98194e+01	5.05578e-17
1.98396e+01	4.55612e-17
1.98599e+01	4.10239e-17
1.98801e+01	3.69011e-17
1.99003e+01	3.31520e-17
1.99206e+01	2.97381e-17
1.99408e+01	2.66258e-17
1.99610e+01	2.37844e-17
1.99813e+01	2.11857e-17
2.00015e+01	1.88039e-17
2.00217e+01	1.66152e-17
2.00420e+01	1.45978e-17
2.00622e+01	1.27315e-17
2.00824e+01	1.09976e-17
2.01027e+01	9.37857e-18
2.01229e+01	7.85822e-18
2.01431e+01	6.42121e-18
2.01634e+01	5.05304e-18
2.01836e+01	3.73988e-18
2.02038e+01	2.46847e-18
2.02241e+01	1.22588e-18
