# The ell = 0 distribution, the isotropy.
# E_N [Td]	2.00000e+01
# col_1: Electron Energy [eV], col_2: f0 [eV^(-3/2)]
eV	f0
1.11880e-02	3.05834e-01
3.35640e-02	3.05828e-01
5.59399e-02	3.05820e-01
7.83159e-02	3.05812e-01
1.00692e-01	3.05805e-01
1.23068e-01	3.05798e-01
1.45444e-01	3.05791e-01
1.67820e-01	3.05783e-01
1.90196e-01	3.05775e-01
2.12572e-01	3.05767e-01
2.34948e-01	3.05757e-01
2.57324e-01	3.05747e-01
2.79700e-01	3.05735e-01
3.02076e-01	3.05722e-01
3.24452e-01	3.05707e-01
3.46828e-01	3.05690e-01
3.69204e-01	3.05671e-01
3.91580e-01	3.05650e-01
4.13956e-01	3.05625e-01
4.36332e-01	3.05596e-01
4.58708e-01	3.05563e-01
4.81084e-01	3.05524e-01
5.03460e-01	3.05479e-01
5.25836e-01	3.05427e-01
5.48211e-01	3.05367e-01
5.70587e-01	3.05298e-01
5.92963e-01	3.05217e-01
6.15339e-01	3.05123e-01
6.37715e-01	3.05015e-01
6.60091e-01	3.04891e-01
6.82467e-01	3.04747e-01
7.04843e-01	3.04581e-01
7.27219e-01	3.04390e-01
7.49595e-01	3.04170e-01
7.71971e-01	3.03919e-01
7.94347e-01	3.03635e-01
8.16723e-01	3.03316e-01
8.39099e-01	3.02960e-01
8.61475e-01	3.02567e-01
8.83851e-01	3.02134e-01
9.06227e-01	3.01658e-01
9.28603e-01	3.01135e-01
9.50979e-01	3.00562e-01
9.73355e-01	2.99933e-01
9.95731e-01	2.99244e-01
1.01811e+00	2.98491e-01
1.04048e+00	2.97673e-01
1.06286e+00	2.96787e-01
1.08524e+00	2.95832e-01
1.10761e+00	2.94810e-01
1.12999e+00	2.93720e-01
1.15236e+00	2.92562e-01
1.17474e+00	2.91337e-01
1.19711e+00	2.90043e-01
1.21949e+00	2.88679e-01
1.24187e+00	2.87241e-01
1.26424e+00	2.85724e-01
1.28662e+00	2.84125e-01
1.30899e+00	2.82440e-01
1.33137e+00	2.80661e-01
1.35375e+00	2.78782e-01
1.37612e+00	2.76799e-01
1.39850e+00	2.74708e-01
1.42087e+00	2.72514e-01
1.44325e+00	2.70220e-01
1.46563e+00	2.67830e-01
1.48800e+00	2.65350e-01
1.51038e+00	2.62782e-01
1.53275e+00	2.60126e-01
1.55513e+00	2.57380e-01
1.57751e+00	2.54520e-01
1.59988e+00	2.51534e-01
1.62226e+00	2.48413e-01
1.64463e+00	2.45145e-01
1.66701e+00	2.41706e-01
1.68939e+00	2.38091e-01
1.71176e+00	2.34295e-01
1.73414e+00	2.30314e-01
1.75651e+00	2.26136e-01
1.77889e+00	2.21766e-01
1.80127e+00	2.17217e-01
1.82364e+00	2.12500e-01
1.84602e+00	2.07626e-01
1.86839e+00	2.02571e-01
1.89077e+00	1.97328e-01
1.91315e+00	1.91915e-01
1.93552e+00	1.86400e-01
1.95790e+00	1.80894e-01
1.98027e+00	1.75453e-01
2.00265e+00	1.70097e-01
2.02503e+00	1.64851e-01
2.04740e+00	1.59758e-01
2.06978e+00	1.54816e-01
2.09215e+00	1.50015e-01
2.11453e+00	1.45351e-01
2.13691e+00	1.40761e-01
2.15928e+00	1.36229e-01
2.18166e+00	1.31791e-01
2.20403e+00	1.27454e-01
2.22641e+00	1.23232e-01
2.24879e+00	1.19144e-01
2.27116e+00	1.15287e-01
2.29354e+00	1.11653e-01
2.31591e+00	1.08221e-01
2.33829e+00	1.04984e-01
2.36067e+00	1.01931e-01
2.38304e+00	9.89577e-02
2.40542e+00	9.60679e-02
2.42779e+00	9.32775e-02
2.45017e+00	9.05535e-02
2.47255e+00	8.79034e-02
2.49492e+00	8.54040e-02
2.51730e+00	8.30820e-02
2.53967e+00	8.09215e-02
2.56205e+00	7.89179e-02
2.58443e+00	7.70551e-02
2.60680e+00	7.53068e-02
2.62918e+00	7.36160e-02
2.65155e+00	7.19821e-02
2.67393e+00	7.04090e-02
2.69631e+00	6.88943e-02
2.71868e+00	6.74402e-02
2.74106e+00	6.60709e-02
2.76343e+00	6.47879e-02
2.78581e+00	6.35755e-02
2.80819e+00	6.24298e-02
2.83056e+00	6.13459e-02
2.85294e+00	6.03202e-02
2.87531e+00	5.93420e-02
2.89769e+00	5.84134e-02
2.92007e+00	5.75359e-02
2.94244e+00	5.67050e-02
2.96482e+00	5.59158e-02
2.98719e+00	5.51646e-02
3.00957e+00	5.44454e-02
3.03195e+00	5.37537e-02
3.05432e+00	5.30883e-02
3.07670e+00	5.24491e-02
3.09907e+00	5.18357e-02
3.12145e+00	5.12479e-02
3.14383e+00	5.06852e-02
3.16620e+00	5.01460e-02
3.18858e+00	4.96283e-02
3.21095e+00	4.91310e-02
3.23333e+00	4.86535e-02
3.25571e+00	4.81949e-02
3.27808e+00	4.77546e-02
3.30046e+00	4.73315e-02
3.32283e+00	4.69243e-02
3.34521e+00	4.65319e-02
3.36758e+00	4.61528e-02
3.38996e+00	4.57861e-02
3.41234e+00	4.54307e-02
3.43471e+00	4.50855e-02
3.45709e+00	4.47495e-02
3.47946e+00	4.44225e-02
3.50184e+00	4.41039e-02
3.52422e+00	4.37932e-02
3.54659e+00	4.34901e-02
3.56897e+00	4.31943e-02
3.59134e+00	4.29052e-02
3.61372e+00	4.26225e-02
3.63610e+00	4.23459e-02
3.65847e+00	4.20753e-02
3.68085e+00	4.18104e-02
3.70322e+00	4.15509e-02
3.72560e+00	4.12966e-02
3.74798e+00	4.10472e-02
3.77035e+00	4.08023e-02
3.79273e+00	4.05614e-02
3.81510e+00	4.03243e-02
3.83748e+00	4.00906e-02
3.85986e+00	3.98599e-02
3.88223e+00	3.96319e-02
3.90461e+00	3.94063e-02
3.92698e+00	3.91830e-02
3.94936e+00	3.89619e-02
3.97174e+00	3.87427e-02
3.99411e+00	3.85254e-02
4.01649e+00	3.83097e-02
4.03886e+00	3.80954e-02
4.06124e+00	3.78825e-02
4.08362e+00	3.76710e-02
4.10599e+00	3.74609e-02
4.12837e+00	3.72523e-02
4.15074e+00	3.70450e-02
4.17312e+00	3.68391e-02
4.19550e+00	3.66347e-02
4.21787e+00	3.64317e-02
4.24025e+00	3.62302e-02
4.26262e+00	3.60301e-02
4.28500e+00	3.58315e-02
4.30738e+00	3.56344e-02
4.32975e+00	3.54388e-02
4.35213e+00	3.52448e-02
4.37450e+00	3.50524e-02
4.39688e+00	3.48617e-02
4.41926e+00	3.46726e-02
4.44163e+00	3.44852e-02
4.46401e+00	3.42994e-02
4.48638e+00	3.41152e-02
4.50876e+00	3.39327e-02
4.53114e+00	3.37518e-02
4.55351e+00	3.35725e-02
4.57589e+00	3.33949e-02
4.59826e+00	3.32189e-02
4.62064e+00	3.30445e-02
4.64302e+00	3.28715e-02
4.66539e+00	3.27001e-02
4.68777e+00	3.25300e-02
4.71014e+00	3.23612e-02
4.73252e+00	3.21937e-02
4.75490e+00	3.20273e-02
4.77727e+00	3.18621e-02
4.79965e+00	3.16979e-02
4.82202e+00	3.15346e-02
4.84440e+00	3.13723e-02
4.86678e+00	3.12108e-02
4.88915e+00	3.10499e-02
4.91153e+00	3.08897e-02
4.93390e+00	3.07300e-02
4.95628e+00	3.05707e-02
4.97866e+00	3.04118e-02
5.00103e+00	3.02533e-02
5.02341e+00	3.00950e-02
5.04578e+00	2.99370e-02
5.06816e+00	2.97792e-02
5.09054e+00	2.96215e-02
5.11291e+00	2.94639e-02
5.13529e+00	2.93064e-02
5.15766e+00	2.91490e-02
5.18004e+00	2.89918e-02
5.20242e+00	2.88346e-02
5.22479e+00	2.86775e-02
5.24717e+00	2.85205e-02
5.26954e+00	2.83636e-02
5.29192e+00	2.82068e-02
5.31430e+00	2.80502e-02
5.33667e+00	2.78936e-02
5.35905e+00	2.77372e-02
5.38142e+00	2.75808e-02
5.40380e+00	2.74246e-02
5.42618e+00	2.72685e-02
5.44855e+00	2.71126e-02
5.47093e+00	2.69567e-02
5.49330e+00	2.68010e-02
5.51568e+00	2.66453e-02
5.53805e+00	2.64898e-02
5.56043e+00	2.63345e-02
5.58281e+00	2.61792e-02
5.60518e+00	2.60241e-02
5.62756e+00	2.58691e-02
5.64993e+00	2.57143e-02
5.67231e+00	2.55596e-02
5.69469e+00	2.54050e-02
5.71706e+00	2.52505e-02
5.73944e+00	2.50962e-02
5.76181e+00	2.49420e-02
5.78419e+00	2.47879e-02
5.80657e+00	2.46340e-02
5.82894e+00	2.44802e-02
5.85132e+00	2.43266e-02
5.87369e+00	2.41731e-02
5.89607e+00	2.40197e-02
5.91845e+00	2.38664e-02
5.94082e+00	2.37133e-02
5.96320e+00	2.35604e-02
5.98557e+00	2.34076e-02
6.00795e+00	2.32549e-02
6.03033e+00	2.31024e-02
6.05270e+00	2.29500e-02
6.07508e+00	2.27978e-02
6.09745e+00	2.26457e-02
6.11983e+00	2.24938e-02
6.14221e+00	2.23421e-02
6.16458e+00	2.21906e-02
6.18696e+00	2.20392e-02
6.20933e+00	2.18879e-02
6.23171e+00	2.17368e-02
6.25409e+00	2.15859e-02
6.27646e+00	2.14352e-02
6.29884e+00	2.12846e-02
6.32121e+00	2.11341e-02
6.34359e+00	2.09839e-02
6.36597e+00	2.08338e-02
6.38834e+00	2.06838e-02
6.41072e+00	2.05340e-02
6.43309e+00	2.03844e-02
6.45547e+00	2.02349e-02
6.47785e+00	2.00855e-02
6.50022e+00	1.99363e-02
6.52260e+00	1.97873e-02
6.54497e+00	1.96384e-02
6.56735e+00	1.94897e-02
6.58973e+00	1.93411e-02
6.61210e+00	1.91927e-02
6.63448e+00	1.90444e-02
6.65685e+00	1.88963e-02
6.67923e+00	1.87483e-02
6.70161e+00	1.86005e-02
6.72398e+00	1.84528e-02
6.74636e+00	1.83052e-02
6.76873e+00	1.81577e-02
6.79111e+00	1.80105e-02
6.81349e+00	1.78633e-02
6.83586e+00	1.77163e-02
6.85824e+00	1.75694e-02
6.88061e+00	1.74227e-02
6.90299e+00	1.72761e-02
6.92537e+00	1.71297e-02
6.94774e+00	1.69834e-02
6.97012e+00	1.68373e-02
6.99249e+00	1.66914e-02
7.01487e+00	1.65457e-02
7.03725e+00	1.64001e-02
7.05962e+00	1.62548e-02
7.08200e+00	1.61096e-02
7.10437e+00	1.59647e-02
7.12675e+00	1.58200e-02
7.14913e+00	1.56755e-02
7.17150e+00	1.55312e-02
7.19388e+00	1.53871e-02
7.21625e+00	1.52433e-02
7.23863e+00	1.50997e-02
7.26101e+00	1.49563e-02
7.28338e+00	1.48131e-02
7.30576e+00	1.46701e-02
7.32813e+00	1.45273e-02
7.35051e+00	1.43847e-02
7.37289e+00	1.42423e-02
7.39526e+00	1.41001e-02
7.41764e+00	1.39581e-02
7.44001e+00	1.38163e-02
7.46239e+00	1.36748e-02
7.48477e+00	1.35334e-02
7.50714e+00	1.33923e-02
7.52952e+00	1.32514e-02
7.55189e+00	1.31107e-02
7.57427e+00	1.29702e-02
7.59665e+00	1.28300e-02
7.61902e+00	1.26900e-02
7.64140e+00	1.25503e-02
7.66377e+00	1.24108e-02
7.68615e+00	1.22716e-02
7.70852e+00	1.21327e-02
7.73090e+00	1.19940e-02
7.75328e+00	1.18555e-02
7.77565e+00	1.17174e-02
7.79803e+00	1.15795e-02
7.82040e+00	1.14419e-02
7.84278e+00	1.13047e-02
7.86516e+00	1.11678e-02
7.88753e+00	1.10312e-02
7.90991e+00	1.08951e-02
7.93228e+00	1.07593e-02
7.95466e+00	1.06240e-02
7.97704e+00	1.04891e-02
7.99941e+00	1.03546e-02
8.02179e+00	1.02206e-02
8.04416e+00	1.00871e-02
8.06654e+00	9.95418e-03
8.08892e+00	9.82175e-03
8.11129e+00	9.68988e-03
8.13367e+00	9.55859e-03
8.15604e+00	9.42789e-03
8.17842e+00	9.29781e-03
8.20080e+00	9.16836e-03
8.22317e+00	9.03956e-03
8.24555e+00	8.91143e-03
8.26792e+00	8.78399e-03
8.29030e+00	8.65726e-03
8.31268e+00	8.53128e-03
8.33505e+00	8.40606e-03
8.35743e+00	8.28163e-03
8.37980e+00	8.15803e-03
8.40218e+00	8.03526e-03
8.42456e+00	7.91337e-03
8.44693e+00	7.79237e-03
8.46931e+00	7.67228e-03
8.49168e+00	7.55315e-03
8.51406e+00	7.43500e-03
8.53644e+00	7.31786e-03
8.55881e+00	7.20176e-03
8.58119e+00	7.08672e-03
8.60356e+00	6.97275e-03
8.62594e+00	6.85986e-03
8.64832e+00	6.74808e-03
8.67069e+00	6.63741e-03
8.69307e+00	6.52787e-03
8.71544e+00	6.41947e-03
8.73782e+00	6.31222e-03
8.76020e+00	6.20613e-03
8.78257e+00	6.10122e-03
8.80495e+00	5.99748e-03
8.82732e+00	5.89494e-03
8.84970e+00	5.79360e-03
8.87208e+00	5.69346e-03
8.89445e+00	5.59453e-03
8.91683e+00	5.49683e-03
8.93920e+00	5.40036e-03
8.96158e+00	5.30512e-03
8.98396e+00	5.21113e-03
9.00633e+00	5.11839e-03
9.02871e+00	5.02691e-03
9.05108e+00	4.93667e-03
9.07346e+00	4.84768e-03
9.09584e+00	4.75991e-03
9.11821e+00	4.67336e-03
9.14059e+00	4.58803e-03
9.16296e+00	4.50391e-03
9.18534e+00	4.42097e-03
9.20772e+00	4.33922e-03
9.23009e+00	4.25865e-03
9.25247e+00	4.17924e-03
9.27484e+00	4.10099e-03
9.29722e+00	4.02388e-03
9.31960e+00	3.94791e-03
9.34197e+00	3.87306e-03
9.36435e+00	3.79934e-03
9.38672e+00	3.72672e-03
9.40910e+00	3.65520e-03
9.43148e+00	3.58476e-03
9.45385e+00	3.51540e-03
9.47623e+00	3.44711e-03
9.49860e+00	3.37987e-03
9.52098e+00	3.31367e-03
9.54336e+00	3.24851e-03
9.56573e+00	3.18437e-03
9.58811e+00	3.12124e-03
9.61048e+00	3.05912e-03
9.63286e+00	2.99799e-03
9.65524e+00	2.93784e-03
9.67761e+00	2.87867e-03
9.69999e+00	2.82047e-03
9.72236e+00	2.76322e-03
9.74474e+00	2.70693e-03
9.76712e+00	2.65158e-03
9.78949e+00	2.59716e-03
9.81187e+00	2.54367e-03
9.83424e+00	2.49109e-03
9.85662e+00	2.43941e-03
9.87899e+00	2.38863e-03
9.90137e+00	2.33873e-03
9.92375e+00	2.28971e-03
9.94612e+00	2.24155e-03
9.96850e+00	2.19425e-03
9.99087e+00	2.14780e-03
1.00133e+01	2.10218e-03
1.00356e+01	2.05739e-03
1.00580e+01	2.01345e-03
1.00804e+01	1.97035e-03
1.01028e+01	1.92809e-03
1.01251e+01	1.88664e-03
1.01475e+01	1.84599e-03
1.01699e+01	1.80612e-03
1.01923e+01	1.76702e-03
1.02146e+01	1.72868e-03
1.02370e+01	1.69108e-03
1.02594e+01	1.65420e-03
1.02818e+01	1.61804e-03
1.03041e+01	1.58259e-03
1.03265e+01	1.54782e-03
1.03489e+01	1.51372e-03
1.03713e+01	1.48029e-03
1.03936e+01	1.44751e-03
1.04160e+01	1.41536e-03
1.04384e+01	1.38385e-03
1.04608e+01	1.35294e-03
1.04831e+01	1.32264e-03
1.05055e+01	1.29293e-03
1.05279e+01	1.26379e-03
1.05503e+01	1.23523e-03
1.05727e+01	1.20722e-03
1.05950e+01	1.17977e-03
1.06174e+01	1.15284e-03
1.06398e+01	1.12646e-03
1.06622e+01	1.10063e-03
1.06845e+01	1.07532e-03
1.07069e+01	1.05054e-03
1.07293e+01	1.02627e-03
1.07517e+01	1.00249e-03
1.07740e+01	9.79208e-04
1.07964e+01	9.56402e-04
1.08188e+01	9.34066e-04
1.08412e+01	9.12189e-04
1.08635e+01	8.90761e-04
1.08859e+01	8.69775e-04
1.09083e+01	8.49219e-04
1.09307e+01	8.29085e-04
1.09530e+01	8.09364e-04
1.09754e+01	7.90047e-04
1.09978e+01	7.71126e-04
1.10202e+01	7.52592e-04
1.10425e+01	7.34437e-04
1.10649e+01	7.16653e-04
1.10873e+01	6.99231e-04
1.11097e+01	6.82163e-04
1.11320e+01	6.65442e-04
1.11544e+01	6.49060e-04
1.11768e+01	6.33009e-04
1.11992e+01	6.17282e-04
1.12216e+01	6.01872e-04
1.12439e+01	5.86772e-04
1.12663e+01	5.71976e-04
1.12887e+01	5.57477e-04
1.13111e+01	5.43269e-04
1.13334e+01	5.29346e-04
1.13558e+01	5.15702e-04
1.13782e+01	5.02331e-04
1.14006e+01	4.89226e-04
1.14229e+01	4.76382e-04
1.14453e+01	4.63794e-04
1.14677e+01	4.51456e-04
1.14901e+01	4.39361e-04
1.15124e+01	4.27506e-04
1.15348e+01	4.15884e-04
1.15572e+01	4.04489e-04
1.15796e+01	3.93319e-04
1.16019e+01	3.82373e-04
1.16243e+01	3.71653e-04
1.16467e+01	3.61157e-04
1.16691e+01	3.50898e-04
1.16914e+01	3.40883e-04
1.17138e+01	3.31105e-04
1.17362e+01	3.21555e-04
1.17586e+01	3.12223e-04
1.17810e+01	3.03107e-04
1.18033e+01	2.94204e-04
1.18257e+01	2.85511e-04
1.18481e+01	2.77022e-04
1.18705e+01	2.68762e-04
1.18928e+01	2.60724e-04
1.19152e+01	2.52899e-04
1.19376e+01	2.45289e-04
1.19600e+01	2.37888e-04
1.19823e+01	2.30685e-04
1.20047e+01	2.23674e-04
1.20271e+01	2.16849e-04
1.20495e+01	2.10204e-04
1.20718e+01	2.03734e-04
1.20942e+01	1.97436e-04
1.21166e+01	1.91305e-04
1.21390e+01	1.85337e-04
1.21613e+01	1.79529e-04
1.21837e+01	1.73876e-04
1.22061e+01	1.68375e-04
1.22285e+01	1.63024e-04
1.22508e+01	1.57819e-04
1.22732e+01	1.52757e-04
1.22956e+01	1.47836e-04
1.23180e+01	1.43054e-04
1.23404e+01	1.38406e-04
1.23627e+01	1.33891e-04
1.23851e+01	1.29505e-04
1.24075e+01	1.25245e-04
1.24299e+01	1.21108e-04
1.24522e+01	1.17092e-04
1.24746e+01	1.13193e-04
1.24970e+01	1.09410e-04
1.25194e+01	1.05740e-04
1.25417e+01	1.02181e-04
1.25641e+01	9.87291e-05
1.25865e+01	9.53844e-05
1.26089e+01	9.21456e-05
1.26312e+01	8.90101e-05
1.26536e+01	8.59754e-05
1.26760e+01	8.30388e-05
1.26984e+01	8.01978e-05
1.27207e+01	7.74497e-05
1.27431e+01	7.47920e-05
1.27655e+01	7.22219e-05
1.27879e+01	6.97367e-05
1.28102e+01	6.73339e-05
1.28326e+01	6.50110e-05
1.28550e+01	6.27650e-05
1.28774e+01	6.05932e-05
1.28998e+01	5.84920e-05
1.29221e+01	5.64586e-05
1.29445e+01	5.44921e-05
1.29669e+01	5.25899e-05
1.29893e+01	5.07482e-05
1.30116e+01	4.89653e-05
1.30340e+01	4.72408e-05
1.30564e+01	4.55801e-05
1.30788e+01	4.39857e-05
1.31011e+01	4.24512e-05
1.31235e+01	4.09704e-05
1.31459e+01	3.95385e-05
1.31683e+01	3.81523e-05
1.31906e+01	3.68111e-05
1.32130e+01	3.55152e-05
1.32354e+01	3.42641e-05
1.32578e+01	3.30544e-05
1.32801e+01	3.18838e-05
1.33025e+01	3.07505e-05
1.33249e+01	2.96527e-05
1.33473e+01	2.85889e-05
1.33696e+01	2.75577e-05
1.33920e+01	2.65581e-05
1.34144e+01	2.55894e-05
1.34368e+01	2.46507e-05
1.34592e+01	2.37415e-05
1.34815e+01	2.28614e-05
1.35039e+01	2.20098e-05
1.35263e+01	2.11859e-05
1.35487e+01	2.03887e-05
1.35710e+01	1.96176e-05
1.35934e+01	1.88718e-05
1.36158e+01	1.81507e-05
1.36382e+01	1.74535e-05
1.36605e+01	1.67797e-05
1.36829e+01	1.61284e-05
1.37053e+01	1.54991e-05
1.37277e+01	1.48911e-05
1.37500e+01	1.43038e-05
1.37724e+01	1.37366e-05
1.37948e+01	1.31888e-05
1.38172e+01	1.26599e-05
1.38395e+01	1.21494e-05
1.38619e+01	1.16565e-05
1.38843e+01	1.11809e-05
1.39067e+01	1.07221e-05
1.39290e+01	1.02794e-05
1.39514e+01	9.85261e-06
1.39738e+01	9.44112e-06
1.39962e+01	9.04453e-06
1.40186e+01	8.66240e-06
1.40409e+01	8.29433e-06
1.40633e+01	7.93990e-06
1.40857e+01	7.59873e-06
1.41081e+01	7.27040e-06
1.41304e+01	6.95453e-06
1.41528e+01	6.65071e-06
1.41752e+01	6.35858e-06
1.41976e+01	6.07775e-06
1.42199e+01	5.80785e-06
1.42423e+01	5.54852e-06
1.42647e+01	5.29944e-06
1.42871e+01	5.06026e-06
1.43094e+01	4.83067e-06
1.43318e+01	4.61036e-06
1.43542e+01	4.39902e-06
1.43766e+01	4.19635e-06
1.43989e+01	4.00206e-06
1.44213e+01	3.81585e-06
1.44437e+01	3.63745e-06
1.44661e+01	3.46658e-06
1.44884e+01	3.30297e-06
1.45108e+01	3.14637e-06
1.45332e+01	2.99651e-06
1.45556e+01	2.85315e-06
1.45780e+01	2.71604e-06
1.46003e+01	2.58496e-06
1.46227e+01	2.45967e-06
1.46451e+01	2.33994e-06
1.46675e+01	2.22557e-06
1.46898e+01	2.11634e-06
1.47122e+01	2.01206e-06
1.47346e+01	1.91252e-06
1.47570e+01	1.81754e-06
1.47793e+01	1.72692e-06
1.48017e+01	1.64051e-06
1.48241e+01	1.55811e-06
1.48465e+01	1.47957e-06
1.48688e+01	1.40473e-06
1.48912e+01	1.33343e-06
1.49136e+01	1.26553e-06
1.49360e+01	1.20087e-06
1.49583e+01	1.13932e-06
1.49807e+01	1.08076e-06
1.50031e+01	1.02504e-06
1.50255e+01	9.72048e-07
1.50478e+01	9.21658e-07
1.50702e+01	8.73752e-07
1.50926e+01	8.28214e-07
1.51150e+01	7.84935e-07
1.51374e+01	7.43808e-07
1.51597e+01	7.04733e-07
1.51821e+01	6.67612e-07
1.52045e+01	6.32355e-07
1.52269e+01	5.98871e-07
1.52492e+01	5.67077e-07
1.52716e+01	5.36892e-07
1.52940e+01	5.08238e-07
1.53164e+01	4.81043e-07
1.53387e+01	4.55235e-07
1.53611e+01	4.30747e-07
1.53835e+01	4.07515e-07
1.54059e+01	3.85477e-07
1.54282e+01	3.64576e-07
1.54506e+01	3.44754e-07
1.54730e+01	3.25959e-07
1.54954e+01	3.08140e-07
1.55177e+01	2.91249e-07
1.55401e+01	2.75238e-07
1.55625e+01	2.60064e-07
1.55849e+01	2.45685e-07
1.56072e+01	2.32061e-07
1.56296e+01	2.19153e-07
1.56520e+01	2.06925e-07
1.56744e+01	1.95343e-07
1.56967e+01	1.84373e-07
1.57191e+01	1.73984e-07
1.57415e+01	1.64147e-07
1.57639e+01	1.54832e-07
1.57863e+01	1.46013e-07
1.58086e+01	1.37663e-07
1.58310e+01	1.29762e-07
1.58534e+01	1.22286e-07
1.58758e+01	1.15215e-07
1.58981e+01	1.08529e-07
1.59205e+01	1.02209e-07
1.59429e+01	9.62365e-08
1.59653e+01	9.05942e-08
1.59876e+01	8.52653e-08
1.60100e+01	8.02338e-08
1.60324e+01	7.54847e-08
1.60548e+01	7.10030e-08
1.60771e+01	6.67746e-08
1.60995e+01	6.27862e-08
1.61219e+01	5.90248e-08
1.61443e+01	5.54784e-08
1.61666e+01	5.21352e-08
1.61890e+01	4.89844e-08
1.62114e+01	4.60155e-08
1.62338e+01	4.32185e-08
1.62561e+01	4.05840e-08
1.62785e+01	3.81031e-08
1.63009e+01	3.57673e-08
1.63233e+01	3.35685e-08
1.63457e+01	3.14992e-08
1.63680e+01	2.95520e-08
1.63904e+01	2.77202e-08
1.64128e+01	2.59972e-08
1.64352e+01	2.43768e-08
1.64575e+01	2.28533e-08
1.64799e+01	2.14212e-08
1.65023e+01	2.00752e-08
1.65247e+01	1.88103e-08
1.65470e+01	1.76220e-08
1.65694e+01	1.65057e-08
1.65918e+01	1.54574e-08
1.66142e+01	1.44730e-08
1.66365e+01	1.35490e-08
1.66589e+01	1.26817e-08
1.66813e+01	1.18678e-08
1.67037e+01	1.11042e-08
1.67260e+01	1.03880e-08
1.67484e+01	9.71623e-09
1.67708e+01	9.08637e-09
1.67932e+01	8.49590e-09
1.68155e+01	7.94245e-09
1.68379e+01	7.42381e-09
1.68603e+01	6.93788e-09
1.68827e+01	6.48268e-09
1.69051e+01	6.05636e-09
1.69274e+01	5.65715e-09
1.69498e+01	5.28340e-09
1.69722e+01	4.93355e-09
1.69946e+01	4.60615e-09
1.70169e+01	4.29980e-09
1.70393e+01	4.01321e-09
1.70617e+01	3.74515e-09
1.70841e+01	3.49447e-09
1.71064e+01	3.26007e-09
1.71288e+01	3.04094e-09
1.71512e+01	2.83612e-09
1.71736e+01	2.64470e-09
1.71959e+01	2.46583e-09
1.72183e+01	2.29872e-09
1.72407e+01	2.14262e-09
1.72631e+01	1.99682e-09
1.72854e+01	1.86068e-09
1.73078e+01	1.73356e-09
1.73302e+01	1.61490e-09
1.73526e+01	1.50413e-09
1.73749e+01	1.40076e-09
1.73973e+01	1.30430e-09
1.74197e+01	1.21431e-09
1.74421e+01	1.13037e-09
1.74645e+01	1.05207e-09
1.74868e+01	9.79054e-10
1.75092e+01	9.10973e-10
1.75316e+01	8.47503e-10
1.75540e+01	7.88341e-10
1.75763e+01	7.33202e-10
1.75987e+01	6.81821e-10
1.76211e+01	6.33950e-10
1.76435e+01	5.89355e-10
1.76658e+01	5.47820e-10
1.76882e+01	5.09141e-10
1.77106e+01	4.73126e-10
1.77330e+01	4.39599e-10
1.77553e+01	4.08391e-10
1.77777e+01	3.79348e-10
1.78001e+01	3.52322e-10
1.78225e+01	3.27179e-10
1.78448e+01	3.03791e-10
1.78672e+01	2.82036e-10
1.78896e+01	2.61803e-10
1.79120e+01	2.42989e-10
1.79343e+01	2.25497e-10
1.79567e+01	2.09237e-10
1.79791e+01	1.94124e-10
1.80015e+01	1.80081e-10
1.80239e+01	1.67033e-10
1.80462e+01	1.54911e-10
1.80686e+01	1.43652e-10
1.80910e+01	1.33196e-10
1.81134e+01	1.23486e-10
1.81357e+01	1.14470e-10
1.81581e+01	1.06100e-10
1.81805e+01	9.83311e-11
1.82029e+01	9.11194e-11
1.82252e+01	8.44263e-11
1.82476e+01	7.82151e-11
1.82700e+01	7.24520e-11
1.82924e+01	6.71053e-11
1.83147e+01	6.21457e-11
1.83371e+01	5.75456e-11
1.83595e+01	5.32795e-11
1.83819e+01	4.93238e-11
1.84042e+01	4.56562e-11
1.84266e+01	4.22562e-11
1.84490e+01	3.91048e-11
1.84714e+01	3.61840e-11
1.84937e+01	3.34774e-11
1.85161e+01	3.09695e-11
1.85385e+01	2.86460e-11
1.85609e+01	2.64937e-11
1.85833e+01	2.45001e-11
1.86056e+01	2.26538e-11
1.86280e+01	2.09442e-11
1.86504e+01	1.93613e-11
1.86728e+01	1.78960e-11
1.86951e+01	1.65396e-11
1.87175e+01	1.52842e-11
1.87399e+01	1.41225e-11
1.87623e+01	1.30475e-11
1.87846e+01	1.20530e-11
1.88070e+01	1.11331e-11
1.88294e+01	1.02822e-11
1.88518e+01	9.49528e-12
1.88741e+01	8.76763e-12
1.88965e+01	8.09485e-12
1.89189e+01	7.47289e-12
1.89413e+01	6.89799e-12
1.89636e+01	6.36664e-12
1.89860e+01	5.87562e-12
1.90084e+01	5.42193e-12
1.90308e+01	5.00278e-12
1.90531e+01	4.61558e-12
1.90755e+01	4.25794e-12
1.90979e+01	3.92764e-12
1.91203e+01	3.62262e-12
1.91427e+01	3.34097e-12
1.91650e+01	3.08092e-12
1.91874e+01	2.84085e-12
1.92098e+01	2.61925e-12
1.92322e+01	2.41470e-12
1.92545e+01	2.22593e-12
1.92769e+01	2.05172e-12
1.92993e+01	1.89097e-12
1.93217e+01	1.74266e-12
1.93440e+01	1.60583e-12
1.93664e+01	1.47961e-12
1.93888e+01	1.36319e-12
1.94112e+01	1.25582e-12
1.94335e+01	1.15680e-12
1.94559e+01	1.06550e-12
1.94783e+01	9.81313e-13
1.95007e+01	9.03700e-13
1.95230e+01	8.32152e-13
1.95454e+01	7.66202e-13
1.95678e+01	7.05419e-13
1.95902e+01	6.49402e-13
1.96125e+01	5.97782e-13
1.96349e+01	5.50219e-13
1.96573e+01	5.06399e-13
1.96797e+01	4.66030e-13
1.97021e+01	4.28845e-13
1.97244e+01	3.94595e-13
1.97468e+01	3.63053e-13
1.97692e+01	3.34006e-13
1.97916e+01	3.07260e-13
1.98139e+01	2.82635e-13
1.98363e+01	2.59966e-13
1.98587e+01	2.39099e-13
1.98811e+01	2.19892e-13
1.99034e+01	2.02216e-13
1.99258e+01	1.85943e-13
1.99482e+01	1.70963e-13
1.99706e+01	1.57175e-13
1.99929e+01	1.44485e-13
2.00153e+01	1.32808e-13
2.00377e+01	1.22064e-13
2.00601e+01	1.12179e-13
2.00824e+01	1.03085e-13
2.01048e+01	9.47196e-14
2.01272e+01	8.70258e-14
2.01496e+01	7.99499e-14
2.01719e+01	7.34431e-14
2.01943e+01	6.74602e-14
2.02167e+01	6.19595e-14
2.02391e+01	5.69027e-14
2.02614e+01	5.22543e-14
2.02838e+01	4.79817e-14
2.03062e+01	4.40548e-14
2.03286e+01	4.04461e-14
2.03510e+01	3.71300e-14
2.03733e+01	3.40831e-14
2.03957e+01	3.12838e-14
2.04181e+01	2.87122e-14
2.04405e+01	2.63500e-14
2.04628e+01	2.41803e-14
2.04852e+01	2.21877e-14
2.05076e+01	2.03578e-14
2.05300e+01	1.86776e-14
2.05523e+01	1.71350e-14
2.05747e+01	1.57187e-14
2.05971e+01	1.44185e-14
2.06195e+01	1.32250e-14
2.06418e+01	1.21295e-14
2.06642e+01	1.11240e-14
2.06866e+01	1.02011e-14
2.07090e+01	9.35417e-15
2.07313e+01	8.57694e-15
2.07537e+01	7.86375e-15
2.07761e+01	7.20936e-15
2.07985e+01	6.60898e-15
2.08208e+01	6.05818e-15
2.08432e+01	5.55291e-15
2.08656e+01	5.08943e-15
2.08880e+01	4.66433e-15
2.09104e+01	4.27445e-15
2.09327e+01	3.91690e-15
2.09551e+01	3.58902e-15
2.09775e+01	3.28837e-15
2.09999e+01	3.01271e-15
2.10222e+01	2.75999e-15
2.10446e+01	2.52831e-15
2.10670e+01	2.31593e-15
2.10894e+01	2.12125e-15
2.11117e+01	1.94282e-15
2.11341e+01	1.77929e-15
2.11565e+01	1.62942e-15
2.11789e+01	1.49207e-15
2.12012e+01	1.36622e-15
2.12236e+01	1.25090e-15
2.12460e+01	1.14525e-15
2.12684e+01	1.04844e-15
2.12907e+01	9.59763e-16
2.13131e+01	8.78524e-16
2.13355e+01	8.04107e-16
2.13579e+01	7.35943e-16
2.13802e+01	6.73509e-16
2.14026e+01	6.16327e-16
2.14250e+01	5.63959e-16
2.14474e+01	5.16001e-16
2.14698e+01	4.72083e-16
2.14921e+01	4.31867e-16
2.15145e+01	3.95043e-16
2.15369e+01	3.61325e-16
2.15593e+01	3.30452e-16
2.15816e+01	3.02185e-16
2.16040e+01	2.76304e-16
2.16264e+01	2.52608e-16
2.16488e+01	2.30912e-16
2.16711e+01	2.11048e-16
2.16935e+01	1.92860e-16
2.17159e+01	1.76206e-16
2.17383e+01	1.60956e-16
2.17606e+01	1.46989e-16
2.17830e+01	1.34197e-16
2.18054e+01	1.22478e-16
2.18278e+01	1.11741e-16
2.18501e+01	1.01901e-16
2.18725e+01	9.28801e-17
2.18949e+01	8.46067e-17
2.19173e+01	7.70155e-17
2.19396e+01	7.00464e-17
2.19620e+01	6.36440e-17
2.19844e+01	5.77575e-17
2.20068e+01	5.23397e-17
2.20292e+01	4.73477e-17
2.20515e+01	4.27414e-17
2.20739e+01	3.84843e-17
2.20963e+01	3.45421e-17
2.21187e+01	3.08833e-17
2.21410e+01	2.74784e-17
2.21634e+01	2.43000e-17
2.21858e+01	2.13224e-17
2.22082e+01	1.85218e-17
2.22305e+01	1.58755e-17
2.22529e+01	1.33623e-17
2.22753e+01	1.09619e-17
2.22977e+01	8.65493e-18
2.23200e+01	6.42297e-18
2.23424e+01	4.24803e-18
2.23648e+01	2.11261e-18
