# The ell = 1 distribution, the first anisotropy.
# E_N [Td]	3.00000e+00
# col_1: Electron Energy [eV], col_2: f1 [eV^(-3/2)]
eV	f1
8.66733e-03	6.38924e-05
1.73347e-02	1.21234e-04
2.60020e-02	1.80542e-04
3.46693e-02	2.38107e-04
4.33366e-02	2.98996e-04
5.20040e-02	3.44175e-04
6.06713e-02	3.87948e-04
6.93386e-02	4.23463e-04
7.80059e-02	4.61152e-04
8.66733e-02	4.90085e-04
9.53406e-02	5.22822e-04
1.04008e-01	5.48776e-04
1.12675e-01	5.77537e-04
1.21343e-01	6.02127e-04
1.30010e-01	6.27629e-04
1.38677e-01	6.52309e-04
1.47345e-01	6.75839e-04
1.56012e-01	7.00024e-04
1.64679e-01	7.21678e-04
1.73347e-01	7.46111e-04
1.82014e-01	7.68511e-04
1.90681e-01	7.91806e-04
1.99348e-01	8.14558e-04
2.08016e-01	8.36812e-04
2.16683e-01	8.60272e-04
2.25350e-01	8.82458e-04
2.34018e-01	9.05599e-04
2.42685e-01	9.27956e-04
2.51352e-01	9.50313e-04
2.60020e-01	9.73167e-04
2.68687e-01	9.95552e-04
2.77354e-01	1.01804e-03
2.86022e-01	1.04031e-03
2.94689e-01	1.06098e-03
3.03356e-01	1.07926e-03
3.12024e-01	1.09466e-03
3.20691e-01	1.10718e-03
3.29358e-01	1.11750e-03
3.38026e-01	1.12717e-03
3.46693e-01	1.13713e-03
3.55360e-01	1.14640e-03
3.64028e-01	1.15535e-03
3.72695e-01	1.16464e-03
3.81362e-01	1.17384e-03
3.90030e-01	1.18340e-03
3.98697e-01	1.19300e-03
4.07364e-01	1.20295e-03
4.16032e-01	1.21279e-03
4.24699e-01	1.22377e-03
4.33366e-01	1.23553e-03
4.42034e-01	1.24819e-03
4.50701e-01	1.26136e-03
4.59368e-01	1.27497e-03
4.68036e-01	1.28951e-03
4.76703e-01	1.30533e-03
4.85370e-01	1.32218e-03
4.94038e-01	1.33989e-03
5.02705e-01	1.35820e-03
5.11372e-01	1.37697e-03
5.20040e-01	1.39783e-03
5.28707e-01	1.42167e-03
5.37374e-01	1.44794e-03
5.46042e-01	1.47598e-03
5.54709e-01	1.50535e-03
5.63376e-01	1.53648e-03
5.72044e-01	1.56963e-03
5.80711e-01	1.60753e-03
5.89378e-01	1.64863e-03
5.98045e-01	1.69198e-03
6.06713e-01	1.73666e-03
6.15380e-01	1.78397e-03
6.24047e-01	1.83099e-03
6.32715e-01	1.88355e-03
6.41382e-01	1.94062e-03
6.50049e-01	2.00092e-03
6.58717e-01	2.06364e-03
6.67384e-01	2.12814e-03
6.76051e-01	2.19386e-03
6.84719e-01	2.26872e-03
6.93386e-01	2.36370e-03
7.02053e-01	2.47537e-03
7.10721e-01	2.60040e-03
7.19388e-01	2.73551e-03
7.28055e-01	2.87950e-03
7.36723e-01	3.02938e-03
7.45390e-01	3.19558e-03
7.54057e-01	3.39179e-03
7.62725e-01	3.60995e-03
7.71392e-01	3.84484e-03
7.80059e-01	4.09159e-03
7.88727e-01	4.34601e-03
7.97394e-01	4.60459e-03
8.06061e-01	4.87015e-03
8.14729e-01	5.14550e-03
8.23396e-01	5.42752e-03
8.32063e-01	5.71370e-03
8.40731e-01	6.00178e-03
8.49398e-01	6.28991e-03
8.58065e-01	6.57639e-03
8.66733e-01	6.86749e-03
8.75400e-01	7.18240e-03
8.84067e-01	7.51692e-03
8.92735e-01	7.86712e-03
9.01402e-01	8.22969e-03
9.10069e-01	8.60125e-03
9.18737e-01	8.97887e-03
9.27404e-01	9.36007e-03
9.36071e-01	9.77082e-03
9.44739e-01	1.02190e-02
9.53406e-01	1.06974e-02
9.62073e-01	1.11998e-02
9.70741e-01	1.17201e-02
9.79408e-01	1.22515e-02
9.88075e-01	1.27923e-02
9.96742e-01	1.33317e-02
1.00541e+00	1.39306e-02
1.01408e+00	1.45869e-02
1.02274e+00	1.52873e-02
1.03141e+00	1.60188e-02
1.04008e+00	1.67710e-02
1.04875e+00	1.75344e-02
1.05741e+00	1.83018e-02
1.06608e+00	1.90644e-02
1.07475e+00	1.98568e-02
1.08342e+00	2.06884e-02
1.09208e+00	2.15473e-02
1.10075e+00	2.24231e-02
1.10942e+00	2.33075e-02
1.11809e+00	2.41935e-02
1.12675e+00	2.50752e-02
1.13542e+00	2.59477e-02
1.14409e+00	2.68061e-02
1.15275e+00	2.76876e-02
1.16142e+00	2.85884e-02
1.17009e+00	2.95041e-02
1.17876e+00	3.04296e-02
1.18742e+00	3.13611e-02
1.19609e+00	3.22951e-02
1.20476e+00	3.32239e-02
1.21343e+00	3.41490e-02
1.22209e+00	3.50876e-02
1.23076e+00	3.60861e-02
1.23943e+00	3.71348e-02
1.24809e+00	3.82220e-02
1.25676e+00	3.93368e-02
1.26543e+00	4.04684e-02
1.27410e+00	4.16065e-02
1.28276e+00	4.27416e-02
1.29143e+00	4.38644e-02
1.30010e+00	4.50167e-02
1.30877e+00	4.63041e-02
1.31743e+00	4.76955e-02
1.32610e+00	4.91621e-02
1.33477e+00	5.06782e-02
1.34344e+00	5.22208e-02
1.35210e+00	5.37698e-02
1.36077e+00	5.53082e-02
1.36944e+00	5.68205e-02
1.37810e+00	5.82921e-02
1.38677e+00	5.96990e-02
1.39544e+00	6.10464e-02
1.40411e+00	6.23365e-02
1.41277e+00	6.35713e-02
1.42144e+00	6.47525e-02
1.43011e+00	6.58820e-02
1.43878e+00	6.69594e-02
1.44744e+00	6.79859e-02
1.45611e+00	6.89633e-02
1.46478e+00	6.99226e-02
1.47345e+00	7.09277e-02
1.48211e+00	7.19730e-02
1.49078e+00	7.30504e-02
1.49945e+00	7.41541e-02
1.50811e+00	7.52743e-02
1.51678e+00	7.63987e-02
1.52545e+00	7.75226e-02
1.53412e+00	7.86230e-02
1.54278e+00	7.97172e-02
1.55145e+00	8.08702e-02
1.56012e+00	8.21976e-02
1.56879e+00	8.36651e-02
1.57745e+00	8.52353e-02
1.58612e+00	8.68699e-02
1.59479e+00	8.85289e-02
1.60346e+00	9.01842e-02
1.61212e+00	9.18123e-02
1.62079e+00	9.33891e-02
1.62946e+00	9.48997e-02
1.63812e+00	9.63284e-02
1.64679e+00	9.75748e-02
1.65546e+00	9.86431e-02
1.66413e+00	9.95399e-02
1.67279e+00	1.00235e-01
1.68146e+00	1.00736e-01
1.69013e+00	1.01060e-01
1.69880e+00	1.01217e-01
1.70746e+00	1.01222e-01
1.71613e+00	1.01082e-01
1.72480e+00	1.00790e-01
1.73347e+00	1.00320e-01
1.74213e+00	9.96542e-02
1.75080e+00	9.87847e-02
1.75947e+00	9.76703e-02
1.76813e+00	9.63421e-02
1.77680e+00	9.48289e-02
1.78547e+00	9.31578e-02
1.79414e+00	9.13263e-02
1.80280e+00	8.93199e-02
1.81147e+00	8.71680e-02
1.82014e+00	8.48960e-02
1.82881e+00	8.25387e-02
1.83747e+00	8.00624e-02
1.84614e+00	7.73789e-02
1.85481e+00	7.45310e-02
1.86348e+00	7.15287e-02
1.87214e+00	6.83739e-02
1.88081e+00	6.50310e-02
1.88948e+00	6.15508e-02
1.89814e+00	5.79836e-02
1.90681e+00	5.43766e-02
1.91548e+00	5.07712e-02
1.92415e+00	4.71978e-02
1.93281e+00	4.37411e-02
1.94148e+00	4.04043e-02
1.95015e+00	3.71991e-02
1.95882e+00	3.41768e-02
1.96748e+00	3.13330e-02
1.97615e+00	2.86629e-02
1.98482e+00	2.61600e-02
1.99348e+00	2.38174e-02
2.00215e+00	2.16280e-02
2.01082e+00	1.95797e-02
2.01949e+00	1.76916e-02
2.02815e+00	1.59832e-02
2.03682e+00	1.44427e-02
2.04549e+00	1.30647e-02
2.05416e+00	1.18315e-02
2.06282e+00	1.07277e-02
2.07149e+00	9.73708e-03
2.08016e+00	8.84868e-03
2.08883e+00	8.05264e-03
2.09749e+00	7.33887e-03
2.10616e+00	6.69886e-03
2.11483e+00	6.11480e-03
2.12349e+00	5.56722e-03
2.13216e+00	5.05725e-03
2.14083e+00	4.58246e-03
2.14950e+00	4.14157e-03
2.15816e+00	3.73760e-03
2.16683e+00	3.36889e-03
2.17550e+00	3.03270e-03
2.18417e+00	2.72650e-03
2.19283e+00	2.44790e-03
2.20150e+00	2.19457e-03
2.21017e+00	1.96560e-03
2.21884e+00	1.75938e-03
2.22750e+00	1.57429e-03
2.23617e+00	1.40842e-03
2.24484e+00	1.26042e-03
2.25350e+00	1.12857e-03
2.26217e+00	1.01090e-03
2.27084e+00	9.05842e-04
2.27951e+00	8.12094e-04
2.28817e+00	7.28588e-04
2.29684e+00	6.54166e-04
2.30551e+00	5.87413e-04
2.31418e+00	5.27238e-04
2.32284e+00	4.73298e-04
2.33151e+00	4.24862e-04
2.34018e+00	3.81249e-04
2.34885e+00	3.42046e-04
2.35751e+00	3.06889e-04
2.36618e+00	2.75194e-04
2.37485e+00	2.46698e-04
2.38351e+00	2.21070e-04
2.39218e+00	1.98023e-04
2.40085e+00	1.77559e-04
2.40952e+00	1.59502e-04
2.41818e+00	1.43681e-04
2.42685e+00	1.29416e-04
2.43552e+00	1.16470e-04
2.44419e+00	1.04716e-04
2.45285e+00	9.40468e-05
2.46152e+00	8.44381e-05
2.47019e+00	7.56837e-05
2.47886e+00	6.78029e-05
2.48752e+00	6.07111e-05
2.49619e+00	5.43803e-05
2.50486e+00	4.87477e-05
2.51352e+00	4.37129e-05
2.52219e+00	3.91845e-05
2.53086e+00	3.51202e-05
2.53953e+00	3.15131e-05
2.54819e+00	2.83083e-05
2.55686e+00	2.54507e-05
2.56553e+00	2.28960e-05
2.57420e+00	2.06117e-05
2.58286e+00	1.85531e-05
2.59153e+00	1.67380e-05
2.60020e+00	1.51206e-05
2.60887e+00	1.36564e-05
2.61753e+00	1.23338e-05
2.62620e+00	1.11396e-05
2.63487e+00	1.00557e-05
2.64353e+00	9.07270e-06
2.65220e+00	8.18831e-06
2.66087e+00	7.39246e-06
2.66954e+00	6.67611e-06
2.67820e+00	6.03118e-06
2.68687e+00	5.44729e-06
2.69554e+00	4.91981e-06
2.70421e+00	4.44381e-06
2.71287e+00	4.02283e-06
2.72154e+00	3.64676e-06
2.73021e+00	3.31535e-06
2.73888e+00	3.02177e-06
2.74754e+00	2.76199e-06
2.75621e+00	2.53140e-06
2.76488e+00	2.32393e-06
2.77354e+00	2.13437e-06
2.78221e+00	1.96057e-06
2.79088e+00	1.80201e-06
2.79955e+00	1.65763e-06
2.80821e+00	1.52613e-06
2.81688e+00	1.40583e-06
2.82555e+00	1.29441e-06
2.83422e+00	1.19094e-06
2.84288e+00	1.09459e-06
2.85155e+00	1.00555e-06
2.86022e+00	9.22585e-07
2.86888e+00	8.44834e-07
2.87755e+00	7.71837e-07
2.88622e+00	7.04627e-07
2.89489e+00	6.43779e-07
2.90355e+00	5.88765e-07
2.91222e+00	5.39001e-07
2.92089e+00	4.93962e-07
2.92956e+00	4.53191e-07
2.93822e+00	4.16327e-07
2.94689e+00	3.83002e-07
2.95556e+00	3.52795e-07
2.96423e+00	3.25523e-07
2.97289e+00	3.00941e-07
2.98156e+00	2.78880e-07
2.99023e+00	2.58967e-07
2.99889e+00	2.40813e-07
3.00756e+00	2.24267e-07
3.01623e+00	2.08934e-07
3.02490e+00	1.94654e-07
3.03356e+00	1.81349e-07
3.04223e+00	1.68949e-07
3.05090e+00	1.57376e-07
3.05957e+00	1.46593e-07
3.06823e+00	1.36556e-07
3.07690e+00	1.27210e-07
3.08557e+00	1.18496e-07
3.09424e+00	1.10377e-07
3.10290e+00	1.02875e-07
3.11157e+00	9.59616e-08
3.12024e+00	8.95853e-08
3.12890e+00	8.36986e-08
3.13757e+00	7.82848e-08
3.14624e+00	7.33044e-08
3.15491e+00	6.87162e-08
3.16357e+00	6.44534e-08
3.17224e+00	6.04749e-08
3.18091e+00	5.67537e-08
3.18958e+00	5.32721e-08
3.19824e+00	5.00141e-08
3.20691e+00	4.69648e-08
3.21558e+00	4.41048e-08
3.22425e+00	4.14295e-08
3.23291e+00	3.89231e-08
3.24158e+00	3.65707e-08
3.25025e+00	3.43610e-08
3.25891e+00	3.22826e-08
3.26758e+00	3.03336e-08
3.27625e+00	2.85124e-08
3.28492e+00	2.68121e-08
3.29358e+00	2.52261e-08
3.30225e+00	2.37488e-08
3.31092e+00	2.23728e-08
3.31959e+00	2.10948e-08
3.32825e+00	1.99087e-08
3.33692e+00	1.88029e-08
3.34559e+00	1.77707e-08
3.35426e+00	1.68070e-08
3.36292e+00	1.59078e-08
3.37159e+00	1.50686e-08
3.38026e+00	1.42838e-08
3.38892e+00	1.35490e-08
3.39759e+00	1.28611e-08
3.40626e+00	1.22168e-08
3.41493e+00	1.16128e-08
3.42359e+00	1.10429e-08
3.43226e+00	1.05022e-08
3.44093e+00	9.99158e-09
3.44960e+00	9.50930e-09
3.45826e+00	9.05378e-09
3.46693e+00	8.62349e-09
3.47560e+00	8.21713e-09
3.48427e+00	7.83351e-09
3.49293e+00	7.47148e-09
3.50160e+00	7.13082e-09
3.51027e+00	6.80891e-09
3.51893e+00	6.50428e-09
3.52760e+00	6.21601e-09
3.53627e+00	5.94320e-09
3.54494e+00	5.68451e-09
3.55360e+00	5.43902e-09
3.56227e+00	5.20526e-09
3.57094e+00	4.98204e-09
3.57961e+00	4.76882e-09
3.58827e+00	4.56487e-09
3.59694e+00	4.37002e-09
3.60561e+00	4.18413e-09
3.61427e+00	4.00702e-09
3.62294e+00	3.83799e-09
3.63161e+00	3.67664e-09
3.64028e+00	3.52260e-09
3.64894e+00	3.37552e-09
3.65761e+00	3.23505e-09
3.66628e+00	3.10096e-09
3.67495e+00	2.97306e-09
3.68361e+00	2.85102e-09
3.69228e+00	2.73458e-09
3.70095e+00	2.62344e-09
3.70962e+00	2.51725e-09
3.71828e+00	2.41618e-09
3.72695e+00	2.31983e-09
3.73562e+00	2.22826e-09
3.74428e+00	2.14108e-09
3.75295e+00	2.05822e-09
3.76162e+00	1.97943e-09
3.77029e+00	1.90450e-09
3.77895e+00	1.83339e-09
3.78762e+00	1.76594e-09
3.79629e+00	1.70199e-09
3.80496e+00	1.64132e-09
3.81362e+00	1.58378e-09
3.82229e+00	1.52924e-09
3.83096e+00	1.47755e-09
3.83963e+00	1.42859e-09
3.84829e+00	1.38220e-09
3.85696e+00	1.33821e-09
3.86563e+00	1.29641e-09
3.87429e+00	1.25622e-09
3.88296e+00	1.21759e-09
3.89163e+00	1.18034e-09
3.90030e+00	1.14462e-09
3.90896e+00	1.11024e-09
3.91763e+00	1.07716e-09
3.92630e+00	1.04534e-09
3.93497e+00	1.01471e-09
3.94363e+00	9.85233e-10
3.95230e+00	9.56891e-10
3.96097e+00	9.29646e-10
3.96964e+00	9.03485e-10
3.97830e+00	8.78233e-10
3.98697e+00	8.54078e-10
3.99564e+00	8.30744e-10
4.00430e+00	8.08239e-10
4.01297e+00	7.86524e-10
4.02164e+00	7.65572e-10
4.03031e+00	7.45275e-10
4.03897e+00	7.25549e-10
4.04764e+00	7.06358e-10
4.05631e+00	6.87696e-10
4.06498e+00	6.69541e-10
4.07364e+00	6.51895e-10
4.08231e+00	6.34729e-10
4.09098e+00	6.18031e-10
4.09965e+00	6.01788e-10
4.10831e+00	5.85985e-10
4.11698e+00	5.70612e-10
4.12565e+00	5.55656e-10
4.13431e+00	5.41098e-10
4.14298e+00	5.26929e-10
4.15165e+00	5.13136e-10
4.16032e+00	4.99710e-10
4.16898e+00	4.86639e-10
4.17765e+00	4.73916e-10
4.18632e+00	4.61530e-10
4.19499e+00	4.49470e-10
4.20365e+00	4.37725e-10
4.21232e+00	4.26286e-10
4.22099e+00	4.15145e-10
4.22966e+00	4.04292e-10
4.23832e+00	3.93722e-10
4.24699e+00	3.83426e-10
4.25566e+00	3.73397e-10
4.26432e+00	3.63619e-10
4.27299e+00	3.54084e-10
4.28166e+00	3.44783e-10
4.29033e+00	3.35710e-10
4.29899e+00	3.26858e-10
4.30766e+00	3.18223e-10
4.31633e+00	3.09798e-10
4.32500e+00	3.01577e-10
4.33366e+00	2.93556e-10
4.34233e+00	2.85728e-10
4.35100e+00	2.78090e-10
4.35966e+00	2.70635e-10
4.36833e+00	2.63363e-10
4.37700e+00	2.56269e-10
4.38567e+00	2.49348e-10
4.39433e+00	2.42596e-10
4.40300e+00	2.36009e-10
4.41167e+00	2.29588e-10
4.42034e+00	2.23330e-10
4.42900e+00	2.17213e-10
4.43767e+00	2.11273e-10
4.44634e+00	2.05471e-10
4.45501e+00	1.99817e-10
4.46367e+00	1.94304e-10
4.47234e+00	1.88928e-10
4.48101e+00	1.83686e-10
4.48967e+00	1.78573e-10
4.49834e+00	1.73586e-10
4.50701e+00	1.68720e-10
4.51568e+00	1.63972e-10
4.52434e+00	1.59338e-10
4.53301e+00	1.54821e-10
4.54168e+00	1.50427e-10
4.55035e+00	1.46163e-10
4.55901e+00	1.42025e-10
4.56768e+00	1.38010e-10
4.57635e+00	1.34114e-10
4.58502e+00	1.30332e-10
4.59368e+00	1.26663e-10
4.60235e+00	1.23101e-10
4.61102e+00	1.19644e-10
4.61968e+00	1.16288e-10
4.62835e+00	1.13029e-10
4.63702e+00	1.09874e-10
4.64569e+00	1.06820e-10
4.65435e+00	1.03866e-10
4.66302e+00	1.01007e-10
4.67169e+00	9.82403e-11
4.68036e+00	9.55638e-11
4.68902e+00	9.29744e-11
4.69769e+00	9.04694e-11
4.70636e+00	8.80462e-11
4.71503e+00	8.57023e-11
4.72369e+00	8.34356e-11
4.73236e+00	8.12435e-11
4.74103e+00	7.91237e-11
4.74969e+00	7.70743e-11
4.75836e+00	7.50931e-11
4.76703e+00	7.31781e-11
4.77570e+00	7.13273e-11
4.78436e+00	6.95389e-11
4.79303e+00	6.78111e-11
4.80170e+00	6.61423e-11
4.81037e+00	6.45305e-11
4.81903e+00	6.29737e-11
4.82770e+00	6.14727e-11
4.83637e+00	6.00290e-11
4.84504e+00	5.86424e-11
4.85370e+00	5.73112e-11
4.86237e+00	5.60339e-11
4.87104e+00	5.48090e-11
4.87970e+00	5.36347e-11
4.88837e+00	5.25096e-11
4.89704e+00	5.14325e-11
4.90571e+00	5.04022e-11
4.91437e+00	4.94166e-11
4.92304e+00	4.84685e-11
4.93171e+00	4.75540e-11
4.94038e+00	4.66707e-11
4.94904e+00	4.58181e-11
4.95771e+00	4.49933e-11
4.96638e+00	4.41952e-11
4.97505e+00	4.34234e-11
4.98371e+00	4.26770e-11
4.99238e+00	4.19550e-11
5.00105e+00	4.12568e-11
5.00971e+00	4.05823e-11
5.01838e+00	3.99261e-11
5.02705e+00	3.92918e-11
5.03572e+00	3.86768e-11
5.04438e+00	3.80786e-11
5.05305e+00	3.74973e-11
5.06172e+00	3.69327e-11
5.07039e+00	3.63841e-11
5.07905e+00	3.58513e-11
5.08772e+00	3.53338e-11
5.09639e+00	3.48313e-11
5.10506e+00	3.43428e-11
5.11372e+00	3.38672e-11
5.12239e+00	3.33984e-11
5.13106e+00	3.29362e-11
5.13972e+00	3.24804e-11
5.14839e+00	3.20308e-11
5.15706e+00	3.15873e-11
5.16573e+00	3.11498e-11
5.17439e+00	3.07184e-11
5.18306e+00	3.02928e-11
5.19173e+00	2.98730e-11
5.20040e+00	2.94590e-11
5.20906e+00	2.90506e-11
5.21773e+00	2.86478e-11
5.22640e+00	2.82505e-11
5.23506e+00	2.78587e-11
5.24373e+00	2.74722e-11
5.25240e+00	2.70910e-11
5.26107e+00	2.67150e-11
5.26973e+00	2.63441e-11
5.27840e+00	2.59784e-11
5.28707e+00	2.56176e-11
5.29574e+00	2.52618e-11
5.30440e+00	2.49109e-11
5.31307e+00	2.45648e-11
5.32174e+00	2.42235e-11
5.33041e+00	2.38868e-11
5.33907e+00	2.35547e-11
5.34774e+00	2.32273e-11
5.35641e+00	2.29043e-11
5.36507e+00	2.25858e-11
5.37374e+00	2.22717e-11
5.38241e+00	2.19618e-11
5.39108e+00	2.16563e-11
5.39974e+00	2.13549e-11
5.40841e+00	2.10577e-11
5.41708e+00	2.07646e-11
5.42575e+00	2.04756e-11
5.43441e+00	2.01905e-11
5.44308e+00	1.99093e-11
5.45175e+00	1.96321e-11
5.46042e+00	1.93586e-11
5.46908e+00	1.90889e-11
5.47775e+00	1.88230e-11
5.48642e+00	1.85607e-11
5.49508e+00	1.83020e-11
5.50375e+00	1.80469e-11
5.51242e+00	1.77954e-11
5.52109e+00	1.75473e-11
5.52975e+00	1.73026e-11
5.53842e+00	1.70614e-11
5.54709e+00	1.68234e-11
5.55576e+00	1.65888e-11
5.56442e+00	1.63574e-11
5.57309e+00	1.61292e-11
5.58176e+00	1.59042e-11
5.59043e+00	1.56823e-11
5.59909e+00	1.54635e-11
5.60776e+00	1.52477e-11
5.61643e+00	1.50349e-11
5.62509e+00	1.48251e-11
5.63376e+00	1.46182e-11
5.64243e+00	1.44141e-11
5.65110e+00	1.42129e-11
5.65976e+00	1.40144e-11
5.66843e+00	1.38187e-11
5.67710e+00	1.36258e-11
5.68577e+00	1.34355e-11
5.69443e+00	1.32479e-11
5.70310e+00	1.30629e-11
5.71177e+00	1.28804e-11
5.72044e+00	1.27005e-11
5.72910e+00	1.25231e-11
5.73777e+00	1.23482e-11
5.74644e+00	1.21757e-11
5.75510e+00	1.20056e-11
5.76377e+00	1.18378e-11
5.77244e+00	1.16725e-11
5.78111e+00	1.15094e-11
5.78977e+00	1.13486e-11
5.79844e+00	1.11900e-11
5.80711e+00	1.10337e-11
5.81578e+00	1.08795e-11
5.82444e+00	1.07275e-11
5.83311e+00	1.05777e-11
5.84178e+00	1.04299e-11
5.85045e+00	1.02841e-11
5.85911e+00	1.01405e-11
5.86778e+00	9.99878e-12
5.87645e+00	9.85909e-12
5.88511e+00	9.72135e-12
5.89378e+00	9.58553e-12
5.90245e+00	9.45161e-12
5.91112e+00	9.31960e-12
5.91978e+00	9.18939e-12
5.92845e+00	9.06101e-12
5.93712e+00	8.93443e-12
5.94579e+00	8.80964e-12
5.95445e+00	8.68659e-12
5.96312e+00	8.56527e-12
5.97179e+00	8.44565e-12
5.98045e+00	8.32771e-12
5.98912e+00	8.21143e-12
5.99779e+00	8.09678e-12
6.00646e+00	7.98374e-12
6.01512e+00	7.87229e-12
6.02379e+00	7.76225e-12
6.03246e+00	7.65436e-12
6.04113e+00	7.54720e-12
6.04979e+00	7.44170e-12
6.05846e+00	7.33775e-12
6.06713e+00	7.23526e-12
6.07580e+00	7.13422e-12
6.08446e+00	7.03460e-12
6.09313e+00	6.93639e-12
6.10180e+00	6.83956e-12
6.11046e+00	6.74409e-12
6.11913e+00	6.64998e-12
6.12780e+00	6.55719e-12
6.13647e+00	6.46570e-12
6.14513e+00	6.37551e-12
6.15380e+00	6.28659e-12
6.16247e+00	6.19893e-12
6.17114e+00	6.11251e-12
6.17980e+00	6.02730e-12
6.18847e+00	5.94330e-12
6.19714e+00	5.86049e-12
6.20581e+00	5.77885e-12
6.21447e+00	5.69836e-12
6.22314e+00	5.61900e-12
6.23181e+00	5.54077e-12
6.24047e+00	5.46364e-12
6.24914e+00	5.38761e-12
6.25781e+00	5.31265e-12
6.26648e+00	5.23874e-12
6.27514e+00	5.16588e-12
6.28381e+00	5.09406e-12
6.29248e+00	5.02324e-12
6.30115e+00	4.95343e-12
6.30981e+00	4.88460e-12
6.31848e+00	4.81675e-12
6.32715e+00	4.74985e-12
6.33582e+00	4.68390e-12
6.34448e+00	4.61889e-12
6.35315e+00	4.55479e-12
6.36182e+00	4.49160e-12
6.37048e+00	4.42930e-12
6.37915e+00	4.36789e-12
6.38782e+00	4.30734e-12
6.39649e+00	4.24765e-12
6.40515e+00	4.18881e-12
6.41382e+00	4.13080e-12
6.42249e+00	4.07361e-12
6.43116e+00	4.01723e-12
6.43982e+00	3.96165e-12
6.44849e+00	3.90685e-12
6.45716e+00	3.85284e-12
6.46583e+00	3.79959e-12
6.47449e+00	3.74710e-12
6.48316e+00	3.69535e-12
6.49183e+00	3.64434e-12
6.50049e+00	3.59404e-12
6.50916e+00	3.54447e-12
6.51783e+00	3.49559e-12
6.52650e+00	3.44742e-12
6.53516e+00	3.39991e-12
6.54383e+00	3.35309e-12
6.55250e+00	3.30694e-12
6.56117e+00	3.26144e-12
6.56983e+00	3.21659e-12
6.57850e+00	3.17237e-12
6.58717e+00	3.12878e-12
6.59584e+00	3.08581e-12
6.60450e+00	3.04345e-12
6.61317e+00	3.00169e-12
6.62184e+00	2.96052e-12
6.63050e+00	2.91994e-12
6.63917e+00	2.87993e-12
6.64784e+00	2.84049e-12
6.65651e+00	2.80163e-12
6.66517e+00	2.76328e-12
6.67384e+00	2.72550e-12
6.68251e+00	2.68828e-12
6.69118e+00	2.65158e-12
6.69984e+00	2.61540e-12
6.70851e+00	2.57974e-12
6.71718e+00	2.54458e-12
6.72584e+00	2.50993e-12
6.73451e+00	2.47574e-12
6.74318e+00	2.44199e-12
6.75185e+00	2.40867e-12
6.76051e+00	2.37578e-12
6.76918e+00	2.34331e-12
6.77785e+00	2.31126e-12
6.78652e+00	2.27962e-12
6.79518e+00	2.24839e-12
6.80385e+00	2.21757e-12
6.81252e+00	2.18714e-12
6.82119e+00	2.15710e-12
6.82985e+00	2.12745e-12
6.83852e+00	2.09819e-12
6.84719e+00	2.06931e-12
6.85585e+00	2.04080e-12
6.86452e+00	2.01267e-12
6.87319e+00	1.98490e-12
6.88186e+00	1.95749e-12
6.89052e+00	1.93044e-12
6.89919e+00	1.90375e-12
6.90786e+00	1.87740e-12
6.91653e+00	1.85140e-12
6.92519e+00	1.82569e-12
6.93386e+00	1.80047e-12
6.94253e+00	1.77555e-12
6.95120e+00	1.75063e-12
6.95986e+00	1.72625e-12
6.96853e+00	1.70217e-12
6.97720e+00	1.67841e-12
6.98586e+00	1.65498e-12
6.99453e+00	1.63187e-12
7.00320e+00	1.60906e-12
7.01187e+00	1.58658e-12
7.02053e+00	1.56441e-12
7.02920e+00	1.54256e-12
7.03787e+00	1.52101e-12
7.04654e+00	1.49976e-12
7.05520e+00	1.47881e-12
7.06387e+00	1.45812e-12
7.07254e+00	1.43784e-12
7.08121e+00	1.41778e-12
7.08987e+00	1.39784e-12
7.09854e+00	1.37829e-12
7.10721e+00	1.35901e-12
7.11587e+00	1.34000e-12
7.12454e+00	1.32126e-12
7.13321e+00	1.30279e-12
7.14188e+00	1.28458e-12
7.15054e+00	1.26662e-12
7.15921e+00	1.24893e-12
7.16788e+00	1.23148e-12
7.17655e+00	1.21428e-12
7.18521e+00	1.19733e-12
7.19388e+00	1.18062e-12
7.20255e+00	1.16414e-12
7.21122e+00	1.14790e-12
7.21988e+00	1.13190e-12
7.22855e+00	1.11612e-12
7.23722e+00	1.10057e-12
7.24588e+00	1.08527e-12
7.25455e+00	1.07019e-12
7.26322e+00	1.05533e-12
7.27189e+00	1.04070e-12
7.28055e+00	1.02629e-12
7.28922e+00	1.01210e-12
7.29789e+00	9.98117e-13
7.30656e+00	9.84343e-13
7.31522e+00	9.70775e-13
7.32389e+00	9.57408e-13
7.33256e+00	9.44241e-13
7.34123e+00	9.31270e-13
7.34989e+00	9.18492e-13
7.35856e+00	9.05901e-13
7.36723e+00	8.93482e-13
7.37589e+00	8.81181e-13
7.38456e+00	8.68999e-13
7.39323e+00	8.56935e-13
7.40190e+00	8.44990e-13
7.41056e+00	8.33164e-13
7.41923e+00	8.21458e-13
7.42790e+00	8.09871e-13
7.43657e+00	7.98403e-13
7.44523e+00	7.87054e-13
7.45390e+00	7.75824e-13
7.46257e+00	7.64713e-13
7.47123e+00	7.53720e-13
7.47990e+00	7.42847e-13
7.48857e+00	7.32095e-13
7.49724e+00	7.21464e-13
7.50590e+00	7.10952e-13
7.51457e+00	7.00562e-13
7.52324e+00	6.90290e-13
7.53191e+00	6.80131e-13
7.54057e+00	6.70084e-13
7.54924e+00	6.60149e-13
7.55791e+00	6.50325e-13
7.56658e+00	6.40610e-13
7.57524e+00	6.31005e-13
7.58391e+00	6.21510e-13
7.59258e+00	6.12123e-13
7.60124e+00	6.02846e-13
7.60991e+00	5.93675e-13
7.61858e+00	5.84612e-13
7.62725e+00	5.75655e-13
7.63591e+00	5.66804e-13
7.64458e+00	5.58059e-13
7.65325e+00	5.49420e-13
7.66192e+00	5.40887e-13
7.67058e+00	5.32458e-13
7.67925e+00	5.24135e-13
7.68792e+00	5.15915e-13
7.69659e+00	5.07800e-13
7.70525e+00	4.99788e-13
7.71392e+00	4.91879e-13
7.72259e+00	4.84073e-13
7.73125e+00	4.76369e-13
7.73992e+00	4.68766e-13
7.74859e+00	4.61263e-13
7.75726e+00	4.53827e-13
7.76592e+00	4.46456e-13
7.77459e+00	4.39150e-13
7.78326e+00	4.31905e-13
7.79193e+00	4.24722e-13
7.80059e+00	4.17590e-13
7.80926e+00	4.10507e-13
7.81793e+00	4.03475e-13
7.82660e+00	3.96497e-13
7.83526e+00	3.89565e-13
7.84393e+00	3.82683e-13
7.85260e+00	3.75853e-13
7.86126e+00	3.69076e-13
7.86993e+00	3.62355e-13
7.87860e+00	3.55691e-13
7.88727e+00	3.49085e-13
7.89593e+00	3.42541e-13
7.90460e+00	3.36059e-13
7.91327e+00	3.29641e-13
7.92194e+00	3.23290e-13
7.93060e+00	3.17007e-13
7.93927e+00	3.10793e-13
7.94794e+00	3.04650e-13
7.95661e+00	2.98579e-13
7.96527e+00	2.92581e-13
7.97394e+00	2.86658e-13
7.98261e+00	2.80807e-13
7.99127e+00	2.75029e-13
7.99994e+00	2.69324e-13
8.00861e+00	2.63693e-13
8.01728e+00	2.58137e-13
8.02594e+00	2.52654e-13
8.03461e+00	2.47241e-13
8.04328e+00	2.41901e-13
8.05195e+00	2.36634e-13
8.06061e+00	2.31440e-13
8.06928e+00	2.26321e-13
8.07795e+00	2.21276e-13
8.08662e+00	2.16308e-13
8.09528e+00	2.11416e-13
8.10395e+00	2.06602e-13
8.11262e+00	2.01862e-13
8.12128e+00	1.97204e-13
8.12995e+00	1.92625e-13
8.13862e+00	1.88124e-13
8.14729e+00	1.83701e-13
8.15595e+00	1.79358e-13
8.16462e+00	1.75093e-13
8.17329e+00	1.70907e-13
8.18196e+00	1.66800e-13
8.19062e+00	1.62772e-13
8.19929e+00	1.58822e-13
8.20796e+00	1.54950e-13
8.21663e+00	1.51156e-13
8.22529e+00	1.47436e-13
8.23396e+00	1.43784e-13
8.24263e+00	1.40200e-13
8.25129e+00	1.36684e-13
8.25996e+00	1.33238e-13
8.26863e+00	1.29860e-13
8.27730e+00	1.26551e-13
8.28596e+00	1.23311e-13
8.29463e+00	1.20139e-13
8.30330e+00	1.17032e-13
8.31197e+00	1.13991e-13
8.32063e+00	1.11015e-13
8.32930e+00	1.08104e-13
8.33797e+00	1.05258e-13
8.34663e+00	1.02475e-13
8.35530e+00	9.97562e-14
8.36397e+00	9.71014e-14
8.37264e+00	9.45104e-14
8.38130e+00	9.19830e-14
8.38997e+00	8.95191e-14
8.39864e+00	8.71209e-14
8.40731e+00	8.47880e-14
8.41597e+00	8.25200e-14
8.42464e+00	8.03166e-14
8.43331e+00	7.81773e-14
8.44198e+00	7.61015e-14
8.45064e+00	7.40887e-14
8.45931e+00	7.21363e-14
8.46798e+00	7.02392e-14
8.47664e+00	6.83976e-14
8.48531e+00	6.66116e-14
8.49398e+00	6.48821e-14
8.50265e+00	6.32119e-14
8.51131e+00	6.16010e-14
8.51998e+00	6.00489e-14
8.52865e+00	5.85553e-14
8.53732e+00	5.71200e-14
8.54598e+00	5.57429e-14
8.55465e+00	5.44241e-14
8.56332e+00	5.31632e-14
8.57199e+00	5.19595e-14
8.58065e+00	5.08121e-14
8.58932e+00	4.97206e-14
8.59799e+00	4.86842e-14
8.60665e+00	4.77024e-14
8.61532e+00	4.67746e-14
8.62399e+00	4.59004e-14
8.63266e+00	4.50796e-14
8.64132e+00	4.43129e-14
8.64999e+00	4.35998e-14
8.65866e+00	4.29915e-14
8.66733e+00	4.21060e-14
