# The ell = 1 distribution, the first anisotropy.
# E_N [Td]	7.50000e+01
# col_1: Electron Energy [eV], col_2: f1 [eV^(-3/2)]
eV	f1
3.80260e-02	1.29700e-03
7.60520e-02	2.01877e-03
1.14078e-01	2.30936e-03
1.52104e-01	2.52386e-03
1.90130e-01	2.69568e-03
2.28156e-01	2.82846e-03
2.66182e-01	2.96165e-03
3.04208e-01	3.16698e-03
3.42234e-01	3.32361e-03
3.80260e-01	3.46858e-03
4.18286e-01	3.63319e-03
4.56312e-01	3.81696e-03
4.94338e-01	4.01787e-03
5.32364e-01	4.23561e-03
5.70390e-01	4.48122e-03
6.08416e-01	4.75966e-03
6.46442e-01	5.06828e-03
6.84468e-01	5.42564e-03
7.22494e-01	5.83973e-03
7.60520e-01	6.30632e-03
7.98546e-01	6.77814e-03
8.36572e-01	7.25578e-03
8.74598e-01	7.73839e-03
9.12624e-01	8.25480e-03
9.50650e-01	8.81774e-03
9.88676e-01	9.42812e-03
1.02670e+00	1.00904e-02
1.06473e+00	1.07596e-02
1.10275e+00	1.14107e-02
1.14078e+00	1.20246e-02
1.17881e+00	1.26025e-02
1.21683e+00	1.31667e-02
1.25486e+00	1.37227e-02
1.29288e+00	1.42834e-02
1.33091e+00	1.48215e-02
1.36894e+00	1.53963e-02
1.40696e+00	1.59639e-02
1.44499e+00	1.64758e-02
1.48301e+00	1.70075e-02
1.52104e+00	1.75185e-02
1.55907e+00	1.80562e-02
1.59709e+00	1.86588e-02
1.63512e+00	1.93115e-02
1.67314e+00	1.99380e-02
1.71117e+00	2.05787e-02
1.74920e+00	2.11135e-02
1.78722e+00	2.15168e-02
1.82525e+00	2.18046e-02
1.86327e+00	2.20866e-02
1.90130e+00	2.22211e-02
1.93933e+00	2.21472e-02
1.97735e+00	2.19009e-02
2.01538e+00	2.15213e-02
2.05340e+00	2.10050e-02
2.09143e+00	2.04909e-02
2.12946e+00	1.99609e-02
2.16748e+00	1.93988e-02
2.20551e+00	1.88231e-02
2.24353e+00	1.82457e-02
2.28156e+00	1.76682e-02
2.31959e+00	1.71112e-02
2.35761e+00	1.65554e-02
2.39564e+00	1.59864e-02
2.43366e+00	1.54546e-02
2.47169e+00	1.48693e-02
2.50972e+00	1.42933e-02
2.54774e+00	1.37570e-02
2.58577e+00	1.32889e-02
2.62379e+00	1.28509e-02
2.66182e+00	1.24070e-02
2.69985e+00	1.19730e-02
2.73787e+00	1.15801e-02
2.77590e+00	1.12634e-02
2.81393e+00	1.09568e-02
2.85195e+00	1.06465e-02
2.88998e+00	1.03093e-02
2.92800e+00	1.00004e-02
2.96603e+00	9.73653e-03
3.00406e+00	9.52012e-03
3.04208e+00	9.31874e-03
3.08011e+00	9.11707e-03
3.11813e+00	8.92014e-03
3.15616e+00	8.74425e-03
3.19419e+00	8.58197e-03
3.23221e+00	8.42580e-03
3.27024e+00	8.27553e-03
3.30826e+00	8.13633e-03
3.34629e+00	8.01331e-03
3.38432e+00	7.90349e-03
3.42234e+00	7.80480e-03
3.46037e+00	7.71119e-03
3.49839e+00	7.62295e-03
3.53642e+00	7.54019e-03
3.57445e+00	7.46118e-03
3.61247e+00	7.38515e-03
3.65050e+00	7.31249e-03
3.68852e+00	7.24317e-03
3.72655e+00	7.17739e-03
3.76458e+00	7.11669e-03
3.80260e+00	7.06125e-03
3.84063e+00	7.01108e-03
3.87865e+00	6.96575e-03
3.91668e+00	6.92223e-03
3.95471e+00	6.88036e-03
3.99273e+00	6.84027e-03
4.03076e+00	6.80142e-03
4.06878e+00	6.76278e-03
4.10681e+00	6.72406e-03
4.14484e+00	6.68524e-03
4.18286e+00	6.64626e-03
4.22089e+00	6.60712e-03
4.25891e+00	6.56775e-03
4.29694e+00	6.52797e-03
4.33497e+00	6.48777e-03
4.37299e+00	6.44717e-03
4.41102e+00	6.40622e-03
4.44904e+00	6.36511e-03
4.48707e+00	6.32394e-03
4.52510e+00	6.28275e-03
4.56312e+00	6.24177e-03
4.60115e+00	6.20143e-03
4.63917e+00	6.16189e-03
4.67720e+00	6.12346e-03
4.71523e+00	6.08613e-03
4.75325e+00	6.04989e-03
4.79128e+00	6.01473e-03
4.82930e+00	5.98068e-03
4.86733e+00	5.94805e-03
4.90536e+00	5.91681e-03
4.94338e+00	5.88680e-03
4.98141e+00	5.85759e-03
5.01943e+00	5.82910e-03
5.05746e+00	5.80119e-03
5.09549e+00	5.77375e-03
5.13351e+00	5.74671e-03
5.17154e+00	5.71969e-03
5.20956e+00	5.69269e-03
5.24759e+00	5.66574e-03
5.28562e+00	5.63882e-03
5.32364e+00	5.61194e-03
5.36167e+00	5.58512e-03
5.39969e+00	5.55834e-03
5.43772e+00	5.53163e-03
5.47575e+00	5.50497e-03
5.51377e+00	5.47839e-03
5.55180e+00	5.45187e-03
5.58982e+00	5.42542e-03
5.62785e+00	5.39905e-03
5.66588e+00	5.37275e-03
5.70390e+00	5.34655e-03
5.74193e+00	5.32043e-03
5.77995e+00	5.29440e-03
5.81798e+00	5.26848e-03
5.85601e+00	5.24265e-03
5.89403e+00	5.21693e-03
5.93206e+00	5.19131e-03
5.97008e+00	5.16579e-03
6.00811e+00	5.14040e-03
6.04614e+00	5.11511e-03
6.08416e+00	5.08993e-03
6.12219e+00	5.06488e-03
6.16021e+00	5.03995e-03
6.19824e+00	5.01514e-03
6.23627e+00	4.99045e-03
6.27429e+00	4.96589e-03
6.31232e+00	4.94145e-03
6.35034e+00	4.91714e-03
6.38837e+00	4.89297e-03
6.42640e+00	4.86892e-03
6.46442e+00	4.84501e-03
6.50245e+00	4.82123e-03
6.54047e+00	4.79760e-03
6.57850e+00	4.77410e-03
6.61653e+00	4.75074e-03
6.65455e+00	4.72752e-03
6.69258e+00	4.70444e-03
6.73060e+00	4.68151e-03
6.76863e+00	4.65870e-03
6.80666e+00	4.63602e-03
6.84468e+00	4.61346e-03
6.88271e+00	4.59101e-03
6.92073e+00	4.56870e-03
6.95876e+00	4.54648e-03
6.99679e+00	4.52440e-03
7.03481e+00	4.50245e-03
7.07284e+00	4.48064e-03
7.11086e+00	4.45896e-03
7.14889e+00	4.43742e-03
7.18692e+00	4.41602e-03
7.22494e+00	4.39477e-03
7.26297e+00	4.37368e-03
7.30099e+00	4.35275e-03
7.33902e+00	4.33199e-03
7.37705e+00	4.31139e-03
7.41507e+00	4.29086e-03
7.45310e+00	4.27040e-03
7.49112e+00	4.25001e-03
7.52915e+00	4.22969e-03
7.56718e+00	4.20944e-03
7.60520e+00	4.18924e-03
7.64323e+00	4.16911e-03
7.68125e+00	4.14903e-03
7.71928e+00	4.12902e-03
7.75731e+00	4.10906e-03
7.79533e+00	4.08907e-03
7.83336e+00	4.06895e-03
7.87138e+00	4.04866e-03
7.90941e+00	4.02820e-03
7.94744e+00	4.00756e-03
7.98546e+00	3.98676e-03
8.02349e+00	3.96577e-03
8.06151e+00	3.94458e-03
8.09954e+00	3.92317e-03
8.13757e+00	3.90156e-03
8.17559e+00	3.87974e-03
8.21362e+00	3.85773e-03
8.25165e+00	3.83548e-03
8.28967e+00	3.81292e-03
8.32770e+00	3.79004e-03
8.36572e+00	3.76679e-03
8.40375e+00	3.74318e-03
8.44178e+00	3.71921e-03
8.47980e+00	3.69484e-03
8.51783e+00	3.66991e-03
8.55585e+00	3.64459e-03
8.59388e+00	3.61899e-03
8.63191e+00	3.59314e-03
8.66993e+00	3.56705e-03
8.70796e+00	3.54072e-03
8.74598e+00	3.51418e-03
8.78401e+00	3.48742e-03
8.82204e+00	3.46045e-03
8.86006e+00	3.43328e-03
8.89809e+00	3.40593e-03
8.93611e+00	3.37839e-03
8.97414e+00	3.35068e-03
9.01217e+00	3.32284e-03
9.05019e+00	3.29500e-03
9.08822e+00	3.26725e-03
9.12624e+00	3.23960e-03
9.16427e+00	3.21204e-03
9.20230e+00	3.18459e-03
9.24032e+00	3.15724e-03
9.27835e+00	3.13000e-03
9.31637e+00	3.10286e-03
9.35440e+00	3.07584e-03
9.39243e+00	3.04893e-03
9.43045e+00	3.02214e-03
9.46848e+00	2.99547e-03
9.50650e+00	2.96892e-03
9.54453e+00	2.94250e-03
9.58256e+00	2.91621e-03
9.62058e+00	2.89003e-03
9.65861e+00	2.86395e-03
9.69663e+00	2.83796e-03
9.73466e+00	2.81206e-03
9.77269e+00	2.78625e-03
9.81071e+00	2.76053e-03
9.84874e+00	2.73491e-03
9.88676e+00	2.70938e-03
9.92479e+00	2.68396e-03
9.96282e+00	2.65863e-03
1.00008e+01	2.63347e-03
1.00389e+01	2.60843e-03
1.00769e+01	2.58364e-03
1.01149e+01	2.55910e-03
1.01529e+01	2.53483e-03
1.01910e+01	2.51082e-03
1.02290e+01	2.48705e-03
1.02670e+01	2.46353e-03
1.03050e+01	2.44025e-03
1.03431e+01	2.41721e-03
1.03811e+01	2.39442e-03
1.04191e+01	2.37186e-03
1.04572e+01	2.34954e-03
1.04952e+01	2.32745e-03
1.05332e+01	2.30559e-03
1.05712e+01	2.28397e-03
1.06093e+01	2.26257e-03
1.06473e+01	2.24134e-03
1.06853e+01	2.22035e-03
1.07233e+01	2.19958e-03
1.07614e+01	2.17903e-03
1.07994e+01	2.15870e-03
1.08374e+01	2.13859e-03
1.08754e+01	2.11869e-03
1.09135e+01	2.09901e-03
1.09515e+01	2.07954e-03
1.09895e+01	2.06029e-03
1.10275e+01	2.04126e-03
1.10656e+01	2.02243e-03
1.11036e+01	2.00383e-03
1.11416e+01	1.98544e-03
1.11796e+01	1.96727e-03
1.12177e+01	1.94930e-03
1.12557e+01	1.93150e-03
1.12937e+01	1.91387e-03
1.13318e+01	1.89641e-03
1.13698e+01	1.87912e-03
1.14078e+01	1.86201e-03
1.14458e+01	1.84506e-03
1.14839e+01	1.82828e-03
1.15219e+01	1.81168e-03
1.15599e+01	1.79524e-03
1.15979e+01	1.77849e-03
1.16360e+01	1.76125e-03
1.16740e+01	1.74271e-03
1.17120e+01	1.72426e-03
1.17500e+01	1.70641e-03
1.17881e+01	1.68844e-03
1.18261e+01	1.67040e-03
1.18641e+01	1.65030e-03
1.19021e+01	1.63106e-03
1.19402e+01	1.61138e-03
1.19782e+01	1.59237e-03
1.20162e+01	1.57377e-03
1.20542e+01	1.55540e-03
1.20923e+01	1.53720e-03
1.21303e+01	1.51914e-03
1.21683e+01	1.50115e-03
1.22064e+01	1.48325e-03
1.22444e+01	1.46535e-03
1.22824e+01	1.44742e-03
1.23204e+01	1.42947e-03
1.23585e+01	1.41160e-03
1.23965e+01	1.39380e-03
1.24345e+01	1.37605e-03
1.24725e+01	1.35832e-03
1.25106e+01	1.34060e-03
1.25486e+01	1.32291e-03
1.25866e+01	1.30517e-03
1.26246e+01	1.28748e-03
1.26627e+01	1.26987e-03
1.27007e+01	1.25237e-03
1.27387e+01	1.23502e-03
1.27767e+01	1.21788e-03
1.28148e+01	1.20093e-03
1.28528e+01	1.18430e-03
1.28908e+01	1.16817e-03
1.29288e+01	1.15221e-03
1.29669e+01	1.13669e-03
1.30049e+01	1.12143e-03
1.30429e+01	1.10460e-03
1.30809e+01	1.08739e-03
1.31190e+01	1.07216e-03
1.31570e+01	1.05810e-03
1.31950e+01	1.04367e-03
1.32331e+01	1.02929e-03
1.32711e+01	1.01575e-03
1.33091e+01	1.00271e-03
1.33471e+01	9.90022e-04
1.33852e+01	9.77520e-04
1.34232e+01	9.65025e-04
1.34612e+01	9.52428e-04
1.34992e+01	9.39726e-04
1.35373e+01	9.27173e-04
1.35753e+01	9.14660e-04
1.36133e+01	9.02190e-04
1.36513e+01	8.89781e-04
1.36894e+01	8.77436e-04
1.37274e+01	8.65155e-04
1.37654e+01	8.52943e-04
1.38034e+01	8.40802e-04
1.38415e+01	8.28722e-04
1.38795e+01	8.16700e-04
1.39175e+01	8.04699e-04
1.39555e+01	7.92706e-04
1.39936e+01	7.80732e-04
1.40316e+01	7.68765e-04
1.40696e+01	7.56827e-04
1.41077e+01	7.44921e-04
1.41457e+01	7.33050e-04
1.41837e+01	7.21219e-04
1.42217e+01	7.09435e-04
1.42598e+01	6.97679e-04
1.42978e+01	6.85948e-04
1.43358e+01	6.74248e-04
1.43738e+01	6.62587e-04
1.44119e+01	6.50973e-04
1.44499e+01	6.39410e-04
1.44879e+01	6.27907e-04
1.45259e+01	6.16473e-04
1.45640e+01	6.05113e-04
1.46020e+01	5.93833e-04
1.46400e+01	5.82640e-04
1.46780e+01	5.71536e-04
1.47161e+01	5.60528e-04
1.47541e+01	5.49618e-04
1.47921e+01	5.38811e-04
1.48301e+01	5.28109e-04
1.48682e+01	5.17515e-04
1.49062e+01	5.07034e-04
1.49442e+01	4.96667e-04
1.49822e+01	4.86418e-04
1.50203e+01	4.76298e-04
1.50583e+01	4.66330e-04
1.50963e+01	4.56521e-04
1.51344e+01	4.46872e-04
1.51724e+01	4.37381e-04
1.52104e+01	4.28048e-04
1.52484e+01	4.18872e-04
1.52865e+01	4.09853e-04
1.53245e+01	4.00989e-04
1.53625e+01	3.92280e-04
1.54005e+01	3.83724e-04
1.54386e+01	3.75320e-04
1.54766e+01	3.67068e-04
1.55146e+01	3.58967e-04
1.55526e+01	3.51014e-04
1.55907e+01	3.43210e-04
1.56287e+01	3.35550e-04
1.56667e+01	3.28034e-04
1.57047e+01	3.20660e-04
1.57428e+01	3.13427e-04
1.57808e+01	3.06332e-04
1.58188e+01	2.99329e-04
1.58568e+01	2.92420e-04
1.58949e+01	2.85607e-04
1.59329e+01	2.78891e-04
1.59709e+01	2.72273e-04
1.60090e+01	2.65757e-04
1.60470e+01	2.59351e-04
1.60850e+01	2.53057e-04
1.61230e+01	2.46877e-04
1.61611e+01	2.40811e-04
1.61991e+01	2.34857e-04
1.62371e+01	2.29016e-04
1.62751e+01	2.23286e-04
1.63132e+01	2.17667e-04
1.63512e+01	2.12157e-04
1.63892e+01	2.06757e-04
1.64272e+01	2.01466e-04
1.64653e+01	1.96281e-04
1.65033e+01	1.91202e-04
1.65413e+01	1.86228e-04
1.65793e+01	1.81354e-04
1.66174e+01	1.76583e-04
1.66554e+01	1.71911e-04
1.66934e+01	1.67338e-04
1.67314e+01	1.62862e-04
1.67695e+01	1.58483e-04
1.68075e+01	1.54200e-04
1.68455e+01	1.50010e-04
1.68836e+01	1.45914e-04
1.69216e+01	1.41910e-04
1.69596e+01	1.37995e-04
1.69976e+01	1.34171e-04
1.70357e+01	1.30435e-04
1.70737e+01	1.26787e-04
1.71117e+01	1.23227e-04
1.71497e+01	1.19753e-04
1.71878e+01	1.16363e-04
1.72258e+01	1.13056e-04
1.72638e+01	1.09830e-04
1.73018e+01	1.06685e-04
1.73399e+01	1.03618e-04
1.73779e+01	1.00628e-04
1.74159e+01	9.77132e-05
1.74539e+01	9.48726e-05
1.74920e+01	9.21042e-05
1.75300e+01	8.94065e-05
1.75680e+01	8.67777e-05
1.76060e+01	8.42163e-05
1.76441e+01	8.17208e-05
1.76821e+01	7.92898e-05
1.77201e+01	7.69220e-05
1.77581e+01	7.46162e-05
1.77962e+01	7.23711e-05
1.78342e+01	7.01852e-05
1.78722e+01	6.80575e-05
1.79103e+01	6.59867e-05
1.79483e+01	6.39716e-05
1.79863e+01	6.20111e-05
1.80243e+01	6.01044e-05
1.80624e+01	5.82509e-05
1.81004e+01	5.64494e-05
1.81384e+01	5.46987e-05
1.81764e+01	5.29978e-05
1.82145e+01	5.13452e-05
1.82525e+01	4.97396e-05
1.82905e+01	4.81799e-05
1.83285e+01	4.66651e-05
1.83666e+01	4.51940e-05
1.84046e+01	4.37654e-05
1.84426e+01	4.23784e-05
1.84806e+01	4.10318e-05
1.85187e+01	3.97246e-05
1.85567e+01	3.84556e-05
1.85947e+01	3.72239e-05
1.86327e+01	3.60285e-05
1.86708e+01	3.48683e-05
1.87088e+01	3.37425e-05
1.87468e+01	3.26502e-05
1.87849e+01	3.15905e-05
1.88229e+01	3.05624e-05
1.88609e+01	2.95653e-05
1.88989e+01	2.85982e-05
1.89370e+01	2.76604e-05
1.89750e+01	2.67510e-05
1.90130e+01	2.58694e-05
1.90510e+01	2.50151e-05
1.90891e+01	2.41873e-05
1.91271e+01	2.33853e-05
1.91651e+01	2.26085e-05
1.92031e+01	2.18560e-05
1.92412e+01	2.11272e-05
1.92792e+01	2.04213e-05
1.93172e+01	1.97377e-05
1.93552e+01	1.90758e-05
1.93933e+01	1.84348e-05
1.94313e+01	1.78141e-05
1.94693e+01	1.72133e-05
1.95073e+01	1.66316e-05
1.95454e+01	1.60685e-05
1.95834e+01	1.55234e-05
1.96214e+01	1.49959e-05
1.96594e+01	1.44853e-05
1.96975e+01	1.39911e-05
1.97355e+01	1.35129e-05
1.97735e+01	1.30501e-05
1.98116e+01	1.26023e-05
1.98496e+01	1.21691e-05
1.98876e+01	1.17499e-05
1.99256e+01	1.13444e-05
1.99637e+01	1.09521e-05
2.00017e+01	1.05726e-05
2.00397e+01	1.02056e-05
2.00777e+01	9.85062e-06
2.01158e+01	9.50742e-06
2.01538e+01	9.17560e-06
2.01918e+01	8.85480e-06
2.02298e+01	8.54472e-06
2.02679e+01	8.24503e-06
2.03059e+01	7.95540e-06
2.03439e+01	7.67549e-06
2.03819e+01	7.40500e-06
2.04200e+01	7.14362e-06
2.04580e+01	6.89106e-06
2.04960e+01	6.64704e-06
2.05340e+01	6.41136e-06
2.05721e+01	6.18376e-06
2.06101e+01	5.96396e-06
2.06481e+01	5.75173e-06
2.06862e+01	5.54682e-06
2.07242e+01	5.34897e-06
2.07622e+01	5.15796e-06
2.08002e+01	4.97356e-06
2.08383e+01	4.79554e-06
2.08763e+01	4.62370e-06
2.09143e+01	4.45782e-06
2.09523e+01	4.29771e-06
2.09904e+01	4.14318e-06
2.10284e+01	3.99405e-06
2.10664e+01	3.85014e-06
2.11044e+01	3.71129e-06
2.11425e+01	3.57731e-06
2.11805e+01	3.44805e-06
2.12185e+01	3.32334e-06
2.12565e+01	3.20303e-06
2.12946e+01	3.08697e-06
2.13326e+01	2.97502e-06
2.13706e+01	2.86703e-06
2.14086e+01	2.76286e-06
2.14467e+01	2.66238e-06
2.14847e+01	2.56547e-06
2.15227e+01	2.47200e-06
2.15607e+01	2.38184e-06
2.15988e+01	2.29488e-06
2.16368e+01	2.21102e-06
2.16748e+01	2.13013e-06
2.17129e+01	2.05213e-06
2.17509e+01	1.97690e-06
2.17889e+01	1.90436e-06
2.18269e+01	1.83440e-06
2.18650e+01	1.76694e-06
2.19030e+01	1.70190e-06
2.19410e+01	1.63918e-06
2.19790e+01	1.57873e-06
2.20171e+01	1.52046e-06
2.20551e+01	1.46429e-06
2.20931e+01	1.41017e-06
2.21311e+01	1.35802e-06
2.21692e+01	1.30779e-06
2.22072e+01	1.25939e-06
2.22452e+01	1.21276e-06
2.22832e+01	1.16785e-06
2.23213e+01	1.12458e-06
2.23593e+01	1.08289e-06
2.23973e+01	1.04274e-06
2.24353e+01	1.00406e-06
2.24734e+01	9.66798e-07
2.25114e+01	9.30904e-07
2.25494e+01	8.96327e-07
2.25875e+01	8.63020e-07
2.26255e+01	8.30933e-07
2.26635e+01	8.00023e-07
2.27015e+01	7.70247e-07
2.27396e+01	7.41564e-07
2.27776e+01	7.13935e-07
2.28156e+01	6.87321e-07
2.28536e+01	6.61686e-07
2.28917e+01	6.36995e-07
2.29297e+01	6.13213e-07
2.29677e+01	5.90307e-07
2.30057e+01	5.68245e-07
2.30438e+01	5.47001e-07
2.30818e+01	5.26544e-07
2.31198e+01	5.06845e-07
2.31578e+01	4.87876e-07
2.31959e+01	4.69612e-07
2.32339e+01	4.52026e-07
2.32719e+01	4.35094e-07
2.33099e+01	4.18791e-07
2.33480e+01	4.03094e-07
2.33860e+01	3.87981e-07
2.34240e+01	3.73431e-07
2.34621e+01	3.59421e-07
2.35001e+01	3.45934e-07
2.35381e+01	3.32949e-07
2.35761e+01	3.20448e-07
2.36142e+01	3.08413e-07
2.36522e+01	2.96827e-07
2.36902e+01	2.85673e-07
2.37282e+01	2.74936e-07
2.37663e+01	2.64600e-07
2.38043e+01	2.54649e-07
2.38423e+01	2.45070e-07
2.38803e+01	2.35849e-07
2.39184e+01	2.26973e-07
2.39564e+01	2.18428e-07
2.39944e+01	2.10203e-07
2.40324e+01	2.02286e-07
2.40705e+01	1.94664e-07
2.41085e+01	1.87328e-07
2.41465e+01	1.80266e-07
2.41845e+01	1.73468e-07
2.42226e+01	1.66925e-07
2.42606e+01	1.60626e-07
2.42986e+01	1.54563e-07
2.43366e+01	1.48727e-07
2.43747e+01	1.43110e-07
2.44127e+01	1.37703e-07
2.44507e+01	1.32499e-07
2.44888e+01	1.27490e-07
2.45268e+01	1.22669e-07
2.45648e+01	1.18029e-07
2.46028e+01	1.13562e-07
2.46409e+01	1.09264e-07
2.46789e+01	1.05126e-07
2.47169e+01	1.01144e-07
2.47549e+01	9.73108e-08
2.47930e+01	9.36218e-08
2.48310e+01	9.00714e-08
2.48690e+01	8.66542e-08
2.49070e+01	8.33655e-08
2.49451e+01	8.02006e-08
2.49831e+01	7.71549e-08
2.50211e+01	7.42239e-08
2.50591e+01	7.14033e-08
2.50972e+01	6.86893e-08
2.51352e+01	6.60779e-08
2.51732e+01	6.35656e-08
2.52112e+01	6.11482e-08
2.52493e+01	5.88224e-08
2.52873e+01	5.65847e-08
2.53253e+01	5.44318e-08
2.53634e+01	5.23604e-08
2.54014e+01	5.03675e-08
2.54394e+01	4.84501e-08
2.54774e+01	4.66051e-08
2.55155e+01	4.48299e-08
2.55535e+01	4.31217e-08
2.55915e+01	4.14782e-08
2.56295e+01	3.98967e-08
2.56676e+01	3.83750e-08
2.57056e+01	3.69106e-08
2.57436e+01	3.55016e-08
2.57816e+01	3.41458e-08
2.58197e+01	3.28412e-08
2.58577e+01	3.15859e-08
2.58957e+01	3.03780e-08
2.59337e+01	2.92159e-08
2.59718e+01	2.80977e-08
2.60098e+01	2.70218e-08
2.60478e+01	2.59871e-08
2.60858e+01	2.49917e-08
2.61239e+01	2.40344e-08
2.61619e+01	2.31136e-08
2.61999e+01	2.22279e-08
2.62379e+01	2.13761e-08
2.62760e+01	2.05568e-08
2.63140e+01	1.97688e-08
2.63520e+01	1.90109e-08
2.63901e+01	1.82820e-08
2.64281e+01	1.75809e-08
2.64661e+01	1.69067e-08
2.65041e+01	1.62582e-08
2.65422e+01	1.56345e-08
2.65802e+01	1.50347e-08
2.66182e+01	1.44578e-08
2.66562e+01	1.39030e-08
2.66943e+01	1.33694e-08
2.67323e+01	1.28563e-08
2.67703e+01	1.23628e-08
2.68083e+01	1.18882e-08
2.68464e+01	1.14318e-08
2.68844e+01	1.09928e-08
2.69224e+01	1.05707e-08
2.69604e+01	1.01647e-08
2.69985e+01	9.77430e-09
2.70365e+01	9.39885e-09
2.70745e+01	9.03779e-09
2.71125e+01	8.69057e-09
2.71506e+01	8.35665e-09
2.71886e+01	8.03554e-09
2.72266e+01	7.72674e-09
2.72647e+01	7.42978e-09
2.73027e+01	7.14422e-09
2.73407e+01	6.86961e-09
2.73787e+01	6.60554e-09
2.74168e+01	6.35160e-09
2.74548e+01	6.10741e-09
2.74928e+01	5.87259e-09
2.75308e+01	5.64678e-09
2.75689e+01	5.42964e-09
2.76069e+01	5.22084e-09
2.76449e+01	5.02005e-09
2.76829e+01	4.82698e-09
2.77210e+01	4.64132e-09
2.77590e+01	4.46279e-09
2.77970e+01	4.29113e-09
2.78350e+01	4.12606e-09
2.78731e+01	3.96733e-09
2.79111e+01	3.81470e-09
2.79491e+01	3.66793e-09
2.79871e+01	3.52680e-09
2.80252e+01	3.39109e-09
2.80632e+01	3.26060e-09
2.81012e+01	3.13512e-09
2.81393e+01	3.01446e-09
2.81773e+01	2.89843e-09
2.82153e+01	2.78686e-09
2.82533e+01	2.67957e-09
2.82914e+01	2.57641e-09
2.83294e+01	2.47721e-09
2.83674e+01	2.38182e-09
2.84054e+01	2.29009e-09
2.84435e+01	2.20189e-09
2.84815e+01	2.11709e-09
2.85195e+01	2.03554e-09
2.85575e+01	1.95712e-09
2.85956e+01	1.88172e-09
2.86336e+01	1.80923e-09
2.86716e+01	1.73951e-09
2.87096e+01	1.67248e-09
2.87477e+01	1.60803e-09
2.87857e+01	1.54606e-09
2.88237e+01	1.48647e-09
2.88617e+01	1.42918e-09
2.88998e+01	1.37408e-09
2.89378e+01	1.32111e-09
2.89758e+01	1.27018e-09
2.90138e+01	1.22121e-09
2.90519e+01	1.17412e-09
2.90899e+01	1.12885e-09
2.91279e+01	1.08531e-09
2.91660e+01	1.04346e-09
2.92040e+01	1.00321e-09
2.92420e+01	9.64516e-10
2.92800e+01	9.27310e-10
2.93181e+01	8.91536e-10
2.93561e+01	8.57138e-10
2.93941e+01	8.24065e-10
2.94321e+01	7.92265e-10
2.94702e+01	7.61689e-10
2.95082e+01	7.32290e-10
2.95462e+01	7.04022e-10
2.95842e+01	6.76843e-10
2.96223e+01	6.50709e-10
2.96603e+01	6.25582e-10
2.96983e+01	6.01422e-10
2.97363e+01	5.78192e-10
2.97744e+01	5.55856e-10
2.98124e+01	5.34380e-10
2.98504e+01	5.13731e-10
2.98884e+01	4.93877e-10
2.99265e+01	4.74789e-10
2.99645e+01	4.56435e-10
3.00025e+01	4.38788e-10
3.00406e+01	4.21821e-10
3.00786e+01	4.05507e-10
3.01166e+01	3.89823e-10
3.01546e+01	3.74745e-10
3.01927e+01	3.60249e-10
3.02307e+01	3.46313e-10
3.02687e+01	3.32915e-10
3.03067e+01	3.20034e-10
3.03448e+01	3.07651e-10
3.03828e+01	2.95746e-10
3.04208e+01	2.84301e-10
3.04588e+01	2.73298e-10
3.04969e+01	2.62720e-10
3.05349e+01	2.52550e-10
3.05729e+01	2.42774e-10
3.06109e+01	2.33375e-10
3.06490e+01	2.24340e-10
3.06870e+01	2.15653e-10
3.07250e+01	2.07302e-10
3.07630e+01	1.99274e-10
3.08011e+01	1.91556e-10
3.08391e+01	1.84137e-10
3.08771e+01	1.77004e-10
3.09151e+01	1.70147e-10
3.09532e+01	1.63555e-10
3.09912e+01	1.57218e-10
3.10292e+01	1.51127e-10
3.10673e+01	1.45270e-10
3.11053e+01	1.39640e-10
3.11433e+01	1.34228e-10
3.11813e+01	1.29026e-10
3.12194e+01	1.24025e-10
3.12574e+01	1.19217e-10
3.12954e+01	1.14595e-10
3.13334e+01	1.10152e-10
3.13715e+01	1.05881e-10
3.14095e+01	1.01775e-10
3.14475e+01	9.78279e-11
3.14855e+01	9.40338e-11
3.15236e+01	9.03865e-11
3.15616e+01	8.68805e-11
3.15996e+01	8.35103e-11
3.16376e+01	8.02705e-11
3.16757e+01	7.71562e-11
3.17137e+01	7.41626e-11
3.17517e+01	7.12849e-11
3.17897e+01	6.85187e-11
3.18278e+01	6.58596e-11
3.18658e+01	6.33036e-11
3.19038e+01	6.08466e-11
3.19419e+01	5.84848e-11
3.19799e+01	5.62146e-11
3.20179e+01	5.40323e-11
3.20559e+01	5.19345e-11
3.20940e+01	4.99182e-11
3.21320e+01	4.79801e-11
3.21700e+01	4.61172e-11
3.22080e+01	4.43266e-11
3.22461e+01	4.26055e-11
3.22841e+01	4.09512e-11
3.23221e+01	3.93611e-11
3.23601e+01	3.78327e-11
3.23982e+01	3.63636e-11
3.24362e+01	3.49516e-11
3.24742e+01	3.35943e-11
3.25122e+01	3.22898e-11
3.25503e+01	3.10358e-11
3.25883e+01	2.98306e-11
3.26263e+01	2.86721e-11
3.26643e+01	2.75586e-11
3.27024e+01	2.64884e-11
3.27404e+01	2.54597e-11
3.27784e+01	2.44709e-11
3.28165e+01	2.35206e-11
3.28545e+01	2.26071e-11
3.28925e+01	2.17291e-11
3.29305e+01	2.08852e-11
3.29686e+01	2.00741e-11
3.30066e+01	1.92945e-11
3.30446e+01	1.85451e-11
3.30826e+01	1.78249e-11
3.31207e+01	1.71326e-11
3.31587e+01	1.64672e-11
3.31967e+01	1.58276e-11
3.32347e+01	1.52129e-11
3.32728e+01	1.46221e-11
3.33108e+01	1.40542e-11
3.33488e+01	1.35084e-11
3.33868e+01	1.29837e-11
3.34249e+01	1.24795e-11
3.34629e+01	1.19948e-11
3.35009e+01	1.15290e-11
3.35389e+01	1.10812e-11
3.35770e+01	1.06509e-11
3.36150e+01	1.02372e-11
3.36530e+01	9.83968e-12
3.36910e+01	9.45756e-12
3.37291e+01	9.09028e-12
3.37671e+01	8.73728e-12
3.38051e+01	8.39798e-12
3.38432e+01	8.07187e-12
3.38812e+01	7.75843e-12
3.39192e+01	7.45716e-12
3.39572e+01	7.16761e-12
3.39953e+01	6.88932e-12
3.40333e+01	6.62188e-12
3.40713e+01	6.36484e-12
3.41093e+01	6.11781e-12
3.41474e+01	5.88040e-12
3.41854e+01	5.65224e-12
3.42234e+01	5.43295e-12
3.42614e+01	5.22220e-12
3.42995e+01	5.01966e-12
3.43375e+01	4.82500e-12
3.43755e+01	4.63792e-12
3.44135e+01	4.45813e-12
3.44516e+01	4.28533e-12
3.44896e+01	4.11927e-12
3.45276e+01	3.95967e-12
3.45656e+01	3.80628e-12
3.46037e+01	3.65887e-12
3.46417e+01	3.51720e-12
3.46797e+01	3.38104e-12
3.47178e+01	3.25020e-12
3.47558e+01	3.12445e-12
3.47938e+01	3.00360e-12
3.48318e+01	2.88746e-12
3.48699e+01	2.77584e-12
3.49079e+01	2.66858e-12
3.49459e+01	2.56550e-12
3.49839e+01	2.46643e-12
3.50220e+01	2.37122e-12
3.50600e+01	2.27973e-12
3.50980e+01	2.19180e-12
3.51360e+01	2.10730e-12
3.51741e+01	2.02610e-12
3.52121e+01	1.94807e-12
3.52501e+01	1.87308e-12
3.52881e+01	1.80102e-12
3.53262e+01	1.73177e-12
3.53642e+01	1.66523e-12
3.54022e+01	1.60129e-12
3.54402e+01	1.53985e-12
3.54783e+01	1.48082e-12
3.55163e+01	1.42410e-12
3.55543e+01	1.36960e-12
3.55923e+01	1.31724e-12
3.56304e+01	1.26694e-12
3.56684e+01	1.21861e-12
3.57064e+01	1.17219e-12
3.57445e+01	1.12759e-12
3.57825e+01	1.08475e-12
3.58205e+01	1.04361e-12
3.58585e+01	1.00408e-12
3.58966e+01	9.66129e-13
3.59346e+01	9.29678e-13
3.59726e+01	8.94675e-13
3.60106e+01	8.61065e-13
3.60487e+01	8.28797e-13
3.60867e+01	7.97826e-13
3.61247e+01	7.68100e-13
3.61627e+01	7.39575e-13
3.62008e+01	7.12203e-13
3.62388e+01	6.85942e-13
3.62768e+01	6.60750e-13
3.63148e+01	6.36587e-13
3.63529e+01	6.13415e-13
3.63909e+01	5.91198e-13
3.64289e+01	5.69899e-13
3.64669e+01	5.49486e-13
3.65050e+01	5.29926e-13
3.65430e+01	5.11188e-13
3.65810e+01	4.93243e-13
3.66191e+01	4.76062e-13
3.66571e+01	4.59618e-13
3.66951e+01	4.43884e-13
3.67331e+01	4.28837e-13
3.67712e+01	4.14452e-13
3.68092e+01	4.00707e-13
3.68472e+01	3.87579e-13
3.68852e+01	3.75049e-13
3.69233e+01	3.63095e-13
3.69613e+01	3.51699e-13
3.69993e+01	3.40843e-13
3.70373e+01	3.30510e-13
3.70754e+01	3.20683e-13
3.71134e+01	3.11347e-13
3.71514e+01	3.02486e-13
3.71894e+01	2.94087e-13
3.72275e+01	2.86136e-13
3.72655e+01	2.78620e-13
3.73035e+01	2.71528e-13
3.73415e+01	2.64847e-13
3.73796e+01	2.58567e-13
3.74176e+01	2.52678e-13
3.74556e+01	2.47168e-13
3.74936e+01	2.42031e-13
3.75317e+01	2.37255e-13
3.75697e+01	2.32835e-13
3.76077e+01	2.28761e-13
3.76458e+01	2.25026e-13
3.76838e+01	2.21624e-13
3.77218e+01	2.18549e-13
3.77598e+01	2.15793e-13
3.77979e+01	2.13352e-13
3.78359e+01	2.11220e-13
3.78739e+01	2.09393e-13
3.79119e+01	2.07866e-13
3.79500e+01	2.06633e-13
3.79880e+01	2.05692e-13
3.80260e+01	2.05021e-13
