# The ell = 1 distribution, the first anisotropy.
# E_N [Td]	4.00000e+00
# col_1: Electron Energy [eV], col_2: f1 [eV^(-3/2)]
eV	f1
1.03707e-02	9.13529e-05
2.07415e-02	1.44746e-04
3.11122e-02	1.94064e-04
4.14829e-02	2.45071e-04
5.18537e-02	2.81582e-04
6.22244e-02	3.15097e-04
7.25951e-02	3.45628e-04
8.29658e-02	3.71480e-04
9.33366e-02	3.97572e-04
1.03707e-01	4.19558e-04
1.14078e-01	4.43222e-04
1.24449e-01	4.62957e-04
1.34820e-01	4.84743e-04
1.45190e-01	5.04397e-04
1.55561e-01	5.24520e-04
1.65932e-01	5.43441e-04
1.76302e-01	5.63603e-04
1.86673e-01	5.82912e-04
1.97044e-01	6.02539e-04
2.07415e-01	6.21522e-04
2.17785e-01	6.41354e-04
2.28156e-01	6.60585e-04
2.38527e-01	6.80156e-04
2.48898e-01	6.99064e-04
2.59268e-01	7.18777e-04
2.69639e-01	7.38042e-04
2.80010e-01	7.57516e-04
2.90380e-01	7.76476e-04
3.00751e-01	7.93455e-04
3.11122e-01	8.07381e-04
3.21493e-01	8.18454e-04
3.31863e-01	8.27691e-04
3.42234e-01	8.37021e-04
3.52605e-01	8.46225e-04
3.62976e-01	8.55080e-04
3.73346e-01	8.64519e-04
3.83717e-01	8.74371e-04
3.94088e-01	8.84980e-04
4.04459e-01	8.95953e-04
4.14829e-01	9.07151e-04
4.25200e-01	9.20205e-04
4.35571e-01	9.35269e-04
4.45941e-01	9.51955e-04
4.56312e-01	9.69716e-04
4.66683e-01	9.88453e-04
4.77054e-01	1.01045e-03
4.87424e-01	1.03510e-03
4.97795e-01	1.06171e-03
5.08166e-01	1.08969e-03
5.18537e-01	1.11909e-03
5.28907e-01	1.15511e-03
5.39278e-01	1.19627e-03
5.49649e-01	1.24107e-03
5.60019e-01	1.28918e-03
5.70390e-01	1.33839e-03
5.80761e-01	1.39669e-03
5.91132e-01	1.46170e-03
6.01502e-01	1.53130e-03
6.11873e-01	1.60499e-03
6.22244e-01	1.68034e-03
6.32615e-01	1.76430e-03
6.42985e-01	1.85888e-03
6.53356e-01	1.96105e-03
6.63727e-01	2.06885e-03
6.74098e-01	2.18055e-03
6.84468e-01	2.29721e-03
6.94839e-01	2.44039e-03
7.05210e-01	2.61127e-03
7.15580e-01	2.80375e-03
7.25951e-01	3.01372e-03
7.36322e-01	3.23634e-03
7.46693e-01	3.46820e-03
7.57063e-01	3.74638e-03
7.67434e-01	4.06007e-03
7.77805e-01	4.40079e-03
7.88176e-01	4.76079e-03
7.98546e-01	5.13341e-03
8.08917e-01	5.52170e-03
8.19288e-01	5.92549e-03
8.29658e-01	6.33948e-03
8.40029e-01	6.75920e-03
8.50400e-01	7.18080e-03
8.60771e-01	7.60113e-03
8.71141e-01	8.03606e-03
8.81512e-01	8.50572e-03
8.91883e-01	9.00249e-03
9.02254e-01	9.52002e-03
9.12624e-01	1.00524e-02
9.22995e-01	1.05943e-02
9.33366e-01	1.11618e-02
9.43737e-01	1.17822e-02
9.54107e-01	1.24517e-02
9.64478e-01	1.31598e-02
9.74849e-01	1.38955e-02
9.85219e-01	1.46512e-02
9.95590e-01	1.54157e-02
1.00596e+00	1.62688e-02
1.01633e+00	1.72038e-02
1.02670e+00	1.82004e-02
1.03707e+00	1.92402e-02
1.04744e+00	2.03080e-02
1.05781e+00	2.13910e-02
1.06819e+00	2.24930e-02
1.07856e+00	2.36581e-02
1.08893e+00	2.48690e-02
1.09930e+00	2.61096e-02
1.10967e+00	2.73666e-02
1.12004e+00	2.86289e-02
1.13041e+00	2.98870e-02
1.14078e+00	3.11324e-02
1.15115e+00	3.23783e-02
1.16152e+00	3.36448e-02
1.17189e+00	3.49254e-02
1.18226e+00	3.62133e-02
1.19263e+00	3.75034e-02
1.20300e+00	3.87871e-02
1.21338e+00	4.00627e-02
1.22375e+00	4.13342e-02
1.23412e+00	4.26758e-02
1.24449e+00	4.40742e-02
1.25486e+00	4.55144e-02
1.26523e+00	4.69822e-02
1.27560e+00	4.84637e-02
1.28597e+00	4.99459e-02
1.29634e+00	5.14032e-02
1.30671e+00	5.29862e-02
1.31708e+00	5.47415e-02
1.32745e+00	5.66293e-02
1.33782e+00	5.86132e-02
1.34820e+00	6.06598e-02
1.35857e+00	6.27398e-02
1.36894e+00	6.48266e-02
1.37931e+00	6.69176e-02
1.38968e+00	6.89268e-02
1.40005e+00	7.08448e-02
1.41042e+00	7.26745e-02
1.42079e+00	7.44187e-02
1.43116e+00	7.60801e-02
1.44153e+00	7.76591e-02
1.45190e+00	7.91583e-02
1.46227e+00	8.06433e-02
1.47264e+00	8.21467e-02
1.48301e+00	8.36567e-02
1.49339e+00	8.51688e-02
1.50376e+00	8.66796e-02
1.51413e+00	8.81779e-02
1.52450e+00	8.96587e-02
1.53487e+00	9.10994e-02
1.54524e+00	9.25405e-02
1.55561e+00	9.42307e-02
1.56598e+00	9.61253e-02
1.57635e+00	9.81786e-02
1.58672e+00	1.00341e-01
1.59709e+00	1.02562e-01
1.60746e+00	1.04804e-01
1.61783e+00	1.07034e-01
1.62820e+00	1.09222e-01
1.63858e+00	1.11284e-01
1.64895e+00	1.13137e-01
1.65932e+00	1.14784e-01
1.66969e+00	1.16210e-01
1.68006e+00	1.17397e-01
1.69043e+00	1.18358e-01
1.70080e+00	1.19107e-01
1.71117e+00	1.19656e-01
1.72154e+00	1.20009e-01
1.73191e+00	1.20077e-01
1.74228e+00	1.19831e-01
1.75265e+00	1.19262e-01
1.76302e+00	1.18333e-01
1.77340e+00	1.17088e-01
1.78377e+00	1.15568e-01
1.79414e+00	1.13788e-01
1.80451e+00	1.11721e-01
1.81488e+00	1.09409e-01
1.82525e+00	1.06914e-01
1.83562e+00	1.04306e-01
1.84599e+00	1.01366e-01
1.85636e+00	9.81509e-02
1.86673e+00	9.46673e-02
1.87710e+00	9.08629e-02
1.88747e+00	8.67418e-02
1.89784e+00	8.23788e-02
1.90821e+00	7.78511e-02
1.91859e+00	7.32097e-02
1.92896e+00	6.85533e-02
1.93933e+00	6.39573e-02
1.94970e+00	5.94453e-02
1.96007e+00	5.51111e-02
1.97044e+00	5.09675e-02
1.98081e+00	4.70162e-02
1.99118e+00	4.32545e-02
2.00155e+00	3.96814e-02
2.01192e+00	3.62819e-02
2.02229e+00	3.31237e-02
2.03266e+00	3.02314e-02
2.04303e+00	2.76198e-02
2.05340e+00	2.52665e-02
2.06378e+00	2.31455e-02
2.07415e+00	2.12275e-02
2.08452e+00	1.94963e-02
2.09489e+00	1.79341e-02
2.10526e+00	1.65225e-02
2.11563e+00	1.52244e-02
2.12600e+00	1.39876e-02
2.13637e+00	1.28183e-02
2.14674e+00	1.17141e-02
2.15711e+00	1.06830e-02
2.16748e+00	9.72969e-03
2.17785e+00	8.84938e-03
2.18822e+00	8.03734e-03
2.19859e+00	7.28906e-03
2.20897e+00	6.60342e-03
2.21934e+00	5.97725e-03
2.22971e+00	5.40951e-03
2.24008e+00	4.89471e-03
2.25045e+00	4.43148e-03
2.26082e+00	4.01366e-03
2.27119e+00	3.63663e-03
2.28156e+00	3.29671e-03
2.29193e+00	2.99084e-03
2.30230e+00	2.71538e-03
2.31267e+00	2.46340e-03
2.32304e+00	2.23515e-03
2.33341e+00	2.02798e-03
2.34379e+00	1.83887e-03
2.35416e+00	1.66803e-03
2.36453e+00	1.51221e-03
2.37490e+00	1.37058e-03
2.38527e+00	1.24183e-03
2.39564e+00	1.12478e-03
2.40601e+00	1.02072e-03
2.41638e+00	9.28782e-04
2.42675e+00	8.45725e-04
2.43712e+00	7.69357e-04
2.44749e+00	6.99027e-04
2.45786e+00	6.34586e-04
2.46823e+00	5.75273e-04
2.47860e+00	5.20948e-04
2.48898e+00	4.71486e-04
2.49935e+00	4.26916e-04
2.50972e+00	3.86858e-04
2.52009e+00	3.50457e-04
2.53046e+00	3.17332e-04
2.54083e+00	2.87691e-04
2.55120e+00	2.61138e-04
2.56157e+00	2.37218e-04
2.57194e+00	2.15656e-04
2.58231e+00	1.96073e-04
2.59268e+00	1.78683e-04
2.60305e+00	1.63001e-04
2.61342e+00	1.48664e-04
2.62379e+00	1.35590e-04
2.63417e+00	1.23614e-04
2.64454e+00	1.12633e-04
2.65491e+00	1.02663e-04
2.66528e+00	9.36092e-05
2.67565e+00	8.53860e-05
2.68602e+00	7.78808e-05
2.69639e+00	7.10306e-05
2.70676e+00	6.48304e-05
2.71713e+00	5.92815e-05
2.72750e+00	5.43523e-05
2.73787e+00	4.99827e-05
2.74824e+00	4.61071e-05
2.75861e+00	4.26591e-05
2.76899e+00	3.95179e-05
2.77936e+00	3.66159e-05
2.78973e+00	3.39380e-05
2.80010e+00	3.14811e-05
2.81047e+00	2.92262e-05
2.82084e+00	2.71358e-05
2.83121e+00	2.51736e-05
2.84158e+00	2.33232e-05
2.85195e+00	2.15924e-05
2.86232e+00	1.99595e-05
2.87269e+00	1.84048e-05
2.88306e+00	1.69282e-05
2.89343e+00	1.55833e-05
2.90380e+00	1.43609e-05
2.91418e+00	1.32502e-05
2.92455e+00	1.22406e-05
2.93492e+00	1.13240e-05
2.94529e+00	1.04930e-05
2.95566e+00	9.73824e-06
2.96603e+00	9.05547e-06
2.97640e+00	8.43984e-06
2.98677e+00	7.88902e-06
2.99714e+00	7.38569e-06
3.00751e+00	6.92565e-06
3.01788e+00	6.49708e-06
3.02825e+00	6.09457e-06
3.03862e+00	5.71644e-06
3.04899e+00	5.36072e-06
3.05937e+00	5.02647e-06
3.06974e+00	4.71300e-06
3.08011e+00	4.41884e-06
3.09048e+00	4.14239e-06
3.10085e+00	3.88432e-06
3.11122e+00	3.64551e-06
3.12159e+00	3.42419e-06
3.13196e+00	3.21940e-06
3.14233e+00	3.03078e-06
3.15270e+00	2.85657e-06
3.16307e+00	2.69458e-06
3.17344e+00	2.54256e-06
3.18381e+00	2.39949e-06
3.19419e+00	2.26482e-06
3.20456e+00	2.13804e-06
3.21493e+00	2.01840e-06
3.22530e+00	1.90588e-06
3.23567e+00	1.79982e-06
3.24604e+00	1.69965e-06
3.25641e+00	1.60489e-06
3.26678e+00	1.51537e-06
3.27715e+00	1.43141e-06
3.28752e+00	1.35277e-06
3.29789e+00	1.27926e-06
3.30826e+00	1.21064e-06
3.31863e+00	1.14673e-06
3.32900e+00	1.08740e-06
3.33938e+00	1.03199e-06
3.34975e+00	9.80187e-07
3.36012e+00	9.31771e-07
3.37049e+00	8.86550e-07
3.38086e+00	8.44226e-07
3.39123e+00	8.04542e-07
3.40160e+00	7.67349e-07
3.41197e+00	7.32446e-07
3.42234e+00	6.99534e-07
3.43271e+00	6.68181e-07
3.44308e+00	6.38462e-07
3.45345e+00	6.10306e-07
3.46382e+00	5.83631e-07
3.47419e+00	5.58361e-07
3.48457e+00	5.34443e-07
3.49494e+00	5.11827e-07
3.50531e+00	4.90498e-07
3.51568e+00	4.70262e-07
3.52605e+00	4.51059e-07
3.53642e+00	4.32837e-07
3.54679e+00	4.15504e-07
3.55716e+00	3.98994e-07
3.56753e+00	3.83158e-07
3.57790e+00	3.68001e-07
3.58827e+00	3.53444e-07
3.59864e+00	3.39488e-07
3.60901e+00	3.26141e-07
3.61939e+00	3.13381e-07
3.62976e+00	3.01165e-07
3.64013e+00	2.89470e-07
3.65050e+00	2.78272e-07
3.66087e+00	2.67548e-07
3.67124e+00	2.57290e-07
3.68161e+00	2.47486e-07
3.69198e+00	2.38113e-07
3.70235e+00	2.29149e-07
3.71272e+00	2.20577e-07
3.72309e+00	2.12401e-07
3.73346e+00	2.04619e-07
3.74383e+00	1.97222e-07
3.75420e+00	1.90194e-07
3.76458e+00	1.83516e-07
3.77495e+00	1.77178e-07
3.78532e+00	1.71178e-07
3.79569e+00	1.65500e-07
3.80606e+00	1.60129e-07
3.81643e+00	1.55048e-07
3.82680e+00	1.50247e-07
3.83717e+00	1.45714e-07
3.84754e+00	1.41437e-07
3.85791e+00	1.37394e-07
3.86828e+00	1.33555e-07
3.87865e+00	1.29862e-07
3.88902e+00	1.26301e-07
3.89939e+00	1.22879e-07
3.90977e+00	1.19587e-07
3.92014e+00	1.16418e-07
3.93051e+00	1.13368e-07
3.94088e+00	1.10430e-07
3.95125e+00	1.07604e-07
3.96162e+00	1.04889e-07
3.97199e+00	1.02278e-07
3.98236e+00	9.97682e-08
3.99273e+00	9.73567e-08
4.00310e+00	9.50260e-08
4.01347e+00	9.27758e-08
4.02384e+00	9.06028e-08
4.03421e+00	8.84899e-08
4.04459e+00	8.64274e-08
4.05496e+00	8.44141e-08
4.06533e+00	8.24487e-08
4.07570e+00	8.05316e-08
4.08607e+00	7.86597e-08
4.09644e+00	7.68321e-08
4.10681e+00	7.50478e-08
4.11718e+00	7.33055e-08
4.12755e+00	7.16043e-08
4.13792e+00	6.99421e-08
4.14829e+00	6.83180e-08
4.15866e+00	6.67309e-08
4.16903e+00	6.51799e-08
4.17940e+00	6.36642e-08
4.18978e+00	6.21830e-08
4.20015e+00	6.07350e-08
4.21052e+00	5.93191e-08
4.22089e+00	5.79343e-08
4.23126e+00	5.65800e-08
4.24163e+00	5.52556e-08
4.25200e+00	5.39603e-08
4.26237e+00	5.26914e-08
4.27274e+00	5.14481e-08
4.28311e+00	5.02295e-08
4.29348e+00	4.90349e-08
4.30385e+00	4.78638e-08
4.31422e+00	4.67156e-08
4.32459e+00	4.55897e-08
4.33497e+00	4.44856e-08
4.34534e+00	4.34029e-08
4.35571e+00	4.23409e-08
4.36608e+00	4.12996e-08
4.37645e+00	4.02789e-08
4.38682e+00	3.92784e-08
4.39719e+00	3.82975e-08
4.40756e+00	3.73365e-08
4.41793e+00	3.63956e-08
4.42830e+00	3.54718e-08
4.43867e+00	3.45704e-08
4.44904e+00	3.36864e-08
4.45941e+00	3.28211e-08
4.46979e+00	3.19740e-08
4.48016e+00	3.11445e-08
4.49053e+00	3.03321e-08
4.50090e+00	2.95362e-08
4.51127e+00	2.87564e-08
4.52164e+00	2.79923e-08
4.53201e+00	2.72437e-08
4.54238e+00	2.65133e-08
4.55275e+00	2.58027e-08
4.56312e+00	2.51117e-08
4.57349e+00	2.44397e-08
4.58386e+00	2.37861e-08
4.59423e+00	2.31504e-08
4.60460e+00	2.25321e-08
4.61498e+00	2.19308e-08
4.62535e+00	2.13458e-08
4.63572e+00	2.07791e-08
4.64609e+00	2.02306e-08
4.65646e+00	1.96999e-08
4.66683e+00	1.91864e-08
4.67720e+00	1.86897e-08
4.68757e+00	1.82092e-08
4.69794e+00	1.77446e-08
4.70831e+00	1.72954e-08
4.71868e+00	1.68611e-08
4.72905e+00	1.64415e-08
4.73942e+00	1.60361e-08
4.74979e+00	1.56446e-08
4.76017e+00	1.52665e-08
4.77054e+00	1.49015e-08
4.78091e+00	1.45493e-08
4.79128e+00	1.42096e-08
4.80165e+00	1.38821e-08
4.81202e+00	1.35662e-08
4.82239e+00	1.32621e-08
4.83276e+00	1.29708e-08
4.84313e+00	1.26922e-08
4.85350e+00	1.24261e-08
4.86387e+00	1.21722e-08
4.87424e+00	1.19302e-08
4.88461e+00	1.16997e-08
4.89499e+00	1.14805e-08
4.90536e+00	1.12723e-08
4.91573e+00	1.10747e-08
4.92610e+00	1.08856e-08
4.93647e+00	1.07039e-08
4.94684e+00	1.05294e-08
4.95721e+00	1.03614e-08
4.96758e+00	1.01997e-08
4.97795e+00	1.00440e-08
4.98832e+00	9.89411e-09
4.99869e+00	9.74989e-09
5.00906e+00	9.61133e-09
5.01943e+00	9.47698e-09
5.02980e+00	9.34809e-09
5.04018e+00	9.22320e-09
5.05055e+00	9.10231e-09
5.06092e+00	8.98530e-09
5.07129e+00	8.87211e-09
5.08166e+00	8.76263e-09
5.09203e+00	8.65676e-09
5.10240e+00	8.55440e-09
5.11277e+00	8.45513e-09
5.12314e+00	8.35740e-09
5.13351e+00	8.26084e-09
5.14388e+00	8.16539e-09
5.15425e+00	8.07104e-09
5.16462e+00	7.97777e-09
5.17499e+00	7.88556e-09
5.18537e+00	7.79441e-09
5.19574e+00	7.70430e-09
5.20611e+00	7.61523e-09
5.21648e+00	7.52718e-09
5.22685e+00	7.44014e-09
5.23722e+00	7.35410e-09
5.24759e+00	7.26904e-09
5.25796e+00	7.18495e-09
5.26833e+00	7.10184e-09
5.27870e+00	7.01968e-09
5.28907e+00	6.93847e-09
5.29944e+00	6.85819e-09
5.30981e+00	6.77884e-09
5.32019e+00	6.70040e-09
5.33056e+00	6.62287e-09
5.34093e+00	6.54621e-09
5.35130e+00	6.47047e-09
5.36167e+00	6.39559e-09
5.37204e+00	6.32157e-09
5.38241e+00	6.24841e-09
5.39278e+00	6.17609e-09
5.40315e+00	6.10461e-09
5.41352e+00	6.03396e-09
5.42389e+00	5.96412e-09
5.43426e+00	5.89510e-09
5.44463e+00	5.82687e-09
5.45500e+00	5.75943e-09
5.46538e+00	5.69277e-09
5.47575e+00	5.62688e-09
5.48612e+00	5.56176e-09
5.49649e+00	5.49739e-09
5.50686e+00	5.43377e-09
5.51723e+00	5.37089e-09
5.52760e+00	5.30874e-09
5.53797e+00	5.24731e-09
5.54834e+00	5.18660e-09
5.55871e+00	5.12659e-09
5.56908e+00	5.06728e-09
5.57945e+00	5.00866e-09
5.58982e+00	4.95073e-09
5.60019e+00	4.89346e-09
5.61057e+00	4.83687e-09
5.62094e+00	4.78093e-09
5.63131e+00	4.72565e-09
5.64168e+00	4.67101e-09
5.65205e+00	4.61701e-09
5.66242e+00	4.56364e-09
5.67279e+00	4.51089e-09
5.68316e+00	4.45876e-09
5.69353e+00	4.40723e-09
5.70390e+00	4.35631e-09
5.71427e+00	4.30598e-09
5.72464e+00	4.25625e-09
5.73501e+00	4.20710e-09
5.74539e+00	4.15853e-09
5.75576e+00	4.11052e-09
5.76613e+00	4.06309e-09
5.77650e+00	4.01620e-09
5.78687e+00	3.96987e-09
5.79724e+00	3.92408e-09
5.80761e+00	3.87884e-09
5.81798e+00	3.83413e-09
5.82835e+00	3.78994e-09
5.83872e+00	3.74628e-09
5.84909e+00	3.70313e-09
5.85946e+00	3.66048e-09
5.86983e+00	3.61834e-09
5.88020e+00	3.57670e-09
5.89058e+00	3.53554e-09
5.90095e+00	3.49487e-09
5.91132e+00	3.45469e-09
5.92169e+00	3.41497e-09
5.93206e+00	3.37572e-09
5.94243e+00	3.33694e-09
5.95280e+00	3.29862e-09
5.96317e+00	3.26075e-09
5.97354e+00	3.22334e-09
5.98391e+00	3.18636e-09
5.99428e+00	3.14983e-09
6.00465e+00	3.11373e-09
6.01502e+00	3.07805e-09
6.02539e+00	3.04279e-09
6.03577e+00	3.00809e-09
6.04614e+00	2.97350e-09
6.05651e+00	2.93946e-09
6.06688e+00	2.90581e-09
6.07725e+00	2.87257e-09
6.08762e+00	2.83972e-09
6.09799e+00	2.80726e-09
6.10836e+00	2.77519e-09
6.11873e+00	2.74350e-09
6.12910e+00	2.71219e-09
6.13947e+00	2.68126e-09
6.14984e+00	2.65069e-09
6.16021e+00	2.62049e-09
6.17058e+00	2.59065e-09
6.18096e+00	2.56116e-09
6.19133e+00	2.53203e-09
6.20170e+00	2.50325e-09
6.21207e+00	2.47482e-09
6.22244e+00	2.44672e-09
6.23281e+00	2.41896e-09
6.24318e+00	2.39153e-09
6.25355e+00	2.36443e-09
6.26392e+00	2.33765e-09
6.27429e+00	2.31120e-09
6.28466e+00	2.28506e-09
6.29503e+00	2.25923e-09
6.30540e+00	2.23372e-09
6.31578e+00	2.20851e-09
6.32615e+00	2.18360e-09
6.33652e+00	2.15899e-09
6.34689e+00	2.13467e-09
6.35726e+00	2.11065e-09
6.36763e+00	2.08691e-09
6.37800e+00	2.06346e-09
6.38837e+00	2.04029e-09
6.39874e+00	2.01739e-09
6.40911e+00	1.99478e-09
6.41948e+00	1.97242e-09
6.42985e+00	1.95035e-09
6.44022e+00	1.92853e-09
6.45059e+00	1.90698e-09
6.46097e+00	1.88570e-09
6.47134e+00	1.86466e-09
6.48171e+00	1.84388e-09
6.49208e+00	1.82336e-09
6.50245e+00	1.80308e-09
6.51282e+00	1.78304e-09
6.52319e+00	1.76325e-09
6.53356e+00	1.74369e-09
6.54393e+00	1.72438e-09
6.55430e+00	1.70530e-09
6.56467e+00	1.68644e-09
6.57504e+00	1.66782e-09
6.58541e+00	1.64942e-09
6.59578e+00	1.63124e-09
6.60616e+00	1.61328e-09
6.61653e+00	1.59554e-09
6.62690e+00	1.57801e-09
6.63727e+00	1.56070e-09
6.64764e+00	1.54359e-09
6.65801e+00	1.52670e-09
6.66838e+00	1.50997e-09
6.67875e+00	1.49351e-09
6.68912e+00	1.47722e-09
6.69949e+00	1.46113e-09
6.70986e+00	1.44524e-09
6.72023e+00	1.42954e-09
6.73060e+00	1.41403e-09
6.74098e+00	1.39868e-09
6.75135e+00	1.38348e-09
6.76172e+00	1.36843e-09
6.77209e+00	1.35354e-09
6.78246e+00	1.33880e-09
6.79283e+00	1.32421e-09
6.80320e+00	1.30977e-09
6.81357e+00	1.29547e-09
6.82394e+00	1.28132e-09
6.83431e+00	1.26731e-09
6.84468e+00	1.25345e-09
6.85505e+00	1.23973e-09
6.86542e+00	1.22615e-09
6.87579e+00	1.21271e-09
6.88617e+00	1.19941e-09
6.89654e+00	1.18625e-09
6.90691e+00	1.17322e-09
6.91728e+00	1.16033e-09
6.92765e+00	1.14750e-09
6.93802e+00	1.13510e-09
6.94839e+00	1.12238e-09
6.95876e+00	1.10999e-09
6.96913e+00	1.09772e-09
6.97950e+00	1.08557e-09
6.98987e+00	1.07357e-09
7.00024e+00	1.06169e-09
7.01061e+00	1.04995e-09
7.02098e+00	1.03834e-09
7.03136e+00	1.02687e-09
7.04173e+00	1.01553e-09
7.05210e+00	1.00432e-09
7.06247e+00	9.93218e-10
7.07284e+00	9.82351e-10
7.08321e+00	9.71485e-10
7.09358e+00	9.60729e-10
7.10395e+00	9.50133e-10
7.11432e+00	9.39657e-10
7.12469e+00	9.29305e-10
7.13506e+00	9.19075e-10
7.14543e+00	9.08966e-10
7.15580e+00	8.98975e-10
7.16618e+00	8.89102e-10
7.17655e+00	8.79345e-10
7.18692e+00	8.69703e-10
7.19729e+00	8.60175e-10
7.20766e+00	8.50759e-10
7.21803e+00	8.41454e-10
7.22840e+00	8.32262e-10
7.23877e+00	8.23192e-10
7.24914e+00	8.14241e-10
7.25951e+00	8.05406e-10
7.26988e+00	7.96687e-10
7.28025e+00	7.88082e-10
7.29062e+00	7.79588e-10
7.30099e+00	7.71205e-10
7.31137e+00	7.62930e-10
7.32174e+00	7.54762e-10
7.33211e+00	7.46699e-10
7.34248e+00	7.38739e-10
7.35285e+00	7.30881e-10
7.36322e+00	7.23123e-10
7.37359e+00	7.15421e-10
7.38396e+00	7.07758e-10
7.39433e+00	7.00136e-10
7.40470e+00	6.92556e-10
7.41507e+00	6.85018e-10
7.42544e+00	6.77525e-10
7.43581e+00	6.70076e-10
7.44618e+00	6.62672e-10
7.45656e+00	6.55314e-10
7.46693e+00	6.48002e-10
7.47730e+00	6.40738e-10
7.48767e+00	6.33525e-10
7.49804e+00	6.26363e-10
7.50841e+00	6.19251e-10
7.51878e+00	6.12194e-10
7.52915e+00	6.05186e-10
7.53952e+00	5.98224e-10
7.54989e+00	5.91308e-10
7.56026e+00	5.84440e-10
7.57063e+00	5.77618e-10
7.58100e+00	5.70843e-10
7.59138e+00	5.64116e-10
7.60175e+00	5.57438e-10
7.61212e+00	5.50807e-10
7.62249e+00	5.44224e-10
7.63286e+00	5.37690e-10
7.64323e+00	5.31205e-10
7.65360e+00	5.24769e-10
7.66397e+00	5.18385e-10
7.67434e+00	5.12051e-10
7.68471e+00	5.05768e-10
7.69508e+00	4.99538e-10
7.70545e+00	4.93359e-10
7.71582e+00	4.87234e-10
7.72619e+00	4.81162e-10
7.73657e+00	4.75143e-10
7.74694e+00	4.69177e-10
7.75731e+00	4.63236e-10
7.76768e+00	4.57309e-10
7.77805e+00	4.51397e-10
7.78842e+00	4.45493e-10
7.79879e+00	4.39595e-10
7.80916e+00	4.33693e-10
7.81953e+00	4.27789e-10
7.82990e+00	4.21884e-10
7.84027e+00	4.15973e-10
7.85064e+00	4.10059e-10
7.86101e+00	4.04147e-10
7.87138e+00	3.98238e-10
7.88176e+00	3.92335e-10
7.89213e+00	3.86440e-10
7.90250e+00	3.80557e-10
7.91287e+00	3.74689e-10
7.92324e+00	3.68839e-10
7.93361e+00	3.63010e-10
7.94398e+00	3.57205e-10
7.95435e+00	3.51426e-10
7.96472e+00	3.45676e-10
7.97509e+00	3.39957e-10
7.98546e+00	3.34268e-10
7.99583e+00	3.28610e-10
8.00620e+00	3.22983e-10
8.01658e+00	3.17391e-10
8.02695e+00	3.11833e-10
8.03732e+00	3.06306e-10
8.04769e+00	3.00812e-10
8.05806e+00	2.95354e-10
8.06843e+00	2.89934e-10
8.07880e+00	2.84554e-10
8.08917e+00	2.79217e-10
8.09954e+00	2.73924e-10
8.10991e+00	2.68675e-10
8.12028e+00	2.63476e-10
8.13065e+00	2.58330e-10
8.14102e+00	2.53234e-10
8.15139e+00	2.48190e-10
8.16177e+00	2.43202e-10
8.17214e+00	2.38269e-10
8.18251e+00	2.33394e-10
8.19288e+00	2.28578e-10
8.20325e+00	2.23821e-10
8.21362e+00	2.19124e-10
8.22399e+00	2.14488e-10
8.23436e+00	2.09897e-10
8.24473e+00	2.05354e-10
8.25510e+00	2.00860e-10
8.26547e+00	1.96417e-10
8.27584e+00	1.92027e-10
8.28621e+00	1.87692e-10
8.29658e+00	1.83410e-10
8.30696e+00	1.79178e-10
8.31733e+00	1.74997e-10
8.32770e+00	1.70868e-10
8.33807e+00	1.66791e-10
8.34844e+00	1.62767e-10
8.35881e+00	1.58797e-10
8.36918e+00	1.54882e-10
8.37955e+00	1.51023e-10
8.38992e+00	1.47221e-10
8.40029e+00	1.43478e-10
8.41066e+00	1.39793e-10
8.42103e+00	1.36167e-10
8.43140e+00	1.32602e-10
8.44178e+00	1.29098e-10
8.45215e+00	1.25654e-10
8.46252e+00	1.22263e-10
8.47289e+00	1.18915e-10
8.48326e+00	1.15612e-10
8.49363e+00	1.12356e-10
8.50400e+00	1.09156e-10
8.51437e+00	1.06017e-10
8.52474e+00	1.02937e-10
8.53511e+00	9.99178e-11
8.54548e+00	9.69609e-11
8.55585e+00	9.40692e-11
8.56622e+00	9.12431e-11
8.57659e+00	8.84820e-11
8.58697e+00	8.57853e-11
8.59734e+00	8.31523e-11
8.60771e+00	8.05823e-11
8.61808e+00	7.80745e-11
8.62845e+00	7.56282e-11
8.63882e+00	7.32424e-11
8.64919e+00	7.09165e-11
8.65956e+00	6.86496e-11
8.66993e+00	6.64407e-11
8.68030e+00	6.42891e-11
8.69067e+00	6.21939e-11
8.70104e+00	6.01544e-11
8.71141e+00	5.81696e-11
8.72178e+00	5.62385e-11
8.73216e+00	5.43602e-11
8.74253e+00	5.25335e-11
8.75290e+00	5.07571e-11
8.76327e+00	4.90303e-11
8.77364e+00	4.73521e-11
8.78401e+00	4.57215e-11
8.79438e+00	4.41377e-11
8.80475e+00	4.25995e-11
8.81512e+00	4.11062e-11
8.82549e+00	3.96568e-11
8.83586e+00	3.82502e-11
8.84623e+00	3.68857e-11
8.85660e+00	3.55621e-11
8.86698e+00	3.42788e-11
8.87735e+00	3.30345e-11
8.88772e+00	3.18286e-11
8.89809e+00	3.06601e-11
8.90846e+00	2.95280e-11
8.91883e+00	2.84313e-11
8.92920e+00	2.73695e-11
8.93957e+00	2.63421e-11
8.94994e+00	2.53461e-11
8.96031e+00	2.43829e-11
8.97068e+00	2.34510e-11
8.98105e+00	2.25499e-11
8.99142e+00	2.16789e-11
9.00179e+00	2.08378e-11
9.01217e+00	2.00261e-11
9.02254e+00	1.92426e-11
9.03291e+00	1.84875e-11
9.04328e+00	1.77600e-11
9.05365e+00	1.70593e-11
9.06402e+00	1.63846e-11
9.07439e+00	1.57349e-11
9.08476e+00	1.51094e-11
9.09513e+00	1.45072e-11
9.10550e+00	1.39276e-11
9.11587e+00	1.33698e-11
9.12624e+00	1.28330e-11
9.13661e+00	1.23165e-11
9.14698e+00	1.18195e-11
9.15736e+00	1.13415e-11
9.16773e+00	1.08816e-11
9.17810e+00	1.04394e-11
9.18847e+00	1.00140e-11
9.19884e+00	9.60509e-12
9.20921e+00	9.21188e-12
9.21958e+00	8.83387e-12
9.22995e+00	8.47050e-12
9.24032e+00	8.12124e-12
9.25069e+00	7.78560e-12
9.26106e+00	7.46306e-12
9.27143e+00	7.15315e-12
9.28180e+00	6.85545e-12
9.29218e+00	6.56944e-12
9.30255e+00	6.29471e-12
9.31292e+00	6.03087e-12
9.32329e+00	5.77751e-12
9.33366e+00	5.53425e-12
9.34403e+00	5.30069e-12
9.35440e+00	5.07648e-12
9.36477e+00	4.86127e-12
9.37514e+00	4.65473e-12
9.38551e+00	4.45652e-12
9.39588e+00	4.26632e-12
9.40625e+00	4.08385e-12
9.41662e+00	3.90879e-12
9.42699e+00	3.74088e-12
9.43737e+00	3.57983e-12
9.44774e+00	3.42538e-12
9.45811e+00	3.27728e-12
9.46848e+00	3.13529e-12
9.47885e+00	2.99916e-12
9.48922e+00	2.86868e-12
9.49959e+00	2.74361e-12
9.50996e+00	2.62376e-12
9.52033e+00	2.50891e-12
9.53070e+00	2.39887e-12
9.54107e+00	2.29345e-12
9.55144e+00	2.19247e-12
9.56181e+00	2.09575e-12
9.57218e+00	2.00310e-12
9.58256e+00	1.91436e-12
9.59293e+00	1.82935e-12
9.60330e+00	1.74794e-12
9.61367e+00	1.66999e-12
9.62404e+00	1.59535e-12
9.63441e+00	1.52389e-12
9.64478e+00	1.45552e-12
9.65515e+00	1.39005e-12
9.66552e+00	1.32738e-12
9.67589e+00	1.26743e-12
9.68626e+00	1.21005e-12
9.69663e+00	1.15514e-12
9.70700e+00	1.10261e-12
9.71738e+00	1.05235e-12
9.72775e+00	1.00429e-12
9.73812e+00	9.58316e-13
9.74849e+00	9.14358e-13
9.75886e+00	8.72330e-13
9.76923e+00	8.32153e-13
9.77960e+00	7.93751e-13
9.78997e+00	7.57049e-13
9.80034e+00	7.21979e-13
9.81071e+00	6.88472e-13
9.82108e+00	6.56464e-13
9.83145e+00	6.25893e-13
9.84182e+00	5.96700e-13
9.85219e+00	5.68826e-13
9.86257e+00	5.42217e-13
9.87294e+00	5.16820e-13
9.88331e+00	4.92583e-13
9.89368e+00	4.69458e-13
9.90405e+00	4.47397e-13
9.91442e+00	4.26355e-13
9.92479e+00	4.06290e-13
9.93516e+00	3.87158e-13
9.94553e+00	3.68922e-13
9.95590e+00	3.51544e-13
9.96627e+00	3.34987e-13
9.97664e+00	3.19216e-13
9.98701e+00	3.04199e-13
9.99738e+00	2.89913e-13
1.00078e+01	2.76315e-13
1.00181e+01	2.63453e-13
1.00285e+01	2.51176e-13
1.00389e+01	2.39482e-13
1.00492e+01	2.28416e-13
1.00596e+01	2.17915e-13
1.00700e+01	2.07956e-13
1.00804e+01	1.98513e-13
1.00907e+01	1.89564e-13
1.01011e+01	1.81088e-13
1.01115e+01	1.73066e-13
1.01218e+01	1.65477e-13
1.01322e+01	1.58301e-13
1.01426e+01	1.51520e-13
1.01529e+01	1.45116e-13
1.01633e+01	1.39073e-13
1.01737e+01	1.33374e-13
1.01841e+01	1.28006e-13
1.01944e+01	1.22953e-13
1.02048e+01	1.18202e-13
1.02152e+01	1.13741e-13
1.02255e+01	1.09558e-13
1.02359e+01	1.05642e-13
1.02463e+01	1.01981e-13
1.02567e+01	9.85661e-14
1.02670e+01	9.53877e-14
1.02774e+01	9.24369e-14
1.02878e+01	8.97054e-14
1.02981e+01	8.71854e-14
1.03085e+01	8.48698e-14
1.03189e+01	8.27518e-14
1.03292e+01	8.08258e-14
1.03396e+01	7.90875e-14
1.03500e+01	7.75322e-14
1.03604e+01	7.62411e-14
1.03707e+01	7.45818e-14
