# The ell = 1 distribution, the first anisotropy.
# E_N [Td]	2.00000e+02
# col_1: Electron Energy [eV], col_2: f1 [eV^(-3/2)]
eV	f1
1.00100e-01	1.39280e-03
2.00200e-01	1.93341e-03
3.00300e-01	2.43032e-03
4.00400e-01	2.92390e-03
5.00501e-01	3.41235e-03
6.00601e-01	3.95595e-03
7.00701e-01	4.56987e-03
8.00801e-01	5.25340e-03
9.00901e-01	5.94326e-03
1.00100e+00	6.65484e-03
1.10110e+00	7.42230e-03
1.20120e+00	8.20508e-03
1.30130e+00	8.96489e-03
1.40140e+00	9.62952e-03
1.50150e+00	1.01768e-02
1.60160e+00	1.07847e-02
1.70170e+00	1.14329e-02
1.80180e+00	1.19512e-02
1.90190e+00	1.22838e-02
2.00200e+00	1.22863e-02
2.10210e+00	1.20851e-02
2.20220e+00	1.18000e-02
2.30230e+00	1.14994e-02
2.40240e+00	1.11991e-02
2.50250e+00	1.08602e-02
2.60260e+00	1.05712e-02
2.70270e+00	1.03137e-02
2.80280e+00	1.01294e-02
2.90290e+00	9.93727e-03
3.00300e+00	9.78367e-03
3.10310e+00	9.66628e-03
3.20320e+00	9.56812e-03
3.30330e+00	9.47604e-03
3.40340e+00	9.40535e-03
3.50350e+00	9.34597e-03
3.60360e+00	9.29086e-03
3.70370e+00	9.23684e-03
3.80380e+00	9.18665e-03
3.90390e+00	9.14271e-03
4.00400e+00	9.09864e-03
4.10410e+00	9.05281e-03
4.20420e+00	9.00337e-03
4.30430e+00	8.95043e-03
4.40440e+00	8.89383e-03
4.50450e+00	8.83428e-03
4.60460e+00	8.77262e-03
4.70470e+00	8.71056e-03
4.80480e+00	8.64879e-03
4.90490e+00	8.58780e-03
5.00501e+00	8.52763e-03
5.10511e+00	8.46734e-03
5.20521e+00	8.40627e-03
5.30531e+00	8.34399e-03
5.40541e+00	8.28065e-03
5.50551e+00	8.21639e-03
5.60561e+00	8.15135e-03
5.70571e+00	8.08565e-03
5.80581e+00	8.01941e-03
5.90591e+00	7.95273e-03
6.00601e+00	7.88571e-03
6.10611e+00	7.81842e-03
6.20621e+00	7.75095e-03
6.30631e+00	7.68336e-03
6.40641e+00	7.61571e-03
6.50651e+00	7.54808e-03
6.60661e+00	7.48050e-03
6.70671e+00	7.41305e-03
6.80681e+00	7.34577e-03
6.90691e+00	7.27866e-03
7.00701e+00	7.21177e-03
7.10711e+00	7.14516e-03
7.20721e+00	7.07888e-03
7.30731e+00	7.01298e-03
7.40741e+00	6.94751e-03
7.50751e+00	6.88226e-03
7.60761e+00	6.81725e-03
7.70771e+00	6.75249e-03
7.80781e+00	6.68797e-03
7.90791e+00	6.62326e-03
8.00801e+00	6.55827e-03
8.10811e+00	6.49296e-03
8.20821e+00	6.42728e-03
8.30831e+00	6.36115e-03
8.40841e+00	6.29430e-03
8.50851e+00	6.22664e-03
8.60861e+00	6.15796e-03
8.70871e+00	6.08876e-03
8.80881e+00	6.01911e-03
8.90891e+00	5.94905e-03
9.00901e+00	5.87865e-03
9.10911e+00	5.80834e-03
9.20921e+00	5.73847e-03
9.30931e+00	5.66905e-03
9.40941e+00	5.60012e-03
9.50951e+00	5.53170e-03
9.60961e+00	5.46381e-03
9.70971e+00	5.39639e-03
9.80981e+00	5.32938e-03
9.90991e+00	5.26281e-03
1.00100e+01	5.19669e-03
1.01101e+01	5.13130e-03
1.02102e+01	5.06688e-03
1.03103e+01	5.00340e-03
1.04104e+01	4.94085e-03
1.05105e+01	4.87922e-03
1.06106e+01	4.81848e-03
1.07107e+01	4.75859e-03
1.08108e+01	4.69960e-03
1.09109e+01	4.64148e-03
1.10110e+01	4.58426e-03
1.11111e+01	4.52792e-03
1.12112e+01	4.47248e-03
1.13113e+01	4.41783e-03
1.14114e+01	4.36391e-03
1.15115e+01	4.31072e-03
1.16116e+01	4.25792e-03
1.17117e+01	4.20168e-03
1.18118e+01	4.14661e-03
1.19119e+01	4.08815e-03
1.20120e+01	4.03104e-03
1.21121e+01	3.97502e-03
1.22122e+01	3.91933e-03
1.23123e+01	3.86347e-03
1.24124e+01	3.80753e-03
1.25125e+01	3.75151e-03
1.26126e+01	3.69515e-03
1.27127e+01	3.63877e-03
1.28128e+01	3.58290e-03
1.29129e+01	3.52843e-03
1.30130e+01	3.47574e-03
1.31131e+01	3.41847e-03
1.32132e+01	3.36732e-03
1.33133e+01	3.31767e-03
1.34134e+01	3.26974e-03
1.35135e+01	3.22090e-03
1.36136e+01	3.17215e-03
1.37137e+01	3.12328e-03
1.38138e+01	3.07436e-03
1.39139e+01	3.02530e-03
1.40140e+01	2.97571e-03
1.41141e+01	2.92561e-03
1.42142e+01	2.87504e-03
1.43143e+01	2.82394e-03
1.44144e+01	2.77226e-03
1.45145e+01	2.72012e-03
1.46146e+01	2.66764e-03
1.47147e+01	2.61493e-03
1.48148e+01	2.56208e-03
1.49149e+01	2.50916e-03
1.50150e+01	2.45626e-03
1.51151e+01	2.40372e-03
1.52152e+01	2.35172e-03
1.53153e+01	2.30029e-03
1.54154e+01	2.24946e-03
1.55155e+01	2.19926e-03
1.56156e+01	2.14970e-03
1.57157e+01	2.10079e-03
1.58158e+01	2.05250e-03
1.59159e+01	2.00423e-03
1.60160e+01	1.95606e-03
1.61161e+01	1.90820e-03
1.62162e+01	1.86079e-03
1.63163e+01	1.81385e-03
1.64164e+01	1.76744e-03
1.65165e+01	1.72158e-03
1.66166e+01	1.67626e-03
1.67167e+01	1.63152e-03
1.68168e+01	1.58738e-03
1.69169e+01	1.54386e-03
1.70170e+01	1.50099e-03
1.71171e+01	1.45882e-03
1.72172e+01	1.41739e-03
1.73173e+01	1.37673e-03
1.74174e+01	1.33683e-03
1.75175e+01	1.29770e-03
1.76176e+01	1.25933e-03
1.77177e+01	1.22171e-03
1.78178e+01	1.18484e-03
1.79179e+01	1.14873e-03
1.80180e+01	1.11339e-03
1.81181e+01	1.07885e-03
1.82182e+01	1.04513e-03
1.83183e+01	1.01222e-03
1.84184e+01	9.80121e-04
1.85185e+01	9.48812e-04
1.86186e+01	9.18282e-04
1.87187e+01	8.88519e-04
1.88188e+01	8.59512e-04
1.89189e+01	8.31254e-04
1.90190e+01	8.03736e-04
1.91191e+01	7.76970e-04
1.92192e+01	7.50955e-04
1.93193e+01	7.25674e-04
1.94194e+01	7.01110e-04
1.95195e+01	6.77250e-04
1.96196e+01	6.54080e-04
1.97197e+01	6.31581e-04
1.98198e+01	6.09741e-04
1.99199e+01	5.88546e-04
2.00200e+01	5.67977e-04
2.01201e+01	5.48030e-04
2.02202e+01	5.28693e-04
2.03203e+01	5.09959e-04
2.04204e+01	4.91813e-04
2.05205e+01	4.74239e-04
2.06206e+01	4.57236e-04
2.07207e+01	4.40792e-04
2.08208e+01	4.24892e-04
2.09209e+01	4.09518e-04
2.10210e+01	3.94657e-04
2.11211e+01	3.80298e-04
2.12212e+01	3.66426e-04
2.13213e+01	3.53027e-04
2.14214e+01	3.40087e-04
2.15215e+01	3.27591e-04
2.16216e+01	3.15522e-04
2.17217e+01	3.03866e-04
2.18218e+01	2.92610e-04
2.19219e+01	2.81742e-04
2.20220e+01	2.71252e-04
2.21221e+01	2.61134e-04
2.22222e+01	2.51383e-04
2.23223e+01	2.41986e-04
2.24224e+01	2.32932e-04
2.25225e+01	2.24206e-04
2.26226e+01	2.15798e-04
2.27227e+01	2.07693e-04
2.28228e+01	1.99882e-04
2.29229e+01	1.92354e-04
2.30230e+01	1.85099e-04
2.31231e+01	1.78112e-04
2.32232e+01	1.71381e-04
2.33233e+01	1.64900e-04
2.34234e+01	1.58658e-04
2.35235e+01	1.52648e-04
2.36236e+01	1.46860e-04
2.37237e+01	1.41287e-04
2.38238e+01	1.35921e-04
2.39239e+01	1.30754e-04
2.40240e+01	1.25780e-04
2.41241e+01	1.20991e-04
2.42242e+01	1.16379e-04
2.43243e+01	1.11938e-04
2.44244e+01	1.07663e-04
2.45245e+01	1.03547e-04
2.46246e+01	9.95838e-05
2.47247e+01	9.57684e-05
2.48248e+01	9.20952e-05
2.49249e+01	8.85590e-05
2.50250e+01	8.51556e-05
2.51251e+01	8.18804e-05
2.52252e+01	7.87299e-05
2.53253e+01	7.56993e-05
2.54254e+01	7.27841e-05
2.55255e+01	6.99794e-05
2.56256e+01	6.72808e-05
2.57257e+01	6.46836e-05
2.58258e+01	6.21840e-05
2.59259e+01	5.97784e-05
2.60260e+01	5.74633e-05
2.61261e+01	5.52370e-05
2.62262e+01	5.30962e-05
2.63263e+01	5.10379e-05
2.64264e+01	4.90588e-05
2.65265e+01	4.71559e-05
2.66266e+01	4.53264e-05
2.67267e+01	4.35674e-05
2.68268e+01	4.18763e-05
2.69269e+01	4.02504e-05
2.70270e+01	3.86874e-05
2.71271e+01	3.71847e-05
2.72272e+01	3.57401e-05
2.73273e+01	3.43513e-05
2.74274e+01	3.30162e-05
2.75275e+01	3.17328e-05
2.76276e+01	3.04991e-05
2.77277e+01	2.93130e-05
2.78278e+01	2.81730e-05
2.79279e+01	2.70771e-05
2.80280e+01	2.60235e-05
2.81281e+01	2.50107e-05
2.82282e+01	2.40371e-05
2.83283e+01	2.31010e-05
2.84284e+01	2.22011e-05
2.85285e+01	2.13359e-05
2.86286e+01	2.05042e-05
2.87287e+01	1.97046e-05
2.88288e+01	1.89360e-05
2.89289e+01	1.81970e-05
2.90290e+01	1.74867e-05
2.91291e+01	1.68038e-05
2.92292e+01	1.61474e-05
2.93293e+01	1.55163e-05
2.94294e+01	1.49096e-05
2.95295e+01	1.43264e-05
2.96296e+01	1.37657e-05
2.97297e+01	1.32267e-05
2.98298e+01	1.27086e-05
2.99299e+01	1.22105e-05
3.00300e+01	1.17318e-05
3.01301e+01	1.12716e-05
3.02302e+01	1.08294e-05
3.03303e+01	1.04045e-05
3.04304e+01	9.99626e-06
3.05305e+01	9.60395e-06
3.06306e+01	9.22700e-06
3.07307e+01	8.86479e-06
3.08308e+01	8.51674e-06
3.09309e+01	8.18231e-06
3.10310e+01	7.86097e-06
3.11311e+01	7.55221e-06
3.12312e+01	7.25553e-06
3.13313e+01	6.97047e-06
3.14314e+01	6.69656e-06
3.15315e+01	6.43338e-06
3.16316e+01	6.18050e-06
3.17317e+01	5.93754e-06
3.18318e+01	5.70409e-06
3.19319e+01	5.47979e-06
3.20320e+01	5.26428e-06
3.21321e+01	5.05723e-06
3.22322e+01	4.85833e-06
3.23323e+01	4.66724e-06
3.24324e+01	4.48366e-06
3.25325e+01	4.30730e-06
3.26326e+01	4.13788e-06
3.27327e+01	3.97512e-06
3.28328e+01	3.81877e-06
3.29329e+01	3.66856e-06
3.30330e+01	3.52426e-06
3.31331e+01	3.38564e-06
3.32332e+01	3.25247e-06
3.33333e+01	3.12454e-06
3.34334e+01	3.00164e-06
3.35335e+01	2.88357e-06
3.36336e+01	2.77015e-06
3.37337e+01	2.66119e-06
3.38338e+01	2.55651e-06
3.39339e+01	2.45595e-06
3.40340e+01	2.35936e-06
3.41341e+01	2.26659e-06
3.42342e+01	2.17749e-06
3.43343e+01	2.09190e-06
3.44344e+01	2.00970e-06
3.45345e+01	1.93075e-06
3.46346e+01	1.85492e-06
3.47347e+01	1.78209e-06
3.48348e+01	1.71214e-06
3.49349e+01	1.64494e-06
3.50350e+01	1.58041e-06
3.51351e+01	1.51841e-06
3.52352e+01	1.45886e-06
3.53353e+01	1.40165e-06
3.54354e+01	1.34670e-06
3.55355e+01	1.29390e-06
3.56356e+01	1.24319e-06
3.57357e+01	1.19447e-06
3.58358e+01	1.14767e-06
3.59359e+01	1.10270e-06
3.60360e+01	1.05950e-06
3.61361e+01	1.01802e-06
3.62362e+01	9.78180e-07
3.63363e+01	9.39924e-07
3.64364e+01	9.03185e-07
3.65365e+01	8.67903e-07
3.66366e+01	8.34019e-07
3.67367e+01	8.01477e-07
3.68368e+01	7.70223e-07
3.69369e+01	7.40205e-07
3.70370e+01	7.11373e-07
3.71371e+01	6.83681e-07
3.72372e+01	6.57083e-07
3.73373e+01	6.31536e-07
3.74374e+01	6.06999e-07
3.75375e+01	5.83431e-07
3.76376e+01	5.60792e-07
3.77377e+01	5.39046e-07
3.78378e+01	5.18157e-07
3.79379e+01	4.98090e-07
3.80380e+01	4.78812e-07
3.81381e+01	4.60293e-07
3.82382e+01	4.42500e-07
3.83383e+01	4.25407e-07
3.84384e+01	4.08985e-07
3.85385e+01	3.93211e-07
3.86386e+01	3.78059e-07
3.87387e+01	3.63502e-07
3.88388e+01	3.49518e-07
3.89389e+01	3.36083e-07
3.90390e+01	3.23175e-07
3.91391e+01	3.10773e-07
3.92392e+01	2.98856e-07
3.93393e+01	2.87405e-07
3.94394e+01	2.76402e-07
3.95395e+01	2.65827e-07
3.96396e+01	2.55664e-07
3.97397e+01	2.45896e-07
3.98398e+01	2.36508e-07
3.99399e+01	2.27483e-07
4.00400e+01	2.18808e-07
4.01401e+01	2.10469e-07
4.02402e+01	2.02454e-07
4.03403e+01	1.94749e-07
4.04404e+01	1.87344e-07
4.05405e+01	1.80224e-07
4.06406e+01	1.73380e-07
4.07407e+01	1.66800e-07
4.08408e+01	1.60474e-07
4.09409e+01	1.54392e-07
4.10410e+01	1.48545e-07
4.11411e+01	1.42923e-07
4.12412e+01	1.37516e-07
4.13413e+01	1.32318e-07
4.14414e+01	1.27320e-07
4.15415e+01	1.22513e-07
4.16416e+01	1.17891e-07
4.17417e+01	1.13446e-07
4.18418e+01	1.09171e-07
4.19419e+01	1.05060e-07
4.20420e+01	1.01106e-07
4.21421e+01	9.73030e-08
4.22422e+01	9.36456e-08
4.23423e+01	9.01279e-08
4.24424e+01	8.67445e-08
4.25425e+01	8.34900e-08
4.26426e+01	8.03596e-08
4.27427e+01	7.73484e-08
4.28428e+01	7.44518e-08
4.29429e+01	7.16656e-08
4.30430e+01	6.89854e-08
4.31431e+01	6.64073e-08
4.32432e+01	6.39272e-08
4.33433e+01	6.15413e-08
4.34434e+01	5.92460e-08
4.35435e+01	5.70378e-08
4.36436e+01	5.49134e-08
4.37437e+01	5.28695e-08
4.38438e+01	5.09031e-08
4.39439e+01	4.90111e-08
4.40440e+01	4.71907e-08
4.41441e+01	4.54392e-08
4.42442e+01	4.37538e-08
4.43443e+01	4.21321e-08
4.44444e+01	4.05716e-08
4.45445e+01	3.90700e-08
4.46446e+01	3.76250e-08
4.47447e+01	3.62344e-08
4.48448e+01	3.48961e-08
4.49449e+01	3.36081e-08
4.50450e+01	3.23685e-08
4.51451e+01	3.11755e-08
4.52452e+01	3.00272e-08
4.53453e+01	2.89220e-08
4.54454e+01	2.78582e-08
4.55455e+01	2.68342e-08
4.56456e+01	2.58485e-08
4.57457e+01	2.48997e-08
4.58458e+01	2.39863e-08
4.59459e+01	2.31071e-08
4.60460e+01	2.22608e-08
4.61461e+01	2.14461e-08
4.62462e+01	2.06620e-08
4.63463e+01	1.99071e-08
4.64464e+01	1.91805e-08
4.65465e+01	1.84809e-08
4.66466e+01	1.78074e-08
4.67467e+01	1.71590e-08
4.68468e+01	1.65347e-08
4.69469e+01	1.59336e-08
4.70470e+01	1.53549e-08
4.71471e+01	1.47976e-08
4.72472e+01	1.42610e-08
4.73473e+01	1.37443e-08
4.74474e+01	1.32467e-08
4.75475e+01	1.27676e-08
4.76476e+01	1.23061e-08
4.77477e+01	1.18617e-08
4.78478e+01	1.14337e-08
4.79479e+01	1.10215e-08
4.80480e+01	1.06244e-08
4.81481e+01	1.02420e-08
4.82482e+01	9.87370e-09
4.83483e+01	9.51891e-09
4.84484e+01	9.17714e-09
4.85485e+01	8.84792e-09
4.86486e+01	8.53077e-09
4.87487e+01	8.22525e-09
4.88488e+01	7.93090e-09
4.89489e+01	7.64733e-09
4.90490e+01	7.37411e-09
4.91491e+01	7.11087e-09
4.92492e+01	6.85723e-09
4.93493e+01	6.61283e-09
4.94494e+01	6.37732e-09
4.95495e+01	6.15039e-09
4.96496e+01	5.93169e-09
4.97497e+01	5.72094e-09
4.98498e+01	5.51783e-09
4.99499e+01	5.32209e-09
5.00501e+01	5.13342e-09
5.01502e+01	4.95158e-09
5.02503e+01	4.77631e-09
5.03504e+01	4.60737e-09
5.04505e+01	4.44451e-09
5.05506e+01	4.28753e-09
5.06507e+01	4.13619e-09
5.07508e+01	3.99030e-09
5.08509e+01	3.84965e-09
5.09510e+01	3.71405e-09
5.10511e+01	3.58332e-09
5.11512e+01	3.45728e-09
5.12513e+01	3.33576e-09
5.13514e+01	3.21858e-09
5.14515e+01	3.10561e-09
5.15516e+01	2.99667e-09
5.16517e+01	2.89164e-09
5.17518e+01	2.79035e-09
5.18519e+01	2.69267e-09
5.19520e+01	2.59847e-09
5.20521e+01	2.50761e-09
5.21522e+01	2.41999e-09
5.22523e+01	2.33548e-09
5.23524e+01	2.25398e-09
5.24525e+01	2.17536e-09
5.25526e+01	2.09954e-09
5.26527e+01	2.02640e-09
5.27528e+01	1.95586e-09
5.28529e+01	1.88781e-09
5.29530e+01	1.82217e-09
5.30531e+01	1.75885e-09
5.31532e+01	1.69777e-09
5.32533e+01	1.63885e-09
5.33534e+01	1.58201e-09
5.34535e+01	1.52717e-09
5.35536e+01	1.47427e-09
5.36537e+01	1.42323e-09
5.37538e+01	1.37399e-09
5.38539e+01	1.32648e-09
5.39540e+01	1.28065e-09
5.40541e+01	1.23642e-09
5.41542e+01	1.19375e-09
5.42543e+01	1.15258e-09
5.43544e+01	1.11286e-09
5.44545e+01	1.07452e-09
5.45546e+01	1.03754e-09
5.46547e+01	1.00184e-09
5.47548e+01	9.67401e-10
5.48549e+01	9.34163e-10
5.49550e+01	9.02088e-10
5.50551e+01	8.71135e-10
5.51552e+01	8.41262e-10
5.52553e+01	8.12433e-10
5.53554e+01	7.84609e-10
5.54555e+01	7.57756e-10
5.55556e+01	7.31838e-10
5.56557e+01	7.06823e-10
5.57558e+01	6.82678e-10
5.58559e+01	6.59374e-10
5.59560e+01	6.36880e-10
5.60561e+01	6.15169e-10
5.61562e+01	5.94211e-10
5.62563e+01	5.73982e-10
5.63564e+01	5.54454e-10
5.64565e+01	5.35603e-10
5.65566e+01	5.17406e-10
5.66567e+01	4.99839e-10
5.67568e+01	4.82879e-10
5.68569e+01	4.66507e-10
5.69570e+01	4.50700e-10
5.70571e+01	4.35439e-10
5.71572e+01	4.20705e-10
5.72573e+01	4.06479e-10
5.73574e+01	3.92743e-10
5.74575e+01	3.79480e-10
5.75576e+01	3.66675e-10
5.76577e+01	3.54309e-10
5.77578e+01	3.42369e-10
5.78579e+01	3.30840e-10
5.79580e+01	3.19706e-10
5.80581e+01	3.08954e-10
5.81582e+01	2.98571e-10
5.82583e+01	2.88544e-10
5.83584e+01	2.78860e-10
5.84585e+01	2.69507e-10
5.85586e+01	2.60475e-10
5.86587e+01	2.51751e-10
5.87588e+01	2.43324e-10
5.88589e+01	2.35186e-10
5.89590e+01	2.27325e-10
5.90591e+01	2.19732e-10
5.91592e+01	2.12397e-10
5.92593e+01	2.05312e-10
5.93594e+01	1.98468e-10
5.94595e+01	1.91857e-10
5.95596e+01	1.85470e-10
5.96597e+01	1.79299e-10
5.97598e+01	1.73338e-10
5.98599e+01	1.67578e-10
5.99600e+01	1.62014e-10
6.00601e+01	1.56637e-10
6.01602e+01	1.51442e-10
6.02603e+01	1.46422e-10
6.03604e+01	1.41572e-10
6.04605e+01	1.36884e-10
6.05606e+01	1.32354e-10
6.06607e+01	1.27977e-10
6.07608e+01	1.23746e-10
6.08609e+01	1.19658e-10
6.09610e+01	1.15707e-10
6.10611e+01	1.11888e-10
6.11612e+01	1.08197e-10
6.12613e+01	1.04630e-10
6.13614e+01	1.01183e-10
6.14615e+01	9.78503e-11
6.15616e+01	9.46296e-11
6.16617e+01	9.15165e-11
6.17618e+01	8.85074e-11
6.18619e+01	8.55988e-11
6.19620e+01	8.27873e-11
6.20621e+01	8.00696e-11
6.21622e+01	7.74425e-11
6.22623e+01	7.49029e-11
6.23624e+01	7.24479e-11
6.24625e+01	7.00746e-11
6.25626e+01	6.77803e-11
6.26627e+01	6.55623e-11
6.27628e+01	6.34179e-11
6.28629e+01	6.13448e-11
6.29630e+01	5.93406e-11
6.30631e+01	5.74028e-11
6.31632e+01	5.55293e-11
6.32633e+01	5.37179e-11
6.33634e+01	5.19664e-11
6.34635e+01	5.02730e-11
6.35636e+01	4.86356e-11
6.36637e+01	4.70524e-11
6.37638e+01	4.55215e-11
6.38639e+01	4.40411e-11
6.39640e+01	4.26097e-11
6.40641e+01	4.12255e-11
6.41642e+01	3.98869e-11
6.42643e+01	3.85925e-11
6.43644e+01	3.73407e-11
6.44645e+01	3.61303e-11
6.45646e+01	3.49599e-11
6.46647e+01	3.38282e-11
6.47648e+01	3.27337e-11
6.48649e+01	3.16754e-11
6.49650e+01	3.06519e-11
6.50651e+01	2.96621e-11
6.51652e+01	2.87049e-11
6.52653e+01	2.77791e-11
6.53654e+01	2.68838e-11
6.54655e+01	2.60179e-11
6.55656e+01	2.51804e-11
6.56657e+01	2.43703e-11
6.57658e+01	2.35868e-11
6.58659e+01	2.28290e-11
6.59660e+01	2.20960e-11
6.60661e+01	2.13870e-11
6.61662e+01	2.07011e-11
6.62663e+01	2.00377e-11
6.63664e+01	1.93959e-11
6.64665e+01	1.87750e-11
6.65666e+01	1.81744e-11
6.66667e+01	1.75934e-11
6.67668e+01	1.70313e-11
6.68669e+01	1.64875e-11
6.69670e+01	1.59614e-11
6.70671e+01	1.54524e-11
6.71672e+01	1.49599e-11
6.72673e+01	1.44834e-11
6.73674e+01	1.40224e-11
6.74675e+01	1.35763e-11
6.75676e+01	1.31447e-11
6.76677e+01	1.27271e-11
6.77678e+01	1.23229e-11
6.78679e+01	1.19319e-11
6.79680e+01	1.15534e-11
6.80681e+01	1.11872e-11
6.81682e+01	1.08328e-11
6.82683e+01	1.04899e-11
6.83684e+01	1.01580e-11
6.84685e+01	9.83676e-12
6.85686e+01	9.52589e-12
6.86687e+01	9.22500e-12
6.87688e+01	8.93379e-12
6.88689e+01	8.65193e-12
6.89690e+01	8.37911e-12
6.90691e+01	8.11504e-12
6.91692e+01	7.85942e-12
6.92693e+01	7.61199e-12
6.93694e+01	7.37247e-12
6.94695e+01	7.14061e-12
6.95696e+01	6.91615e-12
6.96697e+01	6.69886e-12
6.97698e+01	6.48849e-12
6.98699e+01	6.28483e-12
6.99700e+01	6.08765e-12
7.00701e+01	5.89674e-12
7.01702e+01	5.71189e-12
7.02703e+01	5.53292e-12
7.03704e+01	5.35962e-12
7.04705e+01	5.19182e-12
7.05706e+01	5.02933e-12
7.06707e+01	4.87199e-12
7.07708e+01	4.71964e-12
7.08709e+01	4.57211e-12
7.09710e+01	4.42924e-12
7.10711e+01	4.29090e-12
7.11712e+01	4.15694e-12
7.12713e+01	4.02721e-12
7.13714e+01	3.90158e-12
7.14715e+01	3.77991e-12
7.15716e+01	3.66209e-12
7.16717e+01	3.54798e-12
7.17718e+01	3.43747e-12
7.18719e+01	3.33044e-12
7.19720e+01	3.22679e-12
7.20721e+01	3.12640e-12
7.21722e+01	3.02917e-12
7.22723e+01	2.93500e-12
7.23724e+01	2.84379e-12
7.24725e+01	2.75544e-12
7.25726e+01	2.66988e-12
7.26727e+01	2.58700e-12
7.27728e+01	2.50673e-12
7.28729e+01	2.42897e-12
7.29730e+01	2.35366e-12
7.30731e+01	2.28070e-12
7.31732e+01	2.21004e-12
7.32733e+01	2.14159e-12
7.33734e+01	2.07528e-12
7.34735e+01	2.01105e-12
7.35736e+01	1.94884e-12
7.36737e+01	1.88857e-12
7.37738e+01	1.83018e-12
7.38739e+01	1.77363e-12
7.39740e+01	1.71884e-12
7.40741e+01	1.66576e-12
7.41742e+01	1.61434e-12
7.42743e+01	1.56453e-12
7.43744e+01	1.51627e-12
7.44745e+01	1.46951e-12
7.45746e+01	1.42422e-12
7.46747e+01	1.38033e-12
7.47748e+01	1.33782e-12
7.48749e+01	1.29663e-12
7.49750e+01	1.25672e-12
7.50751e+01	1.21806e-12
7.51752e+01	1.18059e-12
7.52753e+01	1.14430e-12
7.53754e+01	1.10913e-12
7.54755e+01	1.07505e-12
7.55756e+01	1.04204e-12
7.56757e+01	1.01005e-12
7.57758e+01	9.79050e-13
7.58759e+01	9.49015e-13
7.59760e+01	9.19912e-13
7.60761e+01	8.91711e-13
7.61762e+01	8.64385e-13
7.62763e+01	8.37905e-13
7.63764e+01	8.12246e-13
7.64765e+01	7.87382e-13
7.65766e+01	7.63287e-13
7.66767e+01	7.39938e-13
7.67768e+01	7.17312e-13
7.68769e+01	6.95385e-13
7.69770e+01	6.74136e-13
7.70771e+01	6.53544e-13
7.71772e+01	6.33587e-13
7.72773e+01	6.14247e-13
7.73774e+01	5.95505e-13
7.74775e+01	5.77340e-13
7.75776e+01	5.59736e-13
7.76777e+01	5.42674e-13
7.77778e+01	5.26139e-13
7.78779e+01	5.10113e-13
7.79780e+01	4.94581e-13
7.80781e+01	4.79527e-13
7.81782e+01	4.64936e-13
7.82783e+01	4.50795e-13
7.83784e+01	4.37088e-13
7.84785e+01	4.23803e-13
7.85786e+01	4.10926e-13
7.86787e+01	3.98445e-13
7.87788e+01	3.86347e-13
7.88789e+01	3.74620e-13
7.89790e+01	3.63254e-13
7.90791e+01	3.52237e-13
7.91792e+01	3.41561e-13
7.92793e+01	3.31213e-13
7.93794e+01	3.21184e-13
7.94795e+01	3.11464e-13
7.95796e+01	3.02044e-13
7.96797e+01	2.92913e-13
7.97798e+01	2.84062e-13
7.98799e+01	2.75484e-13
7.99800e+01	2.67169e-13
8.00801e+01	2.59109e-13
8.01802e+01	2.51297e-13
8.02803e+01	2.43725e-13
8.03804e+01	2.36384e-13
8.04805e+01	2.29269e-13
8.05806e+01	2.22371e-13
8.06807e+01	2.15685e-13
8.07808e+01	2.09203e-13
8.08809e+01	2.02920e-13
8.09810e+01	1.96828e-13
8.10811e+01	1.90923e-13
8.11812e+01	1.85198e-13
8.12813e+01	1.79648e-13
8.13814e+01	1.74267e-13
8.14815e+01	1.69050e-13
8.15816e+01	1.63993e-13
8.16817e+01	1.59089e-13
8.17818e+01	1.54334e-13
8.18819e+01	1.49724e-13
8.19820e+01	1.45255e-13
8.20821e+01	1.40921e-13
8.21822e+01	1.36719e-13
8.22823e+01	1.32644e-13
8.23824e+01	1.28693e-13
8.24825e+01	1.24862e-13
8.25826e+01	1.21147e-13
8.26827e+01	1.17545e-13
8.27828e+01	1.14051e-13
8.28829e+01	1.10663e-13
8.29830e+01	1.07378e-13
8.30831e+01	1.04192e-13
8.31832e+01	1.01103e-13
8.32833e+01	9.81061e-14
8.33834e+01	9.52002e-14
8.34835e+01	9.23818e-14
8.35836e+01	8.96484e-14
8.36837e+01	8.69974e-14
8.37838e+01	8.44262e-14
8.38839e+01	8.19323e-14
8.39840e+01	7.95135e-14
8.40841e+01	7.71673e-14
8.41842e+01	7.48916e-14
8.42843e+01	7.26843e-14
8.43844e+01	7.05431e-14
8.44845e+01	6.84662e-14
8.45846e+01	6.64515e-14
8.46847e+01	6.44971e-14
8.47848e+01	6.26013e-14
8.48849e+01	6.07621e-14
8.49850e+01	5.89780e-14
8.50851e+01	5.72472e-14
8.51852e+01	5.55682e-14
8.52853e+01	5.39392e-14
8.53854e+01	5.23589e-14
8.54855e+01	5.08257e-14
8.55856e+01	4.93383e-14
8.56857e+01	4.78951e-14
8.57858e+01	4.64950e-14
8.58859e+01	4.51365e-14
8.59860e+01	4.38184e-14
8.60861e+01	4.25394e-14
8.61862e+01	4.12986e-14
8.62863e+01	4.00946e-14
8.63864e+01	3.89264e-14
8.64865e+01	3.77929e-14
8.65866e+01	3.66931e-14
8.66867e+01	3.56260e-14
8.67868e+01	3.45904e-14
8.68869e+01	3.35856e-14
8.69870e+01	3.26106e-14
8.70871e+01	3.16644e-14
8.71872e+01	3.07462e-14
8.72873e+01	2.98553e-14
8.73874e+01	2.89906e-14
8.74875e+01	2.81515e-14
8.75876e+01	2.73373e-14
8.76877e+01	2.65470e-14
8.77878e+01	2.57801e-14
8.78879e+01	2.50358e-14
8.79880e+01	2.43135e-14
8.80881e+01	2.36124e-14
8.81882e+01	2.29319e-14
8.82883e+01	2.22715e-14
8.83884e+01	2.16304e-14
8.84885e+01	2.10083e-14
8.85886e+01	2.04044e-14
8.86887e+01	1.98183e-14
8.87888e+01	1.92495e-14
8.88889e+01	1.86974e-14
8.89890e+01	1.81616e-14
8.90891e+01	1.76415e-14
8.91892e+01	1.71368e-14
8.92893e+01	1.66468e-14
8.93894e+01	1.61713e-14
8.94895e+01	1.57097e-14
8.95896e+01	1.52616e-14
8.96897e+01	1.48267e-14
8.97898e+01	1.44046e-14
8.98899e+01	1.39948e-14
8.99900e+01	1.35970e-14
9.00901e+01	1.32109e-14
9.01902e+01	1.28361e-14
9.02903e+01	1.24723e-14
9.03904e+01	1.21191e-14
9.04905e+01	1.17763e-14
9.05906e+01	1.14435e-14
9.06907e+01	1.11205e-14
9.07908e+01	1.08069e-14
9.08909e+01	1.05025e-14
9.09910e+01	1.02070e-14
9.10911e+01	9.92021e-15
9.11912e+01	9.64178e-15
9.12913e+01	9.37151e-15
9.13914e+01	9.10915e-15
9.14915e+01	8.85449e-15
9.15916e+01	8.60729e-15
9.16917e+01	8.36734e-15
9.17918e+01	8.13444e-15
9.18919e+01	7.90837e-15
9.19920e+01	7.68894e-15
9.20921e+01	7.47596e-15
9.21922e+01	7.26925e-15
9.22923e+01	7.06862e-15
9.23924e+01	6.87391e-15
9.24925e+01	6.68494e-15
9.25926e+01	6.50155e-15
9.26927e+01	6.32358e-15
9.27928e+01	6.15088e-15
9.28929e+01	5.98330e-15
9.29930e+01	5.82069e-15
9.30931e+01	5.66291e-15
9.31932e+01	5.50983e-15
9.32933e+01	5.36130e-15
9.33934e+01	5.21722e-15
9.34935e+01	5.07744e-15
9.35936e+01	4.94186e-15
9.36937e+01	4.81035e-15
9.37938e+01	4.68280e-15
9.38939e+01	4.55909e-15
9.39940e+01	4.43914e-15
9.40941e+01	4.32282e-15
9.41942e+01	4.21005e-15
9.42943e+01	4.10072e-15
9.43944e+01	3.99474e-15
9.44945e+01	3.89202e-15
9.45946e+01	3.79247e-15
9.46947e+01	3.69600e-15
9.47948e+01	3.60254e-15
9.48949e+01	3.51200e-15
9.49950e+01	3.42431e-15
9.50951e+01	3.33939e-15
9.51952e+01	3.25717e-15
9.52953e+01	3.17757e-15
9.53954e+01	3.10054e-15
9.54955e+01	3.02599e-15
9.55956e+01	2.95388e-15
9.56957e+01	2.88413e-15
9.57958e+01	2.81669e-15
9.58959e+01	2.75150e-15
9.59960e+01	2.68850e-15
9.60961e+01	2.62764e-15
9.61962e+01	2.56887e-15
9.62963e+01	2.51214e-15
9.63964e+01	2.45739e-15
9.64965e+01	2.40459e-15
9.65966e+01	2.35367e-15
9.66967e+01	2.30461e-15
9.67968e+01	2.25736e-15
9.68969e+01	2.21187e-15
9.69970e+01	2.16811e-15
9.70971e+01	2.12604e-15
9.71972e+01	2.08562e-15
9.72973e+01	2.04681e-15
9.73974e+01	2.00959e-15
9.74975e+01	1.97392e-15
9.75976e+01	1.93976e-15
9.76977e+01	1.90709e-15
9.77978e+01	1.87587e-15
9.78979e+01	1.84608e-15
9.79980e+01	1.81770e-15
9.80981e+01	1.79069e-15
9.81982e+01	1.76502e-15
9.82983e+01	1.74069e-15
9.83984e+01	1.71765e-15
9.84985e+01	1.69589e-15
9.85986e+01	1.67540e-15
9.86987e+01	1.65613e-15
9.87988e+01	1.63809e-15
9.88989e+01	1.62125e-15
9.89990e+01	1.60558e-15
9.90991e+01	1.59108e-15
9.91992e+01	1.57772e-15
9.92993e+01	1.56550e-15
9.93994e+01	1.55439e-15
9.94995e+01	1.54438e-15
9.95996e+01	1.53545e-15
9.96997e+01	1.52760e-15
9.97998e+01	1.52081e-15
9.98999e+01	1.51506e-15
1.00000e+02	1.51035e-15
1.00100e+02	1.50663e-15
