# The ell = 1 distribution, the first anisotropy.
# E_N [Td]	5.00000e+00
# col_1: Electron Energy [eV], col_2: f1 [eV^(-3/2)]
eV	f1
1.17735e-02	1.04370e-04
2.35471e-02	1.51497e-04
3.53206e-02	1.98857e-04
4.70941e-02	2.30617e-04
5.88677e-02	2.59960e-04
7.06412e-02	2.85300e-04
8.24147e-02	3.07058e-04
9.41883e-02	3.28417e-04
1.05962e-01	3.47433e-04
1.17735e-01	3.66032e-04
1.29509e-01	3.83896e-04
1.41282e-01	4.01249e-04
1.53056e-01	4.18667e-04
1.64829e-01	4.35063e-04
1.76603e-01	4.52496e-04
1.88377e-01	4.69556e-04
2.00150e-01	4.86205e-04
2.11924e-01	5.03437e-04
2.23697e-01	5.20340e-04
2.35471e-01	5.37634e-04
2.47244e-01	5.54357e-04
2.59018e-01	5.71936e-04
2.70791e-01	5.89244e-04
2.82565e-01	6.06631e-04
2.94338e-01	6.24202e-04
3.06112e-01	6.38647e-04
3.17885e-01	6.50236e-04
3.29659e-01	6.59160e-04
3.41433e-01	6.68717e-04
3.53206e-01	6.78641e-04
3.64980e-01	6.88667e-04
3.76753e-01	6.99395e-04
3.88527e-01	7.11989e-04
4.00300e-01	7.26102e-04
4.12074e-01	7.41249e-04
4.23847e-01	7.59908e-04
4.35621e-01	7.82343e-04
4.47394e-01	8.07648e-04
4.59168e-01	8.34976e-04
4.70941e-01	8.66662e-04
4.82715e-01	9.03875e-04
4.94488e-01	9.45290e-04
5.06262e-01	9.89636e-04
5.18036e-01	1.03811e-03
5.29809e-01	1.09755e-03
5.41583e-01	1.16527e-03
5.53356e-01	1.23915e-03
5.65130e-01	1.31727e-03
5.76903e-01	1.40575e-03
5.88677e-01	1.50556e-03
6.00450e-01	1.61321e-03
6.12224e-01	1.72735e-03
6.23997e-01	1.84474e-03
6.35771e-01	1.98270e-03
6.47544e-01	2.13693e-03
6.59318e-01	2.30316e-03
6.71092e-01	2.47811e-03
6.82865e-01	2.66264e-03
6.94639e-01	2.88140e-03
7.06412e-01	3.13850e-03
7.18186e-01	3.42505e-03
7.29959e-01	3.73630e-03
7.41733e-01	4.06175e-03
7.53506e-01	4.42623e-03
7.65280e-01	4.84130e-03
7.77053e-01	5.29503e-03
7.88827e-01	5.77687e-03
8.00600e-01	6.27784e-03
8.12374e-01	6.79998e-03
8.24147e-01	7.34070e-03
8.35921e-01	7.89318e-03
8.47695e-01	8.45157e-03
8.59468e-01	9.01102e-03
8.71242e-01	9.58276e-03
8.83015e-01	1.02006e-02
8.94789e-01	1.08559e-02
9.06562e-01	1.15397e-02
9.18336e-01	1.22437e-02
9.30109e-01	1.29621e-02
9.41883e-01	1.37454e-02
9.53656e-01	1.46011e-02
9.65430e-01	1.55142e-02
9.77203e-01	1.64693e-02
9.88977e-01	1.74565e-02
1.00075e+00	1.84864e-02
1.01252e+00	1.96335e-02
1.02430e+00	2.08751e-02
1.03607e+00	2.21864e-02
1.04784e+00	2.35463e-02
1.05962e+00	2.49369e-02
1.07139e+00	2.63762e-02
1.08317e+00	2.79004e-02
1.09494e+00	2.94736e-02
1.10671e+00	3.10773e-02
1.11849e+00	3.26959e-02
1.13026e+00	3.43167e-02
1.14203e+00	3.59332e-02
1.15381e+00	3.75793e-02
1.16558e+00	3.92406e-02
1.17735e+00	4.09088e-02
1.18913e+00	4.25766e-02
1.20090e+00	4.42351e-02
1.21267e+00	4.58792e-02
1.22445e+00	4.75746e-02
1.23622e+00	4.93328e-02
1.24799e+00	5.11387e-02
1.25977e+00	5.29759e-02
1.27154e+00	5.48276e-02
1.28332e+00	5.66786e-02
1.29509e+00	5.85364e-02
1.30686e+00	6.06139e-02
1.31864e+00	6.28674e-02
1.33041e+00	6.52541e-02
1.34218e+00	6.77347e-02
1.35396e+00	7.02737e-02
1.36573e+00	7.28402e-02
1.37750e+00	7.53905e-02
1.38928e+00	7.78177e-02
1.40105e+00	8.01278e-02
1.41282e+00	8.23257e-02
1.42460e+00	8.44158e-02
1.43637e+00	8.64016e-02
1.44814e+00	8.82860e-02
1.45992e+00	9.01277e-02
1.47169e+00	9.19500e-02
1.48347e+00	9.37535e-02
1.49524e+00	9.55366e-02
1.50701e+00	9.72967e-02
1.51879e+00	9.90248e-02
1.53056e+00	1.00708e-01
1.54233e+00	1.02381e-01
1.55411e+00	1.04351e-01
1.56588e+00	1.06561e-01
1.57765e+00	1.08962e-01
1.58943e+00	1.11499e-01
1.60120e+00	1.14115e-01
1.61297e+00	1.16772e-01
1.62475e+00	1.19425e-01
1.63652e+00	1.21966e-01
1.64829e+00	1.24299e-01
1.66007e+00	1.26421e-01
1.67184e+00	1.28309e-01
1.68362e+00	1.29943e-01
1.69539e+00	1.31338e-01
1.70716e+00	1.32505e-01
1.71894e+00	1.33453e-01
1.73071e+00	1.34027e-01
1.74248e+00	1.34188e-01
1.75426e+00	1.33931e-01
1.76603e+00	1.33223e-01
1.77780e+00	1.32116e-01
1.78958e+00	1.30658e-01
1.80135e+00	1.28819e-01
1.81312e+00	1.26626e-01
1.82490e+00	1.24202e-01
1.83667e+00	1.21615e-01
1.84845e+00	1.18613e-01
1.86022e+00	1.15243e-01
1.87199e+00	1.11509e-01
1.88377e+00	1.07286e-01
1.89554e+00	1.02658e-01
1.90731e+00	9.77204e-02
1.91909e+00	9.25366e-02
1.93086e+00	8.72296e-02
1.94263e+00	8.18997e-02
1.95441e+00	7.66130e-02
1.96618e+00	7.14796e-02
1.97795e+00	6.65110e-02
1.98973e+00	6.17133e-02
2.00150e+00	5.70927e-02
2.01327e+00	5.26358e-02
2.02505e+00	4.84683e-02
2.03682e+00	4.46275e-02
2.04860e+00	4.11461e-02
2.06037e+00	3.79896e-02
2.07214e+00	3.51217e-02
2.08392e+00	3.25148e-02
2.09569e+00	3.01473e-02
2.10746e+00	2.79942e-02
2.11924e+00	2.59659e-02
2.13101e+00	2.40165e-02
2.14278e+00	2.21519e-02
2.15456e+00	2.03776e-02
2.16633e+00	1.87202e-02
2.17810e+00	1.71737e-02
2.18988e+00	1.57322e-02
2.20165e+00	1.43899e-02
2.21342e+00	1.31481e-02
2.22520e+00	1.20101e-02
2.23697e+00	1.09679e-02
2.24875e+00	1.00196e-02
2.26052e+00	9.15751e-03
2.27229e+00	8.37260e-03
2.28407e+00	7.65921e-03
2.29584e+00	7.01204e-03
2.30761e+00	6.42053e-03
2.31939e+00	5.87726e-03
2.33116e+00	5.37976e-03
2.34293e+00	4.92170e-03
2.35471e+00	4.50386e-03
2.36648e+00	4.11944e-03
2.37825e+00	3.76682e-03
2.39003e+00	3.44335e-03
2.40180e+00	3.14992e-03
2.41357e+00	2.88859e-03
2.42535e+00	2.65333e-03
2.43712e+00	2.43476e-03
2.44890e+00	2.23100e-03
2.46067e+00	2.04244e-03
2.47244e+00	1.86628e-03
2.48422e+00	1.70413e-03
2.49599e+00	1.55570e-03
2.50776e+00	1.42132e-03
2.51954e+00	1.29843e-03
2.53131e+00	1.18558e-03
2.54308e+00	1.08395e-03
2.55486e+00	9.92256e-04
2.56663e+00	9.09097e-04
2.57840e+00	8.33321e-04
2.59018e+00	7.65070e-04
2.60195e+00	7.03631e-04
2.61372e+00	6.46890e-04
2.62550e+00	5.94724e-04
2.63727e+00	5.46459e-04
2.64905e+00	5.01969e-04
2.66082e+00	4.61267e-04
2.67259e+00	4.24025e-04
2.68437e+00	3.89820e-04
2.69614e+00	3.58327e-04
2.70791e+00	3.29661e-04
2.71969e+00	3.03868e-04
2.73146e+00	2.80983e-04
2.74323e+00	2.60650e-04
2.75501e+00	2.42576e-04
2.76678e+00	2.26224e-04
2.77855e+00	2.11030e-04
2.79033e+00	1.96897e-04
2.80210e+00	1.83848e-04
2.81387e+00	1.71797e-04
2.82565e+00	1.60460e-04
2.83742e+00	1.49660e-04
2.84920e+00	1.39438e-04
2.86097e+00	1.29716e-04
2.87274e+00	1.20357e-04
2.88452e+00	1.11385e-04
2.89629e+00	1.03184e-04
2.90806e+00	9.57073e-05
2.91984e+00	8.88922e-05
2.93161e+00	8.26827e-05
2.94338e+00	7.70413e-05
2.95516e+00	7.19130e-05
2.96693e+00	6.72673e-05
2.97870e+00	6.30843e-05
2.99048e+00	5.93259e-05
3.00225e+00	5.58822e-05
3.01403e+00	5.27006e-05
3.02580e+00	4.96962e-05
3.03757e+00	4.68542e-05
3.04935e+00	4.41620e-05
3.06112e+00	4.16153e-05
3.07289e+00	3.92114e-05
3.08467e+00	3.69397e-05
3.09644e+00	3.47932e-05
3.10821e+00	3.27955e-05
3.11999e+00	3.09385e-05
3.13176e+00	2.92159e-05
3.14353e+00	2.76265e-05
3.15531e+00	2.61560e-05
3.16708e+00	2.47793e-05
3.17885e+00	2.34793e-05
3.19063e+00	2.22497e-05
3.20240e+00	2.10865e-05
3.21418e+00	1.99844e-05
3.22595e+00	1.89423e-05
3.23772e+00	1.79553e-05
3.24950e+00	1.70182e-05
3.26127e+00	1.61270e-05
3.27304e+00	1.52857e-05
3.28482e+00	1.44949e-05
3.29659e+00	1.37540e-05
3.30836e+00	1.30615e-05
3.32014e+00	1.24163e-05
3.33191e+00	1.18172e-05
3.34368e+00	1.12566e-05
3.35546e+00	1.07321e-05
3.36723e+00	1.02419e-05
3.37900e+00	9.78360e-06
3.39078e+00	9.35357e-06
3.40255e+00	8.95009e-06
3.41433e+00	8.57184e-06
3.42610e+00	8.21272e-06
3.43787e+00	7.86986e-06
3.44965e+00	7.54428e-06
3.46142e+00	7.23509e-06
3.47319e+00	6.94148e-06
3.48497e+00	6.66303e-06
3.49674e+00	6.39939e-06
3.50851e+00	6.15015e-06
3.52029e+00	5.91308e-06
3.53206e+00	5.68763e-06
3.54383e+00	5.47300e-06
3.55561e+00	5.26798e-06
3.56738e+00	5.07091e-06
3.57915e+00	4.88197e-06
3.59093e+00	4.70004e-06
3.60270e+00	4.52517e-06
3.61448e+00	4.35783e-06
3.62625e+00	4.19735e-06
3.63802e+00	4.04342e-06
3.64980e+00	3.89574e-06
3.66157e+00	3.75407e-06
3.67334e+00	3.61836e-06
3.68512e+00	3.48849e-06
3.69689e+00	3.36417e-06
3.70866e+00	3.24506e-06
3.72044e+00	3.13134e-06
3.73221e+00	3.02305e-06
3.74398e+00	2.92029e-06
3.75576e+00	2.82279e-06
3.76753e+00	2.73027e-06
3.77930e+00	2.64273e-06
3.79108e+00	2.56009e-06
3.80285e+00	2.48212e-06
3.81463e+00	2.40859e-06
3.82640e+00	2.33933e-06
3.83817e+00	2.27418e-06
3.84995e+00	2.21294e-06
3.86172e+00	2.15529e-06
3.87349e+00	2.10030e-06
3.88527e+00	2.04730e-06
3.89704e+00	1.99629e-06
3.90881e+00	1.94729e-06
3.92059e+00	1.90010e-06
3.93236e+00	1.85469e-06
3.94413e+00	1.81098e-06
3.95591e+00	1.76897e-06
3.96768e+00	1.72864e-06
3.97945e+00	1.68984e-06
3.99123e+00	1.65267e-06
4.00300e+00	1.61674e-06
4.01478e+00	1.58204e-06
4.02655e+00	1.54852e-06
4.03832e+00	1.51579e-06
4.05010e+00	1.48374e-06
4.06187e+00	1.45236e-06
4.07364e+00	1.42166e-06
4.08542e+00	1.39160e-06
4.09719e+00	1.36217e-06
4.10896e+00	1.33335e-06
4.12074e+00	1.30513e-06
4.13251e+00	1.27749e-06
4.14428e+00	1.25040e-06
4.15606e+00	1.22384e-06
4.16783e+00	1.19781e-06
4.17961e+00	1.17230e-06
4.19138e+00	1.14728e-06
4.20315e+00	1.12275e-06
4.21493e+00	1.09867e-06
4.22670e+00	1.07506e-06
4.23847e+00	1.05188e-06
4.25025e+00	1.02913e-06
4.26202e+00	1.00676e-06
4.27379e+00	9.84755e-07
4.28557e+00	9.63098e-07
4.29734e+00	9.41781e-07
4.30911e+00	9.20797e-07
4.32089e+00	9.00137e-07
4.33266e+00	8.79795e-07
4.34443e+00	8.59766e-07
4.35621e+00	8.40040e-07
4.36798e+00	8.20621e-07
4.37976e+00	8.01512e-07
4.39153e+00	7.82706e-07
4.40330e+00	7.64199e-07
4.41508e+00	7.46018e-07
4.42685e+00	7.28096e-07
4.43862e+00	7.10556e-07
4.45040e+00	6.93302e-07
4.46217e+00	6.76361e-07
4.47394e+00	6.59722e-07
4.48572e+00	6.43375e-07
4.49749e+00	6.27311e-07
4.50926e+00	6.11523e-07
4.52104e+00	5.96005e-07
4.53281e+00	5.80754e-07
4.54458e+00	5.65847e-07
4.55636e+00	5.51323e-07
4.56813e+00	5.37178e-07
4.57991e+00	5.23402e-07
4.59168e+00	5.09985e-07
4.60345e+00	4.96917e-07
4.61523e+00	4.84191e-07
4.62700e+00	4.71816e-07
4.63877e+00	4.59843e-07
4.65055e+00	4.48260e-07
4.66232e+00	4.37058e-07
4.67409e+00	4.26227e-07
4.68587e+00	4.15758e-07
4.69764e+00	4.05641e-07
4.70941e+00	3.95869e-07
4.72119e+00	3.86433e-07
4.73296e+00	3.77325e-07
4.74473e+00	3.68538e-07
4.75651e+00	3.60064e-07
4.76828e+00	3.51895e-07
4.78006e+00	3.44025e-07
4.79183e+00	3.36446e-07
4.80360e+00	3.29155e-07
4.81538e+00	3.22136e-07
4.82715e+00	3.15427e-07
4.83892e+00	3.09035e-07
4.85070e+00	3.02956e-07
4.86247e+00	2.97184e-07
4.87424e+00	2.91711e-07
4.88602e+00	2.86530e-07
4.89779e+00	2.81635e-07
4.90956e+00	2.77018e-07
4.92134e+00	2.72655e-07
4.93311e+00	2.68489e-07
4.94488e+00	2.64503e-07
4.95666e+00	2.60687e-07
4.96843e+00	2.57027e-07
4.98021e+00	2.53521e-07
4.99198e+00	2.50162e-07
5.00375e+00	2.46948e-07
5.01553e+00	2.43860e-07
5.02730e+00	2.40899e-07
5.03907e+00	2.38052e-07
5.05085e+00	2.35303e-07
5.06262e+00	2.32653e-07
5.07439e+00	2.30101e-07
5.08617e+00	2.27643e-07
5.09794e+00	2.25277e-07
5.10971e+00	2.22996e-07
5.12149e+00	2.20764e-07
5.13326e+00	2.18556e-07
5.14503e+00	2.16370e-07
5.15681e+00	2.14206e-07
5.16858e+00	2.12064e-07
5.18036e+00	2.09943e-07
5.19213e+00	2.07843e-07
5.20390e+00	2.05765e-07
5.21568e+00	2.03707e-07
5.22745e+00	2.01670e-07
5.23922e+00	1.99653e-07
5.25100e+00	1.97656e-07
5.26277e+00	1.95680e-07
5.27454e+00	1.93723e-07
5.28632e+00	1.91786e-07
5.29809e+00	1.89868e-07
5.30986e+00	1.87970e-07
5.32164e+00	1.86090e-07
5.33341e+00	1.84230e-07
5.34519e+00	1.82389e-07
5.35696e+00	1.80566e-07
5.36873e+00	1.78761e-07
5.38051e+00	1.76975e-07
5.39228e+00	1.75207e-07
5.40405e+00	1.73456e-07
5.41583e+00	1.71724e-07
5.42760e+00	1.70009e-07
5.43937e+00	1.68311e-07
5.45115e+00	1.66631e-07
5.46292e+00	1.64967e-07
5.47469e+00	1.63320e-07
5.48647e+00	1.61690e-07
5.49824e+00	1.60077e-07
5.51001e+00	1.58480e-07
5.52179e+00	1.56899e-07
5.53356e+00	1.55335e-07
5.54534e+00	1.53786e-07
5.55711e+00	1.52253e-07
5.56888e+00	1.50736e-07
5.58066e+00	1.49234e-07
5.59243e+00	1.47747e-07
5.60420e+00	1.46276e-07
5.61598e+00	1.44820e-07
5.62775e+00	1.43378e-07
5.63952e+00	1.41952e-07
5.65130e+00	1.40540e-07
5.66307e+00	1.39142e-07
5.67484e+00	1.37759e-07
5.68662e+00	1.36390e-07
5.69839e+00	1.35035e-07
5.71016e+00	1.33694e-07
5.72194e+00	1.32366e-07
5.73371e+00	1.31053e-07
5.74549e+00	1.29753e-07
5.75726e+00	1.28467e-07
5.76903e+00	1.27194e-07
5.78081e+00	1.25934e-07
5.79258e+00	1.24687e-07
5.80435e+00	1.23453e-07
5.81613e+00	1.22232e-07
5.82790e+00	1.21024e-07
5.83967e+00	1.19828e-07
5.85145e+00	1.18645e-07
5.86322e+00	1.17474e-07
5.87499e+00	1.16315e-07
5.88677e+00	1.15168e-07
5.89854e+00	1.14033e-07
5.91031e+00	1.12910e-07
5.92209e+00	1.11799e-07
5.93386e+00	1.10699e-07
5.94564e+00	1.09611e-07
5.95741e+00	1.08534e-07
5.96918e+00	1.07469e-07
5.98096e+00	1.06415e-07
5.99273e+00	1.05372e-07
6.00450e+00	1.04340e-07
6.01628e+00	1.03318e-07
6.02805e+00	1.02310e-07
6.03982e+00	1.01310e-07
6.05160e+00	1.00317e-07
6.06337e+00	9.93373e-08
6.07514e+00	9.83675e-08
6.08692e+00	9.74080e-08
6.09869e+00	9.64587e-08
6.11046e+00	9.55195e-08
6.12224e+00	9.45901e-08
6.13401e+00	9.36707e-08
6.14579e+00	9.27610e-08
6.15756e+00	9.18609e-08
6.16933e+00	9.09705e-08
6.18111e+00	9.00896e-08
6.19288e+00	8.92180e-08
6.20465e+00	8.83558e-08
6.21643e+00	8.75027e-08
6.22820e+00	8.66588e-08
6.23997e+00	8.58239e-08
6.25175e+00	8.49979e-08
6.26352e+00	8.41806e-08
6.27529e+00	8.33722e-08
6.28707e+00	8.25724e-08
6.29884e+00	8.17810e-08
6.31061e+00	8.09981e-08
6.32239e+00	8.02236e-08
6.33416e+00	7.94574e-08
6.34594e+00	7.86993e-08
6.35771e+00	7.79494e-08
6.36948e+00	7.72075e-08
6.38126e+00	7.64735e-08
6.39303e+00	7.57473e-08
6.40480e+00	7.50290e-08
6.41658e+00	7.43183e-08
6.42835e+00	7.36152e-08
6.44012e+00	7.29198e-08
6.45190e+00	7.22319e-08
6.46367e+00	7.15515e-08
6.47544e+00	7.08784e-08
6.48722e+00	7.02127e-08
6.49899e+00	6.95541e-08
6.51077e+00	6.89027e-08
6.52254e+00	6.82584e-08
6.53431e+00	6.76208e-08
6.54609e+00	6.69906e-08
6.55786e+00	6.63671e-08
6.56963e+00	6.57503e-08
6.58141e+00	6.51402e-08
6.59318e+00	6.45368e-08
6.60495e+00	6.39398e-08
6.61673e+00	6.33494e-08
6.62850e+00	6.27653e-08
6.64027e+00	6.21876e-08
6.65205e+00	6.16163e-08
6.66382e+00	6.10506e-08
6.67559e+00	6.04918e-08
6.68737e+00	5.99392e-08
6.69914e+00	5.93926e-08
6.71092e+00	5.88519e-08
6.72269e+00	5.83173e-08
6.73446e+00	5.77881e-08
6.74624e+00	5.72634e-08
6.75801e+00	5.67430e-08
6.76978e+00	5.62270e-08
6.78156e+00	5.57154e-08
6.79333e+00	5.52081e-08
6.80510e+00	5.47052e-08
6.81688e+00	5.42063e-08
6.82865e+00	5.37118e-08
6.84042e+00	5.32215e-08
6.85220e+00	5.27354e-08
6.86397e+00	5.22535e-08
6.87574e+00	5.17757e-08
6.88752e+00	5.13021e-08
6.89929e+00	5.08325e-08
6.91107e+00	5.03670e-08
6.92284e+00	4.99037e-08
6.93461e+00	4.94517e-08
6.94639e+00	4.89938e-08
6.95816e+00	4.85417e-08
6.96993e+00	4.80947e-08
6.98171e+00	4.76517e-08
6.99348e+00	4.72130e-08
7.00525e+00	4.67783e-08
7.01703e+00	4.63481e-08
7.02880e+00	4.59222e-08
7.04057e+00	4.55007e-08
7.05235e+00	4.50835e-08
7.06412e+00	4.46690e-08
7.07589e+00	4.42655e-08
7.08767e+00	4.38556e-08
7.09944e+00	4.34544e-08
7.11122e+00	4.30568e-08
7.12299e+00	4.26633e-08
7.13476e+00	4.22740e-08
7.14654e+00	4.18887e-08
7.15831e+00	4.15074e-08
7.17008e+00	4.11300e-08
7.18186e+00	4.07566e-08
7.19363e+00	4.03870e-08
7.20540e+00	4.00212e-08
7.21718e+00	3.96593e-08
7.22895e+00	3.93015e-08
7.24072e+00	3.89480e-08
7.25250e+00	3.85989e-08
7.26427e+00	3.82540e-08
7.27604e+00	3.79132e-08
7.28782e+00	3.75766e-08
7.29959e+00	3.72440e-08
7.31137e+00	3.69153e-08
7.32314e+00	3.65906e-08
7.33491e+00	3.62697e-08
7.34669e+00	3.59526e-08
7.35846e+00	3.56392e-08
7.37023e+00	3.53286e-08
7.38201e+00	3.50186e-08
7.39378e+00	3.47094e-08
7.40555e+00	3.44009e-08
7.41733e+00	3.40933e-08
7.42910e+00	3.37866e-08
7.44087e+00	3.34808e-08
7.45265e+00	3.31760e-08
7.46442e+00	3.28723e-08
7.47619e+00	3.25696e-08
7.48797e+00	3.22682e-08
7.49974e+00	3.19681e-08
7.51152e+00	3.16694e-08
7.52329e+00	3.13721e-08
7.53506e+00	3.10759e-08
7.54684e+00	3.07808e-08
7.55861e+00	3.04869e-08
7.57038e+00	3.01940e-08
7.58216e+00	2.99024e-08
7.59393e+00	2.96119e-08
7.60570e+00	2.93227e-08
7.61748e+00	2.90347e-08
7.62925e+00	2.87479e-08
7.64102e+00	2.84624e-08
7.65280e+00	2.81783e-08
7.66457e+00	2.78955e-08
7.67635e+00	2.76142e-08
7.68812e+00	2.73343e-08
7.69989e+00	2.70560e-08
7.71167e+00	2.67792e-08
7.72344e+00	2.65039e-08
7.73521e+00	2.62303e-08
7.74699e+00	2.59584e-08
7.75876e+00	2.56864e-08
7.77053e+00	2.54138e-08
7.78231e+00	2.51406e-08
7.79408e+00	2.48665e-08
7.80585e+00	2.45907e-08
7.81763e+00	2.43133e-08
7.82940e+00	2.40344e-08
7.84117e+00	2.37536e-08
7.85295e+00	2.34711e-08
7.86472e+00	2.31871e-08
7.87650e+00	2.29017e-08
7.88827e+00	2.26151e-08
7.90004e+00	2.23274e-08
7.91182e+00	2.20389e-08
7.92359e+00	2.17498e-08
7.93536e+00	2.14601e-08
7.94714e+00	2.11702e-08
7.95891e+00	2.08802e-08
7.97068e+00	2.05903e-08
7.98246e+00	2.03004e-08
7.99423e+00	2.00106e-08
8.00600e+00	1.97209e-08
8.01778e+00	1.94316e-08
8.02955e+00	1.91424e-08
8.04132e+00	1.88534e-08
8.05310e+00	1.85647e-08
8.06487e+00	1.82764e-08
8.07665e+00	1.79887e-08
8.08842e+00	1.77018e-08
8.10019e+00	1.74158e-08
8.11197e+00	1.71307e-08
8.12374e+00	1.68472e-08
8.13551e+00	1.65650e-08
8.14729e+00	1.62842e-08
8.15906e+00	1.60051e-08
8.17083e+00	1.57278e-08
8.18261e+00	1.54523e-08
8.19438e+00	1.51788e-08
8.20615e+00	1.49075e-08
8.21793e+00	1.46383e-08
8.22970e+00	1.43708e-08
8.24147e+00	1.41046e-08
8.25325e+00	1.38398e-08
8.26502e+00	1.35766e-08
8.27680e+00	1.33151e-08
8.28857e+00	1.30555e-08
8.30034e+00	1.27976e-08
8.31212e+00	1.25413e-08
8.32389e+00	1.22867e-08
8.33566e+00	1.20340e-08
8.34744e+00	1.17830e-08
8.35921e+00	1.15340e-08
8.37098e+00	1.12871e-08
8.38276e+00	1.10424e-08
8.39453e+00	1.08000e-08
8.40630e+00	1.05600e-08
8.41808e+00	1.03226e-08
8.42985e+00	1.00878e-08
8.44162e+00	9.85572e-09
8.45340e+00	9.62642e-09
8.46517e+00	9.39911e-09
8.47695e+00	9.17324e-09
8.48872e+00	8.94898e-09
8.50049e+00	8.72695e-09
8.51227e+00	8.50777e-09
8.52404e+00	8.29149e-09
8.53581e+00	8.07828e-09
8.54759e+00	7.86832e-09
8.55936e+00	7.66197e-09
8.57113e+00	7.45928e-09
8.58291e+00	7.26025e-09
8.59468e+00	7.06488e-09
8.60645e+00	6.87318e-09
8.61823e+00	6.68513e-09
8.63000e+00	6.50074e-09
8.64177e+00	6.31999e-09
8.65355e+00	6.14286e-09
8.66532e+00	5.96935e-09
8.67710e+00	5.79942e-09
8.68887e+00	5.63307e-09
8.70064e+00	5.47029e-09
8.71242e+00	5.31104e-09
8.72419e+00	5.15530e-09
8.73596e+00	5.00303e-09
8.74774e+00	4.85416e-09
8.75951e+00	4.70866e-09
8.77128e+00	4.56648e-09
8.78306e+00	4.42760e-09
8.79483e+00	4.29198e-09
8.80660e+00	4.15957e-09
8.81838e+00	4.03034e-09
8.83015e+00	3.90425e-09
8.84193e+00	3.78125e-09
8.85370e+00	3.66130e-09
8.86547e+00	3.54434e-09
8.87725e+00	3.43035e-09
8.88902e+00	3.31927e-09
8.90079e+00	3.21104e-09
8.91257e+00	3.10564e-09
8.92434e+00	3.00297e-09
8.93611e+00	2.90315e-09
8.94789e+00	2.80579e-09
8.95966e+00	2.71114e-09
8.97143e+00	2.61904e-09
8.98321e+00	2.52952e-09
8.99498e+00	2.44253e-09
9.00675e+00	2.35813e-09
9.01853e+00	2.27624e-09
9.03030e+00	2.19687e-09
9.04208e+00	2.12001e-09
9.05385e+00	2.04562e-09
9.06562e+00	1.97363e-09
9.07740e+00	1.90398e-09
9.08917e+00	1.83658e-09
9.10094e+00	1.77139e-09
9.11272e+00	1.70833e-09
9.12449e+00	1.64734e-09
9.13626e+00	1.58836e-09
9.14804e+00	1.53134e-09
9.15981e+00	1.47621e-09
9.17158e+00	1.42292e-09
9.18336e+00	1.37140e-09
9.19513e+00	1.32162e-09
9.20690e+00	1.27351e-09
9.21868e+00	1.22703e-09
9.23045e+00	1.18211e-09
9.24223e+00	1.13873e-09
9.25400e+00	1.09682e-09
9.26577e+00	1.05635e-09
9.27755e+00	1.01726e-09
9.28932e+00	9.79524e-10
9.30109e+00	9.43082e-10
9.31287e+00	9.07906e-10
9.32464e+00	8.73953e-10
9.33641e+00	8.41184e-10
9.34819e+00	8.09560e-10
9.35996e+00	7.79047e-10
9.37173e+00	7.49608e-10
9.38351e+00	7.21208e-10
9.39528e+00	6.93814e-10
9.40705e+00	6.67394e-10
9.41883e+00	6.41916e-10
9.43060e+00	6.17348e-10
9.44238e+00	5.93662e-10
9.45415e+00	5.70828e-10
9.46592e+00	5.48819e-10
9.47770e+00	5.27606e-10
9.48947e+00	5.07164e-10
9.50124e+00	4.87467e-10
9.51302e+00	4.68490e-10
9.52479e+00	4.50209e-10
9.53656e+00	4.32600e-10
9.54834e+00	4.15640e-10
9.56011e+00	3.99308e-10
9.57188e+00	3.83580e-10
9.58366e+00	3.68430e-10
9.59543e+00	3.53838e-10
9.60720e+00	3.39787e-10
9.61898e+00	3.26258e-10
9.63075e+00	3.13232e-10
9.64253e+00	3.00698e-10
9.65430e+00	2.88628e-10
9.66607e+00	2.77010e-10
9.67785e+00	2.65831e-10
9.68962e+00	2.55070e-10
9.70139e+00	2.44714e-10
9.71317e+00	2.34749e-10
9.72494e+00	2.25161e-10
9.73671e+00	2.15937e-10
9.74849e+00	2.07064e-10
9.76026e+00	1.98531e-10
9.77203e+00	1.90325e-10
9.78381e+00	1.82434e-10
9.79558e+00	1.74848e-10
9.80735e+00	1.67555e-10
9.81913e+00	1.60545e-10
9.83090e+00	1.53808e-10
9.84268e+00	1.47334e-10
9.85445e+00	1.41114e-10
9.86622e+00	1.35138e-10
9.87800e+00	1.29398e-10
9.88977e+00	1.23885e-10
9.90154e+00	1.18590e-10
9.91332e+00	1.13506e-10
9.92509e+00	1.08625e-10
9.93686e+00	1.03939e-10
9.94864e+00	9.94406e-11
9.96041e+00	9.51241e-11
9.97218e+00	9.09820e-11
9.98396e+00	8.70079e-11
9.99573e+00	8.31982e-11
1.00075e+01	7.95425e-11
1.00193e+01	7.60673e-11
1.00311e+01	7.27048e-11
1.00428e+01	6.94925e-11
1.00546e+01	6.64224e-11
1.00664e+01	6.34848e-11
1.00781e+01	6.06744e-11
1.00899e+01	5.79858e-11
1.01017e+01	5.54140e-11
1.01135e+01	5.29542e-11
1.01252e+01	5.06019e-11
1.01370e+01	4.83522e-11
1.01488e+01	4.62007e-11
1.01606e+01	4.41432e-11
1.01723e+01	4.21756e-11
1.01841e+01	4.02941e-11
1.01959e+01	3.84949e-11
1.02077e+01	3.67745e-11
1.02194e+01	3.51294e-11
1.02312e+01	3.35564e-11
1.02430e+01	3.20524e-11
1.02547e+01	3.06144e-11
1.02665e+01	2.92397e-11
1.02783e+01	2.79254e-11
1.02901e+01	2.66691e-11
1.03018e+01	2.54681e-11
1.03136e+01	2.43201e-11
1.03254e+01	2.32229e-11
1.03372e+01	2.21742e-11
1.03489e+01	2.11719e-11
1.03607e+01	2.02140e-11
1.03725e+01	1.92986e-11
1.03843e+01	1.84239e-11
1.03960e+01	1.75881e-11
1.04078e+01	1.67895e-11
1.04196e+01	1.60264e-11
1.04314e+01	1.52974e-11
1.04431e+01	1.46010e-11
1.04549e+01	1.39357e-11
1.04667e+01	1.33001e-11
1.04784e+01	1.26930e-11
1.04902e+01	1.21132e-11
1.05020e+01	1.15594e-11
1.05138e+01	1.10304e-11
1.05255e+01	1.05252e-11
1.05373e+01	1.00428e-11
1.05491e+01	9.58207e-12
1.05609e+01	9.14209e-12
1.05726e+01	8.72195e-12
1.05844e+01	8.32076e-12
1.05962e+01	7.93689e-12
1.06080e+01	7.57385e-12
1.06197e+01	7.22198e-12
1.06315e+01	6.88840e-12
1.06433e+01	6.56978e-12
1.06550e+01	6.26573e-12
1.06668e+01	5.97556e-12
1.06786e+01	5.69865e-12
1.06904e+01	5.43439e-12
1.07021e+01	5.18222e-12
1.07139e+01	4.94160e-12
1.07257e+01	4.71201e-12
1.07375e+01	4.49294e-12
1.07492e+01	4.28393e-12
1.07610e+01	4.08451e-12
1.07728e+01	3.89426e-12
1.07846e+01	3.71276e-12
1.07963e+01	3.53961e-12
1.08081e+01	3.37444e-12
1.08199e+01	3.21688e-12
1.08317e+01	3.06659e-12
1.08434e+01	2.92324e-12
1.08552e+01	2.78652e-12
1.08670e+01	2.65611e-12
1.08787e+01	2.53175e-12
1.08905e+01	2.41314e-12
1.09023e+01	2.30003e-12
1.09141e+01	2.19217e-12
1.09258e+01	2.08932e-12
1.09376e+01	1.99125e-12
1.09494e+01	1.89776e-12
1.09612e+01	1.80862e-12
1.09729e+01	1.72364e-12
1.09847e+01	1.64263e-12
1.09965e+01	1.56540e-12
1.10083e+01	1.49178e-12
1.10200e+01	1.42160e-12
1.10318e+01	1.35471e-12
1.10436e+01	1.29097e-12
1.10553e+01	1.23023e-12
1.10671e+01	1.17235e-12
1.10789e+01	1.11720e-12
1.10907e+01	1.06466e-12
1.11024e+01	1.01460e-12
1.11142e+01	9.66908e-13
1.11260e+01	9.21480e-13
1.11378e+01	8.78209e-13
1.11495e+01	8.36995e-13
1.11613e+01	7.97743e-13
1.11731e+01	7.60362e-13
1.11849e+01	7.24767e-13
1.11966e+01	6.90869e-13
1.12084e+01	6.58569e-13
1.12202e+01	6.27794e-13
1.12320e+01	5.98476e-13
1.12437e+01	5.70550e-13
1.12555e+01	5.43953e-13
1.12673e+01	5.18627e-13
1.12790e+01	4.94513e-13
1.12908e+01	4.71556e-13
1.13026e+01	4.49706e-13
1.13144e+01	4.28913e-13
1.13261e+01	4.09128e-13
1.13379e+01	3.90307e-13
1.13497e+01	3.72406e-13
1.13615e+01	3.55385e-13
1.13732e+01	3.39204e-13
1.13850e+01	3.23826e-13
1.13968e+01	3.09215e-13
1.14086e+01	2.95338e-13
1.14203e+01	2.82160e-13
1.14321e+01	2.69654e-13
1.14439e+01	2.57787e-13
1.14556e+01	2.46532e-13
1.14674e+01	2.35864e-13
1.14792e+01	2.25756e-13
1.14910e+01	2.16184e-13
1.15027e+01	2.07131e-13
1.15145e+01	1.98574e-13
1.15263e+01	1.90491e-13
1.15381e+01	1.82865e-13
1.15498e+01	1.75673e-13
1.15616e+01	1.68844e-13
1.15734e+01	1.62342e-13
1.15852e+01	1.56166e-13
1.15969e+01	1.50310e-13
1.16087e+01	1.44767e-13
1.16205e+01	1.39524e-13
1.16323e+01	1.34562e-13
1.16440e+01	1.29802e-13
1.16558e+01	1.25295e-13
1.16676e+01	1.21065e-13
1.16793e+01	1.17182e-13
1.16911e+01	1.13650e-13
1.17029e+01	1.10462e-13
1.17147e+01	1.07609e-13
1.17264e+01	1.05075e-13
1.17382e+01	1.02841e-13
1.17500e+01	1.00891e-13
1.17618e+01	9.92990e-14
1.17735e+01	9.74440e-14
