# The ell = 1 distribution, the first anisotropy.
# E_N [Td]	1.00000e+01
# col_1: Electron Energy [eV], col_2: f1 [eV^(-3/2)]
eV	f1
1.76415e-02	2.62425e-05
3.52830e-02	6.04630e-05
5.29245e-02	9.43203e-05
7.05661e-02	1.20383e-04
8.82076e-02	1.43345e-04
1.05849e-01	1.63914e-04
1.23491e-01	1.83077e-04
1.41132e-01	2.01897e-04
1.58774e-01	2.19926e-04
1.76415e-01	2.38664e-04
1.94057e-01	2.57370e-04
2.11698e-01	2.77104e-04
2.29340e-01	2.97602e-04
2.46981e-01	3.19322e-04
2.64623e-01	3.44210e-04
2.82264e-01	3.71010e-04
2.99906e-01	4.00733e-04
3.17547e-01	4.31166e-04
3.35189e-01	4.62497e-04
3.52830e-01	5.01947e-04
3.70472e-01	5.47331e-04
3.88113e-01	6.04403e-04
4.05755e-01	6.78013e-04
4.23396e-01	7.64038e-04
4.41038e-01	8.71115e-04
4.58679e-01	9.96502e-04
4.76321e-01	1.13682e-03
4.93962e-01	1.30547e-03
5.11604e-01	1.49581e-03
5.29245e-01	1.71089e-03
5.46887e-01	1.97275e-03
5.64528e-01	2.27082e-03
5.82170e-01	2.60934e-03
5.99812e-01	2.99272e-03
6.17453e-01	3.41089e-03
6.35095e-01	3.87070e-03
6.52736e-01	4.41372e-03
6.70378e-01	5.02299e-03
6.88019e-01	5.69520e-03
7.05661e-01	6.48461e-03
7.23302e-01	7.37340e-03
7.40944e-01	8.33923e-03
7.58585e-01	9.38985e-03
7.76227e-01	1.05292e-02
7.93868e-01	1.17348e-02
8.11510e-01	1.29920e-02
8.29151e-01	1.42859e-02
8.46793e-01	1.56041e-02
8.64434e-01	1.69388e-02
8.82076e-01	1.83403e-02
8.99717e-01	1.98424e-02
9.17359e-01	2.14237e-02
9.35000e-01	2.30891e-02
9.52642e-01	2.49010e-02
9.70283e-01	2.68639e-02
9.87925e-01	2.89470e-02
1.00557e+00	3.11965e-02
1.02321e+00	3.36210e-02
1.04085e+00	3.61879e-02
1.05849e+00	3.88613e-02
1.07613e+00	4.17236e-02
1.09377e+00	4.46535e-02
1.11142e+00	4.75951e-02
1.12906e+00	5.05318e-02
1.14670e+00	5.34767e-02
1.16434e+00	5.64326e-02
1.18198e+00	5.93757e-02
1.19962e+00	6.22960e-02
1.21726e+00	6.52056e-02
1.23491e+00	6.81879e-02
1.25255e+00	7.12192e-02
1.27019e+00	7.42782e-02
1.28783e+00	7.73448e-02
1.30547e+00	8.05745e-02
1.32311e+00	8.40387e-02
1.34076e+00	8.76903e-02
1.35840e+00	9.14847e-02
1.37604e+00	9.52855e-02
1.39368e+00	9.87952e-02
1.41132e+00	1.02100e-01
1.42896e+00	1.05214e-01
1.44660e+00	1.08150e-01
1.46425e+00	1.10847e-01
1.48189e+00	1.13375e-01
1.49953e+00	1.15813e-01
1.51717e+00	1.18165e-01
1.53481e+00	1.20426e-01
1.55245e+00	1.22614e-01
1.57009e+00	1.25106e-01
1.58774e+00	1.27967e-01
1.60538e+00	1.31122e-01
1.62302e+00	1.34512e-01
1.64066e+00	1.38155e-01
1.65830e+00	1.41785e-01
1.67594e+00	1.45250e-01
1.69359e+00	1.48509e-01
1.71123e+00	1.51560e-01
1.72887e+00	1.54406e-01
1.74651e+00	1.56788e-01
1.76415e+00	1.58353e-01
1.78179e+00	1.59124e-01
1.79943e+00	1.59148e-01
1.81708e+00	1.58401e-01
1.83472e+00	1.56880e-01
1.85236e+00	1.54810e-01
1.87000e+00	1.52104e-01
1.88764e+00	1.48537e-01
1.90528e+00	1.44143e-01
1.92293e+00	1.39022e-01
1.94057e+00	1.33397e-01
1.95821e+00	1.27366e-01
1.97585e+00	1.21174e-01
1.99349e+00	1.14864e-01
2.01113e+00	1.08456e-01
2.02877e+00	1.02231e-01
2.04642e+00	9.64433e-02
2.06406e+00	9.11064e-02
2.08170e+00	8.61627e-02
2.09934e+00	8.15876e-02
2.11698e+00	7.73102e-02
2.13462e+00	7.28993e-02
2.15226e+00	6.84625e-02
2.16991e+00	6.41815e-02
2.18755e+00	6.00798e-02
2.20519e+00	5.61506e-02
2.22283e+00	5.24506e-02
2.24047e+00	4.89957e-02
2.25811e+00	4.58116e-02
2.27576e+00	4.28484e-02
2.29340e+00	4.01030e-02
2.31104e+00	3.75430e-02
2.32868e+00	3.51331e-02
2.34632e+00	3.28687e-02
2.36396e+00	3.07530e-02
2.38160e+00	2.87558e-02
2.39925e+00	2.68729e-02
2.41689e+00	2.51783e-02
2.43453e+00	2.35993e-02
2.45217e+00	2.20692e-02
2.46981e+00	2.05807e-02
2.48745e+00	1.91454e-02
2.50510e+00	1.78126e-02
2.52274e+00	1.65752e-02
2.54038e+00	1.54279e-02
2.55802e+00	1.43872e-02
2.57566e+00	1.34320e-02
2.59330e+00	1.25691e-02
2.61094e+00	1.17847e-02
2.62859e+00	1.10435e-02
2.64623e+00	1.03366e-02
2.66387e+00	9.67521e-03
2.68151e+00	9.05677e-03
2.69915e+00	8.47432e-03
2.71679e+00	7.93619e-03
2.73443e+00	7.45444e-03
2.75208e+00	7.03190e-03
2.76972e+00	6.65290e-03
2.78736e+00	6.29263e-03
2.80500e+00	5.95442e-03
2.82264e+00	5.63487e-03
2.84028e+00	5.32064e-03
2.85793e+00	5.01270e-03
2.87557e+00	4.70514e-03
2.89321e+00	4.40665e-03
2.91085e+00	4.13389e-03
2.92849e+00	3.88564e-03
2.94613e+00	3.66110e-03
2.96377e+00	3.45847e-03
2.98142e+00	3.27869e-03
2.99906e+00	3.11906e-03
3.01670e+00	2.97200e-03
3.03434e+00	2.83016e-03
3.05198e+00	2.69283e-03
3.06962e+00	2.56036e-03
3.08727e+00	2.43278e-03
3.10491e+00	2.31092e-03
3.12255e+00	2.19701e-03
3.14019e+00	2.09094e-03
3.15783e+00	1.99355e-03
3.17547e+00	1.90169e-03
3.19311e+00	1.81383e-03
3.21076e+00	1.72981e-03
3.22840e+00	1.64942e-03
3.24604e+00	1.57243e-03
3.26368e+00	1.49840e-03
3.28132e+00	1.42817e-03
3.29896e+00	1.36239e-03
3.31660e+00	1.30127e-03
3.33425e+00	1.24514e-03
3.35189e+00	1.19298e-03
3.36953e+00	1.14462e-03
3.38717e+00	1.09975e-03
3.40481e+00	1.05790e-03
3.42245e+00	1.01890e-03
3.44010e+00	9.81570e-04
3.45774e+00	9.46056e-04
3.47538e+00	9.12288e-04
3.49302e+00	8.80271e-04
3.51066e+00	8.50100e-04
3.52830e+00	8.21371e-04
3.54594e+00	7.94009e-04
3.56359e+00	7.67739e-04
3.58123e+00	7.42174e-04
3.59887e+00	7.17349e-04
3.61651e+00	6.93541e-04
3.63415e+00	6.70696e-04
3.65179e+00	6.48774e-04
3.66944e+00	6.27757e-04
3.68708e+00	6.07684e-04
3.70472e+00	5.88524e-04
3.72236e+00	5.70265e-04
3.74000e+00	5.53014e-04
3.75764e+00	5.36788e-04
3.77528e+00	5.21604e-04
3.79293e+00	5.07506e-04
3.81057e+00	4.94456e-04
3.82821e+00	4.82406e-04
3.84585e+00	4.71332e-04
3.86349e+00	4.61151e-04
3.88113e+00	4.51518e-04
3.89877e+00	4.42302e-04
3.91642e+00	4.33495e-04
3.93406e+00	4.25071e-04
3.95170e+00	4.17025e-04
3.96934e+00	4.09347e-04
3.98698e+00	4.02062e-04
4.00462e+00	3.95079e-04
4.02227e+00	3.88361e-04
4.03991e+00	3.81822e-04
4.05755e+00	3.75371e-04
4.07519e+00	3.69018e-04
4.09283e+00	3.62757e-04
4.11047e+00	3.56583e-04
4.12811e+00	3.50492e-04
4.14576e+00	3.44476e-04
4.16340e+00	3.38532e-04
4.18104e+00	3.32657e-04
4.19868e+00	3.26850e-04
4.21632e+00	3.21104e-04
4.23396e+00	3.15417e-04
4.25161e+00	3.09789e-04
4.26925e+00	3.04213e-04
4.28689e+00	2.98665e-04
4.30453e+00	2.93140e-04
4.32217e+00	2.87639e-04
4.33981e+00	2.82162e-04
4.35745e+00	2.76707e-04
4.37510e+00	2.71279e-04
4.39274e+00	2.65884e-04
4.41038e+00	2.60523e-04
4.42802e+00	2.55201e-04
4.44566e+00	2.49945e-04
4.46330e+00	2.44743e-04
4.48094e+00	2.39599e-04
4.49859e+00	2.34509e-04
4.51623e+00	2.29472e-04
4.53387e+00	2.24488e-04
4.55151e+00	2.19606e-04
4.56915e+00	2.14848e-04
4.58679e+00	2.10214e-04
4.60444e+00	2.05702e-04
4.62208e+00	2.01309e-04
4.63972e+00	1.97035e-04
4.65736e+00	1.92927e-04
4.67500e+00	1.88980e-04
4.69264e+00	1.85192e-04
4.71028e+00	1.81560e-04
4.72793e+00	1.78081e-04
4.74557e+00	1.74753e-04
4.76321e+00	1.71572e-04
4.78085e+00	1.68537e-04
4.79849e+00	1.65644e-04
4.81613e+00	1.62891e-04
4.83378e+00	1.60278e-04
4.85142e+00	1.57832e-04
4.86906e+00	1.55555e-04
4.88670e+00	1.53445e-04
4.90434e+00	1.51497e-04
4.92198e+00	1.49706e-04
4.93962e+00	1.48025e-04
4.95727e+00	1.46444e-04
4.97491e+00	1.44952e-04
4.99255e+00	1.43546e-04
5.01019e+00	1.42221e-04
5.02783e+00	1.40970e-04
5.04547e+00	1.39784e-04
5.06311e+00	1.38655e-04
5.08076e+00	1.37582e-04
5.09840e+00	1.36565e-04
5.11604e+00	1.35596e-04
5.13368e+00	1.34641e-04
5.15132e+00	1.33694e-04
5.16896e+00	1.32755e-04
5.18661e+00	1.31822e-04
5.20425e+00	1.30897e-04
5.22189e+00	1.29980e-04
5.23953e+00	1.29069e-04
5.25717e+00	1.28166e-04
5.27481e+00	1.27270e-04
5.29245e+00	1.26380e-04
5.31010e+00	1.25498e-04
5.32774e+00	1.24623e-04
5.34538e+00	1.23755e-04
5.36302e+00	1.22894e-04
5.38066e+00	1.22040e-04
5.39830e+00	1.21192e-04
5.41595e+00	1.20351e-04
5.43359e+00	1.19517e-04
5.45123e+00	1.18690e-04
5.46887e+00	1.17869e-04
5.48651e+00	1.17055e-04
5.50415e+00	1.16247e-04
5.52179e+00	1.15446e-04
5.53944e+00	1.14652e-04
5.55708e+00	1.13863e-04
5.57472e+00	1.13081e-04
5.59236e+00	1.12306e-04
5.61000e+00	1.11537e-04
5.62764e+00	1.10774e-04
5.64528e+00	1.10017e-04
5.66293e+00	1.09266e-04
5.68057e+00	1.08521e-04
5.69821e+00	1.07783e-04
5.71585e+00	1.07051e-04
5.73349e+00	1.06324e-04
5.75113e+00	1.05604e-04
5.76878e+00	1.04890e-04
5.78642e+00	1.04182e-04
5.80406e+00	1.03480e-04
5.82170e+00	1.02784e-04
5.83934e+00	1.02094e-04
5.85698e+00	1.01410e-04
5.87462e+00	1.00731e-04
5.89227e+00	1.00058e-04
5.90991e+00	9.93915e-05
5.92755e+00	9.87299e-05
5.94519e+00	9.80743e-05
5.96283e+00	9.74244e-05
5.98047e+00	9.67803e-05
5.99812e+00	9.61418e-05
6.01576e+00	9.55089e-05
6.03340e+00	9.48833e-05
6.05104e+00	9.42590e-05
6.06868e+00	9.36420e-05
6.08632e+00	9.30304e-05
6.10396e+00	9.24241e-05
6.12161e+00	9.18233e-05
6.13925e+00	9.12278e-05
6.15689e+00	9.06376e-05
6.17453e+00	9.00527e-05
6.19217e+00	8.94731e-05
6.20981e+00	8.88987e-05
6.22745e+00	8.83295e-05
6.24510e+00	8.77655e-05
6.26274e+00	8.72065e-05
6.28038e+00	8.66527e-05
6.29802e+00	8.61037e-05
6.31566e+00	8.55598e-05
6.33330e+00	8.50208e-05
6.35095e+00	8.44867e-05
6.36859e+00	8.39574e-05
6.38623e+00	8.34329e-05
6.40387e+00	8.29132e-05
6.42151e+00	8.23981e-05
6.43915e+00	8.18878e-05
6.45679e+00	8.13824e-05
6.47444e+00	8.08817e-05
6.49208e+00	8.03856e-05
6.50972e+00	7.98943e-05
6.52736e+00	7.94075e-05
6.54500e+00	7.89254e-05
6.56264e+00	7.84478e-05
6.58029e+00	7.79747e-05
6.59793e+00	7.75061e-05
6.61557e+00	7.70418e-05
6.63321e+00	7.65819e-05
6.65085e+00	7.61263e-05
6.66849e+00	7.56747e-05
6.68613e+00	7.52282e-05
6.70378e+00	7.47857e-05
6.72142e+00	7.43475e-05
6.73906e+00	7.39132e-05
6.75670e+00	7.34813e-05
6.77434e+00	7.30518e-05
6.79198e+00	7.26248e-05
6.80962e+00	7.22002e-05
6.82727e+00	7.17781e-05
6.84491e+00	7.13585e-05
6.86255e+00	7.09413e-05
6.88019e+00	7.05266e-05
6.89783e+00	7.01143e-05
6.91547e+00	6.97030e-05
6.93312e+00	6.93000e-05
6.95076e+00	6.88903e-05
6.96840e+00	6.84864e-05
6.98604e+00	6.80853e-05
7.00368e+00	6.76869e-05
7.02132e+00	6.72917e-05
7.03896e+00	6.68997e-05
7.05661e+00	6.65103e-05
7.07425e+00	6.61278e-05
7.09189e+00	6.57418e-05
7.10953e+00	6.53617e-05
7.12717e+00	6.49845e-05
7.14481e+00	6.46105e-05
7.16246e+00	6.42397e-05
7.18010e+00	6.38719e-05
7.19774e+00	6.35073e-05
7.21538e+00	6.31457e-05
7.23302e+00	6.27871e-05
7.25066e+00	6.24325e-05
7.26830e+00	6.20819e-05
7.28595e+00	6.17354e-05
7.30359e+00	6.13928e-05
7.32123e+00	6.10542e-05
7.33887e+00	6.07193e-05
7.35651e+00	6.03881e-05
7.37415e+00	6.00594e-05
7.39179e+00	5.97293e-05
7.40944e+00	5.93981e-05
7.42708e+00	5.90658e-05
7.44472e+00	5.87326e-05
7.46236e+00	5.83985e-05
7.48000e+00	5.80636e-05
7.49764e+00	5.77283e-05
7.51529e+00	5.73925e-05
7.53293e+00	5.70564e-05
7.55057e+00	5.67194e-05
7.56821e+00	5.63816e-05
7.58585e+00	5.60429e-05
7.60349e+00	5.57035e-05
7.62113e+00	5.53633e-05
7.63878e+00	5.50224e-05
7.65642e+00	5.46809e-05
7.67406e+00	5.43388e-05
7.69170e+00	5.39963e-05
7.70934e+00	5.36534e-05
7.72698e+00	5.33102e-05
7.74463e+00	5.29669e-05
7.76227e+00	5.26210e-05
7.77991e+00	5.22702e-05
7.79755e+00	5.19138e-05
7.81519e+00	5.15497e-05
7.83283e+00	5.11781e-05
7.85047e+00	5.07980e-05
7.86812e+00	5.04099e-05
7.88576e+00	5.00138e-05
7.90340e+00	4.96101e-05
7.92104e+00	4.91994e-05
7.93868e+00	4.87818e-05
7.95632e+00	4.83579e-05
7.97396e+00	4.79281e-05
7.99161e+00	4.74922e-05
8.00925e+00	4.70501e-05
8.02689e+00	4.66023e-05
8.04453e+00	4.61478e-05
8.06217e+00	4.56870e-05
8.07981e+00	4.52203e-05
8.09746e+00	4.47481e-05
8.11510e+00	4.42707e-05
8.13274e+00	4.37893e-05
8.15038e+00	4.33034e-05
8.16802e+00	4.28137e-05
8.18566e+00	4.23207e-05
8.20330e+00	4.18247e-05
8.22095e+00	4.13261e-05
8.23859e+00	4.08228e-05
8.25623e+00	4.03141e-05
8.27387e+00	3.98005e-05
8.29151e+00	3.92827e-05
8.30915e+00	3.87599e-05
8.32680e+00	3.82321e-05
8.34444e+00	3.76993e-05
8.36208e+00	3.71619e-05
8.37972e+00	3.66203e-05
8.39736e+00	3.60752e-05
8.41500e+00	3.55269e-05
8.43264e+00	3.49761e-05
8.45029e+00	3.44232e-05
8.46793e+00	3.38663e-05
8.48557e+00	3.33022e-05
8.50321e+00	3.27327e-05
8.52085e+00	3.21615e-05
8.53849e+00	3.15890e-05
8.55613e+00	3.10170e-05
8.57378e+00	3.04471e-05
8.59142e+00	2.98795e-05
8.60906e+00	2.93145e-05
8.62670e+00	2.87525e-05
8.64434e+00	2.81938e-05
8.66198e+00	2.76385e-05
8.67963e+00	2.70870e-05
8.69727e+00	2.65395e-05
8.71491e+00	2.59964e-05
8.73255e+00	2.54579e-05
8.75019e+00	2.49239e-05
8.76783e+00	2.43946e-05
8.78547e+00	2.38703e-05
8.80312e+00	2.33510e-05
8.82076e+00	2.28369e-05
8.83840e+00	2.23283e-05
8.85604e+00	2.18251e-05
8.87368e+00	2.13277e-05
8.89132e+00	2.08360e-05
8.90897e+00	2.03501e-05
8.92661e+00	1.98705e-05
8.94425e+00	1.93967e-05
8.96189e+00	1.89289e-05
8.97953e+00	1.84676e-05
8.99717e+00	1.80130e-05
9.01481e+00	1.75662e-05
9.03246e+00	1.71274e-05
9.05010e+00	1.66974e-05
9.06774e+00	1.62764e-05
9.08538e+00	1.58642e-05
9.10302e+00	1.54607e-05
9.12066e+00	1.50657e-05
9.13830e+00	1.46791e-05
9.15595e+00	1.43009e-05
9.17359e+00	1.39309e-05
9.19123e+00	1.35689e-05
9.20887e+00	1.32148e-05
9.22651e+00	1.28686e-05
9.24415e+00	1.25300e-05
9.26180e+00	1.21990e-05
9.27944e+00	1.18755e-05
9.29708e+00	1.15591e-05
9.31472e+00	1.12500e-05
9.33236e+00	1.09480e-05
9.35000e+00	1.06529e-05
9.36764e+00	1.03646e-05
9.38529e+00	1.00830e-05
9.40293e+00	9.80802e-06
9.42057e+00	9.53950e-06
9.43821e+00	9.27734e-06
9.45585e+00	9.02141e-06
9.47349e+00	8.77160e-06
9.49114e+00	8.52781e-06
9.50878e+00	8.28994e-06
9.52642e+00	8.05786e-06
9.54406e+00	7.83147e-06
9.56170e+00	7.61065e-06
9.57934e+00	7.39523e-06
9.59698e+00	7.18501e-06
9.61463e+00	6.97989e-06
9.63227e+00	6.77980e-06
9.64991e+00	6.58466e-06
9.66755e+00	6.39421e-06
9.68519e+00	6.20848e-06
9.70283e+00	6.02726e-06
9.72047e+00	5.85049e-06
9.73812e+00	5.67806e-06
9.75576e+00	5.50991e-06
9.77340e+00	5.34596e-06
9.79104e+00	5.18610e-06
9.80868e+00	5.03026e-06
9.82632e+00	4.87836e-06
9.84397e+00	4.73032e-06
9.86161e+00	4.58608e-06
9.87925e+00	4.44555e-06
9.89689e+00	4.30867e-06
9.91453e+00	4.17535e-06
9.93217e+00	4.04552e-06
9.94981e+00	3.91910e-06
9.96746e+00	3.79606e-06
9.98510e+00	3.67628e-06
1.00027e+01	3.55975e-06
1.00204e+01	3.44740e-06
1.00380e+01	3.33702e-06
1.00557e+01	3.23057e-06
1.00733e+01	3.12732e-06
1.00909e+01	3.02725e-06
1.01086e+01	2.93028e-06
1.01262e+01	2.83632e-06
1.01439e+01	2.74529e-06
1.01615e+01	2.65708e-06
1.01792e+01	2.57162e-06
1.01968e+01	2.48882e-06
1.02144e+01	2.40859e-06
1.02321e+01	2.33085e-06
1.02497e+01	2.25553e-06
1.02674e+01	2.18256e-06
1.02850e+01	2.11187e-06
1.03026e+01	2.04338e-06
1.03203e+01	1.97704e-06
1.03379e+01	1.91278e-06
1.03556e+01	1.85054e-06
1.03732e+01	1.79026e-06
1.03909e+01	1.73188e-06
1.04085e+01	1.67534e-06
1.04261e+01	1.62059e-06
1.04438e+01	1.56758e-06
1.04614e+01	1.51624e-06
1.04791e+01	1.46655e-06
1.04967e+01	1.41843e-06
1.05143e+01	1.37185e-06
1.05320e+01	1.32676e-06
1.05496e+01	1.28311e-06
1.05673e+01	1.24085e-06
1.05849e+01	1.19988e-06
1.06026e+01	1.16046e-06
1.06202e+01	1.12194e-06
1.06378e+01	1.08476e-06
1.06555e+01	1.04880e-06
1.06731e+01	1.01399e-06
1.06908e+01	9.80323e-07
1.07084e+01	9.47745e-07
1.07260e+01	9.16227e-07
1.07437e+01	8.85736e-07
1.07613e+01	8.56241e-07
1.07790e+01	8.27709e-07
1.07966e+01	8.00111e-07
1.08142e+01	7.73417e-07
1.08319e+01	7.47600e-07
1.08495e+01	7.22631e-07
1.08672e+01	6.98485e-07
1.08848e+01	6.75134e-07
1.09025e+01	6.52556e-07
1.09201e+01	6.30724e-07
1.09377e+01	6.09617e-07
1.09554e+01	5.89212e-07
1.09730e+01	5.69489e-07
1.09907e+01	5.50424e-07
1.10083e+01	5.31996e-07
1.10259e+01	5.14184e-07
1.10436e+01	4.96972e-07
1.10612e+01	4.80343e-07
1.10789e+01	4.64277e-07
1.10965e+01	4.48757e-07
1.11142e+01	4.33767e-07
1.11318e+01	4.19288e-07
1.11494e+01	4.05305e-07
1.11671e+01	3.91801e-07
1.11847e+01	3.78762e-07
1.12024e+01	3.66167e-07
1.12200e+01	3.53990e-07
1.12376e+01	3.42219e-07
1.12553e+01	3.30840e-07
1.12729e+01	3.19844e-07
1.12906e+01	3.09217e-07
1.13082e+01	2.98950e-07
1.13259e+01	2.89031e-07
1.13435e+01	2.79450e-07
1.13611e+01	2.70197e-07
1.13788e+01	2.61261e-07
1.13964e+01	2.52634e-07
1.14141e+01	2.44306e-07
1.14317e+01	2.36269e-07
1.14493e+01	2.28513e-07
1.14670e+01	2.21030e-07
1.14846e+01	2.13812e-07
1.15023e+01	2.06851e-07
1.15199e+01	2.00140e-07
1.15376e+01	1.93671e-07
1.15552e+01	1.87435e-07
1.15728e+01	1.81302e-07
1.15905e+01	1.75269e-07
1.16081e+01	1.69335e-07
1.16258e+01	1.63480e-07
1.16434e+01	1.57576e-07
1.16610e+01	1.51609e-07
1.16787e+01	1.45752e-07
1.16963e+01	1.40146e-07
1.17140e+01	1.34827e-07
1.17316e+01	1.29793e-07
1.17492e+01	1.24974e-07
1.17669e+01	1.20285e-07
1.17845e+01	1.15723e-07
1.18022e+01	1.11318e-07
1.18198e+01	1.07050e-07
1.18375e+01	1.02817e-07
1.18551e+01	9.83034e-08
1.18727e+01	9.40256e-08
1.18904e+01	9.00440e-08
1.19080e+01	8.61211e-08
1.19257e+01	8.22981e-08
1.19433e+01	7.86950e-08
1.19609e+01	7.52848e-08
1.19786e+01	7.20453e-08
1.19962e+01	6.89629e-08
1.20139e+01	6.60191e-08
1.20315e+01	6.32044e-08
1.20492e+01	6.05073e-08
1.20668e+01	5.79229e-08
1.20844e+01	5.54466e-08
1.21021e+01	5.30733e-08
1.21197e+01	5.07968e-08
1.21374e+01	4.86109e-08
1.21550e+01	4.65120e-08
1.21726e+01	4.44972e-08
1.21903e+01	4.25638e-08
1.22079e+01	4.07072e-08
1.22256e+01	3.89215e-08
1.22432e+01	3.72032e-08
1.22609e+01	3.55500e-08
1.22785e+01	3.39599e-08
1.22961e+01	3.24317e-08
1.23138e+01	3.09632e-08
1.23314e+01	2.95560e-08
1.23491e+01	2.82076e-08
1.23667e+01	2.69159e-08
1.23843e+01	2.56787e-08
1.24020e+01	2.44942e-08
1.24196e+01	2.33584e-08
1.24373e+01	2.22697e-08
1.24549e+01	2.12260e-08
1.24726e+01	2.02257e-08
1.24902e+01	1.92672e-08
1.25078e+01	1.83490e-08
1.25255e+01	1.74686e-08
1.25431e+01	1.66246e-08
1.25608e+01	1.58176e-08
1.25784e+01	1.50417e-08
1.25960e+01	1.43001e-08
1.26137e+01	1.35909e-08
1.26313e+01	1.29134e-08
1.26490e+01	1.22667e-08
1.26666e+01	1.16494e-08
1.26842e+01	1.10605e-08
1.27019e+01	1.04990e-08
1.27195e+01	9.96428e-09
1.27372e+01	9.45537e-09
1.27548e+01	8.97137e-09
1.27725e+01	8.51107e-09
1.27901e+01	8.07334e-09
1.28077e+01	7.65723e-09
1.28254e+01	7.26305e-09
1.28430e+01	6.88986e-09
1.28607e+01	6.53810e-09
1.28783e+01	6.20716e-09
1.28959e+01	5.89483e-09
1.29136e+01	5.59814e-09
1.29312e+01	5.31210e-09
1.29489e+01	5.04422e-09
1.29665e+01	4.79498e-09
1.29842e+01	4.55783e-09
1.30018e+01	4.33041e-09
1.30194e+01	4.10199e-09
1.30371e+01	3.86622e-09
1.30547e+01	3.62976e-09
1.30724e+01	3.41481e-09
1.30900e+01	3.22201e-09
1.31076e+01	3.04871e-09
1.31253e+01	2.89189e-09
1.31429e+01	2.74730e-09
1.31606e+01	2.60831e-09
1.31782e+01	2.47330e-09
1.31959e+01	2.34147e-09
1.32135e+01	2.21453e-09
1.32311e+01	2.09842e-09
1.32488e+01	1.99019e-09
1.32664e+01	1.88917e-09
1.32841e+01	1.79425e-09
1.33017e+01	1.70527e-09
1.33193e+01	1.62143e-09
1.33370e+01	1.54225e-09
1.33546e+01	1.46721e-09
1.33723e+01	1.39586e-09
1.33899e+01	1.32771e-09
1.34076e+01	1.26253e-09
1.34252e+01	1.20017e-09
1.34428e+01	1.14022e-09
1.34605e+01	1.08248e-09
1.34781e+01	1.02697e-09
1.34958e+01	9.74232e-10
1.35134e+01	9.24276e-10
1.35310e+01	8.76721e-10
1.35487e+01	8.31401e-10
1.35663e+01	7.88230e-10
1.35840e+01	7.47115e-10
1.36016e+01	7.07965e-10
1.36192e+01	6.70717e-10
1.36369e+01	6.35294e-10
1.36545e+01	6.01614e-10
1.36722e+01	5.69600e-10
1.36898e+01	5.39178e-10
1.37075e+01	5.10275e-10
1.37251e+01	4.82825e-10
1.37427e+01	4.56761e-10
1.37604e+01	4.32017e-10
1.37780e+01	4.08536e-10
1.37957e+01	3.86259e-10
1.38133e+01	3.65123e-10
1.38309e+01	3.45071e-10
1.38486e+01	3.26055e-10
1.38662e+01	3.08020e-10
1.38839e+01	2.90901e-10
1.39015e+01	2.74648e-10
1.39192e+01	2.59220e-10
1.39368e+01	2.44574e-10
1.39544e+01	2.30678e-10
1.39721e+01	2.17500e-10
1.39897e+01	2.05011e-10
1.40074e+01	1.93166e-10
1.40250e+01	1.81939e-10
1.40426e+01	1.71311e-10
1.40603e+01	1.61253e-10
1.40779e+01	1.51741e-10
1.40956e+01	1.42742e-10
1.41132e+01	1.34234e-10
1.41309e+01	1.26193e-10
1.41485e+01	1.18597e-10
1.41661e+01	1.11424e-10
1.41838e+01	1.04653e-10
1.42014e+01	9.82638e-11
1.42191e+01	9.22363e-11
1.42367e+01	8.65482e-11
1.42543e+01	8.11807e-11
1.42720e+01	7.61173e-11
1.42896e+01	7.13429e-11
1.43073e+01	6.68426e-11
1.43249e+01	6.26031e-11
1.43426e+01	5.86110e-11
1.43602e+01	5.48535e-11
1.43778e+01	5.13181e-11
1.43955e+01	4.79934e-11
1.44131e+01	4.48678e-11
1.44308e+01	4.19309e-11
1.44484e+01	3.91721e-11
1.44660e+01	3.65820e-11
1.44837e+01	3.41515e-11
1.45013e+01	3.18718e-11
1.45190e+01	2.97341e-11
1.45366e+01	2.77306e-11
1.45543e+01	2.58537e-11
1.45719e+01	2.40959e-11
1.45895e+01	2.24504e-11
1.46072e+01	2.09106e-11
1.46248e+01	1.94701e-11
1.46425e+01	1.81232e-11
1.46601e+01	1.68642e-11
1.46777e+01	1.56877e-11
1.46954e+01	1.45887e-11
1.47130e+01	1.35626e-11
1.47307e+01	1.26048e-11
1.47483e+01	1.17110e-11
1.47659e+01	1.08773e-11
1.47836e+01	1.00999e-11
1.48012e+01	9.37512e-12
1.48189e+01	8.69972e-12
1.48365e+01	8.07051e-12
1.48542e+01	7.48450e-12
1.48718e+01	6.93893e-12
1.48894e+01	6.43115e-12
1.49071e+01	5.95869e-12
1.49247e+01	5.51923e-12
1.49424e+01	5.11059e-12
1.49600e+01	4.73070e-12
1.49776e+01	4.37768e-12
1.49953e+01	4.04981e-12
1.50129e+01	3.74546e-12
1.50306e+01	3.46323e-12
1.50482e+01	3.20161e-12
1.50659e+01	2.95920e-12
1.50835e+01	2.73464e-12
1.51011e+01	2.52665e-12
1.51188e+01	2.33405e-12
1.51364e+01	2.15574e-12
1.51541e+01	1.99070e-12
1.51717e+01	1.83795e-12
1.51893e+01	1.69663e-12
1.52070e+01	1.56588e-12
1.52246e+01	1.44496e-12
1.52423e+01	1.33314e-12
1.52599e+01	1.22976e-12
1.52776e+01	1.13419e-12
1.52952e+01	1.04587e-12
1.53128e+01	9.64264e-13
1.53305e+01	8.88869e-13
1.53481e+01	8.19228e-13
1.53658e+01	7.54913e-13
1.53834e+01	6.95530e-13
1.54010e+01	6.40710e-13
1.54187e+01	5.90112e-13
1.54363e+01	5.43421e-13
1.54540e+01	5.00342e-13
1.54716e+01	4.60603e-13
1.54893e+01	4.23953e-13
1.55069e+01	3.90158e-13
1.55245e+01	3.59000e-13
1.55422e+01	3.30281e-13
1.55598e+01	3.03814e-13
1.55775e+01	2.79427e-13
1.55951e+01	2.56960e-13
1.56127e+01	2.36264e-13
1.56304e+01	2.17204e-13
1.56480e+01	1.99654e-13
1.56657e+01	1.83497e-13
1.56833e+01	1.68627e-13
1.57009e+01	1.54944e-13
1.57186e+01	1.42356e-13
1.57362e+01	1.30779e-13
1.57539e+01	1.20133e-13
1.57715e+01	1.10343e-13
1.57892e+01	1.01316e-13
1.58068e+01	9.29978e-14
1.58244e+01	8.53346e-14
1.58421e+01	7.82771e-14
1.58597e+01	7.17804e-14
1.58774e+01	6.58017e-14
1.58950e+01	6.03013e-14
1.59126e+01	5.52430e-14
1.59303e+01	5.05929e-14
1.59479e+01	4.63190e-14
1.59656e+01	4.23923e-14
1.59832e+01	3.87860e-14
1.60009e+01	3.54757e-14
1.60185e+01	3.24388e-14
1.60361e+01	2.96542e-14
1.60538e+01	2.71019e-14
1.60714e+01	2.47632e-14
1.60891e+01	2.26210e-14
1.61067e+01	2.06592e-14
1.61243e+01	1.88631e-14
1.61420e+01	1.72190e-14
1.61596e+01	1.57147e-14
1.61773e+01	1.43383e-14
1.61949e+01	1.30796e-14
1.62126e+01	1.19286e-14
1.62302e+01	1.08764e-14
1.62478e+01	9.91479e-15
1.62655e+01	9.03612e-15
1.62831e+01	8.23347e-15
1.63008e+01	7.50049e-15
1.63184e+01	6.83123e-15
1.63360e+01	6.22027e-15
1.63537e+01	5.66273e-15
1.63713e+01	5.15405e-15
1.63890e+01	4.69001e-15
1.64066e+01	4.26685e-15
1.64243e+01	3.88105e-15
1.64419e+01	3.52935e-15
1.64595e+01	3.20886e-15
1.64772e+01	2.91688e-15
1.64948e+01	2.65091e-15
1.65125e+01	2.40867e-15
1.65301e+01	2.18809e-15
1.65477e+01	1.98727e-15
1.65654e+01	1.80447e-15
1.65830e+01	1.63813e-15
1.66007e+01	1.48681e-15
1.66183e+01	1.34917e-15
1.66359e+01	1.22400e-15
1.66536e+01	1.11020e-15
1.66712e+01	1.00677e-15
1.66889e+01	9.12773e-16
1.67065e+01	8.27378e-16
1.67242e+01	7.49815e-16
1.67418e+01	6.79379e-16
1.67594e+01	6.15430e-16
1.67771e+01	5.57384e-16
1.67947e+01	5.04708e-16
1.68124e+01	4.56915e-16
1.68300e+01	4.13562e-16
1.68476e+01	3.74245e-16
1.68653e+01	3.38596e-16
1.68829e+01	3.06282e-16
1.69006e+01	2.76997e-16
1.69182e+01	2.50461e-16
1.69359e+01	2.26423e-16
1.69535e+01	2.04651e-16
1.69711e+01	1.84937e-16
1.69888e+01	1.67090e-16
1.70064e+01	1.50938e-16
1.70241e+01	1.36324e-16
1.70417e+01	1.23104e-16
1.70593e+01	1.11150e-16
1.70770e+01	1.00341e-16
1.70946e+01	9.05722e-17
1.71123e+01	8.17445e-17
1.71299e+01	7.37695e-17
1.71476e+01	6.65666e-17
1.71652e+01	6.00626e-17
1.71828e+01	5.41915e-17
1.72005e+01	4.88935e-17
1.72181e+01	4.41144e-17
1.72358e+01	3.98049e-17
1.72534e+01	3.59207e-17
1.72710e+01	3.24215e-17
1.72887e+01	2.92710e-17
1.73063e+01	2.64362e-17
1.73240e+01	2.38876e-17
1.73416e+01	2.15981e-17
1.73593e+01	1.95438e-17
1.73769e+01	1.77030e-17
1.73945e+01	1.60564e-17
1.74122e+01	1.45866e-17
1.74298e+01	1.32779e-17
1.74475e+01	1.21162e-17
1.74651e+01	1.10890e-17
1.74827e+01	1.01854e-17
1.75004e+01	9.39545e-18
1.75180e+01	8.71074e-18
1.75357e+01	8.12383e-18
1.75533e+01	7.62829e-18
1.75709e+01	7.21873e-18
1.75886e+01	6.89064e-18
1.76062e+01	6.64014e-18
1.76239e+01	6.46595e-18
1.76415e+01	6.34806e-18
