# The ell = 1 distribution, the first anisotropy.
# E_N [Td]	2.00000e+01
# col_1: Electron Energy [eV], col_2: f1 [eV^(-3/2)]
eV	f1
2.24887e-02	1.85189e-04
4.49774e-02	3.51810e-04
6.74661e-02	4.58954e-04
8.99548e-02	5.42114e-04
1.12444e-01	6.10610e-04
1.34932e-01	6.75516e-04
1.57421e-01	7.40582e-04
1.79910e-01	8.05968e-04
2.02398e-01	8.72848e-04
2.24887e-01	9.43042e-04
2.47376e-01	1.01540e-03
2.69864e-01	1.09632e-03
2.92353e-01	1.18686e-03
3.14842e-01	1.28407e-03
3.37331e-01	1.39205e-03
3.59819e-01	1.51408e-03
3.82308e-01	1.65934e-03
4.04797e-01	1.83486e-03
4.27285e-01	2.04066e-03
4.49774e-01	2.27806e-03
4.72263e-01	2.54838e-03
4.94752e-01	2.85459e-03
5.17240e-01	3.18760e-03
5.39729e-01	3.58109e-03
5.62218e-01	4.02635e-03
5.84706e-01	4.52693e-03
6.07195e-01	5.08545e-03
6.29684e-01	5.70703e-03
6.52172e-01	6.43723e-03
6.74661e-01	7.25524e-03
6.97150e-01	8.18020e-03
7.19639e-01	9.21856e-03
7.42127e-01	1.03514e-02
7.64616e-01	1.15069e-02
7.87105e-01	1.27055e-02
8.09593e-01	1.39273e-02
8.32082e-01	1.51683e-02
8.54571e-01	1.64298e-02
8.77059e-01	1.77176e-02
8.99548e-01	1.90895e-02
9.22037e-01	2.05485e-02
9.44526e-01	2.20635e-02
9.67014e-01	2.37074e-02
9.89503e-01	2.54777e-02
1.01199e+00	2.72976e-02
1.03448e+00	2.92111e-02
1.05697e+00	3.12089e-02
1.07946e+00	3.32953e-02
1.10195e+00	3.54241e-02
1.12444e+00	3.75190e-02
1.14692e+00	3.96053e-02
1.16941e+00	4.17146e-02
1.19190e+00	4.38029e-02
1.21439e+00	4.58714e-02
1.23688e+00	4.80150e-02
1.25937e+00	5.01915e-02
1.28186e+00	5.23936e-02
1.30434e+00	5.47715e-02
1.32683e+00	5.72493e-02
1.34932e+00	5.98342e-02
1.37181e+00	6.25097e-02
1.39430e+00	6.49770e-02
1.41679e+00	6.72798e-02
1.43928e+00	6.94294e-02
1.46177e+00	7.13680e-02
1.48425e+00	7.31950e-02
1.50674e+00	7.49467e-02
1.52923e+00	7.66243e-02
1.55172e+00	7.82546e-02
1.57421e+00	8.01481e-02
1.59670e+00	8.22579e-02
1.61919e+00	8.45527e-02
1.64168e+00	8.70732e-02
1.66416e+00	8.95950e-02
1.68665e+00	9.20894e-02
1.70914e+00	9.45417e-02
1.73163e+00	9.69633e-02
1.75412e+00	9.89264e-02
1.77661e+00	1.00383e-01
1.79910e+00	1.01361e-01
1.82159e+00	1.01798e-01
1.84407e+00	1.01931e-01
1.86656e+00	1.01664e-01
1.88905e+00	1.00863e-01
1.91154e+00	9.94754e-02
1.93403e+00	9.75172e-02
1.95652e+00	9.50635e-02
1.97901e+00	9.23123e-02
2.00149e+00	8.92892e-02
2.02398e+00	8.60473e-02
2.04647e+00	8.29069e-02
2.06896e+00	7.99355e-02
2.09145e+00	7.71025e-02
2.11394e+00	7.43903e-02
2.13643e+00	7.14424e-02
2.15892e+00	6.84014e-02
2.18140e+00	6.54067e-02
2.20389e+00	6.24583e-02
2.22638e+00	5.96135e-02
2.24887e+00	5.69266e-02
2.27136e+00	5.43680e-02
2.29385e+00	5.19398e-02
2.31634e+00	4.96138e-02
2.33883e+00	4.73656e-02
2.36131e+00	4.52029e-02
2.38380e+00	4.30863e-02
2.40629e+00	4.10409e-02
2.42878e+00	3.91695e-02
2.45127e+00	3.72740e-02
2.47376e+00	3.53309e-02
2.49625e+00	3.34332e-02
2.51873e+00	3.16620e-02
2.54122e+00	2.99847e-02
2.56371e+00	2.84565e-02
2.58620e+00	2.70539e-02
2.60869e+00	2.57839e-02
2.63118e+00	2.45441e-02
2.65367e+00	2.33259e-02
2.67616e+00	2.21573e-02
2.69864e+00	2.10283e-02
2.72113e+00	1.99613e-02
2.74362e+00	1.90254e-02
2.76611e+00	1.82119e-02
2.78860e+00	1.74298e-02
2.81109e+00	1.66834e-02
2.83358e+00	1.59484e-02
2.85607e+00	1.52033e-02
2.87855e+00	1.44332e-02
2.90104e+00	1.36816e-02
2.92353e+00	1.29972e-02
2.94602e+00	1.23794e-02
2.96851e+00	1.18270e-02
2.99100e+00	1.13486e-02
3.01349e+00	1.09158e-02
3.03598e+00	1.04939e-02
3.05846e+00	1.00770e-02
3.08095e+00	9.66817e-03
3.10344e+00	9.26834e-03
3.12593e+00	8.89241e-03
3.14842e+00	8.54640e-03
3.17091e+00	8.22518e-03
3.19340e+00	7.91585e-03
3.21588e+00	7.61754e-03
3.23837e+00	7.32994e-03
3.26086e+00	7.05119e-03
3.28335e+00	6.78511e-03
3.30584e+00	6.53691e-03
3.32833e+00	6.30901e-03
3.35082e+00	6.09961e-03
3.37331e+00	5.90674e-03
3.39579e+00	5.72839e-03
3.41828e+00	5.56365e-03
3.44077e+00	5.40595e-03
3.46326e+00	5.25556e-03
3.48575e+00	5.11251e-03
3.50824e+00	4.97754e-03
3.53073e+00	4.84904e-03
3.55322e+00	4.72606e-03
3.57570e+00	4.60675e-03
3.59819e+00	4.49120e-03
3.62068e+00	4.38017e-03
3.64317e+00	4.27353e-03
3.66566e+00	4.17115e-03
3.68815e+00	4.07338e-03
3.71064e+00	3.98010e-03
3.73313e+00	3.89179e-03
3.75561e+00	3.80932e-03
3.77810e+00	3.73269e-03
3.80059e+00	3.66226e-03
3.82308e+00	3.59774e-03
3.84557e+00	3.53898e-03
3.86806e+00	3.48553e-03
3.89055e+00	3.43471e-03
3.91303e+00	3.38622e-03
3.93552e+00	3.33988e-03
3.95801e+00	3.29564e-03
3.98050e+00	3.25361e-03
4.00299e+00	3.21356e-03
4.02548e+00	3.17498e-03
4.04797e+00	3.13714e-03
4.07046e+00	3.09965e-03
4.09294e+00	3.06250e-03
4.11543e+00	3.02567e-03
4.13792e+00	2.98914e-03
4.16041e+00	2.95286e-03
4.18290e+00	2.91682e-03
4.20539e+00	2.88101e-03
4.22788e+00	2.84538e-03
4.25037e+00	2.80993e-03
4.27285e+00	2.77451e-03
4.29534e+00	2.73905e-03
4.31783e+00	2.70353e-03
4.34032e+00	2.66797e-03
4.36281e+00	2.63235e-03
4.38530e+00	2.59674e-03
4.40779e+00	2.56116e-03
4.43027e+00	2.52569e-03
4.45276e+00	2.49051e-03
4.47525e+00	2.45558e-03
4.49774e+00	2.42090e-03
4.52023e+00	2.38646e-03
4.54272e+00	2.35235e-03
4.56521e+00	2.31899e-03
4.58770e+00	2.28644e-03
4.61018e+00	2.25470e-03
4.63267e+00	2.22378e-03
4.65516e+00	2.19406e-03
4.67765e+00	2.16551e-03
4.70014e+00	2.13812e-03
4.72263e+00	2.11187e-03
4.74512e+00	2.08674e-03
4.76761e+00	2.06272e-03
4.79009e+00	2.03980e-03
4.81258e+00	2.01794e-03
4.83507e+00	1.99725e-03
4.85756e+00	1.97790e-03
4.88005e+00	1.95989e-03
4.90254e+00	1.94317e-03
4.92503e+00	1.92771e-03
4.94752e+00	1.91311e-03
4.97000e+00	1.89927e-03
4.99249e+00	1.88615e-03
5.01498e+00	1.87368e-03
5.03747e+00	1.86181e-03
5.05996e+00	1.85042e-03
5.08245e+00	1.83951e-03
5.10494e+00	1.82906e-03
5.12742e+00	1.81892e-03
5.14991e+00	1.80886e-03
5.17240e+00	1.79887e-03
5.19489e+00	1.78895e-03
5.21738e+00	1.77911e-03
5.23987e+00	1.76934e-03
5.26236e+00	1.75963e-03
5.28485e+00	1.75001e-03
5.30733e+00	1.74045e-03
5.32982e+00	1.73096e-03
5.35231e+00	1.72154e-03
5.37480e+00	1.71219e-03
5.39729e+00	1.70291e-03
5.41978e+00	1.69371e-03
5.44227e+00	1.68457e-03
5.46476e+00	1.67549e-03
5.48724e+00	1.66649e-03
5.50973e+00	1.65755e-03
5.53222e+00	1.64868e-03
5.55471e+00	1.63988e-03
5.57720e+00	1.63114e-03
5.59969e+00	1.62247e-03
5.62218e+00	1.61387e-03
5.64466e+00	1.60533e-03
5.66715e+00	1.59686e-03
5.68964e+00	1.58844e-03
5.71213e+00	1.58010e-03
5.73462e+00	1.57182e-03
5.75711e+00	1.56361e-03
5.77960e+00	1.55546e-03
5.80209e+00	1.54737e-03
5.82457e+00	1.53935e-03
5.84706e+00	1.53139e-03
5.86955e+00	1.52350e-03
5.89204e+00	1.51566e-03
5.91453e+00	1.50789e-03
5.93702e+00	1.50019e-03
5.95951e+00	1.49254e-03
5.98200e+00	1.48496e-03
6.00448e+00	1.47744e-03
6.02697e+00	1.46999e-03
6.04946e+00	1.46258e-03
6.07195e+00	1.45524e-03
6.09444e+00	1.44796e-03
6.11693e+00	1.44074e-03
6.13942e+00	1.43358e-03
6.16191e+00	1.42648e-03
6.18439e+00	1.41943e-03
6.20688e+00	1.41245e-03
6.22937e+00	1.40552e-03
6.25186e+00	1.39866e-03
6.27435e+00	1.39185e-03
6.29684e+00	1.38510e-03
6.31933e+00	1.37840e-03
6.34181e+00	1.37176e-03
6.36430e+00	1.36518e-03
6.38679e+00	1.35865e-03
6.40928e+00	1.35218e-03
6.43177e+00	1.34576e-03
6.45426e+00	1.33939e-03
6.47675e+00	1.33308e-03
6.49924e+00	1.32683e-03
6.52172e+00	1.32063e-03
6.54421e+00	1.31448e-03
6.56670e+00	1.30839e-03
6.58919e+00	1.30235e-03
6.61168e+00	1.29637e-03
6.63417e+00	1.29043e-03
6.65666e+00	1.28454e-03
6.67915e+00	1.27871e-03
6.70163e+00	1.27293e-03
6.72412e+00	1.26720e-03
6.74661e+00	1.26152e-03
6.76910e+00	1.25586e-03
6.79159e+00	1.25024e-03
6.81408e+00	1.24466e-03
6.83657e+00	1.23910e-03
6.85906e+00	1.23358e-03
6.88154e+00	1.22808e-03
6.90403e+00	1.22262e-03
6.92652e+00	1.21721e-03
6.94901e+00	1.21179e-03
6.97150e+00	1.20641e-03
6.99399e+00	1.20107e-03
7.01648e+00	1.19576e-03
7.03896e+00	1.19050e-03
7.06145e+00	1.18528e-03
7.08394e+00	1.18009e-03
7.10643e+00	1.17493e-03
7.12892e+00	1.16982e-03
7.15141e+00	1.16474e-03
7.17390e+00	1.15970e-03
7.19639e+00	1.15471e-03
7.21887e+00	1.14975e-03
7.24136e+00	1.14483e-03
7.26385e+00	1.13997e-03
7.28634e+00	1.13516e-03
7.30883e+00	1.13040e-03
7.33132e+00	1.12568e-03
7.35381e+00	1.12102e-03
7.37630e+00	1.11639e-03
7.39878e+00	1.11175e-03
7.42127e+00	1.10710e-03
7.44376e+00	1.10244e-03
7.46625e+00	1.09778e-03
7.48874e+00	1.09310e-03
7.51123e+00	1.08842e-03
7.53372e+00	1.08374e-03
7.55620e+00	1.07905e-03
7.57869e+00	1.07435e-03
7.60118e+00	1.06963e-03
7.62367e+00	1.06491e-03
7.64616e+00	1.06017e-03
7.66865e+00	1.05543e-03
7.69114e+00	1.05067e-03
7.71363e+00	1.04591e-03
7.73611e+00	1.04113e-03
7.75860e+00	1.03635e-03
7.78109e+00	1.03149e-03
7.80358e+00	1.02655e-03
7.82607e+00	1.02149e-03
7.84856e+00	1.01631e-03
7.87105e+00	1.01101e-03
7.89354e+00	1.00559e-03
7.91602e+00	1.00004e-03
7.93851e+00	9.94381e-04
7.96100e+00	9.88610e-04
7.98349e+00	9.82732e-04
8.00598e+00	9.76739e-04
8.02847e+00	9.70634e-04
8.05096e+00	9.64402e-04
8.07345e+00	9.58046e-04
8.09593e+00	9.51570e-04
8.11842e+00	9.44981e-04
8.14091e+00	9.38287e-04
8.16340e+00	9.31487e-04
8.18589e+00	9.24588e-04
8.20838e+00	9.17596e-04
8.23087e+00	9.10509e-04
8.25335e+00	9.03280e-04
8.27584e+00	8.95914e-04
8.29833e+00	8.88419e-04
8.32082e+00	8.80775e-04
8.34331e+00	8.72981e-04
8.36580e+00	8.65037e-04
8.38829e+00	8.56950e-04
8.41078e+00	8.48727e-04
8.43326e+00	8.40375e-04
8.45575e+00	8.31903e-04
8.47824e+00	8.23242e-04
8.50073e+00	8.14364e-04
8.52322e+00	8.05351e-04
8.54571e+00	7.96216e-04
8.56820e+00	7.87002e-04
8.59069e+00	7.77725e-04
8.61317e+00	7.68389e-04
8.63566e+00	7.59002e-04
8.65815e+00	7.49567e-04
8.68064e+00	7.40091e-04
8.70313e+00	7.30580e-04
8.72562e+00	7.21040e-04
8.74811e+00	7.11474e-04
8.77059e+00	7.01884e-04
8.79308e+00	6.92274e-04
8.81557e+00	6.82649e-04
8.83806e+00	6.73013e-04
8.86055e+00	6.63372e-04
8.88304e+00	6.53728e-04
8.90553e+00	6.44085e-04
8.92802e+00	6.34455e-04
8.95050e+00	6.24824e-04
8.97299e+00	6.15208e-04
8.99548e+00	6.05620e-04
9.01797e+00	5.96085e-04
9.04046e+00	5.86623e-04
9.06295e+00	5.77258e-04
9.08544e+00	5.67992e-04
9.10793e+00	5.58825e-04
9.13041e+00	5.49758e-04
9.15290e+00	5.40791e-04
9.17539e+00	5.31924e-04
9.19788e+00	5.23157e-04
9.22037e+00	5.14490e-04
9.24286e+00	5.05922e-04
9.26535e+00	4.97455e-04
9.28784e+00	4.89087e-04
9.31032e+00	4.80817e-04
9.33281e+00	4.72647e-04
9.35530e+00	4.64577e-04
9.37779e+00	4.56605e-04
9.40028e+00	4.48732e-04
9.42277e+00	4.40958e-04
9.44526e+00	4.33282e-04
9.46774e+00	4.25704e-04
9.49023e+00	4.18223e-04
9.51272e+00	4.10841e-04
9.53521e+00	4.03557e-04
9.55770e+00	3.96369e-04
9.58019e+00	3.89276e-04
9.60268e+00	3.82273e-04
9.62517e+00	3.75358e-04
9.64765e+00	3.68534e-04
9.67014e+00	3.61795e-04
9.69263e+00	3.55141e-04
9.71512e+00	3.48570e-04
9.73761e+00	3.42081e-04
9.76010e+00	3.35674e-04
9.78259e+00	3.29350e-04
9.80508e+00	3.23107e-04
9.82756e+00	3.16945e-04
9.85005e+00	3.10864e-04
9.87254e+00	3.04864e-04
9.89503e+00	2.98946e-04
9.91752e+00	2.93109e-04
9.94001e+00	2.87352e-04
9.96250e+00	2.81677e-04
9.98498e+00	2.76077e-04
1.00075e+01	2.70585e-04
1.00300e+01	2.65168e-04
1.00525e+01	2.59840e-04
1.00749e+01	2.54622e-04
1.00974e+01	2.49503e-04
1.01199e+01	2.44483e-04
1.01424e+01	2.39562e-04
1.01649e+01	2.34736e-04
1.01874e+01	2.30005e-04
1.02099e+01	2.25365e-04
1.02324e+01	2.20815e-04
1.02548e+01	2.16354e-04
1.02773e+01	2.11979e-04
1.02998e+01	2.07689e-04
1.03223e+01	2.03484e-04
1.03448e+01	1.99360e-04
1.03673e+01	1.95318e-04
1.03898e+01	1.91355e-04
1.04123e+01	1.87471e-04
1.04348e+01	1.83663e-04
1.04572e+01	1.79931e-04
1.04797e+01	1.76274e-04
1.05022e+01	1.72690e-04
1.05247e+01	1.69177e-04
1.05472e+01	1.65735e-04
1.05697e+01	1.62358e-04
1.05922e+01	1.59058e-04
1.06147e+01	1.55814e-04
1.06372e+01	1.52627e-04
1.06596e+01	1.49509e-04
1.06821e+01	1.46455e-04
1.07046e+01	1.43463e-04
1.07271e+01	1.40532e-04
1.07496e+01	1.37661e-04
1.07721e+01	1.34849e-04
1.07946e+01	1.32094e-04
1.08171e+01	1.29397e-04
1.08396e+01	1.26756e-04
1.08620e+01	1.24169e-04
1.08845e+01	1.21637e-04
1.09070e+01	1.19157e-04
1.09295e+01	1.16730e-04
1.09520e+01	1.14353e-04
1.09745e+01	1.12028e-04
1.09970e+01	1.09752e-04
1.10195e+01	1.07524e-04
1.10420e+01	1.05344e-04
1.10644e+01	1.03212e-04
1.10869e+01	1.01126e-04
1.11094e+01	9.90857e-05
1.11319e+01	9.70907e-05
1.11544e+01	9.51398e-05
1.11769e+01	9.32323e-05
1.11994e+01	9.13673e-05
1.12219e+01	8.95408e-05
1.12444e+01	8.77520e-05
1.12668e+01	8.60006e-05
1.12893e+01	8.42859e-05
1.13118e+01	8.26073e-05
1.13343e+01	8.09644e-05
1.13568e+01	7.93565e-05
1.13793e+01	7.77832e-05
1.14018e+01	7.62439e-05
1.14243e+01	7.47382e-05
1.14468e+01	7.32654e-05
1.14692e+01	7.18251e-05
1.14917e+01	7.04168e-05
1.15142e+01	6.90400e-05
1.15367e+01	6.76943e-05
1.15592e+01	6.63791e-05
1.15817e+01	6.50561e-05
1.16042e+01	6.37276e-05
1.16267e+01	6.23893e-05
1.16491e+01	6.09983e-05
1.16716e+01	5.95589e-05
1.16941e+01	5.81538e-05
1.17166e+01	5.68035e-05
1.17391e+01	5.55083e-05
1.17616e+01	5.42403e-05
1.17841e+01	5.29785e-05
1.18066e+01	5.17372e-05
1.18291e+01	5.05074e-05
1.18515e+01	4.91675e-05
1.18740e+01	4.78387e-05
1.18965e+01	4.65814e-05
1.19190e+01	4.53010e-05
1.19415e+01	4.40717e-05
1.19640e+01	4.28938e-05
1.19865e+01	4.17583e-05
1.20090e+01	4.06591e-05
1.20315e+01	3.95909e-05
1.20539e+01	3.85498e-05
1.20764e+01	3.75347e-05
1.20989e+01	3.65449e-05
1.21214e+01	3.55784e-05
1.21439e+01	3.46330e-05
1.21664e+01	3.37083e-05
1.21889e+01	3.28041e-05
1.22114e+01	3.19192e-05
1.22339e+01	3.10510e-05
1.22563e+01	3.01988e-05
1.22788e+01	2.93623e-05
1.23013e+01	2.85419e-05
1.23238e+01	2.77384e-05
1.23463e+01	2.69532e-05
1.23688e+01	2.61861e-05
1.23913e+01	2.54366e-05
1.24138e+01	2.47040e-05
1.24363e+01	2.39871e-05
1.24587e+01	2.32855e-05
1.24812e+01	2.25989e-05
1.25037e+01	2.19273e-05
1.25262e+01	2.12693e-05
1.25487e+01	2.06259e-05
1.25712e+01	1.99950e-05
1.25937e+01	1.93774e-05
1.26162e+01	1.87743e-05
1.26387e+01	1.81858e-05
1.26611e+01	1.76123e-05
1.26836e+01	1.70533e-05
1.27061e+01	1.65091e-05
1.27286e+01	1.59801e-05
1.27511e+01	1.54666e-05
1.27736e+01	1.49682e-05
1.27961e+01	1.44845e-05
1.28186e+01	1.40161e-05
1.28411e+01	1.35640e-05
1.28635e+01	1.31298e-05
1.28860e+01	1.27143e-05
1.29085e+01	1.23135e-05
1.29310e+01	1.19184e-05
1.29535e+01	1.15420e-05
1.29760e+01	1.11847e-05
1.29985e+01	1.08348e-05
1.30210e+01	1.04762e-05
1.30434e+01	1.00885e-05
1.30659e+01	9.70223e-06
1.30884e+01	9.35717e-06
1.31109e+01	9.04486e-06
1.31334e+01	8.76030e-06
1.31559e+01	8.48750e-06
1.31784e+01	8.21658e-06
1.32009e+01	7.94465e-06
1.32234e+01	7.68192e-06
1.32458e+01	7.43743e-06
1.32683e+01	7.20573e-06
1.32908e+01	6.98481e-06
1.33133e+01	6.77387e-06
1.33358e+01	6.57138e-06
1.33583e+01	6.37590e-06
1.33808e+01	6.18612e-06
1.34033e+01	6.00060e-06
1.34258e+01	5.81920e-06
1.34482e+01	5.64062e-06
1.34707e+01	5.46406e-06
1.34932e+01	5.29185e-06
1.35157e+01	5.12538e-06
1.35382e+01	4.96336e-06
1.35607e+01	4.80552e-06
1.35832e+01	4.65180e-06
1.36057e+01	4.50211e-06
1.36282e+01	4.35650e-06
1.36506e+01	4.21489e-06
1.36731e+01	4.07723e-06
1.36956e+01	3.94343e-06
1.37181e+01	3.81340e-06
1.37406e+01	3.68709e-06
1.37631e+01	3.56441e-06
1.37856e+01	3.44528e-06
1.38081e+01	3.32961e-06
1.38306e+01	3.21728e-06
1.38530e+01	3.10822e-06
1.38755e+01	3.00230e-06
1.38980e+01	2.89924e-06
1.39205e+01	2.79898e-06
1.39430e+01	2.70141e-06
1.39655e+01	2.60652e-06
1.39880e+01	2.51431e-06
1.40105e+01	2.42463e-06
1.40330e+01	2.33746e-06
1.40554e+01	2.25284e-06
1.40779e+01	2.17073e-06
1.41004e+01	2.09105e-06
1.41229e+01	2.01375e-06
1.41454e+01	1.93880e-06
1.41679e+01	1.86615e-06
1.41904e+01	1.79576e-06
1.42129e+01	1.72759e-06
1.42354e+01	1.66152e-06
1.42578e+01	1.59748e-06
1.42803e+01	1.53541e-06
1.43028e+01	1.47528e-06
1.43253e+01	1.41705e-06
1.43478e+01	1.36070e-06
1.43703e+01	1.30619e-06
1.43928e+01	1.25347e-06
1.44153e+01	1.20251e-06
1.44377e+01	1.15327e-06
1.44602e+01	1.10571e-06
1.44827e+01	1.05980e-06
1.45052e+01	1.01551e-06
1.45277e+01	9.72783e-07
1.45502e+01	9.31595e-07
1.45727e+01	8.91901e-07
1.45952e+01	8.53662e-07
1.46177e+01	8.16838e-07
1.46401e+01	7.81389e-07
1.46626e+01	7.47277e-07
1.46851e+01	7.14461e-07
1.47076e+01	6.82904e-07
1.47301e+01	6.52567e-07
1.47526e+01	6.23413e-07
1.47751e+01	5.95402e-07
1.47976e+01	5.68500e-07
1.48201e+01	5.42669e-07
1.48425e+01	5.17874e-07
1.48650e+01	4.94080e-07
1.48875e+01	4.71255e-07
1.49100e+01	4.49365e-07
1.49325e+01	4.28378e-07
1.49550e+01	4.08261e-07
1.49775e+01	3.88986e-07
1.50000e+01	3.70530e-07
1.50225e+01	3.52873e-07
1.50449e+01	3.36001e-07
1.50674e+01	3.19885e-07
1.50899e+01	3.04496e-07
1.51124e+01	2.89804e-07
1.51349e+01	2.75779e-07
1.51574e+01	2.62395e-07
1.51799e+01	2.49624e-07
1.52024e+01	2.37440e-07
1.52249e+01	2.25819e-07
1.52473e+01	2.14736e-07
1.52698e+01	2.04168e-07
1.52923e+01	1.94093e-07
1.53148e+01	1.84491e-07
1.53373e+01	1.75339e-07
1.53598e+01	1.66619e-07
1.53823e+01	1.58312e-07
1.54048e+01	1.50399e-07
1.54273e+01	1.42864e-07
1.54497e+01	1.35689e-07
1.54722e+01	1.28859e-07
1.54947e+01	1.22358e-07
1.55172e+01	1.16171e-07
1.55397e+01	1.10285e-07
1.55622e+01	1.04685e-07
1.55847e+01	9.93592e-08
1.56072e+01	9.42941e-08
1.56296e+01	8.94777e-08
1.56521e+01	8.48986e-08
1.56746e+01	8.05461e-08
1.56971e+01	7.64098e-08
1.57196e+01	7.24799e-08
1.57421e+01	6.87468e-08
1.57646e+01	6.52015e-08
1.57871e+01	6.18253e-08
1.58096e+01	5.86076e-08
1.58320e+01	5.55417e-08
1.58545e+01	5.26214e-08
1.58770e+01	4.98410e-08
1.58995e+01	4.71942e-08
1.59220e+01	4.46759e-08
1.59445e+01	4.22802e-08
1.59670e+01	4.00018e-08
1.59895e+01	3.78360e-08
1.60120e+01	3.57786e-08
1.60344e+01	3.38256e-08
1.60569e+01	3.19724e-08
1.60794e+01	3.02146e-08
1.61019e+01	2.85479e-08
1.61244e+01	2.69678e-08
1.61469e+01	2.54702e-08
1.61694e+01	2.40510e-08
1.61919e+01	2.27065e-08
1.62144e+01	2.14332e-08
1.62368e+01	2.02274e-08
1.62593e+01	1.90858e-08
1.62818e+01	1.80053e-08
1.63043e+01	1.69828e-08
1.63268e+01	1.60154e-08
1.63493e+01	1.51004e-08
1.63718e+01	1.42350e-08
1.63943e+01	1.34168e-08
1.64168e+01	1.26434e-08
1.64392e+01	1.19124e-08
1.64617e+01	1.12217e-08
1.64842e+01	1.05693e-08
1.65067e+01	9.95302e-09
1.65292e+01	9.37098e-09
1.65517e+01	8.82132e-09
1.65742e+01	8.30233e-09
1.65967e+01	7.81247e-09
1.66192e+01	7.35017e-09
1.66416e+01	6.91395e-09
1.66641e+01	6.50243e-09
1.66866e+01	6.11428e-09
1.67091e+01	5.74828e-09
1.67316e+01	5.40323e-09
1.67541e+01	5.07797e-09
1.67766e+01	4.77145e-09
1.67991e+01	4.48264e-09
1.68216e+01	4.21056e-09
1.68440e+01	3.95430e-09
1.68665e+01	3.71298e-09
1.68890e+01	3.48578e-09
1.69115e+01	3.27193e-09
1.69340e+01	3.07065e-09
1.69565e+01	2.88126e-09
1.69790e+01	2.70308e-09
1.70015e+01	2.53550e-09
1.70239e+01	2.37792e-09
1.70464e+01	2.22978e-09
1.70689e+01	2.09055e-09
1.70914e+01	1.95973e-09
1.71139e+01	1.83682e-09
1.71364e+01	1.72138e-09
1.71589e+01	1.61296e-09
1.71814e+01	1.51115e-09
1.72039e+01	1.41557e-09
1.72263e+01	1.32584e-09
1.72488e+01	1.24163e-09
1.72713e+01	1.16261e-09
1.72938e+01	1.08847e-09
1.73163e+01	1.01892e-09
1.73388e+01	9.53683e-10
1.73613e+01	8.92502e-10
1.73838e+01	8.35135e-10
1.74063e+01	7.81352e-10
1.74287e+01	7.30935e-10
1.74512e+01	6.83681e-10
1.74737e+01	6.39395e-10
1.74962e+01	5.97898e-10
1.75187e+01	5.59019e-10
1.75412e+01	5.22598e-10
1.75637e+01	4.88481e-10
1.75862e+01	4.56528e-10
1.76087e+01	4.26605e-10
1.76311e+01	3.98587e-10
1.76536e+01	3.72357e-10
1.76761e+01	3.47804e-10
1.76986e+01	3.24825e-10
1.77211e+01	3.03322e-10
1.77436e+01	2.83204e-10
1.77661e+01	2.64383e-10
1.77886e+01	2.46778e-10
1.78111e+01	2.30313e-10
1.78335e+01	2.14916e-10
1.78560e+01	2.00521e-10
1.78785e+01	1.87064e-10
1.79010e+01	1.74486e-10
1.79235e+01	1.62731e-10
1.79460e+01	1.51746e-10
1.79685e+01	1.41482e-10
1.79910e+01	1.31895e-10
1.80135e+01	1.22943e-10
1.80359e+01	1.14584e-10
1.80584e+01	1.06781e-10
1.80809e+01	9.94984e-11
1.81034e+01	9.27021e-11
1.81259e+01	8.63608e-11
1.81484e+01	8.04443e-11
1.81709e+01	7.49252e-11
1.81934e+01	6.97770e-11
1.82159e+01	6.49752e-11
1.82383e+01	6.04971e-11
1.82608e+01	5.63213e-11
1.82833e+01	5.24280e-11
1.83058e+01	4.87985e-11
1.83283e+01	4.54154e-11
1.83508e+01	4.22624e-11
1.83733e+01	3.93241e-11
1.83958e+01	3.65861e-11
1.84182e+01	3.40351e-11
1.84407e+01	3.16586e-11
1.84632e+01	2.94450e-11
1.84857e+01	2.73834e-11
1.85082e+01	2.54635e-11
1.85307e+01	2.36756e-11
1.85532e+01	2.20110e-11
1.85757e+01	2.04612e-11
1.85982e+01	1.90184e-11
1.86206e+01	1.76755e-11
1.86431e+01	1.64257e-11
1.86656e+01	1.52626e-11
1.86881e+01	1.41804e-11
1.87106e+01	1.31735e-11
1.87331e+01	1.22369e-11
1.87556e+01	1.13656e-11
1.87781e+01	1.05552e-11
1.88006e+01	9.80159e-12
1.88230e+01	9.10083e-12
1.88455e+01	8.44929e-12
1.88680e+01	7.84359e-12
1.88905e+01	7.28056e-12
1.89130e+01	6.75723e-12
1.89355e+01	6.27085e-12
1.89580e+01	5.81889e-12
1.89805e+01	5.39895e-12
1.90030e+01	5.00882e-12
1.90254e+01	4.64647e-12
1.90479e+01	4.30994e-12
1.90704e+01	3.99746e-12
1.90929e+01	3.70734e-12
1.91154e+01	3.43801e-12
1.91379e+01	3.18799e-12
1.91604e+01	2.95592e-12
1.91829e+01	2.74053e-12
1.92054e+01	2.54064e-12
1.92278e+01	2.35514e-12
1.92503e+01	2.18302e-12
1.92728e+01	2.02333e-12
1.92953e+01	1.87517e-12
1.93178e+01	1.73773e-12
1.93403e+01	1.61024e-12
1.93628e+01	1.49199e-12
1.93853e+01	1.38232e-12
1.94078e+01	1.28062e-12
1.94302e+01	1.18631e-12
1.94527e+01	1.09887e-12
1.94752e+01	1.01780e-12
1.94977e+01	9.42636e-13
1.95202e+01	8.72963e-13
1.95427e+01	8.08382e-13
1.95652e+01	7.48526e-13
1.95877e+01	6.93051e-13
1.96102e+01	6.41640e-13
1.96326e+01	5.93999e-13
1.96551e+01	5.49854e-13
1.96776e+01	5.08953e-13
1.97001e+01	4.71060e-13
1.97226e+01	4.35956e-13
1.97451e+01	4.03440e-13
1.97676e+01	3.73321e-13
1.97901e+01	3.45424e-13
1.98125e+01	3.19589e-13
1.98350e+01	2.95663e-13
1.98575e+01	2.73508e-13
1.98800e+01	2.52989e-13
1.99025e+01	2.33995e-13
1.99250e+01	2.16407e-13
1.99475e+01	2.00123e-13
1.99700e+01	1.85049e-13
1.99925e+01	1.71097e-13
2.00149e+01	1.58184e-13
2.00374e+01	1.46234e-13
2.00599e+01	1.35177e-13
2.00824e+01	1.24945e-13
2.01049e+01	1.15480e-13
2.01274e+01	1.06723e-13
2.01499e+01	9.86229e-14
2.01724e+01	9.11307e-14
2.01949e+01	8.42016e-14
2.02173e+01	7.77941e-14
2.02398e+01	7.18693e-14
2.02623e+01	6.63912e-14
2.02848e+01	6.13266e-14
2.03073e+01	5.66444e-14
2.03298e+01	5.23161e-14
2.03523e+01	4.83152e-14
2.03748e+01	4.46172e-14
2.03973e+01	4.11994e-14
2.04197e+01	3.80407e-14
2.04422e+01	3.51217e-14
2.04647e+01	3.24244e-14
2.04872e+01	2.99321e-14
2.05097e+01	2.76297e-14
2.05322e+01	2.55030e-14
2.05547e+01	2.35387e-14
2.05772e+01	2.17245e-14
2.05997e+01	2.00490e-14
2.06221e+01	1.85018e-14
2.06446e+01	1.70730e-14
2.06671e+01	1.57538e-14
2.06896e+01	1.45357e-14
2.07121e+01	1.34110e-14
2.07346e+01	1.23727e-14
2.07571e+01	1.14142e-14
2.07796e+01	1.05294e-14
2.08021e+01	9.71266e-15
2.08245e+01	8.95879e-15
2.08470e+01	8.26300e-15
2.08695e+01	7.62084e-15
2.08920e+01	7.02821e-15
2.09145e+01	6.48133e-15
2.09370e+01	5.97669e-15
2.09595e+01	5.51104e-15
2.09820e+01	5.08141e-15
2.10045e+01	4.68503e-15
2.10269e+01	4.31937e-15
2.10494e+01	3.98207e-15
2.10719e+01	3.67094e-15
2.10944e+01	3.38397e-15
2.11169e+01	3.11930e-15
2.11394e+01	2.87520e-15
2.11619e+01	2.65009e-15
2.11844e+01	2.44250e-15
2.12068e+01	2.25107e-15
2.12293e+01	2.07456e-15
2.12518e+01	1.91181e-15
2.12743e+01	1.76176e-15
2.12968e+01	1.62342e-15
2.13193e+01	1.49589e-15
2.13418e+01	1.37833e-15
2.13643e+01	1.26996e-15
2.13868e+01	1.17006e-15
2.14092e+01	1.07799e-15
2.14317e+01	9.93134e-16
2.14542e+01	9.14929e-16
2.14767e+01	8.42855e-16
2.14992e+01	7.76437e-16
2.15217e+01	7.15234e-16
2.15442e+01	6.58839e-16
2.15667e+01	6.06879e-16
2.15892e+01	5.59008e-16
2.16116e+01	5.14906e-16
2.16341e+01	4.74281e-16
2.16566e+01	4.36861e-16
2.16791e+01	4.02397e-16
2.17016e+01	3.70659e-16
2.17241e+01	3.41433e-16
2.17466e+01	3.14525e-16
2.17691e+01	2.89754e-16
2.17916e+01	2.66954e-16
2.18140e+01	2.45972e-16
2.18365e+01	2.26666e-16
2.18590e+01	2.08908e-16
2.18815e+01	1.92576e-16
2.19040e+01	1.77561e-16
2.19265e+01	1.63762e-16
2.19490e+01	1.51086e-16
2.19715e+01	1.39448e-16
2.19940e+01	1.28769e-16
2.20164e+01	1.18974e-16
2.20389e+01	1.10000e-16
2.20614e+01	1.01783e-16
2.20839e+01	9.42699e-17
2.21064e+01	8.74084e-17
2.21289e+01	8.11514e-17
2.21514e+01	7.54555e-17
2.21739e+01	7.02816e-17
2.21964e+01	6.55938e-17
2.22188e+01	6.13594e-17
2.22413e+01	5.75505e-17
2.22638e+01	5.41405e-17
2.22863e+01	5.11057e-17
2.23088e+01	4.84248e-17
2.23313e+01	4.60788e-17
2.23538e+01	4.40510e-17
2.23763e+01	4.23265e-17
2.23988e+01	4.08926e-17
2.24212e+01	3.97378e-17
2.24437e+01	3.88518e-17
2.24662e+01	3.82285e-17
2.24887e+01	3.78273e-17
