# The ell = 1 distribution, the first anisotropy.
# E_N [Td]	1.20000e+01
# col_1: Electron Energy [eV], col_2: f1 [eV^(-3/2)]
eV	f1
2.11360e-02	2.01383e-03
4.22720e-02	3.14602e-03
6.34080e-02	3.68698e-03
8.45440e-02	3.97012e-03
1.05680e-01	4.10389e-03
1.26816e-01	4.09797e-03
1.47952e-01	4.05145e-03
1.69088e-01	3.98283e-03
1.90224e-01	3.91684e-03
2.11360e-01	3.86168e-03
2.32496e-01	3.80112e-03
2.53632e-01	3.72937e-03
2.74768e-01	3.66072e-03
2.95904e-01	3.62398e-03
3.17040e-01	3.62688e-03
3.38176e-01	3.58627e-03
3.59312e-01	3.52785e-03
3.80448e-01	3.47053e-03
4.01584e-01	3.41633e-03
4.22720e-01	3.36705e-03
4.43856e-01	3.32235e-03
4.64992e-01	3.28145e-03
4.86128e-01	3.24413e-03
5.07264e-01	3.21024e-03
5.28400e-01	3.17942e-03
5.49536e-01	3.15131e-03
5.70672e-01	3.12581e-03
5.91808e-01	3.10296e-03
6.12944e-01	3.08293e-03
6.34080e-01	3.06543e-03
6.55216e-01	3.05008e-03
6.76352e-01	3.03650e-03
6.97488e-01	3.02424e-03
7.18624e-01	3.01259e-03
7.39760e-01	3.00137e-03
7.60896e-01	2.99048e-03
7.82032e-01	2.97983e-03
8.03168e-01	2.96951e-03
8.24304e-01	2.95948e-03
8.45440e-01	2.94968e-03
8.66576e-01	2.93998e-03
8.87712e-01	2.93022e-03
9.08848e-01	2.92030e-03
9.29984e-01	2.91020e-03
9.51120e-01	2.89989e-03
9.72256e-01	2.88936e-03
9.93392e-01	2.87840e-03
1.01453e+00	2.86687e-03
1.03566e+00	2.85486e-03
1.05680e+00	2.84230e-03
1.07794e+00	2.82936e-03
1.09907e+00	2.81606e-03
1.12021e+00	2.80196e-03
1.14134e+00	2.78701e-03
1.16248e+00	2.77140e-03
1.18362e+00	2.75543e-03
1.20475e+00	2.73972e-03
1.22589e+00	2.72374e-03
1.24702e+00	2.70698e-03
1.26816e+00	2.68922e-03
1.28930e+00	2.67037e-03
1.31043e+00	2.65089e-03
1.33157e+00	2.63053e-03
1.35270e+00	2.60990e-03
1.37384e+00	2.58946e-03
1.39498e+00	2.56910e-03
1.41611e+00	2.54852e-03
1.43725e+00	2.52731e-03
1.45838e+00	2.50602e-03
1.47952e+00	2.48532e-03
1.50066e+00	2.46654e-03
1.52179e+00	2.44846e-03
1.54293e+00	2.42887e-03
1.56406e+00	2.40829e-03
1.58520e+00	2.38698e-03
1.60634e+00	2.36504e-03
1.62747e+00	2.34320e-03
1.64861e+00	2.32147e-03
1.66974e+00	2.29978e-03
1.69088e+00	2.27812e-03
1.71202e+00	2.25688e-03
1.73315e+00	2.23598e-03
1.75429e+00	2.21551e-03
1.77542e+00	2.19542e-03
1.79656e+00	2.17566e-03
1.81770e+00	2.15626e-03
1.83883e+00	2.13722e-03
1.85997e+00	2.11852e-03
1.88110e+00	2.10014e-03
1.90224e+00	2.08212e-03
1.92338e+00	2.06444e-03
1.94451e+00	2.04704e-03
1.96565e+00	2.02986e-03
1.98678e+00	2.01296e-03
2.00792e+00	1.99622e-03
2.02906e+00	1.97986e-03
2.05019e+00	1.96370e-03
2.07133e+00	1.94778e-03
2.09246e+00	1.93209e-03
2.11360e+00	1.91663e-03
2.13474e+00	1.90139e-03
2.15587e+00	1.88637e-03
2.17701e+00	1.87157e-03
2.19814e+00	1.85697e-03
2.21928e+00	1.84258e-03
2.24042e+00	1.82840e-03
2.26155e+00	1.81441e-03
2.28269e+00	1.80062e-03
2.30382e+00	1.78703e-03
2.32496e+00	1.77362e-03
2.34610e+00	1.76040e-03
2.36723e+00	1.74737e-03
2.38837e+00	1.73451e-03
2.40950e+00	1.72183e-03
2.43064e+00	1.70933e-03
2.45178e+00	1.69699e-03
2.47291e+00	1.68483e-03
2.49405e+00	1.67284e-03
2.51518e+00	1.66097e-03
2.53632e+00	1.64930e-03
2.55746e+00	1.63777e-03
2.57859e+00	1.62639e-03
2.59973e+00	1.61517e-03
2.62086e+00	1.60408e-03
2.64200e+00	1.59315e-03
2.66314e+00	1.58235e-03
2.68427e+00	1.57170e-03
2.70541e+00	1.56119e-03
2.72654e+00	1.55082e-03
2.74768e+00	1.54059e-03
2.76882e+00	1.53050e-03
2.78995e+00	1.52053e-03
2.81109e+00	1.51071e-03
2.83222e+00	1.50101e-03
2.85336e+00	1.49144e-03
2.87450e+00	1.48200e-03
2.89563e+00	1.47269e-03
2.91677e+00	1.46350e-03
2.93790e+00	1.45444e-03
2.95904e+00	1.44550e-03
2.98018e+00	1.43668e-03
3.00131e+00	1.42796e-03
3.02245e+00	1.41937e-03
3.04358e+00	1.41089e-03
3.06472e+00	1.40253e-03
3.08586e+00	1.39427e-03
3.10699e+00	1.38613e-03
3.12813e+00	1.37810e-03
3.14926e+00	1.37017e-03
3.17040e+00	1.36236e-03
3.19154e+00	1.35464e-03
3.21267e+00	1.34704e-03
3.23381e+00	1.33953e-03
3.25494e+00	1.33213e-03
3.27608e+00	1.32482e-03
3.29722e+00	1.31762e-03
3.31835e+00	1.31051e-03
3.33949e+00	1.30349e-03
3.36062e+00	1.29657e-03
3.38176e+00	1.28974e-03
3.40290e+00	1.28300e-03
3.42403e+00	1.27635e-03
3.44517e+00	1.26979e-03
3.46630e+00	1.26332e-03
3.48744e+00	1.25693e-03
3.50858e+00	1.25063e-03
3.52971e+00	1.24441e-03
3.55085e+00	1.23827e-03
3.57198e+00	1.23222e-03
3.59312e+00	1.22624e-03
3.61426e+00	1.22034e-03
3.63539e+00	1.21452e-03
3.65653e+00	1.20878e-03
3.67766e+00	1.20310e-03
3.69880e+00	1.19751e-03
3.71994e+00	1.19198e-03
3.74107e+00	1.18653e-03
3.76221e+00	1.18115e-03
3.78334e+00	1.17583e-03
3.80448e+00	1.17059e-03
3.82562e+00	1.16541e-03
3.84675e+00	1.16030e-03
3.86789e+00	1.15525e-03
3.88902e+00	1.15027e-03
3.91016e+00	1.14535e-03
3.93130e+00	1.14049e-03
3.95243e+00	1.13575e-03
3.97357e+00	1.13082e-03
3.99470e+00	1.12641e-03
4.01584e+00	1.12188e-03
4.03698e+00	1.11745e-03
4.05811e+00	1.11301e-03
4.07925e+00	1.10873e-03
4.10038e+00	1.10448e-03
4.12152e+00	1.10028e-03
4.14266e+00	1.09613e-03
4.16379e+00	1.09204e-03
4.18493e+00	1.08799e-03
4.20606e+00	1.08400e-03
4.22720e+00	1.08006e-03
4.24834e+00	1.07617e-03
4.26947e+00	1.07233e-03
4.29061e+00	1.06854e-03
4.31174e+00	1.06480e-03
4.33288e+00	1.06110e-03
4.35402e+00	1.05745e-03
4.37515e+00	1.05384e-03
4.39629e+00	1.05028e-03
4.41742e+00	1.04677e-03
4.43856e+00	1.04329e-03
4.45970e+00	1.03986e-03
4.48083e+00	1.03647e-03
4.50197e+00	1.03313e-03
4.52310e+00	1.02982e-03
4.54424e+00	1.02655e-03
4.56538e+00	1.02332e-03
4.58651e+00	1.02014e-03
4.60765e+00	1.01699e-03
4.62878e+00	1.01387e-03
4.64992e+00	1.01080e-03
4.67106e+00	1.00776e-03
4.69219e+00	1.00476e-03
4.71333e+00	1.00179e-03
4.73446e+00	9.98860e-04
4.75560e+00	9.95964e-04
4.77674e+00	9.93101e-04
4.79787e+00	9.90272e-04
4.81901e+00	9.87476e-04
4.84014e+00	9.84711e-04
4.86128e+00	9.81978e-04
4.88242e+00	9.79281e-04
4.90355e+00	9.76601e-04
4.92469e+00	9.73968e-04
4.94582e+00	9.71373e-04
4.96696e+00	9.68801e-04
4.98810e+00	9.66273e-04
5.00923e+00	9.63723e-04
5.03037e+00	9.61275e-04
5.05150e+00	9.58854e-04
5.07264e+00	9.56452e-04
5.09378e+00	9.54078e-04
5.11491e+00	9.51729e-04
5.13605e+00	9.49408e-04
5.15718e+00	9.47113e-04
5.17832e+00	9.44843e-04
5.19946e+00	9.42597e-04
5.22059e+00	9.40377e-04
5.24173e+00	9.38179e-04
5.26286e+00	9.36004e-04
5.28400e+00	9.33853e-04
5.30514e+00	9.31725e-04
5.32627e+00	9.29618e-04
5.34741e+00	9.27535e-04
5.36854e+00	9.25474e-04
5.38968e+00	9.23433e-04
5.41082e+00	9.21414e-04
5.43195e+00	9.19416e-04
5.45309e+00	9.17438e-04
5.47422e+00	9.15478e-04
5.49536e+00	9.13538e-04
5.51650e+00	9.11618e-04
5.53763e+00	9.09717e-04
5.55877e+00	9.07833e-04
5.57990e+00	9.05970e-04
5.60104e+00	9.04123e-04
5.62218e+00	9.02295e-04
5.64331e+00	9.00483e-04
5.66445e+00	8.98690e-04
5.68558e+00	8.96911e-04
5.70672e+00	8.95148e-04
5.72786e+00	8.93402e-04
5.74899e+00	8.91671e-04
5.77013e+00	8.89956e-04
5.79126e+00	8.88254e-04
5.81240e+00	8.86571e-04
5.83354e+00	8.84901e-04
5.85467e+00	8.83246e-04
5.87581e+00	8.81600e-04
5.89694e+00	8.79980e-04
5.91808e+00	8.78362e-04
5.93922e+00	8.76738e-04
5.96035e+00	8.75138e-04
5.98149e+00	8.73548e-04
6.00262e+00	8.71957e-04
6.02376e+00	8.70432e-04
6.04490e+00	8.68835e-04
6.06603e+00	8.67261e-04
6.08717e+00	8.65704e-04
6.10830e+00	8.64157e-04
6.12944e+00	8.62621e-04
6.15058e+00	8.61095e-04
6.17171e+00	8.59581e-04
6.19285e+00	8.58077e-04
6.21398e+00	8.56583e-04
6.23512e+00	8.55098e-04
6.25626e+00	8.53622e-04
6.27739e+00	8.52157e-04
6.29853e+00	8.50697e-04
6.31966e+00	8.49248e-04
6.34080e+00	8.47806e-04
6.36194e+00	8.46373e-04
6.38307e+00	8.44948e-04
6.40421e+00	8.43531e-04
6.42534e+00	8.42120e-04
6.44648e+00	8.40717e-04
6.46762e+00	8.39321e-04
6.48875e+00	8.37932e-04
6.50989e+00	8.36551e-04
6.53102e+00	8.35171e-04
6.55216e+00	8.33806e-04
6.57330e+00	8.32444e-04
6.59443e+00	8.31088e-04
6.61557e+00	8.29737e-04
6.63670e+00	8.28391e-04
6.65784e+00	8.27053e-04
6.67898e+00	8.25716e-04
6.70011e+00	8.24385e-04
6.72125e+00	8.23058e-04
6.74238e+00	8.21736e-04
6.76352e+00	8.20417e-04
6.78466e+00	8.19103e-04
6.80579e+00	8.17793e-04
6.82693e+00	8.16484e-04
6.84806e+00	8.15180e-04
6.86920e+00	8.13878e-04
6.89034e+00	8.12580e-04
6.91147e+00	8.11242e-04
6.93261e+00	8.10083e-04
6.95374e+00	8.08625e-04
6.97488e+00	8.07283e-04
6.99602e+00	8.05930e-04
7.01715e+00	8.04581e-04
7.03829e+00	8.03220e-04
7.05942e+00	8.01904e-04
7.08056e+00	8.00560e-04
7.10170e+00	7.99130e-04
7.12283e+00	7.97746e-04
7.14397e+00	7.96358e-04
7.16510e+00	7.94973e-04
7.18624e+00	7.93589e-04
7.20738e+00	7.92207e-04
7.22851e+00	7.90826e-04
7.24965e+00	7.89447e-04
7.27078e+00	7.88068e-04
7.29192e+00	7.86690e-04
7.31306e+00	7.85313e-04
7.33419e+00	7.83937e-04
7.35533e+00	7.82561e-04
7.37646e+00	7.81186e-04
7.39760e+00	7.79812e-04
7.41874e+00	7.78437e-04
7.43987e+00	7.77062e-04
7.46101e+00	7.75687e-04
7.48214e+00	7.74312e-04
7.50328e+00	7.72936e-04
7.52442e+00	7.71560e-04
7.54555e+00	7.70182e-04
7.56669e+00	7.68804e-04
7.58782e+00	7.67426e-04
7.60896e+00	7.66046e-04
7.63010e+00	7.64665e-04
7.65123e+00	7.63282e-04
7.67237e+00	7.61898e-04
7.69350e+00	7.60513e-04
7.71464e+00	7.59126e-04
7.73578e+00	7.57737e-04
7.75691e+00	7.56346e-04
7.77805e+00	7.54954e-04
7.79918e+00	7.53559e-04
7.82032e+00	7.52161e-04
7.84146e+00	7.50762e-04
7.86259e+00	7.49360e-04
7.88373e+00	7.47955e-04
7.90486e+00	7.46548e-04
7.92600e+00	7.45138e-04
7.94714e+00	7.43725e-04
7.96827e+00	7.42308e-04
7.98941e+00	7.40889e-04
8.01054e+00	7.39467e-04
8.03168e+00	7.38041e-04
8.05282e+00	7.36612e-04
8.07395e+00	7.35179e-04
8.09509e+00	7.33743e-04
8.11622e+00	7.32303e-04
8.13736e+00	7.30859e-04
8.15850e+00	7.29411e-04
8.17963e+00	7.27959e-04
8.20077e+00	7.26503e-04
8.22190e+00	7.25043e-04
8.24304e+00	7.23579e-04
8.26418e+00	7.22110e-04
8.28531e+00	7.20637e-04
8.30645e+00	7.19159e-04
8.32758e+00	7.17677e-04
8.34872e+00	7.16190e-04
8.36986e+00	7.14699e-04
8.39099e+00	7.13202e-04
8.41213e+00	7.11701e-04
8.43326e+00	7.10194e-04
8.45440e+00	7.08682e-04
8.47554e+00	7.07165e-04
8.49667e+00	7.05643e-04
8.51781e+00	7.04116e-04
8.53894e+00	7.02583e-04
8.56008e+00	7.01044e-04
8.58122e+00	6.99500e-04
8.60235e+00	6.97951e-04
8.62349e+00	6.96395e-04
8.64462e+00	6.94834e-04
8.66576e+00	6.93266e-04
8.68690e+00	6.91693e-04
8.70803e+00	6.90114e-04
8.72917e+00	6.88529e-04
8.75030e+00	6.86938e-04
8.77144e+00	6.85340e-04
8.79258e+00	6.83737e-04
8.81371e+00	6.82127e-04
8.83485e+00	6.80510e-04
8.85598e+00	6.78888e-04
8.87712e+00	6.77258e-04
8.89826e+00	6.75616e-04
8.91939e+00	6.73985e-04
8.94053e+00	6.72341e-04
8.96166e+00	6.70639e-04
8.98280e+00	6.68956e-04
9.00394e+00	6.67263e-04
9.02507e+00	6.65564e-04
9.04621e+00	6.63859e-04
9.06734e+00	6.62148e-04
9.08848e+00	6.60430e-04
9.10962e+00	6.58705e-04
9.13075e+00	6.56974e-04
9.15189e+00	6.55237e-04
9.17302e+00	6.53493e-04
9.19416e+00	6.51743e-04
9.21530e+00	6.49985e-04
9.23643e+00	6.48222e-04
9.25757e+00	6.46449e-04
9.27870e+00	6.44679e-04
9.29984e+00	6.42886e-04
9.32098e+00	6.41091e-04
9.34211e+00	6.39289e-04
9.36325e+00	6.37481e-04
9.38438e+00	6.35666e-04
9.40552e+00	6.33844e-04
9.42666e+00	6.32015e-04
9.44779e+00	6.30179e-04
9.46893e+00	6.28337e-04
9.49006e+00	6.26488e-04
9.51120e+00	6.24632e-04
9.53234e+00	6.22769e-04
9.55347e+00	6.20899e-04
9.57461e+00	6.19022e-04
9.59574e+00	6.17138e-04
9.61688e+00	6.15239e-04
9.63802e+00	6.13365e-04
9.65915e+00	6.11436e-04
9.68029e+00	6.09504e-04
9.70142e+00	6.07570e-04
9.72256e+00	6.05629e-04
9.74370e+00	6.03682e-04
9.76483e+00	6.01728e-04
9.78597e+00	5.99768e-04
9.80710e+00	5.97801e-04
9.82824e+00	5.95828e-04
9.84938e+00	5.93848e-04
9.87051e+00	5.91862e-04
9.89165e+00	5.89869e-04
9.91278e+00	5.87870e-04
9.93392e+00	5.85864e-04
9.95506e+00	5.83852e-04
9.97619e+00	5.81828e-04
9.99733e+00	5.79714e-04
1.00185e+01	5.78000e-04
1.00396e+01	5.75527e-04
1.00607e+01	5.73347e-04
1.00819e+01	5.71131e-04
1.01030e+01	5.68919e-04
1.01241e+01	5.66706e-04
1.01453e+01	5.64493e-04
1.01664e+01	5.62278e-04
1.01876e+01	5.60064e-04
1.02087e+01	5.57849e-04
1.02298e+01	5.55633e-04
1.02510e+01	5.53417e-04
1.02721e+01	5.51200e-04
1.02932e+01	5.48983e-04
1.03144e+01	5.46766e-04
1.03355e+01	5.44548e-04
1.03566e+01	5.42330e-04
1.03778e+01	5.40111e-04
1.03989e+01	5.37892e-04
1.04200e+01	5.35673e-04
1.04412e+01	5.33454e-04
1.04623e+01	5.31234e-04
1.04835e+01	5.29015e-04
1.05046e+01	5.26795e-04
1.05257e+01	5.24574e-04
1.05469e+01	5.22354e-04
1.05680e+01	5.20108e-04
1.05891e+01	5.17917e-04
1.06103e+01	5.15763e-04
1.06314e+01	5.13297e-04
1.06525e+01	5.10977e-04
1.06737e+01	5.08645e-04
1.06948e+01	5.06321e-04
1.07160e+01	5.04002e-04
1.07371e+01	5.01688e-04
1.07582e+01	4.99380e-04
1.07794e+01	4.97077e-04
1.08005e+01	4.94779e-04
1.08216e+01	4.92487e-04
1.08428e+01	4.90200e-04
1.08639e+01	4.87919e-04
1.08850e+01	4.85643e-04
1.09062e+01	4.83372e-04
1.09273e+01	4.81107e-04
1.09484e+01	4.78847e-04
1.09696e+01	4.76593e-04
1.09907e+01	4.74344e-04
1.10119e+01	4.72101e-04
1.10330e+01	4.69863e-04
1.10541e+01	4.67631e-04
1.10753e+01	4.65404e-04
1.10964e+01	4.63182e-04
1.11175e+01	4.60966e-04
1.11387e+01	4.58756e-04
1.11598e+01	4.56550e-04
1.11809e+01	4.54351e-04
1.12021e+01	4.52157e-04
1.12232e+01	4.49968e-04
1.12444e+01	4.47786e-04
1.12655e+01	4.45608e-04
1.12866e+01	4.43436e-04
1.13078e+01	4.41270e-04
1.13289e+01	4.39109e-04
1.13500e+01	4.36954e-04
1.13712e+01	4.34804e-04
1.13923e+01	4.32660e-04
1.14134e+01	4.30521e-04
1.14346e+01	4.28388e-04
1.14557e+01	4.26260e-04
1.14768e+01	4.24138e-04
1.14980e+01	4.22021e-04
1.15191e+01	4.19908e-04
1.15403e+01	4.17798e-04
1.15614e+01	4.15591e-04
1.15825e+01	4.12692e-04
1.16037e+01	4.09144e-04
1.16248e+01	4.04879e-04
1.16459e+01	3.99219e-04
1.16671e+01	3.92024e-04
1.16882e+01	3.84666e-04
1.17093e+01	3.77788e-04
1.17305e+01	3.71526e-04
1.17516e+01	3.65525e-04
1.17728e+01	3.59237e-04
1.17939e+01	3.52753e-04
1.18150e+01	3.46221e-04
1.18362e+01	3.39164e-04
1.18573e+01	3.29235e-04
1.18784e+01	3.20156e-04
1.18996e+01	3.12529e-04
1.19207e+01	3.05564e-04
1.19418e+01	2.99041e-04
1.19630e+01	2.92814e-04
1.19841e+01	2.86763e-04
1.20052e+01	2.80849e-04
1.20264e+01	2.75022e-04
1.20475e+01	2.69262e-04
1.20687e+01	2.63568e-04
1.20898e+01	2.57938e-04
1.21109e+01	2.52360e-04
1.21321e+01	2.46807e-04
1.21532e+01	2.41267e-04
1.21743e+01	2.35748e-04
1.21955e+01	2.30257e-04
1.22166e+01	2.24766e-04
1.22377e+01	2.19254e-04
1.22589e+01	2.13721e-04
1.22800e+01	2.08175e-04
1.23012e+01	2.02632e-04
1.23223e+01	1.97116e-04
1.23434e+01	1.91660e-04
1.23646e+01	1.86267e-04
1.23857e+01	1.80939e-04
1.24068e+01	1.75680e-04
1.24280e+01	1.70470e-04
1.24491e+01	1.65309e-04
1.24702e+01	1.60200e-04
1.24914e+01	1.55148e-04
1.25125e+01	1.50159e-04
1.25336e+01	1.45230e-04
1.25548e+01	1.40391e-04
1.25759e+01	1.35593e-04
1.25971e+01	1.30883e-04
1.26182e+01	1.26267e-04
1.26393e+01	1.21757e-04
1.26605e+01	1.17357e-04
1.26816e+01	1.13066e-04
1.27027e+01	1.08887e-04
1.27239e+01	1.04834e-04
1.27450e+01	1.00910e-04
1.27661e+01	9.71150e-05
1.27873e+01	9.34449e-05
1.28084e+01	8.98988e-05
1.28296e+01	8.65020e-05
1.28507e+01	8.32594e-05
1.28718e+01	8.02054e-05
1.28930e+01	7.73263e-05
1.29141e+01	7.45544e-05
1.29352e+01	7.17936e-05
1.29564e+01	6.92455e-05
1.29775e+01	6.68690e-05
1.29986e+01	6.45222e-05
1.30198e+01	6.19879e-05
1.30409e+01	5.90016e-05
1.30620e+01	5.59052e-05
1.30832e+01	5.32954e-05
1.31043e+01	5.10790e-05
1.31255e+01	4.91984e-05
1.31466e+01	4.75231e-05
1.31677e+01	4.58461e-05
1.31889e+01	4.41043e-05
1.32100e+01	4.23263e-05
1.32311e+01	4.07300e-05
1.32523e+01	3.92787e-05
1.32734e+01	3.79400e-05
1.32945e+01	3.66964e-05
1.33157e+01	3.55298e-05
1.33368e+01	3.44256e-05
1.33580e+01	3.33678e-05
1.33791e+01	3.23419e-05
1.34002e+01	3.13318e-05
1.34214e+01	3.03368e-05
1.34425e+01	2.93447e-05
1.34636e+01	2.83481e-05
1.34848e+01	2.73572e-05
1.35059e+01	2.64041e-05
1.35270e+01	2.54827e-05
1.35482e+01	2.45829e-05
1.35693e+01	2.37049e-05
1.35904e+01	2.28486e-05
1.36116e+01	2.20142e-05
1.36327e+01	2.12029e-05
1.36539e+01	2.04143e-05
1.36750e+01	1.96484e-05
1.36961e+01	1.89048e-05
1.37173e+01	1.81833e-05
1.37384e+01	1.74837e-05
1.37595e+01	1.68055e-05
1.37807e+01	1.61485e-05
1.38018e+01	1.55124e-05
1.38229e+01	1.48963e-05
1.38441e+01	1.42997e-05
1.38652e+01	1.37221e-05
1.38864e+01	1.31618e-05
1.39075e+01	1.26178e-05
1.39286e+01	1.20893e-05
1.39498e+01	1.15762e-05
1.39709e+01	1.10785e-05
1.39920e+01	1.05966e-05
1.40132e+01	1.01291e-05
1.40343e+01	9.67683e-06
1.40554e+01	9.23964e-06
1.40766e+01	8.81759e-06
1.40977e+01	8.41001e-06
1.41188e+01	8.01673e-06
1.41400e+01	7.63760e-06
1.41611e+01	7.27244e-06
1.41823e+01	6.92104e-06
1.42034e+01	6.58312e-06
1.42245e+01	6.25848e-06
1.42457e+01	5.94653e-06
1.42668e+01	5.64678e-06
1.42879e+01	5.35900e-06
1.43091e+01	5.08290e-06
1.43302e+01	4.81828e-06
1.43513e+01	4.56486e-06
1.43725e+01	4.32236e-06
1.43936e+01	4.09049e-06
1.44148e+01	3.86894e-06
1.44359e+01	3.65742e-06
1.44570e+01	3.45560e-06
1.44782e+01	3.26321e-06
1.44993e+01	3.07993e-06
1.45204e+01	2.90544e-06
1.45416e+01	2.73944e-06
1.45627e+01	2.58162e-06
1.45838e+01	2.43168e-06
1.46050e+01	2.28932e-06
1.46261e+01	2.15425e-06
1.46472e+01	2.02616e-06
1.46684e+01	1.90477e-06
1.46895e+01	1.78980e-06
1.47107e+01	1.68097e-06
1.47318e+01	1.57803e-06
1.47529e+01	1.48069e-06
1.47741e+01	1.38872e-06
1.47952e+01	1.30186e-06
1.48163e+01	1.21987e-06
1.48375e+01	1.14251e-06
1.48586e+01	1.06957e-06
1.48797e+01	1.00082e-06
1.49009e+01	9.36062e-07
1.49220e+01	8.75090e-07
1.49432e+01	8.17709e-07
1.49643e+01	7.63732e-07
1.49854e+01	7.12994e-07
1.50066e+01	6.65347e-07
1.50277e+01	6.20662e-07
1.50488e+01	5.78799e-07
1.50700e+01	5.39605e-07
1.50911e+01	5.02925e-07
1.51122e+01	4.68609e-07
1.51334e+01	4.36515e-07
1.51545e+01	4.06508e-07
1.51756e+01	3.78460e-07
1.51968e+01	3.52252e-07
1.52179e+01	3.27772e-07
1.52391e+01	3.04912e-07
1.52602e+01	2.83572e-07
1.52813e+01	2.63656e-07
1.53025e+01	2.45076e-07
1.53236e+01	2.27746e-07
1.53447e+01	2.11588e-07
1.53659e+01	1.96526e-07
1.53870e+01	1.82491e-07
1.54081e+01	1.69416e-07
1.54293e+01	1.57239e-07
1.54504e+01	1.45903e-07
1.54716e+01	1.35352e-07
1.54927e+01	1.25534e-07
1.55138e+01	1.16402e-07
1.55350e+01	1.07910e-07
1.55561e+01	1.00016e-07
1.55772e+01	9.26798e-08
1.55984e+01	8.58638e-08
1.56195e+01	7.95334e-08
1.56406e+01	7.36558e-08
1.56618e+01	6.82005e-08
1.56829e+01	6.31387e-08
1.57040e+01	5.84437e-08
1.57252e+01	5.40904e-08
1.57463e+01	5.00556e-08
1.57675e+01	4.63171e-08
1.57886e+01	4.28393e-08
1.58097e+01	3.96038e-08
1.58309e+01	3.65950e-08
1.58520e+01	3.37988e-08
1.58731e+01	3.12015e-08
1.58943e+01	2.87900e-08
1.59154e+01	2.65525e-08
1.59365e+01	2.44773e-08
1.59577e+01	2.25534e-08
1.59788e+01	2.07709e-08
1.60000e+01	1.91207e-08
1.60211e+01	1.75943e-08
1.60422e+01	1.61839e-08
1.60634e+01	1.48812e-08
1.60845e+01	1.36788e-08
1.61056e+01	1.25693e-08
1.61268e+01	1.15459e-08
1.61479e+01	1.06023e-08
1.61690e+01	9.73254e-09
1.61902e+01	8.93124e-09
1.62113e+01	8.19328e-09
1.62324e+01	7.51387e-09
1.62536e+01	6.88855e-09
1.62747e+01	6.31325e-09
1.62959e+01	5.78420e-09
1.63170e+01	5.29782e-09
1.63381e+01	4.85078e-09
1.63593e+01	4.44013e-09
1.63804e+01	4.06297e-09
1.64015e+01	3.71671e-09
1.64227e+01	3.39896e-09
1.64438e+01	3.10742e-09
1.64649e+01	2.84006e-09
1.64861e+01	2.59495e-09
1.65072e+01	2.37029e-09
1.65284e+01	2.16442e-09
1.65495e+01	1.97581e-09
1.65706e+01	1.80307e-09
1.65918e+01	1.64492e-09
1.66129e+01	1.50020e-09
1.66340e+01	1.36778e-09
1.66552e+01	1.24667e-09
1.66763e+01	1.13594e-09
1.66974e+01	1.03473e-09
1.67186e+01	9.42265e-10
1.67397e+01	8.57806e-10
1.67608e+01	7.80685e-10
1.67820e+01	7.10289e-10
1.68031e+01	6.46053e-10
1.68243e+01	5.87452e-10
1.68454e+01	5.34011e-10
1.68665e+01	4.85291e-10
1.68877e+01	4.40890e-10
1.69088e+01	4.00438e-10
1.69299e+01	3.63592e-10
1.69511e+01	3.30041e-10
1.69722e+01	2.99501e-10
1.69933e+01	2.71710e-10
1.70145e+01	2.46431e-10
1.70356e+01	2.23444e-10
1.70568e+01	2.02550e-10
1.70779e+01	1.83564e-10
1.70990e+01	1.66318e-10
1.71202e+01	1.50655e-10
1.71413e+01	1.36435e-10
1.71624e+01	1.23527e-10
1.71836e+01	1.11814e-10
1.72047e+01	1.01187e-10
1.72258e+01	9.15483e-11
1.72470e+01	8.28087e-11
1.72681e+01	7.48861e-11
1.72892e+01	6.77060e-11
1.73104e+01	6.12006e-11
1.73315e+01	5.53075e-11
1.73527e+01	4.99704e-11
1.73738e+01	4.51382e-11
1.73949e+01	4.07642e-11
1.74161e+01	3.68058e-11
1.74372e+01	3.32245e-11
1.74583e+01	2.99851e-11
1.74795e+01	2.70556e-11
1.75006e+01	2.44069e-11
1.75217e+01	2.20128e-11
1.75429e+01	1.98491e-11
1.75640e+01	1.78942e-11
1.75852e+01	1.61282e-11
1.76063e+01	1.45332e-11
1.76274e+01	1.30931e-11
1.76486e+01	1.17932e-11
1.76697e+01	1.06199e-11
1.76908e+01	9.56135e-12
1.77120e+01	8.60644e-12
1.77331e+01	7.74524e-12
1.77542e+01	6.96873e-12
1.77754e+01	6.26873e-12
1.77965e+01	5.63784e-12
1.78176e+01	5.06931e-12
1.78388e+01	4.55714e-12
1.78599e+01	4.09584e-12
1.78811e+01	3.68044e-12
1.79022e+01	3.30645e-12
1.79233e+01	2.96981e-12
1.79445e+01	2.66684e-12
1.79656e+01	2.39426e-12
1.79867e+01	2.14909e-12
1.80079e+01	1.92865e-12
1.80290e+01	1.73049e-12
1.80501e+01	1.55240e-12
1.80713e+01	1.39240e-12
1.80924e+01	1.24868e-12
1.81136e+01	1.11960e-12
1.81347e+01	1.00370e-12
1.81558e+01	8.99642e-13
1.81770e+01	8.06253e-13
1.81981e+01	7.22433e-13
1.82192e+01	6.47219e-13
1.82404e+01	5.79740e-13
1.82615e+01	5.19209e-13
1.82826e+01	4.64922e-13
1.83038e+01	4.16243e-13
1.83249e+01	3.72601e-13
1.83460e+01	3.33482e-13
1.83672e+01	2.98423e-13
1.83883e+01	2.67006e-13
1.84095e+01	2.38859e-13
1.84306e+01	2.13645e-13
1.84517e+01	1.91063e-13
1.84729e+01	1.70842e-13
1.84940e+01	1.52738e-13
1.85151e+01	1.36530e-13
1.85363e+01	1.22024e-13
1.85574e+01	1.09041e-13
1.85785e+01	9.74246e-14
1.85997e+01	8.70317e-14
1.86208e+01	7.77352e-14
1.86420e+01	6.94208e-14
1.86631e+01	6.19860e-14
1.86842e+01	5.53388e-14
1.87054e+01	4.93968e-14
1.87265e+01	4.40859e-14
1.87476e+01	3.93400e-14
1.87688e+01	3.50995e-14
1.87899e+01	3.13113e-14
1.88110e+01	2.79276e-14
1.88322e+01	2.49058e-14
1.88533e+01	2.22076e-14
1.88744e+01	1.97988e-14
1.88956e+01	1.76485e-14
1.89167e+01	1.57294e-14
1.89379e+01	1.40167e-14
1.89590e+01	1.24887e-14
1.89801e+01	1.11256e-14
1.90013e+01	9.90981e-15
1.90224e+01	8.82573e-15
1.90435e+01	7.85922e-15
1.90647e+01	6.99769e-15
1.90858e+01	6.22988e-15
1.91069e+01	5.54569e-15
1.91281e+01	4.93608e-15
1.91492e+01	4.39297e-15
1.91704e+01	3.90917e-15
1.91915e+01	3.47826e-15
1.92126e+01	3.09450e-15
1.92338e+01	2.75278e-15
1.92549e+01	2.44853e-15
1.92760e+01	2.17767e-15
1.92972e+01	1.93655e-15
1.93183e+01	1.72195e-15
1.93394e+01	1.53096e-15
1.93606e+01	1.36101e-15
1.93817e+01	1.20980e-15
1.94028e+01	1.07527e-15
1.94240e+01	9.55606e-16
1.94451e+01	8.49168e-16
1.94663e+01	7.54508e-16
1.94874e+01	6.70330e-16
1.95085e+01	5.95482e-16
1.95297e+01	5.28939e-16
1.95508e+01	4.69784e-16
1.95719e+01	4.17204e-16
1.95931e+01	3.70472e-16
1.96142e+01	3.28940e-16
1.96353e+01	2.92034e-16
1.96565e+01	2.59242e-16
1.96776e+01	2.30109e-16
1.96988e+01	2.04230e-16
1.97199e+01	1.81244e-16
1.97410e+01	1.60829e-16
1.97622e+01	1.42699e-16
1.97833e+01	1.26601e-16
1.98044e+01	1.12307e-16
1.98256e+01	9.96166e-17
1.98467e+01	8.83511e-17
1.98678e+01	7.83506e-17
1.98890e+01	6.94739e-17
1.99101e+01	6.15968e-17
1.99312e+01	5.46054e-17
1.99524e+01	4.84016e-17
1.99735e+01	4.28974e-17
1.99947e+01	3.80147e-17
2.00158e+01	3.36840e-17
2.00369e+01	2.98432e-17
2.00581e+01	2.64373e-17
2.00792e+01	2.34175e-17
2.01003e+01	2.07402e-17
2.01215e+01	1.83670e-17
2.01426e+01	1.62636e-17
2.01637e+01	1.43995e-17
2.01849e+01	1.27477e-17
2.02060e+01	1.12842e-17
2.02272e+01	9.98762e-18
2.02483e+01	8.83911e-18
2.02694e+01	7.82186e-18
2.02906e+01	6.92096e-18
2.03117e+01	6.12319e-18
2.03328e+01	5.41681e-18
2.03540e+01	4.79143e-18
2.03751e+01	4.23781e-18
2.03962e+01	3.74779e-18
2.04174e+01	3.31409e-18
2.04385e+01	2.93030e-18
2.04596e+01	2.59071e-18
2.04808e+01	2.29025e-18
2.05019e+01	2.02449e-18
2.05231e+01	1.78947e-18
2.05442e+01	1.58166e-18
2.05653e+01	1.39793e-18
2.05865e+01	1.23552e-18
2.06076e+01	1.09197e-18
2.06287e+01	9.65131e-19
2.06499e+01	8.53067e-19
2.06710e+01	7.54081e-19
2.06921e+01	6.66674e-19
2.07133e+01	5.89516e-19
2.07344e+01	5.21434e-19
2.07556e+01	4.61390e-19
2.07767e+01	4.08468e-19
2.07978e+01	3.61859e-19
2.08190e+01	3.20850e-19
2.08401e+01	2.84812e-19
2.08612e+01	2.53193e-19
2.08824e+01	2.25505e-19
2.09035e+01	2.01323e-19
2.09246e+01	1.80274e-19
2.09458e+01	1.62032e-19
2.09669e+01	1.46315e-19
2.09880e+01	1.32879e-19
2.10092e+01	1.21514e-19
2.10303e+01	1.12044e-19
2.10515e+01	1.04317e-19
2.10726e+01	9.82090e-20
2.10937e+01	9.36138e-20
2.11149e+01	9.04637e-20
2.11360e+01	8.84529e-20
