# The ell = 1 distribution, the first anisotropy.
# E_N [Td]	1.00000e+01
# col_1: Electron Energy [eV], col_2: f1 [eV^(-3/2)]
eV	f1
2.03469e-02	8.45485e-04
4.06938e-02	2.13328e-03
6.10408e-02	3.01652e-03
8.13877e-02	3.49044e-03
1.01735e-01	3.67934e-03
1.22082e-01	3.70016e-03
1.42428e-01	3.65857e-03
1.62775e-01	3.61155e-03
1.83122e-01	3.55538e-03
2.03469e-01	3.50126e-03
2.23816e-01	3.45781e-03
2.44163e-01	3.40312e-03
2.64510e-01	3.34612e-03
2.84857e-01	3.32234e-03
3.05204e-01	3.31135e-03
3.25551e-01	3.26616e-03
3.45898e-01	3.20664e-03
3.66245e-01	3.14796e-03
3.86592e-01	3.09237e-03
4.06938e-01	3.04121e-03
4.27285e-01	2.99436e-03
4.47632e-01	2.95122e-03
4.67979e-01	2.91123e-03
4.88326e-01	2.87413e-03
5.08673e-01	2.83968e-03
5.29020e-01	2.80771e-03
5.49367e-01	2.77799e-03
5.69714e-01	2.75039e-03
5.90061e-01	2.72500e-03
6.10408e-01	2.70171e-03
6.30755e-01	2.68048e-03
6.51102e-01	2.66098e-03
6.71448e-01	2.64311e-03
6.91795e-01	2.62652e-03
7.12142e-01	2.61054e-03
7.32489e-01	2.59492e-03
7.52836e-01	2.57958e-03
7.73183e-01	2.56447e-03
7.93530e-01	2.54957e-03
8.13877e-01	2.53490e-03
8.34224e-01	2.52046e-03
8.54571e-01	2.50616e-03
8.74918e-01	2.49193e-03
8.95265e-01	2.47766e-03
9.15612e-01	2.46332e-03
9.35958e-01	2.44891e-03
9.56305e-01	2.43437e-03
9.76652e-01	2.41979e-03
9.96999e-01	2.40487e-03
1.01735e+00	2.38969e-03
1.03769e+00	2.37423e-03
1.05804e+00	2.35848e-03
1.07839e+00	2.34243e-03
1.09873e+00	2.32619e-03
1.11908e+00	2.30978e-03
1.13943e+00	2.29291e-03
1.15977e+00	2.27560e-03
1.18012e+00	2.25795e-03
1.20047e+00	2.24025e-03
1.22082e+00	2.22277e-03
1.24116e+00	2.20517e-03
1.26151e+00	2.18719e-03
1.28186e+00	2.16872e-03
1.30220e+00	2.14969e-03
1.32255e+00	2.13024e-03
1.34290e+00	2.11059e-03
1.36324e+00	2.09108e-03
1.38359e+00	2.07157e-03
1.40394e+00	2.05208e-03
1.42428e+00	2.03294e-03
1.44463e+00	2.01400e-03
1.46498e+00	1.99573e-03
1.48533e+00	1.97868e-03
1.50567e+00	1.96199e-03
1.52602e+00	1.94445e-03
1.54637e+00	1.92629e-03
1.56671e+00	1.90777e-03
1.58706e+00	1.88907e-03
1.60741e+00	1.87067e-03
1.62775e+00	1.85245e-03
1.64810e+00	1.83436e-03
1.66845e+00	1.81645e-03
1.68879e+00	1.79870e-03
1.70914e+00	1.78136e-03
1.72949e+00	1.76427e-03
1.74984e+00	1.74752e-03
1.77018e+00	1.73108e-03
1.79053e+00	1.71496e-03
1.81088e+00	1.69915e-03
1.83122e+00	1.68362e-03
1.85157e+00	1.66838e-03
1.87192e+00	1.65343e-03
1.89226e+00	1.63878e-03
1.91261e+00	1.62440e-03
1.93296e+00	1.61027e-03
1.95330e+00	1.59631e-03
1.97365e+00	1.58264e-03
1.99400e+00	1.56918e-03
2.01435e+00	1.55591e-03
2.03469e+00	1.54296e-03
2.05504e+00	1.53018e-03
2.07539e+00	1.51761e-03
2.09573e+00	1.50525e-03
2.11608e+00	1.49309e-03
2.13643e+00	1.48112e-03
2.15677e+00	1.46935e-03
2.17712e+00	1.45776e-03
2.19747e+00	1.44636e-03
2.21781e+00	1.43514e-03
2.23816e+00	1.42410e-03
2.25851e+00	1.41323e-03
2.27886e+00	1.40253e-03
2.29920e+00	1.39200e-03
2.31955e+00	1.38164e-03
2.33990e+00	1.37144e-03
2.36024e+00	1.36140e-03
2.38059e+00	1.35151e-03
2.40094e+00	1.34178e-03
2.42128e+00	1.33220e-03
2.44163e+00	1.32276e-03
2.46198e+00	1.31346e-03
2.48232e+00	1.30433e-03
2.50267e+00	1.29532e-03
2.52302e+00	1.28645e-03
2.54337e+00	1.27774e-03
2.56371e+00	1.26914e-03
2.58406e+00	1.26068e-03
2.60441e+00	1.25235e-03
2.62475e+00	1.24414e-03
2.64510e+00	1.23606e-03
2.66545e+00	1.22810e-03
2.68579e+00	1.22025e-03
2.70614e+00	1.21253e-03
2.72649e+00	1.20492e-03
2.74683e+00	1.19743e-03
2.76718e+00	1.19005e-03
2.78753e+00	1.18279e-03
2.80788e+00	1.17563e-03
2.82822e+00	1.16858e-03
2.84857e+00	1.16164e-03
2.86892e+00	1.15480e-03
2.88926e+00	1.14806e-03
2.90961e+00	1.14143e-03
2.92996e+00	1.13489e-03
2.95030e+00	1.12845e-03
2.97065e+00	1.12213e-03
2.99100e+00	1.11586e-03
3.01134e+00	1.10970e-03
3.03169e+00	1.10364e-03
3.05204e+00	1.09766e-03
3.07239e+00	1.09176e-03
3.09273e+00	1.08596e-03
3.11308e+00	1.08024e-03
3.13343e+00	1.07461e-03
3.15377e+00	1.06906e-03
3.17412e+00	1.06359e-03
3.19447e+00	1.05820e-03
3.21481e+00	1.05290e-03
3.23516e+00	1.04767e-03
3.25551e+00	1.04252e-03
3.27585e+00	1.03744e-03
3.29620e+00	1.03244e-03
3.31655e+00	1.02752e-03
3.33690e+00	1.02266e-03
3.35724e+00	1.01788e-03
3.37759e+00	1.01316e-03
3.39794e+00	1.00852e-03
3.41828e+00	1.00394e-03
3.43863e+00	9.99426e-04
3.45898e+00	9.94979e-04
3.47932e+00	9.90596e-04
3.49967e+00	9.86277e-04
3.52002e+00	9.82021e-04
3.54036e+00	9.77826e-04
3.56071e+00	9.73689e-04
3.58106e+00	9.69615e-04
3.60141e+00	9.65598e-04
3.62175e+00	9.61639e-04
3.64210e+00	9.57737e-04
3.66245e+00	9.53888e-04
3.68279e+00	9.50096e-04
3.70314e+00	9.46357e-04
3.72349e+00	9.42671e-04
3.74383e+00	9.39037e-04
3.76418e+00	9.35455e-04
3.78453e+00	9.31923e-04
3.80487e+00	9.28441e-04
3.82522e+00	9.25007e-04
3.84557e+00	9.21622e-04
3.86592e+00	9.18285e-04
3.88626e+00	9.14993e-04
3.90661e+00	9.11749e-04
3.92696e+00	9.08550e-04
3.94730e+00	9.05458e-04
3.96765e+00	9.02171e-04
3.98800e+00	8.99280e-04
4.00834e+00	8.96417e-04
4.02869e+00	8.93569e-04
4.04904e+00	8.90736e-04
4.06938e+00	8.87968e-04
4.08973e+00	8.85292e-04
4.11008e+00	8.82630e-04
4.13043e+00	8.80010e-04
4.15077e+00	8.77429e-04
4.17112e+00	8.74884e-04
4.19147e+00	8.72378e-04
4.21181e+00	8.69909e-04
4.23216e+00	8.67475e-04
4.25251e+00	8.65078e-04
4.27285e+00	8.62717e-04
4.29320e+00	8.60391e-04
4.31355e+00	8.58098e-04
4.33389e+00	8.55839e-04
4.35424e+00	8.53614e-04
4.37459e+00	8.51421e-04
4.39494e+00	8.49260e-04
4.41528e+00	8.47131e-04
4.43563e+00	8.45033e-04
4.45598e+00	8.42965e-04
4.47632e+00	8.40928e-04
4.49667e+00	8.38920e-04
4.51702e+00	8.36942e-04
4.53736e+00	8.34991e-04
4.55771e+00	8.33069e-04
4.57806e+00	8.31174e-04
4.59840e+00	8.29307e-04
4.61875e+00	8.27467e-04
4.63910e+00	8.25654e-04
4.65945e+00	8.23866e-04
4.67979e+00	8.22105e-04
4.70014e+00	8.20367e-04
4.72049e+00	8.18656e-04
4.74083e+00	8.16971e-04
4.76118e+00	8.15308e-04
4.78153e+00	8.13670e-04
4.80187e+00	8.12056e-04
4.82222e+00	8.10463e-04
4.84257e+00	8.08892e-04
4.86291e+00	8.07343e-04
4.88326e+00	8.05821e-04
4.90361e+00	8.04306e-04
4.92396e+00	8.02828e-04
4.94430e+00	8.01382e-04
4.96465e+00	7.99950e-04
4.98500e+00	7.98549e-04
5.00534e+00	7.97133e-04
5.02569e+00	7.95769e-04
5.04604e+00	7.94472e-04
5.06638e+00	7.93168e-04
5.08673e+00	7.91885e-04
5.10708e+00	7.90620e-04
5.12742e+00	7.89372e-04
5.14777e+00	7.88144e-04
5.16812e+00	7.86932e-04
5.18847e+00	7.85737e-04
5.20881e+00	7.84557e-04
5.22916e+00	7.83397e-04
5.24951e+00	7.82247e-04
5.26985e+00	7.81114e-04
5.29020e+00	7.79996e-04
5.31055e+00	7.78894e-04
5.33089e+00	7.77804e-04
5.35124e+00	7.76731e-04
5.37159e+00	7.75672e-04
5.39193e+00	7.74627e-04
5.41228e+00	7.73594e-04
5.43263e+00	7.72575e-04
5.45298e+00	7.71569e-04
5.47332e+00	7.70574e-04
5.49367e+00	7.69591e-04
5.51402e+00	7.68621e-04
5.53436e+00	7.67662e-04
5.55471e+00	7.66714e-04
5.57506e+00	7.65779e-04
5.59540e+00	7.64854e-04
5.61575e+00	7.63940e-04
5.63610e+00	7.63036e-04
5.65644e+00	7.62143e-04
5.67679e+00	7.61260e-04
5.69714e+00	7.60383e-04
5.71749e+00	7.59517e-04
5.73783e+00	7.58660e-04
5.75818e+00	7.57812e-04
5.77853e+00	7.56972e-04
5.79887e+00	7.56140e-04
5.81922e+00	7.55319e-04
5.83957e+00	7.54504e-04
5.85991e+00	7.53697e-04
5.88026e+00	7.52891e-04
5.90061e+00	7.52115e-04
5.92095e+00	7.51316e-04
5.94130e+00	7.50515e-04
5.96165e+00	7.49727e-04
5.98200e+00	7.48945e-04
6.00234e+00	7.48154e-04
6.02269e+00	7.47426e-04
6.04304e+00	7.46621e-04
6.06338e+00	7.45818e-04
6.08373e+00	7.45033e-04
6.10408e+00	7.44251e-04
6.12442e+00	7.43474e-04
6.14477e+00	7.42700e-04
6.16512e+00	7.41933e-04
6.18546e+00	7.41170e-04
6.20581e+00	7.40410e-04
6.22616e+00	7.39654e-04
6.24651e+00	7.38901e-04
6.26685e+00	7.38153e-04
6.28720e+00	7.37406e-04
6.30755e+00	7.36661e-04
6.32789e+00	7.35919e-04
6.34824e+00	7.35179e-04
6.36859e+00	7.34442e-04
6.38893e+00	7.33707e-04
6.40928e+00	7.32974e-04
6.42963e+00	7.32241e-04
6.44997e+00	7.31510e-04
6.47032e+00	7.30780e-04
6.49067e+00	7.30051e-04
6.51102e+00	7.29325e-04
6.53136e+00	7.28593e-04
6.55171e+00	7.27872e-04
6.57206e+00	7.27148e-04
6.59240e+00	7.26423e-04
6.61275e+00	7.25699e-04
6.63310e+00	7.24974e-04
6.65344e+00	7.24250e-04
6.67379e+00	7.23524e-04
6.69414e+00	7.22795e-04
6.71448e+00	7.22067e-04
6.73483e+00	7.21337e-04
6.75518e+00	7.20605e-04
6.77553e+00	7.19871e-04
6.79587e+00	7.19139e-04
6.81622e+00	7.18400e-04
6.83657e+00	7.17660e-04
6.85691e+00	7.16918e-04
6.87726e+00	7.16173e-04
6.89761e+00	7.15413e-04
6.91795e+00	7.14666e-04
6.93830e+00	7.13983e-04
6.95865e+00	7.13059e-04
6.97899e+00	7.12234e-04
6.99934e+00	7.11394e-04
7.01969e+00	7.10552e-04
7.04004e+00	7.09689e-04
7.06038e+00	7.08877e-04
7.08073e+00	7.08022e-04
7.10108e+00	7.07061e-04
7.12142e+00	7.06149e-04
7.14177e+00	7.05228e-04
7.16212e+00	7.04305e-04
7.18246e+00	7.03377e-04
7.20281e+00	7.02447e-04
7.22316e+00	7.01512e-04
7.24350e+00	7.00574e-04
7.26385e+00	6.99632e-04
7.28420e+00	6.98685e-04
7.30455e+00	6.97735e-04
7.32489e+00	6.96780e-04
7.34524e+00	6.95820e-04
7.36559e+00	6.94856e-04
7.38593e+00	6.93888e-04
7.40628e+00	6.92915e-04
7.42663e+00	6.91937e-04
7.44697e+00	6.90954e-04
7.46732e+00	6.89966e-04
7.48767e+00	6.88973e-04
7.50801e+00	6.87974e-04
7.52836e+00	6.86969e-04
7.54871e+00	6.85960e-04
7.56906e+00	6.84944e-04
7.58940e+00	6.83922e-04
7.60975e+00	6.82895e-04
7.63010e+00	6.81862e-04
7.65044e+00	6.80822e-04
7.67079e+00	6.79777e-04
7.69114e+00	6.78725e-04
7.71148e+00	6.77666e-04
7.73183e+00	6.76602e-04
7.75218e+00	6.75530e-04
7.77252e+00	6.74452e-04
7.79287e+00	6.73367e-04
7.81322e+00	6.72275e-04
7.83357e+00	6.71176e-04
7.85391e+00	6.70070e-04
7.87426e+00	6.68957e-04
7.89461e+00	6.67836e-04
7.91495e+00	6.66708e-04
7.93530e+00	6.65573e-04
7.95565e+00	6.64430e-04
7.97599e+00	6.63280e-04
7.99634e+00	6.62122e-04
8.01669e+00	6.60956e-04
8.03703e+00	6.59782e-04
8.05738e+00	6.58600e-04
8.07773e+00	6.57411e-04
8.09808e+00	6.56213e-04
8.11842e+00	6.55007e-04
8.13877e+00	6.53793e-04
8.15912e+00	6.52570e-04
8.17946e+00	6.51339e-04
8.19981e+00	6.50100e-04
8.22016e+00	6.48852e-04
8.24050e+00	6.47595e-04
8.26085e+00	6.46330e-04
8.28120e+00	6.45056e-04
8.30154e+00	6.43774e-04
8.32189e+00	6.42483e-04
8.34224e+00	6.41183e-04
8.36259e+00	6.39873e-04
8.38293e+00	6.38555e-04
8.40328e+00	6.37228e-04
8.42363e+00	6.35892e-04
8.44397e+00	6.34546e-04
8.46432e+00	6.33191e-04
8.48467e+00	6.31827e-04
8.50501e+00	6.30454e-04
8.52536e+00	6.29071e-04
8.54571e+00	6.27679e-04
8.56605e+00	6.26277e-04
8.58640e+00	6.24866e-04
8.60675e+00	6.23445e-04
8.62710e+00	6.22014e-04
8.64744e+00	6.20574e-04
8.66779e+00	6.19124e-04
8.68814e+00	6.17664e-04
8.70848e+00	6.16195e-04
8.72883e+00	6.14716e-04
8.74918e+00	6.13226e-04
8.76952e+00	6.11728e-04
8.78987e+00	6.10219e-04
8.81022e+00	6.08700e-04
8.83056e+00	6.07172e-04
8.85091e+00	6.05633e-04
8.87126e+00	6.04084e-04
8.89161e+00	6.02526e-04
8.91195e+00	6.00939e-04
8.93230e+00	5.99419e-04
8.95265e+00	5.97757e-04
8.97299e+00	5.96137e-04
8.99334e+00	5.94500e-04
9.01369e+00	5.92856e-04
9.03403e+00	5.91201e-04
9.05438e+00	5.89537e-04
9.07473e+00	5.87864e-04
9.09507e+00	5.86181e-04
9.11542e+00	5.84489e-04
9.13577e+00	5.82787e-04
9.15612e+00	5.81076e-04
9.17646e+00	5.79355e-04
9.19681e+00	5.77625e-04
9.21716e+00	5.75885e-04
9.23750e+00	5.74136e-04
9.25785e+00	5.72375e-04
9.27820e+00	5.70615e-04
9.29854e+00	5.68829e-04
9.31889e+00	5.67037e-04
9.33924e+00	5.65236e-04
9.35958e+00	5.63426e-04
9.37993e+00	5.61606e-04
9.40028e+00	5.59778e-04
9.42063e+00	5.57940e-04
9.44097e+00	5.56093e-04
9.46132e+00	5.54237e-04
9.48167e+00	5.52372e-04
9.50201e+00	5.50498e-04
9.52236e+00	5.48614e-04
9.54271e+00	5.46722e-04
9.56305e+00	5.44821e-04
9.58340e+00	5.42910e-04
9.60375e+00	5.40990e-04
9.62409e+00	5.39052e-04
9.64444e+00	5.37150e-04
9.66479e+00	5.35157e-04
9.68514e+00	5.33188e-04
9.70548e+00	5.31206e-04
9.72583e+00	5.29217e-04
9.74618e+00	5.27220e-04
9.76652e+00	5.25215e-04
9.78687e+00	5.23202e-04
9.80722e+00	5.21181e-04
9.82756e+00	5.19152e-04
9.84791e+00	5.17115e-04
9.86826e+00	5.15070e-04
9.88860e+00	5.13018e-04
9.90895e+00	5.10958e-04
9.92930e+00	5.08890e-04
9.94965e+00	5.06814e-04
9.96999e+00	5.04731e-04
9.99034e+00	5.02559e-04
1.00107e+01	5.00678e-04
1.00310e+01	4.98387e-04
1.00514e+01	4.96008e-04
1.00717e+01	4.93723e-04
1.00921e+01	4.91426e-04
1.01124e+01	4.89131e-04
1.01328e+01	4.86835e-04
1.01531e+01	4.84539e-04
1.01735e+01	4.82242e-04
1.01938e+01	4.79946e-04
1.02142e+01	4.77650e-04
1.02345e+01	4.75353e-04
1.02548e+01	4.73057e-04
1.02752e+01	4.70761e-04
1.02955e+01	4.68464e-04
1.03159e+01	4.66169e-04
1.03362e+01	4.63873e-04
1.03566e+01	4.61578e-04
1.03769e+01	4.59283e-04
1.03973e+01	4.56988e-04
1.04176e+01	4.54694e-04
1.04380e+01	4.52401e-04
1.04583e+01	4.50108e-04
1.04787e+01	4.47816e-04
1.04990e+01	4.45524e-04
1.05194e+01	4.43234e-04
1.05397e+01	4.40944e-04
1.05601e+01	4.38655e-04
1.05804e+01	4.36293e-04
1.06007e+01	4.34227e-04
1.06211e+01	4.31692e-04
1.06414e+01	4.29276e-04
1.06618e+01	4.26877e-04
1.06821e+01	4.24486e-04
1.07025e+01	4.22101e-04
1.07228e+01	4.19724e-04
1.07432e+01	4.17354e-04
1.07635e+01	4.14991e-04
1.07839e+01	4.12636e-04
1.08042e+01	4.10288e-04
1.08246e+01	4.07947e-04
1.08449e+01	4.05613e-04
1.08653e+01	4.03287e-04
1.08856e+01	4.00968e-04
1.09060e+01	3.98657e-04
1.09263e+01	3.96352e-04
1.09466e+01	3.94056e-04
1.09670e+01	3.91766e-04
1.09873e+01	3.89484e-04
1.10077e+01	3.87209e-04
1.10280e+01	3.84942e-04
1.10484e+01	3.82682e-04
1.10687e+01	3.80429e-04
1.10891e+01	3.78184e-04
1.11094e+01	3.75946e-04
1.11298e+01	3.73716e-04
1.11501e+01	3.71493e-04
1.11705e+01	3.69278e-04
1.11908e+01	3.67070e-04
1.12112e+01	3.64869e-04
1.12315e+01	3.62676e-04
1.12518e+01	3.60490e-04
1.12722e+01	3.58312e-04
1.12925e+01	3.56142e-04
1.13129e+01	3.53978e-04
1.13332e+01	3.51823e-04
1.13536e+01	3.49675e-04
1.13739e+01	3.47534e-04
1.13943e+01	3.45401e-04
1.14146e+01	3.43275e-04
1.14350e+01	3.41156e-04
1.14553e+01	3.39045e-04
1.14757e+01	3.36942e-04
1.14960e+01	3.34845e-04
1.15164e+01	3.32755e-04
1.15367e+01	3.30672e-04
1.15571e+01	3.28588e-04
1.15774e+01	3.25908e-04
1.15977e+01	3.22649e-04
1.16181e+01	3.18788e-04
1.16384e+01	3.14080e-04
1.16588e+01	3.07866e-04
1.16791e+01	3.00991e-04
1.16995e+01	2.94399e-04
1.17198e+01	2.88337e-04
1.17402e+01	2.82737e-04
1.17605e+01	2.77171e-04
1.17809e+01	2.71333e-04
1.18012e+01	2.65433e-04
1.18216e+01	2.59442e-04
1.18419e+01	2.52362e-04
1.18623e+01	2.43655e-04
1.18826e+01	2.35956e-04
1.19030e+01	2.29363e-04
1.19233e+01	2.23323e-04
1.19436e+01	2.17663e-04
1.19640e+01	2.12265e-04
1.19843e+01	2.07036e-04
1.20047e+01	2.01947e-04
1.20250e+01	1.96957e-04
1.20454e+01	1.92048e-04
1.20657e+01	1.87219e-04
1.20861e+01	1.82470e-04
1.21064e+01	1.77792e-04
1.21268e+01	1.73166e-04
1.21471e+01	1.68578e-04
1.21675e+01	1.64031e-04
1.21878e+01	1.59532e-04
1.22082e+01	1.55075e-04
1.22285e+01	1.50633e-04
1.22488e+01	1.46201e-04
1.22692e+01	1.41784e-04
1.22895e+01	1.37393e-04
1.23099e+01	1.33036e-04
1.23302e+01	1.28746e-04
1.23506e+01	1.24530e-04
1.23709e+01	1.20391e-04
1.23913e+01	1.16330e-04
1.24116e+01	1.12342e-04
1.24320e+01	1.08420e-04
1.24523e+01	1.04561e-04
1.24727e+01	1.00769e-04
1.24930e+01	9.70447e-05
1.25134e+01	9.33930e-05
1.25337e+01	8.98111e-05
1.25541e+01	8.63185e-05
1.25744e+01	8.28822e-05
1.25947e+01	7.95304e-05
1.26151e+01	7.62682e-05
1.26354e+01	7.31010e-05
1.26558e+01	7.00318e-05
1.26761e+01	6.70590e-05
1.26965e+01	6.41808e-05
1.27168e+01	6.14069e-05
1.27372e+01	5.87362e-05
1.27575e+01	5.61701e-05
1.27779e+01	5.37046e-05
1.27982e+01	5.13362e-05
1.28186e+01	4.90724e-05
1.28389e+01	4.69197e-05
1.28593e+01	4.48895e-05
1.28796e+01	4.29894e-05
1.28999e+01	4.11955e-05
1.29203e+01	3.94409e-05
1.29406e+01	3.77535e-05
1.29610e+01	3.62131e-05
1.29813e+01	3.47599e-05
1.30017e+01	3.33330e-05
1.30220e+01	3.17691e-05
1.30424e+01	2.99663e-05
1.30627e+01	2.81444e-05
1.30831e+01	2.66161e-05
1.31034e+01	2.53177e-05
1.31238e+01	2.42160e-05
1.31441e+01	2.32464e-05
1.31645e+01	2.22878e-05
1.31848e+01	2.13073e-05
1.32052e+01	2.03100e-05
1.32255e+01	1.93865e-05
1.32458e+01	1.85633e-05
1.32662e+01	1.78092e-05
1.32865e+01	1.71079e-05
1.33069e+01	1.64580e-05
1.33272e+01	1.58480e-05
1.33476e+01	1.52689e-05
1.33679e+01	1.47146e-05
1.33883e+01	1.41760e-05
1.34086e+01	1.36494e-05
1.34290e+01	1.31326e-05
1.34493e+01	1.26203e-05
1.34697e+01	1.21081e-05
1.34900e+01	1.16097e-05
1.35104e+01	1.11338e-05
1.35307e+01	1.06748e-05
1.35511e+01	1.02299e-05
1.35714e+01	9.79889e-06
1.35917e+01	9.38165e-06
1.36121e+01	8.97802e-06
1.36324e+01	8.58848e-06
1.36528e+01	8.21259e-06
1.36731e+01	7.85015e-06
1.36935e+01	7.50086e-06
1.37138e+01	7.16442e-06
1.37342e+01	6.84062e-06
1.37545e+01	6.52907e-06
1.37749e+01	6.22952e-06
1.37952e+01	5.94169e-06
1.38156e+01	5.66507e-06
1.38359e+01	5.39924e-06
1.38563e+01	5.14397e-06
1.38766e+01	4.89864e-06
1.38969e+01	4.66229e-06
1.39173e+01	4.43475e-06
1.39376e+01	4.21554e-06
1.39580e+01	4.00460e-06
1.39783e+01	3.80194e-06
1.39987e+01	3.60721e-06
1.40190e+01	3.42006e-06
1.40394e+01	3.24071e-06
1.40597e+01	3.06887e-06
1.40801e+01	2.90448e-06
1.41004e+01	2.74715e-06
1.41208e+01	2.59673e-06
1.41411e+01	2.45304e-06
1.41615e+01	2.31593e-06
1.41818e+01	2.18519e-06
1.42022e+01	2.06062e-06
1.42225e+01	1.94206e-06
1.42428e+01	1.82921e-06
1.42632e+01	1.72180e-06
1.42835e+01	1.61965e-06
1.43039e+01	1.52258e-06
1.43242e+01	1.43043e-06
1.43446e+01	1.34302e-06
1.43649e+01	1.26017e-06
1.43853e+01	1.18172e-06
1.44056e+01	1.10748e-06
1.44260e+01	1.03729e-06
1.44463e+01	9.70976e-07
1.44667e+01	9.08368e-07
1.44870e+01	8.49313e-07
1.45074e+01	7.93644e-07
1.45277e+01	7.41205e-07
1.45481e+01	6.91846e-07
1.45684e+01	6.45418e-07
1.45887e+01	6.01779e-07
1.46091e+01	5.60788e-07
1.46294e+01	5.22310e-07
1.46498e+01	4.86215e-07
1.46701e+01	4.52375e-07
1.46905e+01	4.20671e-07
1.47108e+01	3.90987e-07
1.47312e+01	3.63212e-07
1.47515e+01	3.37238e-07
1.47719e+01	3.12963e-07
1.47922e+01	2.90289e-07
1.48126e+01	2.69122e-07
1.48329e+01	2.49373e-07
1.48533e+01	2.30956e-07
1.48736e+01	2.13793e-07
1.48939e+01	1.97806e-07
1.49143e+01	1.82922e-07
1.49346e+01	1.69072e-07
1.49550e+01	1.56191e-07
1.49753e+01	1.44217e-07
1.49957e+01	1.33098e-07
1.50160e+01	1.22781e-07
1.50364e+01	1.13224e-07
1.50567e+01	1.04376e-07
1.50771e+01	9.61899e-08
1.50974e+01	8.86184e-08
1.51178e+01	8.16180e-08
1.51381e+01	7.51478e-08
1.51585e+01	6.91697e-08
1.51788e+01	6.36479e-08
1.51992e+01	5.85495e-08
1.52195e+01	5.38435e-08
1.52398e+01	4.95012e-08
1.52602e+01	4.54958e-08
1.52805e+01	4.18024e-08
1.53009e+01	3.83978e-08
1.53212e+01	3.52604e-08
1.53416e+01	3.23701e-08
1.53619e+01	2.97083e-08
1.53823e+01	2.72577e-08
1.54026e+01	2.50023e-08
1.54230e+01	2.29273e-08
1.54433e+01	2.10187e-08
1.54637e+01	1.92639e-08
1.54840e+01	1.76509e-08
1.55044e+01	1.61688e-08
1.55247e+01	1.48073e-08
1.55450e+01	1.35571e-08
1.55654e+01	1.24093e-08
1.55857e+01	1.13560e-08
1.56061e+01	1.03897e-08
1.56264e+01	9.50350e-09
1.56468e+01	8.69104e-09
1.56671e+01	7.94645e-09
1.56875e+01	7.26428e-09
1.57078e+01	6.63955e-09
1.57282e+01	6.06763e-09
1.57485e+01	5.54426e-09
1.57689e+01	5.06553e-09
1.57892e+01	4.62577e-09
1.58096e+01	4.22198e-09
1.58299e+01	3.85142e-09
1.58503e+01	3.51156e-09
1.58706e+01	3.20003e-09
1.58909e+01	2.91462e-09
1.59113e+01	2.65330e-09
1.59316e+01	2.41416e-09
1.59520e+01	2.19543e-09
1.59723e+01	1.99546e-09
1.59927e+01	1.81279e-09
1.60130e+01	1.64608e-09
1.60334e+01	1.49406e-09
1.60537e+01	1.35555e-09
1.60741e+01	1.22941e-09
1.60944e+01	1.11460e-09
1.61148e+01	1.01014e-09
1.61351e+01	9.15118e-10
1.61555e+01	8.28738e-10
1.61758e+01	7.50236e-10
1.61962e+01	6.78927e-10
1.62165e+01	6.14178e-10
1.62368e+01	5.55405e-10
1.62572e+01	5.02076e-10
1.62775e+01	4.53708e-10
1.62979e+01	4.09859e-10
1.63182e+01	3.70119e-10
1.63386e+01	3.34114e-10
1.63589e+01	3.01511e-10
1.63793e+01	2.71996e-10
1.63996e+01	2.45287e-10
1.64200e+01	2.21129e-10
1.64403e+01	1.99282e-10
1.64607e+01	1.79536e-10
1.64810e+01	1.61694e-10
1.65014e+01	1.45578e-10
1.65217e+01	1.31025e-10
1.65420e+01	1.17886e-10
1.65624e+01	1.06028e-10
1.65827e+01	9.53298e-11
1.66031e+01	8.56826e-11
1.66234e+01	7.69858e-11
1.66438e+01	6.91483e-11
1.66641e+01	6.20876e-11
1.66845e+01	5.57293e-11
1.67048e+01	5.00057e-11
1.67252e+01	4.48554e-11
1.67455e+01	4.02223e-11
1.67659e+01	3.60561e-11
1.67862e+01	3.23110e-11
1.68066e+01	2.89456e-11
1.68269e+01	2.59223e-11
1.68473e+01	2.32073e-11
1.68676e+01	2.07701e-11
1.68879e+01	1.85830e-11
1.69083e+01	1.66210e-11
1.69286e+01	1.48614e-11
1.69490e+01	1.32839e-11
1.69693e+01	1.18701e-11
1.69897e+01	1.06035e-11
1.70100e+01	9.46916e-12
1.70304e+01	8.45371e-12
1.70507e+01	7.54500e-12
1.70711e+01	6.73211e-12
1.70914e+01	6.00517e-12
1.71118e+01	5.35530e-12
1.71321e+01	4.77451e-12
1.71525e+01	4.25557e-12
1.71728e+01	3.79202e-12
1.71932e+01	3.37807e-12
1.72135e+01	3.00853e-12
1.72338e+01	2.67872e-12
1.72542e+01	2.38445e-12
1.72745e+01	2.12197e-12
1.72949e+01	1.88791e-12
1.73152e+01	1.67924e-12
1.73356e+01	1.49326e-12
1.73559e+01	1.32755e-12
1.73763e+01	1.17993e-12
1.73966e+01	1.04846e-12
1.74170e+01	9.31421e-13
1.74373e+01	8.27243e-13
1.74577e+01	7.34538e-13
1.74780e+01	6.52064e-13
1.74984e+01	5.78709e-13
1.75187e+01	5.13484e-13
1.75390e+01	4.55502e-13
1.75594e+01	4.03967e-13
1.75797e+01	3.58175e-13
1.76001e+01	3.17496e-13
1.76204e+01	2.81368e-13
1.76408e+01	2.49292e-13
1.76611e+01	2.20819e-13
1.76815e+01	1.95552e-13
1.77018e+01	1.73134e-13
1.77222e+01	1.53251e-13
1.77425e+01	1.35619e-13
1.77629e+01	1.19987e-13
1.77832e+01	1.06133e-13
1.78036e+01	9.38560e-14
1.78239e+01	8.29786e-14
1.78443e+01	7.33453e-14
1.78646e+01	6.48147e-14
1.78849e+01	5.72628e-14
1.79053e+01	5.05787e-14
1.79256e+01	4.46640e-14
1.79460e+01	3.94313e-14
1.79663e+01	3.48033e-14
1.79867e+01	3.07115e-14
1.80070e+01	2.70948e-14
1.80274e+01	2.38991e-14
1.80477e+01	2.10760e-14
1.80681e+01	1.85828e-14
1.80884e+01	1.63815e-14
1.81088e+01	1.44382e-14
1.81291e+01	1.27231e-14
1.81495e+01	1.12097e-14
1.81698e+01	9.87456e-15
1.81901e+01	8.69687e-15
1.82105e+01	7.65821e-15
1.82308e+01	6.74235e-15
1.82512e+01	5.93493e-15
1.82715e+01	5.22324e-15
1.82919e+01	4.59606e-15
1.83122e+01	4.04347e-15
1.83326e+01	3.55669e-15
1.83529e+01	3.12796e-15
1.83733e+01	2.75043e-15
1.83936e+01	2.41803e-15
1.84140e+01	2.12542e-15
1.84343e+01	1.86791e-15
1.84547e+01	1.64131e-15
1.84750e+01	1.44196e-15
1.84954e+01	1.26660e-15
1.85157e+01	1.11238e-15
1.85360e+01	9.76766e-16
1.85564e+01	8.57537e-16
1.85767e+01	7.52729e-16
1.85971e+01	6.60615e-16
1.86174e+01	5.79673e-16
1.86378e+01	5.08559e-16
1.86581e+01	4.46093e-16
1.86785e+01	3.91232e-16
1.86988e+01	3.43059e-16
1.87192e+01	3.00766e-16
1.87395e+01	2.63642e-16
1.87599e+01	2.31061e-16
1.87802e+01	2.02472e-16
1.88006e+01	1.77390e-16
1.88209e+01	1.55389e-16
1.88413e+01	1.36094e-16
1.88616e+01	1.19176e-16
1.88819e+01	1.04343e-16
1.89023e+01	9.13410e-17
1.89226e+01	7.99455e-17
1.89430e+01	6.99600e-17
1.89633e+01	6.12116e-17
1.89837e+01	5.35485e-17
1.90040e+01	4.68373e-17
1.90244e+01	4.09613e-17
1.90447e+01	3.58173e-17
1.90651e+01	3.13151e-17
1.90854e+01	2.73753e-17
1.91058e+01	2.39282e-17
1.91261e+01	2.09125e-17
1.91465e+01	1.82746e-17
1.91668e+01	1.59674e-17
1.91871e+01	1.39497e-17
1.92075e+01	1.21855e-17
1.92278e+01	1.06431e-17
1.92482e+01	9.29481e-18
1.92685e+01	8.11635e-18
1.92889e+01	7.08644e-18
1.93092e+01	6.18647e-18
1.93296e+01	5.40014e-18
1.93499e+01	4.71320e-18
1.93703e+01	4.11317e-18
1.93906e+01	3.58911e-18
1.94110e+01	3.13146e-18
1.94313e+01	2.73185e-18
1.94517e+01	2.38296e-18
1.94720e+01	2.07839e-18
1.94924e+01	1.81254e-18
1.95127e+01	1.58052e-18
1.95330e+01	1.37805e-18
1.95534e+01	1.20138e-18
1.95737e+01	1.04725e-18
1.95941e+01	9.12798e-19
1.96144e+01	7.95517e-19
1.96348e+01	6.93228e-19
1.96551e+01	6.04026e-19
1.96755e+01	5.26247e-19
1.96958e+01	4.58438e-19
1.97162e+01	3.99326e-19
1.97365e+01	3.47804e-19
1.97569e+01	3.02902e-19
1.97772e+01	2.63773e-19
1.97976e+01	2.29680e-19
1.98179e+01	1.99978e-19
1.98383e+01	1.74106e-19
1.98586e+01	1.51573e-19
1.98789e+01	1.31948e-19
1.98993e+01	1.14865e-19
1.99196e+01	9.99939e-20
1.99400e+01	8.70519e-20
1.99603e+01	7.57932e-20
1.99807e+01	6.60032e-20
2.00010e+01	5.74948e-20
2.00214e+01	5.01052e-20
2.00417e+01	4.36918e-20
2.00621e+01	3.81314e-20
2.00824e+01	3.33166e-20
2.01028e+01	2.91544e-20
2.01231e+01	2.55643e-20
2.01435e+01	2.24765e-20
2.01638e+01	1.98309e-20
2.01841e+01	1.75761e-20
2.02045e+01	1.56678e-20
2.02248e+01	1.40686e-20
2.02452e+01	1.27470e-20
2.02655e+01	1.16767e-20
2.02859e+01	1.08362e-20
2.03062e+01	1.02078e-20
2.03266e+01	9.78030e-21
2.03469e+01	9.50661e-21
