# The ell = 1 distribution, the first anisotropy.
# E_N [Td]	3.00000e+01
# col_1: Electron Energy [eV], col_2: f1 [eV^(-3/2)]
eV	f1
2.81250e-02	2.31367e-03
5.62499e-02	3.33694e-03
8.43749e-02	3.84344e-03
1.12500e-01	4.01214e-03
1.40625e-01	4.06558e-03
1.68750e-01	4.04196e-03
1.96875e-01	3.98732e-03
2.25000e-01	3.96397e-03
2.53125e-01	3.94568e-03
2.81250e-01	3.96781e-03
3.09375e-01	4.01662e-03
3.37500e-01	3.98203e-03
3.65625e-01	3.94191e-03
3.93750e-01	3.90876e-03
4.21875e-01	3.88492e-03
4.50000e-01	3.86911e-03
4.78125e-01	3.85984e-03
5.06249e-01	3.85639e-03
5.34374e-01	3.85834e-03
5.62499e-01	3.86616e-03
5.90624e-01	3.87937e-03
6.18749e-01	3.89710e-03
6.46874e-01	3.91965e-03
6.74999e-01	3.94660e-03
7.03124e-01	3.97720e-03
7.31249e-01	4.00879e-03
7.59374e-01	4.04109e-03
7.87499e-01	4.07360e-03
8.15624e-01	4.10664e-03
8.43749e-01	4.14021e-03
8.71874e-01	4.17393e-03
8.99999e-01	4.20731e-03
9.28124e-01	4.24018e-03
9.56249e-01	4.27240e-03
9.84374e-01	4.30363e-03
1.01250e+00	4.33326e-03
1.04062e+00	4.36100e-03
1.06875e+00	4.38670e-03
1.09687e+00	4.41132e-03
1.12500e+00	4.43262e-03
1.15312e+00	4.45043e-03
1.18125e+00	4.46586e-03
1.20937e+00	4.48289e-03
1.23750e+00	4.49748e-03
1.26562e+00	4.50650e-03
1.29375e+00	4.50909e-03
1.32187e+00	4.50755e-03
1.35000e+00	4.50390e-03
1.37812e+00	4.49926e-03
1.40625e+00	4.49055e-03
1.43437e+00	4.48151e-03
1.46250e+00	4.47228e-03
1.49062e+00	4.47312e-03
1.51875e+00	4.46744e-03
1.54687e+00	4.45265e-03
1.57500e+00	4.43176e-03
1.60312e+00	4.40919e-03
1.63125e+00	4.38569e-03
1.65937e+00	4.35954e-03
1.68750e+00	4.33231e-03
1.71562e+00	4.30565e-03
1.74375e+00	4.27941e-03
1.77187e+00	4.25386e-03
1.80000e+00	4.22892e-03
1.82812e+00	4.20453e-03
1.85625e+00	4.18069e-03
1.88437e+00	4.15769e-03
1.91250e+00	4.13552e-03
1.94062e+00	4.11349e-03
1.96875e+00	4.09140e-03
1.99687e+00	4.06952e-03
2.02500e+00	4.04791e-03
2.05312e+00	4.02652e-03
2.08125e+00	4.00533e-03
2.10937e+00	3.98435e-03
2.13750e+00	3.96355e-03
2.16562e+00	3.94292e-03
2.19375e+00	3.92242e-03
2.22187e+00	3.90207e-03
2.25000e+00	3.88187e-03
2.27812e+00	3.86182e-03
2.30625e+00	3.84191e-03
2.33437e+00	3.82213e-03
2.36250e+00	3.80247e-03
2.39062e+00	3.78293e-03
2.41875e+00	3.76349e-03
2.44687e+00	3.74412e-03
2.47500e+00	3.72479e-03
2.50312e+00	3.70542e-03
2.53125e+00	3.68602e-03
2.55937e+00	3.66660e-03
2.58750e+00	3.64714e-03
2.61562e+00	3.62766e-03
2.64375e+00	3.60816e-03
2.67187e+00	3.58864e-03
2.70000e+00	3.56910e-03
2.72812e+00	3.54956e-03
2.75625e+00	3.53002e-03
2.78437e+00	3.51048e-03
2.81250e+00	3.49094e-03
2.84062e+00	3.47140e-03
2.86875e+00	3.45188e-03
2.89687e+00	3.43238e-03
2.92500e+00	3.41290e-03
2.95312e+00	3.39344e-03
2.98125e+00	3.37402e-03
3.00937e+00	3.35463e-03
3.03750e+00	3.33528e-03
3.06562e+00	3.31597e-03
3.09375e+00	3.29671e-03
3.12187e+00	3.27751e-03
3.15000e+00	3.25837e-03
3.17812e+00	3.23928e-03
3.20625e+00	3.22027e-03
3.23437e+00	3.20132e-03
3.26250e+00	3.18245e-03
3.29062e+00	3.16366e-03
3.31875e+00	3.14494e-03
3.34687e+00	3.12632e-03
3.37500e+00	3.10777e-03
3.40312e+00	3.08931e-03
3.43125e+00	3.07094e-03
3.45937e+00	3.05266e-03
3.48750e+00	3.03447e-03
3.51562e+00	3.01637e-03
3.54375e+00	2.99837e-03
3.57187e+00	2.98047e-03
3.60000e+00	2.96268e-03
3.62812e+00	2.94499e-03
3.65625e+00	2.92742e-03
3.68437e+00	2.90995e-03
3.71250e+00	2.89260e-03
3.74062e+00	2.87537e-03
3.76875e+00	2.85825e-03
3.79687e+00	2.84126e-03
3.82500e+00	2.82439e-03
3.85312e+00	2.80765e-03
3.88125e+00	2.79103e-03
3.90937e+00	2.77454e-03
3.93750e+00	2.75820e-03
3.96562e+00	2.74189e-03
3.99375e+00	2.72588e-03
4.02187e+00	2.70997e-03
4.05000e+00	2.69416e-03
4.07812e+00	2.67852e-03
4.10625e+00	2.66301e-03
4.13437e+00	2.64764e-03
4.16250e+00	2.63239e-03
4.19062e+00	2.61728e-03
4.21875e+00	2.60229e-03
4.24687e+00	2.58745e-03
4.27500e+00	2.57273e-03
4.30312e+00	2.55815e-03
4.33125e+00	2.54370e-03
4.35937e+00	2.52938e-03
4.38750e+00	2.51520e-03
4.41562e+00	2.50114e-03
4.44375e+00	2.48721e-03
4.47187e+00	2.47342e-03
4.50000e+00	2.45975e-03
4.52812e+00	2.44621e-03
4.55625e+00	2.43280e-03
4.58437e+00	2.41952e-03
4.61250e+00	2.40636e-03
4.64062e+00	2.39333e-03
4.66875e+00	2.38043e-03
4.69687e+00	2.36765e-03
4.72500e+00	2.35499e-03
4.75312e+00	2.34246e-03
4.78125e+00	2.33004e-03
4.80937e+00	2.31775e-03
4.83750e+00	2.30558e-03
4.86562e+00	2.29353e-03
4.89375e+00	2.28160e-03
4.92187e+00	2.26978e-03
4.95000e+00	2.25809e-03
4.97812e+00	2.24651e-03
5.00624e+00	2.23503e-03
5.03437e+00	2.22370e-03
5.06249e+00	2.21248e-03
5.09062e+00	2.20136e-03
5.11874e+00	2.19035e-03
5.14687e+00	2.17946e-03
5.17499e+00	2.16867e-03
5.20312e+00	2.15799e-03
5.23124e+00	2.14741e-03
5.25937e+00	2.13694e-03
5.28749e+00	2.12657e-03
5.31562e+00	2.11630e-03
5.34374e+00	2.10613e-03
5.37187e+00	2.09607e-03
5.39999e+00	2.08610e-03
5.42812e+00	2.07623e-03
5.45624e+00	2.06645e-03
5.48437e+00	2.05678e-03
5.51249e+00	2.04719e-03
5.54062e+00	2.03770e-03
5.56874e+00	2.02830e-03
5.59687e+00	2.01899e-03
5.62499e+00	2.00977e-03
5.65312e+00	2.00064e-03
5.68124e+00	1.99159e-03
5.70937e+00	1.98264e-03
5.73749e+00	1.97376e-03
5.76562e+00	1.96497e-03
5.79374e+00	1.95627e-03
5.82187e+00	1.94765e-03
5.84999e+00	1.93911e-03
5.87812e+00	1.93064e-03
5.90624e+00	1.92227e-03
5.93437e+00	1.91395e-03
5.96249e+00	1.90572e-03
5.99062e+00	1.89756e-03
6.01874e+00	1.88949e-03
6.04687e+00	1.88146e-03
6.07499e+00	1.87351e-03
6.10312e+00	1.86563e-03
6.13124e+00	1.85783e-03
6.15937e+00	1.85009e-03
6.18749e+00	1.84243e-03
6.21562e+00	1.83483e-03
6.24374e+00	1.82730e-03
6.27187e+00	1.81984e-03
6.29999e+00	1.81244e-03
6.32812e+00	1.80511e-03
6.35624e+00	1.79784e-03
6.38437e+00	1.79064e-03
6.41249e+00	1.78349e-03
6.44062e+00	1.77641e-03
6.46874e+00	1.76939e-03
6.49687e+00	1.76243e-03
6.52499e+00	1.75553e-03
6.55312e+00	1.74869e-03
6.58124e+00	1.74190e-03
6.60937e+00	1.73517e-03
6.63749e+00	1.72850e-03
6.66562e+00	1.72188e-03
6.69374e+00	1.71532e-03
6.72187e+00	1.70881e-03
6.74999e+00	1.70235e-03
6.77812e+00	1.69595e-03
6.80624e+00	1.68959e-03
6.83437e+00	1.68329e-03
6.86249e+00	1.67704e-03
6.89062e+00	1.67083e-03
6.91874e+00	1.66470e-03
6.94687e+00	1.65856e-03
6.97499e+00	1.65246e-03
7.00312e+00	1.64642e-03
7.03124e+00	1.64041e-03
7.05937e+00	1.63448e-03
7.08749e+00	1.62855e-03
7.11562e+00	1.62265e-03
7.14374e+00	1.61681e-03
7.17187e+00	1.61101e-03
7.19999e+00	1.60525e-03
7.22812e+00	1.59953e-03
7.25624e+00	1.59386e-03
7.28437e+00	1.58823e-03
7.31249e+00	1.58264e-03
7.34062e+00	1.57708e-03
7.36874e+00	1.57157e-03
7.39687e+00	1.56610e-03
7.42499e+00	1.56067e-03
7.45312e+00	1.55527e-03
7.48124e+00	1.54991e-03
7.50937e+00	1.54459e-03
7.53749e+00	1.53931e-03
7.56562e+00	1.53406e-03
7.59374e+00	1.52885e-03
7.62187e+00	1.52367e-03
7.64999e+00	1.51853e-03
7.67812e+00	1.51342e-03
7.70624e+00	1.50835e-03
7.73437e+00	1.50330e-03
7.76249e+00	1.49830e-03
7.79062e+00	1.49332e-03
7.81874e+00	1.48838e-03
7.84687e+00	1.48346e-03
7.87499e+00	1.47858e-03
7.90312e+00	1.47373e-03
7.93124e+00	1.46891e-03
7.95937e+00	1.46412e-03
7.98749e+00	1.45936e-03
8.01562e+00	1.45463e-03
8.04374e+00	1.44992e-03
8.07187e+00	1.44525e-03
8.09999e+00	1.44060e-03
8.12812e+00	1.43598e-03
8.15624e+00	1.43139e-03
8.18437e+00	1.42683e-03
8.21249e+00	1.42229e-03
8.24062e+00	1.41777e-03
8.26874e+00	1.41329e-03
8.29687e+00	1.40883e-03
8.32499e+00	1.40439e-03
8.35312e+00	1.39998e-03
8.38124e+00	1.39559e-03
8.40937e+00	1.39122e-03
8.43749e+00	1.38688e-03
8.46562e+00	1.38257e-03
8.49374e+00	1.37827e-03
8.52187e+00	1.37400e-03
8.54999e+00	1.36976e-03
8.57812e+00	1.36553e-03
8.60624e+00	1.36132e-03
8.63437e+00	1.35714e-03
8.66249e+00	1.35298e-03
8.69062e+00	1.34884e-03
8.71874e+00	1.34472e-03
8.74687e+00	1.34062e-03
8.77499e+00	1.33653e-03
8.80312e+00	1.33247e-03
8.83124e+00	1.32843e-03
8.85937e+00	1.32441e-03
8.88749e+00	1.32040e-03
8.91562e+00	1.31643e-03
8.94374e+00	1.31245e-03
8.97187e+00	1.30848e-03
8.99999e+00	1.30454e-03
9.02812e+00	1.30061e-03
9.05624e+00	1.29670e-03
9.08437e+00	1.29281e-03
9.11249e+00	1.28894e-03
9.14062e+00	1.28508e-03
9.16874e+00	1.28124e-03
9.19687e+00	1.27741e-03
9.22499e+00	1.27360e-03
9.25312e+00	1.26981e-03
9.28124e+00	1.26604e-03
9.30937e+00	1.26227e-03
9.33749e+00	1.25852e-03
9.36562e+00	1.25478e-03
9.39374e+00	1.25107e-03
9.42187e+00	1.24736e-03
9.44999e+00	1.24367e-03
9.47812e+00	1.23999e-03
9.50624e+00	1.23633e-03
9.53437e+00	1.23268e-03
9.56249e+00	1.22904e-03
9.59062e+00	1.22542e-03
9.61874e+00	1.22181e-03
9.64687e+00	1.21822e-03
9.67499e+00	1.21462e-03
9.70312e+00	1.21104e-03
9.73124e+00	1.20747e-03
9.75937e+00	1.20391e-03
9.78749e+00	1.20037e-03
9.81562e+00	1.19683e-03
9.84374e+00	1.19331e-03
9.87187e+00	1.18980e-03
9.89999e+00	1.18630e-03
9.92812e+00	1.18282e-03
9.95624e+00	1.17934e-03
9.98436e+00	1.17582e-03
1.00125e+01	1.17253e-03
1.00406e+01	1.16886e-03
1.00687e+01	1.16533e-03
1.00969e+01	1.16180e-03
1.01250e+01	1.15828e-03
1.01531e+01	1.15478e-03
1.01812e+01	1.15129e-03
1.02094e+01	1.14781e-03
1.02375e+01	1.14434e-03
1.02656e+01	1.14089e-03
1.02937e+01	1.13745e-03
1.03219e+01	1.13402e-03
1.03500e+01	1.13060e-03
1.03781e+01	1.12720e-03
1.04062e+01	1.12380e-03
1.04344e+01	1.12042e-03
1.04625e+01	1.11705e-03
1.04906e+01	1.11369e-03
1.05187e+01	1.11034e-03
1.05469e+01	1.10700e-03
1.05750e+01	1.10364e-03
1.06031e+01	1.10043e-03
1.06312e+01	1.09694e-03
1.06594e+01	1.09357e-03
1.06875e+01	1.09020e-03
1.07156e+01	1.08685e-03
1.07437e+01	1.08351e-03
1.07719e+01	1.08018e-03
1.08000e+01	1.07686e-03
1.08281e+01	1.07356e-03
1.08562e+01	1.07027e-03
1.08844e+01	1.06699e-03
1.09125e+01	1.06373e-03
1.09406e+01	1.06047e-03
1.09687e+01	1.05723e-03
1.09969e+01	1.05401e-03
1.10250e+01	1.05079e-03
1.10531e+01	1.04759e-03
1.10812e+01	1.04439e-03
1.11094e+01	1.04121e-03
1.11375e+01	1.03805e-03
1.11656e+01	1.03489e-03
1.11937e+01	1.03174e-03
1.12219e+01	1.02861e-03
1.12500e+01	1.02549e-03
1.12781e+01	1.02238e-03
1.13062e+01	1.01928e-03
1.13344e+01	1.01619e-03
1.13625e+01	1.01311e-03
1.13906e+01	1.01005e-03
1.14187e+01	1.00699e-03
1.14469e+01	1.00395e-03
1.14750e+01	1.00091e-03
1.15031e+01	9.97889e-04
1.15312e+01	9.94873e-04
1.15594e+01	9.91865e-04
1.15875e+01	9.88002e-04
1.16156e+01	9.83223e-04
1.16437e+01	9.77025e-04
1.16719e+01	9.68364e-04
1.17000e+01	9.59703e-04
1.17281e+01	9.51757e-04
1.17562e+01	9.44178e-04
1.17844e+01	9.36031e-04
1.18125e+01	9.27660e-04
1.18406e+01	9.18383e-04
1.18687e+01	9.05604e-04
1.18969e+01	8.94823e-04
1.19250e+01	8.85220e-04
1.19531e+01	8.76171e-04
1.19812e+01	8.67355e-04
1.20094e+01	8.58639e-04
1.20375e+01	8.49911e-04
1.20656e+01	8.41142e-04
1.20937e+01	8.32331e-04
1.21219e+01	8.23438e-04
1.21500e+01	8.14394e-04
1.21781e+01	8.05200e-04
1.22062e+01	7.95867e-04
1.22344e+01	7.86290e-04
1.22625e+01	7.76442e-04
1.22906e+01	7.66336e-04
1.23187e+01	7.56006e-04
1.23469e+01	7.45567e-04
1.23750e+01	7.35026e-04
1.24031e+01	7.24394e-04
1.24312e+01	7.13622e-04
1.24594e+01	7.02700e-04
1.24875e+01	6.91636e-04
1.25156e+01	6.80439e-04
1.25437e+01	6.69151e-04
1.25719e+01	6.57728e-04
1.26000e+01	6.46214e-04
1.26281e+01	6.34684e-04
1.26562e+01	6.23185e-04
1.26844e+01	6.11728e-04
1.27125e+01	6.00348e-04
1.27406e+01	5.89097e-04
1.27687e+01	5.78006e-04
1.27969e+01	5.67076e-04
1.28250e+01	5.56370e-04
1.28531e+01	5.45979e-04
1.28812e+01	5.36094e-04
1.29094e+01	5.26569e-04
1.29375e+01	5.16881e-04
1.29656e+01	5.07922e-04
1.29937e+01	4.99174e-04
1.30219e+01	4.89616e-04
1.30500e+01	4.77448e-04
1.30781e+01	4.65982e-04
1.31062e+01	4.56550e-04
1.31344e+01	4.48733e-04
1.31625e+01	4.41252e-04
1.31906e+01	4.33286e-04
1.32187e+01	4.24968e-04
1.32469e+01	4.17665e-04
1.32750e+01	4.10897e-04
1.33031e+01	4.04561e-04
1.33312e+01	3.98539e-04
1.33594e+01	3.92706e-04
1.33875e+01	3.86929e-04
1.34156e+01	3.81102e-04
1.34437e+01	3.75158e-04
1.34719e+01	3.68988e-04
1.35000e+01	3.62815e-04
1.35281e+01	3.56745e-04
1.35562e+01	3.50678e-04
1.35844e+01	3.44618e-04
1.36125e+01	3.38565e-04
1.36406e+01	3.32540e-04
1.36687e+01	3.26543e-04
1.36969e+01	3.20579e-04
1.37250e+01	3.14650e-04
1.37531e+01	3.08760e-04
1.37812e+01	3.02910e-04
1.38094e+01	2.97102e-04
1.38375e+01	2.91332e-04
1.38656e+01	2.85599e-04
1.38937e+01	2.79885e-04
1.39219e+01	2.74181e-04
1.39500e+01	2.68480e-04
1.39781e+01	2.62791e-04
1.40062e+01	2.57115e-04
1.40344e+01	2.51454e-04
1.40625e+01	2.45821e-04
1.40906e+01	2.40220e-04
1.41187e+01	2.34649e-04
1.41469e+01	2.29114e-04
1.41750e+01	2.23621e-04
1.42031e+01	2.18174e-04
1.42312e+01	2.12777e-04
1.42594e+01	2.07426e-04
1.42875e+01	2.02122e-04
1.43156e+01	1.96868e-04
1.43437e+01	1.91671e-04
1.43719e+01	1.86534e-04
1.44000e+01	1.81460e-04
1.44281e+01	1.76452e-04
1.44562e+01	1.71514e-04
1.44844e+01	1.66649e-04
1.45125e+01	1.61859e-04
1.45406e+01	1.57147e-04
1.45687e+01	1.52514e-04
1.45969e+01	1.47962e-04
1.46250e+01	1.43493e-04
1.46531e+01	1.39109e-04
1.46812e+01	1.34809e-04
1.47094e+01	1.30596e-04
1.47375e+01	1.26470e-04
1.47656e+01	1.22431e-04
1.47937e+01	1.18480e-04
1.48219e+01	1.14616e-04
1.48500e+01	1.10840e-04
1.48781e+01	1.07152e-04
1.49062e+01	1.03551e-04
1.49344e+01	1.00037e-04
1.49625e+01	9.66091e-05
1.49906e+01	9.32684e-05
1.50187e+01	9.00168e-05
1.50469e+01	8.68588e-05
1.50750e+01	8.37945e-05
1.51031e+01	8.08225e-05
1.51312e+01	7.79409e-05
1.51594e+01	7.51476e-05
1.51875e+01	7.24408e-05
1.52156e+01	6.98185e-05
1.52437e+01	6.72788e-05
1.52719e+01	6.48198e-05
1.53000e+01	6.24396e-05
1.53281e+01	6.01364e-05
1.53562e+01	5.79082e-05
1.53844e+01	5.57531e-05
1.54125e+01	5.36694e-05
1.54406e+01	5.16552e-05
1.54687e+01	4.97089e-05
1.54969e+01	4.78286e-05
1.55250e+01	4.60126e-05
1.55531e+01	4.42592e-05
1.55812e+01	4.25666e-05
1.56094e+01	4.09333e-05
1.56375e+01	3.93576e-05
1.56656e+01	3.78380e-05
1.56937e+01	3.63728e-05
1.57219e+01	3.49605e-05
1.57500e+01	3.35996e-05
1.57781e+01	3.22873e-05
1.58062e+01	3.10149e-05
1.58344e+01	2.97818e-05
1.58625e+01	2.85874e-05
1.58906e+01	2.74311e-05
1.59187e+01	2.63122e-05
1.59469e+01	2.52299e-05
1.59750e+01	2.41836e-05
1.60031e+01	2.31729e-05
1.60312e+01	2.21979e-05
1.60594e+01	2.12582e-05
1.60875e+01	2.03532e-05
1.61156e+01	1.94819e-05
1.61437e+01	1.86433e-05
1.61719e+01	1.78365e-05
1.62000e+01	1.70604e-05
1.62281e+01	1.63143e-05
1.62562e+01	1.55971e-05
1.62844e+01	1.49079e-05
1.63125e+01	1.42459e-05
1.63406e+01	1.36102e-05
1.63687e+01	1.29998e-05
1.63969e+01	1.24140e-05
1.64250e+01	1.18521e-05
1.64531e+01	1.13130e-05
1.64812e+01	1.07961e-05
1.65094e+01	1.03006e-05
1.65375e+01	9.82554e-06
1.65656e+01	9.37021e-06
1.65937e+01	8.93394e-06
1.66219e+01	8.51604e-06
1.66500e+01	8.11584e-06
1.66781e+01	7.73268e-06
1.67062e+01	7.36596e-06
1.67344e+01	7.01508e-06
1.67625e+01	6.67943e-06
1.67906e+01	6.35845e-06
1.68187e+01	6.05156e-06
1.68469e+01	5.75822e-06
1.68750e+01	5.47791e-06
1.69031e+01	5.21015e-06
1.69312e+01	4.95440e-06
1.69594e+01	4.71020e-06
1.69875e+01	4.47710e-06
1.70156e+01	4.25467e-06
1.70437e+01	4.04250e-06
1.70719e+01	3.84019e-06
1.71000e+01	3.64736e-06
1.71281e+01	3.46359e-06
1.71562e+01	3.28850e-06
1.71844e+01	3.12171e-06
1.72125e+01	2.96285e-06
1.72406e+01	2.81160e-06
1.72687e+01	2.66761e-06
1.72969e+01	2.53057e-06
1.73250e+01	2.40016e-06
1.73531e+01	2.27609e-06
1.73812e+01	2.15807e-06
1.74094e+01	2.04583e-06
1.74375e+01	1.93911e-06
1.74656e+01	1.83766e-06
1.74937e+01	1.74123e-06
1.75219e+01	1.64958e-06
1.75500e+01	1.56251e-06
1.75781e+01	1.47978e-06
1.76062e+01	1.40119e-06
1.76344e+01	1.32656e-06
1.76625e+01	1.25570e-06
1.76906e+01	1.18842e-06
1.77187e+01	1.12456e-06
1.77469e+01	1.06396e-06
1.77750e+01	1.00646e-06
1.78031e+01	9.51914e-07
1.78312e+01	9.00170e-07
1.78594e+01	8.51102e-07
1.78875e+01	8.04575e-07
1.79156e+01	7.60465e-07
1.79437e+01	7.18653e-07
1.79719e+01	6.79028e-07
1.80000e+01	6.41490e-07
1.80281e+01	6.05940e-07
1.80562e+01	5.72283e-07
1.80844e+01	5.40425e-07
1.81125e+01	5.10277e-07
1.81406e+01	4.81752e-07
1.81687e+01	4.54767e-07
1.81969e+01	4.29243e-07
1.82250e+01	4.05101e-07
1.82531e+01	3.82270e-07
1.82812e+01	3.60683e-07
1.83094e+01	3.40274e-07
1.83375e+01	3.20982e-07
1.83656e+01	3.02750e-07
1.83937e+01	2.85519e-07
1.84219e+01	2.69237e-07
1.84500e+01	2.53855e-07
1.84781e+01	2.39324e-07
1.85062e+01	2.25600e-07
1.85344e+01	2.12638e-07
1.85625e+01	2.00397e-07
1.85906e+01	1.88839e-07
1.86187e+01	1.77926e-07
1.86469e+01	1.67624e-07
1.86750e+01	1.57901e-07
1.87031e+01	1.48723e-07
1.87312e+01	1.40063e-07
1.87594e+01	1.31892e-07
1.87875e+01	1.24183e-07
1.88156e+01	1.16911e-07
1.88437e+01	1.10052e-07
1.88719e+01	1.03584e-07
1.89000e+01	9.74847e-08
1.89281e+01	9.17338e-08
1.89562e+01	8.63123e-08
1.89844e+01	8.12021e-08
1.90125e+01	7.63864e-08
1.90406e+01	7.18495e-08
1.90687e+01	6.75757e-08
1.90969e+01	6.35508e-08
1.91250e+01	5.97606e-08
1.91531e+01	5.61917e-08
1.91812e+01	5.28315e-08
1.92094e+01	4.96681e-08
1.92375e+01	4.66903e-08
1.92656e+01	4.38874e-08
1.92937e+01	4.12494e-08
1.93219e+01	3.87669e-08
1.93500e+01	3.64308e-08
1.93781e+01	3.42327e-08
1.94062e+01	3.21648e-08
1.94344e+01	3.02193e-08
1.94625e+01	2.83893e-08
1.94906e+01	2.66680e-08
1.95187e+01	2.50492e-08
1.95469e+01	2.35267e-08
1.95750e+01	2.20951e-08
1.96031e+01	2.07490e-08
1.96312e+01	1.94833e-08
1.96594e+01	1.82933e-08
1.96875e+01	1.71747e-08
1.97156e+01	1.61231e-08
1.97437e+01	1.51348e-08
1.97719e+01	1.42059e-08
1.98000e+01	1.33329e-08
1.98281e+01	1.25126e-08
1.98562e+01	1.17417e-08
1.98844e+01	1.10173e-08
1.99125e+01	1.03368e-08
1.99406e+01	9.69732e-09
1.99687e+01	9.09663e-09
1.99969e+01	8.53240e-09
2.00250e+01	8.00252e-09
2.00531e+01	7.50490e-09
2.00812e+01	7.03763e-09
2.01094e+01	6.59890e-09
2.01375e+01	6.18702e-09
2.01656e+01	5.80038e-09
2.01937e+01	5.43746e-09
2.02219e+01	5.09685e-09
2.02500e+01	4.77719e-09
2.02781e+01	4.47722e-09
2.03062e+01	4.19576e-09
2.03344e+01	3.93166e-09
2.03625e+01	3.68389e-09
2.03906e+01	3.45146e-09
2.04187e+01	3.23342e-09
2.04469e+01	3.02890e-09
2.04750e+01	2.83708e-09
2.05031e+01	2.65720e-09
2.05312e+01	2.48857e-09
2.05594e+01	2.33049e-09
2.05875e+01	2.18231e-09
2.06156e+01	2.04342e-09
2.06437e+01	1.91327e-09
2.06719e+01	1.79129e-09
2.07000e+01	1.67698e-09
2.07281e+01	1.56987e-09
2.07562e+01	1.46952e-09
2.07844e+01	1.37549e-09
2.08125e+01	1.28740e-09
2.08406e+01	1.20489e-09
2.08687e+01	1.12759e-09
2.08969e+01	1.05518e-09
2.09250e+01	9.87370e-10
2.09531e+01	9.23859e-10
2.09812e+01	8.64381e-10
2.10094e+01	8.08684e-10
2.10375e+01	7.56537e-10
2.10656e+01	7.07717e-10
2.10937e+01	6.62013e-10
2.11219e+01	6.19230e-10
2.11500e+01	5.79183e-10
2.11781e+01	5.41698e-10
2.12062e+01	5.06615e-10
2.12344e+01	4.73780e-10
2.12625e+01	4.43052e-10
2.12906e+01	4.14297e-10
2.13187e+01	3.87390e-10
2.13469e+01	3.62214e-10
2.13750e+01	3.38658e-10
2.14031e+01	3.16619e-10
2.14312e+01	2.96000e-10
2.14594e+01	2.76711e-10
2.14875e+01	2.58666e-10
2.15156e+01	2.41786e-10
2.15437e+01	2.25996e-10
2.15719e+01	2.11227e-10
2.16000e+01	1.97412e-10
2.16281e+01	1.84492e-10
2.16562e+01	1.72408e-10
2.16844e+01	1.61107e-10
2.17125e+01	1.50539e-10
2.17406e+01	1.40657e-10
2.17687e+01	1.31417e-10
2.17969e+01	1.22776e-10
2.18250e+01	1.14698e-10
2.18531e+01	1.07145e-10
2.18812e+01	1.00085e-10
2.19094e+01	9.34841e-11
2.19375e+01	8.73142e-11
2.19656e+01	8.15478e-11
2.19937e+01	7.61588e-11
2.20219e+01	7.11227e-11
2.20500e+01	6.64166e-11
2.20781e+01	6.20199e-11
2.21062e+01	5.79130e-11
2.21344e+01	5.40768e-11
2.21625e+01	5.04936e-11
2.21906e+01	4.71467e-11
2.22187e+01	4.40207e-11
2.22469e+01	4.11011e-11
2.22750e+01	3.83742e-11
2.23031e+01	3.58275e-11
2.23312e+01	3.34491e-11
2.23594e+01	3.12279e-11
2.23875e+01	2.91535e-11
2.24156e+01	2.72165e-11
2.24437e+01	2.54076e-11
2.24719e+01	2.37183e-11
2.25000e+01	2.21409e-11
2.25281e+01	2.06679e-11
2.25562e+01	1.92925e-11
2.25844e+01	1.80082e-11
2.26125e+01	1.68089e-11
2.26406e+01	1.56891e-11
2.26687e+01	1.46434e-11
2.26969e+01	1.36671e-11
2.27250e+01	1.27556e-11
2.27531e+01	1.19045e-11
2.27812e+01	1.11099e-11
2.28094e+01	1.03681e-11
2.28375e+01	9.67554e-12
2.28656e+01	9.02901e-12
2.28937e+01	8.42546e-12
2.29219e+01	7.86204e-12
2.29500e+01	7.33611e-12
2.29781e+01	6.84516e-12
2.30062e+01	6.38692e-12
2.30344e+01	5.95925e-12
2.30625e+01	5.56012e-12
2.30906e+01	5.18763e-12
2.31187e+01	4.84000e-12
2.31469e+01	4.51560e-12
2.31750e+01	4.21287e-12
2.32031e+01	3.93037e-12
2.32312e+01	3.66676e-12
2.32594e+01	3.42078e-12
2.32875e+01	3.19125e-12
2.33156e+01	2.97708e-12
2.33437e+01	2.77724e-12
2.33719e+01	2.59078e-12
2.34000e+01	2.41679e-12
2.34281e+01	2.25446e-12
2.34562e+01	2.10300e-12
2.34844e+01	1.96169e-12
2.35125e+01	1.82985e-12
2.35406e+01	1.70685e-12
2.35687e+01	1.59210e-12
2.35969e+01	1.48504e-12
2.36250e+01	1.38516e-12
2.36531e+01	1.29198e-12
2.36812e+01	1.20506e-12
2.37094e+01	1.12397e-12
2.37375e+01	1.04833e-12
2.37656e+01	9.77764e-13
2.37937e+01	9.11937e-13
2.38219e+01	8.50533e-13
2.38500e+01	7.93254e-13
2.38781e+01	7.39823e-13
2.39062e+01	6.89984e-13
2.39344e+01	6.43495e-13
2.39625e+01	6.00131e-13
2.39906e+01	5.59684e-13
2.40187e+01	5.21956e-13
2.40469e+01	4.86767e-13
2.40750e+01	4.53945e-13
2.41031e+01	4.23332e-13
2.41312e+01	3.94778e-13
2.41594e+01	3.68146e-13
2.41875e+01	3.43307e-13
2.42156e+01	3.20139e-13
2.42437e+01	2.98532e-13
2.42719e+01	2.78380e-13
2.43000e+01	2.59585e-13
2.43281e+01	2.42056e-13
2.43562e+01	2.25709e-13
2.43844e+01	2.10463e-13
2.44125e+01	1.96245e-13
2.44406e+01	1.82985e-13
2.44687e+01	1.70620e-13
2.44969e+01	1.59089e-13
2.45250e+01	1.48335e-13
2.45531e+01	1.38307e-13
2.45812e+01	1.28955e-13
2.46094e+01	1.20234e-13
2.46375e+01	1.12101e-13
2.46656e+01	1.04517e-13
2.46937e+01	9.74447e-14
2.47219e+01	9.08499e-14
2.47500e+01	8.47000e-14
2.47781e+01	7.89653e-14
2.48062e+01	7.36177e-14
2.48344e+01	6.86311e-14
2.48625e+01	6.39813e-14
2.48906e+01	5.96455e-14
2.49187e+01	5.56028e-14
2.49469e+01	5.18334e-14
2.49750e+01	4.83188e-14
2.50031e+01	4.50420e-14
2.50312e+01	4.19867e-14
2.50593e+01	3.91380e-14
2.50875e+01	3.64824e-14
2.51156e+01	3.40067e-14
2.51437e+01	3.16988e-14
2.51718e+01	2.95474e-14
2.52000e+01	2.75418e-14
2.52281e+01	2.56720e-14
2.52562e+01	2.39290e-14
2.52843e+01	2.23041e-14
2.53125e+01	2.07894e-14
2.53406e+01	1.93773e-14
2.53687e+01	1.80611e-14
2.53968e+01	1.68341e-14
2.54250e+01	1.56904e-14
2.54531e+01	1.46242e-14
2.54812e+01	1.36302e-14
2.55093e+01	1.27036e-14
2.55375e+01	1.18398e-14
2.55656e+01	1.10345e-14
2.55937e+01	1.02839e-14
2.56218e+01	9.58425e-15
2.56500e+01	8.93198e-15
2.56781e+01	8.32393e-15
2.57062e+01	7.75711e-15
2.57343e+01	7.22875e-15
2.57625e+01	6.73623e-15
2.57906e+01	6.27714e-15
2.58187e+01	5.84922e-15
2.58468e+01	5.45035e-15
2.58750e+01	5.07857e-15
2.59031e+01	4.73204e-15
2.59312e+01	4.40906e-15
2.59593e+01	4.10803e-15
2.59875e+01	3.82746e-15
2.60156e+01	3.56602e-15
2.60437e+01	3.32241e-15
2.60718e+01	3.09542e-15
2.61000e+01	2.88393e-15
2.61281e+01	2.68687e-15
2.61562e+01	2.50326e-15
2.61843e+01	2.33218e-15
2.62125e+01	2.17279e-15
2.62406e+01	2.02428e-15
2.62687e+01	1.88592e-15
2.62968e+01	1.75701e-15
2.63250e+01	1.63690e-15
2.63531e+01	1.52501e-15
2.63812e+01	1.42075e-15
2.64093e+01	1.32363e-15
2.64375e+01	1.23314e-15
2.64656e+01	1.14884e-15
2.64937e+01	1.07030e-15
2.65218e+01	9.97125e-16
2.65500e+01	9.28958e-16
2.65781e+01	8.65453e-16
2.66062e+01	8.06293e-16
2.66343e+01	7.51181e-16
2.66625e+01	6.99840e-16
2.66906e+01	6.52014e-16
2.67187e+01	6.07463e-16
2.67468e+01	5.65963e-16
2.67750e+01	5.27306e-16
2.68031e+01	4.91298e-16
2.68312e+01	4.57758e-16
2.68593e+01	4.26519e-16
2.68875e+01	3.97424e-16
2.69156e+01	3.70325e-16
2.69437e+01	3.45088e-16
2.69718e+01	3.21586e-16
2.70000e+01	2.99701e-16
2.70281e+01	2.79322e-16
2.70562e+01	2.60347e-16
2.70843e+01	2.42682e-16
2.71125e+01	2.26236e-16
2.71406e+01	2.10929e-16
2.71687e+01	1.96682e-16
2.71968e+01	1.83424e-16
2.72250e+01	1.71089e-16
2.72531e+01	1.59615e-16
2.72812e+01	1.48943e-16
2.73093e+01	1.39021e-16
2.73375e+01	1.29798e-16
2.73656e+01	1.21227e-16
2.73937e+01	1.13267e-16
2.74218e+01	1.05876e-16
2.74500e+01	9.90182e-17
2.74781e+01	9.26579e-17
2.75062e+01	8.67634e-17
2.75343e+01	8.13051e-17
2.75625e+01	7.62555e-17
2.75906e+01	7.15890e-17
2.76187e+01	6.72822e-17
2.76468e+01	6.33132e-17
2.76750e+01	5.96621e-17
2.77031e+01	5.63104e-17
2.77312e+01	5.32412e-17
2.77593e+01	5.04387e-17
2.77875e+01	4.78888e-17
2.78156e+01	4.55785e-17
2.78437e+01	4.34959e-17
2.78718e+01	4.16303e-17
2.79000e+01	3.99719e-17
2.79281e+01	3.85120e-17
2.79562e+01	3.72428e-17
2.79843e+01	3.61573e-17
2.80125e+01	3.52490e-17
2.80406e+01	3.45122e-17
2.80687e+01	3.39414e-17
2.80968e+01	3.35324e-17
2.81250e+01	3.32658e-17
