# The ell = 1 distribution, the first anisotropy.
# E_N [Td]	6.00000e+00
# col_1: Electron Energy [eV], col_2: f1 [eV^(-3/2)]
eV	f1
1.83179e-02	8.60206e-04
3.66357e-02	1.39134e-03
5.49536e-02	1.64375e-03
7.32715e-02	1.77576e-03
9.15893e-02	1.84413e-03
1.09907e-01	1.86144e-03
1.28225e-01	1.83292e-03
1.46543e-01	1.79769e-03
1.64861e-01	1.76019e-03
1.83179e-01	1.72309e-03
2.01497e-01	1.68832e-03
2.19814e-01	1.65205e-03
2.38132e-01	1.61125e-03
2.56450e-01	1.56749e-03
2.74768e-01	1.52766e-03
2.93086e-01	1.49844e-03
3.11404e-01	1.48793e-03
3.29722e-01	1.46592e-03
3.48039e-01	1.43657e-03
3.66357e-01	1.40498e-03
3.84675e-01	1.37423e-03
4.02993e-01	1.34482e-03
4.21311e-01	1.31717e-03
4.39629e-01	1.29110e-03
4.57947e-01	1.26640e-03
4.76265e-01	1.24297e-03
4.94582e-01	1.22075e-03
5.12900e-01	1.19965e-03
5.31218e-01	1.17954e-03
5.49536e-01	1.16031e-03
5.67854e-01	1.14190e-03
5.86172e-01	1.12439e-03
6.04490e-01	1.10775e-03
6.22807e-01	1.09190e-03
6.41125e-01	1.07673e-03
6.59443e-01	1.06216e-03
6.77761e-01	1.04813e-03
6.96079e-01	1.03448e-03
7.14397e-01	1.02117e-03
7.32715e-01	1.00816e-03
7.51033e-01	9.95438e-04
7.69350e-01	9.82978e-04
7.87668e-01	9.70795e-04
8.05986e-01	9.58878e-04
8.24304e-01	9.47209e-04
8.42622e-01	9.35780e-04
8.60940e-01	9.24568e-04
8.79258e-01	9.13555e-04
8.97576e-01	9.02735e-04
9.15893e-01	8.92080e-04
9.34211e-01	8.81624e-04
9.52529e-01	8.71307e-04
9.70847e-01	8.61170e-04
9.89165e-01	8.51325e-04
1.00748e+00	8.41284e-04
1.02580e+00	8.31541e-04
1.04412e+00	8.21874e-04
1.06244e+00	8.12370e-04
1.08075e+00	8.03013e-04
1.09907e+00	7.93801e-04
1.11739e+00	7.84717e-04
1.13571e+00	7.75757e-04
1.15403e+00	7.66933e-04
1.17234e+00	7.58242e-04
1.19066e+00	7.49701e-04
1.20898e+00	7.41337e-04
1.22730e+00	7.33097e-04
1.24561e+00	7.24993e-04
1.26393e+00	7.17014e-04
1.28225e+00	7.09155e-04
1.30057e+00	7.01416e-04
1.31889e+00	6.93800e-04
1.33720e+00	6.86315e-04
1.35552e+00	6.78986e-04
1.37384e+00	6.71823e-04
1.39216e+00	6.64830e-04
1.41048e+00	6.57976e-04
1.42879e+00	6.51235e-04
1.44711e+00	6.44644e-04
1.46543e+00	6.38204e-04
1.48375e+00	6.31905e-04
1.50207e+00	6.25907e-04
1.52038e+00	6.20068e-04
1.53870e+00	6.14298e-04
1.55702e+00	6.08622e-04
1.57534e+00	6.03045e-04
1.59365e+00	5.97565e-04
1.61197e+00	5.92199e-04
1.63029e+00	5.86959e-04
1.64861e+00	5.81826e-04
1.66693e+00	5.76884e-04
1.68524e+00	5.71927e-04
1.70356e+00	5.67163e-04
1.72188e+00	5.62496e-04
1.74020e+00	5.57895e-04
1.75852e+00	5.53433e-04
1.77683e+00	5.49075e-04
1.79515e+00	5.44824e-04
1.81347e+00	5.40676e-04
1.83179e+00	5.36632e-04
1.85010e+00	5.32685e-04
1.86842e+00	5.28835e-04
1.88674e+00	5.25077e-04
1.90506e+00	5.21414e-04
1.92338e+00	5.17838e-04
1.94169e+00	5.14367e-04
1.96001e+00	5.10899e-04
1.97833e+00	5.07664e-04
1.99665e+00	5.04448e-04
2.01497e+00	5.01255e-04
2.03328e+00	4.98318e-04
2.05160e+00	4.95381e-04
2.06992e+00	4.92528e-04
2.08824e+00	4.89749e-04
2.10655e+00	4.87041e-04
2.12487e+00	4.84403e-04
2.14319e+00	4.81833e-04
2.16151e+00	4.79330e-04
2.17983e+00	4.76893e-04
2.19814e+00	4.74520e-04
2.21646e+00	4.72210e-04
2.23478e+00	4.69961e-04
2.25310e+00	4.67773e-04
2.27142e+00	4.65644e-04
2.28973e+00	4.63573e-04
2.30805e+00	4.61558e-04
2.32637e+00	4.59599e-04
2.34469e+00	4.57693e-04
2.36300e+00	4.55846e-04
2.38132e+00	4.54049e-04
2.39964e+00	4.52305e-04
2.41796e+00	4.50609e-04
2.43628e+00	4.48973e-04
2.45459e+00	4.47348e-04
2.47291e+00	4.45827e-04
2.49123e+00	4.44351e-04
2.50955e+00	4.42896e-04
2.52787e+00	4.41506e-04
2.54618e+00	4.40191e-04
2.56450e+00	4.38903e-04
2.58282e+00	4.37660e-04
2.60114e+00	4.36460e-04
2.61946e+00	4.35300e-04
2.63777e+00	4.34185e-04
2.65609e+00	4.33105e-04
2.67441e+00	4.32065e-04
2.69273e+00	4.31064e-04
2.71104e+00	4.30099e-04
2.72936e+00	4.29178e-04
2.74768e+00	4.28292e-04
2.76600e+00	4.27442e-04
2.78432e+00	4.26628e-04
2.80263e+00	4.25850e-04
2.82095e+00	4.25105e-04
2.83927e+00	4.24396e-04
2.85759e+00	4.23718e-04
2.87591e+00	4.23074e-04
2.89422e+00	4.22463e-04
2.91254e+00	4.21883e-04
2.93086e+00	4.21334e-04
2.94918e+00	4.20808e-04
2.96749e+00	4.20343e-04
2.98581e+00	4.19863e-04
3.00413e+00	4.19416e-04
3.02245e+00	4.18999e-04
3.04077e+00	4.18625e-04
3.05908e+00	4.18253e-04
3.07740e+00	4.17918e-04
3.09572e+00	4.17608e-04
3.11404e+00	4.17327e-04
3.13236e+00	4.17070e-04
3.15067e+00	4.16839e-04
3.16899e+00	4.16634e-04
3.18731e+00	4.16451e-04
3.20563e+00	4.16299e-04
3.22394e+00	4.16169e-04
3.24226e+00	4.16063e-04
3.26058e+00	4.15981e-04
3.27890e+00	4.15921e-04
3.29722e+00	4.15885e-04
3.31553e+00	4.15870e-04
3.33385e+00	4.15879e-04
3.35217e+00	4.15908e-04
3.37049e+00	4.15960e-04
3.38881e+00	4.16032e-04
3.40712e+00	4.16126e-04
3.42544e+00	4.16239e-04
3.44376e+00	4.16373e-04
3.46208e+00	4.16527e-04
3.48039e+00	4.16701e-04
3.49871e+00	4.16894e-04
3.51703e+00	4.17106e-04
3.53535e+00	4.17338e-04
3.55367e+00	4.17587e-04
3.57198e+00	4.17855e-04
3.59030e+00	4.18143e-04
3.60862e+00	4.18448e-04
3.62694e+00	4.18770e-04
3.64526e+00	4.19111e-04
3.66357e+00	4.19466e-04
3.68189e+00	4.19839e-04
3.70021e+00	4.20228e-04
3.71853e+00	4.20633e-04
3.73684e+00	4.21054e-04
3.75516e+00	4.21491e-04
3.77348e+00	4.21944e-04
3.79180e+00	4.22412e-04
3.81012e+00	4.22895e-04
3.82843e+00	4.23391e-04
3.84675e+00	4.23903e-04
3.86507e+00	4.24429e-04
3.88339e+00	4.24968e-04
3.90171e+00	4.25523e-04
3.92002e+00	4.26092e-04
3.93834e+00	4.26682e-04
3.95666e+00	4.27394e-04
3.97498e+00	4.27580e-04
3.99330e+00	4.28754e-04
4.01161e+00	4.29554e-04
4.02993e+00	4.30428e-04
4.04825e+00	4.31284e-04
4.06657e+00	4.32129e-04
4.08488e+00	4.33134e-04
4.10320e+00	4.34085e-04
4.12152e+00	4.35057e-04
4.13984e+00	4.36041e-04
4.15816e+00	4.37036e-04
4.17647e+00	4.38041e-04
4.19479e+00	4.39058e-04
4.21311e+00	4.40087e-04
4.23143e+00	4.41125e-04
4.24975e+00	4.42176e-04
4.26806e+00	4.43238e-04
4.28638e+00	4.44310e-04
4.30470e+00	4.45392e-04
4.32302e+00	4.46484e-04
4.34133e+00	4.47586e-04
4.35965e+00	4.48697e-04
4.37797e+00	4.49818e-04
4.39629e+00	4.50947e-04
4.41461e+00	4.52085e-04
4.43292e+00	4.53231e-04
4.45124e+00	4.54385e-04
4.46956e+00	4.55547e-04
4.48788e+00	4.56717e-04
4.50620e+00	4.57895e-04
4.52451e+00	4.59080e-04
4.54283e+00	4.60270e-04
4.56115e+00	4.61468e-04
4.57947e+00	4.62672e-04
4.59778e+00	4.63882e-04
4.61610e+00	4.65100e-04
4.63442e+00	4.66322e-04
4.65274e+00	4.67550e-04
4.67106e+00	4.68783e-04
4.68937e+00	4.70023e-04
4.70769e+00	4.71264e-04
4.72601e+00	4.72515e-04
4.74433e+00	4.73770e-04
4.76265e+00	4.75029e-04
4.78096e+00	4.76292e-04
4.79928e+00	4.77559e-04
4.81760e+00	4.78831e-04
4.83592e+00	4.80101e-04
4.85423e+00	4.81377e-04
4.87255e+00	4.82655e-04
4.89087e+00	4.83947e-04
4.90919e+00	4.85200e-04
4.92751e+00	4.86516e-04
4.94582e+00	4.87826e-04
4.96414e+00	4.89134e-04
4.98246e+00	4.90449e-04
5.00078e+00	4.91776e-04
5.01910e+00	4.92999e-04
5.03741e+00	4.94450e-04
5.05573e+00	4.95809e-04
5.07405e+00	4.97179e-04
5.09237e+00	4.98548e-04
5.11069e+00	4.99916e-04
5.12900e+00	5.01283e-04
5.14732e+00	5.02655e-04
5.16564e+00	5.04023e-04
5.18396e+00	5.05390e-04
5.20227e+00	5.06755e-04
5.22059e+00	5.08122e-04
5.23891e+00	5.09482e-04
5.25723e+00	5.10839e-04
5.27555e+00	5.12194e-04
5.29386e+00	5.13547e-04
5.31218e+00	5.14897e-04
5.33050e+00	5.16242e-04
5.34882e+00	5.17586e-04
5.36714e+00	5.18927e-04
5.38545e+00	5.20263e-04
5.40377e+00	5.21595e-04
5.42209e+00	5.22922e-04
5.44041e+00	5.24246e-04
5.45872e+00	5.25563e-04
5.47704e+00	5.26873e-04
5.49536e+00	5.28179e-04
5.51368e+00	5.29478e-04
5.53200e+00	5.30772e-04
5.55031e+00	5.32059e-04
5.56863e+00	5.33339e-04
5.58695e+00	5.34616e-04
5.60527e+00	5.35884e-04
5.62359e+00	5.37144e-04
5.64190e+00	5.38397e-04
5.66022e+00	5.39642e-04
5.67854e+00	5.40881e-04
5.69686e+00	5.42105e-04
5.71517e+00	5.43323e-04
5.73349e+00	5.44532e-04
5.75181e+00	5.45731e-04
5.77013e+00	5.46923e-04
5.78845e+00	5.48099e-04
5.80676e+00	5.49274e-04
5.82508e+00	5.50437e-04
5.84340e+00	5.51588e-04
5.86172e+00	5.52729e-04
5.88004e+00	5.53852e-04
5.89835e+00	5.54984e-04
5.91667e+00	5.56096e-04
5.93499e+00	5.57143e-04
5.95331e+00	5.58204e-04
5.97162e+00	5.59250e-04
5.98994e+00	5.60284e-04
6.00826e+00	5.61273e-04
6.02658e+00	5.62378e-04
6.04490e+00	5.63271e-04
6.06321e+00	5.64193e-04
6.08153e+00	5.65110e-04
6.09985e+00	5.66012e-04
6.11817e+00	5.66901e-04
6.13649e+00	5.67776e-04
6.15480e+00	5.68634e-04
6.17312e+00	5.69484e-04
6.19144e+00	5.70316e-04
6.20976e+00	5.71134e-04
6.22807e+00	5.71936e-04
6.24639e+00	5.72723e-04
6.26471e+00	5.73495e-04
6.28303e+00	5.74252e-04
6.30135e+00	5.74988e-04
6.31966e+00	5.75711e-04
6.33798e+00	5.76416e-04
6.35630e+00	5.77105e-04
6.37462e+00	5.77776e-04
6.39294e+00	5.78431e-04
6.41125e+00	5.79069e-04
6.42957e+00	5.79687e-04
6.44789e+00	5.80288e-04
6.46621e+00	5.80871e-04
6.48453e+00	5.81436e-04
6.50284e+00	5.81984e-04
6.52116e+00	5.82511e-04
6.53948e+00	5.83018e-04
6.55780e+00	5.83516e-04
6.57611e+00	5.83990e-04
6.59443e+00	5.84446e-04
6.61275e+00	5.84882e-04
6.63107e+00	5.85297e-04
6.64939e+00	5.85693e-04
6.66770e+00	5.86072e-04
6.68602e+00	5.86422e-04
6.70434e+00	5.86756e-04
6.72266e+00	5.87068e-04
6.74098e+00	5.87359e-04
6.75929e+00	5.87629e-04
6.77761e+00	5.87877e-04
6.79593e+00	5.88109e-04
6.81425e+00	5.88310e-04
6.83256e+00	5.88493e-04
6.85088e+00	5.88653e-04
6.86920e+00	5.88791e-04
6.88752e+00	5.88907e-04
6.90584e+00	5.88960e-04
6.92415e+00	5.89112e-04
6.94247e+00	5.89160e-04
6.96079e+00	5.88957e-04
6.97911e+00	5.88852e-04
6.99743e+00	5.88712e-04
7.01574e+00	5.88552e-04
7.03406e+00	5.88371e-04
7.05238e+00	5.88106e-04
7.07070e+00	5.88069e-04
7.08901e+00	5.87609e-04
7.10733e+00	5.87250e-04
7.12565e+00	5.86869e-04
7.14397e+00	5.86467e-04
7.16229e+00	5.86044e-04
7.18060e+00	5.85600e-04
7.19892e+00	5.85135e-04
7.21724e+00	5.84649e-04
7.23556e+00	5.84141e-04
7.25388e+00	5.83613e-04
7.27219e+00	5.83063e-04
7.29051e+00	5.82491e-04
7.30883e+00	5.81898e-04
7.32715e+00	5.81284e-04
7.34546e+00	5.80648e-04
7.36378e+00	5.79990e-04
7.38210e+00	5.79313e-04
7.40042e+00	5.78613e-04
7.41874e+00	5.77891e-04
7.43705e+00	5.77148e-04
7.45537e+00	5.76383e-04
7.47369e+00	5.75596e-04
7.49201e+00	5.74787e-04
7.51033e+00	5.73957e-04
7.52864e+00	5.73105e-04
7.54696e+00	5.72230e-04
7.56528e+00	5.71334e-04
7.58360e+00	5.70417e-04
7.60191e+00	5.69477e-04
7.62023e+00	5.68515e-04
7.63855e+00	5.67532e-04
7.65687e+00	5.66526e-04
7.67519e+00	5.65500e-04
7.69350e+00	5.64452e-04
7.71182e+00	5.63381e-04
7.73014e+00	5.62289e-04
7.74846e+00	5.61175e-04
7.76678e+00	5.60040e-04
7.78509e+00	5.58882e-04
7.80341e+00	5.57703e-04
7.82173e+00	5.56503e-04
7.84005e+00	5.55280e-04
7.85837e+00	5.54037e-04
7.87668e+00	5.52771e-04
7.89500e+00	5.51484e-04
7.91332e+00	5.50176e-04
7.93164e+00	5.48847e-04
7.94995e+00	5.47496e-04
7.96827e+00	5.46124e-04
7.98659e+00	5.44730e-04
8.00491e+00	5.43316e-04
8.02323e+00	5.41881e-04
8.04154e+00	5.40425e-04
8.05986e+00	5.38947e-04
8.07818e+00	5.37449e-04
8.09650e+00	5.35931e-04
8.11482e+00	5.34392e-04
8.13313e+00	5.32832e-04
8.15145e+00	5.31252e-04
8.16977e+00	5.29651e-04
8.18809e+00	5.28030e-04
8.20640e+00	5.26390e-04
8.22472e+00	5.24729e-04
8.24304e+00	5.23048e-04
8.26136e+00	5.21347e-04
8.27968e+00	5.19627e-04
8.29799e+00	5.17888e-04
8.31631e+00	5.16130e-04
8.33463e+00	5.14352e-04
8.35295e+00	5.12555e-04
8.37127e+00	5.10738e-04
8.38958e+00	5.08903e-04
8.40790e+00	5.07050e-04
8.42622e+00	5.05177e-04
8.44454e+00	5.03286e-04
8.46285e+00	5.01377e-04
8.48117e+00	4.99450e-04
8.49949e+00	4.97505e-04
8.51781e+00	4.95542e-04
8.53613e+00	4.93561e-04
8.55444e+00	4.91563e-04
8.57276e+00	4.89548e-04
8.59108e+00	4.87516e-04
8.60940e+00	4.85465e-04
8.62772e+00	4.83399e-04
8.64603e+00	4.81315e-04
8.66435e+00	4.79216e-04
8.68267e+00	4.77100e-04
8.70099e+00	4.74968e-04
8.71930e+00	4.72820e-04
8.73762e+00	4.70657e-04
8.75594e+00	4.68478e-04
8.77426e+00	4.66284e-04
8.79258e+00	4.64074e-04
8.81089e+00	4.61850e-04
8.82921e+00	4.59612e-04
8.84753e+00	4.57359e-04
8.86585e+00	4.55092e-04
8.88417e+00	4.52810e-04
8.90248e+00	4.50507e-04
8.92080e+00	4.48207e-04
8.93912e+00	4.45910e-04
8.95744e+00	4.43500e-04
8.97576e+00	4.41124e-04
8.99407e+00	4.38732e-04
9.01239e+00	4.36328e-04
9.03071e+00	4.33914e-04
9.04903e+00	4.31489e-04
9.06734e+00	4.29054e-04
9.08566e+00	4.26608e-04
9.10398e+00	4.24152e-04
9.12230e+00	4.21687e-04
9.14062e+00	4.19211e-04
9.15893e+00	4.16727e-04
9.17725e+00	4.14233e-04
9.19557e+00	4.11731e-04
9.21389e+00	4.09220e-04
9.23221e+00	4.06700e-04
9.25052e+00	4.04172e-04
9.26884e+00	4.01637e-04
9.28716e+00	3.99100e-04
9.30548e+00	3.96537e-04
9.32379e+00	3.93975e-04
9.34211e+00	3.91406e-04
9.36043e+00	3.88830e-04
9.37875e+00	3.86248e-04
9.39707e+00	3.83661e-04
9.41538e+00	3.81067e-04
9.43370e+00	3.78469e-04
9.45202e+00	3.75865e-04
9.47034e+00	3.73256e-04
9.48866e+00	3.70643e-04
9.50697e+00	3.68025e-04
9.52529e+00	3.65404e-04
9.54361e+00	3.62778e-04
9.56193e+00	3.60149e-04
9.58024e+00	3.57516e-04
9.59856e+00	3.54881e-04
9.61688e+00	3.52235e-04
9.63520e+00	3.49610e-04
9.65352e+00	3.46963e-04
9.67183e+00	3.44283e-04
9.69015e+00	3.41619e-04
9.70847e+00	3.38953e-04
9.72679e+00	3.36287e-04
9.74511e+00	3.33621e-04
9.76342e+00	3.30955e-04
9.78174e+00	3.28290e-04
9.80006e+00	3.25625e-04
9.81838e+00	3.22961e-04
9.83669e+00	3.20298e-04
9.85501e+00	3.17636e-04
9.87333e+00	3.14976e-04
9.89165e+00	3.12318e-04
9.90997e+00	3.09662e-04
9.92828e+00	3.07008e-04
9.94660e+00	3.04357e-04
9.96492e+00	3.01708e-04
9.98324e+00	2.99054e-04
1.00016e+01	2.96313e-04
1.00199e+01	2.94046e-04
1.00382e+01	2.90921e-04
1.00565e+01	2.88158e-04
1.00748e+01	2.85368e-04
1.00931e+01	2.82598e-04
1.01115e+01	2.79841e-04
1.01298e+01	2.77099e-04
1.01481e+01	2.74370e-04
1.01664e+01	2.71656e-04
1.01847e+01	2.68956e-04
1.02031e+01	2.66271e-04
1.02214e+01	2.63600e-04
1.02397e+01	2.60944e-04
1.02580e+01	2.58302e-04
1.02763e+01	2.55675e-04
1.02946e+01	2.53062e-04
1.03130e+01	2.50464e-04
1.03313e+01	2.47881e-04
1.03496e+01	2.45313e-04
1.03679e+01	2.42759e-04
1.03862e+01	2.40221e-04
1.04045e+01	2.37697e-04
1.04229e+01	2.35188e-04
1.04412e+01	2.32695e-04
1.04595e+01	2.30216e-04
1.04778e+01	2.27753e-04
1.04961e+01	2.25304e-04
1.05145e+01	2.22871e-04
1.05328e+01	2.20453e-04
1.05511e+01	2.18050e-04
1.05694e+01	2.15656e-04
1.05877e+01	2.13231e-04
1.06060e+01	2.11082e-04
1.06244e+01	2.08462e-04
1.06427e+01	2.06063e-04
1.06610e+01	2.03663e-04
1.06793e+01	2.01288e-04
1.06976e+01	1.98935e-04
1.07160e+01	1.96604e-04
1.07343e+01	1.94295e-04
1.07526e+01	1.92007e-04
1.07709e+01	1.89740e-04
1.07892e+01	1.87495e-04
1.08075e+01	1.85271e-04
1.08259e+01	1.83067e-04
1.08442e+01	1.80885e-04
1.08625e+01	1.78723e-04
1.08808e+01	1.76582e-04
1.08991e+01	1.74461e-04
1.09174e+01	1.72361e-04
1.09358e+01	1.70280e-04
1.09541e+01	1.68220e-04
1.09724e+01	1.66179e-04
1.09907e+01	1.64158e-04
1.10090e+01	1.62157e-04
1.10274e+01	1.60175e-04
1.10457e+01	1.58212e-04
1.10640e+01	1.56269e-04
1.10823e+01	1.54344e-04
1.11006e+01	1.52438e-04
1.11189e+01	1.50551e-04
1.11373e+01	1.48683e-04
1.11556e+01	1.46833e-04
1.11739e+01	1.45002e-04
1.11922e+01	1.43188e-04
1.12105e+01	1.41393e-04
1.12289e+01	1.39615e-04
1.12472e+01	1.37856e-04
1.12655e+01	1.36114e-04
1.12838e+01	1.34389e-04
1.13021e+01	1.32682e-04
1.13204e+01	1.30992e-04
1.13388e+01	1.29319e-04
1.13571e+01	1.27663e-04
1.13754e+01	1.26024e-04
1.13937e+01	1.24402e-04
1.14120e+01	1.22796e-04
1.14303e+01	1.21207e-04
1.14487e+01	1.19634e-04
1.14670e+01	1.18077e-04
1.14853e+01	1.16537e-04
1.15036e+01	1.15012e-04
1.15219e+01	1.13502e-04
1.15403e+01	1.12007e-04
1.15586e+01	1.10499e-04
1.15769e+01	1.08713e-04
1.15952e+01	1.06682e-04
1.16135e+01	1.04414e-04
1.16318e+01	1.01901e-04
1.16502e+01	9.87492e-05
1.16685e+01	9.50933e-05
1.16868e+01	9.15337e-05
1.17051e+01	8.82215e-05
1.17234e+01	8.52054e-05
1.17418e+01	8.24101e-05
1.17601e+01	7.96657e-05
1.17784e+01	7.68669e-05
1.17967e+01	7.40920e-05
1.18150e+01	7.13617e-05
1.18333e+01	6.85439e-05
1.18517e+01	6.48696e-05
1.18700e+01	6.13250e-05
1.18883e+01	5.83236e-05
1.19066e+01	5.56966e-05
1.19249e+01	5.32910e-05
1.19432e+01	5.10571e-05
1.19616e+01	4.89529e-05
1.19799e+01	4.69480e-05
1.19982e+01	4.50304e-05
1.20165e+01	4.31867e-05
1.20348e+01	4.14080e-05
1.20532e+01	3.96910e-05
1.20715e+01	3.80340e-05
1.20898e+01	3.64357e-05
1.21081e+01	3.48913e-05
1.21264e+01	3.33952e-05
1.21447e+01	3.19429e-05
1.21631e+01	3.05347e-05
1.21814e+01	2.91711e-05
1.21997e+01	2.78521e-05
1.22180e+01	2.65693e-05
1.22363e+01	2.53207e-05
1.22547e+01	2.41058e-05
1.22730e+01	2.29253e-05
1.22913e+01	2.17809e-05
1.23096e+01	2.06731e-05
1.23279e+01	1.96082e-05
1.23462e+01	1.85861e-05
1.23646e+01	1.76061e-05
1.23829e+01	1.66672e-05
1.24012e+01	1.57689e-05
1.24195e+01	1.49067e-05
1.24378e+01	1.40800e-05
1.24561e+01	1.32875e-05
1.24745e+01	1.25286e-05
1.24928e+01	1.18027e-05
1.25111e+01	1.11092e-05
1.25294e+01	1.04469e-05
1.25477e+01	9.81625e-06
1.25661e+01	9.21527e-06
1.25844e+01	8.64141e-06
1.26027e+01	8.09758e-06
1.26210e+01	7.58227e-06
1.26393e+01	7.09542e-06
1.26576e+01	6.63586e-06
1.26760e+01	6.20226e-06
1.26943e+01	5.79336e-06
1.27126e+01	5.40917e-06
1.27309e+01	5.04848e-06
1.27492e+01	4.71051e-06
1.27676e+01	4.39393e-06
1.27859e+01	4.09742e-06
1.28042e+01	3.81988e-06
1.28225e+01	3.56161e-06
1.28408e+01	3.32187e-06
1.28591e+01	3.10105e-06
1.28775e+01	2.89867e-06
1.28958e+01	2.71213e-06
1.29141e+01	2.53768e-06
1.29324e+01	2.36981e-06
1.29507e+01	2.21769e-06
1.29691e+01	2.08138e-06
1.29874e+01	1.95259e-06
1.30057e+01	1.82912e-06
1.30240e+01	1.69598e-06
1.30423e+01	1.55162e-06
1.30606e+01	1.41098e-06
1.30790e+01	1.29298e-06
1.30973e+01	1.19372e-06
1.31156e+01	1.11019e-06
1.31339e+01	1.03900e-06
1.31522e+01	9.73442e-07
1.31705e+01	9.09928e-07
1.31889e+01	8.46640e-07
1.32072e+01	7.84789e-07
1.32255e+01	7.29385e-07
1.32438e+01	6.80624e-07
1.32621e+01	6.36726e-07
1.32805e+01	5.96540e-07
1.32988e+01	5.60071e-07
1.33171e+01	5.26583e-07
1.33354e+01	4.95631e-07
1.33537e+01	4.66765e-07
1.33720e+01	4.39639e-07
1.33904e+01	4.13876e-07
1.34087e+01	3.89338e-07
1.34270e+01	3.65915e-07
1.34453e+01	3.43360e-07
1.34636e+01	3.21532e-07
1.34820e+01	3.00630e-07
1.35003e+01	2.81096e-07
1.35186e+01	2.62863e-07
1.35369e+01	2.45680e-07
1.35552e+01	2.29474e-07
1.35735e+01	2.14201e-07
1.35919e+01	1.99817e-07
1.36102e+01	1.86281e-07
1.36285e+01	1.73572e-07
1.36468e+01	1.61641e-07
1.36651e+01	1.50451e-07
1.36834e+01	1.39964e-07
1.37018e+01	1.30139e-07
1.37201e+01	1.20943e-07
1.37384e+01	1.12341e-07
1.37567e+01	1.04299e-07
1.37750e+01	9.67860e-08
1.37934e+01	8.97731e-08
1.38117e+01	8.32270e-08
1.38300e+01	7.71185e-08
1.38483e+01	7.14230e-08
1.38666e+01	6.61132e-08
1.38849e+01	6.11560e-08
1.39033e+01	5.65281e-08
1.39216e+01	5.22080e-08
1.39399e+01	4.81769e-08
1.39582e+01	4.44195e-08
1.39765e+01	4.09232e-08
1.39949e+01	3.76710e-08
1.40132e+01	3.46451e-08
1.40315e+01	3.18359e-08
1.40498e+01	2.92317e-08
1.40681e+01	2.68199e-08
1.40864e+01	2.45875e-08
1.41048e+01	2.25223e-08
1.41231e+01	2.06138e-08
1.41414e+01	1.88520e-08
1.41597e+01	1.72273e-08
1.41780e+01	1.57305e-08
1.41963e+01	1.43527e-08
1.42147e+01	1.30859e-08
1.42330e+01	1.19218e-08
1.42513e+01	1.08524e-08
1.42696e+01	9.87060e-09
1.42879e+01	8.97008e-09
1.43063e+01	8.14488e-09
1.43246e+01	7.38957e-09
1.43429e+01	6.69888e-09
1.43612e+01	6.06790e-09
1.43795e+01	5.49198e-09
1.43978e+01	4.96684e-09
1.44162e+01	4.48842e-09
1.44345e+01	4.05295e-09
1.44528e+01	3.65692e-09
1.44711e+01	3.29710e-09
1.44894e+01	2.97049e-09
1.45078e+01	2.67425e-09
1.45261e+01	2.40578e-09
1.45444e+01	2.16269e-09
1.45627e+01	1.94278e-09
1.45810e+01	1.74398e-09
1.45993e+01	1.56444e-09
1.46177e+01	1.40240e-09
1.46360e+01	1.25627e-09
1.46543e+01	1.12461e-09
1.46726e+01	1.00605e-09
1.46909e+01	8.99385e-10
1.47092e+01	8.03493e-10
1.47276e+01	7.17352e-10
1.47459e+01	6.40026e-10
1.47642e+01	5.70662e-10
1.47825e+01	5.08486e-10
1.48008e+01	4.52791e-10
1.48192e+01	4.02936e-10
1.48375e+01	3.58340e-10
1.48558e+01	3.18475e-10
1.48741e+01	2.82864e-10
1.48924e+01	2.51075e-10
1.49107e+01	2.22716e-10
1.49291e+01	1.97432e-10
1.49474e+01	1.74904e-10
1.49657e+01	1.54845e-10
1.49840e+01	1.36998e-10
1.50023e+01	1.21135e-10
1.50207e+01	1.07050e-10
1.50390e+01	9.45605e-11
1.50573e+01	8.34917e-11
1.50756e+01	7.36884e-11
1.50939e+01	6.50098e-11
1.51122e+01	5.73304e-11
1.51306e+01	5.05379e-11
1.51489e+01	4.45324e-11
1.51672e+01	3.92249e-11
1.51855e+01	3.45364e-11
1.52038e+01	3.03963e-11
1.52221e+01	2.67420e-11
1.52405e+01	2.35180e-11
1.52588e+01	2.06747e-11
1.52771e+01	1.81681e-11
1.52954e+01	1.59593e-11
1.53137e+01	1.40138e-11
1.53321e+01	1.23007e-11
1.53504e+01	1.07930e-11
1.53687e+01	9.46649e-12
1.53870e+01	8.29991e-12
1.54053e+01	7.27439e-12
1.54236e+01	6.37323e-12
1.54420e+01	5.58167e-12
1.54603e+01	4.88664e-12
1.54786e+01	4.27660e-12
1.54969e+01	3.74138e-12
1.55152e+01	3.27198e-12
1.55336e+01	2.86046e-12
1.55519e+01	2.49982e-12
1.55702e+01	2.18389e-12
1.55885e+01	1.90724e-12
1.56068e+01	1.66509e-12
1.56251e+01	1.45320e-12
1.56435e+01	1.26788e-12
1.56618e+01	1.10585e-12
1.56801e+01	9.64256e-13
1.56984e+01	8.40564e-13
1.57167e+01	7.32560e-13
1.57350e+01	6.38299e-13
1.57534e+01	5.56073e-13
1.57717e+01	4.84337e-13
1.57900e+01	4.21564e-13
1.58083e+01	3.66679e-13
1.58266e+01	3.18723e-13
1.58450e+01	2.76852e-13
1.58633e+01	2.40322e-13
1.58816e+01	2.08473e-13
1.58999e+01	1.80723e-13
1.59182e+01	1.56563e-13
1.59365e+01	1.35544e-13
1.59549e+01	1.17266e-13
1.59732e+01	1.01384e-13
1.59915e+01	8.75959e-14
1.60098e+01	7.56362e-14
1.60281e+01	6.52731e-14
1.60465e+01	5.63001e-14
1.60648e+01	4.85356e-14
1.60831e+01	4.18218e-14
1.61014e+01	3.60190e-14
1.61197e+01	3.10062e-14
1.61380e+01	2.66779e-14
1.61564e+01	2.29428e-14
1.61747e+01	1.97212e-14
1.61930e+01	1.69439e-14
1.62113e+01	1.45509e-14
1.62296e+01	1.24900e-14
1.62479e+01	1.07159e-14
1.62663e+01	9.18952e-15
1.62846e+01	7.87691e-15
1.63029e+01	6.74875e-15
1.63212e+01	5.77948e-15
1.63395e+01	4.94713e-15
1.63579e+01	4.23278e-15
1.63762e+01	3.61993e-15
1.63945e+01	3.09440e-15
1.64128e+01	2.64404e-15
1.64311e+01	2.25821e-15
1.64494e+01	1.92783e-15
1.64678e+01	1.64509e-15
1.64861e+01	1.40322e-15
1.65044e+01	1.19639e-15
1.65227e+01	1.01960e-15
1.65410e+01	8.68545e-16
1.65594e+01	7.39524e-16
1.65777e+01	6.29384e-16
1.65960e+01	5.35414e-16
1.66143e+01	4.55272e-16
1.66326e+01	3.86955e-16
1.66509e+01	3.28742e-16
1.66693e+01	2.79163e-16
1.66876e+01	2.36957e-16
1.67059e+01	2.01046e-16
1.67242e+01	1.70504e-16
1.67425e+01	1.44539e-16
1.67608e+01	1.22476e-16
1.67792e+01	1.03737e-16
1.67975e+01	8.78280e-17
1.68158e+01	7.43272e-17
1.68341e+01	6.28750e-17
1.68524e+01	5.31651e-17
1.68708e+01	4.49360e-17
1.68891e+01	3.79651e-17
1.69074e+01	3.20625e-17
1.69257e+01	2.70664e-17
1.69440e+01	2.28392e-17
1.69623e+01	1.92644e-17
1.69807e+01	1.62424e-17
1.69990e+01	1.36890e-17
1.70173e+01	1.15325e-17
1.70356e+01	9.71199e-18
1.70539e+01	8.17582e-18
1.70723e+01	6.88013e-18
1.70906e+01	5.78772e-18
1.71089e+01	4.86704e-18
1.71272e+01	4.09139e-18
1.71455e+01	3.43816e-18
1.71638e+01	2.88821e-18
1.71822e+01	2.42537e-18
1.72005e+01	2.03599e-18
1.72188e+01	1.70854e-18
1.72371e+01	1.43327e-18
1.72554e+01	1.20193e-18
1.72737e+01	1.00760e-18
1.72921e+01	8.44410e-19
1.73104e+01	7.07415e-19
1.73287e+01	5.92447e-19
1.73470e+01	4.95998e-19
1.73653e+01	4.15113e-19
1.73837e+01	3.47305e-19
1.74020e+01	2.90478e-19
1.74203e+01	2.42871e-19
1.74386e+01	2.03002e-19
1.74569e+01	1.69622e-19
1.74752e+01	1.41686e-19
1.74936e+01	1.18313e-19
1.75119e+01	9.87637e-20
1.75302e+01	8.24190e-20
1.75485e+01	6.87573e-20
1.75668e+01	5.73414e-20
1.75852e+01	4.78055e-20
1.76035e+01	3.98426e-20
1.76218e+01	3.31955e-20
1.76401e+01	2.76486e-20
1.76584e+01	2.30213e-20
1.76767e+01	1.91624e-20
1.76951e+01	1.59454e-20
1.77134e+01	1.32643e-20
1.77317e+01	1.10307e-20
1.77500e+01	9.17037e-21
1.77683e+01	7.62148e-21
1.77866e+01	6.33228e-21
1.78050e+01	5.25955e-21
1.78233e+01	4.36714e-21
1.78416e+01	3.62510e-21
1.78599e+01	3.00822e-21
1.78782e+01	2.49556e-21
1.78966e+01	2.06967e-21
1.79149e+01	1.71595e-21
1.79332e+01	1.42228e-21
1.79515e+01	1.17854e-21
1.79698e+01	9.76334e-22
1.79881e+01	8.08653e-22
1.80065e+01	6.69666e-22
1.80248e+01	5.54519e-22
1.80431e+01	4.59174e-22
1.80614e+01	3.80273e-22
1.80797e+01	3.15031e-22
1.80981e+01	2.61132e-22
1.81164e+01	2.16660e-22
1.81347e+01	1.80029e-22
1.81530e+01	1.49925e-22
1.81713e+01	1.25272e-22
1.81896e+01	1.05176e-22
1.82080e+01	8.89137e-23
1.82263e+01	7.58938e-23
1.82446e+01	6.56422e-23
1.82629e+01	5.77828e-23
1.82812e+01	5.20214e-23
1.82995e+01	4.81893e-23
1.83179e+01	4.56770e-23
