# The ell = 1 distribution, the first anisotropy.
# E_N [Td]	1.50000e+01
# col_1: Electron Energy [eV], col_2: f1 [eV^(-3/2)]
eV	f1
2.23760e-02	1.73711e-03
4.47520e-02	2.85374e-03
6.71279e-02	3.56935e-03
8.95039e-02	3.97913e-03
1.11880e-01	4.15188e-03
1.34256e-01	4.17384e-03
1.56632e-01	4.14064e-03
1.79008e-01	4.07728e-03
2.01384e-01	4.02086e-03
2.23760e-01	3.97856e-03
2.46136e-01	3.93432e-03
2.68512e-01	3.88061e-03
2.90888e-01	3.85618e-03
3.13264e-01	3.87083e-03
3.35640e-01	3.83133e-03
3.58016e-01	3.77388e-03
3.80392e-01	3.71823e-03
4.02768e-01	3.66641e-03
4.25144e-01	3.62078e-03
4.47520e-01	3.58046e-03
4.69896e-01	3.54461e-03
4.92272e-01	3.51283e-03
5.14648e-01	3.48487e-03
5.37024e-01	3.46042e-03
5.59399e-01	3.43934e-03
5.81775e-01	3.42138e-03
6.04151e-01	3.40652e-03
6.26527e-01	3.39489e-03
6.48903e-01	3.38616e-03
6.71279e-01	3.37998e-03
6.93655e-01	3.37605e-03
7.16031e-01	3.37330e-03
7.38407e-01	3.37104e-03
7.60783e-01	3.36913e-03
7.83159e-01	3.36736e-03
8.05535e-01	3.36583e-03
8.27911e-01	3.36457e-03
8.50287e-01	3.36353e-03
8.72663e-01	3.36253e-03
8.95039e-01	3.36135e-03
9.17415e-01	3.35987e-03
9.39791e-01	3.35808e-03
9.62167e-01	3.35588e-03
9.84543e-01	3.35325e-03
1.00692e+00	3.34973e-03
1.02930e+00	3.34546e-03
1.05167e+00	3.34025e-03
1.07405e+00	3.33431e-03
1.09642e+00	3.32781e-03
1.11880e+00	3.32005e-03
1.14117e+00	3.31083e-03
1.16355e+00	3.30041e-03
1.18593e+00	3.28943e-03
1.20830e+00	3.27889e-03
1.23068e+00	3.26762e-03
1.25305e+00	3.25498e-03
1.27543e+00	3.23997e-03
1.29781e+00	3.22307e-03
1.32018e+00	3.20498e-03
1.34256e+00	3.18575e-03
1.36493e+00	3.16634e-03
1.38731e+00	3.14641e-03
1.40969e+00	3.12563e-03
1.43206e+00	3.10436e-03
1.45444e+00	3.08273e-03
1.47681e+00	3.06286e-03
1.49919e+00	3.04591e-03
1.52157e+00	3.02809e-03
1.54394e+00	3.00743e-03
1.56632e+00	2.98472e-03
1.58869e+00	2.96057e-03
1.61107e+00	2.93610e-03
1.63345e+00	2.91149e-03
1.65582e+00	2.88651e-03
1.67820e+00	2.86125e-03
1.70057e+00	2.83619e-03
1.72295e+00	2.81158e-03
1.74533e+00	2.78738e-03
1.76770e+00	2.76364e-03
1.79008e+00	2.74031e-03
1.81245e+00	2.71739e-03
1.83483e+00	2.69487e-03
1.85721e+00	2.67275e-03
1.87958e+00	2.65103e-03
1.90196e+00	2.62978e-03
1.92433e+00	2.60895e-03
1.94671e+00	2.58837e-03
1.96909e+00	2.56801e-03
1.99146e+00	2.54789e-03
2.01384e+00	2.52802e-03
2.03621e+00	2.50848e-03
2.05859e+00	2.48916e-03
2.08097e+00	2.47010e-03
2.10334e+00	2.45129e-03
2.12572e+00	2.43272e-03
2.14809e+00	2.41437e-03
2.17047e+00	2.39626e-03
2.19285e+00	2.37836e-03
2.21522e+00	2.36068e-03
2.23760e+00	2.34321e-03
2.25997e+00	2.32596e-03
2.28235e+00	2.30892e-03
2.30473e+00	2.29208e-03
2.32710e+00	2.27544e-03
2.34948e+00	2.25901e-03
2.37185e+00	2.24276e-03
2.39423e+00	2.22671e-03
2.41661e+00	2.21084e-03
2.43898e+00	2.19515e-03
2.46136e+00	2.17963e-03
2.48373e+00	2.16430e-03
2.50611e+00	2.14911e-03
2.52849e+00	2.13409e-03
2.55086e+00	2.11923e-03
2.57324e+00	2.10451e-03
2.59561e+00	2.08995e-03
2.61799e+00	2.07554e-03
2.64037e+00	2.06129e-03
2.66274e+00	2.04718e-03
2.68512e+00	2.03322e-03
2.70749e+00	2.01941e-03
2.72987e+00	2.00575e-03
2.75225e+00	1.99224e-03
2.77462e+00	1.97888e-03
2.79700e+00	1.96566e-03
2.81937e+00	1.95259e-03
2.84175e+00	1.93966e-03
2.86413e+00	1.92688e-03
2.88650e+00	1.91424e-03
2.90888e+00	1.90174e-03
2.93125e+00	1.88938e-03
2.95363e+00	1.87717e-03
2.97601e+00	1.86509e-03
2.99838e+00	1.85314e-03
3.02076e+00	1.84134e-03
3.04313e+00	1.82967e-03
3.06551e+00	1.81813e-03
3.08789e+00	1.80673e-03
3.11026e+00	1.79547e-03
3.13264e+00	1.78433e-03
3.15501e+00	1.77333e-03
3.17739e+00	1.76245e-03
3.19977e+00	1.75171e-03
3.22214e+00	1.74110e-03
3.24452e+00	1.73061e-03
3.26689e+00	1.72025e-03
3.28927e+00	1.71001e-03
3.31164e+00	1.69989e-03
3.33402e+00	1.68990e-03
3.35640e+00	1.68002e-03
3.37877e+00	1.67027e-03
3.40115e+00	1.66063e-03
3.42352e+00	1.65111e-03
3.44590e+00	1.64171e-03
3.46828e+00	1.63241e-03
3.49065e+00	1.62323e-03
3.51303e+00	1.61417e-03
3.53540e+00	1.60521e-03
3.55778e+00	1.59636e-03
3.58016e+00	1.58761e-03
3.60253e+00	1.57898e-03
3.62491e+00	1.57045e-03
3.64728e+00	1.56202e-03
3.66966e+00	1.55369e-03
3.69204e+00	1.54546e-03
3.71441e+00	1.53734e-03
3.73679e+00	1.52931e-03
3.75916e+00	1.52137e-03
3.78154e+00	1.51354e-03
3.80392e+00	1.50580e-03
3.82629e+00	1.49815e-03
3.84867e+00	1.49059e-03
3.87104e+00	1.48312e-03
3.89342e+00	1.47574e-03
3.91580e+00	1.46846e-03
3.93817e+00	1.46128e-03
3.96055e+00	1.45411e-03
3.98292e+00	1.44709e-03
4.00530e+00	1.44030e-03
4.02768e+00	1.43352e-03
4.05005e+00	1.42681e-03
4.07243e+00	1.42021e-03
4.09480e+00	1.41370e-03
4.11718e+00	1.40727e-03
4.13956e+00	1.40091e-03
4.16193e+00	1.39463e-03
4.18431e+00	1.38842e-03
4.20668e+00	1.38228e-03
4.22906e+00	1.37622e-03
4.25144e+00	1.37023e-03
4.27381e+00	1.36431e-03
4.29619e+00	1.35846e-03
4.31856e+00	1.35267e-03
4.34094e+00	1.34696e-03
4.36332e+00	1.34131e-03
4.38569e+00	1.33572e-03
4.40807e+00	1.33020e-03
4.43044e+00	1.32475e-03
4.45282e+00	1.31935e-03
4.47520e+00	1.31402e-03
4.49757e+00	1.30875e-03
4.51995e+00	1.30353e-03
4.54232e+00	1.29838e-03
4.56470e+00	1.29328e-03
4.58708e+00	1.28825e-03
4.60945e+00	1.28326e-03
4.63183e+00	1.27834e-03
4.65420e+00	1.27346e-03
4.67658e+00	1.26865e-03
4.69896e+00	1.26388e-03
4.72133e+00	1.25917e-03
4.74371e+00	1.25451e-03
4.76608e+00	1.24990e-03
4.78846e+00	1.24534e-03
4.81084e+00	1.24083e-03
4.83321e+00	1.23636e-03
4.85559e+00	1.23195e-03
4.87796e+00	1.22758e-03
4.90034e+00	1.22325e-03
4.92272e+00	1.21898e-03
4.94509e+00	1.21476e-03
4.96747e+00	1.21058e-03
4.98984e+00	1.20646e-03
5.01222e+00	1.20233e-03
5.03460e+00	1.19833e-03
5.05697e+00	1.19434e-03
5.07935e+00	1.19040e-03
5.10172e+00	1.18650e-03
5.12410e+00	1.18263e-03
5.14648e+00	1.17881e-03
5.16885e+00	1.17503e-03
5.19123e+00	1.17129e-03
5.21360e+00	1.16758e-03
5.23598e+00	1.16391e-03
5.25836e+00	1.16027e-03
5.28073e+00	1.15667e-03
5.30311e+00	1.15311e-03
5.32548e+00	1.14958e-03
5.34786e+00	1.14609e-03
5.37024e+00	1.14263e-03
5.39261e+00	1.13920e-03
5.41499e+00	1.13581e-03
5.43736e+00	1.13245e-03
5.45974e+00	1.12912e-03
5.48211e+00	1.12582e-03
5.50449e+00	1.12255e-03
5.52687e+00	1.11932e-03
5.54924e+00	1.11611e-03
5.57162e+00	1.11293e-03
5.59399e+00	1.10978e-03
5.61637e+00	1.10666e-03
5.63875e+00	1.10357e-03
5.66112e+00	1.10051e-03
5.68350e+00	1.09747e-03
5.70587e+00	1.09446e-03
5.72825e+00	1.09148e-03
5.75063e+00	1.08852e-03
5.77300e+00	1.08559e-03
5.79538e+00	1.08268e-03
5.81775e+00	1.07980e-03
5.84013e+00	1.07694e-03
5.86251e+00	1.07411e-03
5.88488e+00	1.07130e-03
5.90726e+00	1.06853e-03
5.92963e+00	1.06574e-03
5.95201e+00	1.06299e-03
5.97439e+00	1.06026e-03
5.99676e+00	1.05754e-03
6.01914e+00	1.05488e-03
6.04151e+00	1.05220e-03
6.06389e+00	1.04952e-03
6.08627e+00	1.04687e-03
6.10864e+00	1.04425e-03
6.13102e+00	1.04164e-03
6.15339e+00	1.03905e-03
6.17577e+00	1.03649e-03
6.19815e+00	1.03394e-03
6.22052e+00	1.03141e-03
6.24290e+00	1.02889e-03
6.26527e+00	1.02640e-03
6.28765e+00	1.02392e-03
6.31003e+00	1.02146e-03
6.33240e+00	1.01902e-03
6.35478e+00	1.01659e-03
6.37715e+00	1.01418e-03
6.39953e+00	1.01179e-03
6.42191e+00	1.00941e-03
6.44428e+00	1.00705e-03
6.46666e+00	1.00470e-03
6.48903e+00	1.00237e-03
6.51141e+00	1.00005e-03
6.53379e+00	9.97742e-04
6.55616e+00	9.95455e-04
6.57854e+00	9.93180e-04
6.60091e+00	9.90919e-04
6.62329e+00	9.88671e-04
6.64567e+00	9.86436e-04
6.66804e+00	9.84215e-04
6.69042e+00	9.82003e-04
6.71279e+00	9.79805e-04
6.73517e+00	9.77619e-04
6.75755e+00	9.75444e-04
6.77992e+00	9.73282e-04
6.80230e+00	9.71130e-04
6.82467e+00	9.68988e-04
6.84705e+00	9.66857e-04
6.86943e+00	9.64737e-04
6.89180e+00	9.62620e-04
6.91418e+00	9.60514e-04
6.93655e+00	9.58483e-04
6.95893e+00	9.56283e-04
6.98131e+00	9.54165e-04
7.00368e+00	9.52048e-04
7.02606e+00	9.49940e-04
7.04843e+00	9.47819e-04
7.07081e+00	9.45808e-04
7.09319e+00	9.43624e-04
7.11556e+00	9.41518e-04
7.13794e+00	9.39413e-04
7.16031e+00	9.37316e-04
7.18269e+00	9.35228e-04
7.20507e+00	9.33148e-04
7.22744e+00	9.31076e-04
7.24982e+00	9.29012e-04
7.27219e+00	9.26955e-04
7.29457e+00	9.24906e-04
7.31695e+00	9.22863e-04
7.33932e+00	9.20828e-04
7.36170e+00	9.18799e-04
7.38407e+00	9.16778e-04
7.40645e+00	9.14763e-04
7.42883e+00	9.12754e-04
7.45120e+00	9.10752e-04
7.47358e+00	9.08755e-04
7.49595e+00	9.06764e-04
7.51833e+00	9.04779e-04
7.54071e+00	9.02799e-04
7.56308e+00	9.00824e-04
7.58546e+00	8.98855e-04
7.60783e+00	8.96890e-04
7.63021e+00	8.94931e-04
7.65259e+00	8.92976e-04
7.67496e+00	8.91026e-04
7.69734e+00	8.89080e-04
7.71971e+00	8.87138e-04
7.74209e+00	8.85200e-04
7.76446e+00	8.83266e-04
7.78684e+00	8.81336e-04
7.80922e+00	8.79410e-04
7.83159e+00	8.77487e-04
7.85397e+00	8.75567e-04
7.87634e+00	8.73650e-04
7.89872e+00	8.71737e-04
7.92110e+00	8.69826e-04
7.94347e+00	8.67918e-04
7.96585e+00	8.66013e-04
7.98822e+00	8.64110e-04
8.01060e+00	8.62209e-04
8.03298e+00	8.60311e-04
8.05535e+00	8.58415e-04
8.07773e+00	8.56521e-04
8.10010e+00	8.54628e-04
8.12248e+00	8.52737e-04
8.14486e+00	8.50848e-04
8.16723e+00	8.48960e-04
8.18961e+00	8.47074e-04
8.21198e+00	8.45189e-04
8.23436e+00	8.43304e-04
8.25674e+00	8.41421e-04
8.27911e+00	8.39538e-04
8.30149e+00	8.37657e-04
8.32386e+00	8.35776e-04
8.34624e+00	8.33896e-04
8.36862e+00	8.32015e-04
8.39099e+00	8.30135e-04
8.41337e+00	8.28256e-04
8.43574e+00	8.26376e-04
8.45812e+00	8.24496e-04
8.48050e+00	8.22616e-04
8.50287e+00	8.20736e-04
8.52525e+00	8.18855e-04
8.54762e+00	8.16974e-04
8.57000e+00	8.15092e-04
8.59238e+00	8.13209e-04
8.61475e+00	8.11325e-04
8.63713e+00	8.09441e-04
8.65950e+00	8.07555e-04
8.68188e+00	8.05668e-04
8.70426e+00	8.03780e-04
8.72663e+00	8.01891e-04
8.74901e+00	8.00000e-04
8.77138e+00	7.98108e-04
8.79376e+00	7.96214e-04
8.81614e+00	7.94319e-04
8.83851e+00	7.92421e-04
8.86089e+00	7.90522e-04
8.88326e+00	7.88621e-04
8.90564e+00	7.86707e-04
8.92802e+00	7.84835e-04
8.95039e+00	7.82888e-04
8.97277e+00	7.80956e-04
8.99514e+00	7.79023e-04
9.01752e+00	7.77088e-04
9.03990e+00	7.75151e-04
9.06227e+00	7.73212e-04
9.08465e+00	7.71270e-04
9.10702e+00	7.69327e-04
9.12940e+00	7.67380e-04
9.15178e+00	7.65431e-04
9.17415e+00	7.63480e-04
9.19653e+00	7.61526e-04
9.21890e+00	7.59569e-04
9.24128e+00	7.57609e-04
9.26366e+00	7.55647e-04
9.28603e+00	7.53685e-04
9.30841e+00	7.51708e-04
9.33078e+00	7.49734e-04
9.35316e+00	7.47756e-04
9.37554e+00	7.45775e-04
9.39791e+00	7.43790e-04
9.42029e+00	7.41803e-04
9.44266e+00	7.39812e-04
9.46504e+00	7.37818e-04
9.48742e+00	7.35821e-04
9.50979e+00	7.33820e-04
9.53217e+00	7.31815e-04
9.55454e+00	7.29808e-04
9.57692e+00	7.27796e-04
9.59930e+00	7.25780e-04
9.62167e+00	7.23755e-04
9.64405e+00	7.21757e-04
9.66642e+00	7.19695e-04
9.68880e+00	7.17653e-04
9.71118e+00	7.15604e-04
9.73355e+00	7.13553e-04
9.75593e+00	7.11498e-04
9.77830e+00	7.09439e-04
9.80068e+00	7.07376e-04
9.82306e+00	7.05310e-04
9.84543e+00	7.03240e-04
9.86781e+00	7.01167e-04
9.89018e+00	6.99089e-04
9.91256e+00	6.97008e-04
9.93493e+00	6.94922e-04
9.95731e+00	6.92833e-04
9.97969e+00	6.90707e-04
1.00021e+01	6.88651e-04
1.00244e+01	6.86616e-04
1.00468e+01	6.84210e-04
1.00692e+01	6.81969e-04
1.00916e+01	6.79708e-04
1.01139e+01	6.77451e-04
1.01363e+01	6.75194e-04
1.01587e+01	6.72938e-04
1.01811e+01	6.70682e-04
1.02034e+01	6.68427e-04
1.02258e+01	6.66172e-04
1.02482e+01	6.63918e-04
1.02706e+01	6.61665e-04
1.02930e+01	6.59412e-04
1.03153e+01	6.57159e-04
1.03377e+01	6.54907e-04
1.03601e+01	6.52656e-04
1.03825e+01	6.50405e-04
1.04048e+01	6.48155e-04
1.04272e+01	6.45905e-04
1.04496e+01	6.43655e-04
1.04720e+01	6.41406e-04
1.04943e+01	6.39158e-04
1.05167e+01	6.36909e-04
1.05391e+01	6.34662e-04
1.05615e+01	6.32404e-04
1.05838e+01	6.30131e-04
1.06062e+01	6.28033e-04
1.06286e+01	6.25528e-04
1.06510e+01	6.23191e-04
1.06733e+01	6.20840e-04
1.06957e+01	6.18496e-04
1.07181e+01	6.16157e-04
1.07405e+01	6.13822e-04
1.07628e+01	6.11493e-04
1.07852e+01	6.09169e-04
1.08076e+01	6.06849e-04
1.08300e+01	6.04535e-04
1.08524e+01	6.02225e-04
1.08747e+01	5.99920e-04
1.08971e+01	5.97620e-04
1.09195e+01	5.95325e-04
1.09419e+01	5.93035e-04
1.09642e+01	5.90750e-04
1.09866e+01	5.88470e-04
1.10090e+01	5.86194e-04
1.10314e+01	5.83924e-04
1.10537e+01	5.81658e-04
1.10761e+01	5.79397e-04
1.10985e+01	5.77141e-04
1.11209e+01	5.74890e-04
1.11432e+01	5.72643e-04
1.11656e+01	5.70402e-04
1.11880e+01	5.68165e-04
1.12104e+01	5.65933e-04
1.12327e+01	5.63706e-04
1.12551e+01	5.61484e-04
1.12775e+01	5.59267e-04
1.12999e+01	5.57054e-04
1.13222e+01	5.54847e-04
1.13446e+01	5.52644e-04
1.13670e+01	5.50445e-04
1.13894e+01	5.48252e-04
1.14117e+01	5.46063e-04
1.14341e+01	5.43879e-04
1.14565e+01	5.41699e-04
1.14789e+01	5.39524e-04
1.15013e+01	5.37352e-04
1.15236e+01	5.35184e-04
1.15460e+01	5.33018e-04
1.15684e+01	5.30527e-04
1.15908e+01	5.27290e-04
1.16131e+01	5.23326e-04
1.16355e+01	5.18554e-04
1.16579e+01	5.11730e-04
1.16803e+01	5.03918e-04
1.17026e+01	4.96414e-04
1.17250e+01	4.89546e-04
1.17474e+01	4.83105e-04
1.17698e+01	4.76386e-04
1.17921e+01	4.69369e-04
1.18145e+01	4.62281e-04
1.18369e+01	4.54560e-04
1.18593e+01	4.43614e-04
1.18816e+01	4.33760e-04
1.19040e+01	4.25415e-04
1.19264e+01	4.17749e-04
1.19488e+01	4.10526e-04
1.19711e+01	4.03556e-04
1.19935e+01	3.96736e-04
1.20159e+01	3.90015e-04
1.20383e+01	3.83347e-04
1.20607e+01	3.76720e-04
1.20830e+01	3.70134e-04
1.21054e+01	3.63583e-04
1.21278e+01	3.57033e-04
1.21502e+01	3.50457e-04
1.21725e+01	3.43864e-04
1.21949e+01	3.37263e-04
1.22173e+01	3.30620e-04
1.22397e+01	3.23905e-04
1.22620e+01	3.17116e-04
1.22844e+01	3.10265e-04
1.23068e+01	3.03371e-04
1.23292e+01	2.96482e-04
1.23515e+01	2.89624e-04
1.23739e+01	2.82802e-04
1.23963e+01	2.76023e-04
1.24187e+01	2.69268e-04
1.24410e+01	2.62531e-04
1.24634e+01	2.55811e-04
1.24858e+01	2.49116e-04
1.25082e+01	2.42453e-04
1.25305e+01	2.35822e-04
1.25529e+01	2.29262e-04
1.25753e+01	2.22714e-04
1.25977e+01	2.16235e-04
1.26201e+01	2.09841e-04
1.26424e+01	2.03552e-04
1.26648e+01	1.97374e-04
1.26872e+01	1.91309e-04
1.27096e+01	1.85371e-04
1.27319e+01	1.79575e-04
1.27543e+01	1.73932e-04
1.27767e+01	1.68440e-04
1.27991e+01	1.63095e-04
1.28214e+01	1.57925e-04
1.28438e+01	1.52952e-04
1.28662e+01	1.48228e-04
1.28886e+01	1.43768e-04
1.29109e+01	1.39466e-04
1.29333e+01	1.35140e-04
1.29557e+01	1.31117e-04
1.29781e+01	1.27358e-04
1.30004e+01	1.23617e-04
1.30228e+01	1.19449e-04
1.30452e+01	1.14465e-04
1.30676e+01	1.09506e-04
1.30899e+01	1.05362e-04
1.31123e+01	1.01874e-04
1.31347e+01	9.89041e-05
1.31571e+01	9.60734e-05
1.31795e+01	9.31645e-05
1.32018e+01	9.01233e-05
1.32242e+01	8.72115e-05
1.32466e+01	8.46181e-05
1.32690e+01	8.22245e-05
1.32913e+01	7.99877e-05
1.33137e+01	7.78893e-05
1.33361e+01	7.58968e-05
1.33585e+01	7.39784e-05
1.33808e+01	7.21058e-05
1.34032e+01	7.02481e-05
1.34256e+01	6.84041e-05
1.34480e+01	6.65460e-05
1.34703e+01	6.46564e-05
1.34927e+01	6.27925e-05
1.35151e+01	6.09913e-05
1.35375e+01	5.92245e-05
1.35598e+01	5.74870e-05
1.35822e+01	5.57798e-05
1.36046e+01	5.41030e-05
1.36270e+01	5.24597e-05
1.36493e+01	5.08504e-05
1.36717e+01	4.92754e-05
1.36941e+01	4.77348e-05
1.37165e+01	4.62285e-05
1.37389e+01	4.47569e-05
1.37612e+01	4.33194e-05
1.37836e+01	4.19163e-05
1.38060e+01	4.05471e-05
1.38284e+01	3.92103e-05
1.38507e+01	3.79059e-05
1.38731e+01	3.66326e-05
1.38955e+01	3.53856e-05
1.39179e+01	3.41647e-05
1.39402e+01	3.29683e-05
1.39626e+01	3.17971e-05
1.39850e+01	3.06528e-05
1.40074e+01	2.95330e-05
1.40297e+01	2.84389e-05
1.40521e+01	2.73720e-05
1.40745e+01	2.63325e-05
1.40969e+01	2.53195e-05
1.41192e+01	2.43329e-05
1.41416e+01	2.33730e-05
1.41640e+01	2.24400e-05
1.41864e+01	2.15337e-05
1.42087e+01	2.06541e-05
1.42311e+01	1.98010e-05
1.42535e+01	1.89732e-05
1.42759e+01	1.81704e-05
1.42983e+01	1.73922e-05
1.43206e+01	1.66386e-05
1.43430e+01	1.59095e-05
1.43654e+01	1.52045e-05
1.43878e+01	1.45235e-05
1.44101e+01	1.38661e-05
1.44325e+01	1.32319e-05
1.44549e+01	1.26205e-05
1.44773e+01	1.20317e-05
1.44996e+01	1.14649e-05
1.45220e+01	1.09196e-05
1.45444e+01	1.03954e-05
1.45668e+01	9.89187e-06
1.45891e+01	9.40846e-06
1.46115e+01	8.94466e-06
1.46339e+01	8.49993e-06
1.46563e+01	8.07376e-06
1.46786e+01	7.66558e-06
1.47010e+01	7.27487e-06
1.47234e+01	6.90112e-06
1.47458e+01	6.54378e-06
1.47681e+01	6.20230e-06
1.47905e+01	5.87615e-06
1.48129e+01	5.56480e-06
1.48353e+01	5.26772e-06
1.48577e+01	4.98438e-06
1.48800e+01	4.71431e-06
1.49024e+01	4.45701e-06
1.49248e+01	4.21196e-06
1.49472e+01	3.97870e-06
1.49695e+01	3.75676e-06
1.49919e+01	3.54577e-06
1.50143e+01	3.34538e-06
1.50367e+01	3.15539e-06
1.50590e+01	2.97538e-06
1.50814e+01	2.80493e-06
1.51038e+01	2.64358e-06
1.51262e+01	2.49090e-06
1.51485e+01	2.34646e-06
1.51709e+01	2.20986e-06
1.51933e+01	2.08070e-06
1.52157e+01	1.95862e-06
1.52380e+01	1.84326e-06
1.52604e+01	1.73429e-06
1.52828e+01	1.63138e-06
1.53052e+01	1.53422e-06
1.53275e+01	1.44252e-06
1.53499e+01	1.35599e-06
1.53723e+01	1.27436e-06
1.53947e+01	1.19739e-06
1.54170e+01	1.12481e-06
1.54394e+01	1.05642e-06
1.54618e+01	9.91967e-07
1.54842e+01	9.31258e-07
1.55066e+01	8.74088e-07
1.55289e+01	8.20266e-07
1.55513e+01	7.69611e-07
1.55737e+01	7.21949e-07
1.55961e+01	6.77116e-07
1.56184e+01	6.34959e-07
1.56408e+01	5.95329e-07
1.56632e+01	5.58086e-07
1.56856e+01	5.23097e-07
1.57079e+01	4.90238e-07
1.57303e+01	4.59387e-07
1.57527e+01	4.30433e-07
1.57751e+01	4.03243e-07
1.57974e+01	3.77602e-07
1.58198e+01	3.53437e-07
1.58422e+01	3.30672e-07
1.58646e+01	3.09241e-07
1.58869e+01	2.89073e-07
1.59093e+01	2.70104e-07
1.59317e+01	2.52271e-07
1.59541e+01	2.35513e-07
1.59764e+01	2.19773e-07
1.59988e+01	2.05000e-07
1.60212e+01	1.91149e-07
1.60436e+01	1.78174e-07
1.60660e+01	1.66026e-07
1.60883e+01	1.54660e-07
1.61107e+01	1.44029e-07
1.61331e+01	1.34087e-07
1.61555e+01	1.24794e-07
1.61778e+01	1.16110e-07
1.62002e+01	1.07999e-07
1.62226e+01	1.00425e-07
1.62450e+01	9.33546e-08
1.62673e+01	8.67570e-08
1.62897e+01	8.06026e-08
1.63121e+01	7.48639e-08
1.63345e+01	6.95135e-08
1.63568e+01	6.45277e-08
1.63792e+01	5.98827e-08
1.64016e+01	5.55568e-08
1.64240e+01	5.15295e-08
1.64463e+01	4.77809e-08
1.64687e+01	4.42934e-08
1.64911e+01	4.10496e-08
1.65135e+01	3.80331e-08
1.65358e+01	3.52285e-08
1.65582e+01	3.26213e-08
1.65806e+01	3.01985e-08
1.66030e+01	2.79480e-08
1.66254e+01	2.58580e-08
1.66477e+01	2.39177e-08
1.66701e+01	2.21167e-08
1.66925e+01	2.04458e-08
1.67149e+01	1.88961e-08
1.67372e+01	1.74591e-08
1.67596e+01	1.61271e-08
1.67820e+01	1.48927e-08
1.68044e+01	1.37491e-08
1.68267e+01	1.26900e-08
1.68491e+01	1.17093e-08
1.68715e+01	1.08016e-08
1.68939e+01	9.96165e-09
1.69162e+01	9.18465e-09
1.69386e+01	8.46603e-09
1.69610e+01	7.80160e-09
1.69834e+01	7.18747e-09
1.70057e+01	6.62001e-09
1.70281e+01	6.09588e-09
1.70505e+01	5.61194e-09
1.70729e+01	5.16524e-09
1.70952e+01	4.75304e-09
1.71176e+01	4.37279e-09
1.71400e+01	4.02209e-09
1.71624e+01	3.69871e-09
1.71848e+01	3.40059e-09
1.72071e+01	3.12582e-09
1.72295e+01	2.87264e-09
1.72519e+01	2.63942e-09
1.72743e+01	2.42462e-09
1.72966e+01	2.22685e-09
1.73190e+01	2.04479e-09
1.73414e+01	1.87722e-09
1.73638e+01	1.72303e-09
1.73861e+01	1.58119e-09
1.74085e+01	1.45073e-09
1.74309e+01	1.33076e-09
1.74533e+01	1.22048e-09
1.74756e+01	1.11911e-09
1.74980e+01	1.02596e-09
1.75204e+01	9.40370e-10
1.75428e+01	8.61755e-10
1.75651e+01	7.89551e-10
1.75875e+01	7.23250e-10
1.76099e+01	6.62384e-10
1.76323e+01	6.06518e-10
1.76546e+01	5.55254e-10
1.76770e+01	5.08222e-10
1.76994e+01	4.65082e-10
1.77218e+01	4.25520e-10
1.77442e+01	3.89248e-10
1.77665e+01	3.55999e-10
1.77889e+01	3.25526e-10
1.78113e+01	2.97602e-10
1.78337e+01	2.72019e-10
1.78560e+01	2.48587e-10
1.78784e+01	2.27129e-10
1.79008e+01	2.07481e-10
1.79232e+01	1.89495e-10
1.79455e+01	1.73033e-10
1.79679e+01	1.57970e-10
1.79903e+01	1.44191e-10
1.80127e+01	1.31590e-10
1.80350e+01	1.20070e-10
1.80574e+01	1.09540e-10
1.80798e+01	9.99185e-11
1.81022e+01	9.11276e-11
1.81245e+01	8.30977e-11
1.81469e+01	7.57638e-11
1.81693e+01	6.90674e-11
1.81917e+01	6.29534e-11
1.82140e+01	5.73718e-11
1.82364e+01	5.22773e-11
1.82588e+01	4.76280e-11
1.82812e+01	4.33856e-11
1.83036e+01	3.95153e-11
1.83259e+01	3.59851e-11
1.83483e+01	3.27656e-11
1.83707e+01	2.98298e-11
1.83931e+01	2.71531e-11
1.84154e+01	2.47130e-11
1.84378e+01	2.24890e-11
1.84602e+01	2.04623e-11
1.84826e+01	1.86157e-11
1.85049e+01	1.69333e-11
1.85273e+01	1.54008e-11
1.85497e+01	1.40050e-11
1.85721e+01	1.27339e-11
1.85944e+01	1.15764e-11
1.86168e+01	1.05227e-11
1.86392e+01	9.56353e-12
1.86616e+01	8.69054e-12
1.86839e+01	7.89612e-12
1.87063e+01	7.17330e-12
1.87287e+01	6.51573e-12
1.87511e+01	5.91760e-12
1.87734e+01	5.37363e-12
1.87958e+01	4.87897e-12
1.88182e+01	4.42923e-12
1.88406e+01	4.02039e-12
1.88630e+01	3.64878e-12
1.88853e+01	3.31107e-12
1.89077e+01	3.00419e-12
1.89301e+01	2.72537e-12
1.89525e+01	2.47208e-12
1.89748e+01	2.24203e-12
1.89972e+01	2.03311e-12
1.90196e+01	1.84344e-12
1.90420e+01	1.67126e-12
1.90643e+01	1.51499e-12
1.90867e+01	1.37319e-12
1.91091e+01	1.24454e-12
1.91315e+01	1.12782e-12
1.91538e+01	1.02194e-12
1.91762e+01	9.25910e-13
1.91986e+01	8.38814e-13
1.92210e+01	7.59835e-13
1.92433e+01	6.88223e-13
1.92657e+01	6.23298e-13
1.92881e+01	5.64442e-13
1.93105e+01	5.11092e-13
1.93328e+01	4.62739e-13
1.93552e+01	4.18920e-13
1.93776e+01	3.79213e-13
1.94000e+01	3.43238e-13
1.94224e+01	3.10646e-13
1.94447e+01	2.81121e-13
1.94671e+01	2.54379e-13
1.94895e+01	2.30159e-13
1.95119e+01	2.08225e-13
1.95342e+01	1.88365e-13
1.95566e+01	1.70383e-13
1.95790e+01	1.54104e-13
1.96014e+01	1.39367e-13
1.96237e+01	1.26027e-13
1.96461e+01	1.13954e-13
1.96685e+01	1.03027e-13
1.96909e+01	9.31396e-14
1.97132e+01	8.41935e-14
1.97356e+01	7.60998e-14
1.97580e+01	6.87779e-14
1.97804e+01	6.21546e-14
1.98027e+01	5.61639e-14
1.98251e+01	5.07457e-14
1.98475e+01	4.58458e-14
1.98699e+01	4.14144e-14
1.98922e+01	3.74076e-14
1.99146e+01	3.37851e-14
1.99370e+01	3.05097e-14
1.99594e+01	2.75488e-14
1.99817e+01	2.48725e-14
2.00041e+01	2.24539e-14
2.00265e+01	2.02684e-14
2.00489e+01	1.82937e-14
2.00713e+01	1.65097e-14
2.00936e+01	1.48981e-14
2.01160e+01	1.34425e-14
2.01384e+01	1.21278e-14
2.01608e+01	1.09407e-14
2.01831e+01	9.86880e-15
2.02055e+01	8.90104e-15
2.02279e+01	8.02740e-15
2.02503e+01	7.23880e-15
2.02726e+01	6.52705e-15
2.02950e+01	5.88471e-15
2.03174e+01	5.30506e-15
2.03398e+01	4.78204e-15
2.03621e+01	4.31016e-15
2.03845e+01	3.88446e-15
2.04069e+01	3.50045e-15
2.04293e+01	3.15409e-15
2.04516e+01	2.84172e-15
2.04740e+01	2.56001e-15
2.04964e+01	2.30601e-15
2.05188e+01	2.07704e-15
2.05411e+01	1.87067e-15
2.05635e+01	1.68466e-15
2.05859e+01	1.51703e-15
2.06083e+01	1.36598e-15
2.06307e+01	1.22987e-15
2.06530e+01	1.10724e-15
2.06754e+01	9.96762e-16
2.06978e+01	8.97238e-16
2.07202e+01	8.07590e-16
2.07425e+01	7.26843e-16
2.07649e+01	6.54120e-16
2.07873e+01	5.88629e-16
2.08097e+01	5.29654e-16
2.08320e+01	4.76552e-16
2.08544e+01	4.28742e-16
2.08768e+01	3.85699e-16
2.08992e+01	3.46951e-16
2.09215e+01	3.12073e-16
2.09439e+01	2.80679e-16
2.09663e+01	2.52425e-16
2.09887e+01	2.26998e-16
2.10110e+01	2.04117e-16
2.10334e+01	1.83530e-16
2.10558e+01	1.65010e-16
2.10782e+01	1.48348e-16
2.11005e+01	1.33361e-16
2.11229e+01	1.19880e-16
2.11453e+01	1.07755e-16
2.11677e+01	9.68500e-17
2.11901e+01	8.70434e-17
2.12124e+01	7.82247e-17
2.12348e+01	7.02952e-17
2.12572e+01	6.31657e-17
2.12796e+01	5.67559e-17
2.13019e+01	5.09935e-17
2.13243e+01	4.58135e-17
2.13467e+01	4.11573e-17
2.13691e+01	3.69722e-17
2.13914e+01	3.32107e-17
2.14138e+01	2.98303e-17
2.14362e+01	2.67924e-17
2.14586e+01	2.40627e-17
2.14809e+01	2.16098e-17
2.15033e+01	1.94059e-17
2.15257e+01	1.74258e-17
2.15481e+01	1.56470e-17
2.15704e+01	1.40491e-17
2.15928e+01	1.26138e-17
2.16152e+01	1.13246e-17
2.16376e+01	1.01669e-17
2.16599e+01	9.12715e-18
2.16823e+01	8.19359e-18
2.17047e+01	7.35540e-18
2.17271e+01	6.60295e-18
2.17495e+01	5.92754e-18
2.17718e+01	5.32137e-18
2.17942e+01	4.77744e-18
2.18166e+01	4.28946e-18
2.18390e+01	3.85177e-18
2.18613e+01	3.45929e-18
2.18837e+01	3.10746e-18
2.19061e+01	2.79219e-18
2.19285e+01	2.50980e-18
2.19508e+01	2.25704e-18
2.19732e+01	2.03094e-18
2.19956e+01	1.82885e-18
2.20180e+01	1.64841e-18
2.20403e+01	1.48749e-18
2.20627e+01	1.34422e-18
2.20851e+01	1.21692e-18
2.21075e+01	1.10409e-18
2.21298e+01	1.00438e-18
2.21522e+01	9.16620e-19
2.21746e+01	8.39754e-19
2.21970e+01	7.72865e-19
2.22193e+01	7.15147e-19
2.22417e+01	6.65902e-19
2.22641e+01	6.24526e-19
2.22865e+01	5.90503e-19
2.23089e+01	5.63394e-19
2.23312e+01	5.42820e-19
2.23536e+01	5.28536e-19
2.23760e+01	5.19552e-19
