# The average (mean) electron energy.
# col_1: E_N [Td], col_2: avg_en [eV]
E_N	avg_en
3.00000e+00	1.01264e+00
4.00000e+00	1.03917e+00
5.00000e+00	1.06280e+00
6.00000e+00	1.08680e+00
7.00000e+00	1.11670e+00
8.50000e+00	1.18462e+00
1.00000e+01	1.29623e+00
1.20000e+01	1.53293e+00
1.50000e+01	2.02432e+00
2.00000e+01	2.84784e+00
2.50000e+01	3.49479e+00
3.00000e+01	3.97248e+00
4.00000e+01	4.60552e+00
5.00000e+01	5.03074e+00
7.50000e+01	5.71749e+00
1.00000e+02	6.17446e+00
1.50000e+02	6.83406e+00
2.00000e+02	7.35828e+00
