# The ell = 0 distribution, the isotropy.
# E_N [Td]	1.50000e+02
# col_1: Electron Energy [eV], col_2: f0 [eV^(-3/2)]
eV	f0
3.19889e-02	5.96508e-02
9.59668e-02	5.97431e-02
1.59945e-01	5.98322e-02
2.23923e-01	5.99161e-02
2.87901e-01	5.99926e-02
3.51878e-01	6.00600e-02
4.15856e-01	6.01171e-02
4.79834e-01	6.01633e-02
5.43812e-01	6.01975e-02
6.07790e-01	6.02184e-02
6.71768e-01	6.02249e-02
7.35746e-01	6.02155e-02
7.99724e-01	6.01884e-02
8.63702e-01	6.01424e-02
9.27679e-01	6.00766e-02
9.91657e-01	5.99889e-02
1.05564e+00	5.98775e-02
1.11961e+00	5.97435e-02
1.18359e+00	5.95895e-02
1.24757e+00	5.94164e-02
1.31155e+00	5.92226e-02
1.37552e+00	5.90055e-02
1.43950e+00	5.87622e-02
1.50348e+00	5.84944e-02
1.56746e+00	5.82046e-02
1.63144e+00	5.78872e-02
1.69541e+00	5.75384e-02
1.75939e+00	5.71532e-02
1.82337e+00	5.67308e-02
1.88735e+00	5.62672e-02
1.95133e+00	5.57597e-02
2.01530e+00	5.52432e-02
2.07928e+00	5.47370e-02
2.14326e+00	5.42438e-02
2.20724e+00	5.37509e-02
2.27122e+00	5.32676e-02
2.33519e+00	5.28184e-02
2.39917e+00	5.23947e-02
2.46315e+00	5.19834e-02
2.52713e+00	5.15927e-02
2.59110e+00	5.12363e-02
2.65508e+00	5.09001e-02
2.71906e+00	5.05752e-02
2.78304e+00	5.02690e-02
2.84702e+00	4.99805e-02
2.91099e+00	4.97051e-02
2.97497e+00	4.94431e-02
3.03895e+00	4.91905e-02
3.10293e+00	4.89441e-02
3.16691e+00	4.87047e-02
3.23088e+00	4.84713e-02
3.29486e+00	4.82435e-02
3.35884e+00	4.80204e-02
3.42282e+00	4.78010e-02
3.48680e+00	4.75836e-02
3.55077e+00	4.73678e-02
3.61475e+00	4.71530e-02
3.67873e+00	4.69385e-02
3.74271e+00	4.67242e-02
3.80668e+00	4.65095e-02
3.87066e+00	4.62942e-02
3.93464e+00	4.60778e-02
3.99862e+00	4.58597e-02
4.06260e+00	4.56395e-02
4.12657e+00	4.54170e-02
4.19055e+00	4.51921e-02
4.25453e+00	4.49650e-02
4.31851e+00	4.47358e-02
4.38249e+00	4.45046e-02
4.44646e+00	4.42715e-02
4.51044e+00	4.40365e-02
4.57442e+00	4.37996e-02
4.63840e+00	4.35609e-02
4.70238e+00	4.33204e-02
4.76635e+00	4.30781e-02
4.83033e+00	4.28339e-02
4.89431e+00	4.25877e-02
4.95829e+00	4.23394e-02
5.02226e+00	4.20889e-02
5.08624e+00	4.18361e-02
5.15022e+00	4.15810e-02
5.21420e+00	4.13235e-02
5.27818e+00	4.10638e-02
5.34215e+00	4.08018e-02
5.40613e+00	4.05378e-02
5.47011e+00	4.02716e-02
5.53409e+00	4.00034e-02
5.59807e+00	3.97332e-02
5.66204e+00	3.94612e-02
5.72602e+00	3.91873e-02
5.79000e+00	3.89116e-02
5.85398e+00	3.86341e-02
5.91795e+00	3.83549e-02
5.98193e+00	3.80741e-02
6.04591e+00	3.77917e-02
6.10989e+00	3.75078e-02
6.17387e+00	3.72224e-02
6.23784e+00	3.69358e-02
6.30182e+00	3.66477e-02
6.36580e+00	3.63584e-02
6.42978e+00	3.60679e-02
6.49376e+00	3.57761e-02
6.55773e+00	3.54831e-02
6.62171e+00	3.51890e-02
6.68569e+00	3.48937e-02
6.74967e+00	3.45973e-02
6.81365e+00	3.42998e-02
6.87762e+00	3.40013e-02
6.94160e+00	3.37017e-02
7.00558e+00	3.34012e-02
7.06956e+00	3.30999e-02
7.13353e+00	3.27980e-02
7.19751e+00	3.24956e-02
7.26149e+00	3.21927e-02
7.32547e+00	3.18894e-02
7.38945e+00	3.15855e-02
7.45342e+00	3.12812e-02
7.51740e+00	3.09765e-02
7.58138e+00	3.06713e-02
7.64536e+00	3.03657e-02
7.70934e+00	3.00598e-02
7.77331e+00	2.97534e-02
7.83729e+00	2.94466e-02
7.90127e+00	2.91395e-02
7.96525e+00	2.88321e-02
8.02923e+00	2.85245e-02
8.09320e+00	2.82166e-02
8.15718e+00	2.79086e-02
8.22116e+00	2.76005e-02
8.28514e+00	2.72923e-02
8.34911e+00	2.69840e-02
8.41309e+00	2.66758e-02
8.47707e+00	2.63677e-02
8.54105e+00	2.60599e-02
8.60503e+00	2.57524e-02
8.66900e+00	2.54453e-02
8.73298e+00	2.51388e-02
8.79696e+00	2.48327e-02
8.86094e+00	2.45273e-02
8.92492e+00	2.42226e-02
8.98889e+00	2.39186e-02
9.05287e+00	2.36156e-02
9.11685e+00	2.33135e-02
9.18083e+00	2.30123e-02
9.24481e+00	2.27122e-02
9.30878e+00	2.24130e-02
9.37276e+00	2.21147e-02
9.43674e+00	2.18175e-02
9.50072e+00	2.15213e-02
9.56469e+00	2.12261e-02
9.62867e+00	2.09320e-02
9.69265e+00	2.06388e-02
9.75663e+00	2.03468e-02
9.82061e+00	2.00560e-02
9.88458e+00	1.97663e-02
9.94856e+00	1.94779e-02
1.00125e+01	1.91906e-02
1.00765e+01	1.89048e-02
1.01405e+01	1.86211e-02
1.02045e+01	1.83394e-02
1.02685e+01	1.80598e-02
1.03324e+01	1.77822e-02
1.03964e+01	1.75066e-02
1.04604e+01	1.72330e-02
1.05244e+01	1.69614e-02
1.05883e+01	1.66916e-02
1.06523e+01	1.64238e-02
1.07163e+01	1.61587e-02
1.07803e+01	1.58961e-02
1.08443e+01	1.56361e-02
1.09082e+01	1.53787e-02
1.09722e+01	1.51238e-02
1.10362e+01	1.48713e-02
1.11002e+01	1.46213e-02
1.11641e+01	1.43737e-02
1.12281e+01	1.41284e-02
1.12921e+01	1.38854e-02
1.13561e+01	1.36446e-02
1.14201e+01	1.34061e-02
1.14840e+01	1.31697e-02
1.15480e+01	1.29354e-02
1.16120e+01	1.27030e-02
1.16760e+01	1.24727e-02
1.17399e+01	1.22449e-02
1.18039e+01	1.20194e-02
1.18679e+01	1.17961e-02
1.19319e+01	1.15756e-02
1.19959e+01	1.13578e-02
1.20598e+01	1.11427e-02
1.21238e+01	1.09300e-02
1.21878e+01	1.07197e-02
1.22518e+01	1.05119e-02
1.23157e+01	1.03064e-02
1.23797e+01	1.01034e-02
1.24437e+01	9.90277e-03
1.25077e+01	9.70462e-03
1.25717e+01	9.50892e-03
1.26356e+01	9.31593e-03
1.26996e+01	9.12584e-03
1.27636e+01	8.93866e-03
1.28276e+01	8.75435e-03
1.28915e+01	8.57290e-03
1.29555e+01	8.39409e-03
1.30195e+01	8.21785e-03
1.30835e+01	8.04409e-03
1.31475e+01	7.87374e-03
1.32114e+01	7.70573e-03
1.32754e+01	7.54037e-03
1.33394e+01	7.37735e-03
1.34034e+01	7.21643e-03
1.34673e+01	7.05753e-03
1.35313e+01	6.90080e-03
1.35953e+01	6.74623e-03
1.36593e+01	6.59383e-03
1.37233e+01	6.44362e-03
1.37872e+01	6.29558e-03
1.38512e+01	6.14971e-03
1.39152e+01	6.00598e-03
1.39792e+01	5.86440e-03
1.40431e+01	5.72497e-03
1.41071e+01	5.58776e-03
1.41711e+01	5.45279e-03
1.42351e+01	5.32008e-03
1.42991e+01	5.18961e-03
1.43630e+01	5.06141e-03
1.44270e+01	4.93550e-03
1.44910e+01	4.81189e-03
1.45550e+01	4.69058e-03
1.46189e+01	4.57157e-03
1.46829e+01	4.45488e-03
1.47469e+01	4.34048e-03
1.48109e+01	4.22838e-03
1.48749e+01	4.11856e-03
1.49388e+01	4.01101e-03
1.50028e+01	3.90573e-03
1.50668e+01	3.80270e-03
1.51308e+01	3.70190e-03
1.51947e+01	3.60330e-03
1.52587e+01	3.50683e-03
1.53227e+01	3.41247e-03
1.53867e+01	3.32018e-03
1.54507e+01	3.22991e-03
1.55146e+01	3.14163e-03
1.55786e+01	3.05529e-03
1.56426e+01	2.97085e-03
1.57066e+01	2.88828e-03
1.57706e+01	2.80754e-03
1.58345e+01	2.72855e-03
1.58985e+01	2.65132e-03
1.59625e+01	2.57584e-03
1.60265e+01	2.50210e-03
1.60904e+01	2.43011e-03
1.61544e+01	2.35985e-03
1.62184e+01	2.29128e-03
1.62824e+01	2.22439e-03
1.63464e+01	2.15915e-03
1.64103e+01	2.09554e-03
1.64743e+01	2.03352e-03
1.65383e+01	1.97307e-03
1.66023e+01	1.91417e-03
1.66662e+01	1.85678e-03
1.67302e+01	1.80088e-03
1.67942e+01	1.74645e-03
1.68582e+01	1.69346e-03
1.69222e+01	1.64189e-03
1.69861e+01	1.59171e-03
1.70501e+01	1.54289e-03
1.71141e+01	1.49541e-03
1.71781e+01	1.44923e-03
1.72420e+01	1.40434e-03
1.73060e+01	1.36071e-03
1.73700e+01	1.31830e-03
1.74340e+01	1.27709e-03
1.74980e+01	1.23704e-03
1.75619e+01	1.19815e-03
1.76259e+01	1.16037e-03
1.76899e+01	1.12368e-03
1.77539e+01	1.08806e-03
1.78178e+01	1.05349e-03
1.78818e+01	1.01993e-03
1.79458e+01	9.87363e-04
1.80098e+01	9.55759e-04
1.80738e+01	9.25098e-04
1.81377e+01	8.95357e-04
1.82017e+01	8.66511e-04
1.82657e+01	8.38528e-04
1.83297e+01	8.11386e-04
1.83936e+01	7.85063e-04
1.84576e+01	7.59536e-04
1.85216e+01	7.34784e-04
1.85856e+01	7.10787e-04
1.86496e+01	6.87525e-04
1.87135e+01	6.64977e-04
1.87775e+01	6.43126e-04
1.88415e+01	6.21953e-04
1.89055e+01	6.01441e-04
1.89694e+01	5.81571e-04
1.90334e+01	5.62327e-04
1.90974e+01	5.43692e-04
1.91614e+01	5.25650e-04
1.92254e+01	5.08184e-04
1.92893e+01	4.91276e-04
1.93533e+01	4.74911e-04
1.94173e+01	4.59073e-04
1.94813e+01	4.43747e-04
1.95452e+01	4.28918e-04
1.96092e+01	4.14572e-04
1.96732e+01	4.00694e-04
1.97372e+01	3.87273e-04
1.98012e+01	3.74293e-04
1.98651e+01	3.61744e-04
1.99291e+01	3.49611e-04
1.99931e+01	3.37869e-04
2.00571e+01	3.26506e-04
2.01210e+01	3.15512e-04
2.01850e+01	3.04875e-04
2.02490e+01	2.94585e-04
2.03130e+01	2.84631e-04
2.03770e+01	2.75002e-04
2.04409e+01	2.65690e-04
2.05049e+01	2.56685e-04
2.05689e+01	2.47977e-04
2.06329e+01	2.39557e-04
2.06968e+01	2.31416e-04
2.07608e+01	2.23543e-04
2.08248e+01	2.15931e-04
2.08888e+01	2.08570e-04
2.09528e+01	2.01453e-04
2.10167e+01	1.94572e-04
2.10807e+01	1.87920e-04
2.11447e+01	1.81489e-04
2.12087e+01	1.75272e-04
2.12726e+01	1.69263e-04
2.13366e+01	1.63454e-04
2.14006e+01	1.57840e-04
2.14646e+01	1.52413e-04
2.15286e+01	1.47169e-04
2.15925e+01	1.42100e-04
2.16565e+01	1.37202e-04
2.17205e+01	1.32469e-04
2.17845e+01	1.27895e-04
2.18485e+01	1.23477e-04
2.19124e+01	1.19208e-04
2.19764e+01	1.15084e-04
2.20404e+01	1.11101e-04
2.21044e+01	1.07255e-04
2.21683e+01	1.03540e-04
2.22323e+01	9.99523e-05
2.22963e+01	9.64878e-05
2.23603e+01	9.31421e-05
2.24243e+01	8.99111e-05
2.24882e+01	8.67909e-05
2.25522e+01	8.37775e-05
2.26162e+01	8.08675e-05
2.26802e+01	7.80573e-05
2.27441e+01	7.53436e-05
2.28081e+01	7.27232e-05
2.28721e+01	7.01929e-05
2.29361e+01	6.77498e-05
2.30001e+01	6.53909e-05
2.30640e+01	6.31135e-05
2.31280e+01	6.09148e-05
2.31920e+01	5.87922e-05
2.32560e+01	5.67431e-05
2.33199e+01	5.47650e-05
2.33839e+01	5.28554e-05
2.34479e+01	5.10120e-05
2.35119e+01	4.92325e-05
2.35759e+01	4.75148e-05
2.36398e+01	4.58567e-05
2.37038e+01	4.42562e-05
2.37678e+01	4.27113e-05
2.38318e+01	4.12201e-05
2.38957e+01	3.97808e-05
2.39597e+01	3.83916e-05
2.40237e+01	3.70508e-05
2.40877e+01	3.57567e-05
2.41517e+01	3.45077e-05
2.42156e+01	3.33022e-05
2.42796e+01	3.21389e-05
2.43436e+01	3.10162e-05
2.44076e+01	2.99328e-05
2.44715e+01	2.88874e-05
2.45355e+01	2.78787e-05
2.45995e+01	2.69053e-05
2.46635e+01	2.59662e-05
2.47275e+01	2.50602e-05
2.47914e+01	2.41859e-05
2.48554e+01	2.33422e-05
2.49194e+01	2.25281e-05
2.49834e+01	2.17426e-05
2.50473e+01	2.09847e-05
2.51113e+01	2.02535e-05
2.51753e+01	1.95482e-05
2.52393e+01	1.88674e-05
2.53033e+01	1.82102e-05
2.53672e+01	1.75758e-05
2.54312e+01	1.69635e-05
2.54952e+01	1.63724e-05
2.55592e+01	1.58017e-05
2.56231e+01	1.52508e-05
2.56871e+01	1.47189e-05
2.57511e+01	1.42055e-05
2.58151e+01	1.37098e-05
2.58791e+01	1.32313e-05
2.59430e+01	1.27694e-05
2.60070e+01	1.23236e-05
2.60710e+01	1.18933e-05
2.61350e+01	1.14781e-05
2.61989e+01	1.10773e-05
2.62629e+01	1.06905e-05
2.63269e+01	1.03171e-05
2.63909e+01	9.95683e-06
2.64549e+01	9.60909e-06
2.65188e+01	9.27348e-06
2.65828e+01	8.94957e-06
2.66468e+01	8.63695e-06
2.67108e+01	8.33524e-06
2.67747e+01	8.04405e-06
2.68387e+01	7.76301e-06
2.69027e+01	7.49178e-06
2.69667e+01	7.23001e-06
2.70307e+01	6.97737e-06
2.70946e+01	6.73354e-06
2.71586e+01	6.49822e-06
2.72226e+01	6.27111e-06
2.72866e+01	6.05193e-06
2.73505e+01	5.84040e-06
2.74145e+01	5.63625e-06
2.74785e+01	5.43923e-06
2.75425e+01	5.24909e-06
2.76065e+01	5.06559e-06
2.76704e+01	4.88849e-06
2.77344e+01	4.71758e-06
2.77984e+01	4.55264e-06
2.78624e+01	4.39346e-06
2.79263e+01	4.23984e-06
2.79903e+01	4.09158e-06
2.80543e+01	3.94850e-06
2.81183e+01	3.81043e-06
2.81823e+01	3.67717e-06
2.82462e+01	3.54857e-06
2.83102e+01	3.42447e-06
2.83742e+01	3.30470e-06
2.84382e+01	3.18913e-06
2.85022e+01	3.07760e-06
2.85661e+01	2.96997e-06
2.86301e+01	2.86611e-06
2.86941e+01	2.76589e-06
2.87581e+01	2.66918e-06
2.88220e+01	2.57586e-06
2.88860e+01	2.48581e-06
2.89500e+01	2.39892e-06
2.90140e+01	2.31508e-06
2.90780e+01	2.23419e-06
2.91419e+01	2.15613e-06
2.92059e+01	2.08082e-06
2.92699e+01	2.00815e-06
2.93339e+01	1.93804e-06
2.93978e+01	1.87040e-06
2.94618e+01	1.80514e-06
2.95258e+01	1.74218e-06
2.95898e+01	1.68144e-06
2.96538e+01	1.62284e-06
2.97177e+01	1.56630e-06
2.97817e+01	1.51175e-06
2.98457e+01	1.45913e-06
2.99097e+01	1.40836e-06
2.99736e+01	1.35939e-06
3.00376e+01	1.31216e-06
3.01016e+01	1.26659e-06
3.01656e+01	1.22263e-06
3.02296e+01	1.18020e-06
3.02935e+01	1.13924e-06
3.03575e+01	1.09972e-06
3.04215e+01	1.06156e-06
3.04855e+01	1.02474e-06
3.05494e+01	9.89199e-07
3.06134e+01	9.54892e-07
3.06774e+01	9.21777e-07
3.07414e+01	8.89812e-07
3.08054e+01	8.58957e-07
3.08693e+01	8.29172e-07
3.09333e+01	8.00422e-07
3.09973e+01	7.72668e-07
3.10613e+01	7.45878e-07
3.11252e+01	7.20017e-07
3.11892e+01	6.95052e-07
3.12532e+01	6.70953e-07
3.13172e+01	6.47690e-07
3.13812e+01	6.25233e-07
3.14451e+01	6.03555e-07
3.15091e+01	5.82629e-07
3.15731e+01	5.62428e-07
3.16371e+01	5.42927e-07
3.17010e+01	5.24103e-07
3.17650e+01	5.05932e-07
3.18290e+01	4.88390e-07
3.18930e+01	4.71457e-07
3.19570e+01	4.55112e-07
3.20209e+01	4.39333e-07
3.20849e+01	4.24102e-07
3.21489e+01	4.09400e-07
3.22129e+01	3.95208e-07
3.22768e+01	3.81508e-07
3.23408e+01	3.68285e-07
3.24048e+01	3.55520e-07
3.24688e+01	3.43198e-07
3.25328e+01	3.31304e-07
3.25967e+01	3.19822e-07
3.26607e+01	3.08739e-07
3.27247e+01	2.98041e-07
3.27887e+01	2.87714e-07
3.28526e+01	2.77745e-07
3.29166e+01	2.68123e-07
3.29806e+01	2.58834e-07
3.30446e+01	2.49867e-07
3.31086e+01	2.41212e-07
3.31725e+01	2.32857e-07
3.32365e+01	2.24792e-07
3.33005e+01	2.17007e-07
3.33645e+01	2.09492e-07
3.34284e+01	2.02238e-07
3.34924e+01	1.95236e-07
3.35564e+01	1.88477e-07
3.36204e+01	1.81952e-07
3.36844e+01	1.75654e-07
3.37483e+01	1.69574e-07
3.38123e+01	1.63706e-07
3.38763e+01	1.58042e-07
3.39403e+01	1.52574e-07
3.40042e+01	1.47296e-07
3.40682e+01	1.42202e-07
3.41322e+01	1.37285e-07
3.41962e+01	1.32539e-07
3.42602e+01	1.27958e-07
3.43241e+01	1.23536e-07
3.43881e+01	1.19268e-07
3.44521e+01	1.15148e-07
3.45161e+01	1.11171e-07
3.45801e+01	1.07333e-07
3.46440e+01	1.03627e-07
3.47080e+01	1.00051e-07
3.47720e+01	9.65984e-08
3.48360e+01	9.32658e-08
3.48999e+01	9.00488e-08
3.49639e+01	8.69434e-08
3.50279e+01	8.39457e-08
3.50919e+01	8.10520e-08
3.51559e+01	7.82585e-08
3.52198e+01	7.55619e-08
3.52838e+01	7.29588e-08
3.53478e+01	7.04459e-08
3.54118e+01	6.80200e-08
3.54757e+01	6.56782e-08
3.55397e+01	6.34175e-08
3.56037e+01	6.12352e-08
3.56677e+01	5.91285e-08
3.57317e+01	5.70948e-08
3.57956e+01	5.51315e-08
3.58596e+01	5.32364e-08
3.59236e+01	5.14069e-08
3.59876e+01	4.96408e-08
3.60515e+01	4.79360e-08
3.61155e+01	4.62905e-08
3.61795e+01	4.47022e-08
3.62435e+01	4.31691e-08
3.63075e+01	4.16892e-08
3.63714e+01	4.02607e-08
3.64354e+01	3.88818e-08
3.64994e+01	3.75507e-08
3.65634e+01	3.62657e-08
3.66273e+01	3.50252e-08
3.66913e+01	3.38278e-08
3.67553e+01	3.26717e-08
3.68193e+01	3.15557e-08
3.68833e+01	3.04783e-08
3.69472e+01	2.94382e-08
3.70112e+01	2.84340e-08
3.70752e+01	2.74645e-08
3.71392e+01	2.65285e-08
3.72031e+01	2.56248e-08
3.72671e+01	2.47524e-08
3.73311e+01	2.39101e-08
3.73951e+01	2.30968e-08
3.74591e+01	2.23116e-08
3.75230e+01	2.15535e-08
3.75870e+01	2.08216e-08
3.76510e+01	2.01148e-08
3.77150e+01	1.94324e-08
3.77789e+01	1.87735e-08
3.78429e+01	1.81372e-08
3.79069e+01	1.75229e-08
3.79709e+01	1.69297e-08
3.80349e+01	1.63568e-08
3.80988e+01	1.58037e-08
3.81628e+01	1.52696e-08
3.82268e+01	1.47539e-08
3.82908e+01	1.42558e-08
3.83547e+01	1.37749e-08
3.84187e+01	1.33105e-08
3.84827e+01	1.28621e-08
3.85467e+01	1.24291e-08
3.86107e+01	1.20109e-08
3.86746e+01	1.16071e-08
3.87386e+01	1.12172e-08
3.88026e+01	1.08406e-08
3.88666e+01	1.04769e-08
3.89305e+01	1.01257e-08
3.89945e+01	9.78652e-09
3.90585e+01	9.45894e-09
3.91225e+01	9.14257e-09
3.91865e+01	8.83702e-09
3.92504e+01	8.54191e-09
3.93144e+01	8.25689e-09
3.93784e+01	7.98160e-09
3.94424e+01	7.71572e-09
3.95063e+01	7.45891e-09
3.95703e+01	7.21087e-09
3.96343e+01	6.97131e-09
3.96983e+01	6.73992e-09
3.97623e+01	6.51643e-09
3.98262e+01	6.30058e-09
3.98902e+01	6.09210e-09
3.99542e+01	5.89075e-09
4.00182e+01	5.69627e-09
4.00821e+01	5.50832e-09
4.01461e+01	5.32670e-09
4.02101e+01	5.15119e-09
4.02741e+01	4.98155e-09
4.03381e+01	4.81761e-09
4.04020e+01	4.65915e-09
4.04660e+01	4.50599e-09
4.05300e+01	4.35794e-09
4.05940e+01	4.21484e-09
4.06580e+01	4.07651e-09
4.07219e+01	3.94279e-09
4.07859e+01	3.81352e-09
4.08499e+01	3.68855e-09
4.09139e+01	3.56774e-09
4.09778e+01	3.45094e-09
4.10418e+01	3.33801e-09
4.11058e+01	3.22884e-09
4.11698e+01	3.12328e-09
4.12338e+01	3.02122e-09
4.12977e+01	2.92254e-09
4.13617e+01	2.82713e-09
4.14257e+01	2.73487e-09
4.14897e+01	2.64567e-09
4.15536e+01	2.55941e-09
4.16176e+01	2.47600e-09
4.16816e+01	2.39534e-09
4.17456e+01	2.31734e-09
4.18096e+01	2.24192e-09
4.18735e+01	2.16898e-09
4.19375e+01	2.09844e-09
4.20015e+01	2.03023e-09
4.20655e+01	1.96426e-09
4.21294e+01	1.90046e-09
4.21934e+01	1.83876e-09
4.22574e+01	1.77908e-09
4.23214e+01	1.72137e-09
4.23854e+01	1.66555e-09
4.24493e+01	1.61157e-09
4.25133e+01	1.55936e-09
4.25773e+01	1.50886e-09
4.26413e+01	1.46001e-09
4.27052e+01	1.41277e-09
4.27692e+01	1.36707e-09
4.28332e+01	1.32287e-09
4.28972e+01	1.28012e-09
4.29612e+01	1.23877e-09
4.30251e+01	1.19877e-09
4.30891e+01	1.16008e-09
4.31531e+01	1.12266e-09
4.32171e+01	1.08646e-09
4.32810e+01	1.05144e-09
4.33450e+01	1.01757e-09
4.34090e+01	9.84796e-10
4.34730e+01	9.53096e-10
4.35370e+01	9.22430e-10
4.36009e+01	8.92764e-10
4.36649e+01	8.64065e-10
4.37289e+01	8.36300e-10
4.37929e+01	8.09440e-10
4.38568e+01	7.83454e-10
4.39208e+01	7.58314e-10
4.39848e+01	7.33991e-10
4.40488e+01	7.10459e-10
4.41128e+01	6.87691e-10
4.41767e+01	6.65663e-10
4.42407e+01	6.44349e-10
4.43047e+01	6.23728e-10
4.43687e+01	6.03775e-10
4.44326e+01	5.84469e-10
4.44966e+01	5.65789e-10
4.45606e+01	5.47714e-10
4.46246e+01	5.30224e-10
4.46886e+01	5.13301e-10
4.47525e+01	4.96924e-10
4.48165e+01	4.81077e-10
4.48805e+01	4.65743e-10
4.49445e+01	4.50904e-10
4.50084e+01	4.36543e-10
4.50724e+01	4.22647e-10
4.51364e+01	4.09199e-10
4.52004e+01	3.96184e-10
4.52644e+01	3.83589e-10
4.53283e+01	3.71400e-10
4.53923e+01	3.59604e-10
4.54563e+01	3.48188e-10
4.55203e+01	3.37139e-10
4.55842e+01	3.26445e-10
4.56482e+01	3.16096e-10
4.57122e+01	3.06079e-10
4.57762e+01	2.96385e-10
4.58402e+01	2.87002e-10
4.59041e+01	2.77920e-10
4.59681e+01	2.69131e-10
4.60321e+01	2.60624e-10
4.60961e+01	2.52390e-10
4.61600e+01	2.44421e-10
4.62240e+01	2.36707e-10
4.62880e+01	2.29241e-10
4.63520e+01	2.22014e-10
4.64160e+01	2.15018e-10
4.64799e+01	2.08247e-10
4.65439e+01	2.01692e-10
4.66079e+01	1.95347e-10
4.66719e+01	1.89204e-10
4.67358e+01	1.83258e-10
4.67998e+01	1.77501e-10
4.68638e+01	1.71929e-10
4.69278e+01	1.66534e-10
4.69918e+01	1.61311e-10
4.70557e+01	1.56254e-10
4.71197e+01	1.51359e-10
4.71837e+01	1.46619e-10
4.72477e+01	1.42030e-10
4.73117e+01	1.37587e-10
4.73756e+01	1.33286e-10
4.74396e+01	1.29120e-10
4.75036e+01	1.25087e-10
4.75676e+01	1.21183e-10
4.76315e+01	1.17401e-10
4.76955e+01	1.13740e-10
4.77595e+01	1.10195e-10
4.78235e+01	1.06762e-10
4.78875e+01	1.03438e-10
4.79514e+01	1.00219e-10
4.80154e+01	9.71018e-11
4.80794e+01	9.40831e-11
4.81434e+01	9.11598e-11
4.82073e+01	8.83289e-11
4.82713e+01	8.55872e-11
4.83353e+01	8.29321e-11
4.83993e+01	8.03607e-11
4.84633e+01	7.78703e-11
4.85272e+01	7.54584e-11
4.85912e+01	7.31225e-11
4.86552e+01	7.08600e-11
4.87192e+01	6.86688e-11
4.87831e+01	6.65465e-11
4.88471e+01	6.44909e-11
4.89111e+01	6.25000e-11
4.89751e+01	6.05715e-11
4.90391e+01	5.87037e-11
4.91030e+01	5.68944e-11
4.91670e+01	5.51419e-11
4.92310e+01	5.34444e-11
4.92950e+01	5.18001e-11
4.93589e+01	5.02074e-11
4.94229e+01	4.86645e-11
4.94869e+01	4.71699e-11
4.95509e+01	4.57219e-11
4.96149e+01	4.43192e-11
4.96788e+01	4.29603e-11
4.97428e+01	4.16437e-11
4.98068e+01	4.03682e-11
4.98708e+01	3.91325e-11
4.99347e+01	3.79352e-11
4.99987e+01	3.67753e-11
5.00627e+01	3.56514e-11
5.01267e+01	3.45625e-11
5.01907e+01	3.35075e-11
5.02546e+01	3.24853e-11
5.03186e+01	3.14948e-11
5.03826e+01	3.05350e-11
5.04466e+01	2.96049e-11
5.05105e+01	2.87036e-11
5.05745e+01	2.78300e-11
5.06385e+01	2.69835e-11
5.07025e+01	2.61630e-11
5.07665e+01	2.53678e-11
5.08304e+01	2.45972e-11
5.08944e+01	2.38503e-11
5.09584e+01	2.31263e-11
5.10224e+01	2.24247e-11
5.10863e+01	2.17446e-11
5.11503e+01	2.10854e-11
5.12143e+01	2.04465e-11
5.12783e+01	1.98271e-11
5.13423e+01	1.92268e-11
5.14062e+01	1.86449e-11
5.14702e+01	1.80808e-11
5.15342e+01	1.75340e-11
5.15982e+01	1.70040e-11
5.16621e+01	1.64902e-11
5.17261e+01	1.59921e-11
5.17901e+01	1.55092e-11
5.18541e+01	1.50411e-11
5.19181e+01	1.45872e-11
5.19820e+01	1.41473e-11
5.20460e+01	1.37207e-11
5.21100e+01	1.33071e-11
5.21740e+01	1.29062e-11
5.22379e+01	1.25175e-11
5.23019e+01	1.21406e-11
5.23659e+01	1.17752e-11
5.24299e+01	1.14210e-11
5.24939e+01	1.10775e-11
5.25578e+01	1.07445e-11
5.26218e+01	1.04216e-11
5.26858e+01	1.01085e-11
5.27498e+01	9.80499e-12
5.28137e+01	9.51067e-12
5.28777e+01	9.22529e-12
5.29417e+01	8.94858e-12
5.30057e+01	8.68027e-12
5.30697e+01	8.42010e-12
5.31336e+01	8.16782e-12
5.31976e+01	7.92319e-12
5.32616e+01	7.68598e-12
5.33256e+01	7.45595e-12
5.33896e+01	7.23290e-12
5.34535e+01	7.01659e-12
5.35175e+01	6.80683e-12
5.35815e+01	6.60342e-12
5.36455e+01	6.40616e-12
5.37094e+01	6.21487e-12
5.37734e+01	6.02935e-12
5.38374e+01	5.84944e-12
5.39014e+01	5.67497e-12
5.39654e+01	5.50576e-12
5.40293e+01	5.34166e-12
5.40933e+01	5.18251e-12
5.41573e+01	5.02815e-12
5.42213e+01	4.87845e-12
5.42852e+01	4.73326e-12
5.43492e+01	4.59245e-12
5.44132e+01	4.45587e-12
5.44772e+01	4.32340e-12
5.45412e+01	4.19492e-12
5.46051e+01	4.07030e-12
5.46691e+01	3.94942e-12
5.47331e+01	3.83218e-12
5.47971e+01	3.71846e-12
5.48610e+01	3.60816e-12
5.49250e+01	3.50116e-12
5.49890e+01	3.39737e-12
5.50530e+01	3.29670e-12
5.51170e+01	3.19905e-12
5.51809e+01	3.10432e-12
5.52449e+01	3.01243e-12
5.53089e+01	2.92329e-12
5.53729e+01	2.83681e-12
5.54368e+01	2.75293e-12
5.55008e+01	2.67155e-12
5.55648e+01	2.59260e-12
5.56288e+01	2.51601e-12
5.56928e+01	2.44171e-12
5.57567e+01	2.36963e-12
5.58207e+01	2.29970e-12
5.58847e+01	2.23186e-12
5.59487e+01	2.16603e-12
5.60126e+01	2.10217e-12
5.60766e+01	2.04021e-12
5.61406e+01	1.98010e-12
5.62046e+01	1.92178e-12
5.62686e+01	1.86519e-12
5.63325e+01	1.81028e-12
5.63965e+01	1.75700e-12
5.64605e+01	1.70531e-12
5.65245e+01	1.65515e-12
5.65884e+01	1.60647e-12
5.66524e+01	1.55924e-12
5.67164e+01	1.51341e-12
5.67804e+01	1.46894e-12
5.68444e+01	1.42578e-12
5.69083e+01	1.38390e-12
5.69723e+01	1.34326e-12
5.70363e+01	1.30382e-12
5.71003e+01	1.26554e-12
5.71642e+01	1.22840e-12
5.72282e+01	1.19234e-12
5.72922e+01	1.15735e-12
5.73562e+01	1.12339e-12
5.74202e+01	1.09043e-12
5.74841e+01	1.05844e-12
5.75481e+01	1.02739e-12
5.76121e+01	9.97251e-13
5.76761e+01	9.67996e-13
5.77400e+01	9.39599e-13
5.78040e+01	9.12034e-13
5.78680e+01	8.85276e-13
5.79320e+01	8.59300e-13
5.79960e+01	8.34083e-13
5.80599e+01	8.09602e-13
5.81239e+01	7.85836e-13
5.81879e+01	7.62761e-13
5.82519e+01	7.40359e-13
5.83158e+01	7.18607e-13
5.83798e+01	6.97488e-13
5.84438e+01	6.76981e-13
5.85078e+01	6.57069e-13
5.85718e+01	6.37733e-13
5.86357e+01	6.18956e-13
5.86997e+01	6.00721e-13
5.87637e+01	5.83012e-13
5.88277e+01	5.65813e-13
5.88916e+01	5.49109e-13
5.89556e+01	5.32884e-13
5.90196e+01	5.17124e-13
5.90836e+01	5.01816e-13
5.91476e+01	4.86945e-13
5.92115e+01	4.72498e-13
5.92755e+01	4.58462e-13
5.93395e+01	4.44826e-13
5.94035e+01	4.31576e-13
5.94675e+01	4.18701e-13
5.95314e+01	4.06190e-13
5.95954e+01	3.94031e-13
5.96594e+01	3.82215e-13
5.97234e+01	3.70730e-13
5.97873e+01	3.59566e-13
5.98513e+01	3.48714e-13
5.99153e+01	3.38164e-13
5.99793e+01	3.27907e-13
6.00433e+01	3.17932e-13
6.01072e+01	3.08231e-13
6.01712e+01	2.98795e-13
6.02352e+01	2.89616e-13
6.02992e+01	2.80685e-13
6.03631e+01	2.71996e-13
6.04271e+01	2.63540e-13
6.04911e+01	2.55310e-13
6.05551e+01	2.47299e-13
6.06191e+01	2.39500e-13
6.06830e+01	2.31906e-13
6.07470e+01	2.24512e-13
6.08110e+01	2.17310e-13
6.08750e+01	2.10294e-13
6.09389e+01	2.03459e-13
6.10029e+01	1.96799e-13
6.10669e+01	1.90307e-13
6.11309e+01	1.83979e-13
6.11949e+01	1.77810e-13
6.12588e+01	1.71793e-13
6.13228e+01	1.65924e-13
6.13868e+01	1.60198e-13
6.14508e+01	1.54610e-13
6.15147e+01	1.49155e-13
6.15787e+01	1.43830e-13
6.16427e+01	1.38629e-13
6.17067e+01	1.33548e-13
6.17707e+01	1.28583e-13
6.18346e+01	1.23731e-13
6.18986e+01	1.18986e-13
6.19626e+01	1.14345e-13
6.20266e+01	1.09805e-13
6.20905e+01	1.05361e-13
6.21545e+01	1.01011e-13
6.22185e+01	9.67497e-14
6.22825e+01	9.25750e-14
6.23465e+01	8.84833e-14
6.24104e+01	8.44714e-14
6.24744e+01	8.05361e-14
6.25384e+01	7.66743e-14
6.26024e+01	7.28833e-14
6.26663e+01	6.91600e-14
6.27303e+01	6.55016e-14
6.27943e+01	6.19055e-14
6.28583e+01	5.83691e-14
6.29223e+01	5.48898e-14
6.29862e+01	5.14651e-14
6.30502e+01	4.80926e-14
6.31142e+01	4.47701e-14
6.31782e+01	4.14953e-14
6.32421e+01	3.82661e-14
6.33061e+01	3.50805e-14
6.33701e+01	3.19364e-14
6.34341e+01	2.88322e-14
6.34981e+01	2.57659e-14
6.35620e+01	2.27360e-14
6.36260e+01	1.97409e-14
6.36900e+01	1.67791e-14
6.37540e+01	1.38495e-14
6.38179e+01	1.09507e-14
6.38819e+01	8.08187e-15
6.39459e+01	5.24198e-15
