# The ell = 0 distribution, the isotropy.
# E_N [Td]	7.50000e+01
# col_1: Electron Energy [eV], col_2: f0 [eV^(-3/2)]
eV	f0
1.90130e-02	7.98710e-02
5.70390e-02	8.00693e-02
9.50650e-02	8.02622e-02
1.33091e-01	8.04561e-02
1.71117e-01	8.06491e-02
2.09143e-01	8.08403e-02
2.47169e-01	8.10292e-02
2.85195e-01	8.12150e-02
3.23221e-01	8.13959e-02
3.61247e-01	8.15724e-02
3.99273e-01	8.17441e-02
4.37299e-01	8.19105e-02
4.75325e-01	8.20707e-02
5.13351e-01	8.22242e-02
5.51377e-01	8.23702e-02
5.89403e-01	8.25077e-02
6.27429e-01	8.26356e-02
6.65455e-01	8.27528e-02
7.03481e-01	8.28577e-02
7.41507e-01	8.29482e-02
7.79533e-01	8.30225e-02
8.17559e-01	8.30803e-02
8.55585e-01	8.31209e-02
8.93611e-01	8.31437e-02
9.31637e-01	8.31473e-02
9.69663e-01	8.31294e-02
1.00769e+00	8.30877e-02
1.04572e+00	8.30207e-02
1.08374e+00	8.29279e-02
1.12177e+00	8.28101e-02
1.15979e+00	8.26683e-02
1.19782e+00	8.25037e-02
1.23585e+00	8.23163e-02
1.27387e+00	8.21051e-02
1.31190e+00	8.18694e-02
1.34992e+00	8.16096e-02
1.38795e+00	8.13238e-02
1.42598e+00	8.10117e-02
1.46400e+00	8.06751e-02
1.50203e+00	8.03128e-02
1.54005e+00	7.99247e-02
1.57808e+00	7.95066e-02
1.61611e+00	7.90515e-02
1.65413e+00	7.85551e-02
1.69216e+00	7.80139e-02
1.73018e+00	7.74250e-02
1.76821e+00	7.67892e-02
1.80624e+00	7.61089e-02
1.84426e+00	7.53870e-02
1.88229e+00	7.46138e-02
1.92031e+00	7.37878e-02
1.95834e+00	7.29345e-02
1.99637e+00	7.20806e-02
2.03439e+00	7.12376e-02
2.07242e+00	7.04231e-02
2.11044e+00	6.96364e-02
2.14847e+00	6.88681e-02
2.18650e+00	6.81129e-02
2.22452e+00	6.73760e-02
2.26255e+00	6.66665e-02
2.30057e+00	6.60028e-02
2.33860e+00	6.53810e-02
2.37663e+00	6.47951e-02
2.41465e+00	6.42297e-02
2.45268e+00	6.36836e-02
2.49070e+00	6.31608e-02
2.52873e+00	6.26812e-02
2.56676e+00	6.22413e-02
2.60478e+00	6.18348e-02
2.64281e+00	6.14454e-02
2.68083e+00	6.10726e-02
2.71886e+00	6.07164e-02
2.75689e+00	6.03812e-02
2.79491e+00	6.00633e-02
2.83294e+00	5.97613e-02
2.87096e+00	5.94742e-02
2.90899e+00	5.92020e-02
2.94702e+00	5.89445e-02
2.98504e+00	5.86982e-02
3.02307e+00	5.84593e-02
3.06109e+00	5.82257e-02
3.09912e+00	5.79981e-02
3.13715e+00	5.77767e-02
3.17517e+00	5.75612e-02
3.21320e+00	5.73504e-02
3.25122e+00	5.71442e-02
3.28925e+00	5.69425e-02
3.32728e+00	5.67448e-02
3.36530e+00	5.65501e-02
3.40333e+00	5.63575e-02
3.44135e+00	5.61663e-02
3.47938e+00	5.59759e-02
3.51741e+00	5.57862e-02
3.55543e+00	5.55969e-02
3.59346e+00	5.54079e-02
3.63148e+00	5.52189e-02
3.66951e+00	5.50299e-02
3.70754e+00	5.48408e-02
3.74556e+00	5.46516e-02
3.78359e+00	5.44619e-02
3.82161e+00	5.42715e-02
3.85964e+00	5.40801e-02
3.89767e+00	5.38873e-02
3.93569e+00	5.36931e-02
3.97372e+00	5.34974e-02
4.01174e+00	5.32999e-02
4.04977e+00	5.31005e-02
4.08780e+00	5.28993e-02
4.12582e+00	5.26963e-02
4.16385e+00	5.24916e-02
4.20187e+00	5.22854e-02
4.23990e+00	5.20778e-02
4.27793e+00	5.18688e-02
4.31595e+00	5.16587e-02
4.35398e+00	5.14475e-02
4.39200e+00	5.12354e-02
4.43003e+00	5.10225e-02
4.46806e+00	5.08089e-02
4.50608e+00	5.05946e-02
4.54411e+00	5.03796e-02
4.58213e+00	5.01641e-02
4.62016e+00	4.99481e-02
4.65819e+00	4.97316e-02
4.69621e+00	4.95145e-02
4.73424e+00	4.92968e-02
4.77226e+00	4.90785e-02
4.81029e+00	4.88595e-02
4.84832e+00	4.86398e-02
4.88634e+00	4.84192e-02
4.92437e+00	4.81978e-02
4.96239e+00	4.79754e-02
5.00042e+00	4.77519e-02
5.03845e+00	4.75273e-02
5.07647e+00	4.73016e-02
5.11450e+00	4.70747e-02
5.15252e+00	4.68466e-02
5.19055e+00	4.66174e-02
5.22858e+00	4.63872e-02
5.26660e+00	4.61559e-02
5.30463e+00	4.59236e-02
5.34265e+00	4.56903e-02
5.38068e+00	4.54561e-02
5.41871e+00	4.52210e-02
5.45673e+00	4.49850e-02
5.49476e+00	4.47482e-02
5.53279e+00	4.45106e-02
5.57081e+00	4.42722e-02
5.60884e+00	4.40331e-02
5.64686e+00	4.37932e-02
5.68489e+00	4.35525e-02
5.72292e+00	4.33112e-02
5.76094e+00	4.30692e-02
5.79897e+00	4.28266e-02
5.83699e+00	4.25833e-02
5.87502e+00	4.23393e-02
5.91305e+00	4.20948e-02
5.95107e+00	4.18497e-02
5.98910e+00	4.16040e-02
6.02712e+00	4.13577e-02
6.06515e+00	4.11109e-02
6.10318e+00	4.08636e-02
6.14120e+00	4.06159e-02
6.17923e+00	4.03678e-02
6.21725e+00	4.01192e-02
6.25528e+00	3.98701e-02
6.29331e+00	3.96207e-02
6.33133e+00	3.93709e-02
6.36936e+00	3.91207e-02
6.40738e+00	3.88701e-02
6.44541e+00	3.86191e-02
6.48344e+00	3.83677e-02
6.52146e+00	3.81161e-02
6.55949e+00	3.78640e-02
6.59751e+00	3.76117e-02
6.63554e+00	3.73590e-02
6.67357e+00	3.71060e-02
6.71159e+00	3.68526e-02
6.74962e+00	3.65990e-02
6.78764e+00	3.63450e-02
6.82567e+00	3.60907e-02
6.86370e+00	3.58361e-02
6.90172e+00	3.55813e-02
6.93975e+00	3.53261e-02
6.97777e+00	3.50708e-02
7.01580e+00	3.48153e-02
7.05383e+00	3.45597e-02
7.09185e+00	3.43040e-02
7.12988e+00	3.40483e-02
7.16790e+00	3.37925e-02
7.20593e+00	3.35368e-02
7.24396e+00	3.32810e-02
7.28198e+00	3.30252e-02
7.32001e+00	3.27695e-02
7.35803e+00	3.25137e-02
7.39606e+00	3.22579e-02
7.43409e+00	3.20020e-02
7.47211e+00	3.17462e-02
7.51014e+00	3.14903e-02
7.54816e+00	3.12345e-02
7.58619e+00	3.09787e-02
7.62422e+00	3.07229e-02
7.66224e+00	3.04671e-02
7.70027e+00	3.02113e-02
7.73829e+00	2.99556e-02
7.77632e+00	2.96998e-02
7.81435e+00	2.94441e-02
7.85237e+00	2.91884e-02
7.89040e+00	2.89328e-02
7.92842e+00	2.86773e-02
7.96645e+00	2.84219e-02
8.00448e+00	2.81667e-02
8.04250e+00	2.79116e-02
8.08053e+00	2.76567e-02
8.11855e+00	2.74021e-02
8.15658e+00	2.71478e-02
8.19461e+00	2.68937e-02
8.23263e+00	2.66399e-02
8.27066e+00	2.63864e-02
8.30868e+00	2.61332e-02
8.34671e+00	2.58805e-02
8.38474e+00	2.56282e-02
8.42276e+00	2.53764e-02
8.46079e+00	2.51251e-02
8.49881e+00	2.48743e-02
8.53684e+00	2.46243e-02
8.57487e+00	2.43750e-02
8.61289e+00	2.41264e-02
8.65092e+00	2.38786e-02
8.68894e+00	2.36317e-02
8.72697e+00	2.33856e-02
8.76500e+00	2.31404e-02
8.80302e+00	2.28961e-02
8.84105e+00	2.26528e-02
8.87907e+00	2.24105e-02
8.91710e+00	2.21692e-02
8.95513e+00	2.19289e-02
8.99315e+00	2.16898e-02
9.03118e+00	2.14519e-02
9.06920e+00	2.12152e-02
9.10723e+00	2.09796e-02
9.14526e+00	2.07453e-02
9.18328e+00	2.05121e-02
9.22131e+00	2.02802e-02
9.25933e+00	2.00494e-02
9.29736e+00	1.98198e-02
9.33539e+00	1.95914e-02
9.37341e+00	1.93642e-02
9.41144e+00	1.91382e-02
9.44946e+00	1.89134e-02
9.48749e+00	1.86898e-02
9.52552e+00	1.84674e-02
9.56354e+00	1.82462e-02
9.60157e+00	1.80262e-02
9.63959e+00	1.78075e-02
9.67762e+00	1.75899e-02
9.71565e+00	1.73737e-02
9.75367e+00	1.71586e-02
9.79170e+00	1.69449e-02
9.82972e+00	1.67325e-02
9.86775e+00	1.65213e-02
9.90578e+00	1.63115e-02
9.94380e+00	1.61029e-02
9.98183e+00	1.58957e-02
1.00199e+01	1.56899e-02
1.00579e+01	1.54854e-02
1.00959e+01	1.52827e-02
1.01339e+01	1.50816e-02
1.01720e+01	1.48822e-02
1.02100e+01	1.46844e-02
1.02480e+01	1.44882e-02
1.02860e+01	1.42936e-02
1.03241e+01	1.41007e-02
1.03621e+01	1.39092e-02
1.04001e+01	1.37194e-02
1.04381e+01	1.35310e-02
1.04762e+01	1.33442e-02
1.05142e+01	1.31589e-02
1.05522e+01	1.29750e-02
1.05902e+01	1.27927e-02
1.06283e+01	1.26118e-02
1.06663e+01	1.24326e-02
1.07043e+01	1.22551e-02
1.07423e+01	1.20794e-02
1.07804e+01	1.19054e-02
1.08184e+01	1.17330e-02
1.08564e+01	1.15623e-02
1.08945e+01	1.13933e-02
1.09325e+01	1.12259e-02
1.09705e+01	1.10601e-02
1.10085e+01	1.08958e-02
1.10466e+01	1.07332e-02
1.10846e+01	1.05721e-02
1.11226e+01	1.04125e-02
1.11606e+01	1.02545e-02
1.11987e+01	1.00979e-02
1.12367e+01	9.94276e-03
1.12747e+01	9.78907e-03
1.13127e+01	9.63680e-03
1.13508e+01	9.48593e-03
1.13888e+01	9.33643e-03
1.14268e+01	9.18828e-03
1.14648e+01	9.04145e-03
1.15029e+01	8.89591e-03
1.15409e+01	8.75161e-03
1.15789e+01	8.60849e-03
1.16169e+01	8.46659e-03
1.16550e+01	8.32596e-03
1.16930e+01	8.18690e-03
1.17310e+01	8.04945e-03
1.17691e+01	7.91343e-03
1.18071e+01	7.77883e-03
1.18451e+01	7.64562e-03
1.18831e+01	7.51419e-03
1.19212e+01	7.38443e-03
1.19592e+01	7.25648e-03
1.19972e+01	7.13019e-03
1.20352e+01	7.00545e-03
1.20733e+01	6.88221e-03
1.21113e+01	6.76044e-03
1.21493e+01	6.64012e-03
1.21873e+01	6.52124e-03
1.22254e+01	6.40378e-03
1.22634e+01	6.28775e-03
1.23014e+01	6.17316e-03
1.23394e+01	6.06003e-03
1.23775e+01	5.94835e-03
1.24155e+01	5.83810e-03
1.24535e+01	5.72928e-03
1.24915e+01	5.62190e-03
1.25296e+01	5.51595e-03
1.25676e+01	5.41144e-03
1.26056e+01	5.30844e-03
1.26436e+01	5.20703e-03
1.26817e+01	5.10719e-03
1.27197e+01	5.00892e-03
1.27577e+01	4.91222e-03
1.27958e+01	4.81705e-03
1.28338e+01	4.72339e-03
1.28718e+01	4.63122e-03
1.29098e+01	4.54044e-03
1.29479e+01	4.45101e-03
1.29859e+01	4.36291e-03
1.30239e+01	4.27600e-03
1.30619e+01	4.19052e-03
1.31000e+01	4.10693e-03
1.31380e+01	4.02482e-03
1.31760e+01	3.94383e-03
1.32140e+01	3.86403e-03
1.32521e+01	3.78556e-03
1.32901e+01	3.70825e-03
1.33281e+01	3.63199e-03
1.33661e+01	3.55674e-03
1.34042e+01	3.48246e-03
1.34422e+01	3.40915e-03
1.34802e+01	3.33684e-03
1.35182e+01	3.26560e-03
1.35563e+01	3.19539e-03
1.35943e+01	3.12622e-03
1.36323e+01	3.05809e-03
1.36704e+01	2.99098e-03
1.37084e+01	2.92491e-03
1.37464e+01	2.85985e-03
1.37844e+01	2.79580e-03
1.38225e+01	2.73275e-03
1.38605e+01	2.67069e-03
1.38985e+01	2.60961e-03
1.39365e+01	2.54950e-03
1.39746e+01	2.49036e-03
1.40126e+01	2.43220e-03
1.40506e+01	2.37501e-03
1.40886e+01	2.31880e-03
1.41267e+01	2.26356e-03
1.41647e+01	2.20930e-03
1.42027e+01	2.15601e-03
1.42407e+01	2.10368e-03
1.42788e+01	2.05230e-03
1.43168e+01	2.00188e-03
1.43548e+01	1.95241e-03
1.43928e+01	1.90388e-03
1.44309e+01	1.85629e-03
1.44689e+01	1.80964e-03
1.45069e+01	1.76393e-03
1.45450e+01	1.71913e-03
1.45830e+01	1.67525e-03
1.46210e+01	1.63228e-03
1.46590e+01	1.59020e-03
1.46971e+01	1.54902e-03
1.47351e+01	1.50871e-03
1.47731e+01	1.46927e-03
1.48111e+01	1.43069e-03
1.48492e+01	1.39296e-03
1.48872e+01	1.35607e-03
1.49252e+01	1.32001e-03
1.49632e+01	1.28476e-03
1.50013e+01	1.25032e-03
1.50393e+01	1.21669e-03
1.50773e+01	1.18384e-03
1.51153e+01	1.15176e-03
1.51534e+01	1.12043e-03
1.51914e+01	1.08984e-03
1.52294e+01	1.05997e-03
1.52674e+01	1.03081e-03
1.53055e+01	1.00234e-03
1.53435e+01	9.74546e-04
1.53815e+01	9.47417e-04
1.54195e+01	9.20938e-04
1.54576e+01	8.95094e-04
1.54956e+01	8.69872e-04
1.55336e+01	8.45259e-04
1.55717e+01	8.21241e-04
1.56097e+01	7.97804e-04
1.56477e+01	7.74935e-04
1.56857e+01	7.52621e-04
1.57238e+01	7.30849e-04
1.57618e+01	7.09605e-04
1.57998e+01	6.88873e-04
1.58378e+01	6.68646e-04
1.58759e+01	6.48917e-04
1.59139e+01	6.29683e-04
1.59519e+01	6.10936e-04
1.59899e+01	5.92670e-04
1.60280e+01	5.74880e-04
1.60660e+01	5.57556e-04
1.61040e+01	5.40691e-04
1.61420e+01	5.24274e-04
1.61801e+01	5.08295e-04
1.62181e+01	4.92747e-04
1.62561e+01	4.77619e-04
1.62941e+01	4.62902e-04
1.63322e+01	4.48587e-04
1.63702e+01	4.34666e-04
1.64082e+01	4.21129e-04
1.64463e+01	4.07967e-04
1.64843e+01	3.95173e-04
1.65223e+01	3.82737e-04
1.65603e+01	3.70651e-04
1.65984e+01	3.58908e-04
1.66364e+01	3.47499e-04
1.66744e+01	3.36416e-04
1.67124e+01	3.25652e-04
1.67505e+01	3.15200e-04
1.67885e+01	3.05053e-04
1.68265e+01	2.95202e-04
1.68645e+01	2.85640e-04
1.69026e+01	2.76361e-04
1.69406e+01	2.67358e-04
1.69786e+01	2.58624e-04
1.70166e+01	2.50151e-04
1.70547e+01	2.41934e-04
1.70927e+01	2.33966e-04
1.71307e+01	2.26240e-04
1.71687e+01	2.18750e-04
1.72068e+01	2.11490e-04
1.72448e+01	2.04452e-04
1.72828e+01	1.97632e-04
1.73208e+01	1.91023e-04
1.73589e+01	1.84619e-04
1.73969e+01	1.78414e-04
1.74349e+01	1.72404e-04
1.74730e+01	1.66582e-04
1.75110e+01	1.60943e-04
1.75490e+01	1.55482e-04
1.75870e+01	1.50194e-04
1.76251e+01	1.45075e-04
1.76631e+01	1.40119e-04
1.77011e+01	1.35321e-04
1.77391e+01	1.30679e-04
1.77772e+01	1.26186e-04
1.78152e+01	1.21839e-04
1.78532e+01	1.17634e-04
1.78912e+01	1.13566e-04
1.79293e+01	1.09631e-04
1.79673e+01	1.05824e-04
1.80053e+01	1.02143e-04
1.80433e+01	9.85834e-05
1.80814e+01	9.51418e-05
1.81194e+01	9.18146e-05
1.81574e+01	8.85982e-05
1.81954e+01	8.54889e-05
1.82335e+01	8.24832e-05
1.82715e+01	7.95776e-05
1.83095e+01	7.67692e-05
1.83476e+01	7.40549e-05
1.83856e+01	7.14318e-05
1.84236e+01	6.88969e-05
1.84616e+01	6.64476e-05
1.84997e+01	6.40811e-05
1.85377e+01	6.17948e-05
1.85757e+01	5.95862e-05
1.86137e+01	5.74528e-05
1.86518e+01	5.53923e-05
1.86898e+01	5.34022e-05
1.87278e+01	5.14805e-05
1.87658e+01	4.96250e-05
1.88039e+01	4.78335e-05
1.88419e+01	4.61040e-05
1.88799e+01	4.44345e-05
1.89179e+01	4.28231e-05
1.89560e+01	4.12680e-05
1.89940e+01	3.97673e-05
1.90320e+01	3.83192e-05
1.90700e+01	3.69222e-05
1.91081e+01	3.55745e-05
1.91461e+01	3.42743e-05
1.91841e+01	3.30202e-05
1.92222e+01	3.18105e-05
1.92602e+01	3.06438e-05
1.92982e+01	2.95185e-05
1.93362e+01	2.84334e-05
1.93743e+01	2.73870e-05
1.94123e+01	2.63780e-05
1.94503e+01	2.54052e-05
1.94883e+01	2.44673e-05
1.95264e+01	2.35631e-05
1.95644e+01	2.26916e-05
1.96024e+01	2.18515e-05
1.96404e+01	2.10417e-05
1.96785e+01	2.02614e-05
1.97165e+01	1.95094e-05
1.97545e+01	1.87848e-05
1.97925e+01	1.80866e-05
1.98306e+01	1.74140e-05
1.98686e+01	1.67661e-05
1.99066e+01	1.61420e-05
1.99446e+01	1.55405e-05
1.99827e+01	1.49609e-05
2.00207e+01	1.44022e-05
2.00587e+01	1.38638e-05
2.00967e+01	1.33451e-05
2.01348e+01	1.28452e-05
2.01728e+01	1.23636e-05
2.02108e+01	1.18996e-05
2.02489e+01	1.14526e-05
2.02869e+01	1.10220e-05
2.03249e+01	1.06071e-05
2.03629e+01	1.02076e-05
2.04010e+01	9.82273e-06
2.04390e+01	9.45208e-06
2.04770e+01	9.09512e-06
2.05150e+01	8.75137e-06
2.05531e+01	8.42039e-06
2.05911e+01	8.10169e-06
2.06291e+01	7.79484e-06
2.06671e+01	7.49940e-06
2.07052e+01	7.21492e-06
2.07432e+01	6.94101e-06
2.07812e+01	6.67728e-06
2.08192e+01	6.42337e-06
2.08573e+01	6.17892e-06
2.08953e+01	5.94358e-06
2.09333e+01	5.71702e-06
2.09713e+01	5.49894e-06
2.10094e+01	5.28900e-06
2.10474e+01	5.08694e-06
2.10854e+01	4.89245e-06
2.11235e+01	4.70526e-06
2.11615e+01	4.52509e-06
2.11995e+01	4.35170e-06
2.12375e+01	4.18482e-06
2.12756e+01	4.02423e-06
2.13136e+01	3.86969e-06
2.13516e+01	3.72097e-06
2.13896e+01	3.57786e-06
2.14277e+01	3.44015e-06
2.14657e+01	3.30765e-06
2.15037e+01	3.18017e-06
2.15417e+01	3.05751e-06
2.15798e+01	2.93949e-06
2.16178e+01	2.82596e-06
2.16558e+01	2.71673e-06
2.16938e+01	2.61166e-06
2.17319e+01	2.51059e-06
2.17699e+01	2.41337e-06
2.18079e+01	2.31986e-06
2.18459e+01	2.22992e-06
2.18840e+01	2.14343e-06
2.19220e+01	2.06025e-06
2.19600e+01	1.98026e-06
2.19980e+01	1.90334e-06
2.20361e+01	1.82939e-06
2.20741e+01	1.75828e-06
2.21121e+01	1.68992e-06
2.21502e+01	1.62420e-06
2.21882e+01	1.56101e-06
2.22262e+01	1.50027e-06
2.22642e+01	1.44187e-06
2.23023e+01	1.38572e-06
2.23403e+01	1.33174e-06
2.23783e+01	1.27985e-06
2.24163e+01	1.22996e-06
2.24544e+01	1.18199e-06
2.24924e+01	1.13588e-06
2.25304e+01	1.09155e-06
2.25684e+01	1.04894e-06
2.26065e+01	1.00797e-06
2.26445e+01	9.68588e-07
2.26825e+01	9.30729e-07
2.27205e+01	8.94337e-07
2.27586e+01	8.59355e-07
2.27966e+01	8.25729e-07
2.28346e+01	7.93408e-07
2.28726e+01	7.62342e-07
2.29107e+01	7.32483e-07
2.29487e+01	7.03785e-07
2.29867e+01	6.76203e-07
2.30248e+01	6.49696e-07
2.30628e+01	6.24221e-07
2.31008e+01	5.99740e-07
2.31388e+01	5.76213e-07
2.31769e+01	5.53603e-07
2.32149e+01	5.31876e-07
2.32529e+01	5.10997e-07
2.32909e+01	4.90933e-07
2.33290e+01	4.71652e-07
2.33670e+01	4.53125e-07
2.34050e+01	4.35321e-07
2.34430e+01	4.18213e-07
2.34811e+01	4.01773e-07
2.35191e+01	3.85977e-07
2.35571e+01	3.70798e-07
2.35951e+01	3.56214e-07
2.36332e+01	3.42200e-07
2.36712e+01	3.28735e-07
2.37092e+01	3.15797e-07
2.37472e+01	3.03365e-07
2.37853e+01	2.91421e-07
2.38233e+01	2.79945e-07
2.38613e+01	2.68919e-07
2.38993e+01	2.58324e-07
2.39374e+01	2.48146e-07
2.39754e+01	2.38367e-07
2.40134e+01	2.28971e-07
2.40515e+01	2.19944e-07
2.40895e+01	2.11272e-07
2.41275e+01	2.02940e-07
2.41655e+01	1.94936e-07
2.42036e+01	1.87246e-07
2.42416e+01	1.79858e-07
2.42796e+01	1.72761e-07
2.43176e+01	1.65943e-07
2.43557e+01	1.59394e-07
2.43937e+01	1.53102e-07
2.44317e+01	1.47059e-07
2.44697e+01	1.41254e-07
2.45078e+01	1.35677e-07
2.45458e+01	1.30321e-07
2.45838e+01	1.25176e-07
2.46218e+01	1.20234e-07
2.46599e+01	1.15488e-07
2.46979e+01	1.10929e-07
2.47359e+01	1.06550e-07
2.47739e+01	1.02345e-07
2.48120e+01	9.83045e-08
2.48500e+01	9.44239e-08
2.48880e+01	9.06965e-08
2.49261e+01	8.71164e-08
2.49641e+01	8.36779e-08
2.50021e+01	8.03753e-08
2.50401e+01	7.72035e-08
2.50782e+01	7.41573e-08
2.51162e+01	7.12319e-08
2.51542e+01	6.84225e-08
2.51922e+01	6.57241e-08
2.52303e+01	6.31318e-08
2.52683e+01	6.06415e-08
2.53063e+01	5.82491e-08
2.53443e+01	5.59508e-08
2.53824e+01	5.37427e-08
2.54204e+01	5.16214e-08
2.54584e+01	4.95833e-08
2.54964e+01	4.76252e-08
2.55345e+01	4.57440e-08
2.55725e+01	4.39366e-08
2.56105e+01	4.22002e-08
2.56485e+01	4.05320e-08
2.56866e+01	3.89293e-08
2.57246e+01	3.73896e-08
2.57626e+01	3.59104e-08
2.58007e+01	3.44894e-08
2.58387e+01	3.31243e-08
2.58767e+01	3.18130e-08
2.59147e+01	3.05533e-08
2.59528e+01	2.93433e-08
2.59908e+01	2.81810e-08
2.60288e+01	2.70647e-08
2.60668e+01	2.59926e-08
2.61049e+01	2.49628e-08
2.61429e+01	2.39738e-08
2.61809e+01	2.30239e-08
2.62189e+01	2.21115e-08
2.62570e+01	2.12353e-08
2.62950e+01	2.03937e-08
2.63330e+01	1.95854e-08
2.63710e+01	1.88091e-08
2.64091e+01	1.80635e-08
2.64471e+01	1.73474e-08
2.64851e+01	1.66596e-08
2.65231e+01	1.59990e-08
2.65612e+01	1.53646e-08
2.65992e+01	1.47553e-08
2.66372e+01	1.41701e-08
2.66752e+01	1.36080e-08
2.67133e+01	1.30682e-08
2.67513e+01	1.25498e-08
2.67893e+01	1.20519e-08
2.68274e+01	1.15738e-08
2.68654e+01	1.11145e-08
2.69034e+01	1.06735e-08
2.69414e+01	1.02499e-08
2.69795e+01	9.84309e-09
2.70175e+01	9.45240e-09
2.70555e+01	9.07719e-09
2.70935e+01	8.71685e-09
2.71316e+01	8.37079e-09
2.71696e+01	8.03845e-09
2.72076e+01	7.71927e-09
2.72456e+01	7.41275e-09
2.72837e+01	7.11839e-09
2.73217e+01	6.83569e-09
2.73597e+01	6.56421e-09
2.73977e+01	6.30349e-09
2.74358e+01	6.05311e-09
2.74738e+01	5.81266e-09
2.75118e+01	5.58174e-09
2.75498e+01	5.35999e-09
2.75879e+01	5.14703e-09
2.76259e+01	4.94252e-09
2.76639e+01	4.74613e-09
2.77020e+01	4.55753e-09
2.77400e+01	4.37641e-09
2.77780e+01	4.20248e-09
2.78160e+01	4.03545e-09
2.78541e+01	3.87505e-09
2.78921e+01	3.72102e-09
2.79301e+01	3.57309e-09
2.79681e+01	3.43104e-09
2.80062e+01	3.29463e-09
2.80442e+01	3.16363e-09
2.80822e+01	3.03783e-09
2.81202e+01	2.91703e-09
2.81583e+01	2.80102e-09
2.81963e+01	2.68961e-09
2.82343e+01	2.58263e-09
2.82723e+01	2.47990e-09
2.83104e+01	2.38125e-09
2.83484e+01	2.28652e-09
2.83864e+01	2.19555e-09
2.84244e+01	2.10820e-09
2.84625e+01	2.02432e-09
2.85005e+01	1.94377e-09
2.85385e+01	1.86642e-09
2.85765e+01	1.79215e-09
2.86146e+01	1.72083e-09
2.86526e+01	1.65235e-09
2.86906e+01	1.58659e-09
2.87287e+01	1.52345e-09
2.87667e+01	1.46282e-09
2.88047e+01	1.40460e-09
2.88427e+01	1.34870e-09
2.88808e+01	1.29502e-09
2.89188e+01	1.24348e-09
2.89568e+01	1.19399e-09
2.89948e+01	1.14647e-09
2.90329e+01	1.10084e-09
2.90709e+01	1.05703e-09
2.91089e+01	1.01496e-09
2.91469e+01	9.74568e-10
2.91850e+01	9.35785e-10
2.92230e+01	8.98547e-10
2.92610e+01	8.62792e-10
2.92990e+01	8.28462e-10
2.93371e+01	7.95500e-10
2.93751e+01	7.63852e-10
2.94131e+01	7.33465e-10
2.94511e+01	7.04291e-10
2.94892e+01	6.76279e-10
2.95272e+01	6.49386e-10
2.95652e+01	6.23566e-10
2.96033e+01	5.98774e-10
2.96413e+01	5.74971e-10
2.96793e+01	5.52117e-10
2.97173e+01	5.30174e-10
2.97554e+01	5.09107e-10
2.97934e+01	4.88879e-10
2.98314e+01	4.69459e-10
2.98694e+01	4.50815e-10
2.99075e+01	4.32915e-10
2.99455e+01	4.15731e-10
2.99835e+01	3.99233e-10
3.00215e+01	3.83395e-10
3.00596e+01	3.68192e-10
3.00976e+01	3.53597e-10
3.01356e+01	3.39582e-10
3.01736e+01	3.26124e-10
3.02117e+01	3.13201e-10
3.02497e+01	3.00790e-10
3.02877e+01	2.88871e-10
3.03257e+01	2.77425e-10
3.03638e+01	2.66433e-10
3.04018e+01	2.55876e-10
3.04398e+01	2.45738e-10
3.04779e+01	2.36001e-10
3.05159e+01	2.26650e-10
3.05539e+01	2.17670e-10
3.05919e+01	2.09045e-10
3.06300e+01	2.00762e-10
3.06680e+01	1.92806e-10
3.07060e+01	1.85166e-10
3.07440e+01	1.77828e-10
3.07821e+01	1.70781e-10
3.08201e+01	1.64013e-10
3.08581e+01	1.57512e-10
3.08961e+01	1.51269e-10
3.09342e+01	1.45274e-10
3.09722e+01	1.39515e-10
3.10102e+01	1.33985e-10
3.10482e+01	1.28674e-10
3.10863e+01	1.23573e-10
3.11243e+01	1.18673e-10
3.11623e+01	1.13968e-10
3.12003e+01	1.09450e-10
3.12384e+01	1.05110e-10
3.12764e+01	1.00942e-10
3.13144e+01	9.69390e-11
3.13524e+01	9.30947e-11
3.13905e+01	8.94027e-11
3.14285e+01	8.58569e-11
3.14665e+01	8.24516e-11
3.15046e+01	7.91812e-11
3.15426e+01	7.60404e-11
3.15806e+01	7.30241e-11
3.16186e+01	7.01273e-11
3.16567e+01	6.73454e-11
3.16947e+01	6.46736e-11
3.17327e+01	6.21078e-11
3.17707e+01	5.96437e-11
3.18088e+01	5.72773e-11
3.18468e+01	5.50047e-11
3.18848e+01	5.28222e-11
3.19228e+01	5.07262e-11
3.19609e+01	4.87134e-11
3.19989e+01	4.67804e-11
3.20369e+01	4.49240e-11
3.20749e+01	4.31413e-11
3.21130e+01	4.14294e-11
3.21510e+01	3.97854e-11
3.21890e+01	3.82066e-11
3.22270e+01	3.66905e-11
3.22651e+01	3.52345e-11
3.23031e+01	3.38363e-11
3.23411e+01	3.24936e-11
3.23792e+01	3.12041e-11
3.24172e+01	2.99659e-11
3.24552e+01	2.87767e-11
3.24932e+01	2.76348e-11
3.25313e+01	2.65382e-11
3.25693e+01	2.54850e-11
3.26073e+01	2.44737e-11
3.26453e+01	2.35025e-11
3.26834e+01	2.25699e-11
3.27214e+01	2.16742e-11
3.27594e+01	2.08141e-11
3.27974e+01	1.99882e-11
3.28355e+01	1.91950e-11
3.28735e+01	1.84333e-11
3.29115e+01	1.77018e-11
3.29495e+01	1.69993e-11
3.29876e+01	1.63247e-11
3.30256e+01	1.56769e-11
3.30636e+01	1.50548e-11
3.31016e+01	1.44574e-11
3.31397e+01	1.38837e-11
3.31777e+01	1.33328e-11
3.32157e+01	1.28037e-11
3.32537e+01	1.22956e-11
3.32918e+01	1.18077e-11
3.33298e+01	1.13392e-11
3.33678e+01	1.08892e-11
3.34059e+01	1.04572e-11
3.34439e+01	1.00422e-11
3.34819e+01	9.64374e-12
3.35199e+01	9.26108e-12
3.35580e+01	8.89361e-12
3.35960e+01	8.54072e-12
3.36340e+01	8.20185e-12
3.36720e+01	7.87642e-12
3.37101e+01	7.56391e-12
3.37481e+01	7.26380e-12
3.37861e+01	6.97561e-12
3.38241e+01	6.69886e-12
3.38622e+01	6.43309e-12
3.39002e+01	6.17788e-12
3.39382e+01	5.93279e-12
3.39762e+01	5.69745e-12
3.40143e+01	5.47145e-12
3.40523e+01	5.25443e-12
3.40903e+01	5.04603e-12
3.41283e+01	4.84591e-12
3.41664e+01	4.65373e-12
3.42044e+01	4.46918e-12
3.42424e+01	4.29196e-12
3.42805e+01	4.12177e-12
3.43185e+01	3.95833e-12
3.43565e+01	3.80137e-12
3.43945e+01	3.65064e-12
3.44326e+01	3.50589e-12
3.44706e+01	3.36688e-12
3.45086e+01	3.23338e-12
3.45466e+01	3.10518e-12
3.45847e+01	2.98205e-12
3.46227e+01	2.86380e-12
3.46607e+01	2.75024e-12
3.46987e+01	2.64117e-12
3.47368e+01	2.53643e-12
3.47748e+01	2.43583e-12
3.48128e+01	2.33921e-12
3.48508e+01	2.24641e-12
3.48889e+01	2.15729e-12
3.49269e+01	2.07168e-12
3.49649e+01	1.98946e-12
3.50029e+01	1.91049e-12
3.50410e+01	1.83464e-12
3.50790e+01	1.76178e-12
3.51170e+01	1.69179e-12
3.51550e+01	1.62457e-12
3.51931e+01	1.55999e-12
3.52311e+01	1.49796e-12
3.52691e+01	1.43838e-12
3.53072e+01	1.38114e-12
3.53452e+01	1.32615e-12
3.53832e+01	1.27332e-12
3.54212e+01	1.22257e-12
3.54593e+01	1.17381e-12
3.54973e+01	1.12697e-12
3.55353e+01	1.08196e-12
3.55733e+01	1.03872e-12
3.56114e+01	9.97164e-13
3.56494e+01	9.57236e-13
3.56874e+01	9.18868e-13
3.57254e+01	8.81997e-13
3.57635e+01	8.46563e-13
3.58015e+01	8.12508e-13
3.58395e+01	7.79777e-13
3.58775e+01	7.48316e-13
3.59156e+01	7.18075e-13
3.59536e+01	6.89003e-13
3.59916e+01	6.61054e-13
3.60296e+01	6.34183e-13
3.60677e+01	6.08346e-13
3.61057e+01	5.83502e-13
3.61437e+01	5.59611e-13
3.61818e+01	5.36631e-13
3.62198e+01	5.14527e-13
3.62578e+01	4.93261e-13
3.62958e+01	4.72799e-13
3.63339e+01	4.53107e-13
3.63719e+01	4.34153e-13
3.64099e+01	4.15906e-13
3.64479e+01	3.98337e-13
3.64860e+01	3.81416e-13
3.65240e+01	3.65116e-13
3.65620e+01	3.49412e-13
3.66000e+01	3.34276e-13
3.66381e+01	3.19685e-13
3.66761e+01	3.05616e-13
3.67141e+01	2.92045e-13
3.67521e+01	2.78950e-13
3.67902e+01	2.66311e-13
3.68282e+01	2.54108e-13
3.68662e+01	2.42319e-13
3.69042e+01	2.30928e-13
3.69423e+01	2.19915e-13
3.69803e+01	2.09263e-13
3.70183e+01	1.98955e-13
3.70564e+01	1.88975e-13
3.70944e+01	1.79307e-13
3.71324e+01	1.69936e-13
3.71704e+01	1.60847e-13
3.72085e+01	1.52027e-13
3.72465e+01	1.43461e-13
3.72845e+01	1.35136e-13
3.73225e+01	1.27040e-13
3.73606e+01	1.19160e-13
3.73986e+01	1.11485e-13
3.74366e+01	1.04003e-13
3.74746e+01	9.67032e-14
3.75127e+01	8.95752e-14
3.75507e+01	8.26089e-14
3.75887e+01	7.57948e-14
3.76267e+01	6.91236e-14
3.76648e+01	6.25867e-14
3.77028e+01	5.61758e-14
3.77408e+01	4.98834e-14
3.77788e+01	4.37024e-14
3.78169e+01	3.76261e-14
3.78549e+01	3.16488e-14
3.78929e+01	2.57651e-14
3.79309e+01	1.99708e-14
3.79690e+01	1.42623e-14
3.80070e+01	8.63700e-15
