# The ell = 0 distribution, the isotropy.
# E_N [Td]	5.00000e+00
# col_1: Electron Energy [eV], col_2: f0 [eV^(-3/2)]
eV	f0
5.88677e-03	6.65502e-01
1.76603e-02	6.65527e-01
2.94338e-02	6.65551e-01
4.12074e-02	6.65572e-01
5.29809e-02	6.65594e-01
6.47544e-02	6.65616e-01
7.65280e-02	6.65639e-01
8.83015e-02	6.65661e-01
1.00075e-01	6.65684e-01
1.11849e-01	6.65707e-01
1.23622e-01	6.65730e-01
1.35396e-01	6.65753e-01
1.47169e-01	6.65775e-01
1.58943e-01	6.65798e-01
1.70716e-01	6.65820e-01
1.82490e-01	6.65841e-01
1.94263e-01	6.65862e-01
2.06037e-01	6.65882e-01
2.17810e-01	6.65902e-01
2.29584e-01	6.65922e-01
2.41357e-01	6.65940e-01
2.53131e-01	6.65959e-01
2.64905e-01	6.65976e-01
2.76678e-01	6.65993e-01
2.88452e-01	6.66010e-01
3.00225e-01	6.66026e-01
3.11999e-01	6.66041e-01
3.23772e-01	6.66057e-01
3.35546e-01	6.66074e-01
3.47319e-01	6.66090e-01
3.59093e-01	6.66108e-01
3.70866e-01	6.66125e-01
3.82640e-01	6.66144e-01
3.94413e-01	6.66164e-01
4.06187e-01	6.66184e-01
4.17961e-01	6.66206e-01
4.29734e-01	6.66228e-01
4.41508e-01	6.66251e-01
4.53281e-01	6.66276e-01
4.65055e-01	6.66301e-01
4.76828e-01	6.66327e-01
4.88602e-01	6.66354e-01
5.00375e-01	6.66381e-01
5.12149e-01	6.66410e-01
5.23922e-01	6.66439e-01
5.35696e-01	6.66468e-01
5.47469e-01	6.66498e-01
5.59243e-01	6.66527e-01
5.71016e-01	6.66557e-01
5.82790e-01	6.66585e-01
5.94564e-01	6.66614e-01
6.06337e-01	6.66641e-01
6.18111e-01	6.66667e-01
6.29884e-01	6.66693e-01
6.41658e-01	6.66717e-01
6.53431e-01	6.66739e-01
6.65205e-01	6.66758e-01
6.76978e-01	6.66775e-01
6.88752e-01	6.66789e-01
7.00525e-01	6.66799e-01
7.12299e-01	6.66800e-01
7.24072e-01	6.66790e-01
7.35846e-01	6.66768e-01
7.47619e-01	6.66734e-01
7.59393e-01	6.66685e-01
7.71167e-01	6.66615e-01
7.82940e-01	6.66520e-01
7.94714e-01	6.66400e-01
8.06487e-01	6.66252e-01
8.18261e-01	6.66076e-01
8.30034e-01	6.65872e-01
8.41808e-01	6.65639e-01
8.53581e-01	6.65378e-01
8.65355e-01	6.65093e-01
8.77128e-01	6.64783e-01
8.88902e-01	6.64445e-01
9.00675e-01	6.64074e-01
9.12449e-01	6.63671e-01
9.24223e-01	6.63234e-01
9.35996e-01	6.62765e-01
9.47770e-01	6.62258e-01
9.59543e-01	6.61705e-01
9.71317e-01	6.61100e-01
9.83090e-01	6.60442e-01
9.94864e-01	6.59728e-01
1.00664e+00	6.58958e-01
1.01841e+00	6.58118e-01
1.03018e+00	6.57197e-01
1.04196e+00	6.56187e-01
1.05373e+00	6.55085e-01
1.06550e+00	6.53890e-01
1.07728e+00	6.52599e-01
1.08905e+00	6.51199e-01
1.10083e+00	6.49688e-01
1.11260e+00	6.48061e-01
1.12437e+00	6.46320e-01
1.13615e+00	6.44466e-01
1.14792e+00	6.42503e-01
1.15969e+00	6.40428e-01
1.17147e+00	6.38239e-01
1.18324e+00	6.35937e-01
1.19501e+00	6.33526e-01
1.20679e+00	6.31007e-01
1.21856e+00	6.28388e-01
1.23033e+00	6.25655e-01
1.24211e+00	6.22801e-01
1.25388e+00	6.19819e-01
1.26566e+00	6.16707e-01
1.27743e+00	6.13466e-01
1.28920e+00	6.10100e-01
1.30098e+00	6.06612e-01
1.31275e+00	6.02965e-01
1.32452e+00	5.99130e-01
1.33630e+00	5.95083e-01
1.34807e+00	5.90809e-01
1.35984e+00	5.86296e-01
1.37162e+00	5.81539e-01
1.38339e+00	5.76537e-01
1.39516e+00	5.71310e-01
1.40694e+00	5.65877e-01
1.41871e+00	5.60253e-01
1.43048e+00	5.54454e-01
1.44226e+00	5.48495e-01
1.45403e+00	5.42390e-01
1.46581e+00	5.36142e-01
1.47758e+00	5.29751e-01
1.48935e+00	5.23218e-01
1.50113e+00	5.16543e-01
1.51290e+00	5.09728e-01
1.52467e+00	5.02777e-01
1.53645e+00	4.95703e-01
1.54822e+00	4.88505e-01
1.55999e+00	4.81096e-01
1.57177e+00	4.73426e-01
1.58354e+00	4.65454e-01
1.59531e+00	4.57150e-01
1.60709e+00	4.48489e-01
1.61886e+00	4.39455e-01
1.63063e+00	4.30035e-01
1.64241e+00	4.20225e-01
1.65418e+00	4.10039e-01
1.66596e+00	3.99499e-01
1.67773e+00	3.88624e-01
1.68950e+00	3.77441e-01
1.70128e+00	3.65971e-01
1.71305e+00	3.54228e-01
1.72482e+00	3.42218e-01
1.73660e+00	3.29969e-01
1.74837e+00	3.17528e-01
1.76014e+00	3.04929e-01
1.77192e+00	2.92231e-01
1.78369e+00	2.79487e-01
1.79546e+00	2.66730e-01
1.80724e+00	2.53998e-01
1.81901e+00	2.41337e-01
1.83078e+00	2.28762e-01
1.84256e+00	2.16232e-01
1.85433e+00	2.03793e-01
1.86611e+00	1.91494e-01
1.87788e+00	1.79368e-01
1.88965e+00	1.67496e-01
1.90143e+00	1.55968e-01
1.91320e+00	1.44853e-01
1.92497e+00	1.34222e-01
1.93675e+00	1.24205e-01
1.94852e+00	1.14805e-01
1.96029e+00	1.06043e-01
1.97207e+00	9.78926e-02
1.98384e+00	9.03286e-02
1.99561e+00	8.33292e-02
2.00739e+00	7.68769e-02
2.01916e+00	7.09711e-02
2.03093e+00	6.55912e-02
2.04271e+00	6.06754e-02
2.05448e+00	5.61648e-02
2.06626e+00	5.20065e-02
2.07803e+00	4.81556e-02
2.08980e+00	4.45766e-02
2.10158e+00	4.12351e-02
2.11335e+00	3.80998e-02
2.12512e+00	3.51384e-02
2.13690e+00	3.23579e-02
2.14867e+00	2.97558e-02
2.16044e+00	2.73374e-02
2.17222e+00	2.50944e-02
2.18399e+00	2.30171e-02
2.19576e+00	2.10963e-02
2.20754e+00	1.93245e-02
2.21931e+00	1.76938e-02
2.23108e+00	1.61920e-02
2.24286e+00	1.48110e-02
2.25463e+00	1.35564e-02
2.26641e+00	1.24163e-02
2.27818e+00	1.13802e-02
2.28995e+00	1.04389e-02
2.30173e+00	9.58238e-03
2.31350e+00	8.80136e-03
2.32527e+00	8.09133e-03
2.33705e+00	7.44604e-03
2.34882e+00	6.86115e-03
2.36059e+00	6.32716e-03
2.37237e+00	5.83465e-03
2.38414e+00	5.38016e-03
2.39591e+00	4.96088e-03
2.40769e+00	4.57456e-03
2.41946e+00	4.21644e-03
2.43124e+00	3.88112e-03
2.44301e+00	3.56746e-03
2.45478e+00	3.27507e-03
2.46656e+00	3.00275e-03
2.47833e+00	2.75210e-03
2.49010e+00	2.52462e-03
2.50188e+00	2.31893e-03
2.51365e+00	2.13271e-03
2.52542e+00	1.96408e-03
2.53720e+00	1.81200e-03
2.54897e+00	1.67469e-03
2.56074e+00	1.55042e-03
2.57252e+00	1.43785e-03
2.58429e+00	1.33597e-03
2.59606e+00	1.24362e-03
2.60784e+00	1.15794e-03
2.61961e+00	1.07842e-03
2.63139e+00	1.00459e-03
2.64316e+00	9.36090e-04
2.65493e+00	8.72670e-04
2.66671e+00	8.13906e-04
2.67848e+00	7.59412e-04
2.69025e+00	7.08862e-04
2.70203e+00	6.62057e-04
2.71380e+00	6.18739e-04
2.72557e+00	5.78748e-04
2.73735e+00	5.41974e-04
2.74912e+00	5.07998e-04
2.76089e+00	4.76424e-04
2.77267e+00	4.46923e-04
2.78444e+00	4.19395e-04
2.79621e+00	3.93763e-04
2.80799e+00	3.69880e-04
2.81976e+00	3.47583e-04
2.83154e+00	3.26770e-04
2.84331e+00	3.07415e-04
2.85508e+00	2.89424e-04
2.86686e+00	2.72663e-04
2.87863e+00	2.57127e-04
2.89040e+00	2.42857e-04
2.90218e+00	2.29733e-04
2.91395e+00	2.17623e-04
2.92572e+00	2.06419e-04
2.93750e+00	1.96029e-04
2.94927e+00	1.86366e-04
2.96104e+00	1.77357e-04
2.97282e+00	1.68933e-04
2.98459e+00	1.61023e-04
2.99636e+00	1.53550e-04
3.00814e+00	1.46473e-04
3.01991e+00	1.39753e-04
3.03169e+00	1.33381e-04
3.04346e+00	1.27349e-04
3.05523e+00	1.21647e-04
3.06701e+00	1.16265e-04
3.07878e+00	1.11188e-04
3.09055e+00	1.06402e-04
3.10233e+00	1.01900e-04
3.11410e+00	9.76590e-05
3.12587e+00	9.36594e-05
3.13765e+00	8.98862e-05
3.14942e+00	8.63183e-05
3.16119e+00	8.29360e-05
3.17297e+00	7.97258e-05
3.18474e+00	7.66797e-05
3.19651e+00	7.37908e-05
3.20829e+00	7.10517e-05
3.22006e+00	6.84557e-05
3.23184e+00	6.59955e-05
3.24361e+00	6.36642e-05
3.25538e+00	6.14565e-05
3.26716e+00	5.93679e-05
3.27893e+00	5.73918e-05
3.29070e+00	5.55208e-05
3.30248e+00	5.37479e-05
3.31425e+00	5.20660e-05
3.32602e+00	5.04684e-05
3.33780e+00	4.89474e-05
3.34957e+00	4.74980e-05
3.36134e+00	4.61154e-05
3.37312e+00	4.47951e-05
3.38489e+00	4.35325e-05
3.39666e+00	4.23240e-05
3.40844e+00	4.11661e-05
3.42021e+00	4.00551e-05
3.43199e+00	3.89879e-05
3.44376e+00	3.79634e-05
3.45553e+00	3.69797e-05
3.46731e+00	3.60349e-05
3.47908e+00	3.51272e-05
3.49085e+00	3.42548e-05
3.50263e+00	3.34156e-05
3.51440e+00	3.26076e-05
3.52617e+00	3.18292e-05
3.53795e+00	3.10791e-05
3.54972e+00	3.03557e-05
3.56149e+00	2.96580e-05
3.57327e+00	2.89852e-05
3.58504e+00	2.83360e-05
3.59682e+00	2.77097e-05
3.60859e+00	2.71058e-05
3.62036e+00	2.65230e-05
3.63214e+00	2.59607e-05
3.64391e+00	2.54180e-05
3.65568e+00	2.48943e-05
3.66746e+00	2.43888e-05
3.67923e+00	2.39009e-05
3.69100e+00	2.34297e-05
3.70278e+00	2.29747e-05
3.71455e+00	2.25352e-05
3.72632e+00	2.21106e-05
3.73810e+00	2.17002e-05
3.74987e+00	2.13031e-05
3.76164e+00	2.09187e-05
3.77342e+00	2.05461e-05
3.78519e+00	2.01849e-05
3.79697e+00	1.98343e-05
3.80874e+00	1.94936e-05
3.82051e+00	1.91623e-05
3.83229e+00	1.88397e-05
3.84406e+00	1.85253e-05
3.85583e+00	1.82184e-05
3.86761e+00	1.79184e-05
3.87938e+00	1.76251e-05
3.89115e+00	1.73383e-05
3.90293e+00	1.70579e-05
3.91470e+00	1.67836e-05
3.92647e+00	1.65151e-05
3.93825e+00	1.62525e-05
3.95002e+00	1.59953e-05
3.96179e+00	1.57434e-05
3.97357e+00	1.54967e-05
3.98534e+00	1.52548e-05
3.99712e+00	1.50175e-05
4.00889e+00	1.47845e-05
4.02066e+00	1.45558e-05
4.03244e+00	1.43310e-05
4.04421e+00	1.41103e-05
4.05598e+00	1.38935e-05
4.06776e+00	1.36806e-05
4.07953e+00	1.34716e-05
4.09130e+00	1.32664e-05
4.10308e+00	1.30649e-05
4.11485e+00	1.28671e-05
4.12662e+00	1.26729e-05
4.13840e+00	1.24822e-05
4.15017e+00	1.22950e-05
4.16194e+00	1.21113e-05
4.17372e+00	1.19310e-05
4.18549e+00	1.17540e-05
4.19727e+00	1.15803e-05
4.20904e+00	1.14098e-05
4.22081e+00	1.12424e-05
4.23259e+00	1.10783e-05
4.24436e+00	1.09171e-05
4.25613e+00	1.07591e-05
4.26791e+00	1.06040e-05
4.27968e+00	1.04518e-05
4.29145e+00	1.03026e-05
4.30323e+00	1.01563e-05
4.31500e+00	1.00129e-05
4.32677e+00	9.87228e-06
4.33855e+00	9.73448e-06
4.35032e+00	9.59946e-06
4.36209e+00	9.46718e-06
4.37387e+00	9.33763e-06
4.38564e+00	9.21075e-06
4.39742e+00	9.08654e-06
4.40919e+00	8.96495e-06
4.42096e+00	8.84594e-06
4.43274e+00	8.72951e-06
4.44451e+00	8.61558e-06
4.45628e+00	8.50411e-06
4.46806e+00	8.39506e-06
4.47983e+00	8.28841e-06
4.49160e+00	8.18412e-06
4.50338e+00	8.08216e-06
4.51515e+00	7.98251e-06
4.52692e+00	7.88515e-06
4.53870e+00	7.79006e-06
4.55047e+00	7.69719e-06
4.56224e+00	7.60649e-06
4.57402e+00	7.51790e-06
4.58579e+00	7.43136e-06
4.59757e+00	7.34682e-06
4.60934e+00	7.26425e-06
4.62111e+00	7.18360e-06
4.63289e+00	7.10482e-06
4.64466e+00	7.02786e-06
4.65643e+00	6.95264e-06
4.66821e+00	6.87912e-06
4.67998e+00	6.80723e-06
4.69175e+00	6.73693e-06
4.70353e+00	6.66816e-06
4.71530e+00	6.60087e-06
4.72707e+00	6.53502e-06
4.73885e+00	6.47055e-06
4.75062e+00	6.40741e-06
4.76240e+00	6.34557e-06
4.77417e+00	6.28498e-06
4.78594e+00	6.22560e-06
4.79772e+00	6.16737e-06
4.80949e+00	6.11027e-06
4.82126e+00	6.05426e-06
4.83304e+00	5.99929e-06
4.84481e+00	5.94529e-06
4.85658e+00	5.89223e-06
4.86836e+00	5.84004e-06
4.88013e+00	5.78867e-06
4.89190e+00	5.73808e-06
4.90368e+00	5.68821e-06
4.91545e+00	5.63901e-06
4.92722e+00	5.59044e-06
4.93900e+00	5.54246e-06
4.95077e+00	5.49506e-06
4.96255e+00	5.44820e-06
4.97432e+00	5.40187e-06
4.98609e+00	5.35605e-06
4.99787e+00	5.31071e-06
5.00964e+00	5.26582e-06
5.02141e+00	5.22138e-06
5.03319e+00	5.17735e-06
5.04496e+00	5.13372e-06
5.05673e+00	5.09046e-06
5.06851e+00	5.04758e-06
5.08028e+00	5.00505e-06
5.09205e+00	4.96285e-06
5.10383e+00	4.92097e-06
5.11560e+00	4.87939e-06
5.12737e+00	4.83809e-06
5.13915e+00	4.79710e-06
5.15092e+00	4.75640e-06
5.16270e+00	4.71599e-06
5.17447e+00	4.67589e-06
5.18624e+00	4.63608e-06
5.19802e+00	4.59657e-06
5.20979e+00	4.55736e-06
5.22156e+00	4.51843e-06
5.23334e+00	4.47980e-06
5.24511e+00	4.44145e-06
5.25688e+00	4.40339e-06
5.26866e+00	4.36562e-06
5.28043e+00	4.32813e-06
5.29220e+00	4.29092e-06
5.30398e+00	4.25399e-06
5.31575e+00	4.21734e-06
5.32752e+00	4.18096e-06
5.33930e+00	4.14486e-06
5.35107e+00	4.10903e-06
5.36285e+00	4.07347e-06
5.37462e+00	4.03817e-06
5.38639e+00	4.00315e-06
5.39817e+00	3.96839e-06
5.40994e+00	3.93389e-06
5.42171e+00	3.89965e-06
5.43349e+00	3.86567e-06
5.44526e+00	3.83195e-06
5.45703e+00	3.79848e-06
5.46881e+00	3.76527e-06
5.48058e+00	3.73231e-06
5.49235e+00	3.69960e-06
5.50413e+00	3.66714e-06
5.51590e+00	3.63492e-06
5.52767e+00	3.60295e-06
5.53945e+00	3.57122e-06
5.55122e+00	3.53974e-06
5.56300e+00	3.50849e-06
5.57477e+00	3.47748e-06
5.58654e+00	3.44671e-06
5.59832e+00	3.41618e-06
5.61009e+00	3.38587e-06
5.62186e+00	3.35580e-06
5.63364e+00	3.32595e-06
5.64541e+00	3.29634e-06
5.65718e+00	3.26695e-06
5.66896e+00	3.23778e-06
5.68073e+00	3.20884e-06
5.69250e+00	3.18012e-06
5.70428e+00	3.15161e-06
5.71605e+00	3.12333e-06
5.72782e+00	3.09526e-06
5.73960e+00	3.06741e-06
5.75137e+00	3.03977e-06
5.76315e+00	3.01234e-06
5.77492e+00	2.98512e-06
5.78669e+00	2.95811e-06
5.79847e+00	2.93131e-06
5.81024e+00	2.90471e-06
5.82201e+00	2.87832e-06
5.83379e+00	2.85212e-06
5.84556e+00	2.82613e-06
5.85733e+00	2.80034e-06
5.86911e+00	2.77474e-06
5.88088e+00	2.74934e-06
5.89265e+00	2.72413e-06
5.90443e+00	2.69912e-06
5.91620e+00	2.67430e-06
5.92798e+00	2.64966e-06
5.93975e+00	2.62522e-06
5.95152e+00	2.60096e-06
5.96330e+00	2.57689e-06
5.97507e+00	2.55301e-06
5.98684e+00	2.52930e-06
5.99862e+00	2.50578e-06
6.01039e+00	2.48244e-06
6.02216e+00	2.45927e-06
6.03394e+00	2.43629e-06
6.04571e+00	2.41347e-06
6.05748e+00	2.39084e-06
6.06926e+00	2.36838e-06
6.08103e+00	2.34609e-06
6.09280e+00	2.32397e-06
6.10458e+00	2.30203e-06
6.11635e+00	2.28025e-06
6.12813e+00	2.25865e-06
6.13990e+00	2.23720e-06
6.15167e+00	2.21593e-06
6.16345e+00	2.19481e-06
6.17522e+00	2.17386e-06
6.18699e+00	2.15307e-06
6.19877e+00	2.13244e-06
6.21054e+00	2.11197e-06
6.22231e+00	2.09165e-06
6.23409e+00	2.07149e-06
6.24586e+00	2.05148e-06
6.25763e+00	2.03163e-06
6.26941e+00	2.01193e-06
6.28118e+00	1.99237e-06
6.29295e+00	1.97297e-06
6.30473e+00	1.95372e-06
6.31650e+00	1.93461e-06
6.32828e+00	1.91564e-06
6.34005e+00	1.89682e-06
6.35182e+00	1.87815e-06
6.36360e+00	1.85961e-06
6.37537e+00	1.84122e-06
6.38714e+00	1.82296e-06
6.39892e+00	1.80484e-06
6.41069e+00	1.78686e-06
6.42246e+00	1.76901e-06
6.43424e+00	1.75130e-06
6.44601e+00	1.73373e-06
6.45778e+00	1.71628e-06
6.46956e+00	1.69897e-06
6.48133e+00	1.68178e-06
6.49310e+00	1.66472e-06
6.50488e+00	1.64780e-06
6.51665e+00	1.63099e-06
6.52843e+00	1.61432e-06
6.54020e+00	1.59776e-06
6.55197e+00	1.58133e-06
6.56375e+00	1.56503e-06
6.57552e+00	1.54884e-06
6.58729e+00	1.53277e-06
6.59907e+00	1.51682e-06
6.61084e+00	1.50099e-06
6.62261e+00	1.48528e-06
6.63439e+00	1.46968e-06
6.64616e+00	1.45419e-06
6.65793e+00	1.43882e-06
6.66971e+00	1.42356e-06
6.68148e+00	1.40841e-06
6.69325e+00	1.39338e-06
6.70503e+00	1.37845e-06
6.71680e+00	1.36363e-06
6.72858e+00	1.34892e-06
6.74035e+00	1.33431e-06
6.75212e+00	1.31981e-06
6.76390e+00	1.30541e-06
6.77567e+00	1.29112e-06
6.78744e+00	1.27693e-06
6.79922e+00	1.26284e-06
6.81099e+00	1.24886e-06
6.82276e+00	1.23498e-06
6.83454e+00	1.22120e-06
6.84631e+00	1.20752e-06
6.85808e+00	1.19394e-06
6.86986e+00	1.18047e-06
6.88163e+00	1.16709e-06
6.89340e+00	1.15380e-06
6.90518e+00	1.14062e-06
6.91695e+00	1.12753e-06
6.92873e+00	1.11454e-06
6.94050e+00	1.10165e-06
6.95227e+00	1.08885e-06
6.96405e+00	1.07615e-06
6.97582e+00	1.06354e-06
6.98759e+00	1.05103e-06
6.99937e+00	1.03862e-06
7.01114e+00	1.02630e-06
7.02291e+00	1.01408e-06
7.03469e+00	1.00194e-06
7.04646e+00	9.89902e-07
7.05823e+00	9.77952e-07
7.07001e+00	9.66094e-07
7.08178e+00	9.54321e-07
7.09356e+00	9.42642e-07
7.10533e+00	9.31051e-07
7.11710e+00	9.19550e-07
7.12888e+00	9.08137e-07
7.14065e+00	8.96812e-07
7.15242e+00	8.85573e-07
7.16420e+00	8.74420e-07
7.17597e+00	8.63353e-07
7.18774e+00	8.52369e-07
7.19952e+00	8.41470e-07
7.21129e+00	8.30653e-07
7.22306e+00	8.19919e-07
7.23484e+00	8.09266e-07
7.24661e+00	7.98694e-07
7.25838e+00	7.88201e-07
7.27016e+00	7.77787e-07
7.28193e+00	7.67450e-07
7.29371e+00	7.57191e-07
7.30548e+00	7.47007e-07
7.31725e+00	7.36899e-07
7.32903e+00	7.26865e-07
7.34080e+00	7.16905e-07
7.35257e+00	7.07017e-07
7.36435e+00	6.97201e-07
7.37612e+00	6.87455e-07
7.38789e+00	6.77781e-07
7.39967e+00	6.68178e-07
7.41144e+00	6.58647e-07
7.42321e+00	6.49188e-07
7.43499e+00	6.39800e-07
7.44676e+00	6.30484e-07
7.45853e+00	6.21240e-07
7.47031e+00	6.12067e-07
7.48208e+00	6.02966e-07
7.49386e+00	5.93937e-07
7.50563e+00	5.84979e-07
7.51740e+00	5.76092e-07
7.52918e+00	5.67276e-07
7.54095e+00	5.58530e-07
7.55272e+00	5.49856e-07
7.56450e+00	5.41252e-07
7.57627e+00	5.32719e-07
7.58804e+00	5.24257e-07
7.59982e+00	5.15865e-07
7.61159e+00	5.07544e-07
7.62336e+00	4.99292e-07
7.63514e+00	4.91111e-07
7.64691e+00	4.83000e-07
7.65868e+00	4.74959e-07
7.67046e+00	4.66987e-07
7.68223e+00	4.59085e-07
7.69401e+00	4.51252e-07
7.70578e+00	4.43488e-07
7.71755e+00	4.35793e-07
7.72933e+00	4.28166e-07
7.74110e+00	4.20608e-07
7.75287e+00	4.13117e-07
7.76465e+00	4.05693e-07
7.77642e+00	3.98338e-07
7.78819e+00	3.91052e-07
7.79997e+00	3.83834e-07
7.81174e+00	3.76687e-07
7.82351e+00	3.69611e-07
7.83529e+00	3.62606e-07
7.84706e+00	3.55673e-07
7.85883e+00	3.48814e-07
7.87061e+00	3.42028e-07
7.88238e+00	3.35317e-07
7.89416e+00	3.28681e-07
7.90593e+00	3.22120e-07
7.91770e+00	3.15636e-07
7.92948e+00	3.09228e-07
7.94125e+00	3.02897e-07
7.95302e+00	2.96643e-07
7.96480e+00	2.90466e-07
7.97657e+00	2.84367e-07
7.98834e+00	2.78346e-07
8.00012e+00	2.72403e-07
8.01189e+00	2.66538e-07
8.02366e+00	2.60751e-07
8.03544e+00	2.55043e-07
8.04721e+00	2.49413e-07
8.05898e+00	2.43862e-07
8.07076e+00	2.38391e-07
8.08253e+00	2.32998e-07
8.09431e+00	2.27684e-07
8.10608e+00	2.22449e-07
8.11785e+00	2.17293e-07
8.12963e+00	2.12216e-07
8.14140e+00	2.07217e-07
8.15317e+00	2.02297e-07
8.16495e+00	1.97454e-07
8.17672e+00	1.92689e-07
8.18849e+00	1.88002e-07
8.20027e+00	1.83391e-07
8.21204e+00	1.78856e-07
8.22381e+00	1.74398e-07
8.23559e+00	1.70014e-07
8.24736e+00	1.65707e-07
8.25914e+00	1.61474e-07
8.27091e+00	1.57317e-07
8.28268e+00	1.53234e-07
8.29446e+00	1.49225e-07
8.30623e+00	1.45291e-07
8.31800e+00	1.41430e-07
8.32978e+00	1.37642e-07
8.34155e+00	1.33928e-07
8.35332e+00	1.30286e-07
8.36510e+00	1.26717e-07
8.37687e+00	1.23220e-07
8.38864e+00	1.19794e-07
8.40042e+00	1.16438e-07
8.41219e+00	1.13154e-07
8.42396e+00	1.09938e-07
8.43574e+00	1.06792e-07
8.44751e+00	1.03715e-07
8.45929e+00	1.00704e-07
8.47106e+00	9.77608e-08
8.48283e+00	9.48845e-08
8.49461e+00	9.20750e-08
8.50638e+00	8.93320e-08
8.51815e+00	8.66546e-08
8.52993e+00	8.40421e-08
8.54170e+00	8.14936e-08
8.55347e+00	7.90083e-08
8.56525e+00	7.65853e-08
8.57702e+00	7.42234e-08
8.58879e+00	7.19216e-08
8.60057e+00	6.96789e-08
8.61234e+00	6.74944e-08
8.62411e+00	6.53670e-08
8.63589e+00	6.32956e-08
8.64766e+00	6.12794e-08
8.65944e+00	5.93171e-08
8.67121e+00	5.74079e-08
8.68298e+00	5.55508e-08
8.69476e+00	5.37447e-08
8.70653e+00	5.19886e-08
8.71830e+00	5.02814e-08
8.73008e+00	4.86223e-08
8.74185e+00	4.70102e-08
8.75362e+00	4.54441e-08
8.76540e+00	4.39230e-08
8.77717e+00	4.24461e-08
8.78894e+00	4.10123e-08
8.80072e+00	3.96207e-08
8.81249e+00	3.82704e-08
8.82426e+00	3.69604e-08
8.83604e+00	3.56898e-08
8.84781e+00	3.44577e-08
8.85959e+00	3.32633e-08
8.87136e+00	3.21056e-08
8.88313e+00	3.09838e-08
8.89491e+00	2.98969e-08
8.90668e+00	2.88443e-08
8.91845e+00	2.78249e-08
8.93023e+00	2.68380e-08
8.94200e+00	2.58828e-08
8.95377e+00	2.49585e-08
8.96555e+00	2.40644e-08
8.97732e+00	2.31996e-08
8.98909e+00	2.23635e-08
9.00087e+00	2.15553e-08
9.01264e+00	2.07741e-08
9.02441e+00	2.00193e-08
9.03619e+00	1.92899e-08
9.04796e+00	1.85853e-08
9.05974e+00	1.79047e-08
9.07151e+00	1.72473e-08
9.08328e+00	1.66123e-08
9.09506e+00	1.59991e-08
9.10683e+00	1.54070e-08
9.11860e+00	1.48354e-08
9.13038e+00	1.42835e-08
9.14215e+00	1.37508e-08
9.15392e+00	1.32367e-08
9.16570e+00	1.27404e-08
9.17747e+00	1.22616e-08
9.18924e+00	1.17996e-08
9.20102e+00	1.13538e-08
9.21279e+00	1.09238e-08
9.22456e+00	1.05090e-08
9.23634e+00	1.01090e-08
9.24811e+00	9.72316e-09
9.25989e+00	9.35114e-09
9.27166e+00	8.99244e-09
9.28343e+00	8.64664e-09
9.29521e+00	8.31329e-09
9.30698e+00	7.99198e-09
9.31875e+00	7.68232e-09
9.33053e+00	7.38391e-09
9.34230e+00	7.09638e-09
9.35407e+00	6.81935e-09
9.36585e+00	6.55247e-09
9.37762e+00	6.29539e-09
9.38939e+00	6.04778e-09
9.40117e+00	5.80932e-09
9.41294e+00	5.57968e-09
9.42472e+00	5.35857e-09
9.43649e+00	5.14570e-09
9.44826e+00	4.94076e-09
9.46004e+00	4.74349e-09
9.47181e+00	4.55363e-09
9.48358e+00	4.37090e-09
9.49536e+00	4.19507e-09
9.50713e+00	4.02587e-09
9.51890e+00	3.86309e-09
9.53068e+00	3.70650e-09
9.54245e+00	3.55586e-09
9.55422e+00	3.41097e-09
9.56600e+00	3.27163e-09
9.57777e+00	3.13763e-09
9.58954e+00	3.00878e-09
9.60132e+00	2.88490e-09
9.61309e+00	2.76581e-09
9.62487e+00	2.65134e-09
9.63664e+00	2.54133e-09
9.64841e+00	2.43560e-09
9.66019e+00	2.33400e-09
9.67196e+00	2.23640e-09
9.68373e+00	2.14264e-09
9.69551e+00	2.05258e-09
9.70728e+00	1.96609e-09
9.71905e+00	1.88304e-09
9.73083e+00	1.80330e-09
9.74260e+00	1.72675e-09
9.75437e+00	1.65327e-09
9.76615e+00	1.58275e-09
9.77792e+00	1.51508e-09
9.78969e+00	1.45014e-09
9.80147e+00	1.38784e-09
9.81324e+00	1.32808e-09
9.82502e+00	1.27077e-09
9.83679e+00	1.21580e-09
9.84856e+00	1.16309e-09
9.86034e+00	1.11256e-09
9.87211e+00	1.06412e-09
9.88388e+00	1.01769e-09
9.89566e+00	9.73199e-10
9.90743e+00	9.30563e-10
9.91920e+00	8.89714e-10
9.93098e+00	8.50583e-10
9.94275e+00	8.13103e-10
9.95452e+00	7.77210e-10
9.96630e+00	7.42841e-10
9.97807e+00	7.09936e-10
9.98984e+00	6.78438e-10
1.00016e+01	6.48291e-10
1.00134e+01	6.19444e-10
1.00252e+01	5.91821e-10
1.00369e+01	5.65402e-10
1.00487e+01	5.40142e-10
1.00605e+01	5.15988e-10
1.00723e+01	4.92892e-10
1.00840e+01	4.70809e-10
1.00958e+01	4.49697e-10
1.01076e+01	4.29512e-10
1.01194e+01	4.10215e-10
1.01311e+01	3.91768e-10
1.01429e+01	3.74134e-10
1.01547e+01	3.57278e-10
1.01664e+01	3.41165e-10
1.01782e+01	3.25764e-10
1.01900e+01	3.11044e-10
1.02018e+01	2.96976e-10
1.02135e+01	2.83531e-10
1.02253e+01	2.70682e-10
1.02371e+01	2.58403e-10
1.02489e+01	2.46669e-10
1.02606e+01	2.35458e-10
1.02724e+01	2.24745e-10
1.02842e+01	2.14510e-10
1.02960e+01	2.04731e-10
1.03077e+01	1.95389e-10
1.03195e+01	1.86464e-10
1.03313e+01	1.77938e-10
1.03431e+01	1.69794e-10
1.03548e+01	1.62015e-10
1.03666e+01	1.54585e-10
1.03784e+01	1.47488e-10
1.03901e+01	1.40710e-10
1.04019e+01	1.34237e-10
1.04137e+01	1.28056e-10
1.04255e+01	1.22153e-10
1.04372e+01	1.16516e-10
1.04490e+01	1.11133e-10
1.04608e+01	1.05994e-10
1.04726e+01	1.01087e-10
1.04843e+01	9.64024e-11
1.04961e+01	9.19297e-11
1.05079e+01	8.76597e-11
1.05197e+01	8.35835e-11
1.05314e+01	7.96924e-11
1.05432e+01	7.59781e-11
1.05550e+01	7.24327e-11
1.05667e+01	6.90487e-11
1.05785e+01	6.58189e-11
1.05903e+01	6.27364e-11
1.06021e+01	5.97954e-11
1.06138e+01	5.69863e-11
1.06256e+01	5.43085e-11
1.06374e+01	5.17545e-11
1.06492e+01	4.93189e-11
1.06609e+01	4.69963e-11
1.06727e+01	4.47815e-11
1.06845e+01	4.26696e-11
1.06963e+01	4.06559e-11
1.07080e+01	3.87359e-11
1.07198e+01	3.69052e-11
1.07316e+01	3.51598e-11
1.07434e+01	3.34958e-11
1.07551e+01	3.19094e-11
1.07669e+01	3.03970e-11
1.07787e+01	2.89552e-11
1.07904e+01	2.75808e-11
1.08022e+01	2.62706e-11
1.08140e+01	2.50217e-11
1.08258e+01	2.38313e-11
1.08375e+01	2.26967e-11
1.08493e+01	2.16152e-11
1.08611e+01	2.05844e-11
1.08729e+01	1.96020e-11
1.08846e+01	1.86657e-11
1.08964e+01	1.77734e-11
1.09082e+01	1.69230e-11
1.09200e+01	1.61126e-11
1.09317e+01	1.53402e-11
1.09435e+01	1.46043e-11
1.09553e+01	1.39030e-11
1.09670e+01	1.32347e-11
1.09788e+01	1.25979e-11
1.09906e+01	1.19910e-11
1.10024e+01	1.14128e-11
1.10141e+01	1.08619e-11
1.10259e+01	1.03369e-11
1.10377e+01	9.83671e-12
1.10495e+01	9.36010e-12
1.10612e+01	8.90597e-12
1.10730e+01	8.47326e-12
1.10848e+01	8.06096e-12
1.10966e+01	7.66810e-12
1.11083e+01	7.29375e-12
1.11201e+01	6.93705e-12
1.11319e+01	6.59714e-12
1.11437e+01	6.27323e-12
1.11554e+01	5.96457e-12
1.11672e+01	5.67041e-12
1.11790e+01	5.39007e-12
1.11907e+01	5.12288e-12
1.12025e+01	4.86821e-12
1.12143e+01	4.62547e-12
1.12261e+01	4.39411e-12
1.12378e+01	4.17357e-12
1.12496e+01	3.96335e-12
1.12614e+01	3.76296e-12
1.12732e+01	3.57192e-12
1.12849e+01	3.38978e-12
1.12967e+01	3.21612e-12
1.13085e+01	3.05052e-12
1.13203e+01	2.89260e-12
1.13320e+01	2.74198e-12
1.13438e+01	2.59831e-12
1.13556e+01	2.46125e-12
1.13673e+01	2.33046e-12
1.13791e+01	2.20565e-12
1.13909e+01	2.08650e-12
1.14027e+01	1.97275e-12
1.14144e+01	1.86411e-12
1.14262e+01	1.76033e-12
1.14380e+01	1.66117e-12
1.14498e+01	1.56638e-12
1.14615e+01	1.47574e-12
1.14733e+01	1.38903e-12
1.14851e+01	1.30604e-12
1.14969e+01	1.22659e-12
1.15086e+01	1.15047e-12
1.15204e+01	1.07751e-12
1.15322e+01	1.00752e-12
1.15440e+01	9.40328e-13
1.15557e+01	8.75770e-13
1.15675e+01	8.13712e-13
1.15793e+01	7.54044e-13
1.15910e+01	6.96650e-13
1.16028e+01	6.41410e-13
1.16146e+01	5.88206e-13
1.16264e+01	5.36924e-13
1.16381e+01	4.87448e-13
1.16499e+01	4.39733e-13
1.16617e+01	3.93693e-13
1.16735e+01	3.49241e-13
1.16852e+01	3.06238e-13
1.16970e+01	2.64547e-13
1.17088e+01	2.24041e-13
1.17206e+01	1.84598e-13
1.17323e+01	1.46110e-13
1.17441e+01	1.08497e-13
1.17559e+01	7.17467e-14
1.17676e+01	3.59276e-14
