# The ell = 0 distribution, the isotropy.
# E_N [Td]	7.00000e+00
# col_1: Electron Energy [eV], col_2: f0 [eV^(-3/2)]
eV	f0
6.88877e-03	6.23118e-01
2.06663e-02	6.23206e-01
3.44439e-02	6.23293e-01
4.82214e-02	6.23379e-01
6.19989e-02	6.23465e-01
7.57765e-02	6.23551e-01
8.95540e-02	6.23637e-01
1.03332e-01	6.23724e-01
1.17109e-01	6.23811e-01
1.30887e-01	6.23898e-01
1.44664e-01	6.23985e-01
1.58442e-01	6.24073e-01
1.72219e-01	6.24160e-01
1.85997e-01	6.24248e-01
1.99774e-01	6.24335e-01
2.13552e-01	6.24423e-01
2.27329e-01	6.24511e-01
2.41107e-01	6.24600e-01
2.54885e-01	6.24688e-01
2.68662e-01	6.24778e-01
2.82440e-01	6.24867e-01
2.96217e-01	6.24958e-01
3.09995e-01	6.25049e-01
3.23772e-01	6.25142e-01
3.37550e-01	6.25237e-01
3.51327e-01	6.25333e-01
3.65105e-01	6.25432e-01
3.78882e-01	6.25533e-01
3.92660e-01	6.25636e-01
4.06437e-01	6.25742e-01
4.20215e-01	6.25850e-01
4.33993e-01	6.25961e-01
4.47770e-01	6.26075e-01
4.61548e-01	6.26192e-01
4.75325e-01	6.26311e-01
4.89103e-01	6.26433e-01
5.02880e-01	6.26557e-01
5.16658e-01	6.26684e-01
5.30435e-01	6.26813e-01
5.44213e-01	6.26944e-01
5.57990e-01	6.27076e-01
5.71768e-01	6.27209e-01
5.85546e-01	6.27343e-01
5.99323e-01	6.27477e-01
6.13101e-01	6.27612e-01
6.26878e-01	6.27746e-01
6.40656e-01	6.27881e-01
6.54433e-01	6.28013e-01
6.68211e-01	6.28141e-01
6.81988e-01	6.28265e-01
6.95766e-01	6.28384e-01
7.09543e-01	6.28494e-01
7.23321e-01	6.28590e-01
7.37098e-01	6.28669e-01
7.50876e-01	6.28729e-01
7.64654e-01	6.28767e-01
7.78431e-01	6.28776e-01
7.92209e-01	6.28754e-01
8.05986e-01	6.28698e-01
8.19764e-01	6.28608e-01
8.33541e-01	6.28482e-01
8.47319e-01	6.28321e-01
8.61096e-01	6.28128e-01
8.74874e-01	6.27903e-01
8.88651e-01	6.27646e-01
9.02429e-01	6.27350e-01
9.16206e-01	6.27013e-01
9.29984e-01	6.26635e-01
9.43762e-01	6.26216e-01
9.57539e-01	6.25744e-01
9.71317e-01	6.25211e-01
9.85094e-01	6.24611e-01
9.98872e-01	6.23941e-01
1.01265e+00	6.23199e-01
1.02643e+00	6.22369e-01
1.04020e+00	6.21439e-01
1.05398e+00	6.20401e-01
1.06776e+00	6.19251e-01
1.08154e+00	6.17985e-01
1.09531e+00	6.16593e-01
1.10909e+00	6.15072e-01
1.12287e+00	6.13421e-01
1.13665e+00	6.11639e-01
1.15042e+00	6.09727e-01
1.16420e+00	6.07683e-01
1.17798e+00	6.05508e-01
1.19176e+00	6.03203e-01
1.20553e+00	6.00772e-01
1.21931e+00	5.98219e-01
1.23309e+00	5.95531e-01
1.24687e+00	5.92701e-01
1.26065e+00	5.89723e-01
1.27442e+00	5.86598e-01
1.28820e+00	5.83325e-01
1.30198e+00	5.79903e-01
1.31576e+00	5.76291e-01
1.32953e+00	5.72462e-01
1.34331e+00	5.68394e-01
1.35709e+00	5.64069e-01
1.37087e+00	5.59472e-01
1.38464e+00	5.54606e-01
1.39842e+00	5.49493e-01
1.41220e+00	5.44152e-01
1.42598e+00	5.38603e-01
1.43975e+00	5.32861e-01
1.45353e+00	5.26942e-01
1.46731e+00	5.20870e-01
1.48109e+00	5.14652e-01
1.49486e+00	5.08292e-01
1.50864e+00	5.01794e-01
1.52242e+00	4.95161e-01
1.53620e+00	4.88402e-01
1.54997e+00	4.81522e-01
1.56375e+00	4.74451e-01
1.57753e+00	4.67135e-01
1.59131e+00	4.59525e-01
1.60508e+00	4.51581e-01
1.61886e+00	4.43269e-01
1.63264e+00	4.34561e-01
1.64642e+00	4.25418e-01
1.66019e+00	4.15844e-01
1.67397e+00	4.05848e-01
1.68775e+00	3.95447e-01
1.70153e+00	3.84656e-01
1.71530e+00	3.73486e-01
1.72908e+00	3.61936e-01
1.74286e+00	3.50019e-01
1.75664e+00	3.37786e-01
1.77041e+00	3.25304e-01
1.78419e+00	3.12641e-01
1.79797e+00	2.99845e-01
1.81175e+00	2.86970e-01
1.82552e+00	2.74072e-01
1.83930e+00	2.61159e-01
1.85308e+00	2.48210e-01
1.86686e+00	2.35278e-01
1.88063e+00	2.22392e-01
1.89441e+00	2.09646e-01
1.90819e+00	1.97142e-01
1.92197e+00	1.84967e-01
1.93574e+00	1.73306e-01
1.94952e+00	1.62220e-01
1.96330e+00	1.51761e-01
1.97708e+00	1.41923e-01
1.99085e+00	1.32695e-01
2.00463e+00	1.24074e-01
2.01841e+00	1.16062e-01
2.03219e+00	1.08670e-01
2.04596e+00	1.01824e-01
2.05974e+00	9.54555e-02
2.07352e+00	8.94973e-02
2.08730e+00	8.38989e-02
2.10108e+00	7.86123e-02
2.11485e+00	7.35926e-02
2.12863e+00	6.87944e-02
2.14241e+00	6.42322e-02
2.15619e+00	5.99149e-02
2.16996e+00	5.58510e-02
2.18374e+00	5.20303e-02
2.19752e+00	4.84437e-02
2.21130e+00	4.50865e-02
2.22507e+00	4.19468e-02
2.23885e+00	3.90096e-02
2.25263e+00	3.62913e-02
2.26641e+00	3.37866e-02
2.28018e+00	3.14791e-02
2.29396e+00	2.93536e-02
2.30774e+00	2.73914e-02
2.32152e+00	2.55824e-02
2.33529e+00	2.39160e-02
2.34907e+00	2.23851e-02
2.36285e+00	2.09659e-02
2.37663e+00	1.96354e-02
2.39040e+00	1.83877e-02
2.40418e+00	1.72203e-02
2.41796e+00	1.61236e-02
2.43174e+00	1.50814e-02
2.44551e+00	1.40907e-02
2.45929e+00	1.31519e-02
2.47307e+00	1.22651e-02
2.48685e+00	1.14479e-02
2.50062e+00	1.07001e-02
2.51440e+00	1.00156e-02
2.52818e+00	9.38886e-03
2.54196e+00	8.81744e-03
2.55573e+00	8.29552e-03
2.56951e+00	7.81776e-03
2.58329e+00	7.38047e-03
2.59707e+00	6.97959e-03
2.61084e+00	6.60207e-03
2.62462e+00	6.24651e-03
2.63840e+00	5.91156e-03
2.65218e+00	5.59693e-03
2.66595e+00	5.30140e-03
2.67973e+00	5.02361e-03
2.69351e+00	4.76250e-03
2.70729e+00	4.51740e-03
2.72106e+00	4.28748e-03
2.73484e+00	4.07404e-03
2.74862e+00	3.87495e-03
2.76240e+00	3.68799e-03
2.77617e+00	3.51133e-03
2.78995e+00	3.34476e-03
2.80373e+00	3.18792e-03
2.81751e+00	3.04014e-03
2.83128e+00	2.90073e-03
2.84506e+00	2.76985e-03
2.85884e+00	2.64700e-03
2.87262e+00	2.53165e-03
2.88639e+00	2.42430e-03
2.90017e+00	2.32493e-03
2.91395e+00	2.23265e-03
2.92773e+00	2.14664e-03
2.94151e+00	2.06625e-03
2.95528e+00	1.99081e-03
2.96906e+00	1.91979e-03
2.98284e+00	1.85262e-03
2.99662e+00	1.78858e-03
3.01039e+00	1.72734e-03
3.02417e+00	1.66862e-03
3.03795e+00	1.61244e-03
3.05173e+00	1.55880e-03
3.06550e+00	1.50772e-03
3.07928e+00	1.45914e-03
3.09306e+00	1.41301e-03
3.10684e+00	1.36929e-03
3.12061e+00	1.32781e-03
3.13439e+00	1.28843e-03
3.14817e+00	1.25099e-03
3.16195e+00	1.21527e-03
3.17572e+00	1.18114e-03
3.18950e+00	1.14855e-03
3.20328e+00	1.11745e-03
3.21706e+00	1.08779e-03
3.23083e+00	1.05952e-03
3.24461e+00	1.03259e-03
3.25839e+00	1.00696e-03
3.27217e+00	9.82595e-04
3.28594e+00	9.59430e-04
3.29972e+00	9.37385e-04
3.31350e+00	9.16379e-04
3.32728e+00	8.96332e-04
3.34105e+00	8.77149e-04
3.35483e+00	8.58769e-04
3.36861e+00	8.41136e-04
3.38239e+00	8.24191e-04
3.39616e+00	8.07887e-04
3.40994e+00	7.92180e-04
3.42372e+00	7.77021e-04
3.43750e+00	7.62379e-04
3.45127e+00	7.48245e-04
3.46505e+00	7.34599e-04
3.47883e+00	7.21423e-04
3.49261e+00	7.08694e-04
3.50638e+00	6.96387e-04
3.52016e+00	6.84477e-04
3.53394e+00	6.72946e-04
3.54772e+00	6.61776e-04
3.56149e+00	6.50953e-04
3.57527e+00	6.40469e-04
3.58905e+00	6.30314e-04
3.60283e+00	6.20478e-04
3.61660e+00	6.10954e-04
3.63038e+00	6.01728e-04
3.64416e+00	5.92790e-04
3.65794e+00	5.84131e-04
3.67171e+00	5.75743e-04
3.68549e+00	5.67614e-04
3.69927e+00	5.59735e-04
3.71305e+00	5.52098e-04
3.72682e+00	5.44694e-04
3.74060e+00	5.37511e-04
3.75438e+00	5.30535e-04
3.76816e+00	5.23753e-04
3.78194e+00	5.17155e-04
3.79571e+00	5.10728e-04
3.80949e+00	5.04457e-04
3.82327e+00	4.98333e-04
3.83705e+00	4.92343e-04
3.85082e+00	4.86475e-04
3.86460e+00	4.80717e-04
3.87838e+00	4.75061e-04
3.89216e+00	4.69506e-04
3.90593e+00	4.64051e-04
3.91971e+00	4.58690e-04
3.93349e+00	4.53422e-04
3.94727e+00	4.48243e-04
3.96104e+00	4.43151e-04
3.97482e+00	4.38141e-04
3.98860e+00	4.33209e-04
4.00238e+00	4.28349e-04
4.01615e+00	4.23557e-04
4.02993e+00	4.18830e-04
4.04371e+00	4.14167e-04
4.05749e+00	4.09570e-04
4.07126e+00	4.05037e-04
4.08504e+00	4.00570e-04
4.09882e+00	3.96166e-04
4.11260e+00	3.91826e-04
4.12637e+00	3.87550e-04
4.14015e+00	3.83336e-04
4.15393e+00	3.79184e-04
4.16771e+00	3.75095e-04
4.18148e+00	3.71066e-04
4.19526e+00	3.67098e-04
4.20904e+00	3.63190e-04
4.22282e+00	3.59341e-04
4.23659e+00	3.55552e-04
4.25037e+00	3.51820e-04
4.26415e+00	3.48147e-04
4.27793e+00	3.44532e-04
4.29170e+00	3.40974e-04
4.30548e+00	3.37473e-04
4.31926e+00	3.34031e-04
4.33304e+00	3.30646e-04
4.34681e+00	3.27318e-04
4.36059e+00	3.24048e-04
4.37437e+00	3.20835e-04
4.38815e+00	3.17679e-04
4.40192e+00	3.14581e-04
4.41570e+00	3.11538e-04
4.42948e+00	3.08553e-04
4.44326e+00	3.05623e-04
4.45703e+00	3.02748e-04
4.47081e+00	2.99928e-04
4.48459e+00	2.97161e-04
4.49837e+00	2.94448e-04
4.51214e+00	2.91788e-04
4.52592e+00	2.89182e-04
4.53970e+00	2.86629e-04
4.55348e+00	2.84129e-04
4.56725e+00	2.81679e-04
4.58103e+00	2.79280e-04
4.59481e+00	2.76929e-04
4.60859e+00	2.74626e-04
4.62237e+00	2.72370e-04
4.63614e+00	2.70160e-04
4.64992e+00	2.67994e-04
4.66370e+00	2.65871e-04
4.67748e+00	2.63789e-04
4.69125e+00	2.61746e-04
4.70503e+00	2.59742e-04
4.71881e+00	2.57774e-04
4.73259e+00	2.55842e-04
4.74636e+00	2.53944e-04
4.76014e+00	2.52078e-04
4.77392e+00	2.50245e-04
4.78770e+00	2.48442e-04
4.80147e+00	2.46668e-04
4.81525e+00	2.44922e-04
4.82903e+00	2.43204e-04
4.84281e+00	2.41511e-04
4.85658e+00	2.39843e-04
4.87036e+00	2.38196e-04
4.88414e+00	2.36570e-04
4.89792e+00	2.34962e-04
4.91169e+00	2.33372e-04
4.92547e+00	2.31797e-04
4.93925e+00	2.30236e-04
4.95303e+00	2.28689e-04
4.96680e+00	2.27155e-04
4.98058e+00	2.25633e-04
4.99436e+00	2.24123e-04
5.00814e+00	2.22624e-04
5.02191e+00	2.21135e-04
5.03569e+00	2.19656e-04
5.04947e+00	2.18185e-04
5.06325e+00	2.16723e-04
5.07702e+00	2.15269e-04
5.09080e+00	2.13823e-04
5.10458e+00	2.12384e-04
5.11836e+00	2.10950e-04
5.13213e+00	2.09523e-04
5.14591e+00	2.08103e-04
5.15969e+00	2.06689e-04
5.17347e+00	2.05281e-04
5.18724e+00	2.03881e-04
5.20102e+00	2.02487e-04
5.21480e+00	2.01100e-04
5.22858e+00	1.99720e-04
5.24235e+00	1.98346e-04
5.25613e+00	1.96979e-04
5.26991e+00	1.95619e-04
5.28369e+00	1.94266e-04
5.29746e+00	1.92919e-04
5.31124e+00	1.91579e-04
5.32502e+00	1.90246e-04
5.33880e+00	1.88919e-04
5.35257e+00	1.87599e-04
5.36635e+00	1.86285e-04
5.38013e+00	1.84978e-04
5.39391e+00	1.83677e-04
5.40768e+00	1.82383e-04
5.42146e+00	1.81096e-04
5.43524e+00	1.79814e-04
5.44902e+00	1.78540e-04
5.46280e+00	1.77271e-04
5.47657e+00	1.76009e-04
5.49035e+00	1.74754e-04
5.50413e+00	1.73504e-04
5.51791e+00	1.72261e-04
5.53168e+00	1.71024e-04
5.54546e+00	1.69794e-04
5.55924e+00	1.68569e-04
5.57302e+00	1.67351e-04
5.58679e+00	1.66139e-04
5.60057e+00	1.64933e-04
5.61435e+00	1.63733e-04
5.62813e+00	1.62540e-04
5.64190e+00	1.61352e-04
5.65568e+00	1.60170e-04
5.66946e+00	1.58994e-04
5.68324e+00	1.57824e-04
5.69701e+00	1.56661e-04
5.71079e+00	1.55503e-04
5.72457e+00	1.54350e-04
5.73835e+00	1.53204e-04
5.75212e+00	1.52064e-04
5.76590e+00	1.50929e-04
5.77968e+00	1.49800e-04
5.79346e+00	1.48677e-04
5.80723e+00	1.47559e-04
5.82101e+00	1.46448e-04
5.83479e+00	1.45341e-04
5.84857e+00	1.44241e-04
5.86234e+00	1.43146e-04
5.87612e+00	1.42056e-04
5.88990e+00	1.40972e-04
5.90368e+00	1.39894e-04
5.91745e+00	1.38821e-04
5.93123e+00	1.37753e-04
5.94501e+00	1.36691e-04
5.95879e+00	1.35634e-04
5.97256e+00	1.34583e-04
5.98634e+00	1.33537e-04
6.00012e+00	1.32496e-04
6.01390e+00	1.31460e-04
6.02767e+00	1.30430e-04
6.04145e+00	1.29405e-04
6.05523e+00	1.28385e-04
6.06901e+00	1.27370e-04
6.08278e+00	1.26361e-04
6.09656e+00	1.25356e-04
6.11034e+00	1.24357e-04
6.12412e+00	1.23363e-04
6.13789e+00	1.22374e-04
6.15167e+00	1.21390e-04
6.16545e+00	1.20412e-04
6.17923e+00	1.19438e-04
6.19300e+00	1.18469e-04
6.20678e+00	1.17505e-04
6.22056e+00	1.16546e-04
6.23434e+00	1.15591e-04
6.24811e+00	1.14642e-04
6.26189e+00	1.13697e-04
6.27567e+00	1.12757e-04
6.28945e+00	1.11822e-04
6.30323e+00	1.10892e-04
6.31700e+00	1.09966e-04
6.33078e+00	1.09045e-04
6.34456e+00	1.08128e-04
6.35834e+00	1.07216e-04
6.37211e+00	1.06309e-04
6.38589e+00	1.05406e-04
6.39967e+00	1.04507e-04
6.41345e+00	1.03613e-04
6.42722e+00	1.02724e-04
6.44100e+00	1.01839e-04
6.45478e+00	1.00958e-04
6.46856e+00	1.00081e-04
6.48233e+00	9.92094e-05
6.49611e+00	9.83415e-05
6.50989e+00	9.74779e-05
6.52367e+00	9.66185e-05
6.53744e+00	9.57633e-05
6.55122e+00	9.49123e-05
6.56500e+00	9.40654e-05
6.57878e+00	9.32225e-05
6.59255e+00	9.23837e-05
6.60633e+00	9.15490e-05
6.62011e+00	9.07182e-05
6.63389e+00	8.98915e-05
6.64766e+00	8.90686e-05
6.66144e+00	8.82497e-05
6.67522e+00	8.74346e-05
6.68900e+00	8.66234e-05
6.70277e+00	8.58160e-05
6.71655e+00	8.50124e-05
6.73033e+00	8.42125e-05
6.74411e+00	8.34164e-05
6.75788e+00	8.26239e-05
6.77166e+00	8.18352e-05
6.78544e+00	8.10501e-05
6.79922e+00	8.02687e-05
6.81299e+00	7.94910e-05
6.82677e+00	7.87170e-05
6.84055e+00	7.79466e-05
6.85433e+00	7.71799e-05
6.86810e+00	7.64168e-05
6.88188e+00	7.56574e-05
6.89566e+00	7.49015e-05
6.90944e+00	7.41492e-05
6.92321e+00	7.34006e-05
6.93699e+00	7.26554e-05
6.95077e+00	7.19139e-05
6.96455e+00	7.11761e-05
6.97832e+00	7.04420e-05
6.99210e+00	6.97115e-05
7.00588e+00	6.89848e-05
7.01966e+00	6.82616e-05
7.03343e+00	6.75421e-05
7.04721e+00	6.68262e-05
7.06099e+00	6.61139e-05
7.07477e+00	6.54050e-05
7.08855e+00	6.46996e-05
7.10232e+00	6.39979e-05
7.11610e+00	6.32998e-05
7.12988e+00	6.26053e-05
7.14366e+00	6.19142e-05
7.15743e+00	6.12267e-05
7.17121e+00	6.05427e-05
7.18499e+00	5.98621e-05
7.19877e+00	5.91850e-05
7.21254e+00	5.85113e-05
7.22632e+00	5.78410e-05
7.24010e+00	5.71740e-05
7.25388e+00	5.65104e-05
7.26765e+00	5.58501e-05
7.28143e+00	5.51930e-05
7.29521e+00	5.45391e-05
7.30899e+00	5.38885e-05
7.32276e+00	5.32409e-05
7.33654e+00	5.25965e-05
7.35032e+00	5.19552e-05
7.36410e+00	5.13168e-05
7.37787e+00	5.06815e-05
7.39165e+00	5.00491e-05
7.40543e+00	4.94199e-05
7.41921e+00	4.87937e-05
7.43298e+00	4.81706e-05
7.44676e+00	4.75507e-05
7.46054e+00	4.69339e-05
7.47432e+00	4.63203e-05
7.48809e+00	4.57099e-05
7.50187e+00	4.51026e-05
7.51565e+00	4.44986e-05
7.52943e+00	4.38977e-05
7.54320e+00	4.33001e-05
7.55698e+00	4.27056e-05
7.57076e+00	4.21144e-05
7.58454e+00	4.15265e-05
7.59831e+00	4.09418e-05
7.61209e+00	4.03605e-05
7.62587e+00	3.97824e-05
7.63965e+00	3.92076e-05
7.65342e+00	3.86361e-05
7.66720e+00	3.80679e-05
7.68098e+00	3.75031e-05
7.69476e+00	3.69416e-05
7.70853e+00	3.63834e-05
7.72231e+00	3.58286e-05
7.73609e+00	3.52771e-05
7.74987e+00	3.47290e-05
7.76364e+00	3.41841e-05
7.77742e+00	3.36426e-05
7.79120e+00	3.31046e-05
7.80498e+00	3.25701e-05
7.81875e+00	3.20392e-05
7.83253e+00	3.15119e-05
7.84631e+00	3.09884e-05
7.86009e+00	3.04687e-05
7.87386e+00	2.99529e-05
7.88764e+00	2.94412e-05
7.90142e+00	2.89335e-05
7.91520e+00	2.84300e-05
7.92898e+00	2.79306e-05
7.94275e+00	2.74355e-05
7.95653e+00	2.69448e-05
7.97031e+00	2.64584e-05
7.98409e+00	2.59764e-05
7.99786e+00	2.54989e-05
8.01164e+00	2.50259e-05
8.02542e+00	2.45575e-05
8.03920e+00	2.40936e-05
8.05297e+00	2.36345e-05
8.06675e+00	2.31801e-05
8.08053e+00	2.27304e-05
8.09431e+00	2.22856e-05
8.10808e+00	2.18456e-05
8.12186e+00	2.14106e-05
8.13564e+00	2.09804e-05
8.14942e+00	2.05552e-05
8.16319e+00	2.01350e-05
8.17697e+00	1.97197e-05
8.19075e+00	1.93094e-05
8.20453e+00	1.89042e-05
8.21830e+00	1.85040e-05
8.23208e+00	1.81087e-05
8.24586e+00	1.77185e-05
8.25964e+00	1.73335e-05
8.27341e+00	1.69535e-05
8.28719e+00	1.65787e-05
8.30097e+00	1.62091e-05
8.31475e+00	1.58447e-05
8.32852e+00	1.54854e-05
8.34230e+00	1.51315e-05
8.35608e+00	1.47828e-05
8.36986e+00	1.44394e-05
8.38363e+00	1.41013e-05
8.39741e+00	1.37686e-05
8.41119e+00	1.34412e-05
8.42497e+00	1.31191e-05
8.43874e+00	1.28023e-05
8.45252e+00	1.24909e-05
8.46630e+00	1.21847e-05
8.48008e+00	1.18838e-05
8.49385e+00	1.15884e-05
8.50763e+00	1.12984e-05
8.52141e+00	1.10138e-05
8.53519e+00	1.07346e-05
8.54896e+00	1.04608e-05
8.56274e+00	1.01923e-05
8.57652e+00	9.92914e-06
8.59030e+00	9.67123e-06
8.60407e+00	9.41851e-06
8.61785e+00	9.17095e-06
8.63163e+00	8.92850e-06
8.64541e+00	8.69110e-06
8.65918e+00	8.45870e-06
8.67296e+00	8.23124e-06
8.68674e+00	8.00869e-06
8.70052e+00	7.79097e-06
8.71429e+00	7.57803e-06
8.72807e+00	7.36981e-06
8.74185e+00	7.16625e-06
8.75563e+00	6.96729e-06
8.76941e+00	6.77288e-06
8.78318e+00	6.58295e-06
8.79696e+00	6.39744e-06
8.81074e+00	6.21629e-06
8.82452e+00	6.03944e-06
8.83829e+00	5.86682e-06
8.85207e+00	5.69838e-06
8.86585e+00	5.53405e-06
8.87963e+00	5.37376e-06
8.89340e+00	5.21746e-06
8.90718e+00	5.06507e-06
8.92096e+00	4.91654e-06
8.93474e+00	4.77180e-06
8.94851e+00	4.63079e-06
8.96229e+00	4.49346e-06
8.97607e+00	4.35974e-06
8.98985e+00	4.22958e-06
9.00362e+00	4.10290e-06
9.01740e+00	3.97964e-06
9.03118e+00	3.85972e-06
9.04496e+00	3.74307e-06
9.05873e+00	3.62961e-06
9.07251e+00	3.51925e-06
9.08629e+00	3.41193e-06
9.10007e+00	3.30757e-06
9.11384e+00	3.20610e-06
9.12762e+00	3.10744e-06
9.14140e+00	3.01154e-06
9.15518e+00	2.91832e-06
9.16895e+00	2.82772e-06
9.18273e+00	2.73968e-06
9.19651e+00	2.65412e-06
9.21029e+00	2.57099e-06
9.22406e+00	2.49022e-06
9.23784e+00	2.41177e-06
9.25162e+00	2.33556e-06
9.26540e+00	2.26154e-06
9.27917e+00	2.18966e-06
9.29295e+00	2.11986e-06
9.30673e+00	2.05209e-06
9.32051e+00	1.98630e-06
9.33428e+00	1.92243e-06
9.34806e+00	1.86044e-06
9.36184e+00	1.80027e-06
9.37562e+00	1.74188e-06
9.38939e+00	1.68522e-06
9.40317e+00	1.63025e-06
9.41695e+00	1.57692e-06
9.43073e+00	1.52518e-06
9.44450e+00	1.47499e-06
9.45828e+00	1.42632e-06
9.47206e+00	1.37912e-06
9.48584e+00	1.33335e-06
9.49961e+00	1.28896e-06
9.51339e+00	1.24594e-06
9.52717e+00	1.20422e-06
9.54095e+00	1.16379e-06
9.55472e+00	1.12459e-06
9.56850e+00	1.08661e-06
9.58228e+00	1.04980e-06
9.59606e+00	1.01414e-06
9.60984e+00	9.79579e-07
9.62361e+00	9.46102e-07
9.63739e+00	9.13676e-07
9.65117e+00	8.82269e-07
9.66495e+00	8.51854e-07
9.67872e+00	8.22404e-07
9.69250e+00	7.93892e-07
9.70628e+00	7.66292e-07
9.72006e+00	7.39578e-07
9.73383e+00	7.13724e-07
9.74761e+00	6.88707e-07
9.76139e+00	6.64502e-07
9.77517e+00	6.41086e-07
9.78894e+00	6.18436e-07
9.80272e+00	5.96531e-07
9.81650e+00	5.75347e-07
9.83028e+00	5.54865e-07
9.84405e+00	5.35064e-07
9.85783e+00	5.15923e-07
9.87161e+00	4.97424e-07
9.88539e+00	4.79546e-07
9.89916e+00	4.62272e-07
9.91294e+00	4.45583e-07
9.92672e+00	4.29462e-07
9.94050e+00	4.13892e-07
9.95427e+00	3.98856e-07
9.96805e+00	3.84337e-07
9.98183e+00	3.70321e-07
9.99561e+00	3.56791e-07
1.00094e+01	3.43735e-07
1.00232e+01	3.31129e-07
1.00369e+01	3.18966e-07
1.00507e+01	3.07240e-07
1.00645e+01	2.95932e-07
1.00783e+01	2.85029e-07
1.00920e+01	2.74516e-07
1.01058e+01	2.64381e-07
1.01196e+01	2.54609e-07
1.01334e+01	2.45187e-07
1.01472e+01	2.36105e-07
1.01609e+01	2.27349e-07
1.01747e+01	2.18908e-07
1.01885e+01	2.10772e-07
1.02023e+01	2.02929e-07
1.02160e+01	1.95369e-07
1.02298e+01	1.88083e-07
1.02436e+01	1.81060e-07
1.02574e+01	1.74292e-07
1.02712e+01	1.67769e-07
1.02849e+01	1.61483e-07
1.02987e+01	1.55425e-07
1.03125e+01	1.49588e-07
1.03263e+01	1.43964e-07
1.03400e+01	1.38544e-07
1.03538e+01	1.33323e-07
1.03676e+01	1.28292e-07
1.03814e+01	1.23445e-07
1.03952e+01	1.18775e-07
1.04089e+01	1.14277e-07
1.04227e+01	1.09944e-07
1.04365e+01	1.05770e-07
1.04503e+01	1.01749e-07
1.04640e+01	9.78759e-08
1.04778e+01	9.41456e-08
1.04916e+01	9.05529e-08
1.05054e+01	8.70926e-08
1.05192e+01	8.37601e-08
1.05329e+01	8.05508e-08
1.05467e+01	7.74601e-08
1.05605e+01	7.44839e-08
1.05743e+01	7.16179e-08
1.05880e+01	6.88584e-08
1.06018e+01	6.62016e-08
1.06156e+01	6.36420e-08
1.06294e+01	6.11801e-08
1.06432e+01	5.88113e-08
1.06569e+01	5.65324e-08
1.06707e+01	5.43400e-08
1.06845e+01	5.22308e-08
1.06983e+01	5.02018e-08
1.07120e+01	4.82500e-08
1.07258e+01	4.63725e-08
1.07396e+01	4.45666e-08
1.07534e+01	4.28294e-08
1.07671e+01	4.11586e-08
1.07809e+01	3.95515e-08
1.07947e+01	3.80059e-08
1.08085e+01	3.65193e-08
1.08223e+01	3.50896e-08
1.08360e+01	3.37147e-08
1.08498e+01	3.23924e-08
1.08636e+01	3.11208e-08
1.08774e+01	2.98980e-08
1.08911e+01	2.87221e-08
1.09049e+01	2.75913e-08
1.09187e+01	2.65040e-08
1.09325e+01	2.54585e-08
1.09463e+01	2.44533e-08
1.09600e+01	2.34867e-08
1.09738e+01	2.25573e-08
1.09876e+01	2.16638e-08
1.10014e+01	2.08046e-08
1.10151e+01	1.99786e-08
1.10289e+01	1.91844e-08
1.10427e+01	1.84209e-08
1.10565e+01	1.76868e-08
1.10703e+01	1.69811e-08
1.10840e+01	1.63026e-08
1.10978e+01	1.56502e-08
1.11116e+01	1.50231e-08
1.11254e+01	1.44201e-08
1.11391e+01	1.38404e-08
1.11529e+01	1.32830e-08
1.11667e+01	1.27472e-08
1.11805e+01	1.22319e-08
1.11943e+01	1.17365e-08
1.12080e+01	1.12602e-08
1.12218e+01	1.08022e-08
1.12356e+01	1.03619e-08
1.12494e+01	9.93855e-09
1.12631e+01	9.53153e-09
1.12769e+01	9.14021e-09
1.12907e+01	8.76399e-09
1.13045e+01	8.40229e-09
1.13183e+01	8.05455e-09
1.13320e+01	7.72022e-09
1.13458e+01	7.39878e-09
1.13596e+01	7.08974e-09
1.13734e+01	6.79261e-09
1.13871e+01	6.50691e-09
1.14009e+01	6.23221e-09
1.14147e+01	5.96806e-09
1.14285e+01	5.71406e-09
1.14422e+01	5.46979e-09
1.14560e+01	5.23487e-09
1.14698e+01	5.00893e-09
1.14836e+01	4.79160e-09
1.14974e+01	4.58254e-09
1.15111e+01	4.38140e-09
1.15249e+01	4.18787e-09
1.15387e+01	4.00160e-09
1.15525e+01	3.82227e-09
1.15662e+01	3.64959e-09
1.15800e+01	3.48345e-09
1.15938e+01	3.32369e-09
1.16076e+01	3.17013e-09
1.16214e+01	3.02259e-09
1.16351e+01	2.88085e-09
1.16489e+01	2.74502e-09
1.16627e+01	2.61515e-09
1.16765e+01	2.49123e-09
1.16902e+01	2.37294e-09
1.17040e+01	2.25996e-09
1.17178e+01	2.15195e-09
1.17316e+01	2.04858e-09
1.17454e+01	1.94960e-09
1.17591e+01	1.85480e-09
1.17729e+01	1.76408e-09
1.17867e+01	1.67730e-09
1.18005e+01	1.59430e-09
1.18142e+01	1.51486e-09
1.18280e+01	1.43883e-09
1.18418e+01	1.36605e-09
1.18556e+01	1.29703e-09
1.18694e+01	1.23162e-09
1.18831e+01	1.16942e-09
1.18969e+01	1.11017e-09
1.19107e+01	1.05383e-09
1.19245e+01	1.00044e-09
1.19382e+01	9.49779e-10
1.19520e+01	9.01649e-10
1.19658e+01	8.55902e-10
1.19796e+01	8.12405e-10
1.19933e+01	7.71036e-10
1.20071e+01	7.31684e-10
1.20209e+01	6.94250e-10
1.20347e+01	6.58640e-10
1.20485e+01	6.24766e-10
1.20622e+01	5.92548e-10
1.20760e+01	5.61905e-10
1.20898e+01	5.32761e-10
1.21036e+01	5.05045e-10
1.21173e+01	4.78687e-10
1.21311e+01	4.53624e-10
1.21449e+01	4.29796e-10
1.21587e+01	4.07146e-10
1.21725e+01	3.85618e-10
1.21862e+01	3.65158e-10
1.22000e+01	3.45716e-10
1.22138e+01	3.27242e-10
1.22276e+01	3.09694e-10
1.22413e+01	2.93029e-10
1.22551e+01	2.77207e-10
1.22689e+01	2.62190e-10
1.22827e+01	2.47941e-10
1.22965e+01	2.34423e-10
1.23102e+01	2.21604e-10
1.23240e+01	2.09449e-10
1.23378e+01	1.97926e-10
1.23516e+01	1.87002e-10
1.23653e+01	1.76650e-10
1.23791e+01	1.66839e-10
1.23929e+01	1.57542e-10
1.24067e+01	1.48735e-10
1.24205e+01	1.40392e-10
1.24342e+01	1.32491e-10
1.24480e+01	1.25011e-10
1.24618e+01	1.17930e-10
1.24756e+01	1.11229e-10
1.24893e+01	1.04888e-10
1.25031e+01	9.88906e-11
1.25169e+01	9.32182e-11
1.25307e+01	8.78552e-11
1.25445e+01	8.27862e-11
1.25582e+01	7.79963e-11
1.25720e+01	7.34708e-11
1.25858e+01	6.91995e-11
1.25996e+01	6.51688e-11
1.26133e+01	6.13663e-11
1.26271e+01	5.77799e-11
1.26409e+01	5.43980e-11
1.26547e+01	5.12095e-11
1.26684e+01	4.82040e-11
1.26822e+01	4.53715e-11
1.26960e+01	4.27028e-11
1.27098e+01	4.01888e-11
1.27236e+01	3.78209e-11
1.27373e+01	3.55910e-11
1.27511e+01	3.34910e-11
1.27649e+01	3.15137e-11
1.27787e+01	2.96521e-11
1.27924e+01	2.78997e-11
1.28062e+01	2.62504e-11
1.28200e+01	2.46983e-11
1.28338e+01	2.32374e-11
1.28476e+01	2.18624e-11
1.28613e+01	2.05679e-11
1.28751e+01	1.93483e-11
1.28889e+01	1.81987e-11
1.29027e+01	1.71145e-11
1.29164e+01	1.60918e-11
1.29302e+01	1.51292e-11
1.29440e+01	1.42231e-11
1.29578e+01	1.33689e-11
1.29716e+01	1.25618e-11
1.29853e+01	1.17991e-11
1.29991e+01	1.10781e-11
1.30129e+01	1.03962e-11
1.30267e+01	9.75434e-12
1.30404e+01	9.15428e-12
1.30542e+01	8.59745e-12
1.30680e+01	8.08137e-12
1.30818e+01	7.60031e-12
1.30956e+01	7.15024e-12
1.31093e+01	6.72775e-12
1.31231e+01	6.33008e-12
1.31369e+01	5.95465e-12
1.31507e+01	5.59973e-12
1.31644e+01	5.26471e-12
1.31782e+01	4.94890e-12
1.31920e+01	4.65193e-12
1.32058e+01	4.37331e-12
1.32196e+01	4.11233e-12
1.32333e+01	3.86713e-12
1.32471e+01	3.63622e-12
1.32609e+01	3.41861e-12
1.32747e+01	3.21340e-12
1.32884e+01	3.01982e-12
1.33022e+01	2.83704e-12
1.33160e+01	2.66435e-12
1.33298e+01	2.50112e-12
1.33435e+01	2.34675e-12
1.33573e+01	2.20071e-12
1.33711e+01	2.06250e-12
1.33849e+01	1.93168e-12
1.33987e+01	1.80786e-12
1.34124e+01	1.69066e-12
1.34262e+01	1.57969e-12
1.34400e+01	1.47464e-12
1.34538e+01	1.37520e-12
1.34675e+01	1.28110e-12
1.34813e+01	1.19208e-12
1.34951e+01	1.10782e-12
1.35089e+01	1.02798e-12
1.35227e+01	9.52245e-13
1.35364e+01	8.80354e-13
1.35502e+01	8.12057e-13
1.35640e+01	7.47114e-13
1.35778e+01	6.85293e-13
1.35915e+01	6.26372e-13
1.36053e+01	5.70139e-13
1.36191e+01	5.16390e-13
1.36329e+01	4.64925e-13
1.36467e+01	4.15554e-13
1.36604e+01	3.68094e-13
1.36742e+01	3.22368e-13
1.36880e+01	2.78207e-13
1.37018e+01	2.35447e-13
1.37155e+01	1.93934e-13
1.37293e+01	1.53529e-13
1.37431e+01	1.14116e-13
1.37569e+01	7.56425e-14
1.37707e+01	3.81351e-14
