# The ell = 0 distribution, the isotropy.
# E_N [Td]	1.00000e+01
# col_1: Electron Energy [eV], col_2: f0 [eV^(-3/2)]
eV	f0
8.82076e-03	5.50551e-01
2.64623e-02	5.50763e-01
4.41038e-02	5.50976e-01
6.17453e-02	5.51191e-01
7.93868e-02	5.51409e-01
9.70283e-02	5.51630e-01
1.14670e-01	5.51854e-01
1.32311e-01	5.52082e-01
1.49953e-01	5.52313e-01
1.67594e-01	5.52547e-01
1.85236e-01	5.52784e-01
2.02877e-01	5.53025e-01
2.20519e-01	5.53269e-01
2.38160e-01	5.53518e-01
2.55802e-01	5.53770e-01
2.73443e-01	5.54026e-01
2.91085e-01	5.54287e-01
3.08727e-01	5.54552e-01
3.26368e-01	5.54823e-01
3.44010e-01	5.55100e-01
3.61651e-01	5.55383e-01
3.79293e-01	5.55673e-01
3.96934e-01	5.55969e-01
4.14576e-01	5.56272e-01
4.32217e-01	5.56583e-01
4.49859e-01	5.56900e-01
4.67500e-01	5.57223e-01
4.85142e-01	5.57554e-01
5.02783e-01	5.57891e-01
5.20425e-01	5.58234e-01
5.38066e-01	5.58583e-01
5.55708e-01	5.58937e-01
5.73349e-01	5.59293e-01
5.90991e-01	5.59652e-01
6.08632e-01	5.60011e-01
6.26274e-01	5.60369e-01
6.43915e-01	5.60726e-01
6.61557e-01	5.61077e-01
6.79198e-01	5.61418e-01
6.96840e-01	5.61745e-01
7.14481e-01	5.62051e-01
7.32123e-01	5.62329e-01
7.49764e-01	5.62573e-01
7.67406e-01	5.62780e-01
7.85047e-01	5.62941e-01
8.02689e-01	5.63055e-01
8.20330e-01	5.63119e-01
8.37972e-01	5.63133e-01
8.55613e-01	5.63097e-01
8.73255e-01	5.63014e-01
8.90897e-01	5.62882e-01
9.08538e-01	5.62692e-01
9.26180e-01	5.62440e-01
9.43821e-01	5.62122e-01
9.61463e-01	5.61724e-01
9.79104e-01	5.61234e-01
9.96746e-01	5.60641e-01
1.01439e+00	5.59932e-01
1.03203e+00	5.59091e-01
1.04967e+00	5.58106e-01
1.06731e+00	5.56966e-01
1.08495e+00	5.55653e-01
1.10259e+00	5.54162e-01
1.12024e+00	5.52493e-01
1.13788e+00	5.50651e-01
1.15552e+00	5.48635e-01
1.17316e+00	5.46447e-01
1.19080e+00	5.44089e-01
1.20844e+00	5.41567e-01
1.22609e+00	5.38881e-01
1.24373e+00	5.36016e-01
1.26137e+00	5.32965e-01
1.27901e+00	5.29725e-01
1.29665e+00	5.26296e-01
1.31429e+00	5.22653e-01
1.33193e+00	5.18762e-01
1.34958e+00	5.14593e-01
1.36722e+00	5.10121e-01
1.38486e+00	5.05338e-01
1.40250e+00	5.00283e-01
1.42014e+00	4.94978e-01
1.43778e+00	4.89445e-01
1.45543e+00	4.83703e-01
1.47307e+00	4.77781e-01
1.49071e+00	4.71699e-01
1.50835e+00	4.65462e-01
1.52599e+00	4.59076e-01
1.54363e+00	4.52551e-01
1.56127e+00	4.45864e-01
1.57892e+00	4.38949e-01
1.59656e+00	4.31736e-01
1.61420e+00	4.24168e-01
1.63184e+00	4.16193e-01
1.64948e+00	4.07734e-01
1.66712e+00	3.98759e-01
1.68476e+00	3.89262e-01
1.70241e+00	3.79250e-01
1.72005e+00	3.68724e-01
1.73769e+00	3.57658e-01
1.75533e+00	3.46066e-01
1.77297e+00	3.34022e-01
1.79061e+00	3.21623e-01
1.80826e+00	3.08937e-01
1.82590e+00	2.96050e-01
1.84354e+00	2.83034e-01
1.86118e+00	2.69874e-01
1.87882e+00	2.56607e-01
1.89646e+00	2.43311e-01
1.91410e+00	2.30123e-01
1.93175e+00	2.17227e-01
1.94939e+00	2.04834e-01
1.96703e+00	1.93047e-01
1.98467e+00	1.81894e-01
2.00231e+00	1.71390e-01
2.01995e+00	1.61558e-01
2.03760e+00	1.52424e-01
2.05524e+00	1.43899e-01
2.07288e+00	1.35888e-01
2.09052e+00	1.28314e-01
2.10816e+00	1.21111e-01
2.12580e+00	1.14177e-01
2.14344e+00	1.07529e-01
2.16109e+00	1.01200e-01
2.17873e+00	9.52030e-02
2.19637e+00	8.95279e-02
2.21401e+00	8.41712e-02
2.23165e+00	7.91192e-02
2.24929e+00	7.43772e-02
2.26693e+00	6.99843e-02
2.28458e+00	6.59162e-02
2.30222e+00	6.21489e-02
2.31986e+00	5.86529e-02
2.33750e+00	5.54175e-02
2.35514e+00	5.24303e-02
2.37278e+00	4.96136e-02
2.39043e+00	4.69444e-02
2.40807e+00	4.44219e-02
2.42571e+00	4.20224e-02
2.44335e+00	3.97141e-02
2.46099e+00	3.75027e-02
2.47863e+00	3.54045e-02
2.49627e+00	3.34770e-02
2.51392e+00	3.17140e-02
2.53156e+00	3.00994e-02
2.54920e+00	2.86277e-02
2.56684e+00	2.72816e-02
2.58448e+00	2.60492e-02
2.60212e+00	2.49122e-02
2.61977e+00	2.38309e-02
2.63741e+00	2.28031e-02
2.65505e+00	2.18298e-02
2.67269e+00	2.09089e-02
2.69033e+00	2.00368e-02
2.70797e+00	1.92125e-02
2.72561e+00	1.84360e-02
2.74326e+00	1.77141e-02
2.76090e+00	1.70365e-02
2.77854e+00	1.63941e-02
2.79618e+00	1.57864e-02
2.81382e+00	1.52123e-02
2.83146e+00	1.46692e-02
2.84910e+00	1.41583e-02
2.86675e+00	1.36779e-02
2.88439e+00	1.32285e-02
2.90203e+00	1.28133e-02
2.91967e+00	1.24284e-02
2.93731e+00	1.20699e-02
2.95495e+00	1.17340e-02
2.97260e+00	1.14176e-02
2.99024e+00	1.11173e-02
3.00788e+00	1.08293e-02
3.02552e+00	1.05519e-02
3.04316e+00	1.02854e-02
3.06080e+00	1.00303e-02
3.07844e+00	9.78698e-03
3.09609e+00	9.55554e-03
3.11373e+00	9.33595e-03
3.13137e+00	9.12734e-03
3.14901e+00	8.92913e-03
3.16665e+00	8.73990e-03
3.18429e+00	8.55897e-03
3.20194e+00	8.38618e-03
3.21958e+00	8.22134e-03
3.23722e+00	8.06427e-03
3.25486e+00	7.91480e-03
3.27250e+00	7.77286e-03
3.29014e+00	7.63809e-03
3.30778e+00	7.50995e-03
3.32543e+00	7.38788e-03
3.34307e+00	7.27112e-03
3.36071e+00	7.15920e-03
3.37835e+00	7.05168e-03
3.39599e+00	6.94813e-03
3.41363e+00	6.84824e-03
3.43127e+00	6.75160e-03
3.44892e+00	6.65810e-03
3.46656e+00	6.56765e-03
3.48420e+00	6.48014e-03
3.50184e+00	6.39543e-03
3.51948e+00	6.31330e-03
3.53712e+00	6.23364e-03
3.55477e+00	6.15632e-03
3.57241e+00	6.08127e-03
3.59005e+00	6.00848e-03
3.60769e+00	5.93794e-03
3.62533e+00	5.86956e-03
3.64297e+00	5.80327e-03
3.66061e+00	5.73901e-03
3.67826e+00	5.67670e-03
3.69590e+00	5.61628e-03
3.71354e+00	5.55767e-03
3.73118e+00	5.50080e-03
3.74882e+00	5.44556e-03
3.76646e+00	5.39183e-03
3.78411e+00	5.33950e-03
3.80175e+00	5.28842e-03
3.81939e+00	5.23847e-03
3.83703e+00	5.18953e-03
3.85467e+00	5.14145e-03
3.87231e+00	5.09412e-03
3.88995e+00	5.04749e-03
3.90760e+00	5.00156e-03
3.92524e+00	4.95630e-03
3.94288e+00	4.91169e-03
3.96052e+00	4.86770e-03
3.97816e+00	4.82430e-03
3.99580e+00	4.78145e-03
4.01344e+00	4.73907e-03
4.03109e+00	4.69715e-03
4.04873e+00	4.65569e-03
4.06637e+00	4.61469e-03
4.08401e+00	4.57417e-03
4.10165e+00	4.53412e-03
4.11929e+00	4.49456e-03
4.13694e+00	4.45548e-03
4.15458e+00	4.41689e-03
4.17222e+00	4.37879e-03
4.18986e+00	4.34117e-03
4.20750e+00	4.30404e-03
4.22514e+00	4.26740e-03
4.24278e+00	4.23124e-03
4.26043e+00	4.19557e-03
4.27807e+00	4.16039e-03
4.29571e+00	4.12569e-03
4.31335e+00	4.09149e-03
4.33099e+00	4.05779e-03
4.34863e+00	4.02460e-03
4.36628e+00	3.99192e-03
4.38392e+00	3.95976e-03
4.40156e+00	3.92812e-03
4.41920e+00	3.89700e-03
4.43684e+00	3.86642e-03
4.45448e+00	3.83634e-03
4.47212e+00	3.80679e-03
4.48977e+00	3.77774e-03
4.50741e+00	3.74920e-03
4.52505e+00	3.72118e-03
4.54269e+00	3.69369e-03
4.56033e+00	3.66671e-03
4.57797e+00	3.64022e-03
4.59561e+00	3.61422e-03
4.61326e+00	3.58869e-03
4.63090e+00	3.56362e-03
4.64854e+00	3.53901e-03
4.66618e+00	3.51483e-03
4.68382e+00	3.49107e-03
4.70146e+00	3.46769e-03
4.71911e+00	3.44469e-03
4.73675e+00	3.42204e-03
4.75439e+00	3.39974e-03
4.77203e+00	3.37775e-03
4.78967e+00	3.35608e-03
4.80731e+00	3.33470e-03
4.82495e+00	3.31360e-03
4.84260e+00	3.29276e-03
4.86024e+00	3.27217e-03
4.87788e+00	3.25179e-03
4.89552e+00	3.23161e-03
4.91316e+00	3.21159e-03
4.93080e+00	3.19171e-03
4.94845e+00	3.17196e-03
4.96609e+00	3.15232e-03
4.98373e+00	3.13280e-03
5.00137e+00	3.11338e-03
5.01901e+00	3.09405e-03
5.03665e+00	3.07481e-03
5.05429e+00	3.05564e-03
5.07194e+00	3.03653e-03
5.08958e+00	3.01749e-03
5.10722e+00	2.99850e-03
5.12486e+00	2.97956e-03
5.14250e+00	2.96066e-03
5.16014e+00	2.94181e-03
5.17778e+00	2.92302e-03
5.19543e+00	2.90428e-03
5.21307e+00	2.88560e-03
5.23071e+00	2.86697e-03
5.24835e+00	2.84841e-03
5.26599e+00	2.82990e-03
5.28363e+00	2.81145e-03
5.30128e+00	2.79306e-03
5.31892e+00	2.77473e-03
5.33656e+00	2.75646e-03
5.35420e+00	2.73824e-03
5.37184e+00	2.72009e-03
5.38948e+00	2.70200e-03
5.40712e+00	2.68396e-03
5.42477e+00	2.66598e-03
5.44241e+00	2.64807e-03
5.46005e+00	2.63021e-03
5.47769e+00	2.61241e-03
5.49533e+00	2.59467e-03
5.51297e+00	2.57699e-03
5.53062e+00	2.55936e-03
5.54826e+00	2.54180e-03
5.56590e+00	2.52429e-03
5.58354e+00	2.50684e-03
5.60118e+00	2.48945e-03
5.61882e+00	2.47212e-03
5.63646e+00	2.45485e-03
5.65411e+00	2.43763e-03
5.67175e+00	2.42047e-03
5.68939e+00	2.40337e-03
5.70703e+00	2.38633e-03
5.72467e+00	2.36934e-03
5.74231e+00	2.35242e-03
5.75995e+00	2.33554e-03
5.77760e+00	2.31873e-03
5.79524e+00	2.30197e-03
5.81288e+00	2.28527e-03
5.83052e+00	2.26862e-03
5.84816e+00	2.25203e-03
5.86580e+00	2.23550e-03
5.88345e+00	2.21902e-03
5.90109e+00	2.20259e-03
5.91873e+00	2.18623e-03
5.93637e+00	2.16991e-03
5.95401e+00	2.15365e-03
5.97165e+00	2.13745e-03
5.98929e+00	2.12130e-03
6.00694e+00	2.10520e-03
6.02458e+00	2.08916e-03
6.04222e+00	2.07318e-03
6.05986e+00	2.05724e-03
6.07750e+00	2.04137e-03
6.09514e+00	2.02554e-03
6.11279e+00	2.00978e-03
6.13043e+00	1.99406e-03
6.14807e+00	1.97840e-03
6.16571e+00	1.96280e-03
6.18335e+00	1.94725e-03
6.20099e+00	1.93175e-03
6.21863e+00	1.91630e-03
6.23628e+00	1.90091e-03
6.25392e+00	1.88557e-03
6.27156e+00	1.87028e-03
6.28920e+00	1.85504e-03
6.30684e+00	1.83985e-03
6.32448e+00	1.82472e-03
6.34212e+00	1.80963e-03
6.35977e+00	1.79460e-03
6.37741e+00	1.77961e-03
6.39505e+00	1.76468e-03
6.41269e+00	1.74980e-03
6.43033e+00	1.73496e-03
6.44797e+00	1.72017e-03
6.46562e+00	1.70544e-03
6.48326e+00	1.69075e-03
6.50090e+00	1.67611e-03
6.51854e+00	1.66151e-03
6.53618e+00	1.64696e-03
6.55382e+00	1.63247e-03
6.57146e+00	1.61801e-03
6.58911e+00	1.60361e-03
6.60675e+00	1.58924e-03
6.62439e+00	1.57493e-03
6.64203e+00	1.56066e-03
6.65967e+00	1.54643e-03
6.67731e+00	1.53225e-03
6.69496e+00	1.51812e-03
6.71260e+00	1.50402e-03
6.73024e+00	1.48997e-03
6.74788e+00	1.47596e-03
6.76552e+00	1.46200e-03
6.78316e+00	1.44808e-03
6.80080e+00	1.43420e-03
6.81845e+00	1.42036e-03
6.83609e+00	1.40657e-03
6.85373e+00	1.39282e-03
6.87137e+00	1.37911e-03
6.88901e+00	1.36544e-03
6.90665e+00	1.35182e-03
6.92429e+00	1.33824e-03
6.94194e+00	1.32471e-03
6.95958e+00	1.31121e-03
6.97722e+00	1.29777e-03
6.99486e+00	1.28437e-03
7.01250e+00	1.27102e-03
7.03014e+00	1.25771e-03
7.04779e+00	1.24445e-03
7.06543e+00	1.23123e-03
7.08307e+00	1.21806e-03
7.10071e+00	1.20494e-03
7.11835e+00	1.19186e-03
7.13599e+00	1.17883e-03
7.15363e+00	1.16584e-03
7.17128e+00	1.15290e-03
7.18892e+00	1.14001e-03
7.20656e+00	1.12716e-03
7.22420e+00	1.11436e-03
7.24184e+00	1.10160e-03
7.25948e+00	1.08889e-03
7.27713e+00	1.07622e-03
7.29477e+00	1.06359e-03
7.31241e+00	1.05101e-03
7.33005e+00	1.03847e-03
7.34769e+00	1.02597e-03
7.36533e+00	1.01351e-03
7.38297e+00	1.00109e-03
7.40062e+00	9.88713e-04
7.41826e+00	9.76376e-04
7.43590e+00	9.64082e-04
7.45354e+00	9.51831e-04
7.47118e+00	9.39623e-04
7.48882e+00	9.27459e-04
7.50646e+00	9.15341e-04
7.52411e+00	9.03267e-04
7.54175e+00	8.91238e-04
7.55939e+00	8.79255e-04
7.57703e+00	8.67318e-04
7.59467e+00	8.55428e-04
7.61231e+00	8.43585e-04
7.62996e+00	8.31789e-04
7.64760e+00	8.20042e-04
7.66524e+00	8.08343e-04
7.68288e+00	7.96693e-04
7.70052e+00	7.85093e-04
7.71816e+00	7.73541e-04
7.73580e+00	7.62040e-04
7.75345e+00	7.50587e-04
7.77109e+00	7.39184e-04
7.78873e+00	7.27832e-04
7.80637e+00	7.16533e-04
7.82401e+00	7.05289e-04
7.84165e+00	6.94103e-04
7.85930e+00	6.82977e-04
7.87694e+00	6.71913e-04
7.89458e+00	6.60914e-04
7.91222e+00	6.49981e-04
7.92986e+00	6.39117e-04
7.94750e+00	6.28324e-04
7.96514e+00	6.17602e-04
7.98279e+00	6.06955e-04
8.00043e+00	5.96383e-04
8.01807e+00	5.85888e-04
8.03571e+00	5.75472e-04
8.05335e+00	5.65136e-04
8.07099e+00	5.54884e-04
8.08863e+00	5.44716e-04
8.10628e+00	5.34634e-04
8.12392e+00	5.24641e-04
8.14156e+00	5.14736e-04
8.15920e+00	5.04922e-04
8.17684e+00	4.95199e-04
8.19448e+00	4.85570e-04
8.21213e+00	4.76033e-04
8.22977e+00	4.66591e-04
8.24741e+00	4.57245e-04
8.26505e+00	4.47997e-04
8.28269e+00	4.38848e-04
8.30033e+00	4.29800e-04
8.31797e+00	4.20854e-04
8.33562e+00	4.12013e-04
8.35326e+00	4.03277e-04
8.37090e+00	3.94649e-04
8.38854e+00	3.86131e-04
8.40618e+00	3.77723e-04
8.42382e+00	3.69426e-04
8.44147e+00	3.61242e-04
8.45911e+00	3.53171e-04
8.47675e+00	3.45213e-04
8.49439e+00	3.37374e-04
8.51203e+00	3.29655e-04
8.52967e+00	3.22057e-04
8.54731e+00	3.14580e-04
8.56496e+00	3.07226e-04
8.58260e+00	2.99994e-04
8.60024e+00	2.92883e-04
8.61788e+00	2.85894e-04
8.63552e+00	2.79026e-04
8.65316e+00	2.72279e-04
8.67080e+00	2.65652e-04
8.68845e+00	2.59146e-04
8.70609e+00	2.52759e-04
8.72373e+00	2.46491e-04
8.74137e+00	2.40342e-04
8.75901e+00	2.34310e-04
8.77665e+00	2.28396e-04
8.79430e+00	2.22597e-04
8.81194e+00	2.16915e-04
8.82958e+00	2.11347e-04
8.84722e+00	2.05894e-04
8.86486e+00	2.00553e-04
8.88250e+00	1.95325e-04
8.90014e+00	1.90208e-04
8.91779e+00	1.85201e-04
8.93543e+00	1.80303e-04
8.95307e+00	1.75513e-04
8.97071e+00	1.70832e-04
8.98835e+00	1.66256e-04
9.00599e+00	1.61786e-04
9.02364e+00	1.57420e-04
9.04128e+00	1.53157e-04
9.05892e+00	1.48993e-04
9.07656e+00	1.44928e-04
9.09420e+00	1.40959e-04
9.11184e+00	1.37084e-04
9.12948e+00	1.33302e-04
9.14713e+00	1.29611e-04
9.16477e+00	1.26009e-04
9.18241e+00	1.22494e-04
9.20005e+00	1.19065e-04
9.21769e+00	1.15719e-04
9.23533e+00	1.12456e-04
9.25297e+00	1.09273e-04
9.27062e+00	1.06169e-04
9.28826e+00	1.03142e-04
9.30590e+00	1.00192e-04
9.32354e+00	9.73148e-05
9.34118e+00	9.45106e-05
9.35882e+00	9.17775e-05
9.37647e+00	8.91140e-05
9.39411e+00	8.65187e-05
9.41175e+00	8.39899e-05
9.42939e+00	8.15264e-05
9.44703e+00	7.91267e-05
9.46467e+00	7.67893e-05
9.48231e+00	7.45130e-05
9.49996e+00	7.22963e-05
9.51760e+00	7.01380e-05
9.53524e+00	6.80367e-05
9.55288e+00	6.59911e-05
9.57052e+00	6.39999e-05
9.58816e+00	6.20619e-05
9.60581e+00	6.01760e-05
9.62345e+00	5.83409e-05
9.64109e+00	5.65556e-05
9.65873e+00	5.48188e-05
9.67637e+00	5.31296e-05
9.69401e+00	5.14870e-05
9.71165e+00	4.98898e-05
9.72930e+00	4.83372e-05
9.74694e+00	4.68280e-05
9.76458e+00	4.53613e-05
9.78222e+00	4.39360e-05
9.79986e+00	4.25513e-05
9.81750e+00	4.12062e-05
9.83514e+00	3.98998e-05
9.85279e+00	3.86310e-05
9.87043e+00	3.73991e-05
9.88807e+00	3.62032e-05
9.90571e+00	3.50424e-05
9.92335e+00	3.39158e-05
9.94099e+00	3.28226e-05
9.95864e+00	3.17621e-05
9.97628e+00	3.07333e-05
9.99392e+00	2.97356e-05
1.00116e+01	2.87682e-05
1.00292e+01	2.78297e-05
1.00468e+01	2.69206e-05
1.00645e+01	2.60400e-05
1.00821e+01	2.51869e-05
1.00998e+01	2.43607e-05
1.01174e+01	2.35605e-05
1.01351e+01	2.27855e-05
1.01527e+01	2.20348e-05
1.01703e+01	2.13078e-05
1.01880e+01	2.06038e-05
1.02056e+01	1.99220e-05
1.02233e+01	1.92618e-05
1.02409e+01	1.86224e-05
1.02585e+01	1.80034e-05
1.02762e+01	1.74040e-05
1.02938e+01	1.68237e-05
1.03115e+01	1.62618e-05
1.03291e+01	1.57179e-05
1.03467e+01	1.51913e-05
1.03644e+01	1.46815e-05
1.03820e+01	1.41880e-05
1.03997e+01	1.37103e-05
1.04173e+01	1.32480e-05
1.04350e+01	1.28004e-05
1.04526e+01	1.23673e-05
1.04702e+01	1.19480e-05
1.04879e+01	1.15423e-05
1.05055e+01	1.11496e-05
1.05232e+01	1.07696e-05
1.05408e+01	1.04019e-05
1.05584e+01	1.00460e-05
1.05761e+01	9.70161e-06
1.05937e+01	9.36844e-06
1.06114e+01	9.04591e-06
1.06290e+01	8.73404e-06
1.06467e+01	8.43256e-06
1.06643e+01	8.14113e-06
1.06819e+01	7.85942e-06
1.06996e+01	7.58712e-06
1.07172e+01	7.32391e-06
1.07349e+01	7.06950e-06
1.07525e+01	6.82360e-06
1.07701e+01	6.58594e-06
1.07878e+01	6.35623e-06
1.08054e+01	6.13423e-06
1.08231e+01	5.91967e-06
1.08407e+01	5.71231e-06
1.08584e+01	5.51191e-06
1.08760e+01	5.31824e-06
1.08936e+01	5.13109e-06
1.09113e+01	4.95022e-06
1.09289e+01	4.77544e-06
1.09466e+01	4.60654e-06
1.09642e+01	4.44332e-06
1.09818e+01	4.28559e-06
1.09995e+01	4.13318e-06
1.10171e+01	3.98589e-06
1.10348e+01	3.84356e-06
1.10524e+01	3.70602e-06
1.10701e+01	3.57311e-06
1.10877e+01	3.44467e-06
1.11053e+01	3.32054e-06
1.11230e+01	3.20058e-06
1.11406e+01	3.08465e-06
1.11583e+01	2.97260e-06
1.11759e+01	2.86431e-06
1.11935e+01	2.75963e-06
1.12112e+01	2.65845e-06
1.12288e+01	2.56065e-06
1.12465e+01	2.46611e-06
1.12641e+01	2.37474e-06
1.12817e+01	2.28642e-06
1.12994e+01	2.20105e-06
1.13170e+01	2.11852e-06
1.13347e+01	2.03875e-06
1.13523e+01	1.96164e-06
1.13700e+01	1.88710e-06
1.13876e+01	1.81503e-06
1.14052e+01	1.74536e-06
1.14229e+01	1.67799e-06
1.14405e+01	1.61285e-06
1.14582e+01	1.54986e-06
1.14758e+01	1.48894e-06
1.14934e+01	1.43003e-06
1.15111e+01	1.37303e-06
1.15287e+01	1.31789e-06
1.15464e+01	1.26451e-06
1.15640e+01	1.21282e-06
1.15817e+01	1.16281e-06
1.15993e+01	1.11444e-06
1.16169e+01	1.06770e-06
1.16346e+01	1.02253e-06
1.16522e+01	9.79004e-07
1.16699e+01	9.37181e-07
1.16875e+01	8.97050e-07
1.17051e+01	8.58510e-07
1.17228e+01	8.21454e-07
1.17404e+01	7.85771e-07
1.17581e+01	7.51392e-07
1.17757e+01	7.18292e-07
1.17934e+01	6.86445e-07
1.18110e+01	6.55794e-07
1.18286e+01	6.26277e-07
1.18463e+01	5.97867e-07
1.18639e+01	5.70806e-07
1.18816e+01	5.44980e-07
1.18992e+01	5.20226e-07
1.19168e+01	4.96559e-07
1.19345e+01	4.73984e-07
1.19521e+01	4.52412e-07
1.19698e+01	4.31781e-07
1.19874e+01	4.12039e-07
1.20051e+01	3.93140e-07
1.20227e+01	3.75048e-07
1.20403e+01	3.57728e-07
1.20580e+01	3.41147e-07
1.20756e+01	3.25276e-07
1.20933e+01	3.10085e-07
1.21109e+01	2.95546e-07
1.21285e+01	2.81631e-07
1.21462e+01	2.68316e-07
1.21638e+01	2.55578e-07
1.21815e+01	2.43393e-07
1.21991e+01	2.31738e-07
1.22167e+01	2.20592e-07
1.22344e+01	2.09936e-07
1.22520e+01	1.99752e-07
1.22697e+01	1.90021e-07
1.22873e+01	1.80728e-07
1.23050e+01	1.71855e-07
1.23226e+01	1.63387e-07
1.23402e+01	1.55305e-07
1.23579e+01	1.47593e-07
1.23755e+01	1.40236e-07
1.23932e+01	1.33218e-07
1.24108e+01	1.26525e-07
1.24284e+01	1.20142e-07
1.24461e+01	1.14058e-07
1.24637e+01	1.08260e-07
1.24814e+01	1.02736e-07
1.24990e+01	9.74746e-08
1.25167e+01	9.24644e-08
1.25343e+01	8.76954e-08
1.25519e+01	8.31576e-08
1.25696e+01	7.88402e-08
1.25872e+01	7.47373e-08
1.26049e+01	7.08397e-08
1.26225e+01	6.71384e-08
1.26401e+01	6.36244e-08
1.26578e+01	6.02890e-08
1.26754e+01	5.71239e-08
1.26931e+01	5.41213e-08
1.27107e+01	5.12735e-08
1.27284e+01	4.85731e-08
1.27460e+01	4.60126e-08
1.27636e+01	4.35852e-08
1.27813e+01	4.12842e-08
1.27989e+01	3.91034e-08
1.28166e+01	3.70372e-08
1.28342e+01	3.50793e-08
1.28518e+01	3.32240e-08
1.28695e+01	3.14649e-08
1.28871e+01	2.97958e-08
1.29048e+01	2.82110e-08
1.29224e+01	2.67060e-08
1.29401e+01	2.52804e-08
1.29577e+01	2.39280e-08
1.29753e+01	2.26414e-08
1.29930e+01	2.14168e-08
1.30106e+01	2.02502e-08
1.30283e+01	1.91433e-08
1.30459e+01	1.81030e-08
1.30635e+01	1.71340e-08
1.30812e+01	1.62274e-08
1.30988e+01	1.53741e-08
1.31165e+01	1.45670e-08
1.31341e+01	1.38005e-08
1.31517e+01	1.30706e-08
1.31694e+01	1.23768e-08
1.31870e+01	1.17188e-08
1.32047e+01	1.10971e-08
1.32223e+01	1.05113e-08
1.32400e+01	9.95707e-09
1.32576e+01	9.43183e-09
1.32752e+01	8.93347e-09
1.32929e+01	8.46046e-09
1.33105e+01	8.01108e-09
1.33282e+01	7.58394e-09
1.33458e+01	7.17777e-09
1.33634e+01	6.79147e-09
1.33811e+01	6.42403e-09
1.33987e+01	6.07466e-09
1.34164e+01	5.74258e-09
1.34340e+01	5.42703e-09
1.34517e+01	5.12741e-09
1.34693e+01	4.84321e-09
1.34869e+01	4.57400e-09
1.35046e+01	4.31893e-09
1.35222e+01	4.07712e-09
1.35399e+01	3.84791e-09
1.35575e+01	3.63073e-09
1.35751e+01	3.42498e-09
1.35928e+01	3.23014e-09
1.36104e+01	3.04566e-09
1.36281e+01	2.87104e-09
1.36457e+01	2.70579e-09
1.36634e+01	2.54943e-09
1.36810e+01	2.40152e-09
1.36986e+01	2.26162e-09
1.37163e+01	2.12934e-09
1.37339e+01	2.00428e-09
1.37516e+01	1.88607e-09
1.37692e+01	1.77436e-09
1.37868e+01	1.66880e-09
1.38045e+01	1.56909e-09
1.38221e+01	1.47490e-09
1.38398e+01	1.38596e-09
1.38574e+01	1.30199e-09
1.38751e+01	1.22272e-09
1.38927e+01	1.14791e-09
1.39103e+01	1.07733e-09
1.39280e+01	1.01077e-09
1.39456e+01	9.48022e-10
1.39633e+01	8.88887e-10
1.39809e+01	8.33177e-10
1.39985e+01	7.80707e-10
1.40162e+01	7.31310e-10
1.40338e+01	6.84826e-10
1.40515e+01	6.41095e-10
1.40691e+01	5.99970e-10
1.40868e+01	5.61306e-10
1.41044e+01	5.24969e-10
1.41220e+01	4.90831e-10
1.41397e+01	4.58768e-10
1.41573e+01	4.28663e-10
1.41750e+01	4.00407e-10
1.41926e+01	3.73892e-10
1.42102e+01	3.49019e-10
1.42279e+01	3.25691e-10
1.42455e+01	3.03822e-10
1.42632e+01	2.83327e-10
1.42808e+01	2.64129e-10
1.42984e+01	2.46152e-10
1.43161e+01	2.29324e-10
1.43337e+01	2.13580e-10
1.43514e+01	1.98853e-10
1.43690e+01	1.85084e-10
1.43867e+01	1.72215e-10
1.44043e+01	1.60191e-10
1.44219e+01	1.48961e-10
1.44396e+01	1.38476e-10
1.44572e+01	1.28691e-10
1.44749e+01	1.19561e-10
1.44925e+01	1.11047e-10
1.45101e+01	1.03109e-10
1.45278e+01	9.57103e-11
1.45454e+01	8.88170e-11
1.45631e+01	8.23967e-11
1.45807e+01	7.64187e-11
1.45984e+01	7.08545e-11
1.46160e+01	6.56769e-11
1.46336e+01	6.08608e-11
1.46513e+01	5.63823e-11
1.46689e+01	5.22190e-11
1.46866e+01	4.83499e-11
1.47042e+01	4.47554e-11
1.47218e+01	4.14171e-11
1.47395e+01	3.83176e-11
1.47571e+01	3.54407e-11
1.47748e+01	3.27712e-11
1.47924e+01	3.02950e-11
1.48101e+01	2.79987e-11
1.48277e+01	2.58700e-11
1.48453e+01	2.38972e-11
1.48630e+01	2.20694e-11
1.48806e+01	2.03766e-11
1.48983e+01	1.88092e-11
1.49159e+01	1.73585e-11
1.49335e+01	1.60160e-11
1.49512e+01	1.47742e-11
1.49688e+01	1.36260e-11
1.49865e+01	1.25645e-11
1.50041e+01	1.15836e-11
1.50218e+01	1.06775e-11
1.50394e+01	9.84052e-12
1.50570e+01	9.06765e-12
1.50747e+01	8.35405e-12
1.50923e+01	7.69529e-12
1.51100e+01	7.08727e-12
1.51276e+01	6.52617e-12
1.51452e+01	6.00847e-12
1.51629e+01	5.53089e-12
1.51805e+01	5.09041e-12
1.51982e+01	4.68421e-12
1.52158e+01	4.30970e-12
1.52334e+01	3.96446e-12
1.52511e+01	3.64627e-12
1.52687e+01	3.35305e-12
1.52864e+01	3.08289e-12
1.53040e+01	2.83402e-12
1.53217e+01	2.60481e-12
1.53393e+01	2.39373e-12
1.53569e+01	2.19940e-12
1.53746e+01	2.02050e-12
1.53922e+01	1.85584e-12
1.54099e+01	1.70432e-12
1.54275e+01	1.56491e-12
1.54451e+01	1.43666e-12
1.54628e+01	1.31870e-12
1.54804e+01	1.21022e-12
1.54981e+01	1.11048e-12
1.55157e+01	1.01878e-12
1.55334e+01	9.34490e-13
1.55510e+01	8.57025e-13
1.55686e+01	7.85840e-13
1.55863e+01	7.20437e-13
1.56039e+01	6.60354e-13
1.56216e+01	6.05167e-13
1.56392e+01	5.54484e-13
1.56568e+01	5.07945e-13
1.56745e+01	4.65216e-13
1.56921e+01	4.25990e-13
1.57098e+01	3.89984e-13
1.57274e+01	3.56936e-13
1.57451e+01	3.26604e-13
1.57627e+01	2.98766e-13
1.57803e+01	2.73214e-13
1.57980e+01	2.49770e-13
1.58156e+01	2.28270e-13
1.58333e+01	2.08560e-13
1.58509e+01	1.90498e-13
1.58685e+01	1.73952e-13
1.58862e+01	1.58799e-13
1.59038e+01	1.44926e-13
1.59215e+01	1.32230e-13
1.59391e+01	1.20615e-13
1.59568e+01	1.09992e-13
1.59744e+01	1.00280e-13
1.59920e+01	9.14043e-14
1.60097e+01	8.32947e-14
1.60273e+01	7.58876e-14
1.60450e+01	6.91238e-14
1.60626e+01	6.29489e-14
1.60802e+01	5.73130e-14
1.60979e+01	5.21702e-14
1.61155e+01	4.74783e-14
1.61332e+01	4.31989e-14
1.61508e+01	3.92966e-14
1.61684e+01	3.57390e-14
1.61861e+01	3.24965e-14
1.62037e+01	2.95417e-14
1.62214e+01	2.68498e-14
1.62390e+01	2.43980e-14
1.62567e+01	2.21653e-14
1.62743e+01	2.01326e-14
1.62919e+01	1.82824e-14
1.63096e+01	1.65988e-14
1.63272e+01	1.50670e-14
1.63449e+01	1.36737e-14
1.63625e+01	1.24066e-14
1.63801e+01	1.12546e-14
1.63978e+01	1.02074e-14
1.64154e+01	9.25572e-15
1.64331e+01	8.39101e-15
1.64507e+01	7.60550e-15
1.64684e+01	6.89209e-15
1.64860e+01	6.24428e-15
1.65036e+01	5.65616e-15
1.65213e+01	5.12234e-15
1.65389e+01	4.63792e-15
1.65566e+01	4.19843e-15
1.65742e+01	3.79979e-15
1.65918e+01	3.43829e-15
1.66095e+01	3.11053e-15
1.66271e+01	2.81344e-15
1.66448e+01	2.54419e-15
1.66624e+01	2.30025e-15
1.66801e+01	2.07927e-15
1.66977e+01	1.87914e-15
1.67153e+01	1.69793e-15
1.67330e+01	1.53389e-15
1.67506e+01	1.38542e-15
1.67683e+01	1.25107e-15
1.67859e+01	1.12952e-15
1.68035e+01	1.01958e-15
1.68212e+01	9.20162e-16
1.68388e+01	8.30274e-16
1.68565e+01	7.49021e-16
1.68741e+01	6.75589e-16
1.68918e+01	6.09237e-16
1.69094e+01	5.49296e-16
1.69270e+01	4.95156e-16
1.69447e+01	4.46266e-16
1.69623e+01	4.02125e-16
1.69800e+01	3.62281e-16
1.69976e+01	3.26323e-16
1.70152e+01	2.93876e-16
1.70329e+01	2.64604e-16
1.70505e+01	2.38201e-16
1.70682e+01	2.14388e-16
1.70858e+01	1.92916e-16
1.71034e+01	1.73555e-16
1.71211e+01	1.56101e-16
1.71387e+01	1.40368e-16
1.71564e+01	1.26186e-16
1.71740e+01	1.13405e-16
1.71917e+01	1.01885e-16
1.72093e+01	9.15041e-17
1.72269e+01	8.21480e-17
1.72446e+01	7.37154e-17
1.72622e+01	6.61143e-17
1.72799e+01	5.92615e-17
1.72975e+01	5.30816e-17
1.73151e+01	4.75065e-17
1.73328e+01	4.24746e-17
1.73504e+01	3.79303e-17
1.73681e+01	3.38229e-17
1.73857e+01	3.01070e-17
1.74034e+01	2.67406e-17
1.74210e+01	2.36861e-17
1.74386e+01	2.09091e-17
1.74563e+01	1.83782e-17
1.74739e+01	1.60649e-17
1.74916e+01	1.39430e-17
1.75092e+01	1.19886e-17
1.75268e+01	1.01797e-17
1.75445e+01	8.49613e-18
1.75621e+01	6.91958e-18
1.75798e+01	5.43362e-18
1.75974e+01	4.02440e-18
1.76151e+01	2.68198e-18
1.76327e+01	1.40201e-18
