# The ell = 0 distribution, the isotropy.
# E_N [Td]	1.20000e+01
# col_1: Electron Energy [eV], col_2: f0 [eV^(-3/2)]
eV	f0
9.44075e-03	4.89994e-01
2.83222e-02	4.90271e-01
4.72037e-02	4.90552e-01
6.60852e-02	4.90838e-01
8.49667e-02	4.91130e-01
1.03848e-01	4.91427e-01
1.22730e-01	4.91731e-01
1.41611e-01	4.92039e-01
1.60493e-01	4.92354e-01
1.79374e-01	4.92674e-01
1.98256e-01	4.93000e-01
2.17137e-01	4.93332e-01
2.36019e-01	4.93670e-01
2.54900e-01	4.94014e-01
2.73782e-01	4.94365e-01
2.92663e-01	4.94722e-01
3.11545e-01	4.95086e-01
3.30426e-01	4.95458e-01
3.49308e-01	4.95838e-01
3.68189e-01	4.96225e-01
3.87071e-01	4.96621e-01
4.05952e-01	4.97025e-01
4.24834e-01	4.97437e-01
4.43715e-01	4.97857e-01
4.62597e-01	4.98284e-01
4.81478e-01	4.98718e-01
5.00360e-01	4.99159e-01
5.19241e-01	4.99606e-01
5.38123e-01	5.00058e-01
5.57004e-01	5.00513e-01
5.75886e-01	5.00970e-01
5.94767e-01	5.01427e-01
6.13649e-01	5.01882e-01
6.32530e-01	5.02334e-01
6.51412e-01	5.02777e-01
6.70293e-01	5.03208e-01
6.89175e-01	5.03622e-01
7.08056e-01	5.04011e-01
7.26938e-01	5.04366e-01
7.45819e-01	5.04680e-01
7.64701e-01	5.04951e-01
7.83582e-01	5.05171e-01
8.02463e-01	5.05339e-01
8.21345e-01	5.05452e-01
8.40226e-01	5.05510e-01
8.59108e-01	5.05514e-01
8.77989e-01	5.05466e-01
8.96871e-01	5.05360e-01
9.15752e-01	5.05188e-01
9.34634e-01	5.04946e-01
9.53515e-01	5.04627e-01
9.72397e-01	5.04217e-01
9.91278e-01	5.03701e-01
1.01016e+00	5.03074e-01
1.02904e+00	5.02331e-01
1.04792e+00	5.01458e-01
1.06680e+00	5.00441e-01
1.08569e+00	4.99276e-01
1.10457e+00	4.97965e-01
1.12345e+00	4.96508e-01
1.14233e+00	4.94905e-01
1.16121e+00	4.93155e-01
1.18009e+00	4.91261e-01
1.19897e+00	4.89222e-01
1.21786e+00	4.87042e-01
1.23674e+00	4.84714e-01
1.25562e+00	4.82229e-01
1.27450e+00	4.79582e-01
1.29338e+00	4.76766e-01
1.31226e+00	4.73779e-01
1.33115e+00	4.70596e-01
1.35003e+00	4.67188e-01
1.36891e+00	4.63528e-01
1.38779e+00	4.59597e-01
1.40667e+00	4.55394e-01
1.42555e+00	4.50945e-01
1.44443e+00	4.46272e-01
1.46332e+00	4.41396e-01
1.48220e+00	4.36330e-01
1.50108e+00	4.31089e-01
1.51996e+00	4.25679e-01
1.53884e+00	4.20112e-01
1.55772e+00	4.14381e-01
1.57660e+00	4.08430e-01
1.59549e+00	4.02200e-01
1.61437e+00	3.95637e-01
1.63325e+00	3.88695e-01
1.65213e+00	3.81309e-01
1.67101e+00	3.73456e-01
1.68989e+00	3.65126e-01
1.70878e+00	3.56315e-01
1.72766e+00	3.47013e-01
1.74654e+00	3.37186e-01
1.76542e+00	3.26886e-01
1.78430e+00	3.16194e-01
1.80318e+00	3.05181e-01
1.82206e+00	2.93918e-01
1.84095e+00	2.82478e-01
1.85983e+00	2.70822e-01
1.87871e+00	2.58986e-01
1.89759e+00	2.47029e-01
1.91647e+00	2.35080e-01
1.93535e+00	2.23339e-01
1.95423e+00	2.11992e-01
1.97312e+00	2.01145e-01
1.99200e+00	1.90825e-01
2.01088e+00	1.81058e-01
2.02976e+00	1.71923e-01
2.04864e+00	1.63353e-01
2.06752e+00	1.55279e-01
2.08641e+00	1.47624e-01
2.10529e+00	1.40326e-01
2.12417e+00	1.33289e-01
2.14305e+00	1.26507e-01
2.16193e+00	1.20009e-01
2.18081e+00	1.13813e-01
2.19969e+00	1.07911e-01
2.21858e+00	1.02306e-01
2.23746e+00	9.69815e-02
2.25634e+00	9.19809e-02
2.27522e+00	8.73237e-02
2.29410e+00	8.29892e-02
2.31298e+00	7.89451e-02
2.33186e+00	7.51778e-02
2.35075e+00	7.16775e-02
2.36963e+00	6.83777e-02
2.38851e+00	6.52280e-02
2.40739e+00	6.22291e-02
2.42627e+00	5.93601e-02
2.44515e+00	5.65837e-02
2.46403e+00	5.39091e-02
2.48292e+00	5.13751e-02
2.50180e+00	4.90431e-02
2.52068e+00	4.69000e-02
2.53956e+00	4.49348e-02
2.55844e+00	4.31346e-02
2.57732e+00	4.14799e-02
2.59621e+00	3.99587e-02
2.61509e+00	3.85101e-02
2.63397e+00	3.71255e-02
2.65285e+00	3.58055e-02
2.67173e+00	3.45500e-02
2.69061e+00	3.33553e-02
2.70949e+00	3.22205e-02
2.72838e+00	3.11491e-02
2.74726e+00	3.01484e-02
2.76614e+00	2.92036e-02
2.78502e+00	2.83039e-02
2.80390e+00	2.74504e-02
2.82278e+00	2.66405e-02
2.84166e+00	2.58736e-02
2.86055e+00	2.51510e-02
2.87943e+00	2.44703e-02
2.89831e+00	2.38394e-02
2.91719e+00	2.32538e-02
2.93607e+00	2.27075e-02
2.95495e+00	2.21947e-02
2.97384e+00	2.17104e-02
2.99272e+00	2.12487e-02
3.01160e+00	2.08042e-02
3.03048e+00	2.03746e-02
3.04936e+00	1.99609e-02
3.06824e+00	1.95642e-02
3.08712e+00	1.91851e-02
3.10601e+00	1.88241e-02
3.12489e+00	1.84804e-02
3.14377e+00	1.81532e-02
3.16265e+00	1.78406e-02
3.18153e+00	1.75410e-02
3.20041e+00	1.72541e-02
3.21929e+00	1.69798e-02
3.23818e+00	1.67178e-02
3.25706e+00	1.64681e-02
3.27594e+00	1.62305e-02
3.29482e+00	1.60045e-02
3.31370e+00	1.57891e-02
3.33258e+00	1.55833e-02
3.35147e+00	1.53858e-02
3.37035e+00	1.51958e-02
3.38923e+00	1.50125e-02
3.40811e+00	1.48354e-02
3.42699e+00	1.46637e-02
3.44587e+00	1.44971e-02
3.46475e+00	1.43354e-02
3.48364e+00	1.41786e-02
3.50252e+00	1.40264e-02
3.52140e+00	1.38784e-02
3.54028e+00	1.37345e-02
3.55916e+00	1.35945e-02
3.57804e+00	1.34582e-02
3.59692e+00	1.33259e-02
3.61581e+00	1.31972e-02
3.63469e+00	1.30723e-02
3.65357e+00	1.29508e-02
3.67245e+00	1.28329e-02
3.69133e+00	1.27182e-02
3.71021e+00	1.26067e-02
3.72910e+00	1.24983e-02
3.74798e+00	1.23927e-02
3.76686e+00	1.22898e-02
3.78574e+00	1.21894e-02
3.80462e+00	1.20911e-02
3.82350e+00	1.19947e-02
3.84238e+00	1.18999e-02
3.86127e+00	1.18065e-02
3.88015e+00	1.17143e-02
3.89903e+00	1.16232e-02
3.91791e+00	1.15333e-02
3.93679e+00	1.14444e-02
3.95567e+00	1.13566e-02
3.97455e+00	1.12697e-02
3.99344e+00	1.11838e-02
4.01232e+00	1.10986e-02
4.03120e+00	1.10142e-02
4.05008e+00	1.09305e-02
4.06896e+00	1.08476e-02
4.08784e+00	1.07654e-02
4.10672e+00	1.06841e-02
4.12561e+00	1.06035e-02
4.14449e+00	1.05238e-02
4.16337e+00	1.04450e-02
4.18225e+00	1.03669e-02
4.20113e+00	1.02898e-02
4.22001e+00	1.02135e-02
4.23890e+00	1.01380e-02
4.25778e+00	1.00635e-02
4.27666e+00	9.98974e-03
4.29554e+00	9.91691e-03
4.31442e+00	9.84498e-03
4.33330e+00	9.77398e-03
4.35218e+00	9.70390e-03
4.37107e+00	9.63478e-03
4.38995e+00	9.56662e-03
4.40883e+00	9.49944e-03
4.42771e+00	9.43324e-03
4.44659e+00	9.36803e-03
4.46547e+00	9.30380e-03
4.48435e+00	9.24054e-03
4.50324e+00	9.17826e-03
4.52212e+00	9.11697e-03
4.54100e+00	9.05668e-03
4.55988e+00	8.99739e-03
4.57876e+00	8.93906e-03
4.59764e+00	8.88167e-03
4.61653e+00	8.82519e-03
4.63541e+00	8.76961e-03
4.65429e+00	8.71490e-03
4.67317e+00	8.66101e-03
4.69205e+00	8.60790e-03
4.71093e+00	8.55554e-03
4.72981e+00	8.50388e-03
4.74870e+00	8.45288e-03
4.76758e+00	8.40252e-03
4.78646e+00	8.35276e-03
4.80534e+00	8.30358e-03
4.82422e+00	8.25493e-03
4.84310e+00	8.20680e-03
4.86198e+00	8.15912e-03
4.88087e+00	8.11185e-03
4.89975e+00	8.06493e-03
4.91863e+00	8.01830e-03
4.93751e+00	7.97191e-03
4.95639e+00	7.92575e-03
4.97527e+00	7.87979e-03
4.99416e+00	7.83401e-03
5.01304e+00	7.78839e-03
5.03192e+00	7.74293e-03
5.05080e+00	7.69758e-03
5.06968e+00	7.65235e-03
5.08856e+00	7.60722e-03
5.10744e+00	7.56217e-03
5.12633e+00	7.51717e-03
5.14521e+00	7.47225e-03
5.16409e+00	7.42740e-03
5.18297e+00	7.38264e-03
5.20185e+00	7.33797e-03
5.22073e+00	7.29340e-03
5.23961e+00	7.24892e-03
5.25850e+00	7.20454e-03
5.27738e+00	7.16026e-03
5.29626e+00	7.11609e-03
5.31514e+00	7.07201e-03
5.33402e+00	7.02804e-03
5.35290e+00	6.98417e-03
5.37179e+00	6.94041e-03
5.39067e+00	6.89675e-03
5.40955e+00	6.85320e-03
5.42843e+00	6.80975e-03
5.44731e+00	6.76640e-03
5.46619e+00	6.72316e-03
5.48507e+00	6.68003e-03
5.50396e+00	6.63700e-03
5.52284e+00	6.59407e-03
5.54172e+00	6.55125e-03
5.56060e+00	6.50854e-03
5.57948e+00	6.46593e-03
5.59836e+00	6.42342e-03
5.61724e+00	6.38102e-03
5.63613e+00	6.33873e-03
5.65501e+00	6.29654e-03
5.67389e+00	6.25445e-03
5.69277e+00	6.21248e-03
5.71165e+00	6.17060e-03
5.73053e+00	6.12883e-03
5.74941e+00	6.08716e-03
5.76830e+00	6.04560e-03
5.78718e+00	6.00415e-03
5.80606e+00	5.96279e-03
5.82494e+00	5.92154e-03
5.84382e+00	5.88039e-03
5.86270e+00	5.83935e-03
5.88159e+00	5.79841e-03
5.90047e+00	5.75757e-03
5.91935e+00	5.71683e-03
5.93823e+00	5.67620e-03
5.95711e+00	5.63566e-03
5.97599e+00	5.59523e-03
5.99487e+00	5.55490e-03
6.01376e+00	5.51467e-03
6.03264e+00	5.47454e-03
6.05152e+00	5.43452e-03
6.07040e+00	5.39460e-03
6.08928e+00	5.35478e-03
6.10816e+00	5.31507e-03
6.12704e+00	5.27546e-03
6.14593e+00	5.23595e-03
6.16481e+00	5.19655e-03
6.18369e+00	5.15725e-03
6.20257e+00	5.11805e-03
6.22145e+00	5.07895e-03
6.24033e+00	5.03996e-03
6.25922e+00	5.00106e-03
6.27810e+00	4.96226e-03
6.29698e+00	4.92356e-03
6.31586e+00	4.88496e-03
6.33474e+00	4.84646e-03
6.35362e+00	4.80806e-03
6.37250e+00	4.76975e-03
6.39139e+00	4.73154e-03
6.41027e+00	4.69342e-03
6.42915e+00	4.65540e-03
6.44803e+00	4.61748e-03
6.46691e+00	4.57965e-03
6.48579e+00	4.54191e-03
6.50467e+00	4.50426e-03
6.52356e+00	4.46671e-03
6.54244e+00	4.42925e-03
6.56132e+00	4.39188e-03
6.58020e+00	4.35460e-03
6.59908e+00	4.31741e-03
6.61796e+00	4.28031e-03
6.63685e+00	4.24330e-03
6.65573e+00	4.20637e-03
6.67461e+00	4.16953e-03
6.69349e+00	4.13278e-03
6.71237e+00	4.09611e-03
6.73125e+00	4.05953e-03
6.75013e+00	4.02303e-03
6.76902e+00	3.98661e-03
6.78790e+00	3.95027e-03
6.80678e+00	3.91402e-03
6.82566e+00	3.87786e-03
6.84454e+00	3.84178e-03
6.86342e+00	3.80578e-03
6.88230e+00	3.76987e-03
6.90119e+00	3.73404e-03
6.92007e+00	3.69830e-03
6.93895e+00	3.66263e-03
6.95783e+00	3.62706e-03
6.97671e+00	3.59159e-03
6.99559e+00	3.55621e-03
7.01448e+00	3.52093e-03
7.03336e+00	3.48574e-03
7.05224e+00	3.45064e-03
7.07112e+00	3.41563e-03
7.09000e+00	3.38072e-03
7.10888e+00	3.34591e-03
7.12776e+00	3.31120e-03
7.14665e+00	3.27658e-03
7.16553e+00	3.24206e-03
7.18441e+00	3.20764e-03
7.20329e+00	3.17331e-03
7.22217e+00	3.13909e-03
7.24105e+00	3.10495e-03
7.25993e+00	3.07091e-03
7.27882e+00	3.03697e-03
7.29770e+00	3.00311e-03
7.31658e+00	2.96934e-03
7.33546e+00	2.93567e-03
7.35434e+00	2.90208e-03
7.37322e+00	2.86857e-03
7.39210e+00	2.83514e-03
7.41099e+00	2.80181e-03
7.42987e+00	2.76856e-03
7.44875e+00	2.73540e-03
7.46763e+00	2.70234e-03
7.48651e+00	2.66937e-03
7.50539e+00	2.63650e-03
7.52428e+00	2.60372e-03
7.54316e+00	2.57104e-03
7.56204e+00	2.53846e-03
7.58092e+00	2.50598e-03
7.59980e+00	2.47360e-03
7.61868e+00	2.44133e-03
7.63756e+00	2.40915e-03
7.65645e+00	2.37709e-03
7.67533e+00	2.34513e-03
7.69421e+00	2.31327e-03
7.71309e+00	2.28152e-03
7.73197e+00	2.24989e-03
7.75085e+00	2.21835e-03
7.76973e+00	2.18693e-03
7.78862e+00	2.15562e-03
7.80750e+00	2.12442e-03
7.82638e+00	2.09335e-03
7.84526e+00	2.06241e-03
7.86414e+00	2.03160e-03
7.88302e+00	2.00094e-03
7.90191e+00	1.97042e-03
7.92079e+00	1.94006e-03
7.93967e+00	1.90985e-03
7.95855e+00	1.87981e-03
7.97743e+00	1.84994e-03
7.99631e+00	1.82024e-03
8.01519e+00	1.79072e-03
8.03408e+00	1.76138e-03
8.05296e+00	1.73223e-03
8.07184e+00	1.70328e-03
8.09072e+00	1.67452e-03
8.10960e+00	1.64597e-03
8.12848e+00	1.61763e-03
8.14736e+00	1.58950e-03
8.16625e+00	1.56158e-03
8.18513e+00	1.53389e-03
8.20401e+00	1.50642e-03
8.22289e+00	1.47918e-03
8.24177e+00	1.45217e-03
8.26065e+00	1.42539e-03
8.27954e+00	1.39885e-03
8.29842e+00	1.37256e-03
8.31730e+00	1.34652e-03
8.33618e+00	1.32074e-03
8.35506e+00	1.29522e-03
8.37394e+00	1.26997e-03
8.39282e+00	1.24499e-03
8.41171e+00	1.22029e-03
8.43059e+00	1.19587e-03
8.44947e+00	1.17174e-03
8.46835e+00	1.14789e-03
8.48723e+00	1.12434e-03
8.50611e+00	1.10109e-03
8.52499e+00	1.07816e-03
8.54388e+00	1.05554e-03
8.56276e+00	1.03324e-03
8.58164e+00	1.01126e-03
8.60052e+00	9.89597e-04
8.61940e+00	9.68255e-04
8.63828e+00	9.47233e-04
8.65717e+00	9.26532e-04
8.67605e+00	9.06152e-04
8.69493e+00	8.86094e-04
8.71381e+00	8.66356e-04
8.73269e+00	8.46940e-04
8.75157e+00	8.27843e-04
8.77045e+00	8.09067e-04
8.78934e+00	7.90610e-04
8.80822e+00	7.72472e-04
8.82710e+00	7.54651e-04
8.84598e+00	7.37148e-04
8.86486e+00	7.19960e-04
8.88374e+00	7.03086e-04
8.90262e+00	6.86525e-04
8.92151e+00	6.70276e-04
8.94039e+00	6.54336e-04
8.95927e+00	6.38705e-04
8.97815e+00	6.23383e-04
8.99703e+00	6.08368e-04
9.01591e+00	5.93656e-04
9.03479e+00	5.79246e-04
9.05368e+00	5.65131e-04
9.07256e+00	5.51308e-04
9.09144e+00	5.37771e-04
9.11032e+00	5.24515e-04
9.12920e+00	5.11536e-04
9.14808e+00	4.98829e-04
9.16697e+00	4.86391e-04
9.18585e+00	4.74216e-04
9.20473e+00	4.62301e-04
9.22361e+00	4.50641e-04
9.24249e+00	4.39232e-04
9.26137e+00	4.28069e-04
9.28025e+00	4.17150e-04
9.29914e+00	4.06468e-04
9.31802e+00	3.96021e-04
9.33690e+00	3.85805e-04
9.35578e+00	3.75815e-04
9.37466e+00	3.66048e-04
9.39354e+00	3.56499e-04
9.41242e+00	3.47165e-04
9.43131e+00	3.38041e-04
9.45019e+00	3.29125e-04
9.46907e+00	3.20412e-04
9.48795e+00	3.11898e-04
9.50683e+00	3.03581e-04
9.52571e+00	2.95455e-04
9.54460e+00	2.87517e-04
9.56348e+00	2.79765e-04
9.58236e+00	2.72193e-04
9.60124e+00	2.64799e-04
9.62012e+00	2.57580e-04
9.63900e+00	2.50532e-04
9.65788e+00	2.43653e-04
9.67677e+00	2.36938e-04
9.69565e+00	2.30386e-04
9.71453e+00	2.23994e-04
9.73341e+00	2.17757e-04
9.75229e+00	2.11674e-04
9.77117e+00	2.05742e-04
9.79005e+00	1.99957e-04
9.80894e+00	1.94318e-04
9.82782e+00	1.88820e-04
9.84670e+00	1.83461e-04
9.86558e+00	1.78239e-04
9.88446e+00	1.73151e-04
9.90334e+00	1.68194e-04
9.92223e+00	1.63365e-04
9.94111e+00	1.58662e-04
9.95999e+00	1.54082e-04
9.97887e+00	1.49623e-04
9.99775e+00	1.45283e-04
1.00166e+01	1.41058e-04
1.00355e+01	1.36945e-04
1.00544e+01	1.32947e-04
1.00733e+01	1.29060e-04
1.00922e+01	1.25280e-04
1.01110e+01	1.21605e-04
1.01299e+01	1.18033e-04
1.01488e+01	1.14560e-04
1.01677e+01	1.11184e-04
1.01866e+01	1.07902e-04
1.02054e+01	1.04711e-04
1.02243e+01	1.01610e-04
1.02432e+01	9.85949e-05
1.02621e+01	9.56646e-05
1.02810e+01	9.28166e-05
1.02999e+01	9.00484e-05
1.03187e+01	8.73581e-05
1.03376e+01	8.47436e-05
1.03565e+01	8.22026e-05
1.03754e+01	7.97334e-05
1.03943e+01	7.73338e-05
1.04131e+01	7.50021e-05
1.04320e+01	7.27363e-05
1.04509e+01	7.05347e-05
1.04698e+01	6.83955e-05
1.04887e+01	6.63170e-05
1.05076e+01	6.42975e-05
1.05264e+01	6.23354e-05
1.05453e+01	6.04291e-05
1.05642e+01	5.85771e-05
1.05831e+01	5.67779e-05
1.06020e+01	5.50299e-05
1.06208e+01	5.33315e-05
1.06397e+01	5.16833e-05
1.06586e+01	5.00837e-05
1.06775e+01	4.85313e-05
1.06964e+01	4.70247e-05
1.07152e+01	4.55626e-05
1.07341e+01	4.41438e-05
1.07530e+01	4.27669e-05
1.07719e+01	4.14308e-05
1.07908e+01	4.01342e-05
1.08097e+01	3.88760e-05
1.08285e+01	3.76551e-05
1.08474e+01	3.64705e-05
1.08663e+01	3.53209e-05
1.08852e+01	3.42055e-05
1.09041e+01	3.31231e-05
1.09229e+01	3.20729e-05
1.09418e+01	3.10538e-05
1.09607e+01	3.00650e-05
1.09796e+01	2.91055e-05
1.09985e+01	2.81745e-05
1.10174e+01	2.72711e-05
1.10362e+01	2.63945e-05
1.10551e+01	2.55439e-05
1.10740e+01	2.47185e-05
1.10929e+01	2.39175e-05
1.11118e+01	2.31402e-05
1.11306e+01	2.23858e-05
1.11495e+01	2.16537e-05
1.11684e+01	2.09432e-05
1.11873e+01	2.02535e-05
1.12062e+01	1.95841e-05
1.12250e+01	1.89343e-05
1.12439e+01	1.83036e-05
1.12628e+01	1.76913e-05
1.12817e+01	1.70971e-05
1.13006e+01	1.65202e-05
1.13195e+01	1.59603e-05
1.13383e+01	1.54167e-05
1.13572e+01	1.48890e-05
1.13761e+01	1.43768e-05
1.13950e+01	1.38794e-05
1.14139e+01	1.33965e-05
1.14327e+01	1.29277e-05
1.14516e+01	1.24724e-05
1.14705e+01	1.20302e-05
1.14894e+01	1.16008e-05
1.15083e+01	1.11836e-05
1.15272e+01	1.07783e-05
1.15460e+01	1.03844e-05
1.15649e+01	1.00014e-05
1.15838e+01	9.62916e-06
1.16027e+01	9.26771e-06
1.16216e+01	8.91688e-06
1.16404e+01	8.57647e-06
1.16593e+01	8.24723e-06
1.16782e+01	7.92988e-06
1.16971e+01	7.62388e-06
1.17160e+01	7.32848e-06
1.17348e+01	7.04288e-06
1.17537e+01	6.76647e-06
1.17726e+01	6.49900e-06
1.17915e+01	6.24041e-06
1.18104e+01	5.99038e-06
1.18293e+01	5.74845e-06
1.18481e+01	5.51462e-06
1.18670e+01	5.29069e-06
1.18859e+01	5.07567e-06
1.19048e+01	4.86860e-06
1.19237e+01	4.66989e-06
1.19425e+01	4.47922e-06
1.19614e+01	4.29600e-06
1.19803e+01	4.11980e-06
1.19992e+01	3.95028e-06
1.20181e+01	3.78714e-06
1.20370e+01	3.63015e-06
1.20558e+01	3.47907e-06
1.20747e+01	3.33370e-06
1.20936e+01	3.19384e-06
1.21125e+01	3.05927e-06
1.21314e+01	2.92981e-06
1.21502e+01	2.80528e-06
1.21691e+01	2.68552e-06
1.21880e+01	2.57036e-06
1.22069e+01	2.45963e-06
1.22258e+01	2.35319e-06
1.22446e+01	2.25090e-06
1.22635e+01	2.15263e-06
1.22824e+01	2.05825e-06
1.23013e+01	1.96765e-06
1.23202e+01	1.88070e-06
1.23391e+01	1.79727e-06
1.23579e+01	1.71722e-06
1.23768e+01	1.64043e-06
1.23957e+01	1.56678e-06
1.24146e+01	1.49614e-06
1.24335e+01	1.42842e-06
1.24523e+01	1.36351e-06
1.24712e+01	1.30131e-06
1.24901e+01	1.24172e-06
1.25090e+01	1.18465e-06
1.25279e+01	1.13000e-06
1.25468e+01	1.07771e-06
1.25656e+01	1.02766e-06
1.25845e+01	9.79819e-07
1.26034e+01	9.34104e-07
1.26223e+01	8.90440e-07
1.26412e+01	8.48746e-07
1.26600e+01	8.08941e-07
1.26789e+01	7.70948e-07
1.26978e+01	7.34696e-07
1.27167e+01	7.00113e-07
1.27356e+01	6.67127e-07
1.27544e+01	6.35667e-07
1.27733e+01	6.05667e-07
1.27922e+01	5.77063e-07
1.28111e+01	5.49797e-07
1.28300e+01	5.23807e-07
1.28489e+01	4.99033e-07
1.28677e+01	4.75407e-07
1.28866e+01	4.52859e-07
1.29055e+01	4.31324e-07
1.29244e+01	4.10754e-07
1.29433e+01	3.91151e-07
1.29621e+01	3.72437e-07
1.29810e+01	3.54519e-07
1.29999e+01	3.37362e-07
1.30188e+01	3.20923e-07
1.30377e+01	3.05298e-07
1.30566e+01	2.90602e-07
1.30754e+01	2.76808e-07
1.30943e+01	2.63757e-07
1.31132e+01	2.51352e-07
1.31321e+01	2.39508e-07
1.31510e+01	2.28162e-07
1.31698e+01	2.17308e-07
1.31887e+01	2.06952e-07
1.32076e+01	1.97108e-07
1.32265e+01	1.87771e-07
1.32454e+01	1.78873e-07
1.32642e+01	1.70387e-07
1.32831e+01	1.62284e-07
1.33020e+01	1.54542e-07
1.33209e+01	1.47141e-07
1.33398e+01	1.40060e-07
1.33587e+01	1.33286e-07
1.33775e+01	1.26804e-07
1.33964e+01	1.20603e-07
1.34153e+01	1.14672e-07
1.34342e+01	1.09002e-07
1.34531e+01	1.03586e-07
1.34719e+01	9.84175e-08
1.34908e+01	9.34914e-08
1.35097e+01	8.87946e-08
1.35286e+01	8.43142e-08
1.35475e+01	8.00414e-08
1.35664e+01	7.59675e-08
1.35852e+01	7.20845e-08
1.36041e+01	6.83843e-08
1.36230e+01	6.48593e-08
1.36419e+01	6.15017e-08
1.36608e+01	5.83042e-08
1.36796e+01	5.52599e-08
1.36985e+01	5.23618e-08
1.37174e+01	4.96036e-08
1.37363e+01	4.69789e-08
1.37552e+01	4.44818e-08
1.37740e+01	4.21064e-08
1.37929e+01	3.98473e-08
1.38118e+01	3.76990e-08
1.38307e+01	3.56565e-08
1.38496e+01	3.37151e-08
1.38685e+01	3.18698e-08
1.38873e+01	3.01164e-08
1.39062e+01	2.84508e-08
1.39251e+01	2.68691e-08
1.39440e+01	2.53677e-08
1.39629e+01	2.39429e-08
1.39817e+01	2.25914e-08
1.40006e+01	2.13096e-08
1.40195e+01	2.00946e-08
1.40384e+01	1.89431e-08
1.40573e+01	1.78523e-08
1.40762e+01	1.68194e-08
1.40950e+01	1.58414e-08
1.41139e+01	1.49159e-08
1.41328e+01	1.40402e-08
1.41517e+01	1.32120e-08
1.41706e+01	1.24289e-08
1.41894e+01	1.16886e-08
1.42083e+01	1.09891e-08
1.42272e+01	1.03281e-08
1.42461e+01	9.70383e-09
1.42650e+01	9.11447e-09
1.42839e+01	8.55826e-09
1.43027e+01	8.03355e-09
1.43216e+01	7.53873e-09
1.43405e+01	7.07228e-09
1.43594e+01	6.63272e-09
1.43783e+01	6.21865e-09
1.43971e+01	5.82873e-09
1.44160e+01	5.46168e-09
1.44349e+01	5.11628e-09
1.44538e+01	4.79136e-09
1.44727e+01	4.48582e-09
1.44915e+01	4.19860e-09
1.45104e+01	3.92869e-09
1.45293e+01	3.67512e-09
1.45482e+01	3.43699e-09
1.45671e+01	3.21342e-09
1.45860e+01	3.00359e-09
1.46048e+01	2.80672e-09
1.46237e+01	2.62206e-09
1.46426e+01	2.44892e-09
1.46615e+01	2.28661e-09
1.46804e+01	2.13452e-09
1.46992e+01	1.99203e-09
1.47181e+01	1.85859e-09
1.47370e+01	1.73365e-09
1.47559e+01	1.61672e-09
1.47748e+01	1.50730e-09
1.47937e+01	1.40495e-09
1.48125e+01	1.30923e-09
1.48314e+01	1.21975e-09
1.48503e+01	1.13613e-09
1.48692e+01	1.05800e-09
1.48881e+01	9.85022e-10
1.49069e+01	9.16882e-10
1.49258e+01	8.53277e-10
1.49447e+01	7.93923e-10
1.49636e+01	7.38555e-10
1.49825e+01	6.86922e-10
1.50013e+01	6.38787e-10
1.50202e+01	5.93929e-10
1.50391e+01	5.52132e-10
1.50580e+01	5.13194e-10
1.50769e+01	4.76925e-10
1.50958e+01	4.43147e-10
1.51146e+01	4.11695e-10
1.51335e+01	3.82412e-10
1.51524e+01	3.55155e-10
1.51713e+01	3.29787e-10
1.51902e+01	3.06181e-10
1.52090e+01	2.84219e-10
1.52279e+01	2.63789e-10
1.52468e+01	2.44789e-10
1.52657e+01	2.27120e-10
1.52846e+01	2.10693e-10
1.53035e+01	1.95423e-10
1.53223e+01	1.81230e-10
1.53412e+01	1.68041e-10
1.53601e+01	1.55787e-10
1.53790e+01	1.44403e-10
1.53979e+01	1.33829e-10
1.54167e+01	1.24010e-10
1.54356e+01	1.14892e-10
1.54545e+01	1.06428e-10
1.54734e+01	9.85706e-11
1.54923e+01	9.12783e-11
1.55111e+01	8.45114e-11
1.55300e+01	7.82329e-11
1.55489e+01	7.24083e-11
1.55678e+01	6.70057e-11
1.55867e+01	6.19951e-11
1.56056e+01	5.73486e-11
1.56244e+01	5.30404e-11
1.56433e+01	4.90464e-11
1.56622e+01	4.53442e-11
1.56811e+01	4.19128e-11
1.57000e+01	3.87328e-11
1.57188e+01	3.57860e-11
1.57377e+01	3.30555e-11
1.57566e+01	3.05254e-11
1.57755e+01	2.81806e-11
1.57944e+01	2.60083e-11
1.58133e+01	2.39966e-11
1.58321e+01	2.21344e-11
1.58510e+01	2.04112e-11
1.58699e+01	1.88172e-11
1.58888e+01	1.73432e-11
1.59077e+01	1.59806e-11
1.59265e+01	1.47214e-11
1.59454e+01	1.35580e-11
1.59643e+01	1.24837e-11
1.59832e+01	1.14918e-11
1.60021e+01	1.05764e-11
1.60209e+01	9.73190e-12
1.60398e+01	8.95290e-12
1.60587e+01	8.23453e-12
1.60776e+01	7.57221e-12
1.60965e+01	6.96170e-12
1.61154e+01	6.39908e-12
1.61342e+01	5.88069e-12
1.61531e+01	5.40317e-12
1.61720e+01	4.96340e-12
1.61909e+01	4.55848e-12
1.62098e+01	4.18573e-12
1.62286e+01	3.84267e-12
1.62475e+01	3.52701e-12
1.62664e+01	3.23662e-12
1.62853e+01	2.96954e-12
1.63042e+01	2.72394e-12
1.63231e+01	2.49815e-12
1.63419e+01	2.29062e-12
1.63608e+01	2.09991e-12
1.63797e+01	1.92469e-12
1.63986e+01	1.76374e-12
1.64175e+01	1.61592e-12
1.64363e+01	1.48020e-12
1.64552e+01	1.35561e-12
1.64741e+01	1.24126e-12
1.64930e+01	1.13632e-12
1.65119e+01	1.04005e-12
1.65307e+01	9.51738e-13
1.65496e+01	8.70751e-13
1.65685e+01	7.96497e-13
1.65874e+01	7.28431e-13
1.66063e+01	6.66050e-13
1.66252e+01	6.08891e-13
1.66440e+01	5.56529e-13
1.66629e+01	5.08571e-13
1.66818e+01	4.64656e-13
1.67007e+01	4.24452e-13
1.67196e+01	3.87653e-13
1.67384e+01	3.53976e-13
1.67573e+01	3.23165e-13
1.67762e+01	2.94979e-13
1.67951e+01	2.69202e-13
1.68140e+01	2.45632e-13
1.68329e+01	2.24084e-13
1.68517e+01	2.04389e-13
1.68706e+01	1.86392e-13
1.68895e+01	1.69949e-13
1.69084e+01	1.54928e-13
1.69273e+01	1.41210e-13
1.69461e+01	1.28685e-13
1.69650e+01	1.17250e-13
1.69839e+01	1.06813e-13
1.70028e+01	9.72892e-14
1.70217e+01	8.85999e-14
1.70405e+01	8.06737e-14
1.70594e+01	7.34447e-14
1.70783e+01	6.68529e-14
1.70972e+01	6.08431e-14
1.71161e+01	5.53647e-14
1.71350e+01	5.03717e-14
1.71538e+01	4.58217e-14
1.71727e+01	4.16762e-14
1.71916e+01	3.78997e-14
1.72105e+01	3.44602e-14
1.72294e+01	3.13279e-14
1.72482e+01	2.84759e-14
1.72671e+01	2.58796e-14
1.72860e+01	2.35165e-14
1.73049e+01	2.13658e-14
1.73238e+01	1.94088e-14
1.73427e+01	1.76284e-14
1.73615e+01	1.60089e-14
1.73804e+01	1.45359e-14
1.73993e+01	1.31965e-14
1.74182e+01	1.19787e-14
1.74371e+01	1.08715e-14
1.74559e+01	9.86523e-15
1.74748e+01	8.95070e-15
1.74937e+01	8.11971e-15
1.75126e+01	7.36474e-15
1.75315e+01	6.67894e-15
1.75503e+01	6.05606e-15
1.75692e+01	5.49043e-15
1.75881e+01	4.97687e-15
1.76070e+01	4.51065e-15
1.76259e+01	4.08749e-15
1.76448e+01	3.70348e-15
1.76636e+01	3.35504e-15
1.76825e+01	3.03893e-15
1.77014e+01	2.75220e-15
1.77203e+01	2.49216e-15
1.77392e+01	2.25636e-15
1.77580e+01	2.04258e-15
1.77769e+01	1.84879e-15
1.77958e+01	1.67315e-15
1.78147e+01	1.51399e-15
1.78336e+01	1.36978e-15
1.78525e+01	1.23914e-15
1.78713e+01	1.12079e-15
1.78902e+01	1.01361e-15
1.79091e+01	9.16541e-16
1.79280e+01	8.28656e-16
1.79469e+01	7.49095e-16
1.79657e+01	6.77083e-16
1.79846e+01	6.11915e-16
1.80035e+01	5.52949e-16
1.80224e+01	4.99603e-16
1.80413e+01	4.51347e-16
1.80601e+01	4.07701e-16
1.80790e+01	3.68231e-16
1.80979e+01	3.32540e-16
1.81168e+01	3.00271e-16
1.81357e+01	2.71099e-16
1.81546e+01	2.44730e-16
1.81734e+01	2.20896e-16
1.81923e+01	1.99356e-16
1.82112e+01	1.79889e-16
1.82301e+01	1.62299e-16
1.82490e+01	1.46406e-16
1.82678e+01	1.32048e-16
1.82867e+01	1.19077e-16
1.83056e+01	1.07361e-16
1.83245e+01	9.67782e-17
1.83434e+01	8.72204e-17
1.83623e+01	7.85882e-17
1.83811e+01	7.07920e-17
1.84000e+01	6.37508e-17
1.84189e+01	5.73913e-17
1.84378e+01	5.16468e-17
1.84567e+01	4.64574e-17
1.84755e+01	4.17684e-17
1.84944e+01	3.75304e-17
1.85133e+01	3.36988e-17
1.85322e+01	3.02331e-17
1.85511e+01	2.70966e-17
1.85699e+01	2.42560e-17
1.85888e+01	2.16811e-17
1.86077e+01	1.93446e-17
1.86266e+01	1.72216e-17
1.86455e+01	1.52893e-17
1.86644e+01	1.35268e-17
1.86832e+01	1.19154e-17
1.87021e+01	1.04375e-17
1.87210e+01	9.07737e-18
1.87399e+01	7.82042e-18
1.87588e+01	6.65327e-18
1.87776e+01	5.56369e-18
1.87965e+01	4.54060e-18
1.88154e+01	3.57419e-18
1.88343e+01	2.65626e-18
1.88532e+01	1.78101e-18
1.88721e+01	9.45872e-19
