# The ell = 0 distribution, the isotropy.
# E_N [Td]	1.50000e+01
# col_1: Electron Energy [eV], col_2: f0 [eV^(-3/2)]
eV	f0
1.01735e-02	3.99856e-01
3.05204e-02	4.00207e-01
5.08673e-02	4.00562e-01
7.12142e-02	4.00924e-01
9.15612e-02	4.01294e-01
1.11908e-01	4.01672e-01
1.32255e-01	4.02058e-01
1.52602e-01	4.02451e-01
1.72949e-01	4.02852e-01
1.93296e-01	4.03261e-01
2.13643e-01	4.03678e-01
2.33990e-01	4.04103e-01
2.54337e-01	4.04536e-01
2.74683e-01	4.04977e-01
2.95030e-01	4.05426e-01
3.15377e-01	4.05884e-01
3.35724e-01	4.06350e-01
3.56071e-01	4.06825e-01
3.76418e-01	4.07309e-01
3.96765e-01	4.07802e-01
4.17112e-01	4.08302e-01
4.37459e-01	4.08809e-01
4.57806e-01	4.09323e-01
4.78153e-01	4.09842e-01
4.98500e-01	4.10366e-01
5.18847e-01	4.10894e-01
5.39193e-01	4.11425e-01
5.59540e-01	4.11957e-01
5.79887e-01	4.12487e-01
6.00234e-01	4.13015e-01
6.20581e-01	4.13537e-01
6.40928e-01	4.14053e-01
6.61275e-01	4.14555e-01
6.81622e-01	4.15040e-01
7.01969e-01	4.15503e-01
7.22316e-01	4.15938e-01
7.42663e-01	4.16336e-01
7.63010e-01	4.16692e-01
7.83357e-01	4.17004e-01
8.03703e-01	4.17267e-01
8.24050e-01	4.17481e-01
8.44397e-01	4.17645e-01
8.64744e-01	4.17759e-01
8.85091e-01	4.17823e-01
9.05438e-01	4.17828e-01
9.25785e-01	4.17768e-01
9.46132e-01	4.17638e-01
9.66479e-01	4.17422e-01
9.86826e-01	4.17109e-01
1.00717e+00	4.16689e-01
1.02752e+00	4.16152e-01
1.04787e+00	4.15488e-01
1.06821e+00	4.14690e-01
1.08856e+00	4.13758e-01
1.10891e+00	4.12695e-01
1.12925e+00	4.11502e-01
1.14960e+00	4.10182e-01
1.16995e+00	4.08739e-01
1.19030e+00	4.07175e-01
1.21064e+00	4.05491e-01
1.23099e+00	4.03686e-01
1.25134e+00	4.01754e-01
1.27168e+00	3.99689e-01
1.29203e+00	3.97484e-01
1.31238e+00	3.95136e-01
1.33272e+00	3.92627e-01
1.35307e+00	3.89934e-01
1.37342e+00	3.87038e-01
1.39376e+00	3.83918e-01
1.41411e+00	3.80590e-01
1.43446e+00	3.77072e-01
1.45481e+00	3.73381e-01
1.47515e+00	3.69533e-01
1.49550e+00	3.65537e-01
1.51585e+00	3.61398e-01
1.53619e+00	3.57124e-01
1.55654e+00	3.52713e-01
1.57689e+00	3.48117e-01
1.59723e+00	3.43290e-01
1.61758e+00	3.38191e-01
1.63793e+00	3.32780e-01
1.65827e+00	3.27005e-01
1.67862e+00	3.20846e-01
1.69897e+00	3.14293e-01
1.71932e+00	3.07334e-01
1.73966e+00	2.99946e-01
1.76001e+00	2.92137e-01
1.78036e+00	2.83960e-01
1.80070e+00	2.75474e-01
1.82105e+00	2.66731e-01
1.84140e+00	2.57794e-01
1.86174e+00	2.48623e-01
1.88209e+00	2.39241e-01
1.90244e+00	2.29703e-01
1.92278e+00	2.20111e-01
1.94313e+00	2.10676e-01
1.96348e+00	2.01533e-01
1.98383e+00	1.92749e-01
2.00417e+00	1.84353e-01
2.02452e+00	1.76391e-01
2.04487e+00	1.68881e-01
2.06521e+00	1.61771e-01
2.08556e+00	1.55000e-01
2.10591e+00	1.48518e-01
2.12625e+00	1.42242e-01
2.14660e+00	1.36170e-01
2.16695e+00	1.30328e-01
2.18729e+00	1.24727e-01
2.20764e+00	1.19361e-01
2.22799e+00	1.14233e-01
2.24834e+00	1.09342e-01
2.26868e+00	1.04763e-01
2.28903e+00	1.00477e-01
2.30938e+00	9.64623e-02
2.32972e+00	9.26998e-02
2.35007e+00	8.91823e-02
2.37042e+00	8.58471e-02
2.39076e+00	8.26403e-02
2.41111e+00	7.95679e-02
2.43146e+00	7.65997e-02
2.45180e+00	7.37136e-02
2.47215e+00	7.09247e-02
2.49250e+00	6.83162e-02
2.51285e+00	6.59128e-02
2.53319e+00	6.36958e-02
2.55354e+00	6.16599e-02
2.57389e+00	5.97827e-02
2.59423e+00	5.80495e-02
2.61458e+00	5.63966e-02
2.63493e+00	5.48076e-02
2.65527e+00	5.32849e-02
2.67562e+00	5.18292e-02
2.69597e+00	5.04377e-02
2.71631e+00	4.91120e-02
2.73666e+00	4.78636e-02
2.75701e+00	4.66886e-02
2.77736e+00	4.55677e-02
2.79770e+00	4.44992e-02
2.81805e+00	4.34827e-02
2.83840e+00	4.25157e-02
2.85874e+00	4.16021e-02
2.87909e+00	4.07381e-02
2.89944e+00	3.99352e-02
2.91978e+00	3.91883e-02
2.94013e+00	3.84895e-02
2.96048e+00	3.78312e-02
2.98082e+00	3.72062e-02
3.00117e+00	3.66055e-02
3.02152e+00	3.60236e-02
3.04187e+00	3.54602e-02
3.06221e+00	3.49171e-02
3.08256e+00	3.43958e-02
3.10291e+00	3.38974e-02
3.12325e+00	3.34216e-02
3.14360e+00	3.29674e-02
3.16395e+00	3.25323e-02
3.18429e+00	3.21140e-02
3.20464e+00	3.17126e-02
3.22499e+00	3.13277e-02
3.24533e+00	3.09595e-02
3.26568e+00	3.06078e-02
3.28603e+00	3.02725e-02
3.30638e+00	2.99523e-02
3.32672e+00	2.96459e-02
3.34707e+00	2.93512e-02
3.36742e+00	2.90671e-02
3.38776e+00	2.87923e-02
3.40811e+00	2.85257e-02
3.42846e+00	2.82665e-02
3.44880e+00	2.80140e-02
3.46915e+00	2.77681e-02
3.48950e+00	2.75287e-02
3.50984e+00	2.72954e-02
3.53019e+00	2.70678e-02
3.55054e+00	2.68456e-02
3.57089e+00	2.66286e-02
3.59123e+00	2.64170e-02
3.61158e+00	2.62107e-02
3.63193e+00	2.60096e-02
3.65227e+00	2.58135e-02
3.67262e+00	2.56223e-02
3.69297e+00	2.54359e-02
3.71331e+00	2.52541e-02
3.73366e+00	2.50766e-02
3.75401e+00	2.49033e-02
3.77435e+00	2.47337e-02
3.79470e+00	2.45673e-02
3.81505e+00	2.44038e-02
3.83540e+00	2.42428e-02
3.85574e+00	2.40837e-02
3.87609e+00	2.39263e-02
3.89644e+00	2.37703e-02
3.91678e+00	2.36158e-02
3.93713e+00	2.34627e-02
3.95748e+00	2.33109e-02
3.97782e+00	2.31604e-02
3.99817e+00	2.30110e-02
4.01852e+00	2.28625e-02
4.03886e+00	2.27149e-02
4.05921e+00	2.25681e-02
4.07956e+00	2.24224e-02
4.09991e+00	2.22777e-02
4.12025e+00	2.21341e-02
4.14060e+00	2.19916e-02
4.16095e+00	2.18503e-02
4.18129e+00	2.17101e-02
4.20164e+00	2.15711e-02
4.22199e+00	2.14333e-02
4.24233e+00	2.12967e-02
4.26268e+00	2.11614e-02
4.28303e+00	2.10274e-02
4.30337e+00	2.08947e-02
4.32372e+00	2.07633e-02
4.34407e+00	2.06333e-02
4.36442e+00	2.05048e-02
4.38476e+00	2.03777e-02
4.40511e+00	2.02521e-02
4.42546e+00	2.01280e-02
4.44580e+00	2.00055e-02
4.46615e+00	1.98844e-02
4.48650e+00	1.97649e-02
4.50684e+00	1.96470e-02
4.52719e+00	1.95306e-02
4.54754e+00	1.94157e-02
4.56788e+00	1.93025e-02
4.58823e+00	1.91908e-02
4.60858e+00	1.90805e-02
4.62893e+00	1.89717e-02
4.64927e+00	1.88643e-02
4.66962e+00	1.87582e-02
4.68997e+00	1.86534e-02
4.71031e+00	1.85497e-02
4.73066e+00	1.84472e-02
4.75101e+00	1.83457e-02
4.77135e+00	1.82452e-02
4.79170e+00	1.81456e-02
4.81205e+00	1.80469e-02
4.83239e+00	1.79491e-02
4.85274e+00	1.78520e-02
4.87309e+00	1.77556e-02
4.89344e+00	1.76597e-02
4.91378e+00	1.75643e-02
4.93413e+00	1.74692e-02
4.95448e+00	1.73744e-02
4.97482e+00	1.72800e-02
4.99517e+00	1.71857e-02
5.01552e+00	1.70916e-02
5.03586e+00	1.69978e-02
5.05621e+00	1.69040e-02
5.07656e+00	1.68104e-02
5.09690e+00	1.67169e-02
5.11725e+00	1.66234e-02
5.13760e+00	1.65299e-02
5.15795e+00	1.64366e-02
5.17829e+00	1.63433e-02
5.19864e+00	1.62501e-02
5.21899e+00	1.61570e-02
5.23933e+00	1.60640e-02
5.25968e+00	1.59712e-02
5.28003e+00	1.58785e-02
5.30037e+00	1.57859e-02
5.32072e+00	1.56934e-02
5.34107e+00	1.56011e-02
5.36141e+00	1.55089e-02
5.38176e+00	1.54169e-02
5.40211e+00	1.53250e-02
5.42246e+00	1.52332e-02
5.44280e+00	1.51416e-02
5.46315e+00	1.50501e-02
5.48350e+00	1.49588e-02
5.50384e+00	1.48676e-02
5.52419e+00	1.47766e-02
5.54454e+00	1.46857e-02
5.56488e+00	1.45949e-02
5.58523e+00	1.45043e-02
5.60558e+00	1.44139e-02
5.62592e+00	1.43236e-02
5.64627e+00	1.42334e-02
5.66662e+00	1.41434e-02
5.68697e+00	1.40535e-02
5.70731e+00	1.39638e-02
5.72766e+00	1.38743e-02
5.74801e+00	1.37849e-02
5.76835e+00	1.36956e-02
5.78870e+00	1.36065e-02
5.80905e+00	1.35175e-02
5.82939e+00	1.34287e-02
5.84974e+00	1.33400e-02
5.87009e+00	1.32515e-02
5.89043e+00	1.31631e-02
5.91078e+00	1.30749e-02
5.93113e+00	1.29868e-02
5.95148e+00	1.28989e-02
5.97182e+00	1.28111e-02
5.99217e+00	1.27235e-02
6.01252e+00	1.26360e-02
6.03286e+00	1.25487e-02
6.05321e+00	1.24615e-02
6.07356e+00	1.23745e-02
6.09390e+00	1.22876e-02
6.11425e+00	1.22009e-02
6.13460e+00	1.21144e-02
6.15494e+00	1.20280e-02
6.17529e+00	1.19417e-02
6.19564e+00	1.18557e-02
6.21599e+00	1.17697e-02
6.23633e+00	1.16840e-02
6.25668e+00	1.15984e-02
6.27703e+00	1.15129e-02
6.29737e+00	1.14276e-02
6.31772e+00	1.13424e-02
6.33807e+00	1.12574e-02
6.35841e+00	1.11725e-02
6.37876e+00	1.10878e-02
6.39911e+00	1.10033e-02
6.41945e+00	1.09188e-02
6.43980e+00	1.08346e-02
6.46015e+00	1.07504e-02
6.48050e+00	1.06665e-02
6.50084e+00	1.05826e-02
6.52119e+00	1.04989e-02
6.54154e+00	1.04154e-02
6.56188e+00	1.03320e-02
6.58223e+00	1.02487e-02
6.60258e+00	1.01656e-02
6.62292e+00	1.00826e-02
6.64327e+00	9.99970e-03
6.66362e+00	9.91697e-03
6.68396e+00	9.83438e-03
6.70431e+00	9.75192e-03
6.72466e+00	9.66959e-03
6.74501e+00	9.58738e-03
6.76535e+00	9.50530e-03
6.78570e+00	9.42336e-03
6.80605e+00	9.34154e-03
6.82639e+00	9.25985e-03
6.84674e+00	9.17830e-03
6.86709e+00	9.09688e-03
6.88743e+00	9.01559e-03
6.90778e+00	8.93443e-03
6.92813e+00	8.85341e-03
6.94847e+00	8.77251e-03
6.96882e+00	8.69178e-03
6.98917e+00	8.61120e-03
7.00952e+00	8.53078e-03
7.02986e+00	8.45052e-03
7.05021e+00	8.37042e-03
7.07056e+00	8.29047e-03
7.09090e+00	8.21067e-03
7.11125e+00	8.13104e-03
7.13160e+00	8.05159e-03
7.15194e+00	7.97231e-03
7.17229e+00	7.89319e-03
7.19264e+00	7.81425e-03
7.21298e+00	7.73547e-03
7.23333e+00	7.65685e-03
7.25368e+00	7.57840e-03
7.27403e+00	7.50012e-03
7.29437e+00	7.42199e-03
7.31472e+00	7.34402e-03
7.33507e+00	7.26619e-03
7.35541e+00	7.18852e-03
7.37576e+00	7.11099e-03
7.39611e+00	7.03360e-03
7.41645e+00	6.95637e-03
7.43680e+00	6.87928e-03
7.45715e+00	6.80236e-03
7.47749e+00	6.72561e-03
7.49784e+00	6.64902e-03
7.51819e+00	6.57259e-03
7.53854e+00	6.49634e-03
7.55888e+00	6.42026e-03
7.57923e+00	6.34435e-03
7.59958e+00	6.26863e-03
7.61992e+00	6.19308e-03
7.64027e+00	6.11772e-03
7.66062e+00	6.04255e-03
7.68096e+00	5.96757e-03
7.70131e+00	5.89278e-03
7.72166e+00	5.81817e-03
7.74200e+00	5.74376e-03
7.76235e+00	5.66954e-03
7.78270e+00	5.59551e-03
7.80305e+00	5.52169e-03
7.82339e+00	5.44809e-03
7.84374e+00	5.37472e-03
7.86409e+00	5.30159e-03
7.88443e+00	5.22872e-03
7.90478e+00	5.15613e-03
7.92513e+00	5.08383e-03
7.94547e+00	5.01183e-03
7.96582e+00	4.94013e-03
7.98617e+00	4.86876e-03
8.00651e+00	4.79771e-03
8.02686e+00	4.72701e-03
8.04721e+00	4.65667e-03
8.06756e+00	4.58669e-03
8.08790e+00	4.51709e-03
8.10825e+00	4.44788e-03
8.12860e+00	4.37908e-03
8.14894e+00	4.31069e-03
8.16929e+00	4.24273e-03
8.18964e+00	4.17519e-03
8.20998e+00	4.10810e-03
8.23033e+00	4.04145e-03
8.25068e+00	3.97526e-03
8.27102e+00	3.90954e-03
8.29137e+00	3.84430e-03
8.31172e+00	3.77956e-03
8.33207e+00	3.71534e-03
8.35241e+00	3.65164e-03
8.37276e+00	3.58849e-03
8.39311e+00	3.52589e-03
8.41345e+00	3.46386e-03
8.43380e+00	3.40241e-03
8.45415e+00	3.34155e-03
8.47449e+00	3.28128e-03
8.49484e+00	3.22164e-03
8.51519e+00	3.16265e-03
8.53553e+00	3.10433e-03
8.55588e+00	3.04667e-03
8.57623e+00	2.98970e-03
8.59658e+00	2.93341e-03
8.61692e+00	2.87781e-03
8.63727e+00	2.82290e-03
8.65762e+00	2.76868e-03
8.67796e+00	2.71516e-03
8.69831e+00	2.66235e-03
8.71866e+00	2.61024e-03
8.73900e+00	2.55884e-03
8.75935e+00	2.50815e-03
8.77970e+00	2.45818e-03
8.80004e+00	2.40891e-03
8.82039e+00	2.36037e-03
8.84074e+00	2.31254e-03
8.86109e+00	2.26543e-03
8.88143e+00	2.21904e-03
8.90178e+00	2.17337e-03
8.92213e+00	2.12842e-03
8.94247e+00	2.08418e-03
8.96282e+00	2.04067e-03
8.98317e+00	1.99788e-03
9.00351e+00	1.95582e-03
9.02386e+00	1.91448e-03
9.04421e+00	1.87385e-03
9.06455e+00	1.83392e-03
9.08490e+00	1.79469e-03
9.10525e+00	1.75615e-03
9.12560e+00	1.71828e-03
9.14594e+00	1.68108e-03
9.16629e+00	1.64454e-03
9.18664e+00	1.60865e-03
9.20698e+00	1.57341e-03
9.22733e+00	1.53880e-03
9.24768e+00	1.50482e-03
9.26802e+00	1.47145e-03
9.28837e+00	1.43870e-03
9.30872e+00	1.40656e-03
9.32906e+00	1.37500e-03
9.34941e+00	1.34404e-03
9.36976e+00	1.31366e-03
9.39011e+00	1.28385e-03
9.41045e+00	1.25460e-03
9.43080e+00	1.22591e-03
9.45115e+00	1.19776e-03
9.47149e+00	1.17016e-03
9.49184e+00	1.14309e-03
9.51219e+00	1.11655e-03
9.53253e+00	1.09052e-03
9.55288e+00	1.06501e-03
9.57323e+00	1.03999e-03
9.59357e+00	1.01547e-03
9.61392e+00	9.91438e-04
9.63427e+00	9.67884e-04
9.65462e+00	9.44803e-04
9.67496e+00	9.22191e-04
9.69531e+00	9.00039e-04
9.71566e+00	8.78343e-04
9.73600e+00	8.57095e-04
9.75635e+00	8.36289e-04
9.77670e+00	8.15920e-04
9.79704e+00	7.95979e-04
9.81739e+00	7.76461e-04
9.83774e+00	7.57361e-04
9.85808e+00	7.38670e-04
9.87843e+00	7.20384e-04
9.89878e+00	7.02495e-04
9.91913e+00	6.84998e-04
9.93947e+00	6.67886e-04
9.95982e+00	6.51154e-04
9.98017e+00	6.34795e-04
1.00005e+01	6.18805e-04
1.00209e+01	6.03173e-04
1.00412e+01	5.87898e-04
1.00616e+01	5.72986e-04
1.00819e+01	5.58426e-04
1.01022e+01	5.44212e-04
1.01226e+01	5.30334e-04
1.01429e+01	5.16786e-04
1.01633e+01	5.03559e-04
1.01836e+01	4.90647e-04
1.02040e+01	4.78041e-04
1.02243e+01	4.65735e-04
1.02447e+01	4.53723e-04
1.02650e+01	4.41997e-04
1.02854e+01	4.30551e-04
1.03057e+01	4.19379e-04
1.03261e+01	4.08474e-04
1.03464e+01	3.97830e-04
1.03668e+01	3.87442e-04
1.03871e+01	3.77303e-04
1.04075e+01	3.67407e-04
1.04278e+01	3.57750e-04
1.04481e+01	3.48324e-04
1.04685e+01	3.39126e-04
1.04888e+01	3.30150e-04
1.05092e+01	3.21390e-04
1.05295e+01	3.12841e-04
1.05499e+01	3.04498e-04
1.05702e+01	2.96357e-04
1.05906e+01	2.88414e-04
1.06109e+01	2.80660e-04
1.06313e+01	2.73099e-04
1.06516e+01	2.65727e-04
1.06720e+01	2.58542e-04
1.06923e+01	2.51538e-04
1.07127e+01	2.44710e-04
1.07330e+01	2.38055e-04
1.07533e+01	2.31567e-04
1.07737e+01	2.25244e-04
1.07940e+01	2.19080e-04
1.08144e+01	2.13072e-04
1.08347e+01	2.07215e-04
1.08551e+01	2.01507e-04
1.08754e+01	1.95942e-04
1.08958e+01	1.90519e-04
1.09161e+01	1.85232e-04
1.09365e+01	1.80079e-04
1.09568e+01	1.75055e-04
1.09772e+01	1.70159e-04
1.09975e+01	1.65386e-04
1.10179e+01	1.60734e-04
1.10382e+01	1.56198e-04
1.10586e+01	1.51777e-04
1.10789e+01	1.47467e-04
1.10992e+01	1.43266e-04
1.11196e+01	1.39169e-04
1.11399e+01	1.35176e-04
1.11603e+01	1.31282e-04
1.11806e+01	1.27485e-04
1.12010e+01	1.23782e-04
1.12213e+01	1.20171e-04
1.12417e+01	1.16651e-04
1.12620e+01	1.13217e-04
1.12824e+01	1.09869e-04
1.13027e+01	1.06604e-04
1.13231e+01	1.03420e-04
1.13434e+01	1.00314e-04
1.13638e+01	9.72858e-05
1.13841e+01	9.43320e-05
1.14045e+01	9.14509e-05
1.14248e+01	8.86406e-05
1.14451e+01	8.58992e-05
1.14655e+01	8.32248e-05
1.14858e+01	8.06154e-05
1.15062e+01	7.80692e-05
1.15265e+01	7.55841e-05
1.15469e+01	7.31579e-05
1.15672e+01	7.07875e-05
1.15876e+01	6.84737e-05
1.16079e+01	6.62165e-05
1.16283e+01	6.40157e-05
1.16486e+01	6.18718e-05
1.16690e+01	5.97908e-05
1.16893e+01	5.77745e-05
1.17097e+01	5.58192e-05
1.17300e+01	5.39202e-05
1.17503e+01	5.20733e-05
1.17707e+01	5.02768e-05
1.17910e+01	4.85308e-05
1.18114e+01	4.68336e-05
1.18317e+01	4.51829e-05
1.18521e+01	4.35814e-05
1.18724e+01	4.20383e-05
1.18928e+01	4.05459e-05
1.19131e+01	3.91021e-05
1.19335e+01	3.77098e-05
1.19538e+01	3.63650e-05
1.19742e+01	3.50647e-05
1.19945e+01	3.38065e-05
1.20149e+01	3.25889e-05
1.20352e+01	3.14102e-05
1.20556e+01	3.02695e-05
1.20759e+01	2.91655e-05
1.20962e+01	2.80971e-05
1.21166e+01	2.70632e-05
1.21369e+01	2.60627e-05
1.21573e+01	2.50949e-05
1.21776e+01	2.41587e-05
1.21980e+01	2.32532e-05
1.22183e+01	2.23775e-05
1.22387e+01	2.15309e-05
1.22590e+01	2.07126e-05
1.22794e+01	1.99220e-05
1.22997e+01	1.91584e-05
1.23201e+01	1.84211e-05
1.23404e+01	1.77094e-05
1.23608e+01	1.70224e-05
1.23811e+01	1.63594e-05
1.24014e+01	1.57195e-05
1.24218e+01	1.51021e-05
1.24421e+01	1.45066e-05
1.24625e+01	1.39323e-05
1.24828e+01	1.33786e-05
1.25032e+01	1.28449e-05
1.25235e+01	1.23306e-05
1.25439e+01	1.18353e-05
1.25642e+01	1.13582e-05
1.25846e+01	1.08991e-05
1.26049e+01	1.04576e-05
1.26253e+01	1.00333e-05
1.26456e+01	9.62542e-06
1.26660e+01	9.23353e-06
1.26863e+01	8.85707e-06
1.27067e+01	8.49554e-06
1.27270e+01	8.14838e-06
1.27473e+01	7.81509e-06
1.27677e+01	7.49513e-06
1.27880e+01	7.18800e-06
1.28084e+01	6.89327e-06
1.28287e+01	6.61046e-06
1.28491e+01	6.33906e-06
1.28694e+01	6.07851e-06
1.28898e+01	5.82815e-06
1.29101e+01	5.58742e-06
1.29305e+01	5.35618e-06
1.29508e+01	5.13420e-06
1.29712e+01	4.92060e-06
1.29915e+01	4.71470e-06
1.30119e+01	4.51614e-06
1.30322e+01	4.32544e-06
1.30526e+01	4.14417e-06
1.30729e+01	3.97287e-06
1.30932e+01	3.80981e-06
1.31136e+01	3.65378e-06
1.31339e+01	3.50378e-06
1.31543e+01	3.35909e-06
1.31746e+01	3.21976e-06
1.31950e+01	3.08601e-06
1.32153e+01	2.95809e-06
1.32357e+01	2.83570e-06
1.32560e+01	2.71822e-06
1.32764e+01	2.60530e-06
1.32967e+01	2.49671e-06
1.33171e+01	2.39220e-06
1.33374e+01	2.29156e-06
1.33578e+01	2.19461e-06
1.33781e+01	2.10122e-06
1.33984e+01	2.01126e-06
1.34188e+01	1.92465e-06
1.34391e+01	1.84130e-06
1.34595e+01	1.76114e-06
1.34798e+01	1.68417e-06
1.35002e+01	1.61028e-06
1.35205e+01	1.53933e-06
1.35409e+01	1.47118e-06
1.35612e+01	1.40574e-06
1.35816e+01	1.34292e-06
1.36019e+01	1.28263e-06
1.36223e+01	1.22478e-06
1.36426e+01	1.16928e-06
1.36630e+01	1.11605e-06
1.36833e+01	1.06501e-06
1.37037e+01	1.01606e-06
1.37240e+01	9.69141e-07
1.37443e+01	9.24167e-07
1.37647e+01	8.81067e-07
1.37850e+01	8.39769e-07
1.38054e+01	8.00204e-07
1.38257e+01	7.62303e-07
1.38461e+01	7.26005e-07
1.38664e+01	6.91246e-07
1.38868e+01	6.57965e-07
1.39071e+01	6.26111e-07
1.39275e+01	5.95630e-07
1.39478e+01	5.66475e-07
1.39682e+01	5.38598e-07
1.39885e+01	5.11949e-07
1.40089e+01	4.86482e-07
1.40292e+01	4.62155e-07
1.40496e+01	4.38923e-07
1.40699e+01	4.16744e-07
1.40902e+01	3.95578e-07
1.41106e+01	3.75383e-07
1.41309e+01	3.56121e-07
1.41513e+01	3.37754e-07
1.41716e+01	3.20246e-07
1.41920e+01	3.03560e-07
1.42123e+01	2.87662e-07
1.42327e+01	2.72518e-07
1.42530e+01	2.58098e-07
1.42734e+01	2.44371e-07
1.42937e+01	2.31310e-07
1.43141e+01	2.18886e-07
1.43344e+01	2.07074e-07
1.43548e+01	1.95845e-07
1.43751e+01	1.85176e-07
1.43954e+01	1.75042e-07
1.44158e+01	1.65418e-07
1.44361e+01	1.56283e-07
1.44565e+01	1.47615e-07
1.44768e+01	1.39391e-07
1.44972e+01	1.31593e-07
1.45175e+01	1.24200e-07
1.45379e+01	1.17193e-07
1.45582e+01	1.10554e-07
1.45786e+01	1.04267e-07
1.45989e+01	9.83124e-08
1.46193e+01	9.26762e-08
1.46396e+01	8.73423e-08
1.46600e+01	8.22961e-08
1.46803e+01	7.75235e-08
1.47007e+01	7.30108e-08
1.47210e+01	6.87451e-08
1.47413e+01	6.47141e-08
1.47617e+01	6.09060e-08
1.47820e+01	5.73093e-08
1.48024e+01	5.39134e-08
1.48227e+01	5.07079e-08
1.48431e+01	4.76830e-08
1.48634e+01	4.48294e-08
1.48838e+01	4.21382e-08
1.49041e+01	3.96008e-08
1.49245e+01	3.72091e-08
1.49448e+01	3.49555e-08
1.49652e+01	3.28326e-08
1.49855e+01	3.08335e-08
1.50059e+01	2.89517e-08
1.50262e+01	2.71806e-08
1.50465e+01	2.55141e-08
1.50669e+01	2.39462e-08
1.50872e+01	2.24714e-08
1.51076e+01	2.10842e-08
1.51279e+01	1.97796e-08
1.51483e+01	1.85530e-08
1.51686e+01	1.73998e-08
1.51890e+01	1.63158e-08
1.52093e+01	1.52971e-08
1.52297e+01	1.43398e-08
1.52500e+01	1.34404e-08
1.52704e+01	1.25955e-08
1.52907e+01	1.18019e-08
1.53111e+01	1.10566e-08
1.53314e+01	1.03569e-08
1.53518e+01	9.69995e-09
1.53721e+01	9.08330e-09
1.53924e+01	8.50456e-09
1.54128e+01	7.96146e-09
1.54331e+01	7.45190e-09
1.54535e+01	6.97387e-09
1.54738e+01	6.52548e-09
1.54942e+01	6.10495e-09
1.55145e+01	5.71060e-09
1.55349e+01	5.34085e-09
1.55552e+01	4.99421e-09
1.55756e+01	4.66928e-09
1.55959e+01	4.36473e-09
1.56163e+01	4.07931e-09
1.56366e+01	3.81186e-09
1.56570e+01	3.56127e-09
1.56773e+01	3.32651e-09
1.56977e+01	3.10660e-09
1.57180e+01	2.90061e-09
1.57383e+01	2.70767e-09
1.57587e+01	2.52694e-09
1.57790e+01	2.35763e-09
1.57994e+01	2.19908e-09
1.58197e+01	2.05066e-09
1.58401e+01	1.91177e-09
1.58604e+01	1.78186e-09
1.58808e+01	1.66038e-09
1.59011e+01	1.54681e-09
1.59215e+01	1.44069e-09
1.59418e+01	1.34154e-09
1.59622e+01	1.24895e-09
1.59825e+01	1.16250e-09
1.60029e+01	1.08182e-09
1.60232e+01	1.00654e-09
1.60435e+01	9.36312e-10
1.60639e+01	8.70819e-10
1.60842e+01	8.09752e-10
1.61046e+01	7.52821e-10
1.61249e+01	6.99757e-10
1.61453e+01	6.50309e-10
1.61656e+01	6.04239e-10
1.61860e+01	5.61325e-10
1.62063e+01	5.21360e-10
1.62267e+01	4.84149e-10
1.62470e+01	4.49508e-10
1.62674e+01	4.17267e-10
1.62877e+01	3.87267e-10
1.63081e+01	3.59356e-10
1.63284e+01	3.33394e-10
1.63488e+01	3.09250e-10
1.63691e+01	2.86801e-10
1.63894e+01	2.65933e-10
1.64098e+01	2.46538e-10
1.64301e+01	2.28515e-10
1.64505e+01	2.11770e-10
1.64708e+01	1.96216e-10
1.64912e+01	1.81771e-10
1.65115e+01	1.68358e-10
1.65319e+01	1.55906e-10
1.65522e+01	1.44347e-10
1.65726e+01	1.33621e-10
1.65929e+01	1.23670e-10
1.66133e+01	1.14438e-10
1.66336e+01	1.05877e-10
1.66540e+01	9.79384e-11
1.66743e+01	9.05790e-11
1.66947e+01	8.37578e-11
1.67150e+01	7.74366e-11
1.67353e+01	7.15799e-11
1.67557e+01	6.61547e-11
1.67760e+01	6.11300e-11
1.67964e+01	5.64773e-11
1.68167e+01	5.21699e-11
1.68371e+01	4.81828e-11
1.68574e+01	4.44929e-11
1.68778e+01	4.10788e-11
1.68981e+01	3.79205e-11
1.69185e+01	3.49992e-11
1.69388e+01	3.22978e-11
1.69592e+01	2.98002e-11
1.69795e+01	2.74913e-11
1.69999e+01	2.53575e-11
1.70202e+01	2.33858e-11
1.70405e+01	2.15641e-11
1.70609e+01	1.98814e-11
1.70812e+01	1.83273e-11
1.71016e+01	1.68922e-11
1.71219e+01	1.55672e-11
1.71423e+01	1.43441e-11
1.71626e+01	1.32151e-11
1.71830e+01	1.21732e-11
1.72033e+01	1.12118e-11
1.72237e+01	1.03249e-11
1.72440e+01	9.50674e-12
1.72644e+01	8.75220e-12
1.72847e+01	8.05639e-12
1.73051e+01	7.41485e-12
1.73254e+01	6.82342e-12
1.73458e+01	6.27827e-12
1.73661e+01	5.77586e-12
1.73864e+01	5.31291e-12
1.74068e+01	4.88637e-12
1.74271e+01	4.49343e-12
1.74475e+01	4.13151e-12
1.74678e+01	3.79820e-12
1.74882e+01	3.49128e-12
1.75085e+01	3.20871e-12
1.75289e+01	2.94859e-12
1.75492e+01	2.70917e-12
1.75696e+01	2.48884e-12
1.75899e+01	2.28610e-12
1.76103e+01	2.09958e-12
1.76306e+01	1.92801e-12
1.76510e+01	1.77022e-12
1.76713e+01	1.62511e-12
1.76916e+01	1.49170e-12
1.77120e+01	1.36906e-12
1.77323e+01	1.25633e-12
1.77527e+01	1.15274e-12
1.77730e+01	1.05754e-12
1.77934e+01	9.70085e-13
1.78137e+01	8.89747e-13
1.78341e+01	8.15961e-13
1.78544e+01	7.48200e-13
1.78748e+01	6.85977e-13
1.78951e+01	6.28848e-13
1.79155e+01	5.76402e-13
1.79358e+01	5.28264e-13
1.79562e+01	4.84088e-13
1.79765e+01	4.43553e-13
1.79969e+01	4.06366e-13
1.80172e+01	3.72254e-13
1.80375e+01	3.40968e-13
1.80579e+01	3.12278e-13
1.80782e+01	2.85970e-13
1.80986e+01	2.61850e-13
1.81189e+01	2.39739e-13
1.81393e+01	2.19471e-13
1.81596e+01	2.00895e-13
1.81800e+01	1.83872e-13
1.82003e+01	1.68272e-13
1.82207e+01	1.53978e-13
1.82410e+01	1.40882e-13
1.82614e+01	1.28885e-13
1.82817e+01	1.17896e-13
1.83021e+01	1.07832e-13
1.83224e+01	9.86166e-14
1.83428e+01	9.01783e-14
1.83631e+01	8.24528e-14
1.83834e+01	7.53807e-14
1.84038e+01	6.89075e-14
1.84241e+01	6.29832e-14
1.84445e+01	5.75619e-14
1.84648e+01	5.26014e-14
1.84852e+01	4.80630e-14
1.85055e+01	4.39114e-14
1.85259e+01	4.01138e-14
1.85462e+01	3.66406e-14
1.85666e+01	3.34645e-14
1.85869e+01	3.05602e-14
1.86073e+01	2.79050e-14
1.86276e+01	2.54777e-14
1.86480e+01	2.32589e-14
1.86683e+01	2.12311e-14
1.86886e+01	1.93781e-14
1.87090e+01	1.76848e-14
1.87293e+01	1.61378e-14
1.87497e+01	1.47246e-14
1.87700e+01	1.34337e-14
1.87904e+01	1.22548e-14
1.88107e+01	1.11781e-14
1.88311e+01	1.01950e-14
1.88514e+01	9.29748e-15
1.88718e+01	8.47810e-15
1.88921e+01	7.73017e-15
1.89125e+01	7.04753e-15
1.89328e+01	6.42457e-15
1.89532e+01	5.85613e-15
1.89735e+01	5.33751e-15
1.89939e+01	4.86438e-15
1.90142e+01	4.43283e-15
1.90345e+01	4.03922e-15
1.90549e+01	3.68027e-15
1.90752e+01	3.35294e-15
1.90956e+01	3.05448e-15
1.91159e+01	2.78235e-15
1.91363e+01	2.53427e-15
1.91566e+01	2.30812e-15
1.91770e+01	2.10197e-15
1.91973e+01	1.91409e-15
1.92177e+01	1.74286e-15
1.92380e+01	1.58681e-15
1.92584e+01	1.44463e-15
1.92787e+01	1.31508e-15
1.92991e+01	1.19704e-15
1.93194e+01	1.08952e-15
1.93398e+01	9.91575e-16
1.93601e+01	9.02363e-16
1.93804e+01	8.21111e-16
1.94008e+01	7.47115e-16
1.94211e+01	6.79732e-16
1.94415e+01	6.18375e-16
1.94618e+01	5.62510e-16
1.94822e+01	5.11649e-16
1.95025e+01	4.65347e-16
1.95229e+01	4.23199e-16
1.95432e+01	3.84833e-16
1.95636e+01	3.49913e-16
1.95839e+01	3.18131e-16
1.96043e+01	2.89207e-16
1.96246e+01	2.62884e-16
1.96450e+01	2.38931e-16
1.96653e+01	2.17134e-16
1.96856e+01	1.97301e-16
1.97060e+01	1.79254e-16
1.97263e+01	1.62833e-16
1.97467e+01	1.47891e-16
1.97670e+01	1.34295e-16
1.97874e+01	1.21922e-16
1.98077e+01	1.10663e-16
1.98281e+01	1.00415e-16
1.98484e+01	9.10871e-17
1.98688e+01	8.25945e-17
1.98891e+01	7.48612e-17
1.99095e+01	6.78162e-17
1.99298e+01	6.13939e-17
1.99502e+01	5.55366e-17
1.99705e+01	5.01914e-17
1.99909e+01	4.53100e-17
2.00112e+01	4.08484e-17
2.00315e+01	3.67661e-17
2.00519e+01	3.30262e-17
2.00722e+01	2.95949e-17
2.00926e+01	2.64411e-17
2.01129e+01	2.35361e-17
2.01333e+01	2.08533e-17
2.01536e+01	1.83683e-17
2.01740e+01	1.60585e-17
2.01943e+01	1.39033e-17
2.02147e+01	1.18834e-17
2.02350e+01	9.98137e-18
2.02554e+01	8.18131e-18
2.02757e+01	6.46933e-18
2.02961e+01	4.83400e-18
2.03164e+01	3.26735e-18
2.03368e+01	1.76578e-18
