# The ell = 0 distribution, the isotropy.
# E_N [Td]	2.00000e+01
# col_1: Electron Energy [eV], col_2: f0 [eV^(-3/2)]
eV	f0
1.12444e-02	2.83205e-01
3.37331e-02	2.83604e-01
5.62218e-02	2.84006e-01
7.87105e-02	2.84415e-01
1.01199e-01	2.84834e-01
1.23688e-01	2.85261e-01
1.46177e-01	2.85696e-01
1.68665e-01	2.86139e-01
1.91154e-01	2.86591e-01
2.13643e-01	2.87050e-01
2.36131e-01	2.87517e-01
2.58620e-01	2.87991e-01
2.81109e-01	2.88473e-01
3.03598e-01	2.88962e-01
3.26086e-01	2.89459e-01
3.48575e-01	2.89963e-01
3.71064e-01	2.90474e-01
3.93552e-01	2.90992e-01
4.16041e-01	2.91516e-01
4.38530e-01	2.92045e-01
4.61018e-01	2.92579e-01
4.83507e-01	2.93115e-01
5.05996e-01	2.93654e-01
5.28485e-01	2.94195e-01
5.50973e-01	2.94734e-01
5.73462e-01	2.95271e-01
5.95951e-01	2.95803e-01
6.18439e-01	2.96328e-01
6.40928e-01	2.96842e-01
6.63417e-01	2.97341e-01
6.85906e-01	2.97820e-01
7.08394e-01	2.98272e-01
7.30883e-01	2.98692e-01
7.53372e-01	2.99073e-01
7.75860e-01	2.99416e-01
7.98349e-01	2.99719e-01
8.20838e-01	2.99980e-01
8.43326e-01	3.00200e-01
8.65815e-01	3.00378e-01
8.88304e-01	3.00513e-01
9.10793e-01	3.00600e-01
9.33281e-01	3.00634e-01
9.55770e-01	3.00610e-01
9.78259e-01	3.00520e-01
1.00075e+00	3.00354e-01
1.02324e+00	3.00112e-01
1.04572e+00	2.99786e-01
1.06821e+00	2.99373e-01
1.09070e+00	2.98864e-01
1.11319e+00	2.98258e-01
1.13568e+00	2.97557e-01
1.15817e+00	2.96763e-01
1.18066e+00	2.95873e-01
1.20315e+00	2.94890e-01
1.22563e+00	2.93814e-01
1.24812e+00	2.92635e-01
1.27061e+00	2.91347e-01
1.29310e+00	2.89947e-01
1.31559e+00	2.88419e-01
1.33808e+00	2.86751e-01
1.36057e+00	2.84930e-01
1.38306e+00	2.82944e-01
1.40554e+00	2.80811e-01
1.42803e+00	2.78544e-01
1.45052e+00	2.76152e-01
1.47301e+00	2.73655e-01
1.49550e+00	2.71061e-01
1.51799e+00	2.68372e-01
1.54048e+00	2.65592e-01
1.56296e+00	2.62711e-01
1.58545e+00	2.59683e-01
1.60794e+00	2.56479e-01
1.63043e+00	2.53071e-01
1.65292e+00	2.49416e-01
1.67541e+00	2.45493e-01
1.69790e+00	2.41288e-01
1.72039e+00	2.36792e-01
1.74287e+00	2.31980e-01
1.76536e+00	2.26870e-01
1.78785e+00	2.21498e-01
1.81034e+00	2.15897e-01
1.83283e+00	2.10111e-01
1.85532e+00	2.04127e-01
1.87781e+00	1.97951e-01
1.90030e+00	1.91594e-01
1.92278e+00	1.85126e-01
1.94527e+00	1.78705e-01
1.96776e+00	1.72440e-01
1.99025e+00	1.66378e-01
2.01274e+00	1.60549e-01
2.03523e+00	1.55006e-01
2.05772e+00	1.49732e-01
2.08021e+00	1.44695e-01
2.10269e+00	1.39862e-01
2.12518e+00	1.35183e-01
2.14767e+00	1.30639e-01
2.17016e+00	1.26245e-01
2.19265e+00	1.22011e-01
2.21514e+00	1.17936e-01
2.23763e+00	1.14018e-01
2.26011e+00	1.10299e-01
2.28260e+00	1.06804e-01
2.30509e+00	1.03521e-01
2.32758e+00	1.00431e-01
2.35007e+00	9.75279e-02
2.37256e+00	9.47617e-02
2.39505e+00	9.20886e-02
2.41754e+00	8.95159e-02
2.44002e+00	8.70107e-02
2.46251e+00	8.45722e-02
2.48500e+00	8.22431e-02
2.50749e+00	8.00898e-02
2.52998e+00	7.80985e-02
2.55247e+00	7.62646e-02
2.57496e+00	7.45688e-02
2.59745e+00	7.29970e-02
2.61993e+00	7.14868e-02
2.64242e+00	7.00297e-02
2.66491e+00	6.86308e-02
2.68740e+00	6.72892e-02
2.70989e+00	6.60047e-02
2.73238e+00	6.47866e-02
2.75487e+00	6.36409e-02
2.77736e+00	6.25469e-02
2.79984e+00	6.15016e-02
2.82233e+00	6.05048e-02
2.84482e+00	5.95561e-02
2.86731e+00	5.86573e-02
2.88980e+00	5.78104e-02
2.91229e+00	5.70229e-02
2.93478e+00	5.62863e-02
2.95726e+00	5.55923e-02
2.97975e+00	5.49328e-02
3.00224e+00	5.42977e-02
3.02473e+00	5.36804e-02
3.04722e+00	5.30812e-02
3.06971e+00	5.25024e-02
3.09220e+00	5.19458e-02
3.11469e+00	5.14128e-02
3.13717e+00	5.09025e-02
3.15966e+00	5.04126e-02
3.18215e+00	4.99403e-02
3.20464e+00	4.94854e-02
3.22713e+00	4.90479e-02
3.24962e+00	4.86278e-02
3.27211e+00	4.82254e-02
3.29460e+00	4.78402e-02
3.31708e+00	4.74705e-02
3.33957e+00	4.71143e-02
3.36206e+00	4.67698e-02
3.38455e+00	4.64353e-02
3.40704e+00	4.61097e-02
3.42953e+00	4.57916e-02
3.45202e+00	4.54804e-02
3.47450e+00	4.51760e-02
3.49699e+00	4.48781e-02
3.51948e+00	4.45864e-02
3.54197e+00	4.43004e-02
3.56446e+00	4.40201e-02
3.58695e+00	4.37455e-02
3.60944e+00	4.34764e-02
3.63193e+00	4.32127e-02
3.65441e+00	4.29544e-02
3.67690e+00	4.27014e-02
3.69939e+00	4.24534e-02
3.72188e+00	4.22105e-02
3.74437e+00	4.19722e-02
3.76686e+00	4.17380e-02
3.78935e+00	4.15075e-02
3.81184e+00	4.12801e-02
3.83432e+00	4.10551e-02
3.85681e+00	4.08321e-02
3.87930e+00	4.06104e-02
3.90179e+00	4.03901e-02
3.92428e+00	4.01709e-02
3.94677e+00	3.99529e-02
3.96926e+00	3.97360e-02
3.99175e+00	3.95200e-02
4.01423e+00	3.93046e-02
4.03672e+00	3.90898e-02
4.05921e+00	3.88756e-02
4.08170e+00	3.86622e-02
4.10419e+00	3.84496e-02
4.12668e+00	3.82379e-02
4.14917e+00	3.80272e-02
4.17165e+00	3.78176e-02
4.19414e+00	3.76091e-02
4.21663e+00	3.74018e-02
4.23912e+00	3.71957e-02
4.26161e+00	3.69908e-02
4.28410e+00	3.67873e-02
4.30659e+00	3.65852e-02
4.32908e+00	3.63846e-02
4.35156e+00	3.61856e-02
4.37405e+00	3.59882e-02
4.39654e+00	3.57925e-02
4.41903e+00	3.55985e-02
4.44152e+00	3.54064e-02
4.46401e+00	3.52160e-02
4.48650e+00	3.50275e-02
4.50899e+00	3.48407e-02
4.53147e+00	3.46558e-02
4.55396e+00	3.44729e-02
4.57645e+00	3.42918e-02
4.59894e+00	3.41126e-02
4.62143e+00	3.39351e-02
4.64392e+00	3.37593e-02
4.66641e+00	3.35852e-02
4.68889e+00	3.34126e-02
4.71138e+00	3.32414e-02
4.73387e+00	3.30715e-02
4.75636e+00	3.29028e-02
4.77885e+00	3.27353e-02
4.80134e+00	3.25689e-02
4.82383e+00	3.24034e-02
4.84632e+00	3.22389e-02
4.86880e+00	3.20751e-02
4.89129e+00	3.19119e-02
4.91378e+00	3.17491e-02
4.93627e+00	3.15867e-02
4.95876e+00	3.14245e-02
4.98125e+00	3.12625e-02
5.00374e+00	3.11006e-02
5.02623e+00	3.09389e-02
5.04871e+00	3.07771e-02
5.07120e+00	3.06154e-02
5.09369e+00	3.04536e-02
5.11618e+00	3.02918e-02
5.13867e+00	3.01299e-02
5.16116e+00	2.99680e-02
5.18365e+00	2.98060e-02
5.20614e+00	2.96440e-02
5.22862e+00	2.94821e-02
5.25111e+00	2.93202e-02
5.27360e+00	2.91584e-02
5.29609e+00	2.89966e-02
5.31858e+00	2.88350e-02
5.34107e+00	2.86734e-02
5.36356e+00	2.85119e-02
5.38604e+00	2.83505e-02
5.40853e+00	2.81892e-02
5.43102e+00	2.80280e-02
5.45351e+00	2.78669e-02
5.47600e+00	2.77060e-02
5.49849e+00	2.75451e-02
5.52098e+00	2.73844e-02
5.54347e+00	2.72238e-02
5.56595e+00	2.70633e-02
5.58844e+00	2.69030e-02
5.61093e+00	2.67427e-02
5.63342e+00	2.65826e-02
5.65591e+00	2.64227e-02
5.67840e+00	2.62628e-02
5.70089e+00	2.61031e-02
5.72338e+00	2.59435e-02
5.74586e+00	2.57841e-02
5.76835e+00	2.56248e-02
5.79084e+00	2.54656e-02
5.81333e+00	2.53066e-02
5.83582e+00	2.51477e-02
5.85831e+00	2.49890e-02
5.88080e+00	2.48304e-02
5.90329e+00	2.46719e-02
5.92577e+00	2.45136e-02
5.94826e+00	2.43554e-02
5.97075e+00	2.41973e-02
5.99324e+00	2.40394e-02
6.01573e+00	2.38817e-02
6.03822e+00	2.37241e-02
6.06071e+00	2.35667e-02
6.08319e+00	2.34094e-02
6.10568e+00	2.32523e-02
6.12817e+00	2.30953e-02
6.15066e+00	2.29386e-02
6.17315e+00	2.27820e-02
6.19564e+00	2.26255e-02
6.21813e+00	2.24693e-02
6.24062e+00	2.23132e-02
6.26310e+00	2.21572e-02
6.28559e+00	2.20014e-02
6.30808e+00	2.18458e-02
6.33057e+00	2.16904e-02
6.35306e+00	2.15351e-02
6.37555e+00	2.13800e-02
6.39804e+00	2.12250e-02
6.42053e+00	2.10702e-02
6.44301e+00	2.09156e-02
6.46550e+00	2.07611e-02
6.48799e+00	2.06068e-02
6.51048e+00	2.04527e-02
6.53297e+00	2.02987e-02
6.55546e+00	2.01448e-02
6.57795e+00	1.99912e-02
6.60043e+00	1.98376e-02
6.62292e+00	1.96842e-02
6.64541e+00	1.95310e-02
6.66790e+00	1.93779e-02
6.69039e+00	1.92250e-02
6.71288e+00	1.90722e-02
6.73537e+00	1.89195e-02
6.75786e+00	1.87670e-02
6.78034e+00	1.86146e-02
6.80283e+00	1.84624e-02
6.82532e+00	1.83103e-02
6.84781e+00	1.81584e-02
6.87030e+00	1.80066e-02
6.89279e+00	1.78549e-02
6.91528e+00	1.77034e-02
6.93777e+00	1.75521e-02
6.96025e+00	1.74009e-02
6.98274e+00	1.72499e-02
7.00523e+00	1.70991e-02
7.02772e+00	1.69485e-02
7.05021e+00	1.67981e-02
7.07270e+00	1.66480e-02
7.09519e+00	1.64980e-02
7.11768e+00	1.63482e-02
7.14016e+00	1.61987e-02
7.16265e+00	1.60494e-02
7.18514e+00	1.59004e-02
7.20763e+00	1.57515e-02
7.23012e+00	1.56029e-02
7.25261e+00	1.54545e-02
7.27510e+00	1.53064e-02
7.29758e+00	1.51584e-02
7.32007e+00	1.50107e-02
7.34256e+00	1.48631e-02
7.36505e+00	1.47158e-02
7.38754e+00	1.45686e-02
7.41003e+00	1.44217e-02
7.43252e+00	1.42749e-02
7.45501e+00	1.41283e-02
7.47749e+00	1.39820e-02
7.49998e+00	1.38359e-02
7.52247e+00	1.36900e-02
7.54496e+00	1.35444e-02
7.56745e+00	1.33990e-02
7.58994e+00	1.32538e-02
7.61243e+00	1.31089e-02
7.63492e+00	1.29642e-02
7.65740e+00	1.28198e-02
7.67989e+00	1.26756e-02
7.70238e+00	1.25317e-02
7.72487e+00	1.23881e-02
7.74736e+00	1.22447e-02
7.76985e+00	1.21016e-02
7.79234e+00	1.19587e-02
7.81482e+00	1.18161e-02
7.83731e+00	1.16739e-02
7.85980e+00	1.15319e-02
7.88229e+00	1.13904e-02
7.90478e+00	1.12492e-02
7.92727e+00	1.11084e-02
7.94976e+00	1.09681e-02
7.97225e+00	1.08282e-02
7.99473e+00	1.06888e-02
8.01722e+00	1.05498e-02
8.03971e+00	1.04114e-02
8.06220e+00	1.02735e-02
8.08469e+00	1.01362e-02
8.10718e+00	9.99945e-03
8.12967e+00	9.86331e-03
8.15216e+00	9.72778e-03
8.17464e+00	9.59288e-03
8.19713e+00	9.45864e-03
8.21962e+00	9.32506e-03
8.24211e+00	9.19216e-03
8.26460e+00	9.05997e-03
8.28709e+00	8.92852e-03
8.30958e+00	8.79782e-03
8.33207e+00	8.66791e-03
8.35455e+00	8.53883e-03
8.37704e+00	8.41059e-03
8.39953e+00	8.28323e-03
8.42202e+00	8.15677e-03
8.44451e+00	8.03124e-03
8.46700e+00	7.90664e-03
8.48949e+00	7.78304e-03
8.51197e+00	7.66048e-03
8.53446e+00	7.53900e-03
8.55695e+00	7.41863e-03
8.57944e+00	7.29937e-03
8.60193e+00	7.18125e-03
8.62442e+00	7.06427e-03
8.64691e+00	6.94845e-03
8.66940e+00	6.83380e-03
8.69188e+00	6.72033e-03
8.71437e+00	6.60806e-03
8.73686e+00	6.49699e-03
8.75935e+00	6.38713e-03
8.78184e+00	6.27850e-03
8.80433e+00	6.17111e-03
8.82682e+00	6.06496e-03
8.84931e+00	5.96007e-03
8.87179e+00	5.85644e-03
8.89428e+00	5.75408e-03
8.91677e+00	5.65299e-03
8.93926e+00	5.55320e-03
8.96175e+00	5.45470e-03
8.98424e+00	5.35751e-03
9.00673e+00	5.26165e-03
9.02922e+00	5.16712e-03
9.05170e+00	5.07389e-03
9.07419e+00	4.98197e-03
9.09668e+00	4.89133e-03
9.11917e+00	4.80197e-03
9.14166e+00	4.71387e-03
9.16415e+00	4.62702e-03
9.18664e+00	4.54141e-03
9.20912e+00	4.45704e-03
9.23161e+00	4.37388e-03
9.25410e+00	4.29194e-03
9.27659e+00	4.21119e-03
9.29908e+00	4.13164e-03
9.32157e+00	4.05326e-03
9.34406e+00	3.97606e-03
9.36655e+00	3.90001e-03
9.38903e+00	3.82511e-03
9.41152e+00	3.75135e-03
9.43401e+00	3.67872e-03
9.45650e+00	3.60720e-03
9.47899e+00	3.53679e-03
9.50148e+00	3.46747e-03
9.52397e+00	3.39923e-03
9.54646e+00	3.33207e-03
9.56894e+00	3.26596e-03
9.59143e+00	3.20090e-03
9.61392e+00	3.13687e-03
9.63641e+00	3.07388e-03
9.65890e+00	3.01190e-03
9.68139e+00	2.95093e-03
9.70388e+00	2.89097e-03
9.72636e+00	2.83200e-03
9.74885e+00	2.77401e-03
9.77134e+00	2.71700e-03
9.79383e+00	2.66096e-03
9.81632e+00	2.60587e-03
9.83881e+00	2.55173e-03
9.86130e+00	2.49853e-03
9.88379e+00	2.44626e-03
9.90627e+00	2.39490e-03
9.92876e+00	2.34445e-03
9.95125e+00	2.29490e-03
9.97374e+00	2.24624e-03
9.99623e+00	2.19846e-03
1.00187e+01	2.15155e-03
1.00412e+01	2.10549e-03
1.00637e+01	2.06033e-03
1.00862e+01	2.01605e-03
1.01087e+01	1.97262e-03
1.01312e+01	1.93003e-03
1.01537e+01	1.88827e-03
1.01761e+01	1.84731e-03
1.01986e+01	1.80715e-03
1.02211e+01	1.76777e-03
1.02436e+01	1.72916e-03
1.02661e+01	1.69129e-03
1.02886e+01	1.65416e-03
1.03111e+01	1.61775e-03
1.03336e+01	1.58205e-03
1.03560e+01	1.54705e-03
1.03785e+01	1.51273e-03
1.04010e+01	1.47908e-03
1.04235e+01	1.44609e-03
1.04460e+01	1.41374e-03
1.04685e+01	1.38202e-03
1.04910e+01	1.35093e-03
1.05135e+01	1.32044e-03
1.05360e+01	1.29055e-03
1.05584e+01	1.26124e-03
1.05809e+01	1.23251e-03
1.06034e+01	1.20434e-03
1.06259e+01	1.17672e-03
1.06484e+01	1.14967e-03
1.06709e+01	1.12318e-03
1.06934e+01	1.09723e-03
1.07159e+01	1.07183e-03
1.07384e+01	1.04695e-03
1.07608e+01	1.02258e-03
1.07833e+01	9.98713e-04
1.08058e+01	9.75341e-04
1.08283e+01	9.52451e-04
1.08508e+01	9.30034e-04
1.08733e+01	9.08080e-04
1.08958e+01	8.86578e-04
1.09183e+01	8.65519e-04
1.09408e+01	8.44895e-04
1.09632e+01	8.24695e-04
1.09857e+01	8.04910e-04
1.10082e+01	7.85532e-04
1.10307e+01	7.66552e-04
1.10532e+01	7.47961e-04
1.10757e+01	7.29751e-04
1.10982e+01	7.11913e-04
1.11207e+01	6.94439e-04
1.11432e+01	6.77320e-04
1.11656e+01	6.60549e-04
1.11881e+01	6.44117e-04
1.12106e+01	6.28017e-04
1.12331e+01	6.12241e-04
1.12556e+01	5.96783e-04
1.12781e+01	5.81637e-04
1.13006e+01	5.66797e-04
1.13231e+01	5.52255e-04
1.13456e+01	5.38005e-04
1.13680e+01	5.24041e-04
1.13905e+01	5.10356e-04
1.14130e+01	4.96945e-04
1.14355e+01	4.83801e-04
1.14580e+01	4.70918e-04
1.14805e+01	4.58289e-04
1.15030e+01	4.45908e-04
1.15255e+01	4.33766e-04
1.15479e+01	4.21856e-04
1.15704e+01	4.10166e-04
1.15929e+01	3.98701e-04
1.16154e+01	3.87462e-04
1.16379e+01	3.76453e-04
1.16604e+01	3.65693e-04
1.16829e+01	3.55209e-04
1.17054e+01	3.44991e-04
1.17279e+01	3.35018e-04
1.17503e+01	3.25269e-04
1.17728e+01	3.15736e-04
1.17953e+01	3.06419e-04
1.18178e+01	2.97312e-04
1.18403e+01	2.88406e-04
1.18628e+01	2.79750e-04
1.18853e+01	2.71352e-04
1.19078e+01	2.63174e-04
1.19303e+01	2.55237e-04
1.19527e+01	2.47526e-04
1.19752e+01	2.40025e-04
1.19977e+01	2.32724e-04
1.20202e+01	2.25616e-04
1.20427e+01	2.18694e-04
1.20652e+01	2.11955e-04
1.20877e+01	2.05393e-04
1.21102e+01	1.99004e-04
1.21327e+01	1.92784e-04
1.21551e+01	1.86730e-04
1.21776e+01	1.80838e-04
1.22001e+01	1.75104e-04
1.22226e+01	1.69525e-04
1.22451e+01	1.64098e-04
1.22676e+01	1.58821e-04
1.22901e+01	1.53691e-04
1.23126e+01	1.48706e-04
1.23351e+01	1.43862e-04
1.23575e+01	1.39158e-04
1.23800e+01	1.34588e-04
1.24025e+01	1.30149e-04
1.24250e+01	1.25839e-04
1.24475e+01	1.21655e-04
1.24700e+01	1.17593e-04
1.24925e+01	1.13652e-04
1.25150e+01	1.09828e-04
1.25375e+01	1.06120e-04
1.25599e+01	1.02525e-04
1.25824e+01	9.90406e-05
1.26049e+01	9.56676e-05
1.26274e+01	9.24031e-05
1.26499e+01	8.92443e-05
1.26724e+01	8.61884e-05
1.26949e+01	8.32328e-05
1.27174e+01	8.03748e-05
1.27399e+01	7.76116e-05
1.27623e+01	7.49403e-05
1.27848e+01	7.23581e-05
1.28073e+01	6.98625e-05
1.28298e+01	6.74509e-05
1.28523e+01	6.51201e-05
1.28748e+01	6.28663e-05
1.28973e+01	6.06849e-05
1.29198e+01	5.85724e-05
1.29422e+01	5.65302e-05
1.29647e+01	5.45532e-05
1.29872e+01	5.26346e-05
1.30097e+01	5.07721e-05
1.30322e+01	4.89689e-05
1.30547e+01	4.72407e-05
1.30772e+01	4.55935e-05
1.30997e+01	4.40118e-05
1.31222e+01	4.24850e-05
1.31446e+01	4.10042e-05
1.31671e+01	3.95668e-05
1.31896e+01	3.81746e-05
1.32121e+01	3.68315e-05
1.32346e+01	3.55372e-05
1.32571e+01	3.42858e-05
1.32796e+01	3.30743e-05
1.33021e+01	3.19007e-05
1.33246e+01	3.07628e-05
1.33470e+01	2.96591e-05
1.33695e+01	2.85881e-05
1.33920e+01	2.75491e-05
1.34145e+01	2.65414e-05
1.34370e+01	2.55645e-05
1.34595e+01	2.46182e-05
1.34820e+01	2.37028e-05
1.35045e+01	2.28175e-05
1.35270e+01	2.19611e-05
1.35494e+01	2.11325e-05
1.35719e+01	2.03311e-05
1.35944e+01	1.95561e-05
1.36169e+01	1.88069e-05
1.36394e+01	1.80826e-05
1.36619e+01	1.73827e-05
1.36844e+01	1.67064e-05
1.37069e+01	1.60529e-05
1.37294e+01	1.54216e-05
1.37518e+01	1.48119e-05
1.37743e+01	1.42231e-05
1.37968e+01	1.36546e-05
1.38193e+01	1.31056e-05
1.38418e+01	1.25757e-05
1.38643e+01	1.20643e-05
1.38868e+01	1.15706e-05
1.39093e+01	1.10944e-05
1.39318e+01	1.06350e-05
1.39542e+01	1.01921e-05
1.39767e+01	9.76516e-06
1.39992e+01	9.35374e-06
1.40217e+01	8.95740e-06
1.40442e+01	8.57572e-06
1.40667e+01	8.20828e-06
1.40892e+01	7.85463e-06
1.41117e+01	7.51437e-06
1.41342e+01	7.18707e-06
1.41566e+01	6.87233e-06
1.41791e+01	6.56974e-06
1.42016e+01	6.27889e-06
1.42241e+01	5.99939e-06
1.42466e+01	5.73087e-06
1.42691e+01	5.47299e-06
1.42916e+01	5.22542e-06
1.43141e+01	4.98782e-06
1.43365e+01	4.75987e-06
1.43590e+01	4.54125e-06
1.43815e+01	4.33165e-06
1.44040e+01	4.13075e-06
1.44265e+01	3.93825e-06
1.44490e+01	3.75387e-06
1.44715e+01	3.57731e-06
1.44940e+01	3.40829e-06
1.45165e+01	3.24654e-06
1.45389e+01	3.09179e-06
1.45614e+01	2.94378e-06
1.45839e+01	2.80225e-06
1.46064e+01	2.66696e-06
1.46289e+01	2.53767e-06
1.46514e+01	2.41414e-06
1.46739e+01	2.29616e-06
1.46964e+01	2.18349e-06
1.47189e+01	2.07594e-06
1.47413e+01	1.97330e-06
1.47638e+01	1.87537e-06
1.47863e+01	1.78195e-06
1.48088e+01	1.69287e-06
1.48313e+01	1.60794e-06
1.48538e+01	1.52699e-06
1.48763e+01	1.44987e-06
1.48988e+01	1.37640e-06
1.49213e+01	1.30643e-06
1.49437e+01	1.23982e-06
1.49662e+01	1.17643e-06
1.49887e+01	1.11611e-06
1.50112e+01	1.05873e-06
1.50337e+01	1.00417e-06
1.50562e+01	9.52295e-07
1.50787e+01	9.02977e-07
1.51012e+01	8.56096e-07
1.51237e+01	8.11537e-07
1.51461e+01	7.69192e-07
1.51686e+01	7.28954e-07
1.51911e+01	6.90726e-07
1.52136e+01	6.54411e-07
1.52361e+01	6.19919e-07
1.52586e+01	5.87162e-07
1.52811e+01	5.56059e-07
1.53036e+01	5.26528e-07
1.53261e+01	4.98496e-07
1.53485e+01	4.71888e-07
1.53710e+01	4.46637e-07
1.53935e+01	4.22677e-07
1.54160e+01	3.99943e-07
1.54385e+01	3.78377e-07
1.54610e+01	3.57921e-07
1.54835e+01	3.38520e-07
1.55060e+01	3.20122e-07
1.55285e+01	3.02677e-07
1.55509e+01	2.86137e-07
1.55734e+01	2.70458e-07
1.55959e+01	2.55596e-07
1.56184e+01	2.41509e-07
1.56409e+01	2.28159e-07
1.56634e+01	2.15509e-07
1.56859e+01	2.03522e-07
1.57084e+01	1.92165e-07
1.57308e+01	1.81405e-07
1.57533e+01	1.71210e-07
1.57758e+01	1.61549e-07
1.57983e+01	1.52397e-07
1.58208e+01	1.43730e-07
1.58433e+01	1.35525e-07
1.58658e+01	1.27760e-07
1.58883e+01	1.20415e-07
1.59108e+01	1.13468e-07
1.59332e+01	1.06901e-07
1.59557e+01	1.00693e-07
1.59782e+01	9.48283e-08
1.60007e+01	8.92886e-08
1.60232e+01	8.40576e-08
1.60457e+01	7.91192e-08
1.60682e+01	7.44580e-08
1.60907e+01	7.00592e-08
1.61132e+01	6.59087e-08
1.61356e+01	6.19933e-08
1.61581e+01	5.83004e-08
1.61806e+01	5.48179e-08
1.62031e+01	5.15346e-08
1.62256e+01	4.84396e-08
1.62481e+01	4.55226e-08
1.62706e+01	4.27740e-08
1.62931e+01	4.01845e-08
1.63156e+01	3.77453e-08
1.63380e+01	3.54482e-08
1.63605e+01	3.32853e-08
1.63830e+01	3.12491e-08
1.64055e+01	2.93325e-08
1.64280e+01	2.75288e-08
1.64505e+01	2.58318e-08
1.64730e+01	2.42352e-08
1.64955e+01	2.27335e-08
1.65180e+01	2.13213e-08
1.65404e+01	1.99934e-08
1.65629e+01	1.87451e-08
1.65854e+01	1.75718e-08
1.66079e+01	1.64692e-08
1.66304e+01	1.54333e-08
1.66529e+01	1.44602e-08
1.66754e+01	1.35462e-08
1.66979e+01	1.26880e-08
1.67204e+01	1.18823e-08
1.67428e+01	1.11260e-08
1.67653e+01	1.04162e-08
1.67878e+01	9.75015e-09
1.68103e+01	9.12529e-09
1.68328e+01	8.53917e-09
1.68553e+01	7.98949e-09
1.68778e+01	7.47408e-09
1.69003e+01	6.99088e-09
1.69228e+01	6.53795e-09
1.69452e+01	6.11348e-09
1.69677e+01	5.71576e-09
1.69902e+01	5.34316e-09
1.70127e+01	4.99415e-09
1.70352e+01	4.66731e-09
1.70577e+01	4.36127e-09
1.70802e+01	4.07476e-09
1.71027e+01	3.80656e-09
1.71251e+01	3.55554e-09
1.71476e+01	3.32063e-09
1.71701e+01	3.10084e-09
1.71926e+01	2.89520e-09
1.72151e+01	2.70285e-09
1.72376e+01	2.52295e-09
1.72601e+01	2.35472e-09
1.72826e+01	2.19742e-09
1.73051e+01	2.05037e-09
1.73275e+01	1.91290e-09
1.73500e+01	1.78442e-09
1.73725e+01	1.66436e-09
1.73950e+01	1.55217e-09
1.74175e+01	1.44736e-09
1.74400e+01	1.34945e-09
1.74625e+01	1.25801e-09
1.74850e+01	1.17261e-09
1.75075e+01	1.09286e-09
1.75299e+01	1.01841e-09
1.75524e+01	9.48905e-10
1.75749e+01	8.84031e-10
1.75974e+01	8.23488e-10
1.76199e+01	7.66994e-10
1.76424e+01	7.14286e-10
1.76649e+01	6.65118e-10
1.76874e+01	6.19259e-10
1.77099e+01	5.76492e-10
1.77323e+01	5.36614e-10
1.77548e+01	4.99436e-10
1.77773e+01	4.64779e-10
1.77998e+01	4.32477e-10
1.78223e+01	4.02375e-10
1.78448e+01	3.74328e-10
1.78673e+01	3.48194e-10
1.78898e+01	3.23848e-10
1.79123e+01	3.01170e-10
1.79347e+01	2.80048e-10
1.79572e+01	2.60379e-10
1.79797e+01	2.42066e-10
1.80022e+01	2.25018e-10
1.80247e+01	2.09150e-10
1.80472e+01	1.94381e-10
1.80697e+01	1.80637e-10
1.80922e+01	1.67849e-10
1.81147e+01	1.55950e-10
1.81371e+01	1.44882e-10
1.81596e+01	1.34585e-10
1.81821e+01	1.25009e-10
1.82046e+01	1.16101e-10
1.82271e+01	1.07817e-10
1.82496e+01	1.00114e-10
1.82721e+01	9.29518e-11
1.82946e+01	8.62930e-11
1.83171e+01	8.01031e-11
1.83395e+01	7.43495e-11
1.83620e+01	6.90023e-11
1.83845e+01	6.40330e-11
1.84070e+01	5.94156e-11
1.84295e+01	5.51256e-11
1.84520e+01	5.11402e-11
1.84745e+01	4.74382e-11
1.84970e+01	4.39997e-11
1.85194e+01	4.08063e-11
1.85419e+01	3.78409e-11
1.85644e+01	3.50874e-11
1.85869e+01	3.25310e-11
1.86094e+01	3.01579e-11
1.86319e+01	2.79551e-11
1.86544e+01	2.59107e-11
1.86769e+01	2.40134e-11
1.86994e+01	2.22529e-11
1.87218e+01	2.06195e-11
1.87443e+01	1.91042e-11
1.87668e+01	1.76985e-11
1.87893e+01	1.63948e-11
1.88118e+01	1.51857e-11
1.88343e+01	1.40645e-11
1.88568e+01	1.30249e-11
1.88793e+01	1.20610e-11
1.89018e+01	1.11675e-11
1.89242e+01	1.03394e-11
1.89467e+01	9.57178e-12
1.89692e+01	8.86046e-12
1.89917e+01	8.20136e-12
1.90142e+01	7.59070e-12
1.90367e+01	7.02499e-12
1.90592e+01	6.50096e-12
1.90817e+01	6.01558e-12
1.91042e+01	5.56604e-12
1.91266e+01	5.14971e-12
1.91491e+01	4.76417e-12
1.91716e+01	4.40717e-12
1.91941e+01	4.07662e-12
1.92166e+01	3.77060e-12
1.92391e+01	3.48729e-12
1.92616e+01	3.22504e-12
1.92841e+01	2.98230e-12
1.93066e+01	2.75763e-12
1.93290e+01	2.54971e-12
1.93515e+01	2.35729e-12
1.93740e+01	2.17925e-12
1.93965e+01	2.01452e-12
1.94190e+01	1.86211e-12
1.94415e+01	1.72111e-12
1.94640e+01	1.59068e-12
1.94865e+01	1.47004e-12
1.95090e+01	1.35845e-12
1.95314e+01	1.25525e-12
1.95539e+01	1.15982e-12
1.95764e+01	1.07157e-12
1.95989e+01	9.89974e-13
1.96214e+01	9.14531e-13
1.96439e+01	8.44784e-13
1.96664e+01	7.80309e-13
1.96889e+01	7.20711e-13
1.97113e+01	6.65627e-13
1.97338e+01	6.14717e-13
1.97563e+01	5.67669e-13
1.97788e+01	5.24193e-13
1.98013e+01	4.84022e-13
1.98238e+01	4.46907e-13
1.98463e+01	4.12618e-13
1.98688e+01	3.80944e-13
1.98913e+01	3.51688e-13
1.99137e+01	3.24663e-13
1.99362e+01	2.99694e-13
1.99587e+01	2.76627e-13
1.99812e+01	2.55317e-13
2.00037e+01	2.35634e-13
2.00262e+01	2.17453e-13
2.00487e+01	2.00661e-13
2.00712e+01	1.85154e-13
2.00937e+01	1.70834e-13
2.01161e+01	1.57611e-13
2.01386e+01	1.45402e-13
2.01611e+01	1.34130e-13
2.01836e+01	1.23724e-13
2.02061e+01	1.14119e-13
2.02286e+01	1.05253e-13
2.02511e+01	9.70696e-14
2.02736e+01	8.95172e-14
2.02961e+01	8.25474e-14
2.03185e+01	7.61156e-14
2.03410e+01	7.01808e-14
2.03635e+01	6.47049e-14
2.03860e+01	5.96527e-14
2.04085e+01	5.49920e-14
2.04310e+01	5.06925e-14
2.04535e+01	4.67267e-14
2.04760e+01	4.30689e-14
2.04985e+01	3.96955e-14
2.05209e+01	3.65847e-14
2.05434e+01	3.37161e-14
2.05659e+01	3.10710e-14
2.05884e+01	2.86322e-14
2.06109e+01	2.63836e-14
2.06334e+01	2.43105e-14
2.06559e+01	2.23993e-14
2.06784e+01	2.06373e-14
2.07009e+01	1.90130e-14
2.07233e+01	1.75156e-14
2.07458e+01	1.61354e-14
2.07683e+01	1.48632e-14
2.07908e+01	1.36906e-14
2.08133e+01	1.26099e-14
2.08358e+01	1.16139e-14
2.08583e+01	1.06961e-14
2.08808e+01	9.85034e-15
2.09033e+01	9.07102e-15
2.09257e+01	8.35296e-15
2.09482e+01	7.69138e-15
2.09707e+01	7.08187e-15
2.09932e+01	6.52037e-15
2.10157e+01	6.00312e-15
2.10382e+01	5.52667e-15
2.10607e+01	5.08781e-15
2.10832e+01	4.68359e-15
2.11056e+01	4.31130e-15
2.11281e+01	3.96843e-15
2.11506e+01	3.65266e-15
2.11731e+01	3.36187e-15
2.11956e+01	3.09409e-15
2.12181e+01	2.84751e-15
2.12406e+01	2.62047e-15
2.12631e+01	2.41142e-15
2.12856e+01	2.21894e-15
2.13080e+01	2.04174e-15
2.13305e+01	1.87859e-15
2.13530e+01	1.72840e-15
2.13755e+01	1.59014e-15
2.13980e+01	1.46286e-15
2.14205e+01	1.34570e-15
2.14430e+01	1.23786e-15
2.14655e+01	1.13860e-15
2.14880e+01	1.04724e-15
2.15104e+01	9.63148e-16
2.15329e+01	8.85756e-16
2.15554e+01	8.14528e-16
2.15779e+01	7.48976e-16
2.16004e+01	6.88648e-16
2.16229e+01	6.33128e-16
2.16454e+01	5.82034e-16
2.16679e+01	5.35014e-16
2.16904e+01	4.91741e-16
2.17128e+01	4.51917e-16
2.17353e+01	4.15265e-16
2.17578e+01	3.81533e-16
2.17803e+01	3.50485e-16
2.18028e+01	3.21906e-16
2.18253e+01	2.95597e-16
2.18478e+01	2.71375e-16
2.18703e+01	2.49072e-16
2.18928e+01	2.28531e-16
2.19152e+01	2.09610e-16
2.19377e+01	1.92176e-16
2.19602e+01	1.76107e-16
2.19827e+01	1.61290e-16
2.20052e+01	1.47622e-16
2.20277e+01	1.35006e-16
2.20502e+01	1.23354e-16
2.20727e+01	1.12584e-16
2.20952e+01	1.02620e-16
2.21176e+01	9.33912e-17
2.21401e+01	8.48330e-17
2.21626e+01	7.68848e-17
2.21851e+01	6.94908e-17
2.22076e+01	6.25991e-17
2.22301e+01	5.61616e-17
2.22526e+01	5.01333e-17
2.22751e+01	4.44720e-17
2.22976e+01	3.91389e-17
2.23200e+01	3.40976e-17
2.23425e+01	2.93148e-17
2.23650e+01	2.47599e-17
2.23875e+01	2.04053e-17
2.24100e+01	1.62271e-17
2.24325e+01	1.22058e-17
2.24550e+01	8.32802e-18
2.24775e+01	4.58710e-18
