# The ell = 1 distribution, the first anisotropy.
# E_N [Td]	2.00000e+02
# col_1: Electron Energy [eV], col_2: f1 [eV^(-3/2)]
eV	f1
1.00100e-01	1.31221e-03
2.00200e-01	1.86027e-03
3.00300e-01	2.35185e-03
4.00400e-01	2.83175e-03
5.00501e-01	3.29098e-03
6.00601e-01	3.78365e-03
7.00701e-01	4.31009e-03
8.00801e-01	4.86680e-03
9.00901e-01	5.41851e-03
1.00100e+00	5.97060e-03
1.10110e+00	6.53605e-03
1.20120e+00	7.09237e-03
1.30130e+00	7.62429e-03
1.40140e+00	8.08511e-03
1.50150e+00	8.47439e-03
1.60160e+00	8.88579e-03
1.70170e+00	9.29006e-03
1.80180e+00	9.62165e-03
1.90190e+00	9.85962e-03
2.00200e+00	9.93467e-03
2.10210e+00	9.90332e-03
2.20220e+00	9.82407e-03
2.30230e+00	9.73056e-03
2.40240e+00	9.63079e-03
2.50250e+00	9.50594e-03
2.60260e+00	9.39895e-03
2.70270e+00	9.30102e-03
2.80280e+00	9.23313e-03
2.90290e+00	9.15611e-03
3.00300e+00	9.09321e-03
3.10310e+00	9.04378e-03
3.20320e+00	8.99976e-03
3.30330e+00	8.95477e-03
3.40340e+00	8.91664e-03
3.50350e+00	8.88070e-03
3.60360e+00	8.84379e-03
3.70370e+00	8.80462e-03
3.80380e+00	8.76476e-03
3.90390e+00	8.72565e-03
4.00400e+00	8.68439e-03
4.10410e+00	8.64038e-03
4.20420e+00	8.59289e-03
4.30430e+00	8.54215e-03
4.40440e+00	8.48826e-03
4.50450e+00	8.43169e-03
4.60460e+00	8.37296e-03
4.70470e+00	8.31306e-03
4.80480e+00	8.25242e-03
4.90490e+00	8.19135e-03
5.00501e+00	8.13002e-03
5.10511e+00	8.06805e-03
5.20521e+00	8.00521e-03
5.30531e+00	7.94130e-03
5.40541e+00	7.87650e-03
5.50551e+00	7.81094e-03
5.60561e+00	7.74474e-03
5.70571e+00	7.67802e-03
5.80581e+00	7.61091e-03
5.90591e+00	7.54349e-03
6.00601e+00	7.47586e-03
6.10611e+00	7.40809e-03
6.20621e+00	7.34028e-03
6.30631e+00	7.27246e-03
6.40641e+00	7.20473e-03
6.50651e+00	7.13712e-03
6.60661e+00	7.06969e-03
6.70671e+00	7.00250e-03
6.80681e+00	6.93557e-03
6.90691e+00	6.86895e-03
7.00701e+00	6.80267e-03
7.10711e+00	6.73676e-03
7.20721e+00	6.67128e-03
7.30731e+00	6.60626e-03
7.40741e+00	6.54172e-03
7.50751e+00	6.47756e-03
7.60761e+00	6.41381e-03
7.70771e+00	6.35048e-03
7.80781e+00	6.28758e-03
7.90791e+00	6.22490e-03
8.00801e+00	6.16240e-03
8.10811e+00	6.10007e-03
8.20821e+00	6.03788e-03
8.30831e+00	5.97580e-03
8.40841e+00	5.91369e-03
8.50851e+00	5.85151e-03
8.60861e+00	5.78915e-03
8.70871e+00	5.72686e-03
8.80881e+00	5.66468e-03
8.90891e+00	5.60263e-03
9.00901e+00	5.54073e-03
9.10911e+00	5.47923e-03
9.20921e+00	5.41828e-03
9.30931e+00	5.35789e-03
9.40941e+00	5.29809e-03
9.50951e+00	5.23888e-03
9.60961e+00	5.18027e-03
9.70971e+00	5.12223e-03
9.80981e+00	5.06473e-03
9.90991e+00	5.00777e-03
1.00100e+01	4.95137e-03
1.01101e+01	4.89563e-03
1.02102e+01	4.84071e-03
1.03103e+01	4.78658e-03
1.04104e+01	4.73323e-03
1.05105e+01	4.68068e-03
1.06106e+01	4.62887e-03
1.07107e+01	4.57778e-03
1.08108e+01	4.52745e-03
1.09109e+01	4.47787e-03
1.10110e+01	4.42903e-03
1.11111e+01	4.38094e-03
1.12112e+01	4.33360e-03
1.13113e+01	4.28694e-03
1.14114e+01	4.24094e-03
1.15115e+01	4.19558e-03
1.16116e+01	4.15049e-03
1.17117e+01	4.10150e-03
1.18118e+01	4.05360e-03
1.19119e+01	4.00184e-03
1.20120e+01	3.95269e-03
1.21121e+01	3.90420e-03
1.22122e+01	3.85571e-03
1.23123e+01	3.80668e-03
1.24124e+01	3.75721e-03
1.25125e+01	3.70732e-03
1.26126e+01	3.65680e-03
1.27127e+01	3.60606e-03
1.28128e+01	3.55566e-03
1.29129e+01	3.50661e-03
1.30130e+01	3.45932e-03
1.31131e+01	3.40679e-03
1.32132e+01	3.36084e-03
1.33133e+01	3.31638e-03
1.34134e+01	3.27366e-03
1.35135e+01	3.22974e-03
1.36136e+01	3.18576e-03
1.37137e+01	3.14148e-03
1.38138e+01	3.09694e-03
1.39139e+01	3.05207e-03
1.40140e+01	3.00642e-03
1.41141e+01	2.95999e-03
1.42142e+01	2.91280e-03
1.43143e+01	2.86484e-03
1.44144e+01	2.81608e-03
1.45145e+01	2.76662e-03
1.46146e+01	2.71661e-03
1.47147e+01	2.66613e-03
1.48148e+01	2.61530e-03
1.49149e+01	2.56420e-03
1.50150e+01	2.51291e-03
1.51151e+01	2.46181e-03
1.52152e+01	2.41108e-03
1.53153e+01	2.36077e-03
1.54154e+01	2.31091e-03
1.55155e+01	2.26154e-03
1.56156e+01	2.21268e-03
1.57157e+01	2.16435e-03
1.58158e+01	2.11654e-03
1.59159e+01	2.06857e-03
1.60160e+01	2.02054e-03
1.61161e+01	1.97268e-03
1.62162e+01	1.92514e-03
1.63163e+01	1.87798e-03
1.64164e+01	1.83123e-03
1.65165e+01	1.78494e-03
1.66166e+01	1.73910e-03
1.67167e+01	1.69375e-03
1.68168e+01	1.64892e-03
1.69169e+01	1.60465e-03
1.70170e+01	1.56095e-03
1.71171e+01	1.51790e-03
1.72172e+01	1.47555e-03
1.73173e+01	1.43391e-03
1.74174e+01	1.39299e-03
1.75175e+01	1.35282e-03
1.76176e+01	1.31337e-03
1.77177e+01	1.27465e-03
1.78178e+01	1.23667e-03
1.79179e+01	1.19943e-03
1.80180e+01	1.16294e-03
1.81181e+01	1.12726e-03
1.82182e+01	1.09241e-03
1.83183e+01	1.05837e-03
1.84184e+01	1.02514e-03
1.85185e+01	9.92721e-04
1.86186e+01	9.61089e-04
1.87187e+01	9.30234e-04
1.88188e+01	9.00147e-04
1.89189e+01	8.70821e-04
1.90190e+01	8.42249e-04
1.91191e+01	8.14445e-04
1.92192e+01	7.87410e-04
1.93193e+01	7.61129e-04
1.94194e+01	7.35585e-04
1.95195e+01	7.10766e-04
1.96196e+01	6.86655e-04
1.97197e+01	6.63236e-04
1.98198e+01	6.40495e-04
1.99199e+01	6.18418e-04
2.00200e+01	5.96987e-04
2.01201e+01	5.76197e-04
2.02202e+01	5.56037e-04
2.03203e+01	5.36496e-04
2.04204e+01	5.17558e-04
2.05205e+01	4.99209e-04
2.06206e+01	4.81449e-04
2.07207e+01	4.64266e-04
2.08208e+01	4.47644e-04
2.09209e+01	4.31567e-04
2.10210e+01	4.16020e-04
2.11211e+01	4.00993e-04
2.12212e+01	3.86471e-04
2.13213e+01	3.72440e-04
2.14214e+01	3.58885e-04
2.15215e+01	3.45790e-04
2.16216e+01	3.33138e-04
2.17217e+01	3.20916e-04
2.18218e+01	3.09108e-04
2.19219e+01	2.97704e-04
2.20220e+01	2.86693e-04
2.21221e+01	2.76069e-04
2.22222e+01	2.65829e-04
2.23223e+01	2.55957e-04
2.24224e+01	2.46443e-04
2.25225e+01	2.37272e-04
2.26226e+01	2.28432e-04
2.27227e+01	2.19908e-04
2.28228e+01	2.11692e-04
2.29229e+01	2.03771e-04
2.30230e+01	1.96136e-04
2.31231e+01	1.88779e-04
2.32232e+01	1.81692e-04
2.33233e+01	1.74866e-04
2.34234e+01	1.68290e-04
2.35235e+01	1.61956e-04
2.36236e+01	1.55855e-04
2.37237e+01	1.49979e-04
2.38238e+01	1.44320e-04
2.39239e+01	1.38870e-04
2.40240e+01	1.33621e-04
2.41241e+01	1.28566e-04
2.42242e+01	1.23698e-04
2.43243e+01	1.19009e-04
2.44244e+01	1.14493e-04
2.45245e+01	1.10144e-04
2.46246e+01	1.05956e-04
2.47247e+01	1.01923e-04
2.48248e+01	9.80388e-05
2.49249e+01	9.42987e-05
2.50250e+01	9.06981e-05
2.51251e+01	8.72322e-05
2.52252e+01	8.38975e-05
2.53253e+01	8.06890e-05
2.54254e+01	7.76020e-05
2.55255e+01	7.46313e-05
2.56256e+01	7.17721e-05
2.57257e+01	6.90197e-05
2.58258e+01	6.63701e-05
2.59259e+01	6.38193e-05
2.60260e+01	6.13639e-05
2.61261e+01	5.90021e-05
2.62262e+01	5.67305e-05
2.63263e+01	5.45460e-05
2.64264e+01	5.24451e-05
2.65265e+01	5.04247e-05
2.66266e+01	4.84817e-05
2.67267e+01	4.66133e-05
2.68268e+01	4.48166e-05
2.69269e+01	4.30888e-05
2.70270e+01	4.14274e-05
2.71271e+01	3.98298e-05
2.72272e+01	3.82935e-05
2.73273e+01	3.68163e-05
2.74274e+01	3.53959e-05
2.75275e+01	3.40301e-05
2.76276e+01	3.27168e-05
2.77277e+01	3.14540e-05
2.78278e+01	3.02399e-05
2.79279e+01	2.90724e-05
2.80280e+01	2.79499e-05
2.81281e+01	2.68704e-05
2.82282e+01	2.58323e-05
2.83283e+01	2.48341e-05
2.84284e+01	2.38741e-05
2.85285e+01	2.29510e-05
2.86286e+01	2.20632e-05
2.87287e+01	2.12096e-05
2.88288e+01	2.03887e-05
2.89289e+01	1.95993e-05
2.90290e+01	1.88402e-05
2.91291e+01	1.81103e-05
2.92292e+01	1.74084e-05
2.93293e+01	1.67334e-05
2.94294e+01	1.60843e-05
2.95295e+01	1.54602e-05
2.96296e+01	1.48599e-05
2.97297e+01	1.42827e-05
2.98298e+01	1.37276e-05
2.99299e+01	1.31939e-05
3.00300e+01	1.26807e-05
3.01301e+01	1.21872e-05
3.02302e+01	1.17129e-05
3.03303e+01	1.12569e-05
3.04304e+01	1.08187e-05
3.05305e+01	1.03974e-05
3.06306e+01	9.99253e-06
3.07307e+01	9.60333e-06
3.08308e+01	9.22922e-06
3.09309e+01	8.86963e-06
3.10310e+01	8.52399e-06
3.11311e+01	8.19178e-06
3.12312e+01	7.87245e-06
3.13313e+01	7.56553e-06
3.14314e+01	7.27051e-06
3.15315e+01	6.98695e-06
3.16316e+01	6.71440e-06
3.17317e+01	6.45245e-06
3.18318e+01	6.20067e-06
3.19319e+01	5.95868e-06
3.20320e+01	5.72609e-06
3.21321e+01	5.50256e-06
3.22322e+01	5.28774e-06
3.23323e+01	5.08130e-06
3.24324e+01	4.88291e-06
3.25325e+01	4.69226e-06
3.26326e+01	4.50905e-06
3.27327e+01	4.33298e-06
3.28328e+01	4.16379e-06
3.29329e+01	4.00119e-06
3.30330e+01	3.84494e-06
3.31331e+01	3.69479e-06
3.32332e+01	3.55050e-06
3.33333e+01	3.41183e-06
3.34334e+01	3.27858e-06
3.35335e+01	3.15052e-06
3.36336e+01	3.02747e-06
3.37337e+01	2.90921e-06
3.38338e+01	2.79557e-06
3.39339e+01	2.68636e-06
3.40340e+01	2.58143e-06
3.41341e+01	2.48062e-06
3.42342e+01	2.38376e-06
3.43343e+01	2.29070e-06
3.44344e+01	2.20130e-06
3.45345e+01	2.11540e-06
3.46346e+01	2.03287e-06
3.47347e+01	1.95358e-06
3.48348e+01	1.87740e-06
3.49349e+01	1.80421e-06
3.50350e+01	1.73389e-06
3.51351e+01	1.66632e-06
3.52352e+01	1.60139e-06
3.53353e+01	1.53900e-06
3.54354e+01	1.47905e-06
3.55355e+01	1.42144e-06
3.56356e+01	1.36608e-06
3.57357e+01	1.31288e-06
3.58358e+01	1.26176e-06
3.59359e+01	1.21264e-06
3.60360e+01	1.16543e-06
3.61361e+01	1.12008e-06
3.62362e+01	1.07652e-06
3.63363e+01	1.03467e-06
3.64364e+01	9.94482e-07
3.65365e+01	9.55874e-07
3.66366e+01	9.18786e-07
3.67367e+01	8.83157e-07
3.68368e+01	8.48930e-07
3.69369e+01	8.16049e-07
3.70370e+01	7.84459e-07
3.71371e+01	7.54110e-07
3.72372e+01	7.24952e-07
3.73373e+01	6.96940e-07
3.74374e+01	6.70029e-07
3.75375e+01	6.44174e-07
3.76376e+01	6.19332e-07
3.77377e+01	5.95464e-07
3.78378e+01	5.72530e-07
3.79379e+01	5.50493e-07
3.80380e+01	5.29318e-07
3.81381e+01	5.08970e-07
3.82382e+01	4.89416e-07
3.83383e+01	4.70624e-07
3.84384e+01	4.52568e-07
3.85385e+01	4.35219e-07
3.86386e+01	4.18549e-07
3.87387e+01	4.02530e-07
3.88388e+01	3.87138e-07
3.89389e+01	3.72346e-07
3.90390e+01	3.58131e-07
3.91391e+01	3.44470e-07
3.92392e+01	3.31340e-07
3.93393e+01	3.18720e-07
3.94394e+01	3.06590e-07
3.95395e+01	2.94930e-07
3.96396e+01	2.83720e-07
3.97397e+01	2.72944e-07
3.98398e+01	2.62584e-07
3.99399e+01	2.52622e-07
4.00400e+01	2.43043e-07
4.01401e+01	2.33834e-07
4.02402e+01	2.24980e-07
4.03403e+01	2.16468e-07
4.04404e+01	2.08283e-07
4.05405e+01	2.00412e-07
4.06406e+01	1.92845e-07
4.07407e+01	1.85567e-07
4.08408e+01	1.78569e-07
4.09409e+01	1.71840e-07
4.10410e+01	1.65368e-07
4.11411e+01	1.59143e-07
4.12412e+01	1.53157e-07
4.13413e+01	1.47399e-07
4.14414e+01	1.41862e-07
4.15415e+01	1.36535e-07
4.16416e+01	1.31412e-07
4.17417e+01	1.26483e-07
4.18418e+01	1.21743e-07
4.19419e+01	1.17183e-07
4.20420e+01	1.12796e-07
4.21421e+01	1.08576e-07
4.22422e+01	1.04516e-07
4.23423e+01	1.00611e-07
4.24424e+01	9.68532e-08
4.25425e+01	9.32381e-08
4.26426e+01	8.97600e-08
4.27427e+01	8.64135e-08
4.28428e+01	8.31936e-08
4.29429e+01	8.00957e-08
4.30430e+01	7.71151e-08
4.31431e+01	7.42472e-08
4.32432e+01	7.14878e-08
4.33433e+01	6.88326e-08
4.34434e+01	6.62776e-08
4.35435e+01	6.38191e-08
4.36436e+01	6.14532e-08
4.37437e+01	5.91766e-08
4.38438e+01	5.69858e-08
4.39439e+01	5.48774e-08
4.40440e+01	5.28484e-08
4.41441e+01	5.08957e-08
4.42442e+01	4.90164e-08
4.43443e+01	4.72077e-08
4.44444e+01	4.54669e-08
4.45445e+01	4.37914e-08
4.46446e+01	4.21788e-08
4.47447e+01	4.06265e-08
4.48448e+01	3.91323e-08
4.49449e+01	3.76941e-08
4.50450e+01	3.63096e-08
4.51451e+01	3.49768e-08
4.52452e+01	3.36937e-08
4.53453e+01	3.24585e-08
4.54454e+01	3.12693e-08
4.55455e+01	3.01244e-08
4.56456e+01	2.90222e-08
4.57457e+01	2.79609e-08
4.58458e+01	2.69390e-08
4.59459e+01	2.59552e-08
4.60460e+01	2.50080e-08
4.61461e+01	2.40962e-08
4.62462e+01	2.32183e-08
4.63463e+01	2.23730e-08
4.64464e+01	2.15592e-08
4.65465e+01	2.07755e-08
4.66466e+01	2.00210e-08
4.67467e+01	1.92944e-08
4.68468e+01	1.85948e-08
4.69469e+01	1.79210e-08
4.70470e+01	1.72722e-08
4.71471e+01	1.66473e-08
4.72472e+01	1.60456e-08
4.73473e+01	1.54660e-08
4.74474e+01	1.49078e-08
4.75475e+01	1.43702e-08
4.76476e+01	1.38523e-08
4.77477e+01	1.33536e-08
4.78478e+01	1.28731e-08
4.79479e+01	1.24103e-08
4.80480e+01	1.19646e-08
4.81481e+01	1.15351e-08
4.82482e+01	1.11214e-08
4.83483e+01	1.07229e-08
4.84484e+01	1.03389e-08
4.85485e+01	9.96896e-09
4.86486e+01	9.61254e-09
4.87487e+01	9.26914e-09
4.88488e+01	8.93826e-09
4.89489e+01	8.61944e-09
4.90490e+01	8.31223e-09
4.91491e+01	8.01620e-09
4.92492e+01	7.73092e-09
4.93493e+01	7.45601e-09
4.94494e+01	7.19107e-09
4.95495e+01	6.93573e-09
4.96496e+01	6.68963e-09
4.97497e+01	6.45245e-09
4.98498e+01	6.22384e-09
4.99499e+01	6.00348e-09
5.00501e+01	5.79108e-09
5.01502e+01	5.58633e-09
5.02503e+01	5.38895e-09
5.03504e+01	5.19868e-09
5.04505e+01	5.01524e-09
5.05506e+01	4.83839e-09
5.06507e+01	4.66790e-09
5.07508e+01	4.50351e-09
5.08509e+01	4.34502e-09
5.09510e+01	4.19220e-09
5.10511e+01	4.04486e-09
5.11512e+01	3.90279e-09
5.12513e+01	3.76579e-09
5.13514e+01	3.63369e-09
5.14515e+01	3.50631e-09
5.15516e+01	3.38347e-09
5.16517e+01	3.26501e-09
5.17518e+01	3.15078e-09
5.18519e+01	3.04060e-09
5.19520e+01	2.93434e-09
5.20521e+01	2.83184e-09
5.21522e+01	2.73298e-09
5.22523e+01	2.63763e-09
5.23524e+01	2.54565e-09
5.24525e+01	2.45693e-09
5.25526e+01	2.37135e-09
5.26527e+01	2.28880e-09
5.27528e+01	2.20917e-09
5.28529e+01	2.13235e-09
5.29530e+01	2.05824e-09
5.30531e+01	1.98675e-09
5.31532e+01	1.91778e-09
5.32533e+01	1.85124e-09
5.33534e+01	1.78705e-09
5.34535e+01	1.72512e-09
5.35536e+01	1.66537e-09
5.36537e+01	1.60772e-09
5.37538e+01	1.55209e-09
5.38539e+01	1.49843e-09
5.39540e+01	1.44664e-09
5.40541e+01	1.39668e-09
5.41542e+01	1.34847e-09
5.42543e+01	1.30195e-09
5.43544e+01	1.25706e-09
5.44545e+01	1.21375e-09
5.45546e+01	1.17195e-09
5.46547e+01	1.13161e-09
5.47548e+01	1.09269e-09
5.48549e+01	1.05512e-09
5.49550e+01	1.01887e-09
5.50551e+01	9.83883e-10
5.51552e+01	9.50117e-10
5.52553e+01	9.17530e-10
5.53554e+01	8.86078e-10
5.54555e+01	8.55722e-10
5.55556e+01	8.26423e-10
5.56557e+01	7.98143e-10
5.57558e+01	7.70847e-10
5.58559e+01	7.44501e-10
5.59560e+01	7.19071e-10
5.60561e+01	6.94524e-10
5.61562e+01	6.70830e-10
5.62563e+01	6.47959e-10
5.63564e+01	6.25880e-10
5.64565e+01	6.04568e-10
5.65566e+01	5.83993e-10
5.66567e+01	5.64132e-10
5.67568e+01	5.44957e-10
5.68569e+01	5.26446e-10
5.69570e+01	5.08575e-10
5.70571e+01	4.91321e-10
5.71572e+01	4.74663e-10
5.72573e+01	4.58579e-10
5.73574e+01	4.43050e-10
5.74575e+01	4.28057e-10
5.75576e+01	4.13580e-10
5.76577e+01	3.99601e-10
5.77578e+01	3.86103e-10
5.78579e+01	3.73069e-10
5.79580e+01	3.60484e-10
5.80581e+01	3.48330e-10
5.81582e+01	3.36594e-10
5.82583e+01	3.25260e-10
5.83584e+01	3.14314e-10
5.84585e+01	3.03744e-10
5.85586e+01	2.93535e-10
5.86587e+01	2.83676e-10
5.87588e+01	2.74153e-10
5.88589e+01	2.64956e-10
5.89590e+01	2.56074e-10
5.90591e+01	2.47494e-10
5.91592e+01	2.39207e-10
5.92593e+01	2.31202e-10
5.93594e+01	2.23470e-10
5.94595e+01	2.16000e-10
5.95596e+01	2.08785e-10
5.96597e+01	2.01815e-10
5.97598e+01	1.95082e-10
5.98599e+01	1.88577e-10
5.99600e+01	1.82293e-10
6.00601e+01	1.76221e-10
6.01602e+01	1.70355e-10
6.02603e+01	1.64687e-10
6.03604e+01	1.59210e-10
6.04605e+01	1.53918e-10
6.05606e+01	1.48805e-10
6.06607e+01	1.43864e-10
6.07608e+01	1.39089e-10
6.08609e+01	1.34475e-10
6.09610e+01	1.30016e-10
6.10611e+01	1.25707e-10
6.11612e+01	1.21542e-10
6.12613e+01	1.17518e-10
6.13614e+01	1.13629e-10
6.14615e+01	1.09870e-10
6.15616e+01	1.06237e-10
6.16617e+01	1.02726e-10
6.17618e+01	9.93330e-11
6.18619e+01	9.60534e-11
6.19620e+01	9.28835e-11
6.20621e+01	8.98196e-11
6.21622e+01	8.68582e-11
6.22623e+01	8.39958e-11
6.23624e+01	8.12290e-11
6.24625e+01	7.85546e-11
6.25626e+01	7.59694e-11
6.26627e+01	7.34705e-11
6.27628e+01	7.10549e-11
6.28629e+01	6.87198e-11
6.29630e+01	6.64625e-11
6.30631e+01	6.42804e-11
6.31632e+01	6.21708e-11
6.32633e+01	6.01315e-11
6.33634e+01	5.81599e-11
6.34635e+01	5.62539e-11
6.35636e+01	5.44111e-11
6.36637e+01	5.26296e-11
6.37638e+01	5.09071e-11
6.38639e+01	4.92418e-11
6.39640e+01	4.76317e-11
6.40641e+01	4.60749e-11
6.41642e+01	4.45697e-11
6.42643e+01	4.31143e-11
6.43644e+01	4.17071e-11
6.44645e+01	4.03466e-11
6.45646e+01	3.90313e-11
6.46647e+01	3.77595e-11
6.47648e+01	3.65299e-11
6.48649e+01	3.53410e-11
6.49650e+01	3.41915e-11
6.50651e+01	3.30800e-11
6.51652e+01	3.20052e-11
6.52653e+01	3.09660e-11
6.53654e+01	2.99611e-11
6.54655e+01	2.89893e-11
6.55656e+01	2.80496e-11
6.56657e+01	2.71409e-11
6.57658e+01	2.62621e-11
6.58659e+01	2.54122e-11
6.59660e+01	2.45903e-11
6.60661e+01	2.37955e-11
6.61662e+01	2.30267e-11
6.62663e+01	2.22833e-11
6.63664e+01	2.15642e-11
6.64665e+01	2.08687e-11
6.65666e+01	2.01961e-11
6.66667e+01	1.95454e-11
6.67668e+01	1.89161e-11
6.68669e+01	1.83074e-11
6.69670e+01	1.77186e-11
6.70671e+01	1.71491e-11
6.71672e+01	1.65982e-11
6.72673e+01	1.60653e-11
6.73674e+01	1.55497e-11
6.74675e+01	1.50510e-11
6.75676e+01	1.45685e-11
6.76677e+01	1.41018e-11
6.77678e+01	1.36503e-11
6.78679e+01	1.32134e-11
6.79680e+01	1.27908e-11
6.80681e+01	1.23819e-11
6.81682e+01	1.19863e-11
6.82683e+01	1.16035e-11
6.83684e+01	1.12331e-11
6.84685e+01	1.08748e-11
6.85686e+01	1.05280e-11
6.86687e+01	1.01925e-11
6.87688e+01	9.86785e-12
6.88689e+01	9.55368e-12
6.89690e+01	9.24966e-12
6.90691e+01	8.95546e-12
6.91692e+01	8.67075e-12
6.92693e+01	8.39522e-12
6.93694e+01	8.12857e-12
6.94695e+01	7.87050e-12
6.95696e+01	7.62073e-12
6.96697e+01	7.37899e-12
6.97698e+01	7.14502e-12
6.98699e+01	6.91856e-12
6.99700e+01	6.69937e-12
7.00701e+01	6.48719e-12
7.01702e+01	6.28181e-12
7.02703e+01	6.08301e-12
7.03704e+01	5.89056e-12
7.04705e+01	5.70426e-12
7.05706e+01	5.52392e-12
7.06707e+01	5.34933e-12
7.07708e+01	5.18031e-12
7.08709e+01	5.01670e-12
7.09710e+01	4.85830e-12
7.10711e+01	4.70496e-12
7.11712e+01	4.55652e-12
7.12713e+01	4.41280e-12
7.13714e+01	4.27366e-12
7.14715e+01	4.13896e-12
7.15716e+01	4.00854e-12
7.16717e+01	3.88228e-12
7.17718e+01	3.76003e-12
7.18719e+01	3.64167e-12
7.19720e+01	3.52707e-12
7.20721e+01	3.41612e-12
7.21722e+01	3.30868e-12
7.22723e+01	3.20466e-12
7.23724e+01	3.10394e-12
7.24725e+01	3.00642e-12
7.25726e+01	2.91199e-12
7.26727e+01	2.82055e-12
7.27728e+01	2.73201e-12
7.28729e+01	2.64628e-12
7.29730e+01	2.56326e-12
7.30731e+01	2.48288e-12
7.31732e+01	2.40503e-12
7.32733e+01	2.32965e-12
7.33734e+01	2.25666e-12
7.34735e+01	2.18597e-12
7.35736e+01	2.11752e-12
7.36737e+01	2.05124e-12
7.37738e+01	1.98704e-12
7.38739e+01	1.92488e-12
7.39740e+01	1.86468e-12
7.40741e+01	1.80637e-12
7.41742e+01	1.74991e-12
7.42743e+01	1.69523e-12
7.43744e+01	1.64228e-12
7.44745e+01	1.59099e-12
7.45746e+01	1.54132e-12
7.46747e+01	1.49321e-12
7.47748e+01	1.44662e-12
7.48749e+01	1.40150e-12
7.49750e+01	1.35780e-12
7.50751e+01	1.31547e-12
7.51752e+01	1.27447e-12
7.52753e+01	1.23477e-12
7.53754e+01	1.19631e-12
7.54755e+01	1.15906e-12
7.55756e+01	1.12298e-12
7.56757e+01	1.08803e-12
7.57758e+01	1.05418e-12
7.58759e+01	1.02140e-12
7.59760e+01	9.89641e-13
7.60761e+01	9.58879e-13
7.61762e+01	9.29083e-13
7.62763e+01	9.00221e-13
7.63764e+01	8.72263e-13
7.64765e+01	8.45182e-13
7.65766e+01	8.18948e-13
7.66767e+01	7.93537e-13
7.67768e+01	7.68921e-13
7.68769e+01	7.45075e-13
7.69770e+01	7.21976e-13
7.70771e+01	6.99599e-13
7.71772e+01	6.77922e-13
7.72773e+01	6.56922e-13
7.73774e+01	6.36579e-13
7.74775e+01	6.16872e-13
7.75776e+01	5.97780e-13
7.76777e+01	5.79284e-13
7.77778e+01	5.61366e-13
7.78779e+01	5.44007e-13
7.79780e+01	5.27189e-13
7.80781e+01	5.10896e-13
7.81782e+01	4.95111e-13
7.82783e+01	4.79819e-13
7.83784e+01	4.65002e-13
7.84785e+01	4.50648e-13
7.85786e+01	4.36740e-13
7.86787e+01	4.23265e-13
7.87788e+01	4.10210e-13
7.88789e+01	3.97561e-13
7.89790e+01	3.85305e-13
7.90791e+01	3.73433e-13
7.91792e+01	3.61931e-13
7.92793e+01	3.50790e-13
7.93794e+01	3.39996e-13
7.94795e+01	3.29539e-13
7.95796e+01	3.19409e-13
7.96797e+01	3.09595e-13
7.97798e+01	3.00087e-13
7.98799e+01	2.90875e-13
7.99800e+01	2.81951e-13
8.00801e+01	2.73304e-13
8.01802e+01	2.64927e-13
8.02803e+01	2.56810e-13
8.03804e+01	2.48946e-13
8.04805e+01	2.41326e-13
8.05806e+01	2.33944e-13
8.06807e+01	2.26790e-13
8.07808e+01	2.19859e-13
8.08809e+01	2.13143e-13
8.09810e+01	2.06635e-13
8.10811e+01	2.00329e-13
8.11812e+01	1.94219e-13
8.12813e+01	1.88298e-13
8.13814e+01	1.82560e-13
8.14815e+01	1.77000e-13
8.15816e+01	1.71612e-13
8.16817e+01	1.66390e-13
8.17818e+01	1.61330e-13
8.18819e+01	1.56427e-13
8.19820e+01	1.51675e-13
8.20821e+01	1.47069e-13
8.21822e+01	1.42606e-13
8.22823e+01	1.38280e-13
8.23824e+01	1.34087e-13
8.24825e+01	1.30024e-13
8.25826e+01	1.26086e-13
8.26827e+01	1.22269e-13
8.27828e+01	1.18569e-13
8.28829e+01	1.14983e-13
8.29830e+01	1.11508e-13
8.30831e+01	1.08139e-13
8.31832e+01	1.04873e-13
8.32833e+01	1.01708e-13
8.33834e+01	9.86399e-14
8.34835e+01	9.56658e-14
8.35836e+01	9.27828e-14
8.36837e+01	8.99881e-14
8.37838e+01	8.72789e-14
8.38839e+01	8.46527e-14
8.39840e+01	8.21067e-14
8.40841e+01	7.96385e-14
8.41842e+01	7.72457e-14
8.42843e+01	7.49259e-14
8.43844e+01	7.26770e-14
8.44845e+01	7.04966e-14
8.45846e+01	6.83826e-14
8.46847e+01	6.63331e-14
8.47848e+01	6.43459e-14
8.48849e+01	6.24193e-14
8.49850e+01	6.05512e-14
8.50851e+01	5.87400e-14
8.51852e+01	5.69838e-14
8.52853e+01	5.52810e-14
8.53854e+01	5.36299e-14
8.54855e+01	5.20290e-14
8.55856e+01	5.04766e-14
8.56857e+01	4.89712e-14
8.57858e+01	4.75115e-14
8.58859e+01	4.60961e-14
8.59860e+01	4.47234e-14
8.60861e+01	4.33923e-14
8.61862e+01	4.21015e-14
8.62863e+01	4.08498e-14
8.63864e+01	3.96359e-14
8.64865e+01	3.84588e-14
8.65866e+01	3.73172e-14
8.66867e+01	3.62101e-14
8.67868e+01	3.51365e-14
8.68869e+01	3.40952e-14
8.69870e+01	3.30853e-14
8.70871e+01	3.21059e-14
8.71872e+01	3.11560e-14
8.72873e+01	3.02347e-14
8.73874e+01	2.93411e-14
8.74875e+01	2.84745e-14
8.75876e+01	2.76339e-14
8.76877e+01	2.68186e-14
8.77878e+01	2.60278e-14
8.78879e+01	2.52607e-14
8.79880e+01	2.45166e-14
8.80881e+01	2.37949e-14
8.81882e+01	2.30948e-14
8.82883e+01	2.24156e-14
8.83884e+01	2.17568e-14
8.84885e+01	2.11177e-14
8.85886e+01	2.04977e-14
8.86887e+01	1.98964e-14
8.87888e+01	1.93131e-14
8.88889e+01	1.87473e-14
8.89890e+01	1.81984e-14
8.90891e+01	1.76660e-14
8.91892e+01	1.71495e-14
8.92893e+01	1.66485e-14
8.93894e+01	1.61625e-14
8.94895e+01	1.56910e-14
8.95896e+01	1.52336e-14
8.96897e+01	1.47899e-14
8.97898e+01	1.43594e-14
8.98899e+01	1.39418e-14
8.99900e+01	1.35366e-14
9.00901e+01	1.31435e-14
9.01902e+01	1.27622e-14
9.02903e+01	1.23923e-14
9.03904e+01	1.20333e-14
9.04905e+01	1.16851e-14
9.05906e+01	1.13473e-14
9.06907e+01	1.10196e-14
9.07908e+01	1.07016e-14
9.08909e+01	1.03931e-14
9.09910e+01	1.00938e-14
9.10911e+01	9.80348e-15
9.11912e+01	9.52179e-15
9.12913e+01	9.24850e-15
9.13914e+01	8.98337e-15
9.14915e+01	8.72616e-15
9.15916e+01	8.47662e-15
9.16917e+01	8.23454e-15
9.17918e+01	7.99970e-15
9.18919e+01	7.77187e-15
9.19920e+01	7.55087e-15
9.20921e+01	7.33647e-15
9.21922e+01	7.12850e-15
9.22923e+01	6.92676e-15
9.23924e+01	6.73108e-15
9.24925e+01	6.54127e-15
9.25926e+01	6.35717e-15
9.26927e+01	6.17860e-15
9.27928e+01	6.00541e-15
9.28929e+01	5.83745e-15
9.29930e+01	5.67456e-15
9.30931e+01	5.51659e-15
9.31932e+01	5.36340e-15
9.32933e+01	5.21486e-15
9.33934e+01	5.07084e-15
9.34935e+01	4.93119e-15
9.35936e+01	4.79581e-15
9.36937e+01	4.66456e-15
9.37938e+01	4.53733e-15
9.38939e+01	4.41401e-15
9.39940e+01	4.29448e-15
9.40941e+01	4.17865e-15
9.41942e+01	4.06640e-15
9.42943e+01	3.95763e-15
9.43944e+01	3.85226e-15
9.44945e+01	3.75017e-15
9.45946e+01	3.65130e-15
9.46947e+01	3.55554e-15
9.47948e+01	3.46280e-15
9.48949e+01	3.37302e-15
9.49950e+01	3.28611e-15
9.50951e+01	3.20198e-15
9.51952e+01	3.12057e-15
9.52953e+01	3.04181e-15
9.53954e+01	2.96562e-15
9.54955e+01	2.89193e-15
9.55956e+01	2.82068e-15
9.56957e+01	2.75181e-15
9.57958e+01	2.68525e-15
9.58959e+01	2.62095e-15
9.59960e+01	2.55885e-15
9.60961e+01	2.49889e-15
9.61962e+01	2.44102e-15
9.62963e+01	2.38519e-15
9.63964e+01	2.33134e-15
9.64965e+01	2.27943e-15
9.65966e+01	2.22941e-15
9.66967e+01	2.18124e-15
9.67968e+01	2.13488e-15
9.68969e+01	2.09027e-15
9.69970e+01	2.04739e-15
9.70971e+01	2.00619e-15
9.71972e+01	1.96663e-15
9.72973e+01	1.92867e-15
9.73974e+01	1.89229e-15
9.74975e+01	1.85745e-15
9.75976e+01	1.82412e-15
9.76977e+01	1.79226e-15
9.77978e+01	1.76184e-15
9.78979e+01	1.73284e-15
9.79980e+01	1.70522e-15
9.80981e+01	1.67897e-15
9.81982e+01	1.65405e-15
9.82983e+01	1.63044e-15
9.83984e+01	1.60811e-15
9.84985e+01	1.58705e-15
9.85986e+01	1.56723e-15
9.86987e+01	1.54862e-15
9.87988e+01	1.53122e-15
9.88989e+01	1.51499e-15
9.89990e+01	1.49992e-15
9.90991e+01	1.48599e-15
9.91992e+01	1.47319e-15
9.92993e+01	1.46149e-15
9.93994e+01	1.45088e-15
9.94995e+01	1.44135e-15
9.95996e+01	1.43288e-15
9.96997e+01	1.42545e-15
9.97998e+01	1.41905e-15
9.98999e+01	1.41366e-15
1.00000e+02	1.40928e-15
1.00100e+02	1.40588e-15
