# The ell = 1 distribution, the first anisotropy.
# E_N [Td]	2.00000e+01
# col_1: Electron Energy [eV], col_2: f1 [eV^(-3/2)]
eV	f1
2.33905e-02	5.75548e-04
4.67810e-02	9.00255e-04
7.01715e-02	1.07679e-03
9.35620e-02	1.19027e-03
1.16953e-01	1.25639e-03
1.40343e-01	1.30759e-03
1.63734e-01	1.35605e-03
1.87124e-01	1.40312e-03
2.10515e-01	1.45555e-03
2.33905e-01	1.51012e-03
2.57296e-01	1.56829e-03
2.80686e-01	1.63803e-03
3.04077e-01	1.72491e-03
3.27467e-01	1.80379e-03
3.50858e-01	1.88672e-03
3.74248e-01	1.97877e-03
3.97639e-01	2.08711e-03
4.21029e-01	2.21244e-03
4.44420e-01	2.35649e-03
4.67810e-01	2.51591e-03
4.91201e-01	2.69081e-03
5.14591e-01	2.88125e-03
5.37982e-01	3.09740e-03
5.61372e-01	3.34240e-03
5.84763e-01	3.61490e-03
6.08153e-01	3.91970e-03
6.31544e-01	4.25166e-03
6.54934e-01	4.63132e-03
6.78325e-01	5.05797e-03
7.01715e-01	5.52695e-03
7.25106e-01	6.05316e-03
7.48496e-01	6.62338e-03
7.71887e-01	7.20315e-03
7.95277e-01	7.79376e-03
8.18668e-01	8.39834e-03
8.42058e-01	9.01161e-03
8.65449e-01	9.63327e-03
8.88839e-01	1.02740e-02
9.12230e-01	1.09573e-02
9.35620e-01	1.16823e-02
9.59011e-01	1.24471e-02
9.82401e-01	1.32687e-02
1.00579e+00	1.41518e-02
1.02918e+00	1.50672e-02
1.05257e+00	1.60053e-02
1.07596e+00	1.69833e-02
1.09935e+00	1.79904e-02
1.12274e+00	1.89664e-02
1.14613e+00	1.99161e-02
1.16953e+00	2.08660e-02
1.19292e+00	2.18022e-02
1.21631e+00	2.27275e-02
1.23970e+00	2.36596e-02
1.26309e+00	2.46045e-02
1.28648e+00	2.55606e-02
1.30987e+00	2.65240e-02
1.33326e+00	2.75258e-02
1.35665e+00	2.85700e-02
1.38004e+00	2.96092e-02
1.40343e+00	3.05523e-02
1.42682e+00	3.14338e-02
1.45021e+00	3.22570e-02
1.47360e+00	3.30263e-02
1.49699e+00	3.37717e-02
1.52038e+00	3.44908e-02
1.54377e+00	3.51847e-02
1.56716e+00	3.59186e-02
1.59055e+00	3.67392e-02
1.61395e+00	3.76390e-02
1.63734e+00	3.86247e-02
1.66073e+00	3.96708e-02
1.68412e+00	4.07281e-02
1.70751e+00	4.17904e-02
1.73090e+00	4.28608e-02
1.75429e+00	4.38504e-02
1.77768e+00	4.46567e-02
1.80107e+00	4.52837e-02
1.82446e+00	4.56987e-02
1.84785e+00	4.59177e-02
1.87124e+00	4.59931e-02
1.89463e+00	4.58611e-02
1.91802e+00	4.55102e-02
1.94141e+00	4.49708e-02
1.96480e+00	4.42391e-02
1.98819e+00	4.33660e-02
2.01158e+00	4.23550e-02
2.03497e+00	4.13137e-02
2.05836e+00	4.03057e-02
2.08176e+00	3.93219e-02
2.10515e+00	3.83581e-02
2.12854e+00	3.73257e-02
2.15193e+00	3.61340e-02
2.17532e+00	3.49242e-02
2.19871e+00	3.37141e-02
2.22210e+00	3.25213e-02
2.24549e+00	3.13823e-02
2.26888e+00	3.03034e-02
2.29227e+00	2.92618e-02
2.31566e+00	2.82504e-02
2.33905e+00	2.72544e-02
2.36244e+00	2.62861e-02
2.38583e+00	2.53259e-02
2.40922e+00	2.43888e-02
2.43261e+00	2.35049e-02
2.45600e+00	2.25837e-02
2.47939e+00	2.16113e-02
2.50278e+00	2.06470e-02
2.52617e+00	1.97313e-02
2.54957e+00	1.88729e-02
2.57296e+00	1.80817e-02
2.59635e+00	1.73663e-02
2.61974e+00	1.67022e-02
2.64313e+00	1.60408e-02
2.66652e+00	1.53907e-02
2.68991e+00	1.47565e-02
2.71330e+00	1.41353e-02
2.73669e+00	1.35676e-02
2.76008e+00	1.30746e-02
2.78347e+00	1.26117e-02
2.80686e+00	1.21629e-02
2.83025e+00	1.17223e-02
2.85364e+00	1.12692e-02
2.87703e+00	1.07965e-02
2.90042e+00	1.03266e-02
2.92381e+00	9.89714e-03
2.94720e+00	9.50882e-03
2.97059e+00	9.16171e-03
2.99398e+00	8.86285e-03
3.01738e+00	8.59010e-03
3.04077e+00	8.31986e-03
3.06416e+00	8.05074e-03
3.08755e+00	7.78533e-03
3.11094e+00	7.52749e-03
3.13433e+00	7.28436e-03
3.15772e+00	7.06024e-03
3.18111e+00	6.84759e-03
3.20450e+00	6.64146e-03
3.22789e+00	6.44169e-03
3.25128e+00	6.24806e-03
3.27467e+00	6.06023e-03
3.29806e+00	5.88343e-03
3.32145e+00	5.71958e-03
3.34484e+00	5.56985e-03
3.36823e+00	5.43157e-03
3.39162e+00	5.30384e-03
3.41501e+00	5.18557e-03
3.43840e+00	5.07339e-03
3.46180e+00	4.96596e-03
3.48519e+00	4.86350e-03
3.50858e+00	4.76660e-03
3.53197e+00	4.67411e-03
3.55536e+00	4.58531e-03
3.57875e+00	4.49874e-03
3.60214e+00	4.41375e-03
3.62553e+00	4.33199e-03
3.64892e+00	4.25327e-03
3.67231e+00	4.17757e-03
3.69570e+00	4.10519e-03
3.71909e+00	4.03595e-03
3.74248e+00	3.97054e-03
3.76587e+00	3.90924e-03
3.78926e+00	3.85237e-03
3.81265e+00	3.80000e-03
3.83604e+00	3.75196e-03
3.85943e+00	3.70807e-03
3.88282e+00	3.66695e-03
3.90621e+00	3.62753e-03
3.92961e+00	3.58972e-03
3.95300e+00	3.55344e-03
3.97639e+00	3.51873e-03
3.99978e+00	3.48568e-03
4.02317e+00	3.45368e-03
4.04656e+00	3.42229e-03
4.06995e+00	3.39112e-03
4.09334e+00	3.36021e-03
4.11673e+00	3.32949e-03
4.14012e+00	3.29894e-03
4.16351e+00	3.26854e-03
4.18690e+00	3.23828e-03
4.21029e+00	3.20814e-03
4.23368e+00	3.17809e-03
4.25707e+00	3.14815e-03
4.28046e+00	3.11823e-03
4.30385e+00	3.08823e-03
4.32724e+00	3.05814e-03
4.35063e+00	3.02796e-03
4.37402e+00	2.99772e-03
4.39742e+00	2.96746e-03
4.42081e+00	2.93719e-03
4.44420e+00	2.90710e-03
4.46759e+00	2.87715e-03
4.49098e+00	2.84738e-03
4.51437e+00	2.81777e-03
4.53776e+00	2.78833e-03
4.56115e+00	2.75941e-03
4.58454e+00	2.73112e-03
4.60793e+00	2.70346e-03
4.63132e+00	2.67641e-03
4.65471e+00	2.65012e-03
4.67810e+00	2.62477e-03
4.70149e+00	2.60033e-03
4.72488e+00	2.57680e-03
4.74827e+00	2.55417e-03
4.77166e+00	2.53241e-03
4.79505e+00	2.51153e-03
4.81844e+00	2.49151e-03
4.84184e+00	2.47236e-03
4.86523e+00	2.45430e-03
4.88862e+00	2.43730e-03
4.91201e+00	2.42135e-03
4.93540e+00	2.40631e-03
4.95879e+00	2.39193e-03
4.98218e+00	2.37815e-03
5.00557e+00	2.36491e-03
5.02896e+00	2.35222e-03
5.05235e+00	2.33997e-03
5.07574e+00	2.32811e-03
5.09913e+00	2.31664e-03
5.12252e+00	2.30551e-03
5.14591e+00	2.29446e-03
5.16930e+00	2.28348e-03
5.19269e+00	2.27257e-03
5.21608e+00	2.26173e-03
5.23947e+00	2.25096e-03
5.26286e+00	2.24027e-03
5.28625e+00	2.22964e-03
5.30965e+00	2.21909e-03
5.33304e+00	2.20860e-03
5.35643e+00	2.19819e-03
5.37982e+00	2.18784e-03
5.40321e+00	2.17757e-03
5.42660e+00	2.16736e-03
5.44999e+00	2.15723e-03
5.47338e+00	2.14716e-03
5.49677e+00	2.13716e-03
5.52016e+00	2.12723e-03
5.54355e+00	2.11737e-03
5.56694e+00	2.10757e-03
5.59033e+00	2.09785e-03
5.61372e+00	2.08818e-03
5.63711e+00	2.07859e-03
5.66050e+00	2.06906e-03
5.68389e+00	2.05960e-03
5.70728e+00	2.05020e-03
5.73067e+00	2.04087e-03
5.75406e+00	2.03161e-03
5.77746e+00	2.02241e-03
5.80085e+00	2.01328e-03
5.82424e+00	2.00421e-03
5.84763e+00	1.99521e-03
5.87102e+00	1.98627e-03
5.89441e+00	1.97740e-03
5.91780e+00	1.96859e-03
5.94119e+00	1.95984e-03
5.96458e+00	1.95116e-03
5.98797e+00	1.94253e-03
6.01136e+00	1.93398e-03
6.03475e+00	1.92550e-03
6.05814e+00	1.91704e-03
6.08153e+00	1.90866e-03
6.10492e+00	1.90035e-03
6.12831e+00	1.89209e-03
6.15170e+00	1.88389e-03
6.17509e+00	1.87576e-03
6.19848e+00	1.86769e-03
6.22188e+00	1.85968e-03
6.24527e+00	1.85172e-03
6.26866e+00	1.84383e-03
6.29205e+00	1.83600e-03
6.31544e+00	1.82822e-03
6.33883e+00	1.82050e-03
6.36222e+00	1.81284e-03
6.38561e+00	1.80524e-03
6.40900e+00	1.79769e-03
6.43239e+00	1.79020e-03
6.45578e+00	1.78277e-03
6.47917e+00	1.77539e-03
6.50256e+00	1.76807e-03
6.52595e+00	1.76080e-03
6.54934e+00	1.75360e-03
6.57273e+00	1.74644e-03
6.59612e+00	1.73934e-03
6.61951e+00	1.73230e-03
6.64290e+00	1.72530e-03
6.66629e+00	1.71836e-03
6.68969e+00	1.71148e-03
6.71308e+00	1.70464e-03
6.73647e+00	1.69786e-03
6.75986e+00	1.69112e-03
6.78325e+00	1.68441e-03
6.80664e+00	1.67774e-03
6.83003e+00	1.67110e-03
6.85342e+00	1.66450e-03
6.87681e+00	1.65794e-03
6.90020e+00	1.65139e-03
6.92359e+00	1.64493e-03
6.94698e+00	1.63844e-03
6.97037e+00	1.63197e-03
6.99376e+00	1.62556e-03
7.01715e+00	1.61918e-03
7.04054e+00	1.61284e-03
7.06393e+00	1.60657e-03
7.08732e+00	1.60029e-03
7.11071e+00	1.59406e-03
7.13410e+00	1.58787e-03
7.15750e+00	1.58172e-03
7.18089e+00	1.57561e-03
7.20428e+00	1.56954e-03
7.22767e+00	1.56352e-03
7.25106e+00	1.55753e-03
7.27445e+00	1.55160e-03
7.29784e+00	1.54572e-03
7.32123e+00	1.53989e-03
7.34462e+00	1.53411e-03
7.36801e+00	1.52838e-03
7.39140e+00	1.52265e-03
7.41479e+00	1.51692e-03
7.43818e+00	1.51118e-03
7.46157e+00	1.50544e-03
7.48496e+00	1.49970e-03
7.50835e+00	1.49396e-03
7.53174e+00	1.48821e-03
7.55513e+00	1.48246e-03
7.57852e+00	1.47671e-03
7.60191e+00	1.47094e-03
7.62531e+00	1.46517e-03
7.64870e+00	1.45939e-03
7.67209e+00	1.45361e-03
7.69548e+00	1.44781e-03
7.71887e+00	1.44202e-03
7.74226e+00	1.43621e-03
7.76565e+00	1.43038e-03
7.78904e+00	1.42447e-03
7.81243e+00	1.41848e-03
7.83582e+00	1.41237e-03
7.85921e+00	1.40614e-03
7.88260e+00	1.39980e-03
7.90599e+00	1.39333e-03
7.92938e+00	1.38675e-03
7.95277e+00	1.38006e-03
7.97616e+00	1.37326e-03
7.99955e+00	1.36634e-03
8.02294e+00	1.35931e-03
8.04633e+00	1.35215e-03
8.06973e+00	1.34487e-03
8.09312e+00	1.33746e-03
8.11651e+00	1.32992e-03
8.13990e+00	1.32228e-03
8.16329e+00	1.31452e-03
8.18668e+00	1.30665e-03
8.21007e+00	1.29868e-03
8.23346e+00	1.29060e-03
8.25685e+00	1.28236e-03
8.28024e+00	1.27398e-03
8.30363e+00	1.26544e-03
8.32702e+00	1.25674e-03
8.35041e+00	1.24787e-03
8.37380e+00	1.23883e-03
8.39719e+00	1.22962e-03
8.42058e+00	1.22027e-03
8.44397e+00	1.21076e-03
8.46736e+00	1.20109e-03
8.49075e+00	1.19116e-03
8.51414e+00	1.18104e-03
8.53754e+00	1.17075e-03
8.56093e+00	1.16033e-03
8.58432e+00	1.14982e-03
8.60771e+00	1.13922e-03
8.63110e+00	1.12854e-03
8.65449e+00	1.11777e-03
8.67788e+00	1.10693e-03
8.70127e+00	1.09602e-03
8.72466e+00	1.08505e-03
8.74805e+00	1.07401e-03
8.77144e+00	1.06292e-03
8.79483e+00	1.05177e-03
8.81822e+00	1.04057e-03
8.84161e+00	1.02933e-03
8.86500e+00	1.01805e-03
8.88839e+00	1.00672e-03
8.91178e+00	9.95370e-04
8.93517e+00	9.83995e-04
8.95856e+00	9.72572e-04
8.98195e+00	9.61139e-04
9.00535e+00	9.49708e-04
9.02874e+00	9.38307e-04
9.05213e+00	9.26972e-04
9.07552e+00	9.15714e-04
9.09891e+00	9.04532e-04
9.12230e+00	8.93429e-04
9.14569e+00	8.82406e-04
9.16908e+00	8.71463e-04
9.19247e+00	8.60600e-04
9.21586e+00	8.49819e-04
9.23925e+00	8.39120e-04
9.26264e+00	8.28502e-04
9.28603e+00	8.17968e-04
9.30942e+00	8.07514e-04
9.33281e+00	7.97145e-04
9.35620e+00	7.86860e-04
9.37959e+00	7.76660e-04
9.40298e+00	7.66545e-04
9.42637e+00	7.56514e-04
9.44977e+00	7.46570e-04
9.47316e+00	7.36711e-04
9.49655e+00	7.26940e-04
9.51994e+00	7.17256e-04
9.54333e+00	7.07660e-04
9.56672e+00	6.98151e-04
9.59011e+00	6.88725e-04
9.61350e+00	6.79376e-04
9.63689e+00	6.70115e-04
9.66028e+00	6.60922e-04
9.68367e+00	6.51809e-04
9.70706e+00	6.42771e-04
9.73045e+00	6.33806e-04
9.75384e+00	6.24916e-04
9.77723e+00	6.16101e-04
9.80062e+00	6.07361e-04
9.82401e+00	5.98697e-04
9.84740e+00	5.90108e-04
9.87079e+00	5.81595e-04
9.89418e+00	5.73161e-04
9.91758e+00	5.64804e-04
9.94097e+00	5.56526e-04
9.96436e+00	5.48327e-04
9.98775e+00	5.40190e-04
1.00111e+01	5.32225e-04
1.00345e+01	5.24248e-04
1.00579e+01	5.16399e-04
1.00813e+01	5.08672e-04
1.01047e+01	5.01057e-04
1.01281e+01	4.93557e-04
1.01515e+01	4.86170e-04
1.01749e+01	4.78893e-04
1.01983e+01	4.71725e-04
1.02217e+01	4.64663e-04
1.02450e+01	4.57706e-04
1.02684e+01	4.50853e-04
1.02918e+01	4.44102e-04
1.03152e+01	4.37452e-04
1.03386e+01	4.30903e-04
1.03620e+01	4.24452e-04
1.03854e+01	4.18098e-04
1.04088e+01	4.11842e-04
1.04322e+01	4.05680e-04
1.04556e+01	3.99613e-04
1.04789e+01	3.93639e-04
1.05023e+01	3.87758e-04
1.05257e+01	3.81967e-04
1.05491e+01	3.76266e-04
1.05725e+01	3.70640e-04
1.05959e+01	3.65145e-04
1.06193e+01	3.59670e-04
1.06427e+01	3.54281e-04
1.06661e+01	3.48985e-04
1.06895e+01	3.43773e-04
1.07129e+01	3.38643e-04
1.07362e+01	3.33595e-04
1.07596e+01	3.28628e-04
1.07830e+01	3.23741e-04
1.08064e+01	3.18933e-04
1.08298e+01	3.14203e-04
1.08532e+01	3.09550e-04
1.08766e+01	3.04973e-04
1.09000e+01	3.00471e-04
1.09234e+01	2.96043e-04
1.09468e+01	2.91689e-04
1.09701e+01	2.87408e-04
1.09935e+01	2.83200e-04
1.10169e+01	2.79061e-04
1.10403e+01	2.74994e-04
1.10637e+01	2.70996e-04
1.10871e+01	2.67068e-04
1.11105e+01	2.63209e-04
1.11339e+01	2.59418e-04
1.11573e+01	2.55693e-04
1.11807e+01	2.52035e-04
1.12041e+01	2.48441e-04
1.12274e+01	2.44906e-04
1.12508e+01	2.41428e-04
1.12742e+01	2.38007e-04
1.12976e+01	2.34643e-04
1.13210e+01	2.31336e-04
1.13444e+01	2.28084e-04
1.13678e+01	2.24888e-04
1.13912e+01	2.21747e-04
1.14146e+01	2.18659e-04
1.14380e+01	2.15626e-04
1.14613e+01	2.12646e-04
1.14847e+01	2.09718e-04
1.15081e+01	2.06843e-04
1.15315e+01	2.04020e-04
1.15549e+01	2.01248e-04
1.15783e+01	1.98398e-04
1.16017e+01	1.95449e-04
1.16251e+01	1.92386e-04
1.16485e+01	1.89044e-04
1.16719e+01	1.85409e-04
1.16953e+01	1.81847e-04
1.17186e+01	1.78449e-04
1.17420e+01	1.75209e-04
1.17654e+01	1.71998e-04
1.17888e+01	1.68748e-04
1.18122e+01	1.65534e-04
1.18356e+01	1.62255e-04
1.18590e+01	1.58353e-04
1.18824e+01	1.54713e-04
1.19058e+01	1.51268e-04
1.19292e+01	1.47880e-04
1.19525e+01	1.44648e-04
1.19759e+01	1.41529e-04
1.19993e+01	1.38502e-04
1.20227e+01	1.35543e-04
1.20461e+01	1.32642e-04
1.20695e+01	1.29794e-04
1.20929e+01	1.26996e-04
1.21163e+01	1.24244e-04
1.21397e+01	1.21529e-04
1.21631e+01	1.18848e-04
1.21865e+01	1.16203e-04
1.22098e+01	1.13592e-04
1.22332e+01	1.11001e-04
1.22566e+01	1.08430e-04
1.22800e+01	1.05878e-04
1.23034e+01	1.03350e-04
1.23268e+01	1.00851e-04
1.23502e+01	9.83887e-05
1.23736e+01	9.59633e-05
1.23970e+01	9.35752e-05
1.24204e+01	9.12195e-05
1.24438e+01	8.88938e-05
1.24671e+01	8.65974e-05
1.24905e+01	8.43310e-05
1.25139e+01	8.20945e-05
1.25373e+01	7.98868e-05
1.25607e+01	7.77120e-05
1.25841e+01	7.55596e-05
1.26075e+01	7.34435e-05
1.26309e+01	7.13648e-05
1.26543e+01	6.93273e-05
1.26777e+01	6.73307e-05
1.27010e+01	6.53753e-05
1.27244e+01	6.34667e-05
1.27478e+01	6.16061e-05
1.27712e+01	5.97938e-05
1.27946e+01	5.80285e-05
1.28180e+01	5.63139e-05
1.28414e+01	5.46567e-05
1.28648e+01	5.30671e-05
1.28882e+01	5.15504e-05
1.29116e+01	5.00824e-05
1.29350e+01	4.86230e-05
1.29583e+01	4.72477e-05
1.29817e+01	4.59356e-05
1.30051e+01	4.46379e-05
1.30285e+01	4.32106e-05
1.30519e+01	4.16228e-05
1.30753e+01	4.01473e-05
1.30987e+01	3.88543e-05
1.31221e+01	3.77130e-05
1.31455e+01	3.66772e-05
1.31689e+01	3.56472e-05
1.31922e+01	3.45908e-05
1.32156e+01	3.35302e-05
1.32390e+01	3.25686e-05
1.32624e+01	3.16642e-05
1.32858e+01	3.08045e-05
1.33092e+01	2.99900e-05
1.33326e+01	2.92102e-05
1.33560e+01	2.84571e-05
1.33794e+01	2.77238e-05
1.34028e+01	2.70018e-05
1.34262e+01	2.62902e-05
1.34495e+01	2.55819e-05
1.34729e+01	2.48726e-05
1.34963e+01	2.41778e-05
1.35197e+01	2.35038e-05
1.35431e+01	2.28436e-05
1.35665e+01	2.21966e-05
1.35899e+01	2.15626e-05
1.36133e+01	2.09417e-05
1.36367e+01	2.03346e-05
1.36601e+01	1.97410e-05
1.36834e+01	1.91609e-05
1.37068e+01	1.85941e-05
1.37302e+01	1.80406e-05
1.37536e+01	1.75001e-05
1.37770e+01	1.69726e-05
1.38004e+01	1.64579e-05
1.38238e+01	1.59554e-05
1.38472e+01	1.54650e-05
1.38706e+01	1.49864e-05
1.38940e+01	1.45181e-05
1.39174e+01	1.40599e-05
1.39407e+01	1.36112e-05
1.39641e+01	1.31722e-05
1.39875e+01	1.27431e-05
1.40109e+01	1.23233e-05
1.40343e+01	1.19130e-05
1.40577e+01	1.15125e-05
1.40811e+01	1.11219e-05
1.41045e+01	1.07407e-05
1.41279e+01	1.03690e-05
1.41513e+01	1.00068e-05
1.41746e+01	9.65398e-06
1.41980e+01	9.31054e-06
1.42214e+01	8.97635e-06
1.42448e+01	8.65102e-06
1.42682e+01	8.33423e-06
1.42916e+01	8.02593e-06
1.43150e+01	7.72604e-06
1.43384e+01	7.43455e-06
1.43618e+01	7.15138e-06
1.43852e+01	6.87643e-06
1.44086e+01	6.60963e-06
1.44319e+01	6.35086e-06
1.44553e+01	6.10000e-06
1.44787e+01	5.85698e-06
1.45021e+01	5.62168e-06
1.45255e+01	5.39396e-06
1.45489e+01	5.17370e-06
1.45723e+01	4.96075e-06
1.45957e+01	4.75499e-06
1.46191e+01	4.55625e-06
1.46425e+01	4.36438e-06
1.46658e+01	4.17922e-06
1.46892e+01	4.00062e-06
1.47126e+01	3.82843e-06
1.47360e+01	3.66247e-06
1.47594e+01	3.50260e-06
1.47828e+01	3.34864e-06
1.48062e+01	3.20043e-06
1.48296e+01	3.05782e-06
1.48530e+01	2.92062e-06
1.48764e+01	2.78871e-06
1.48998e+01	2.66191e-06
1.49231e+01	2.54007e-06
1.49465e+01	2.42304e-06
1.49699e+01	2.31067e-06
1.49933e+01	2.20285e-06
1.50167e+01	2.09948e-06
1.50401e+01	2.00054e-06
1.50635e+01	1.90590e-06
1.50869e+01	1.81540e-06
1.51103e+01	1.72888e-06
1.51337e+01	1.64619e-06
1.51570e+01	1.56718e-06
1.51804e+01	1.49169e-06
1.52038e+01	1.41960e-06
1.52272e+01	1.35075e-06
1.52506e+01	1.28502e-06
1.52740e+01	1.22229e-06
1.52974e+01	1.16242e-06
1.53208e+01	1.10530e-06
1.53442e+01	1.05082e-06
1.53676e+01	9.98864e-07
1.53910e+01	9.49324e-07
1.54143e+01	9.02100e-07
1.54377e+01	8.57095e-07
1.54611e+01	8.14214e-07
1.54845e+01	7.73364e-07
1.55079e+01	7.34460e-07
1.55313e+01	6.97416e-07
1.55547e+01	6.62150e-07
1.55781e+01	6.28587e-07
1.56015e+01	5.96648e-07
1.56249e+01	5.66261e-07
1.56482e+01	5.37358e-07
1.56716e+01	5.09873e-07
1.56950e+01	4.83742e-07
1.57184e+01	4.58906e-07
1.57418e+01	4.35307e-07
1.57652e+01	4.12889e-07
1.57886e+01	3.91519e-07
1.58120e+01	3.71133e-07
1.58354e+01	3.51690e-07
1.58588e+01	3.33156e-07
1.58822e+01	3.15495e-07
1.59055e+01	2.98671e-07
1.59289e+01	2.82652e-07
1.59523e+01	2.67404e-07
1.59757e+01	2.52896e-07
1.59991e+01	2.39100e-07
1.60225e+01	2.25994e-07
1.60459e+01	2.13551e-07
1.60693e+01	2.01745e-07
1.60927e+01	1.90548e-07
1.61161e+01	1.79930e-07
1.61395e+01	1.69865e-07
1.61628e+01	1.60326e-07
1.61862e+01	1.51288e-07
1.62096e+01	1.42729e-07
1.62330e+01	1.34623e-07
1.62564e+01	1.26950e-07
1.62798e+01	1.19687e-07
1.63032e+01	1.12816e-07
1.63266e+01	1.06316e-07
1.63500e+01	1.00169e-07
1.63734e+01	9.43572e-08
1.63967e+01	8.88637e-08
1.64201e+01	8.36730e-08
1.64435e+01	7.87688e-08
1.64669e+01	7.41370e-08
1.64903e+01	6.97634e-08
1.65137e+01	6.56342e-08
1.65371e+01	6.17363e-08
1.65605e+01	5.80569e-08
1.65839e+01	5.45851e-08
1.66073e+01	5.13100e-08
1.66307e+01	4.82211e-08
1.66540e+01	4.53084e-08
1.66774e+01	4.25625e-08
1.67008e+01	3.99747e-08
1.67242e+01	3.75364e-08
1.67476e+01	3.52395e-08
1.67710e+01	3.30762e-08
1.67944e+01	3.10394e-08
1.68178e+01	2.91220e-08
1.68412e+01	2.73174e-08
1.68646e+01	2.56194e-08
1.68879e+01	2.40221e-08
1.69113e+01	2.25199e-08
1.69347e+01	2.11073e-08
1.69581e+01	1.97794e-08
1.69815e+01	1.85313e-08
1.70049e+01	1.73585e-08
1.70283e+01	1.62570e-08
1.70517e+01	1.52225e-08
1.70751e+01	1.42514e-08
1.70985e+01	1.33400e-08
1.71219e+01	1.24848e-08
1.71452e+01	1.16824e-08
1.71686e+01	1.09298e-08
1.71920e+01	1.02240e-08
1.72154e+01	9.56214e-09
1.72388e+01	8.94169e-09
1.72622e+01	8.36015e-09
1.72856e+01	7.81519e-09
1.73090e+01	7.30461e-09
1.73324e+01	6.82629e-09
1.73558e+01	6.37828e-09
1.73791e+01	5.95874e-09
1.74025e+01	5.56593e-09
1.74259e+01	5.19821e-09
1.74493e+01	4.85404e-09
1.74727e+01	4.53195e-09
1.74961e+01	4.23058e-09
1.75195e+01	3.94864e-09
1.75429e+01	3.68491e-09
1.75663e+01	3.43826e-09
1.75897e+01	3.20759e-09
1.76131e+01	2.99193e-09
1.76364e+01	2.79032e-09
1.76598e+01	2.60188e-09
1.76832e+01	2.42578e-09
1.77066e+01	2.26124e-09
1.77300e+01	2.10754e-09
1.77534e+01	1.96397e-09
1.77768e+01	1.82990e-09
1.78002e+01	1.70471e-09
1.78236e+01	1.58783e-09
1.78470e+01	1.47873e-09
1.78703e+01	1.37691e-09
1.78937e+01	1.28190e-09
1.79171e+01	1.19325e-09
1.79405e+01	1.11056e-09
1.79639e+01	1.03343e-09
1.79873e+01	9.61506e-10
1.80107e+01	8.94464e-10
1.80341e+01	8.31982e-10
1.80575e+01	7.73764e-10
1.80809e+01	7.19529e-10
1.81043e+01	6.69013e-10
1.81276e+01	6.21968e-10
1.81510e+01	5.78160e-10
1.81744e+01	5.37376e-10
1.81978e+01	4.99407e-10
1.82212e+01	4.64064e-10
1.82446e+01	4.31169e-10
1.82680e+01	4.00556e-10
1.82914e+01	3.72073e-10
1.83148e+01	3.45573e-10
1.83382e+01	3.20924e-10
1.83615e+01	2.97998e-10
1.83849e+01	2.76677e-10
1.84083e+01	2.56851e-10
1.84317e+01	2.38418e-10
1.84551e+01	2.21282e-10
1.84785e+01	2.05355e-10
1.85019e+01	1.90553e-10
1.85253e+01	1.76797e-10
1.85487e+01	1.64015e-10
1.85721e+01	1.52139e-10
1.85955e+01	1.41106e-10
1.86188e+01	1.30858e-10
1.86422e+01	1.21340e-10
1.86656e+01	1.12502e-10
1.86890e+01	1.04295e-10
1.87124e+01	9.66749e-11
1.87358e+01	8.96016e-11
1.87592e+01	8.30361e-11
1.87826e+01	7.69428e-11
1.88060e+01	7.12884e-11
1.88294e+01	6.60420e-11
1.88527e+01	6.11747e-11
1.88761e+01	5.66597e-11
1.88995e+01	5.24720e-11
1.89229e+01	4.85880e-11
1.89463e+01	4.49864e-11
1.89697e+01	4.16471e-11
1.89931e+01	3.85514e-11
1.90165e+01	3.56822e-11
1.90399e+01	3.30233e-11
1.90633e+01	3.05597e-11
1.90867e+01	2.82774e-11
1.91100e+01	2.61634e-11
1.91334e+01	2.42053e-11
1.91568e+01	2.23918e-11
1.91802e+01	2.07125e-11
1.92036e+01	1.91574e-11
1.92270e+01	1.77177e-11
1.92504e+01	1.63848e-11
1.92738e+01	1.51509e-11
1.92972e+01	1.40087e-11
1.93206e+01	1.29516e-11
1.93439e+01	1.19733e-11
1.93673e+01	1.10680e-11
1.93907e+01	1.02303e-11
1.94141e+01	9.45527e-12
1.94375e+01	8.73825e-12
1.94609e+01	8.07496e-12
1.94843e+01	7.46143e-12
1.95077e+01	6.89397e-12
1.95311e+01	6.36917e-12
1.95545e+01	5.88387e-12
1.95779e+01	5.43513e-12
1.96012e+01	5.02021e-12
1.96246e+01	4.63660e-12
1.96480e+01	4.28195e-12
1.96714e+01	3.95412e-12
1.96948e+01	3.65110e-12
1.97182e+01	3.37104e-12
1.97416e+01	3.11222e-12
1.97650e+01	2.87304e-12
1.97884e+01	2.65203e-12
1.98118e+01	2.44782e-12
1.98352e+01	2.25915e-12
1.98585e+01	2.08485e-12
1.98819e+01	1.92380e-12
1.99053e+01	1.77508e-12
1.99287e+01	1.63768e-12
1.99521e+01	1.51078e-12
1.99755e+01	1.39358e-12
1.99989e+01	1.28536e-12
2.00223e+01	1.18545e-12
2.00457e+01	1.09321e-12
2.00691e+01	1.00806e-12
2.00924e+01	9.29464e-13
2.01158e+01	8.56923e-13
2.01392e+01	7.89979e-13
2.01626e+01	7.28206e-13
2.01860e+01	6.71208e-13
2.02094e+01	6.18623e-13
2.02328e+01	5.70114e-13
2.02562e+01	5.25368e-13
2.02796e+01	4.84097e-13
2.03030e+01	4.46033e-13
2.03264e+01	4.10930e-13
2.03497e+01	3.78560e-13
2.03731e+01	3.48712e-13
2.03965e+01	3.21192e-13
2.04199e+01	2.95820e-13
2.04433e+01	2.72430e-13
2.04667e+01	2.50869e-13
2.04901e+01	2.30996e-13
2.05135e+01	2.12683e-13
2.05369e+01	1.95810e-13
2.05603e+01	1.80264e-13
2.05836e+01	1.65942e-13
2.06070e+01	1.52748e-13
2.06304e+01	1.40595e-13
2.06538e+01	1.29401e-13
2.06772e+01	1.19090e-13
2.07006e+01	1.09595e-13
2.07240e+01	1.00851e-13
2.07474e+01	9.27986e-14
2.07708e+01	8.53840e-14
2.07942e+01	7.85571e-14
2.08176e+01	7.22717e-14
2.08409e+01	6.64852e-14
2.08643e+01	6.11583e-14
2.08877e+01	5.62548e-14
2.09111e+01	5.17413e-14
2.09345e+01	4.75871e-14
2.09579e+01	4.37638e-14
2.09813e+01	4.02453e-14
2.10047e+01	3.70075e-14
2.10281e+01	3.40283e-14
2.10515e+01	3.12873e-14
2.10748e+01	2.87656e-14
2.10982e+01	2.64459e-14
2.11216e+01	2.43120e-14
2.11450e+01	2.23491e-14
2.11684e+01	2.05436e-14
2.11918e+01	1.88831e-14
2.12152e+01	1.73559e-14
2.12386e+01	1.59514e-14
2.12620e+01	1.46599e-14
2.12854e+01	1.34723e-14
2.13088e+01	1.23803e-14
2.13321e+01	1.13763e-14
2.13555e+01	1.04532e-14
2.13789e+01	9.60460e-15
2.14023e+01	8.82443e-15
2.14257e+01	8.10726e-15
2.14491e+01	7.44803e-15
2.14725e+01	6.84207e-15
2.14959e+01	6.28510e-15
2.15193e+01	5.77318e-15
2.15427e+01	5.30270e-15
2.15660e+01	4.87032e-15
2.15894e+01	4.47297e-15
2.16128e+01	4.10783e-15
2.16362e+01	3.77230e-15
2.16596e+01	3.46401e-15
2.16830e+01	3.18074e-15
2.17064e+01	2.92049e-15
2.17298e+01	2.68140e-15
2.17532e+01	2.46175e-15
2.17766e+01	2.25998e-15
2.18000e+01	2.07463e-15
2.18233e+01	1.90439e-15
2.18467e+01	1.74802e-15
2.18701e+01	1.60441e-15
2.18935e+01	1.47252e-15
2.19169e+01	1.35140e-15
2.19403e+01	1.24019e-15
2.19637e+01	1.13807e-15
2.19871e+01	1.04432e-15
2.20105e+01	9.58243e-16
2.20339e+01	8.79224e-16
2.20572e+01	8.06687e-16
2.20806e+01	7.40117e-16
2.21040e+01	6.79024e-16
2.21274e+01	6.22962e-16
2.21508e+01	5.71515e-16
2.21742e+01	5.24307e-16
2.21976e+01	4.80988e-16
2.22210e+01	4.41240e-16
2.22444e+01	4.04768e-16
2.22678e+01	3.71305e-16
2.22912e+01	3.40603e-16
2.23145e+01	3.12435e-16
2.23379e+01	2.86592e-16
2.23613e+01	2.62884e-16
2.23847e+01	2.41135e-16
2.24081e+01	2.21184e-16
2.24315e+01	2.02883e-16
2.24549e+01	1.86096e-16
2.24783e+01	1.70698e-16
2.25017e+01	1.56576e-16
2.25251e+01	1.43624e-16
2.25484e+01	1.31746e-16
2.25718e+01	1.20854e-16
2.25952e+01	1.10866e-16
2.26186e+01	1.01708e-16
2.26420e+01	9.33124e-17
2.26654e+01	8.56164e-17
2.26888e+01	7.85626e-17
2.27122e+01	7.20985e-17
2.27356e+01	6.61761e-17
2.27590e+01	6.07510e-17
2.27824e+01	5.57829e-17
2.28057e+01	5.12345e-17
2.28291e+01	4.70720e-17
2.28525e+01	4.32640e-17
2.28759e+01	3.97823e-17
2.28993e+01	3.66006e-17
2.29227e+01	3.36951e-17
2.29461e+01	3.10441e-17
2.29695e+01	2.86276e-17
2.29929e+01	2.64273e-17
2.30163e+01	2.44271e-17
2.30397e+01	2.26118e-17
2.30630e+01	2.09677e-17
2.30864e+01	1.94823e-17
2.31098e+01	1.81443e-17
2.31332e+01	1.69436e-17
2.31566e+01	1.58712e-17
2.31800e+01	1.49189e-17
2.32034e+01	1.40794e-17
2.32268e+01	1.33461e-17
2.32502e+01	1.27133e-17
2.32736e+01	1.21759e-17
2.32969e+01	1.17295e-17
2.33203e+01	1.13702e-17
2.33437e+01	1.10948e-17
2.33671e+01	1.09012e-17
2.33905e+01	1.07783e-17
