# The ell = 0 distribution, the isotropy.
# E_N [Td]	4.00000e+00
# col_1: Electron Energy [eV], col_2: f0 [eV^(-3/2)]
eV	f0
8.42622e-03	8.31312e-02
2.52787e-02	8.31067e-02
4.21311e-02	8.30744e-02
5.89835e-02	8.30436e-02
7.58360e-02	8.30168e-02
9.26884e-02	8.29938e-02
1.09541e-01	8.29742e-02
1.26393e-01	8.29576e-02
1.43246e-01	8.29434e-02
1.60098e-01	8.29310e-02
1.76951e-01	8.29201e-02
1.93803e-01	8.29103e-02
2.10655e-01	8.29016e-02
2.27508e-01	8.28937e-02
2.44360e-01	8.28866e-02
2.61213e-01	8.28802e-02
2.78065e-01	8.28744e-02
2.94918e-01	8.28691e-02
3.11770e-01	8.28642e-02
3.28623e-01	8.28597e-02
3.45475e-01	8.28555e-02
3.62327e-01	8.28516e-02
3.79180e-01	8.28479e-02
3.96032e-01	8.28445e-02
4.12885e-01	8.28412e-02
4.29737e-01	8.28381e-02
4.46590e-01	8.28351e-02
4.63442e-01	8.28322e-02
4.80294e-01	8.28293e-02
4.97147e-01	8.28264e-02
5.13999e-01	8.28236e-02
5.30852e-01	8.28207e-02
5.47704e-01	8.28178e-02
5.64557e-01	8.28148e-02
5.81409e-01	8.28118e-02
5.98262e-01	8.28087e-02
6.15114e-01	8.28055e-02
6.31966e-01	8.28023e-02
6.48819e-01	8.27989e-02
6.65671e-01	8.27955e-02
6.82524e-01	8.27920e-02
6.99376e-01	8.27884e-02
7.16229e-01	8.27846e-02
7.33081e-01	8.27808e-02
7.49933e-01	8.27769e-02
7.66786e-01	8.27729e-02
7.83638e-01	8.27688e-02
8.00491e-01	8.27646e-02
8.17343e-01	8.27603e-02
8.34196e-01	8.27559e-02
8.51048e-01	8.27513e-02
8.67901e-01	8.27467e-02
8.84753e-01	8.27420e-02
9.01605e-01	8.27372e-02
9.18458e-01	8.27322e-02
9.35310e-01	8.27271e-02
9.52163e-01	8.27219e-02
9.69015e-01	8.27166e-02
9.85868e-01	8.27111e-02
1.00272e+00	8.27055e-02
1.01957e+00	8.26998e-02
1.03642e+00	8.26940e-02
1.05328e+00	8.26881e-02
1.07013e+00	8.26822e-02
1.08698e+00	8.26761e-02
1.10383e+00	8.26700e-02
1.12069e+00	8.26638e-02
1.13754e+00	8.26575e-02
1.15439e+00	8.26511e-02
1.17124e+00	8.26446e-02
1.18810e+00	8.26379e-02
1.20495e+00	8.26312e-02
1.22180e+00	8.26244e-02
1.23865e+00	8.26175e-02
1.25551e+00	8.26105e-02
1.27236e+00	8.26033e-02
1.28921e+00	8.25961e-02
1.30606e+00	8.25887e-02
1.32292e+00	8.25813e-02
1.33977e+00	8.25737e-02
1.35662e+00	8.25660e-02
1.37347e+00	8.25581e-02
1.39033e+00	8.25502e-02
1.40718e+00	8.25421e-02
1.42403e+00	8.25339e-02
1.44088e+00	8.25255e-02
1.45774e+00	8.25170e-02
1.47459e+00	8.25084e-02
1.49144e+00	8.24996e-02
1.50829e+00	8.24907e-02
1.52515e+00	8.24816e-02
1.54200e+00	8.24724e-02
1.55885e+00	8.24630e-02
1.57570e+00	8.24534e-02
1.59256e+00	8.24436e-02
1.60941e+00	8.24337e-02
1.62626e+00	8.24235e-02
1.64311e+00	8.24132e-02
1.65997e+00	8.24027e-02
1.67682e+00	8.23920e-02
1.69367e+00	8.23811e-02
1.71052e+00	8.23700e-02
1.72737e+00	8.23587e-02
1.74423e+00	8.23473e-02
1.76108e+00	8.23356e-02
1.77793e+00	8.23238e-02
1.79478e+00	8.23118e-02
1.81164e+00	8.22996e-02
1.82849e+00	8.22871e-02
1.84534e+00	8.22745e-02
1.86219e+00	8.22617e-02
1.87905e+00	8.22486e-02
1.89590e+00	8.22354e-02
1.91275e+00	8.22219e-02
1.92960e+00	8.22082e-02
1.94646e+00	8.21943e-02
1.96331e+00	8.21801e-02
1.98016e+00	8.21658e-02
1.99701e+00	8.21511e-02
2.01387e+00	8.21363e-02
2.03072e+00	8.21211e-02
2.04757e+00	8.21057e-02
2.06442e+00	8.20899e-02
2.08128e+00	8.20739e-02
2.09813e+00	8.20575e-02
2.11498e+00	8.20409e-02
2.13183e+00	8.20239e-02
2.14869e+00	8.20066e-02
2.16554e+00	8.19890e-02
2.18239e+00	8.19710e-02
2.19924e+00	8.19528e-02
2.21610e+00	8.19342e-02
2.23295e+00	8.19152e-02
2.24980e+00	8.18959e-02
2.26665e+00	8.18763e-02
2.28351e+00	8.18563e-02
2.30036e+00	8.18359e-02
2.31721e+00	8.18152e-02
2.33406e+00	8.17940e-02
2.35092e+00	8.17726e-02
2.36777e+00	8.17507e-02
2.38462e+00	8.17284e-02
2.40147e+00	8.17058e-02
2.41832e+00	8.16827e-02
2.43518e+00	8.16592e-02
2.45203e+00	8.16354e-02
2.46888e+00	8.16111e-02
2.48573e+00	8.15864e-02
2.50259e+00	8.15612e-02
2.51944e+00	8.15356e-02
2.53629e+00	8.15096e-02
2.55314e+00	8.14831e-02
2.57000e+00	8.14561e-02
2.58685e+00	8.14287e-02
2.60370e+00	8.14007e-02
2.62055e+00	8.13723e-02
2.63741e+00	8.13433e-02
2.65426e+00	8.13139e-02
2.67111e+00	8.12839e-02
2.68796e+00	8.12535e-02
2.70482e+00	8.12225e-02
2.72167e+00	8.11910e-02
2.73852e+00	8.11590e-02
2.75537e+00	8.11264e-02
2.77223e+00	8.10932e-02
2.78908e+00	8.10595e-02
2.80593e+00	8.10253e-02
2.82278e+00	8.09905e-02
2.83964e+00	8.09551e-02
2.85649e+00	8.09191e-02
2.87334e+00	8.08826e-02
2.89019e+00	8.08454e-02
2.90705e+00	8.08076e-02
2.92390e+00	8.07693e-02
2.94075e+00	8.07303e-02
2.95760e+00	8.06907e-02
2.97446e+00	8.06505e-02
2.99131e+00	8.06096e-02
3.00816e+00	8.05681e-02
3.02501e+00	8.05260e-02
3.04187e+00	8.04832e-02
3.05872e+00	8.04397e-02
3.07557e+00	8.03957e-02
3.09242e+00	8.03509e-02
3.10927e+00	8.03055e-02
3.12613e+00	8.02594e-02
3.14298e+00	8.02126e-02
3.15983e+00	8.01652e-02
3.17668e+00	8.01170e-02
3.19354e+00	8.00681e-02
3.21039e+00	8.00186e-02
3.22724e+00	7.99683e-02
3.24409e+00	7.99173e-02
3.26095e+00	7.98655e-02
3.27780e+00	7.98131e-02
3.29465e+00	7.97598e-02
3.31150e+00	7.97059e-02
3.32836e+00	7.96511e-02
3.34521e+00	7.95956e-02
3.36206e+00	7.95394e-02
3.37891e+00	7.94823e-02
3.39577e+00	7.94245e-02
3.41262e+00	7.93659e-02
3.42947e+00	7.93065e-02
3.44632e+00	7.92463e-02
3.46318e+00	7.91853e-02
3.48003e+00	7.91234e-02
3.49688e+00	7.90608e-02
3.51373e+00	7.89973e-02
3.53059e+00	7.89329e-02
3.54744e+00	7.88678e-02
3.56429e+00	7.88017e-02
3.58114e+00	7.87348e-02
3.59800e+00	7.86671e-02
3.61485e+00	7.85985e-02
3.63170e+00	7.85290e-02
3.64855e+00	7.84586e-02
3.66541e+00	7.83873e-02
3.68226e+00	7.83151e-02
3.69911e+00	7.82421e-02
3.71596e+00	7.81681e-02
3.73282e+00	7.80932e-02
3.74967e+00	7.80174e-02
3.76652e+00	7.79406e-02
3.78337e+00	7.78629e-02
3.80022e+00	7.77843e-02
3.81708e+00	7.77047e-02
3.83393e+00	7.76242e-02
3.85078e+00	7.75427e-02
3.86763e+00	7.74602e-02
3.88449e+00	7.73768e-02
3.90134e+00	7.72924e-02
3.91819e+00	7.72070e-02
3.93504e+00	7.71206e-02
3.95190e+00	7.70333e-02
3.96875e+00	7.69448e-02
3.98560e+00	7.68558e-02
4.00245e+00	7.67652e-02
4.01931e+00	7.66735e-02
4.03616e+00	7.65805e-02
4.05301e+00	7.64863e-02
4.06986e+00	7.63911e-02
4.08672e+00	7.62944e-02
4.10357e+00	7.61965e-02
4.12042e+00	7.60973e-02
4.13727e+00	7.59968e-02
4.15413e+00	7.58950e-02
4.17098e+00	7.57919e-02
4.18783e+00	7.56875e-02
4.20468e+00	7.55818e-02
4.22154e+00	7.54747e-02
4.23839e+00	7.53663e-02
4.25524e+00	7.52566e-02
4.27209e+00	7.51454e-02
4.28895e+00	7.50330e-02
4.30580e+00	7.49191e-02
4.32265e+00	7.48039e-02
4.33950e+00	7.46873e-02
4.35636e+00	7.45693e-02
4.37321e+00	7.44499e-02
4.39006e+00	7.43290e-02
4.40691e+00	7.42068e-02
4.42376e+00	7.40831e-02
4.44062e+00	7.39581e-02
4.45747e+00	7.38315e-02
4.47432e+00	7.37036e-02
4.49117e+00	7.35741e-02
4.50803e+00	7.34433e-02
4.52488e+00	7.33110e-02
4.54173e+00	7.31772e-02
4.55858e+00	7.30419e-02
4.57544e+00	7.29051e-02
4.59229e+00	7.27669e-02
4.60914e+00	7.26272e-02
4.62599e+00	7.24860e-02
4.64285e+00	7.23433e-02
4.65970e+00	7.21991e-02
4.67655e+00	7.20533e-02
4.69340e+00	7.19061e-02
4.71026e+00	7.17573e-02
4.72711e+00	7.16071e-02
4.74396e+00	7.14552e-02
4.76081e+00	7.13019e-02
4.77767e+00	7.11470e-02
4.79452e+00	7.09906e-02
4.81137e+00	7.08326e-02
4.82822e+00	7.06731e-02
4.84508e+00	7.05120e-02
4.86193e+00	7.03494e-02
4.87878e+00	7.01853e-02
4.89563e+00	7.00195e-02
4.91249e+00	6.98522e-02
4.92934e+00	6.96834e-02
4.94619e+00	6.95130e-02
4.96304e+00	6.93409e-02
4.97990e+00	6.91673e-02
4.99675e+00	6.89921e-02
5.01360e+00	6.88153e-02
5.03045e+00	6.86370e-02
5.04731e+00	6.84569e-02
5.06416e+00	6.82752e-02
5.08101e+00	6.80919e-02
5.09786e+00	6.79069e-02
5.11471e+00	6.77202e-02
5.13157e+00	6.75319e-02
5.14842e+00	6.73419e-02
5.16527e+00	6.71503e-02
5.18212e+00	6.69570e-02
5.19898e+00	6.67620e-02
5.21583e+00	6.65654e-02
5.23268e+00	6.63672e-02
5.24953e+00	6.61672e-02
5.26639e+00	6.59657e-02
5.28324e+00	6.57625e-02
5.30009e+00	6.55576e-02
5.31694e+00	6.53511e-02
5.33380e+00	6.51430e-02
5.35065e+00	6.49332e-02
5.36750e+00	6.47218e-02
5.38435e+00	6.45087e-02
5.40121e+00	6.42940e-02
5.41806e+00	6.40777e-02
5.43491e+00	6.38598e-02
5.45176e+00	6.36403e-02
5.46862e+00	6.34191e-02
5.48547e+00	6.31963e-02
5.50232e+00	6.29720e-02
5.51917e+00	6.27460e-02
5.53603e+00	6.25185e-02
5.55288e+00	6.22894e-02
5.56973e+00	6.20587e-02
5.58658e+00	6.18264e-02
5.60344e+00	6.15926e-02
5.62029e+00	6.13572e-02
5.63714e+00	6.11203e-02
5.65399e+00	6.08818e-02
5.67085e+00	6.06418e-02
5.68770e+00	6.04003e-02
5.70455e+00	6.01573e-02
5.72140e+00	5.99127e-02
5.73826e+00	5.96667e-02
5.75511e+00	5.94192e-02
5.77196e+00	5.91702e-02
5.78881e+00	5.89198e-02
5.80566e+00	5.86679e-02
5.82252e+00	5.84146e-02
5.83937e+00	5.81598e-02
5.85622e+00	5.79036e-02
5.87307e+00	5.76460e-02
5.88993e+00	5.73870e-02
5.90678e+00	5.71266e-02
5.92363e+00	5.68649e-02
5.94048e+00	5.66018e-02
5.95734e+00	5.63374e-02
5.97419e+00	5.60717e-02
5.99104e+00	5.58048e-02
6.00789e+00	5.55365e-02
6.02475e+00	5.52671e-02
6.04160e+00	5.49962e-02
6.05845e+00	5.47243e-02
6.07530e+00	5.44513e-02
6.09216e+00	5.41771e-02
6.10901e+00	5.39018e-02
6.12586e+00	5.36253e-02
6.14271e+00	5.33478e-02
6.15957e+00	5.30693e-02
6.17642e+00	5.27897e-02
6.19327e+00	5.25090e-02
6.21012e+00	5.22273e-02
6.22698e+00	5.19447e-02
6.24383e+00	5.16610e-02
6.26068e+00	5.13764e-02
6.27753e+00	5.10908e-02
6.29439e+00	5.08043e-02
6.31124e+00	5.05169e-02
6.32809e+00	5.02286e-02
6.34494e+00	4.99395e-02
6.36180e+00	4.96494e-02
6.37865e+00	4.93586e-02
6.39550e+00	4.90669e-02
6.41235e+00	4.87745e-02
6.42921e+00	4.84813e-02
6.44606e+00	4.81873e-02
6.46291e+00	4.78926e-02
6.47976e+00	4.75972e-02
6.49661e+00	4.73011e-02
6.51347e+00	4.70044e-02
6.53032e+00	4.67070e-02
6.54717e+00	4.64090e-02
6.56402e+00	4.61104e-02
6.58088e+00	4.58112e-02
6.59773e+00	4.55114e-02
6.61458e+00	4.52111e-02
6.63143e+00	4.49103e-02
6.64829e+00	4.46090e-02
6.66514e+00	4.43073e-02
6.68199e+00	4.40051e-02
6.69884e+00	4.37024e-02
6.71570e+00	4.33994e-02
6.73255e+00	4.30960e-02
6.74940e+00	4.27923e-02
6.76625e+00	4.24883e-02
6.78311e+00	4.21839e-02
6.79996e+00	4.18793e-02
6.81681e+00	4.15744e-02
6.83366e+00	4.12693e-02
6.85052e+00	4.09640e-02
6.86737e+00	4.06585e-02
6.88422e+00	4.03529e-02
6.90107e+00	4.00472e-02
6.91793e+00	3.97414e-02
6.93478e+00	3.94354e-02
6.95163e+00	3.91293e-02
6.96848e+00	3.88235e-02
6.98534e+00	3.85179e-02
7.00219e+00	3.82124e-02
7.01904e+00	3.79071e-02
7.03589e+00	3.76020e-02
7.05275e+00	3.72972e-02
7.06960e+00	3.69927e-02
7.08645e+00	3.66882e-02
7.10330e+00	3.63844e-02
7.12016e+00	3.60810e-02
7.13701e+00	3.57781e-02
7.15386e+00	3.54756e-02
7.17071e+00	3.51736e-02
7.18756e+00	3.48722e-02
7.20442e+00	3.45713e-02
7.22127e+00	3.42710e-02
7.23812e+00	3.39713e-02
7.25497e+00	3.36722e-02
7.27183e+00	3.33738e-02
7.28868e+00	3.30759e-02
7.30553e+00	3.27788e-02
7.32238e+00	3.24824e-02
7.33924e+00	3.21866e-02
7.35609e+00	3.18917e-02
7.37294e+00	3.15974e-02
7.38979e+00	3.13040e-02
7.40665e+00	3.10113e-02
7.42350e+00	3.07195e-02
7.44035e+00	3.04285e-02
7.45720e+00	3.01384e-02
7.47406e+00	2.98491e-02
7.49091e+00	2.95607e-02
7.50776e+00	2.92733e-02
7.52461e+00	2.89868e-02
7.54147e+00	2.87012e-02
7.55832e+00	2.84166e-02
7.57517e+00	2.81330e-02
7.59202e+00	2.78505e-02
7.60888e+00	2.75689e-02
7.62573e+00	2.72884e-02
7.64258e+00	2.70090e-02
7.65943e+00	2.67306e-02
7.67629e+00	2.64534e-02
7.69314e+00	2.61773e-02
7.70999e+00	2.59023e-02
7.72684e+00	2.56284e-02
7.74370e+00	2.53558e-02
7.76055e+00	2.50843e-02
7.77740e+00	2.48140e-02
7.79425e+00	2.45450e-02
7.81111e+00	2.42771e-02
7.82796e+00	2.40106e-02
7.84481e+00	2.37453e-02
7.86166e+00	2.34813e-02
7.87851e+00	2.32186e-02
7.89537e+00	2.29572e-02
7.91222e+00	2.26971e-02
7.92907e+00	2.24384e-02
7.94592e+00	2.21811e-02
7.96278e+00	2.19251e-02
7.97963e+00	2.16705e-02
7.99648e+00	2.14173e-02
8.01333e+00	2.11655e-02
8.03019e+00	2.09151e-02
8.04704e+00	2.06662e-02
8.06389e+00	2.04188e-02
8.08074e+00	2.01728e-02
8.09760e+00	1.99283e-02
8.11445e+00	1.96852e-02
8.13130e+00	1.94437e-02
8.14815e+00	1.92037e-02
8.16501e+00	1.89652e-02
8.18186e+00	1.87282e-02
8.19871e+00	1.84928e-02
8.21556e+00	1.82590e-02
8.23242e+00	1.80267e-02
8.24927e+00	1.77960e-02
8.26612e+00	1.75668e-02
8.28297e+00	1.73393e-02
8.29983e+00	1.71133e-02
8.31668e+00	1.68890e-02
8.33353e+00	1.66663e-02
8.35038e+00	1.64452e-02
8.36724e+00	1.62258e-02
8.38409e+00	1.60079e-02
8.40094e+00	1.57918e-02
8.41779e+00	1.55773e-02
8.43465e+00	1.53644e-02
8.45150e+00	1.51532e-02
8.46835e+00	1.49437e-02
8.48520e+00	1.47359e-02
8.50205e+00	1.45298e-02
8.51891e+00	1.43253e-02
8.53576e+00	1.41225e-02
8.55261e+00	1.39215e-02
8.56946e+00	1.37221e-02
8.58632e+00	1.35245e-02
8.60317e+00	1.33285e-02
8.62002e+00	1.31343e-02
8.63687e+00	1.29418e-02
8.65373e+00	1.27510e-02
8.67058e+00	1.25619e-02
8.68743e+00	1.23745e-02
8.70428e+00	1.21889e-02
8.72114e+00	1.20050e-02
8.73799e+00	1.18228e-02
8.75484e+00	1.16424e-02
8.77169e+00	1.14637e-02
8.78855e+00	1.12867e-02
8.80540e+00	1.11114e-02
8.82225e+00	1.09379e-02
8.83910e+00	1.07661e-02
8.85596e+00	1.05960e-02
8.87281e+00	1.04277e-02
8.88966e+00	1.02611e-02
8.90651e+00	1.00962e-02
8.92337e+00	9.93304e-03
8.94022e+00	9.77154e-03
8.95707e+00	9.61183e-03
8.97392e+00	9.45385e-03
8.99078e+00	9.29762e-03
9.00763e+00	9.14312e-03
9.02448e+00	8.99034e-03
9.04133e+00	8.83930e-03
9.05819e+00	8.68997e-03
9.07504e+00	8.54235e-03
9.09189e+00	8.39645e-03
9.10874e+00	8.25224e-03
9.12560e+00	8.10974e-03
9.14245e+00	7.96892e-03
9.15930e+00	7.82979e-03
9.17615e+00	7.69233e-03
9.19300e+00	7.55655e-03
9.20986e+00	7.42242e-03
9.22671e+00	7.28996e-03
9.24356e+00	7.15914e-03
9.26041e+00	7.02996e-03
9.27727e+00	6.90242e-03
9.29412e+00	6.77650e-03
9.31097e+00	6.65220e-03
9.32782e+00	6.52952e-03
9.34468e+00	6.40843e-03
9.36153e+00	6.28894e-03
9.37838e+00	6.17104e-03
9.39523e+00	6.05471e-03
9.41209e+00	5.93995e-03
9.42894e+00	5.82675e-03
9.44579e+00	5.71509e-03
9.46264e+00	5.60497e-03
9.47950e+00	5.49638e-03
9.49635e+00	5.38931e-03
9.51320e+00	5.28374e-03
9.53005e+00	5.17967e-03
9.54691e+00	5.07708e-03
9.56376e+00	4.97597e-03
9.58061e+00	4.87633e-03
9.59746e+00	4.77813e-03
9.61432e+00	4.68138e-03
9.63117e+00	4.58607e-03
9.64802e+00	4.49216e-03
9.66487e+00	4.39967e-03
9.68173e+00	4.30859e-03
9.69858e+00	4.21891e-03
9.71543e+00	4.13062e-03
9.73228e+00	4.04370e-03
9.74914e+00	3.95814e-03
9.76599e+00	3.87392e-03
9.78284e+00	3.79105e-03
9.79969e+00	3.70949e-03
9.81655e+00	3.62924e-03
9.83340e+00	3.55029e-03
9.85025e+00	3.47263e-03
9.86710e+00	3.39624e-03
9.88395e+00	3.32110e-03
9.90081e+00	3.24721e-03
9.91766e+00	3.17456e-03
9.93451e+00	3.10312e-03
9.95136e+00	3.03290e-03
9.96822e+00	2.96386e-03
9.98507e+00	2.89601e-03
1.00019e+01	2.82936e-03
1.00188e+01	2.76380e-03
1.00356e+01	2.69936e-03
1.00525e+01	2.63624e-03
1.00693e+01	2.57432e-03
1.00862e+01	2.51358e-03
1.01030e+01	2.45402e-03
1.01199e+01	2.39561e-03
1.01367e+01	2.33833e-03
1.01536e+01	2.28217e-03
1.01704e+01	2.22711e-03
1.01873e+01	2.17312e-03
1.02042e+01	2.12020e-03
1.02210e+01	2.06833e-03
1.02379e+01	2.01749e-03
1.02547e+01	1.96766e-03
1.02716e+01	1.91882e-03
1.02884e+01	1.87096e-03
1.03053e+01	1.82407e-03
1.03221e+01	1.77812e-03
1.03390e+01	1.73311e-03
1.03558e+01	1.68900e-03
1.03727e+01	1.64580e-03
1.03895e+01	1.60349e-03
1.04064e+01	1.56204e-03
1.04232e+01	1.52145e-03
1.04401e+01	1.48170e-03
1.04569e+01	1.44278e-03
1.04738e+01	1.40466e-03
1.04906e+01	1.36735e-03
1.05075e+01	1.33082e-03
1.05243e+01	1.29505e-03
1.05412e+01	1.26005e-03
1.05581e+01	1.22578e-03
1.05749e+01	1.19225e-03
1.05918e+01	1.15945e-03
1.06086e+01	1.12730e-03
1.06255e+01	1.09589e-03
1.06423e+01	1.06521e-03
1.06592e+01	1.03523e-03
1.06760e+01	1.00595e-03
1.06929e+01	9.77333e-04
1.07097e+01	9.49382e-04
1.07266e+01	9.22077e-04
1.07434e+01	8.95405e-04
1.07603e+01	8.69352e-04
1.07771e+01	8.43904e-04
1.07940e+01	8.19049e-04
1.08108e+01	7.94774e-04
1.08277e+01	7.71066e-04
1.08445e+01	7.47913e-04
1.08614e+01	7.25303e-04
1.08782e+01	7.03223e-04
1.08951e+01	6.81664e-04
1.09120e+01	6.60612e-04
1.09288e+01	6.40058e-04
1.09457e+01	6.19990e-04
1.09625e+01	6.00397e-04
1.09794e+01	5.81270e-04
1.09962e+01	5.62597e-04
1.10131e+01	5.44369e-04
1.10299e+01	5.26576e-04
1.10468e+01	5.09209e-04
1.10636e+01	4.92257e-04
1.10805e+01	4.75713e-04
1.10973e+01	4.59566e-04
1.11142e+01	4.43808e-04
1.11310e+01	4.28431e-04
1.11479e+01	4.13425e-04
1.11647e+01	3.98783e-04
1.11816e+01	3.84496e-04
1.11984e+01	3.70556e-04
1.12153e+01	3.56957e-04
1.12321e+01	3.43689e-04
1.12490e+01	3.30746e-04
1.12659e+01	3.18119e-04
1.12827e+01	3.05803e-04
1.12996e+01	2.93791e-04
1.13164e+01	2.82074e-04
1.13333e+01	2.70647e-04
1.13501e+01	2.59502e-04
1.13670e+01	2.48634e-04
1.13838e+01	2.38037e-04
1.14007e+01	2.27703e-04
1.14175e+01	2.17627e-04
1.14344e+01	2.07804e-04
1.14512e+01	1.98227e-04
1.14681e+01	1.88890e-04
1.14849e+01	1.79789e-04
1.15018e+01	1.70917e-04
1.15186e+01	1.62270e-04
1.15355e+01	1.53841e-04
1.15523e+01	1.45622e-04
1.15692e+01	1.37613e-04
1.15861e+01	1.29841e-04
1.16029e+01	1.22321e-04
1.16198e+01	1.15066e-04
1.16366e+01	1.08087e-04
1.16535e+01	1.01434e-04
1.16703e+01	9.51509e-05
1.16872e+01	8.92339e-05
1.17040e+01	8.36531e-05
1.17209e+01	7.83757e-05
1.17377e+01	7.33686e-05
1.17546e+01	6.86115e-05
1.17714e+01	6.40995e-05
1.17883e+01	5.98322e-05
1.18051e+01	5.57993e-05
1.18220e+01	5.19870e-05
1.18388e+01	4.83823e-05
1.18557e+01	4.50514e-05
1.18725e+01	4.19980e-05
1.18894e+01	3.91744e-05
1.19062e+01	3.65410e-05
1.19231e+01	3.40789e-05
1.19400e+01	3.17732e-05
1.19568e+01	2.96110e-05
1.19737e+01	2.75821e-05
1.19905e+01	2.56782e-05
1.20074e+01	2.38915e-05
1.20242e+01	2.22151e-05
1.20411e+01	2.06428e-05
1.20579e+01	1.91687e-05
1.20748e+01	1.77872e-05
1.20916e+01	1.64930e-05
1.21085e+01	1.52809e-05
1.21253e+01	1.41464e-05
1.21422e+01	1.30854e-05
1.21590e+01	1.20938e-05
1.21759e+01	1.11679e-05
1.21927e+01	1.03038e-05
1.22096e+01	9.49803e-06
1.22264e+01	8.74740e-06
1.22433e+01	8.04902e-06
1.22601e+01	7.40009e-06
1.22770e+01	6.79786e-06
1.22939e+01	6.23967e-06
1.23107e+01	5.72294e-06
1.23276e+01	5.24507e-06
1.23444e+01	4.80346e-06
1.23613e+01	4.39565e-06
1.23781e+01	4.01934e-06
1.23950e+01	3.67236e-06
1.24118e+01	3.35263e-06
1.24287e+01	3.05831e-06
1.24455e+01	2.78766e-06
1.24624e+01	2.53902e-06
1.24792e+01	2.31085e-06
1.24961e+01	2.10168e-06
1.25129e+01	1.91011e-06
1.25298e+01	1.73484e-06
1.25466e+01	1.57468e-06
1.25635e+01	1.42839e-06
1.25803e+01	1.29503e-06
1.25972e+01	1.17360e-06
1.26140e+01	1.06315e-06
1.26309e+01	9.62753e-07
1.26478e+01	8.71565e-07
1.26646e+01	7.88796e-07
1.26815e+01	7.13720e-07
1.26983e+01	6.45677e-07
1.27152e+01	5.84042e-07
1.27320e+01	5.28235e-07
1.27489e+01	4.77726e-07
1.27657e+01	4.32026e-07
1.27826e+01	3.90691e-07
1.27994e+01	3.53321e-07
1.28163e+01	3.19552e-07
1.28331e+01	2.89027e-07
1.28500e+01	2.61428e-07
1.28668e+01	2.36444e-07
1.28837e+01	2.13786e-07
1.29005e+01	1.93201e-07
1.29174e+01	1.74486e-07
1.29342e+01	1.57551e-07
1.29511e+01	1.42199e-07
1.29680e+01	1.28211e-07
1.29848e+01	1.15434e-07
1.30017e+01	1.03768e-07
1.30185e+01	9.31193e-08
1.30354e+01	8.35735e-08
1.30522e+01	7.51906e-08
1.30691e+01	6.78913e-08
1.30859e+01	6.14456e-08
1.31028e+01	5.56988e-08
1.31196e+01	5.05258e-08
1.31365e+01	4.58235e-08
1.31533e+01	4.15290e-08
1.31702e+01	3.76217e-08
1.31870e+01	3.40848e-08
1.32039e+01	3.09057e-08
1.32207e+01	2.80659e-08
1.32376e+01	2.55061e-08
1.32544e+01	2.31892e-08
1.32713e+01	2.10856e-08
1.32881e+01	1.91738e-08
1.33050e+01	1.74314e-08
1.33219e+01	1.58405e-08
1.33387e+01	1.43860e-08
1.33556e+01	1.30553e-08
1.33724e+01	1.18371e-08
1.33893e+01	1.07222e-08
1.34061e+01	9.70294e-09
1.34230e+01	8.77186e-09
1.34398e+01	7.92246e-09
1.34567e+01	7.14909e-09
1.34735e+01	6.44731e-09
1.34904e+01	5.81181e-09
1.35072e+01	5.23597e-09
1.35241e+01	4.71383e-09
1.35409e+01	4.24074e-09
1.35578e+01	3.81248e-09
1.35746e+01	3.42511e-09
1.35915e+01	3.07502e-09
1.36083e+01	2.75886e-09
1.36252e+01	2.47357e-09
1.36420e+01	2.21630e-09
1.36589e+01	1.98444e-09
1.36758e+01	1.77563e-09
1.36926e+01	1.58770e-09
1.37095e+01	1.41867e-09
1.37263e+01	1.26675e-09
1.37432e+01	1.13029e-09
1.37600e+01	1.00779e-09
1.37769e+01	8.97887e-10
1.37937e+01	7.99353e-10
1.38106e+01	7.11059e-10
1.38274e+01	6.31994e-10
1.38443e+01	5.61240e-10
1.38611e+01	4.97959e-10
1.38780e+01	4.41397e-10
1.38948e+01	3.90888e-10
1.39117e+01	3.45827e-10
1.39285e+01	3.05666e-10
1.39454e+01	2.69912e-10
1.39622e+01	2.38113e-10
1.39791e+01	2.09862e-10
1.39959e+01	1.84782e-10
1.40128e+01	1.62545e-10
1.40297e+01	1.42853e-10
1.40465e+01	1.25428e-10
1.40634e+01	1.10027e-10
1.40802e+01	9.64261e-11
1.40971e+01	8.44279e-11
1.41139e+01	7.38542e-11
1.41308e+01	6.45454e-11
1.41476e+01	5.63581e-11
1.41645e+01	4.91642e-11
1.41813e+01	4.28491e-11
1.41982e+01	3.73108e-11
1.42150e+01	3.24581e-11
1.42319e+01	2.82099e-11
1.42487e+01	2.44944e-11
1.42656e+01	2.12483e-11
1.42824e+01	1.84153e-11
1.42993e+01	1.59452e-11
1.43161e+01	1.37939e-11
1.43330e+01	1.19220e-11
1.43499e+01	1.02949e-11
1.43667e+01	8.88193e-12
1.43836e+01	7.65611e-12
1.44004e+01	6.59367e-12
1.44173e+01	5.67372e-12
1.44341e+01	4.87790e-12
1.44510e+01	4.19012e-12
1.44678e+01	3.59626e-12
1.44847e+01	3.08396e-12
1.45015e+01	2.64243e-12
1.45184e+01	2.26223e-12
1.45352e+01	1.93514e-12
1.45521e+01	1.65400e-12
1.45689e+01	1.41255e-12
1.45858e+01	1.20538e-12
1.46026e+01	1.02777e-12
1.46195e+01	8.75639e-13
1.46363e+01	7.45437e-13
1.46532e+01	6.34098e-13
1.46700e+01	5.38970e-13
1.46869e+01	4.57760e-13
1.47038e+01	3.88489e-13
1.47206e+01	3.29451e-13
1.47375e+01	2.79173e-13
1.47543e+01	2.36390e-13
1.47712e+01	2.00015e-13
1.47880e+01	1.69112e-13
1.48049e+01	1.42878e-13
1.48217e+01	1.20626e-13
1.48386e+01	1.01766e-13
1.48554e+01	8.57934e-14
1.48723e+01	7.22768e-14
1.48891e+01	6.08472e-14
1.49060e+01	5.11899e-14
1.49228e+01	4.30363e-14
1.49397e+01	3.61577e-14
1.49565e+01	3.03593e-14
1.49734e+01	2.54755e-14
1.49902e+01	2.13652e-14
1.50071e+01	1.79085e-14
1.50239e+01	1.50036e-14
1.50408e+01	1.25638e-14
1.50577e+01	1.05156e-14
1.50745e+01	8.79709e-15
1.50914e+01	7.35590e-15
1.51082e+01	6.14787e-15
1.51251e+01	5.13578e-15
1.51419e+01	4.28827e-15
1.51588e+01	3.57891e-15
1.51756e+01	2.98549e-15
1.51925e+01	2.48930e-15
1.52093e+01	2.07461e-15
1.52262e+01	1.72819e-15
1.52430e+01	1.43896e-15
1.52599e+01	1.19757e-15
1.52767e+01	9.96227e-16
1.52936e+01	8.28352e-16
1.53104e+01	6.88452e-16
1.53273e+01	5.71919e-16
1.53441e+01	4.74897e-16
1.53610e+01	3.94156e-16
1.53778e+01	3.26996e-16
1.53947e+01	2.71158e-16
1.54116e+01	2.24755e-16
1.54284e+01	1.86211e-16
1.54453e+01	1.54209e-16
1.54621e+01	1.27650e-16
1.54790e+01	1.05620e-16
1.54958e+01	8.73529e-17
1.55127e+01	7.22140e-17
1.55295e+01	5.96728e-17
1.55464e+01	4.92883e-17
1.55632e+01	4.06933e-17
1.55801e+01	3.35826e-17
1.55969e+01	2.77025e-17
1.56138e+01	2.28419e-17
1.56306e+01	1.88260e-17
1.56475e+01	1.55092e-17
1.56643e+01	1.27711e-17
1.56812e+01	1.05114e-17
1.56980e+01	8.64742e-18
1.57149e+01	7.11031e-18
1.57318e+01	5.84319e-18
1.57486e+01	4.79891e-18
1.57655e+01	3.93837e-18
1.57823e+01	3.22940e-18
1.57992e+01	2.64592e-18
1.58160e+01	2.16613e-18
1.58329e+01	1.77194e-18
1.58497e+01	1.44837e-18
1.58666e+01	1.18296e-18
1.58834e+01	9.65447e-19
1.59003e+01	7.87332e-19
1.59171e+01	6.41597e-19
1.59340e+01	5.22451e-19
1.59508e+01	4.25123e-19
1.59677e+01	3.45684e-19
1.59845e+01	2.80900e-19
1.60014e+01	2.28111e-19
1.60182e+01	1.85129e-19
1.60351e+01	1.50155e-19
1.60519e+01	1.21716e-19
1.60688e+01	9.86056e-20
1.60857e+01	7.98362e-20
1.61025e+01	6.46016e-20
1.61194e+01	5.22435e-20
1.61362e+01	4.22250e-20
1.61531e+01	3.41081e-20
1.61699e+01	2.75356e-20
1.61868e+01	2.22170e-20
1.62036e+01	1.79156e-20
1.62205e+01	1.44387e-20
1.62373e+01	1.16300e-20
1.62542e+01	9.36240e-21
1.62710e+01	7.53275e-21
1.62879e+01	6.05730e-21
1.63047e+01	4.86815e-21
1.63216e+01	3.91027e-21
1.63384e+01	3.13916e-21
1.63553e+01	2.51874e-21
1.63721e+01	2.01983e-21
1.63890e+01	1.61886e-21
1.64058e+01	1.29680e-21
1.64227e+01	1.03825e-21
1.64396e+01	8.30791e-22
1.64564e+01	6.64433e-22
1.64733e+01	5.31098e-22
1.64901e+01	4.24285e-22
1.65070e+01	3.38764e-22
1.65238e+01	2.70327e-22
1.65407e+01	2.15590e-22
1.65575e+01	1.71834e-22
1.65744e+01	1.36875e-22
1.65912e+01	1.08958e-22
1.66081e+01	8.66731e-23
1.66249e+01	6.88907e-23
1.66418e+01	5.47046e-23
1.66586e+01	4.33889e-23
1.66755e+01	3.43614e-23
1.66923e+01	2.71556e-23
1.67092e+01	2.13974e-23
1.67260e+01	1.67866e-23
1.67429e+01	1.30821e-23
1.67597e+01	1.00896e-23
1.67766e+01	7.65215e-24
1.67935e+01	5.64194e-24
1.68103e+01	3.95504e-24
1.68272e+01	2.51025e-24
1.68440e+01	1.25982e-24
