# The ell = 0 distribution, the isotropy.
# E_N [Td]	8.50000e+00
# col_1: Electron Energy [eV], col_2: f0 [eV^(-3/2)]
eV	f0
9.77892e-03	7.76210e-02
2.93368e-02	7.73892e-02
4.88946e-02	7.70992e-02
6.84525e-02	7.68172e-02
8.80103e-02	7.65643e-02
1.07568e-01	7.63408e-02
1.27126e-01	7.61440e-02
1.46684e-01	7.59697e-02
1.66242e-01	7.58131e-02
1.85800e-01	7.56711e-02
2.05357e-01	7.55413e-02
2.24915e-01	7.54221e-02
2.44473e-01	7.53122e-02
2.64031e-01	7.52108e-02
2.83589e-01	7.51170e-02
3.03147e-01	7.50300e-02
3.22704e-01	7.49484e-02
3.42262e-01	7.48719e-02
3.61820e-01	7.48003e-02
3.81378e-01	7.47333e-02
4.00936e-01	7.46704e-02
4.20494e-01	7.46112e-02
4.40052e-01	7.45552e-02
4.59609e-01	7.45021e-02
4.79167e-01	7.44514e-02
4.98725e-01	7.44026e-02
5.18283e-01	7.43555e-02
5.37841e-01	7.43097e-02
5.57399e-01	7.42649e-02
5.76956e-01	7.42207e-02
5.96514e-01	7.41770e-02
6.16072e-01	7.41334e-02
6.35630e-01	7.40897e-02
6.55188e-01	7.40456e-02
6.74746e-01	7.40011e-02
6.94304e-01	7.39559e-02
7.13861e-01	7.39099e-02
7.33419e-01	7.38630e-02
7.52977e-01	7.38151e-02
7.72535e-01	7.37663e-02
7.92093e-01	7.37165e-02
8.11651e-01	7.36655e-02
8.31208e-01	7.36135e-02
8.50766e-01	7.35604e-02
8.70324e-01	7.35062e-02
8.89882e-01	7.34509e-02
9.09440e-01	7.33945e-02
9.28998e-01	7.33369e-02
9.48556e-01	7.32783e-02
9.68113e-01	7.32185e-02
9.87671e-01	7.31576e-02
1.00723e+00	7.30957e-02
1.02679e+00	7.30331e-02
1.04634e+00	7.29699e-02
1.06590e+00	7.29061e-02
1.08546e+00	7.28418e-02
1.10502e+00	7.27770e-02
1.12458e+00	7.27117e-02
1.14413e+00	7.26460e-02
1.16369e+00	7.25799e-02
1.18325e+00	7.25134e-02
1.20281e+00	7.24465e-02
1.22237e+00	7.23792e-02
1.24192e+00	7.23117e-02
1.26148e+00	7.22438e-02
1.28104e+00	7.21756e-02
1.30060e+00	7.21072e-02
1.32015e+00	7.20387e-02
1.33971e+00	7.19700e-02
1.35927e+00	7.19011e-02
1.37883e+00	7.18321e-02
1.39839e+00	7.17630e-02
1.41794e+00	7.16937e-02
1.43750e+00	7.16243e-02
1.45706e+00	7.15548e-02
1.47662e+00	7.14851e-02
1.49618e+00	7.14153e-02
1.51573e+00	7.13452e-02
1.53529e+00	7.12747e-02
1.55485e+00	7.12039e-02
1.57441e+00	7.11330e-02
1.59396e+00	7.10618e-02
1.61352e+00	7.09905e-02
1.63308e+00	7.09191e-02
1.65264e+00	7.08475e-02
1.67220e+00	7.07758e-02
1.69175e+00	7.07040e-02
1.71131e+00	7.06321e-02
1.73087e+00	7.05600e-02
1.75043e+00	7.04880e-02
1.76999e+00	7.04159e-02
1.78954e+00	7.03437e-02
1.80910e+00	7.02714e-02
1.82866e+00	7.01991e-02
1.84822e+00	7.01267e-02
1.86777e+00	7.00543e-02
1.88733e+00	6.99818e-02
1.90689e+00	6.99092e-02
1.92645e+00	6.98365e-02
1.94601e+00	6.97638e-02
1.96556e+00	6.96909e-02
1.98512e+00	6.96181e-02
2.00468e+00	6.95450e-02
2.02424e+00	6.94719e-02
2.04379e+00	6.93986e-02
2.06335e+00	6.93251e-02
2.08291e+00	6.92515e-02
2.10247e+00	6.91776e-02
2.12203e+00	6.91036e-02
2.14158e+00	6.90293e-02
2.16114e+00	6.89549e-02
2.18070e+00	6.88803e-02
2.20026e+00	6.88055e-02
2.21982e+00	6.87305e-02
2.23937e+00	6.86554e-02
2.25893e+00	6.85801e-02
2.27849e+00	6.85046e-02
2.29805e+00	6.84289e-02
2.31760e+00	6.83531e-02
2.33716e+00	6.82770e-02
2.35672e+00	6.82009e-02
2.37628e+00	6.81245e-02
2.39584e+00	6.80480e-02
2.41539e+00	6.79713e-02
2.43495e+00	6.78944e-02
2.45451e+00	6.78173e-02
2.47407e+00	6.77401e-02
2.49363e+00	6.76628e-02
2.51318e+00	6.75852e-02
2.53274e+00	6.75074e-02
2.55230e+00	6.74295e-02
2.57186e+00	6.73513e-02
2.59141e+00	6.72730e-02
2.61097e+00	6.71944e-02
2.63053e+00	6.71156e-02
2.65009e+00	6.70367e-02
2.66965e+00	6.69575e-02
2.68920e+00	6.68781e-02
2.70876e+00	6.67985e-02
2.72832e+00	6.67188e-02
2.74788e+00	6.66388e-02
2.76744e+00	6.65586e-02
2.78699e+00	6.64782e-02
2.80655e+00	6.63976e-02
2.82611e+00	6.63169e-02
2.84567e+00	6.62359e-02
2.86522e+00	6.61547e-02
2.88478e+00	6.60733e-02
2.90434e+00	6.59917e-02
2.92390e+00	6.59099e-02
2.94346e+00	6.58278e-02
2.96301e+00	6.57456e-02
2.98257e+00	6.56632e-02
3.00213e+00	6.55806e-02
3.02169e+00	6.54977e-02
3.04125e+00	6.54147e-02
3.06080e+00	6.53315e-02
3.08036e+00	6.52481e-02
3.09992e+00	6.51645e-02
3.11948e+00	6.50806e-02
3.13903e+00	6.49966e-02
3.15859e+00	6.49124e-02
3.17815e+00	6.48280e-02
3.19771e+00	6.47434e-02
3.21727e+00	6.46586e-02
3.23682e+00	6.45736e-02
3.25638e+00	6.44884e-02
3.27594e+00	6.44030e-02
3.29550e+00	6.43174e-02
3.31505e+00	6.42315e-02
3.33461e+00	6.41455e-02
3.35417e+00	6.40592e-02
3.37373e+00	6.39728e-02
3.39329e+00	6.38861e-02
3.41284e+00	6.37992e-02
3.43240e+00	6.37121e-02
3.45196e+00	6.36247e-02
3.47152e+00	6.35372e-02
3.49108e+00	6.34494e-02
3.51063e+00	6.33614e-02
3.53019e+00	6.32732e-02
3.54975e+00	6.31848e-02
3.56931e+00	6.30961e-02
3.58886e+00	6.30073e-02
3.60842e+00	6.29181e-02
3.62798e+00	6.28288e-02
3.64754e+00	6.27392e-02
3.66710e+00	6.26494e-02
3.68665e+00	6.25594e-02
3.70621e+00	6.24691e-02
3.72577e+00	6.23786e-02
3.74533e+00	6.22878e-02
3.76489e+00	6.21968e-02
3.78444e+00	6.21056e-02
3.80400e+00	6.20141e-02
3.82356e+00	6.19223e-02
3.84312e+00	6.18304e-02
3.86267e+00	6.17381e-02
3.88223e+00	6.16457e-02
3.90179e+00	6.15530e-02
3.92135e+00	6.14600e-02
3.94091e+00	6.13668e-02
3.96046e+00	6.12733e-02
3.98002e+00	6.11797e-02
3.99958e+00	6.10857e-02
4.01914e+00	6.09913e-02
4.03870e+00	6.08964e-02
4.05825e+00	6.08013e-02
4.07781e+00	6.07057e-02
4.09737e+00	6.06097e-02
4.11693e+00	6.05133e-02
4.13648e+00	6.04164e-02
4.15604e+00	6.03191e-02
4.17560e+00	6.02214e-02
4.19516e+00	6.01233e-02
4.21472e+00	6.00247e-02
4.23427e+00	5.99257e-02
4.25383e+00	5.98263e-02
4.27339e+00	5.97264e-02
4.29295e+00	5.96261e-02
4.31251e+00	5.95254e-02
4.33206e+00	5.94242e-02
4.35162e+00	5.93226e-02
4.37118e+00	5.92206e-02
4.39074e+00	5.91181e-02
4.41029e+00	5.90152e-02
4.42985e+00	5.89118e-02
4.44941e+00	5.88079e-02
4.46897e+00	5.87037e-02
4.48853e+00	5.85989e-02
4.50808e+00	5.84938e-02
4.52764e+00	5.83881e-02
4.54720e+00	5.82820e-02
4.56676e+00	5.81755e-02
4.58631e+00	5.80685e-02
4.60587e+00	5.79610e-02
4.62543e+00	5.78531e-02
4.64499e+00	5.77447e-02
4.66455e+00	5.76358e-02
4.68410e+00	5.75265e-02
4.70366e+00	5.74167e-02
4.72322e+00	5.73065e-02
4.74278e+00	5.71958e-02
4.76234e+00	5.70846e-02
4.78189e+00	5.69729e-02
4.80145e+00	5.68608e-02
4.82101e+00	5.67481e-02
4.84057e+00	5.66350e-02
4.86012e+00	5.65215e-02
4.87968e+00	5.64074e-02
4.89924e+00	5.62928e-02
4.91880e+00	5.61778e-02
4.93836e+00	5.60623e-02
4.95791e+00	5.59463e-02
4.97747e+00	5.58298e-02
4.99703e+00	5.57128e-02
5.01659e+00	5.55953e-02
5.03615e+00	5.54773e-02
5.05570e+00	5.53587e-02
5.07526e+00	5.52397e-02
5.09482e+00	5.51200e-02
5.11438e+00	5.49999e-02
5.13393e+00	5.48792e-02
5.15349e+00	5.47580e-02
5.17305e+00	5.46362e-02
5.19261e+00	5.45138e-02
5.21217e+00	5.43910e-02
5.23172e+00	5.42676e-02
5.25128e+00	5.41436e-02
5.27084e+00	5.40191e-02
5.29040e+00	5.38940e-02
5.30996e+00	5.37684e-02
5.32951e+00	5.36423e-02
5.34907e+00	5.35156e-02
5.36863e+00	5.33883e-02
5.38819e+00	5.32605e-02
5.40774e+00	5.31321e-02
5.42730e+00	5.30032e-02
5.44686e+00	5.28737e-02
5.46642e+00	5.27436e-02
5.48598e+00	5.26130e-02
5.50553e+00	5.24819e-02
5.52509e+00	5.23501e-02
5.54465e+00	5.22178e-02
5.56421e+00	5.20850e-02
5.58377e+00	5.19516e-02
5.60332e+00	5.18176e-02
5.62288e+00	5.16830e-02
5.64244e+00	5.15479e-02
5.66200e+00	5.14122e-02
5.68155e+00	5.12760e-02
5.70111e+00	5.11392e-02
5.72067e+00	5.10018e-02
5.74023e+00	5.08639e-02
5.75979e+00	5.07253e-02
5.77934e+00	5.05862e-02
5.79890e+00	5.04466e-02
5.81846e+00	5.03064e-02
5.83802e+00	5.01656e-02
5.85757e+00	5.00242e-02
5.87713e+00	4.98823e-02
5.89669e+00	4.97397e-02
5.91625e+00	4.95966e-02
5.93581e+00	4.94530e-02
5.95536e+00	4.93088e-02
5.97492e+00	4.91640e-02
5.99448e+00	4.90187e-02
6.01404e+00	4.88728e-02
6.03360e+00	4.87263e-02
6.05315e+00	4.85793e-02
6.07271e+00	4.84318e-02
6.09227e+00	4.82838e-02
6.11183e+00	4.81352e-02
6.13138e+00	4.79861e-02
6.15094e+00	4.78365e-02
6.17050e+00	4.76863e-02
6.19006e+00	4.75357e-02
6.20962e+00	4.73844e-02
6.22917e+00	4.72327e-02
6.24873e+00	4.70805e-02
6.26829e+00	4.69277e-02
6.28785e+00	4.67744e-02
6.30741e+00	4.66205e-02
6.32696e+00	4.64662e-02
6.34652e+00	4.63113e-02
6.36608e+00	4.61559e-02
6.38564e+00	4.60000e-02
6.40519e+00	4.58436e-02
6.42475e+00	4.56867e-02
6.44431e+00	4.55292e-02
6.46387e+00	4.53712e-02
6.48343e+00	4.52128e-02
6.50298e+00	4.50538e-02
6.52254e+00	4.48943e-02
6.54210e+00	4.47343e-02
6.56166e+00	4.45738e-02
6.58122e+00	4.44128e-02
6.60077e+00	4.42512e-02
6.62033e+00	4.40892e-02
6.63989e+00	4.39267e-02
6.65945e+00	4.37637e-02
6.67900e+00	4.36001e-02
6.69856e+00	4.34361e-02
6.71812e+00	4.32716e-02
6.73768e+00	4.31066e-02
6.75724e+00	4.29411e-02
6.77679e+00	4.27752e-02
6.79635e+00	4.26087e-02
6.81591e+00	4.24418e-02
6.83547e+00	4.22744e-02
6.85503e+00	4.21065e-02
6.87458e+00	4.19381e-02
6.89414e+00	4.17692e-02
6.91370e+00	4.16000e-02
6.93326e+00	4.14302e-02
6.95281e+00	4.12599e-02
6.97237e+00	4.10893e-02
6.99193e+00	4.09183e-02
7.01149e+00	4.07469e-02
7.03105e+00	4.05751e-02
7.05060e+00	4.04030e-02
7.07016e+00	4.02305e-02
7.08972e+00	4.00576e-02
7.10928e+00	3.98844e-02
7.12883e+00	3.97109e-02
7.14839e+00	3.95371e-02
7.16795e+00	3.93630e-02
7.18751e+00	3.91886e-02
7.20707e+00	3.90139e-02
7.22662e+00	3.88390e-02
7.24618e+00	3.86637e-02
7.26574e+00	3.84881e-02
7.28530e+00	3.83123e-02
7.30486e+00	3.81362e-02
7.32441e+00	3.79598e-02
7.34397e+00	3.77831e-02
7.36353e+00	3.76062e-02
7.38309e+00	3.74290e-02
7.40264e+00	3.72515e-02
7.42220e+00	3.70738e-02
7.44176e+00	3.68958e-02
7.46132e+00	3.67176e-02
7.48088e+00	3.65391e-02
7.50043e+00	3.63604e-02
7.51999e+00	3.61814e-02
7.53955e+00	3.60022e-02
7.55911e+00	3.58228e-02
7.57867e+00	3.56431e-02
7.59822e+00	3.54632e-02
7.61778e+00	3.52831e-02
7.63734e+00	3.51028e-02
7.65690e+00	3.49223e-02
7.67645e+00	3.47416e-02
7.69601e+00	3.45606e-02
7.71557e+00	3.43795e-02
7.73513e+00	3.41981e-02
7.75469e+00	3.40166e-02
7.77424e+00	3.38349e-02
7.79380e+00	3.36530e-02
7.81336e+00	3.34710e-02
7.83292e+00	3.32887e-02
7.85248e+00	3.31063e-02
7.87203e+00	3.29238e-02
7.89159e+00	3.27410e-02
7.91115e+00	3.25582e-02
7.93071e+00	3.23752e-02
7.95026e+00	3.21920e-02
7.96982e+00	3.20087e-02
7.98938e+00	3.18253e-02
8.00894e+00	3.16417e-02
8.02850e+00	3.14580e-02
8.04805e+00	3.12742e-02
8.06761e+00	3.10903e-02
8.08717e+00	3.09063e-02
8.10673e+00	3.07222e-02
8.12629e+00	3.05379e-02
8.14584e+00	3.03536e-02
8.16540e+00	3.01692e-02
8.18496e+00	2.99847e-02
8.20452e+00	2.98002e-02
8.22407e+00	2.96156e-02
8.24363e+00	2.94309e-02
8.26319e+00	2.92461e-02
8.28275e+00	2.90614e-02
8.30231e+00	2.88765e-02
8.32186e+00	2.86916e-02
8.34142e+00	2.85067e-02
8.36098e+00	2.83217e-02
8.38054e+00	2.81368e-02
8.40009e+00	2.79518e-02
8.41965e+00	2.77668e-02
8.43921e+00	2.75818e-02
8.45877e+00	2.73967e-02
8.47833e+00	2.72117e-02
8.49788e+00	2.70267e-02
8.51744e+00	2.68417e-02
8.53700e+00	2.66568e-02
8.55656e+00	2.64719e-02
8.57612e+00	2.62870e-02
8.59567e+00	2.61021e-02
8.61523e+00	2.59173e-02
8.63479e+00	2.57325e-02
8.65435e+00	2.55479e-02
8.67390e+00	2.53632e-02
8.69346e+00	2.51787e-02
8.71302e+00	2.49942e-02
8.73258e+00	2.48098e-02
8.75214e+00	2.46255e-02
8.77169e+00	2.44413e-02
8.79125e+00	2.42572e-02
8.81081e+00	2.40732e-02
8.83037e+00	2.38894e-02
8.84993e+00	2.37056e-02
8.86948e+00	2.35220e-02
8.88904e+00	2.33385e-02
8.90860e+00	2.31552e-02
8.92816e+00	2.29720e-02
8.94771e+00	2.27890e-02
8.96727e+00	2.26061e-02
8.98683e+00	2.24235e-02
9.00639e+00	2.22411e-02
9.02595e+00	2.20589e-02
9.04550e+00	2.18769e-02
9.06506e+00	2.16951e-02
9.08462e+00	2.15136e-02
9.10418e+00	2.13323e-02
9.12374e+00	2.11512e-02
9.14329e+00	2.09704e-02
9.16285e+00	2.07898e-02
9.18241e+00	2.06096e-02
9.20197e+00	2.04295e-02
9.22152e+00	2.02498e-02
9.24108e+00	2.00703e-02
9.26064e+00	1.98912e-02
9.28020e+00	1.97123e-02
9.29976e+00	1.95337e-02
9.31931e+00	1.93555e-02
9.33887e+00	1.91775e-02
9.35843e+00	1.89999e-02
9.37799e+00	1.88226e-02
9.39755e+00	1.86457e-02
9.41710e+00	1.84691e-02
9.43666e+00	1.82928e-02
9.45622e+00	1.81169e-02
9.47578e+00	1.79414e-02
9.49533e+00	1.77662e-02
9.51489e+00	1.75914e-02
9.53445e+00	1.74170e-02
9.55401e+00	1.72430e-02
9.57357e+00	1.70694e-02
9.59312e+00	1.68962e-02
9.61268e+00	1.67234e-02
9.63224e+00	1.65510e-02
9.65180e+00	1.63790e-02
9.67135e+00	1.62074e-02
9.69091e+00	1.60363e-02
9.71047e+00	1.58657e-02
9.73003e+00	1.56955e-02
9.74959e+00	1.55258e-02
9.76914e+00	1.53566e-02
9.78870e+00	1.51879e-02
9.80826e+00	1.50196e-02
9.82782e+00	1.48519e-02
9.84738e+00	1.46846e-02
9.86693e+00	1.45178e-02
9.88649e+00	1.43516e-02
9.90605e+00	1.41859e-02
9.92561e+00	1.40207e-02
9.94516e+00	1.38560e-02
9.96472e+00	1.36918e-02
9.98428e+00	1.35282e-02
1.00038e+01	1.33652e-02
1.00234e+01	1.32025e-02
1.00430e+01	1.30406e-02
1.00625e+01	1.28795e-02
1.00821e+01	1.27192e-02
1.01016e+01	1.25597e-02
1.01212e+01	1.24010e-02
1.01407e+01	1.22431e-02
1.01603e+01	1.20860e-02
1.01799e+01	1.19297e-02
1.01994e+01	1.17741e-02
1.02190e+01	1.16194e-02
1.02385e+01	1.14655e-02
1.02581e+01	1.13123e-02
1.02776e+01	1.11600e-02
1.02972e+01	1.10085e-02
1.03168e+01	1.08577e-02
1.03363e+01	1.07078e-02
1.03559e+01	1.05586e-02
1.03754e+01	1.04103e-02
1.03950e+01	1.02627e-02
1.04146e+01	1.01160e-02
1.04341e+01	9.97004e-03
1.04537e+01	9.82489e-03
1.04732e+01	9.68054e-03
1.04928e+01	9.53700e-03
1.05123e+01	9.39425e-03
1.05319e+01	9.25230e-03
1.05515e+01	9.11115e-03
1.05710e+01	8.97080e-03
1.05906e+01	8.83132e-03
1.06101e+01	8.69242e-03
1.06297e+01	8.55454e-03
1.06492e+01	8.41765e-03
1.06688e+01	8.28173e-03
1.06884e+01	8.14678e-03
1.07079e+01	8.01278e-03
1.07275e+01	7.87974e-03
1.07470e+01	7.74765e-03
1.07666e+01	7.61651e-03
1.07862e+01	7.48631e-03
1.08057e+01	7.35706e-03
1.08253e+01	7.22873e-03
1.08448e+01	7.10134e-03
1.08644e+01	6.97487e-03
1.08839e+01	6.84932e-03
1.09035e+01	6.72469e-03
1.09231e+01	6.60097e-03
1.09426e+01	6.47816e-03
1.09622e+01	6.35625e-03
1.09817e+01	6.23525e-03
1.10013e+01	6.11513e-03
1.10208e+01	5.99592e-03
1.10404e+01	5.87758e-03
1.10600e+01	5.76013e-03
1.10795e+01	5.64356e-03
1.10991e+01	5.52786e-03
1.11186e+01	5.41303e-03
1.11382e+01	5.29907e-03
1.11578e+01	5.18597e-03
1.11773e+01	5.07373e-03
1.11969e+01	4.96233e-03
1.12164e+01	4.85179e-03
1.12360e+01	4.74209e-03
1.12555e+01	4.63323e-03
1.12751e+01	4.52521e-03
1.12947e+01	4.41802e-03
1.13142e+01	4.31166e-03
1.13338e+01	4.20612e-03
1.13533e+01	4.10140e-03
1.13729e+01	3.99749e-03
1.13924e+01	3.89439e-03
1.14120e+01	3.79210e-03
1.14316e+01	3.69061e-03
1.14511e+01	3.58992e-03
1.14707e+01	3.49002e-03
1.14902e+01	3.39090e-03
1.15098e+01	3.29255e-03
1.15294e+01	3.19497e-03
1.15489e+01	3.09810e-03
1.15685e+01	3.00184e-03
1.15880e+01	2.90650e-03
1.16076e+01	2.81228e-03
1.16271e+01	2.71931e-03
1.16467e+01	2.62779e-03
1.16663e+01	2.53853e-03
1.16858e+01	2.45194e-03
1.17054e+01	2.36776e-03
1.17249e+01	2.28570e-03
1.17445e+01	2.20544e-03
1.17640e+01	2.12691e-03
1.17836e+01	2.05026e-03
1.18032e+01	1.97554e-03
1.18227e+01	1.90258e-03
1.18423e+01	1.83124e-03
1.18618e+01	1.76318e-03
1.18814e+01	1.69825e-03
1.19009e+01	1.63558e-03
1.19205e+01	1.57483e-03
1.19401e+01	1.51588e-03
1.19596e+01	1.45862e-03
1.19792e+01	1.40300e-03
1.19987e+01	1.34896e-03
1.20183e+01	1.29647e-03
1.20379e+01	1.24550e-03
1.20574e+01	1.19601e-03
1.20770e+01	1.14798e-03
1.20965e+01	1.10137e-03
1.21161e+01	1.05616e-03
1.21356e+01	1.01231e-03
1.21552e+01	9.69819e-04
1.21748e+01	9.28662e-04
1.21943e+01	8.88816e-04
1.22139e+01	8.50253e-04
1.22334e+01	8.12965e-04
1.22530e+01	7.76942e-04
1.22725e+01	7.42175e-04
1.22921e+01	7.08649e-04
1.23117e+01	6.76351e-04
1.23312e+01	6.45257e-04
1.23508e+01	6.15336e-04
1.23703e+01	5.86557e-04
1.23899e+01	5.58893e-04
1.24095e+01	5.32309e-04
1.24290e+01	5.06783e-04
1.24486e+01	4.82291e-04
1.24681e+01	4.58809e-04
1.24877e+01	4.36312e-04
1.25072e+01	4.14777e-04
1.25268e+01	3.94176e-04
1.25464e+01	3.74487e-04
1.25659e+01	3.55674e-04
1.25855e+01	3.37731e-04
1.26050e+01	3.20633e-04
1.26246e+01	3.04351e-04
1.26441e+01	2.88855e-04
1.26637e+01	2.74113e-04
1.26833e+01	2.60096e-04
1.27028e+01	2.46777e-04
1.27224e+01	2.34126e-04
1.27419e+01	2.22113e-04
1.27615e+01	2.10707e-04
1.27811e+01	1.99881e-04
1.28006e+01	1.89608e-04
1.28202e+01	1.79865e-04
1.28397e+01	1.70621e-04
1.28593e+01	1.61850e-04
1.28788e+01	1.53514e-04
1.28984e+01	1.45575e-04
1.29180e+01	1.38011e-04
1.29375e+01	1.30837e-04
1.29571e+01	1.24019e-04
1.29766e+01	1.17502e-04
1.29962e+01	1.11272e-04
1.30157e+01	1.05301e-04
1.30353e+01	9.96566e-05
1.30549e+01	9.44301e-05
1.30744e+01	8.96227e-05
1.30940e+01	8.51219e-05
1.31135e+01	8.08738e-05
1.31331e+01	7.68303e-05
1.31527e+01	7.29546e-05
1.31722e+01	6.92541e-05
1.31918e+01	6.57399e-05
1.32113e+01	6.24263e-05
1.32309e+01	5.93042e-05
1.32504e+01	5.63368e-05
1.32700e+01	5.35103e-05
1.32896e+01	5.08159e-05
1.33091e+01	4.82416e-05
1.33287e+01	4.57791e-05
1.33482e+01	4.34215e-05
1.33678e+01	4.11631e-05
1.33873e+01	3.89998e-05
1.34069e+01	3.69294e-05
1.34265e+01	3.49491e-05
1.34460e+01	3.30571e-05
1.34656e+01	3.12524e-05
1.34851e+01	2.95365e-05
1.35047e+01	2.79045e-05
1.35243e+01	2.63506e-05
1.35438e+01	2.48718e-05
1.35634e+01	2.34652e-05
1.35829e+01	2.21283e-05
1.36025e+01	2.08581e-05
1.36220e+01	1.96520e-05
1.36416e+01	1.85072e-05
1.36612e+01	1.74211e-05
1.36807e+01	1.63911e-05
1.37003e+01	1.54147e-05
1.37198e+01	1.44894e-05
1.37394e+01	1.36130e-05
1.37589e+01	1.27832e-05
1.37785e+01	1.19978e-05
1.37981e+01	1.12547e-05
1.38176e+01	1.05518e-05
1.38372e+01	9.88735e-06
1.38567e+01	9.25939e-06
1.38763e+01	8.66613e-06
1.38958e+01	8.10599e-06
1.39154e+01	7.57746e-06
1.39350e+01	7.07911e-06
1.39545e+01	6.60957e-06
1.39741e+01	6.16751e-06
1.39936e+01	5.75152e-06
1.40132e+01	5.36039e-06
1.40328e+01	4.99294e-06
1.40523e+01	4.64792e-06
1.40719e+01	4.32420e-06
1.40914e+01	4.02066e-06
1.41110e+01	3.73624e-06
1.41305e+01	3.46992e-06
1.41501e+01	3.22072e-06
1.41697e+01	2.98768e-06
1.41892e+01	2.76990e-06
1.42088e+01	2.56649e-06
1.42283e+01	2.37663e-06
1.42479e+01	2.19952e-06
1.42674e+01	2.03442e-06
1.42870e+01	1.88062e-06
1.43066e+01	1.73746e-06
1.43261e+01	1.60430e-06
1.43457e+01	1.48051e-06
1.43652e+01	1.36551e-06
1.43848e+01	1.25875e-06
1.44044e+01	1.15971e-06
1.44239e+01	1.06788e-06
1.44435e+01	9.82796e-07
1.44630e+01	9.04011e-07
1.44826e+01	8.31105e-07
1.45021e+01	7.63678e-07
1.45217e+01	7.01359e-07
1.45413e+01	6.43795e-07
1.45608e+01	5.90655e-07
1.45804e+01	5.41628e-07
1.45999e+01	4.96423e-07
1.46195e+01	4.54764e-07
1.46390e+01	4.16397e-07
1.46586e+01	3.81081e-07
1.46782e+01	3.48592e-07
1.46977e+01	3.18720e-07
1.47173e+01	2.91270e-07
1.47368e+01	2.66060e-07
1.47564e+01	2.42919e-07
1.47760e+01	2.21688e-07
1.47955e+01	2.02222e-07
1.48151e+01	1.84382e-07
1.48346e+01	1.68042e-07
1.48542e+01	1.53083e-07
1.48737e+01	1.39397e-07
1.48933e+01	1.26882e-07
1.49129e+01	1.15443e-07
1.49324e+01	1.04994e-07
1.49520e+01	9.54545e-08
1.49715e+01	8.67503e-08
1.49911e+01	7.88129e-08
1.50106e+01	7.15786e-08
1.50302e+01	6.49884e-08
1.50498e+01	5.89868e-08
1.50693e+01	5.35231e-08
1.50889e+01	4.85506e-08
1.51084e+01	4.40267e-08
1.51280e+01	3.99121e-08
1.51476e+01	3.61710e-08
1.51671e+01	3.27707e-08
1.51867e+01	2.96811e-08
1.52062e+01	2.68747e-08
1.52258e+01	2.43264e-08
1.52453e+01	2.20131e-08
1.52649e+01	1.99139e-08
1.52845e+01	1.80096e-08
1.53040e+01	1.62826e-08
1.53236e+01	1.47169e-08
1.53431e+01	1.32978e-08
1.53627e+01	1.20121e-08
1.53822e+01	1.08475e-08
1.54018e+01	9.79295e-09
1.54214e+01	8.83838e-09
1.54409e+01	7.97454e-09
1.54605e+01	7.19305e-09
1.54800e+01	6.48625e-09
1.54996e+01	5.84720e-09
1.55192e+01	5.26956e-09
1.55387e+01	4.74759e-09
1.55583e+01	4.27605e-09
1.55778e+01	3.85018e-09
1.55974e+01	3.46566e-09
1.56169e+01	3.11857e-09
1.56365e+01	2.80534e-09
1.56561e+01	2.52273e-09
1.56756e+01	2.26782e-09
1.56952e+01	2.03793e-09
1.57147e+01	1.83064e-09
1.57343e+01	1.64377e-09
1.57538e+01	1.47530e-09
1.57734e+01	1.32341e-09
1.57930e+01	1.18653e-09
1.58125e+01	1.06326e-09
1.58321e+01	9.52321e-10
1.58516e+01	8.52543e-10
1.58712e+01	7.62852e-10
1.58907e+01	6.82273e-10
1.59103e+01	6.09924e-10
1.59299e+01	5.44998e-10
1.59494e+01	4.86767e-10
1.59690e+01	4.34572e-10
1.59885e+01	3.87814e-10
1.60081e+01	3.45951e-10
1.60277e+01	3.08490e-10
1.60472e+01	2.74981e-10
1.60668e+01	2.45021e-10
1.60863e+01	2.18244e-10
1.61059e+01	1.94320e-10
1.61254e+01	1.72954e-10
1.61450e+01	1.53881e-10
1.61646e+01	1.36860e-10
1.61841e+01	1.21678e-10
1.62037e+01	1.08140e-10
1.62232e+01	9.60741e-11
1.62428e+01	8.53232e-11
1.62623e+01	7.57482e-11
1.62819e+01	6.72237e-11
1.63015e+01	5.96373e-11
1.63210e+01	5.28881e-11
1.63406e+01	4.68862e-11
1.63601e+01	4.15508e-11
1.63797e+01	3.68096e-11
1.63993e+01	3.25980e-11
1.64188e+01	2.88582e-11
1.64384e+01	2.55385e-11
1.64579e+01	2.25929e-11
1.64775e+01	1.99800e-11
1.64970e+01	1.76631e-11
1.65166e+01	1.56093e-11
1.65362e+01	1.37895e-11
1.65557e+01	1.21775e-11
1.65753e+01	1.07502e-11
1.65948e+01	9.48692e-12
1.66144e+01	8.36921e-12
1.66339e+01	7.38064e-12
1.66535e+01	6.50661e-12
1.66731e+01	5.73415e-12
1.66926e+01	5.05170e-12
1.67122e+01	4.44899e-12
1.67317e+01	3.91688e-12
1.67513e+01	3.44726e-12
1.67709e+01	3.03296e-12
1.67904e+01	2.66757e-12
1.68100e+01	2.34544e-12
1.68295e+01	2.06154e-12
1.68491e+01	1.81143e-12
1.68686e+01	1.59116e-12
1.68882e+01	1.39723e-12
1.69078e+01	1.22656e-12
1.69273e+01	1.07639e-12
1.69469e+01	9.44327e-13
1.69664e+01	8.28215e-13
1.69860e+01	7.26165e-13
1.70055e+01	6.36505e-13
1.70251e+01	5.57756e-13
1.70447e+01	4.88613e-13
1.70642e+01	4.27922e-13
1.70838e+01	3.74666e-13
1.71033e+01	3.27948e-13
1.71229e+01	2.86976e-13
1.71425e+01	2.51054e-13
1.71620e+01	2.19568e-13
1.71816e+01	1.91979e-13
1.72011e+01	1.67811e-13
1.72207e+01	1.46646e-13
1.72402e+01	1.28116e-13
1.72598e+01	1.11898e-13
1.72794e+01	9.77078e-14
1.72989e+01	8.52944e-14
1.73185e+01	7.44384e-14
1.73380e+01	6.49471e-14
1.73576e+01	5.66513e-14
1.73771e+01	4.94023e-14
1.73967e+01	4.30698e-14
1.74163e+01	3.75393e-14
1.74358e+01	3.27106e-14
1.74554e+01	2.84957e-14
1.74749e+01	2.48176e-14
1.74945e+01	2.16087e-14
1.75141e+01	1.88099e-14
1.75336e+01	1.63694e-14
1.75532e+01	1.42420e-14
1.75727e+01	1.23879e-14
1.75923e+01	1.07724e-14
1.76118e+01	9.36530e-15
1.76314e+01	8.13996e-15
1.76510e+01	7.07319e-15
1.76705e+01	6.14472e-15
1.76901e+01	5.33683e-15
1.77096e+01	4.63404e-15
1.77292e+01	4.02283e-15
1.77487e+01	3.49140e-15
1.77683e+01	3.02946e-15
1.77879e+01	2.62803e-15
1.78074e+01	2.27925e-15
1.78270e+01	1.97632e-15
1.78465e+01	1.71327e-15
1.78661e+01	1.48488e-15
1.78857e+01	1.28664e-15
1.79052e+01	1.11460e-15
1.79248e+01	9.65344e-16
1.79443e+01	8.35889e-16
1.79639e+01	7.23639e-16
1.79834e+01	6.26333e-16
1.80030e+01	5.42002e-16
1.80226e+01	4.68934e-16
1.80421e+01	4.05638e-16
1.80617e+01	3.50819e-16
1.80812e+01	3.03352e-16
1.81008e+01	2.62259e-16
1.81203e+01	2.26690e-16
1.81399e+01	1.95910e-16
1.81595e+01	1.69280e-16
1.81790e+01	1.46242e-16
1.81986e+01	1.26316e-16
1.82181e+01	1.09083e-16
1.82377e+01	9.41839e-17
1.82572e+01	8.13039e-17
1.82768e+01	7.01721e-17
1.82964e+01	6.05530e-17
1.83159e+01	5.22427e-17
1.83355e+01	4.50644e-17
1.83550e+01	3.88653e-17
1.83746e+01	3.35126e-17
1.83942e+01	2.88917e-17
1.84137e+01	2.49033e-17
1.84333e+01	2.14617e-17
1.84528e+01	1.84922e-17
1.84724e+01	1.59307e-17
1.84919e+01	1.37215e-17
1.85115e+01	1.18164e-17
1.85311e+01	1.01740e-17
1.85506e+01	8.75821e-18
1.85702e+01	7.53805e-18
1.85897e+01	6.48668e-18
1.86093e+01	5.58093e-18
1.86288e+01	4.80077e-18
1.86484e+01	4.12892e-18
1.86680e+01	3.55046e-18
1.86875e+01	3.05248e-18
1.87071e+01	2.62388e-18
1.87266e+01	2.25506e-18
1.87462e+01	1.93774e-18
1.87658e+01	1.66478e-18
1.87853e+01	1.43001e-18
1.88049e+01	1.22814e-18
1.88244e+01	1.05459e-18
1.88440e+01	9.05408e-19
1.88635e+01	7.77197e-19
1.88831e+01	6.67028e-19
1.89027e+01	5.72379e-19
1.89222e+01	4.91079e-19
1.89418e+01	4.21258e-19
1.89613e+01	3.61307e-19
1.89809e+01	3.09839e-19
1.90004e+01	2.65661e-19
1.90200e+01	2.27748e-19
1.90396e+01	1.95215e-19
1.90591e+01	1.67303e-19
1.90787e+01	1.43358e-19
1.90982e+01	1.22818e-19
1.91178e+01	1.05201e-19
1.91374e+01	9.00906e-20
1.91569e+01	7.71319e-20
1.91765e+01	6.60182e-20
1.91960e+01	5.64866e-20
1.92156e+01	4.83111e-20
1.92351e+01	4.12975e-20
1.92547e+01	3.52788e-20
1.92743e+01	3.01117e-20
1.92938e+01	2.56729e-20
1.93134e+01	2.18562e-20
1.93329e+01	1.85704e-20
1.93525e+01	1.57367e-20
1.93720e+01	1.32871e-20
1.93916e+01	1.11629e-20
1.94112e+01	9.31307e-21
1.94307e+01	7.69328e-21
1.94503e+01	6.26488e-21
1.94698e+01	4.99409e-21
1.94894e+01	3.85154e-21
1.95090e+01	2.81258e-21
1.95285e+01	1.85986e-21
1.95481e+01	9.90207e-22
