# The average (mean) electron energy.
# col_1: E_N [Td], col_2: avg_en [eV]
E_N	avg_en
1.50000e+00	9.89329e-01
2.00000e+00	1.01438e+00
2.50000e+00	1.03429e+00
3.00000e+00	1.05407e+00
4.00000e+00	1.09193e+00
5.00000e+00	1.14745e+00
6.00000e+00	1.23833e+00
7.00000e+00	1.38835e+00
8.00000e+00	1.59827e+00
9.00000e+00	1.83794e+00
1.00000e+01	2.11354e+00
1.20000e+01	2.62386e+00
1.50000e+01	3.26780e+00
2.00000e+01	3.98891e+00
3.00000e+01	4.75915e+00
5.00000e+01	5.52060e+00
7.50000e+01	6.05616e+00
1.00000e+02	6.43258e+00
1.50000e+02	7.00475e+00
2.00000e+02	7.48296e+00
