# The energy mobility density-product.
# col_1: E_N [Td], col_2: energy_muN [m^-1 s^-1 V^-1]
E_N	energy_muN
1.50000e+00	1.34704e+25
2.00000e+00	1.28692e+25
2.50000e+00	1.24187e+25
3.00000e+00	1.20004e+25
4.00000e+00	1.13062e+25
5.00000e+00	1.04998e+25
6.00000e+00	9.49113e+24
7.00000e+00	8.21578e+24
8.00000e+00	6.89221e+24
9.00000e+00	5.77662e+24
1.00000e+01	4.82588e+24
1.20000e+01	3.61418e+24
1.50000e+01	2.65569e+24
2.00000e+01	1.98308e+24
3.00000e+01	1.53659e+24
5.00000e+01	1.27517e+24
7.50000e+01	1.16496e+24
1.00000e+02	1.11310e+24
1.50000e+02	1.06169e+24
2.00000e+02	1.03445e+24
