# The real time spent on calculation.
# col_1: E_N [Td], col_2: time [s]
E_N	time
1.50000e+00	8.91272e-01
2.00000e+00	9.57178e-01
2.50000e+00	9.80600e-01
3.00000e+00	9.50212e-01
4.00000e+00	9.42094e-01
5.00000e+00	1.13729e+00
6.00000e+00	3.05863e+00
7.00000e+00	3.53355e+00
8.00000e+00	3.92435e+00
9.00000e+00	4.46085e+00
1.00000e+01	4.78128e+00
1.20000e+01	5.29494e+00
1.50000e+01	5.14048e+00
2.00000e+01	4.86646e+00
3.00000e+01	6.12035e+00
5.00000e+01	6.22571e+00
7.50000e+01	7.18459e+00
1.00000e+02	8.65317e+00
1.50000e+02	1.08045e+01
2.00000e+02	9.17377e+00
