# (HD+GE only) The flux drift velocity.
# col_1: E_N [Td], col_2: W_FLUX [m s^-1]
E_N	W_FLUX
1.50000e+00	1.26322e+04
2.00000e+00	1.61056e+04
2.50000e+00	1.94810e+04
3.00000e+00	2.26771e+04
4.00000e+00	2.87861e+04
5.00000e+00	3.41210e+04
6.00000e+00	3.86355e+04
7.00000e+00	4.18962e+04
8.00000e+00	4.38854e+04
9.00000e+00	4.48946e+04
1.00000e+01	4.48970e+04
1.20000e+01	4.39102e+04
1.50000e+01	4.16837e+04
2.00000e+01	3.96939e+04
3.00000e+01	4.13950e+04
5.00000e+01	5.13741e+04
7.50000e+01	6.65951e+04
1.00000e+02	8.24095e+04
1.50000e+02	1.13999e+05
2.00000e+02	1.44686e+05
