# The ell = 0 distribution, the isotropy.
# E_N [Td]	7.50000e+01
# col_1: Electron Energy [eV], col_2: f0 [eV^(-3/2)]
eV	f0
1.74599e-02	5.99661e-02
5.23797e-02	5.98788e-02
8.72995e-02	5.98005e-02
1.22219e-01	5.97296e-02
1.57139e-01	5.96639e-02
1.92059e-01	5.96015e-02
2.26979e-01	5.95414e-02
2.61899e-01	5.94828e-02
2.96818e-01	5.94251e-02
3.31738e-01	5.93681e-02
3.66658e-01	5.93115e-02
4.01578e-01	5.92552e-02
4.36498e-01	5.91990e-02
4.71417e-01	5.91428e-02
5.06337e-01	5.90864e-02
5.41257e-01	5.90296e-02
5.76177e-01	5.89723e-02
6.11097e-01	5.89144e-02
6.46016e-01	5.88556e-02
6.80936e-01	5.87960e-02
7.15856e-01	5.87352e-02
7.50776e-01	5.86732e-02
7.85696e-01	5.86100e-02
8.20615e-01	5.85453e-02
8.55535e-01	5.84792e-02
8.90455e-01	5.84114e-02
9.25375e-01	5.83419e-02
9.60295e-01	5.82706e-02
9.95214e-01	5.81975e-02
1.03013e+00	5.81226e-02
1.06505e+00	5.80462e-02
1.09997e+00	5.79683e-02
1.13489e+00	5.78891e-02
1.16981e+00	5.78084e-02
1.20473e+00	5.77264e-02
1.23965e+00	5.76430e-02
1.27457e+00	5.75584e-02
1.30949e+00	5.74726e-02
1.34441e+00	5.73860e-02
1.37933e+00	5.72985e-02
1.41425e+00	5.72101e-02
1.44917e+00	5.71210e-02
1.48409e+00	5.70311e-02
1.51901e+00	5.69402e-02
1.55393e+00	5.68484e-02
1.58885e+00	5.67562e-02
1.62377e+00	5.66637e-02
1.65869e+00	5.65709e-02
1.69361e+00	5.64779e-02
1.72853e+00	5.63849e-02
1.76345e+00	5.62919e-02
1.79837e+00	5.61988e-02
1.83329e+00	5.61057e-02
1.86821e+00	5.60125e-02
1.90313e+00	5.59191e-02
1.93805e+00	5.58255e-02
1.97297e+00	5.57318e-02
2.00789e+00	5.56378e-02
2.04281e+00	5.55434e-02
2.07773e+00	5.54486e-02
2.11265e+00	5.53533e-02
2.14757e+00	5.52575e-02
2.18249e+00	5.51612e-02
2.21741e+00	5.50643e-02
2.25233e+00	5.49668e-02
2.28725e+00	5.48688e-02
2.32217e+00	5.47701e-02
2.35709e+00	5.46708e-02
2.39201e+00	5.45708e-02
2.42693e+00	5.44701e-02
2.46185e+00	5.43687e-02
2.49677e+00	5.42665e-02
2.53169e+00	5.41636e-02
2.56661e+00	5.40599e-02
2.60153e+00	5.39554e-02
2.63645e+00	5.38500e-02
2.67137e+00	5.37438e-02
2.70628e+00	5.36368e-02
2.74120e+00	5.35290e-02
2.77612e+00	5.34203e-02
2.81104e+00	5.33108e-02
2.84596e+00	5.32004e-02
2.88088e+00	5.30892e-02
2.91580e+00	5.29772e-02
2.95072e+00	5.28643e-02
2.98564e+00	5.27506e-02
3.02056e+00	5.26360e-02
3.05548e+00	5.25207e-02
3.09040e+00	5.24045e-02
3.12532e+00	5.22876e-02
3.16024e+00	5.21698e-02
3.19516e+00	5.20513e-02
3.23008e+00	5.19320e-02
3.26500e+00	5.18119e-02
3.29992e+00	5.16911e-02
3.33484e+00	5.15695e-02
3.36976e+00	5.14472e-02
3.40468e+00	5.13241e-02
3.43960e+00	5.12003e-02
3.47452e+00	5.10758e-02
3.50944e+00	5.09505e-02
3.54436e+00	5.08246e-02
3.57928e+00	5.06979e-02
3.61420e+00	5.05706e-02
3.64912e+00	5.04426e-02
3.68404e+00	5.03140e-02
3.71896e+00	5.01847e-02
3.75388e+00	5.00548e-02
3.78880e+00	4.99243e-02
3.82372e+00	4.97931e-02
3.85864e+00	4.96614e-02
3.89356e+00	4.95291e-02
3.92848e+00	4.93962e-02
3.96340e+00	4.92627e-02
3.99832e+00	4.91286e-02
4.03324e+00	4.89938e-02
4.06816e+00	4.88582e-02
4.10308e+00	4.87218e-02
4.13800e+00	4.85845e-02
4.17292e+00	4.84465e-02
4.20784e+00	4.83076e-02
4.24276e+00	4.81679e-02
4.27768e+00	4.80274e-02
4.31260e+00	4.78861e-02
4.34752e+00	4.77440e-02
4.38244e+00	4.76012e-02
4.41736e+00	4.74576e-02
4.45228e+00	4.73132e-02
4.48719e+00	4.71681e-02
4.52211e+00	4.70223e-02
4.55703e+00	4.68757e-02
4.59195e+00	4.67285e-02
4.62687e+00	4.65805e-02
4.66179e+00	4.64319e-02
4.69671e+00	4.62826e-02
4.73163e+00	4.61326e-02
4.76655e+00	4.59820e-02
4.80147e+00	4.58307e-02
4.83639e+00	4.56788e-02
4.87131e+00	4.55262e-02
4.90623e+00	4.53731e-02
4.94115e+00	4.52193e-02
4.97607e+00	4.50649e-02
5.01099e+00	4.49099e-02
5.04591e+00	4.47543e-02
5.08083e+00	4.45981e-02
5.11575e+00	4.44412e-02
5.15067e+00	4.42838e-02
5.18559e+00	4.41257e-02
5.22051e+00	4.39670e-02
5.25543e+00	4.38077e-02
5.29035e+00	4.36478e-02
5.32527e+00	4.34874e-02
5.36019e+00	4.33263e-02
5.39511e+00	4.31648e-02
5.43003e+00	4.30027e-02
5.46495e+00	4.28400e-02
5.49987e+00	4.26768e-02
5.53479e+00	4.25131e-02
5.56971e+00	4.23489e-02
5.60463e+00	4.21841e-02
5.63955e+00	4.20189e-02
5.67447e+00	4.18531e-02
5.70939e+00	4.16869e-02
5.74431e+00	4.15202e-02
5.77923e+00	4.13531e-02
5.81415e+00	4.11855e-02
5.84907e+00	4.10174e-02
5.88399e+00	4.08489e-02
5.91891e+00	4.06800e-02
5.95383e+00	4.05106e-02
5.98875e+00	4.03408e-02
6.02367e+00	4.01706e-02
6.05859e+00	4.00001e-02
6.09351e+00	3.98292e-02
6.12843e+00	3.96579e-02
6.16335e+00	3.94864e-02
6.19827e+00	3.93145e-02
6.23319e+00	3.91423e-02
6.26810e+00	3.89697e-02
6.30302e+00	3.87969e-02
6.33794e+00	3.86238e-02
6.37286e+00	3.84503e-02
6.40778e+00	3.82766e-02
6.44270e+00	3.81026e-02
6.47762e+00	3.79284e-02
6.51254e+00	3.77538e-02
6.54746e+00	3.75790e-02
6.58238e+00	3.74039e-02
6.61730e+00	3.72286e-02
6.65222e+00	3.70530e-02
6.68714e+00	3.68771e-02
6.72206e+00	3.67010e-02
6.75698e+00	3.65247e-02
6.79190e+00	3.63481e-02
6.82682e+00	3.61713e-02
6.86174e+00	3.59943e-02
6.89666e+00	3.58170e-02
6.93158e+00	3.56396e-02
6.96650e+00	3.54619e-02
7.00142e+00	3.52841e-02
7.03634e+00	3.51062e-02
7.07126e+00	3.49281e-02
7.10618e+00	3.47500e-02
7.14110e+00	3.45718e-02
7.17602e+00	3.43936e-02
7.21094e+00	3.42154e-02
7.24586e+00	3.40371e-02
7.28078e+00	3.38588e-02
7.31570e+00	3.36805e-02
7.35062e+00	3.35021e-02
7.38554e+00	3.33237e-02
7.42046e+00	3.31453e-02
7.45538e+00	3.29669e-02
7.49030e+00	3.27885e-02
7.52522e+00	3.26100e-02
7.56014e+00	3.24316e-02
7.59506e+00	3.22531e-02
7.62998e+00	3.20746e-02
7.66490e+00	3.18961e-02
7.69982e+00	3.17176e-02
7.73474e+00	3.15391e-02
7.76966e+00	3.13606e-02
7.80458e+00	3.11820e-02
7.83950e+00	3.10035e-02
7.87442e+00	3.08250e-02
7.90934e+00	3.06464e-02
7.94426e+00	3.04679e-02
7.97918e+00	3.02894e-02
8.01410e+00	3.01109e-02
8.04901e+00	2.99323e-02
8.08393e+00	2.97538e-02
8.11885e+00	2.95753e-02
8.15377e+00	2.93968e-02
8.18869e+00	2.92183e-02
8.22361e+00	2.90398e-02
8.25853e+00	2.88613e-02
8.29345e+00	2.86828e-02
8.32837e+00	2.85043e-02
8.36329e+00	2.83258e-02
8.39821e+00	2.81474e-02
8.43313e+00	2.79689e-02
8.46805e+00	2.77905e-02
8.50297e+00	2.76121e-02
8.53789e+00	2.74337e-02
8.57281e+00	2.72553e-02
8.60773e+00	2.70769e-02
8.64265e+00	2.68985e-02
8.67757e+00	2.67202e-02
8.71249e+00	2.65418e-02
8.74741e+00	2.63635e-02
8.78233e+00	2.61852e-02
8.81725e+00	2.60069e-02
8.85217e+00	2.58287e-02
8.88709e+00	2.56504e-02
8.92201e+00	2.54722e-02
8.95693e+00	2.52940e-02
8.99185e+00	2.51158e-02
9.02677e+00	2.49377e-02
9.06169e+00	2.47596e-02
9.09661e+00	2.45816e-02
9.13153e+00	2.44037e-02
9.16645e+00	2.42258e-02
9.20137e+00	2.40480e-02
9.23629e+00	2.38702e-02
9.27121e+00	2.36925e-02
9.30613e+00	2.35148e-02
9.34105e+00	2.33372e-02
9.37597e+00	2.31597e-02
9.41089e+00	2.29822e-02
9.44581e+00	2.28048e-02
9.48073e+00	2.26274e-02
9.51565e+00	2.24502e-02
9.55057e+00	2.22729e-02
9.58549e+00	2.20958e-02
9.62041e+00	2.19187e-02
9.65533e+00	2.17416e-02
9.69025e+00	2.15646e-02
9.72517e+00	2.13878e-02
9.76009e+00	2.12110e-02
9.79501e+00	2.10343e-02
9.82993e+00	2.08577e-02
9.86484e+00	2.06811e-02
9.89976e+00	2.05047e-02
9.93468e+00	2.03283e-02
9.96960e+00	2.01521e-02
1.00045e+01	1.99759e-02
1.00394e+01	1.97997e-02
1.00744e+01	1.96240e-02
1.01093e+01	1.94486e-02
1.01442e+01	1.92736e-02
1.01791e+01	1.90991e-02
1.02140e+01	1.89249e-02
1.02490e+01	1.87511e-02
1.02839e+01	1.85777e-02
1.03188e+01	1.84048e-02
1.03537e+01	1.82321e-02
1.03886e+01	1.80599e-02
1.04236e+01	1.78881e-02
1.04585e+01	1.77166e-02
1.04934e+01	1.75455e-02
1.05283e+01	1.73748e-02
1.05632e+01	1.72044e-02
1.05982e+01	1.70344e-02
1.06331e+01	1.68648e-02
1.06680e+01	1.66958e-02
1.07029e+01	1.65275e-02
1.07378e+01	1.63598e-02
1.07728e+01	1.61928e-02
1.08077e+01	1.60264e-02
1.08426e+01	1.58606e-02
1.08775e+01	1.56954e-02
1.09124e+01	1.55309e-02
1.09474e+01	1.53669e-02
1.09823e+01	1.52036e-02
1.10172e+01	1.50409e-02
1.10521e+01	1.48788e-02
1.10870e+01	1.47173e-02
1.11220e+01	1.45563e-02
1.11569e+01	1.43960e-02
1.11918e+01	1.42362e-02
1.12267e+01	1.40770e-02
1.12616e+01	1.39183e-02
1.12966e+01	1.37602e-02
1.13315e+01	1.36026e-02
1.13664e+01	1.34455e-02
1.14013e+01	1.32890e-02
1.14362e+01	1.31329e-02
1.14712e+01	1.29772e-02
1.15061e+01	1.28220e-02
1.15410e+01	1.26672e-02
1.15759e+01	1.25127e-02
1.16108e+01	1.23586e-02
1.16458e+01	1.22050e-02
1.16807e+01	1.20522e-02
1.17156e+01	1.19005e-02
1.17505e+01	1.17496e-02
1.17854e+01	1.15995e-02
1.18204e+01	1.14502e-02
1.18553e+01	1.13017e-02
1.18902e+01	1.11547e-02
1.19251e+01	1.10090e-02
1.19600e+01	1.08641e-02
1.19950e+01	1.07201e-02
1.20299e+01	1.05769e-02
1.20648e+01	1.04345e-02
1.20997e+01	1.02930e-02
1.21346e+01	1.01522e-02
1.21696e+01	1.00123e-02
1.22045e+01	9.87316e-03
1.22394e+01	9.73492e-03
1.22743e+01	9.59758e-03
1.23092e+01	9.46119e-03
1.23442e+01	9.32580e-03
1.23791e+01	9.19141e-03
1.24140e+01	9.05804e-03
1.24489e+01	8.92571e-03
1.24838e+01	8.79444e-03
1.25187e+01	8.66427e-03
1.25537e+01	8.53522e-03
1.25886e+01	8.40734e-03
1.26235e+01	8.28080e-03
1.26584e+01	8.15561e-03
1.26933e+01	8.03178e-03
1.27283e+01	7.90931e-03
1.27632e+01	7.78821e-03
1.27981e+01	7.66844e-03
1.28330e+01	7.55001e-03
1.28679e+01	7.43288e-03
1.29029e+01	7.31695e-03
1.29378e+01	7.20211e-03
1.29727e+01	7.08844e-03
1.30076e+01	6.97574e-03
1.30425e+01	6.86403e-03
1.30775e+01	6.75432e-03
1.31124e+01	6.64636e-03
1.31473e+01	6.53960e-03
1.31822e+01	6.43371e-03
1.32171e+01	6.32888e-03
1.32521e+01	6.22526e-03
1.32870e+01	6.12261e-03
1.33219e+01	6.02082e-03
1.33568e+01	5.91979e-03
1.33917e+01	5.81950e-03
1.34267e+01	5.71996e-03
1.34616e+01	5.62122e-03
1.34965e+01	5.52336e-03
1.35314e+01	5.42644e-03
1.35663e+01	5.33041e-03
1.36013e+01	5.23532e-03
1.36362e+01	5.14116e-03
1.36711e+01	5.04795e-03
1.37060e+01	4.95568e-03
1.37409e+01	4.86437e-03
1.37759e+01	4.77400e-03
1.38108e+01	4.68459e-03
1.38457e+01	4.59612e-03
1.38806e+01	4.50860e-03
1.39155e+01	4.42203e-03
1.39505e+01	4.33641e-03
1.39854e+01	4.25178e-03
1.40203e+01	4.16813e-03
1.40552e+01	4.08548e-03
1.40901e+01	4.00386e-03
1.41251e+01	3.92327e-03
1.41600e+01	3.84372e-03
1.41949e+01	3.76523e-03
1.42298e+01	3.68780e-03
1.42647e+01	3.61142e-03
1.42997e+01	3.53612e-03
1.43346e+01	3.46188e-03
1.43695e+01	3.38873e-03
1.44044e+01	3.31666e-03
1.44393e+01	3.24568e-03
1.44743e+01	3.17579e-03
1.45092e+01	3.10699e-03
1.45441e+01	3.03927e-03
1.45790e+01	2.97265e-03
1.46139e+01	2.90712e-03
1.46489e+01	2.84267e-03
1.46838e+01	2.77930e-03
1.47187e+01	2.71701e-03
1.47536e+01	2.65579e-03
1.47885e+01	2.59565e-03
1.48235e+01	2.53657e-03
1.48584e+01	2.47854e-03
1.48933e+01	2.42157e-03
1.49282e+01	2.36564e-03
1.49631e+01	2.31076e-03
1.49981e+01	2.25691e-03
1.50330e+01	2.20409e-03
1.50679e+01	2.15229e-03
1.51028e+01	2.10150e-03
1.51377e+01	2.05168e-03
1.51727e+01	2.00284e-03
1.52076e+01	1.95496e-03
1.52425e+01	1.90802e-03
1.52774e+01	1.86200e-03
1.53123e+01	1.81689e-03
1.53473e+01	1.77268e-03
1.53822e+01	1.72936e-03
1.54171e+01	1.68690e-03
1.54520e+01	1.64530e-03
1.54869e+01	1.60454e-03
1.55219e+01	1.56461e-03
1.55568e+01	1.52549e-03
1.55917e+01	1.48716e-03
1.56266e+01	1.44962e-03
1.56615e+01	1.41285e-03
1.56965e+01	1.37683e-03
1.57314e+01	1.34155e-03
1.57663e+01	1.30700e-03
1.58012e+01	1.27314e-03
1.58361e+01	1.23998e-03
1.58711e+01	1.20752e-03
1.59060e+01	1.17575e-03
1.59409e+01	1.14467e-03
1.59758e+01	1.11426e-03
1.60107e+01	1.08454e-03
1.60457e+01	1.05548e-03
1.60806e+01	1.02709e-03
1.61155e+01	9.99344e-04
1.61504e+01	9.72241e-04
1.61853e+01	9.45767e-04
1.62202e+01	9.19913e-04
1.62552e+01	8.94666e-04
1.62901e+01	8.70016e-04
1.63250e+01	8.45953e-04
1.63599e+01	8.22467e-04
1.63948e+01	7.99546e-04
1.64298e+01	7.77180e-04
1.64647e+01	7.55360e-04
1.64996e+01	7.34074e-04
1.65345e+01	7.13312e-04
1.65694e+01	6.93064e-04
1.66044e+01	6.73320e-04
1.66393e+01	6.54072e-04
1.66742e+01	6.35310e-04
1.67091e+01	6.17024e-04
1.67440e+01	5.99205e-04
1.67790e+01	5.81844e-04
1.68139e+01	5.64932e-04
1.68488e+01	5.48459e-04
1.68837e+01	5.32417e-04
1.69186e+01	5.16797e-04
1.69536e+01	5.01590e-04
1.69885e+01	4.86786e-04
1.70234e+01	4.72379e-04
1.70583e+01	4.58359e-04
1.70932e+01	4.44717e-04
1.71282e+01	4.31445e-04
1.71631e+01	4.18535e-04
1.71980e+01	4.05977e-04
1.72329e+01	3.93764e-04
1.72678e+01	3.81888e-04
1.73028e+01	3.70340e-04
1.73377e+01	3.59113e-04
1.73726e+01	3.48198e-04
1.74075e+01	3.37590e-04
1.74424e+01	3.27279e-04
1.74774e+01	3.17259e-04
1.75123e+01	3.07523e-04
1.75472e+01	2.98063e-04
1.75821e+01	2.88873e-04
1.76170e+01	2.79947e-04
1.76520e+01	2.71277e-04
1.76869e+01	2.62857e-04
1.77218e+01	2.54682e-04
1.77567e+01	2.46745e-04
1.77916e+01	2.39039e-04
1.78266e+01	2.31560e-04
1.78615e+01	2.24301e-04
1.78964e+01	2.17256e-04
1.79313e+01	2.10418e-04
1.79662e+01	2.03784e-04
1.80012e+01	1.97346e-04
1.80361e+01	1.91101e-04
1.80710e+01	1.85044e-04
1.81059e+01	1.79169e-04
1.81408e+01	1.73471e-04
1.81758e+01	1.67945e-04
1.82107e+01	1.62586e-04
1.82456e+01	1.57389e-04
1.82805e+01	1.52348e-04
1.83154e+01	1.47461e-04
1.83504e+01	1.42722e-04
1.83853e+01	1.38127e-04
1.84202e+01	1.33673e-04
1.84551e+01	1.29354e-04
1.84900e+01	1.25169e-04
1.85250e+01	1.21111e-04
1.85599e+01	1.17179e-04
1.85948e+01	1.13368e-04
1.86297e+01	1.09675e-04
1.86646e+01	1.06096e-04
1.86996e+01	1.02629e-04
1.87345e+01	9.92692e-05
1.87694e+01	9.60150e-05
1.88043e+01	9.28627e-05
1.88392e+01	8.98095e-05
1.88742e+01	8.68525e-05
1.89091e+01	8.39890e-05
1.89440e+01	8.12161e-05
1.89789e+01	7.85314e-05
1.90138e+01	7.59323e-05
1.90488e+01	7.34163e-05
1.90837e+01	7.09808e-05
1.91186e+01	6.86236e-05
1.91535e+01	6.63421e-05
1.91884e+01	6.41340e-05
1.92234e+01	6.19971e-05
1.92583e+01	5.99293e-05
1.92932e+01	5.79283e-05
1.93281e+01	5.59922e-05
1.93630e+01	5.41189e-05
1.93980e+01	5.23065e-05
1.94329e+01	5.05531e-05
1.94678e+01	4.88569e-05
1.95027e+01	4.72161e-05
1.95376e+01	4.56291e-05
1.95726e+01	4.40941e-05
1.96075e+01	4.26095e-05
1.96424e+01	4.11738e-05
1.96773e+01	3.97854e-05
1.97122e+01	3.84430e-05
1.97471e+01	3.71450e-05
1.97821e+01	3.58901e-05
1.98170e+01	3.46769e-05
1.98519e+01	3.35042e-05
1.98868e+01	3.23708e-05
1.99217e+01	3.12750e-05
1.99567e+01	3.02152e-05
1.99916e+01	2.91902e-05
2.00265e+01	2.81990e-05
2.00614e+01	2.72405e-05
2.00963e+01	2.63136e-05
2.01313e+01	2.54174e-05
2.01662e+01	2.45508e-05
2.02011e+01	2.37129e-05
2.02360e+01	2.29028e-05
2.02709e+01	2.21197e-05
2.03059e+01	2.13626e-05
2.03408e+01	2.06308e-05
2.03757e+01	1.99234e-05
2.04106e+01	1.92396e-05
2.04455e+01	1.85788e-05
2.04805e+01	1.79401e-05
2.05154e+01	1.73230e-05
2.05503e+01	1.67266e-05
2.05852e+01	1.61504e-05
2.06201e+01	1.55936e-05
2.06551e+01	1.50557e-05
2.06900e+01	1.45358e-05
2.07249e+01	1.40336e-05
2.07598e+01	1.35483e-05
2.07947e+01	1.30794e-05
2.08297e+01	1.26264e-05
2.08646e+01	1.21887e-05
2.08995e+01	1.17659e-05
2.09344e+01	1.13574e-05
2.09693e+01	1.09628e-05
2.10043e+01	1.05817e-05
2.10392e+01	1.02135e-05
2.10741e+01	9.85788e-06
2.11090e+01	9.51440e-06
2.11439e+01	9.18265e-06
2.11789e+01	8.86224e-06
2.12138e+01	8.55280e-06
2.12487e+01	8.25394e-06
2.12836e+01	7.96533e-06
2.13185e+01	7.68661e-06
2.13535e+01	7.41746e-06
2.13884e+01	7.15755e-06
2.14233e+01	6.90657e-06
2.14582e+01	6.66422e-06
2.14931e+01	6.43022e-06
2.15281e+01	6.20427e-06
2.15630e+01	5.98611e-06
2.15979e+01	5.77549e-06
2.16328e+01	5.57214e-06
2.16677e+01	5.37582e-06
2.17027e+01	5.18629e-06
2.17376e+01	5.00334e-06
2.17725e+01	4.82674e-06
2.18074e+01	4.65627e-06
2.18423e+01	4.49174e-06
2.18773e+01	4.33293e-06
2.19122e+01	4.17967e-06
2.19471e+01	4.03177e-06
2.19820e+01	3.88904e-06
2.20169e+01	3.75131e-06
2.20519e+01	3.61842e-06
2.20868e+01	3.49019e-06
2.21217e+01	3.36648e-06
2.21566e+01	3.24712e-06
2.21915e+01	3.13196e-06
2.22265e+01	3.02085e-06
2.22614e+01	2.91365e-06
2.22963e+01	2.81022e-06
2.23312e+01	2.71043e-06
2.23661e+01	2.61415e-06
2.24011e+01	2.52126e-06
2.24360e+01	2.43164e-06
2.24709e+01	2.34517e-06
2.25058e+01	2.26175e-06
2.25407e+01	2.18127e-06
2.25757e+01	2.10362e-06
2.26106e+01	2.02871e-06
2.26455e+01	1.95644e-06
2.26804e+01	1.88672e-06
2.27153e+01	1.81946e-06
2.27503e+01	1.75458e-06
2.27852e+01	1.69199e-06
2.28201e+01	1.63161e-06
2.28550e+01	1.57337e-06
2.28899e+01	1.51719e-06
2.29249e+01	1.46301e-06
2.29598e+01	1.41074e-06
2.29947e+01	1.36033e-06
2.30296e+01	1.31171e-06
2.30645e+01	1.26481e-06
2.30995e+01	1.21959e-06
2.31344e+01	1.17597e-06
2.31693e+01	1.13390e-06
2.32042e+01	1.09333e-06
2.32391e+01	1.05421e-06
2.32740e+01	1.01647e-06
2.33090e+01	9.80082e-07
2.33439e+01	9.44987e-07
2.33788e+01	9.11143e-07
2.34137e+01	8.78504e-07
2.34486e+01	8.47028e-07
2.34836e+01	8.16675e-07
2.35185e+01	7.87404e-07
2.35534e+01	7.59177e-07
2.35883e+01	7.31957e-07
2.36232e+01	7.05709e-07
2.36582e+01	6.80398e-07
2.36931e+01	6.55990e-07
2.37280e+01	6.32454e-07
2.37629e+01	6.09759e-07
2.37978e+01	5.87875e-07
2.38328e+01	5.66773e-07
2.38677e+01	5.46425e-07
2.39026e+01	5.26805e-07
2.39375e+01	5.07887e-07
2.39724e+01	4.89645e-07
2.40074e+01	4.72056e-07
2.40423e+01	4.55097e-07
2.40772e+01	4.38745e-07
2.41121e+01	4.22978e-07
2.41470e+01	4.07777e-07
2.41820e+01	3.93119e-07
2.42169e+01	3.78988e-07
2.42518e+01	3.65363e-07
2.42867e+01	3.52227e-07
2.43216e+01	3.39562e-07
2.43566e+01	3.27352e-07
2.43915e+01	3.15581e-07
2.44264e+01	3.04232e-07
2.44613e+01	2.93292e-07
2.44962e+01	2.82745e-07
2.45312e+01	2.72577e-07
2.45661e+01	2.62775e-07
2.46010e+01	2.53327e-07
2.46359e+01	2.44218e-07
2.46708e+01	2.35438e-07
2.47058e+01	2.26975e-07
2.47407e+01	2.18817e-07
2.47756e+01	2.10951e-07
2.48105e+01	2.03369e-07
2.48454e+01	1.96059e-07
2.48804e+01	1.89012e-07
2.49153e+01	1.82220e-07
2.49502e+01	1.75671e-07
2.49851e+01	1.69359e-07
2.50200e+01	1.63275e-07
2.50550e+01	1.57410e-07
2.50899e+01	1.51757e-07
2.51248e+01	1.46309e-07
2.51597e+01	1.41057e-07
2.51946e+01	1.35995e-07
2.52296e+01	1.31113e-07
2.52645e+01	1.26407e-07
2.52994e+01	1.21869e-07
2.53343e+01	1.17493e-07
2.53692e+01	1.13274e-07
2.54042e+01	1.09206e-07
2.54391e+01	1.05284e-07
2.54740e+01	1.01501e-07
2.55089e+01	9.78534e-08
2.55438e+01	9.43363e-08
2.55788e+01	9.09449e-08
2.56137e+01	8.76746e-08
2.56486e+01	8.45212e-08
2.56835e+01	8.14805e-08
2.57184e+01	7.85486e-08
2.57534e+01	7.57215e-08
2.57883e+01	7.29957e-08
2.58232e+01	7.03674e-08
2.58581e+01	6.78334e-08
2.58930e+01	6.53902e-08
2.59280e+01	6.30347e-08
2.59629e+01	6.07637e-08
2.59978e+01	5.85744e-08
2.60327e+01	5.64639e-08
2.60676e+01	5.44294e-08
2.61026e+01	5.24682e-08
2.61375e+01	5.05776e-08
2.61724e+01	4.87551e-08
2.62073e+01	4.69982e-08
2.62422e+01	4.53046e-08
2.62772e+01	4.36720e-08
2.63121e+01	4.20982e-08
2.63470e+01	4.05811e-08
2.63819e+01	3.91185e-08
2.64168e+01	3.77087e-08
2.64518e+01	3.63496e-08
2.64867e+01	3.50394e-08
2.65216e+01	3.37765e-08
2.65565e+01	3.25590e-08
2.65914e+01	3.13853e-08
2.66264e+01	3.02539e-08
2.66613e+01	2.91633e-08
2.66962e+01	2.81120e-08
2.67311e+01	2.70985e-08
2.67660e+01	2.61215e-08
2.68010e+01	2.51797e-08
2.68359e+01	2.42719e-08
2.68708e+01	2.33967e-08
2.69057e+01	2.25531e-08
2.69406e+01	2.17399e-08
2.69755e+01	2.09560e-08
2.70105e+01	2.02003e-08
2.70454e+01	1.94719e-08
2.70803e+01	1.87696e-08
2.71152e+01	1.80928e-08
2.71501e+01	1.74402e-08
2.71851e+01	1.68113e-08
2.72200e+01	1.62049e-08
2.72549e+01	1.56205e-08
2.72898e+01	1.50571e-08
2.73247e+01	1.45140e-08
2.73597e+01	1.39905e-08
2.73946e+01	1.34859e-08
2.74295e+01	1.29994e-08
2.74644e+01	1.25305e-08
2.74993e+01	1.20786e-08
2.75343e+01	1.16429e-08
2.75692e+01	1.12229e-08
2.76041e+01	1.08180e-08
2.76390e+01	1.04278e-08
2.76739e+01	1.00516e-08
2.77089e+01	9.68898e-09
2.77438e+01	9.33944e-09
2.77787e+01	9.00251e-09
2.78136e+01	8.67773e-09
2.78485e+01	8.36466e-09
2.78835e+01	8.06288e-09
2.79184e+01	7.77197e-09
2.79533e+01	7.49156e-09
2.79882e+01	7.22125e-09
2.80231e+01	6.96069e-09
2.80581e+01	6.70952e-09
2.80930e+01	6.46741e-09
2.81279e+01	6.23403e-09
2.81628e+01	6.00906e-09
2.81977e+01	5.79221e-09
2.82327e+01	5.58317e-09
2.82676e+01	5.38168e-09
2.83025e+01	5.18745e-09
2.83374e+01	5.00023e-09
2.83723e+01	4.81976e-09
2.84073e+01	4.64581e-09
2.84422e+01	4.47813e-09
2.84771e+01	4.31650e-09
2.85120e+01	4.16071e-09
2.85469e+01	4.01054e-09
2.85819e+01	3.86579e-09
2.86168e+01	3.72626e-09
2.86517e+01	3.59177e-09
2.86866e+01	3.46214e-09
2.87215e+01	3.33719e-09
2.87565e+01	3.21675e-09
2.87914e+01	3.10066e-09
2.88263e+01	2.98876e-09
2.88612e+01	2.88091e-09
2.88961e+01	2.77695e-09
2.89311e+01	2.67674e-09
2.89660e+01	2.58016e-09
2.90009e+01	2.48707e-09
2.90358e+01	2.39734e-09
2.90707e+01	2.31085e-09
2.91057e+01	2.22748e-09
2.91406e+01	2.14713e-09
2.91755e+01	2.06969e-09
2.92104e+01	1.99504e-09
2.92453e+01	1.92309e-09
2.92803e+01	1.85374e-09
2.93152e+01	1.78690e-09
2.93501e+01	1.72248e-09
2.93850e+01	1.66038e-09
2.94199e+01	1.60054e-09
2.94549e+01	1.54285e-09
2.94898e+01	1.48726e-09
2.95247e+01	1.43367e-09
2.95596e+01	1.38203e-09
2.95945e+01	1.33225e-09
2.96295e+01	1.28428e-09
2.96644e+01	1.23803e-09
2.96993e+01	1.19346e-09
2.97342e+01	1.15050e-09
2.97691e+01	1.10909e-09
2.98041e+01	1.06919e-09
2.98390e+01	1.03072e-09
2.98739e+01	9.93649e-10
2.99088e+01	9.57921e-10
2.99437e+01	9.23487e-10
2.99787e+01	8.90300e-10
3.00136e+01	8.58317e-10
3.00485e+01	8.27495e-10
3.00834e+01	7.97791e-10
3.01183e+01	7.69161e-10
3.01533e+01	7.41561e-10
3.01882e+01	7.14953e-10
3.02231e+01	6.89301e-10
3.02580e+01	6.64571e-10
3.02929e+01	6.40729e-10
3.03279e+01	6.17743e-10
3.03628e+01	5.95581e-10
3.03977e+01	5.74215e-10
3.04326e+01	5.53615e-10
3.04675e+01	5.33753e-10
3.05024e+01	5.14604e-10
3.05374e+01	4.96142e-10
3.05723e+01	4.78341e-10
3.06072e+01	4.61178e-10
3.06421e+01	4.44630e-10
3.06770e+01	4.28675e-10
3.07120e+01	4.13292e-10
3.07469e+01	3.98460e-10
3.07818e+01	3.84160e-10
3.08167e+01	3.70372e-10
3.08516e+01	3.57077e-10
3.08866e+01	3.44259e-10
3.09215e+01	3.31901e-10
3.09564e+01	3.19985e-10
3.09913e+01	3.08495e-10
3.10262e+01	2.97418e-10
3.10612e+01	2.86737e-10
3.10961e+01	2.76439e-10
3.11310e+01	2.66510e-10
3.11659e+01	2.56936e-10
3.12008e+01	2.47705e-10
3.12358e+01	2.38805e-10
3.12707e+01	2.30224e-10
3.13056e+01	2.21950e-10
3.13405e+01	2.13972e-10
3.13754e+01	2.06280e-10
3.14104e+01	1.98863e-10
3.14453e+01	1.91712e-10
3.14802e+01	1.84817e-10
3.15151e+01	1.78169e-10
3.15500e+01	1.71760e-10
3.15850e+01	1.65579e-10
3.16199e+01	1.59620e-10
3.16548e+01	1.53874e-10
3.16897e+01	1.48334e-10
3.17246e+01	1.42992e-10
3.17596e+01	1.37842e-10
3.17945e+01	1.32875e-10
3.18294e+01	1.28087e-10
3.18643e+01	1.23469e-10
3.18992e+01	1.19017e-10
3.19342e+01	1.14724e-10
3.19691e+01	1.10585e-10
3.20040e+01	1.06593e-10
3.20389e+01	1.02744e-10
3.20738e+01	9.90326e-11
3.21088e+01	9.54539e-11
3.21437e+01	9.20029e-11
3.21786e+01	8.86751e-11
3.22135e+01	8.54661e-11
3.22484e+01	8.23714e-11
3.22834e+01	7.93871e-11
3.23183e+01	7.65092e-11
3.23532e+01	7.37336e-11
3.23881e+01	7.10568e-11
3.24230e+01	6.84752e-11
3.24580e+01	6.59853e-11
3.24929e+01	6.35837e-11
3.25278e+01	6.12673e-11
3.25627e+01	5.90330e-11
3.25976e+01	5.68778e-11
3.26326e+01	5.47988e-11
3.26675e+01	5.27932e-11
3.27024e+01	5.08584e-11
3.27373e+01	4.89917e-11
3.27722e+01	4.71907e-11
3.28072e+01	4.54529e-11
3.28421e+01	4.37761e-11
3.28770e+01	4.21580e-11
3.29119e+01	4.05965e-11
3.29468e+01	3.90893e-11
3.29818e+01	3.76347e-11
3.30167e+01	3.62305e-11
3.30516e+01	3.48749e-11
3.30865e+01	3.35662e-11
3.31214e+01	3.23025e-11
3.31564e+01	3.10823e-11
3.31913e+01	2.99038e-11
3.32262e+01	2.87654e-11
3.32611e+01	2.76658e-11
3.32960e+01	2.66034e-11
3.33310e+01	2.55767e-11
3.33659e+01	2.45845e-11
3.34008e+01	2.36254e-11
3.34357e+01	2.26981e-11
3.34706e+01	2.18015e-11
3.35056e+01	2.09342e-11
3.35405e+01	2.00952e-11
3.35754e+01	1.92834e-11
3.36103e+01	1.84976e-11
3.36452e+01	1.77369e-11
3.36802e+01	1.70002e-11
3.37151e+01	1.62866e-11
3.37500e+01	1.55951e-11
3.37849e+01	1.49248e-11
3.38198e+01	1.42748e-11
3.38548e+01	1.36443e-11
3.38897e+01	1.30324e-11
3.39246e+01	1.24384e-11
3.39595e+01	1.18614e-11
3.39944e+01	1.13008e-11
3.40293e+01	1.07558e-11
3.40643e+01	1.02257e-11
3.40992e+01	9.70981e-12
3.41341e+01	9.20745e-12
3.41690e+01	8.71800e-12
3.42039e+01	8.24082e-12
3.42389e+01	7.77532e-12
3.42738e+01	7.32091e-12
3.43087e+01	6.87703e-12
3.43436e+01	6.44313e-12
3.43785e+01	6.01868e-12
3.44135e+01	5.60317e-12
3.44484e+01	5.19612e-12
3.44833e+01	4.79706e-12
3.45182e+01	4.40552e-12
3.45531e+01	4.02109e-12
3.45881e+01	3.64335e-12
3.46230e+01	3.27190e-12
3.46579e+01	2.90639e-12
3.46928e+01	2.54648e-12
3.47277e+01	2.19184e-12
3.47627e+01	1.84218e-12
3.47976e+01	1.49726e-12
3.48325e+01	1.15685e-12
3.48674e+01	8.20755e-13
3.49023e+01	4.88839e-13
