# The ell = 0 distribution, the isotropy.
# E_N [Td]	2.00000e+02
# col_1: Electron Energy [eV], col_2: f0 [eV^(-3/2)]
eV	f0
3.53457e-02	4.82245e-02
1.06037e-01	4.82042e-02
1.76728e-01	4.81811e-02
2.47420e-01	4.81573e-02
3.18111e-01	4.81311e-02
3.88802e-01	4.81018e-02
4.59494e-01	4.80692e-02
5.30185e-01	4.80329e-02
6.00876e-01	4.79923e-02
6.71567e-01	4.79471e-02
7.42259e-01	4.78971e-02
8.12950e-01	4.78419e-02
8.83641e-01	4.77812e-02
9.54333e-01	4.77147e-02
1.02502e+00	4.76422e-02
1.09572e+00	4.75642e-02
1.16641e+00	4.74809e-02
1.23710e+00	4.73924e-02
1.30779e+00	4.72988e-02
1.37848e+00	4.72003e-02
1.44917e+00	4.70972e-02
1.51986e+00	4.69898e-02
1.59055e+00	4.68778e-02
1.66125e+00	4.67618e-02
1.73194e+00	4.66421e-02
1.80263e+00	4.65193e-02
1.87332e+00	4.63934e-02
1.94401e+00	4.62645e-02
2.01470e+00	4.61327e-02
2.08539e+00	4.59978e-02
2.15609e+00	4.58597e-02
2.22678e+00	4.57185e-02
2.29747e+00	4.55743e-02
2.36816e+00	4.54272e-02
2.43885e+00	4.52772e-02
2.50954e+00	4.51245e-02
2.58023e+00	4.49690e-02
2.65092e+00	4.48108e-02
2.72162e+00	4.46499e-02
2.79231e+00	4.44866e-02
2.86300e+00	4.43209e-02
2.93369e+00	4.41529e-02
3.00438e+00	4.39827e-02
3.07507e+00	4.38104e-02
3.14576e+00	4.36362e-02
3.21645e+00	4.34600e-02
3.28715e+00	4.32821e-02
3.35784e+00	4.31025e-02
3.42853e+00	4.29213e-02
3.49922e+00	4.27385e-02
3.56991e+00	4.25543e-02
3.64060e+00	4.23686e-02
3.71129e+00	4.21816e-02
3.78199e+00	4.19933e-02
3.85268e+00	4.18037e-02
3.92337e+00	4.16130e-02
3.99406e+00	4.14211e-02
4.06475e+00	4.12277e-02
4.13544e+00	4.10326e-02
4.20613e+00	4.08357e-02
4.27682e+00	4.06369e-02
4.34752e+00	4.04365e-02
4.41821e+00	4.02343e-02
4.48890e+00	4.00304e-02
4.55959e+00	3.98247e-02
4.63028e+00	3.96174e-02
4.70097e+00	3.94085e-02
4.77166e+00	3.91978e-02
4.84235e+00	3.89855e-02
4.91305e+00	3.87716e-02
4.98374e+00	3.85561e-02
5.05443e+00	3.83389e-02
5.12512e+00	3.81200e-02
5.19581e+00	3.78993e-02
5.26650e+00	3.76769e-02
5.33719e+00	3.74527e-02
5.40789e+00	3.72268e-02
5.47858e+00	3.69993e-02
5.54927e+00	3.67700e-02
5.61996e+00	3.65391e-02
5.69065e+00	3.63065e-02
5.76134e+00	3.60723e-02
5.83203e+00	3.58364e-02
5.90272e+00	3.55990e-02
5.97342e+00	3.53600e-02
6.04411e+00	3.51195e-02
6.11480e+00	3.48775e-02
6.18549e+00	3.46342e-02
6.25618e+00	3.43896e-02
6.32687e+00	3.41436e-02
6.39756e+00	3.38964e-02
6.46826e+00	3.36478e-02
6.53895e+00	3.33981e-02
6.60964e+00	3.31471e-02
6.68033e+00	3.28949e-02
6.75102e+00	3.26415e-02
6.82171e+00	3.23870e-02
6.89240e+00	3.21313e-02
6.96309e+00	3.18746e-02
7.03379e+00	3.16169e-02
7.10448e+00	3.13584e-02
7.17517e+00	3.10993e-02
7.24586e+00	3.08397e-02
7.31655e+00	3.05795e-02
7.38724e+00	3.03187e-02
7.45793e+00	3.00575e-02
7.52862e+00	2.97958e-02
7.59932e+00	2.95337e-02
7.67001e+00	2.92711e-02
7.74070e+00	2.90081e-02
7.81139e+00	2.87447e-02
7.88208e+00	2.84809e-02
7.95277e+00	2.82168e-02
8.02346e+00	2.79523e-02
8.09416e+00	2.76875e-02
8.16485e+00	2.74224e-02
8.23554e+00	2.71569e-02
8.30623e+00	2.68912e-02
8.37692e+00	2.66253e-02
8.44761e+00	2.63590e-02
8.51830e+00	2.60925e-02
8.58899e+00	2.58258e-02
8.65969e+00	2.55589e-02
8.73038e+00	2.52917e-02
8.80107e+00	2.50244e-02
8.87176e+00	2.47569e-02
8.94245e+00	2.44892e-02
9.01314e+00	2.42214e-02
9.08383e+00	2.39536e-02
9.15452e+00	2.36857e-02
9.22522e+00	2.34177e-02
9.29591e+00	2.31498e-02
9.36660e+00	2.28818e-02
9.43729e+00	2.26139e-02
9.50798e+00	2.23460e-02
9.57867e+00	2.20780e-02
9.64936e+00	2.18102e-02
9.72006e+00	2.15423e-02
9.79075e+00	2.12746e-02
9.86144e+00	2.10070e-02
9.93213e+00	2.07394e-02
1.00028e+01	2.04720e-02
1.00735e+01	2.02048e-02
1.01442e+01	1.99387e-02
1.02149e+01	1.96736e-02
1.02856e+01	1.94095e-02
1.03563e+01	1.91465e-02
1.04270e+01	1.88846e-02
1.04977e+01	1.86236e-02
1.05684e+01	1.83637e-02
1.06390e+01	1.81047e-02
1.07097e+01	1.78475e-02
1.07804e+01	1.75920e-02
1.08511e+01	1.73384e-02
1.09218e+01	1.70866e-02
1.09925e+01	1.68365e-02
1.10632e+01	1.65882e-02
1.11339e+01	1.63416e-02
1.12046e+01	1.60966e-02
1.12753e+01	1.58533e-02
1.13460e+01	1.56116e-02
1.14166e+01	1.53714e-02
1.14873e+01	1.51328e-02
1.15580e+01	1.48956e-02
1.16287e+01	1.46597e-02
1.16994e+01	1.44253e-02
1.17701e+01	1.41928e-02
1.18408e+01	1.39620e-02
1.19115e+01	1.37333e-02
1.19822e+01	1.35066e-02
1.20529e+01	1.32817e-02
1.21236e+01	1.30586e-02
1.21943e+01	1.28371e-02
1.22649e+01	1.26173e-02
1.23356e+01	1.23993e-02
1.24063e+01	1.21831e-02
1.24770e+01	1.19687e-02
1.25477e+01	1.17563e-02
1.26184e+01	1.15460e-02
1.26891e+01	1.13381e-02
1.27598e+01	1.11328e-02
1.28305e+01	1.09301e-02
1.29012e+01	1.07298e-02
1.29719e+01	1.05319e-02
1.30425e+01	1.03360e-02
1.31132e+01	1.01431e-02
1.31839e+01	9.95283e-03
1.32546e+01	9.76469e-03
1.33253e+01	9.57874e-03
1.33960e+01	9.39464e-03
1.34667e+01	9.21225e-03
1.35374e+01	9.03172e-03
1.36081e+01	8.85307e-03
1.36788e+01	8.67633e-03
1.37495e+01	8.50151e-03
1.38202e+01	8.32863e-03
1.38908e+01	8.15767e-03
1.39615e+01	7.98864e-03
1.40322e+01	7.82157e-03
1.41029e+01	7.65652e-03
1.41736e+01	7.49359e-03
1.42443e+01	7.33281e-03
1.43150e+01	7.17420e-03
1.43857e+01	7.01781e-03
1.44564e+01	6.86368e-03
1.45271e+01	6.71182e-03
1.45978e+01	6.56228e-03
1.46684e+01	6.41507e-03
1.47391e+01	6.27021e-03
1.48098e+01	6.12770e-03
1.48805e+01	5.98758e-03
1.49512e+01	5.84983e-03
1.50219e+01	5.71447e-03
1.50926e+01	5.58151e-03
1.51633e+01	5.45094e-03
1.52340e+01	5.32271e-03
1.53047e+01	5.19680e-03
1.53754e+01	5.07318e-03
1.54461e+01	4.95180e-03
1.55167e+01	4.83265e-03
1.55874e+01	4.71568e-03
1.56581e+01	4.60086e-03
1.57288e+01	4.48815e-03
1.57995e+01	4.37752e-03
1.58702e+01	4.26890e-03
1.59409e+01	4.16229e-03
1.60116e+01	4.05773e-03
1.60823e+01	3.95523e-03
1.61530e+01	3.85479e-03
1.62237e+01	3.75639e-03
1.62943e+01	3.66003e-03
1.63650e+01	3.56567e-03
1.64357e+01	3.47331e-03
1.65064e+01	3.38291e-03
1.65771e+01	3.29447e-03
1.66478e+01	3.20795e-03
1.67185e+01	3.12335e-03
1.67892e+01	3.04063e-03
1.68599e+01	2.95978e-03
1.69306e+01	2.88078e-03
1.70013e+01	2.80359e-03
1.70720e+01	2.72821e-03
1.71426e+01	2.65461e-03
1.72133e+01	2.58276e-03
1.72840e+01	2.51263e-03
1.73547e+01	2.44420e-03
1.74254e+01	2.37743e-03
1.74961e+01	2.31231e-03
1.75668e+01	2.24879e-03
1.76375e+01	2.18686e-03
1.77082e+01	2.12648e-03
1.77789e+01	2.06763e-03
1.78496e+01	2.01029e-03
1.79202e+01	1.95441e-03
1.79909e+01	1.89995e-03
1.80616e+01	1.84691e-03
1.81323e+01	1.79524e-03
1.82030e+01	1.74493e-03
1.82737e+01	1.69592e-03
1.83444e+01	1.64819e-03
1.84151e+01	1.60170e-03
1.84858e+01	1.55644e-03
1.85565e+01	1.51237e-03
1.86272e+01	1.46947e-03
1.86979e+01	1.42770e-03
1.87685e+01	1.38706e-03
1.88392e+01	1.34750e-03
1.89099e+01	1.30902e-03
1.89806e+01	1.27158e-03
1.90513e+01	1.23517e-03
1.91220e+01	1.19976e-03
1.91927e+01	1.16532e-03
1.92634e+01	1.13185e-03
1.93341e+01	1.09931e-03
1.94048e+01	1.06767e-03
1.94755e+01	1.03693e-03
1.95461e+01	1.00705e-03
1.96168e+01	9.78023e-04
1.96875e+01	9.49818e-04
1.97582e+01	9.22419e-04
1.98289e+01	8.95807e-04
1.98996e+01	8.69963e-04
1.99703e+01	8.44847e-04
2.00410e+01	8.20425e-04
2.01117e+01	7.96680e-04
2.01824e+01	7.73596e-04
2.02531e+01	7.51155e-04
2.03238e+01	7.29342e-04
2.03944e+01	7.08140e-04
2.04651e+01	6.87535e-04
2.05358e+01	6.67511e-04
2.06065e+01	6.48055e-04
2.06772e+01	6.29152e-04
2.07479e+01	6.10783e-04
2.08186e+01	5.92932e-04
2.08893e+01	5.75587e-04
2.09600e+01	5.58733e-04
2.10307e+01	5.42358e-04
2.11014e+01	5.26449e-04
2.11720e+01	5.10994e-04
2.12427e+01	4.95979e-04
2.13134e+01	4.81394e-04
2.13841e+01	4.67226e-04
2.14548e+01	4.53463e-04
2.15255e+01	4.40096e-04
2.15962e+01	4.27111e-04
2.16669e+01	4.14500e-04
2.17376e+01	4.02253e-04
2.18083e+01	3.90359e-04
2.18790e+01	3.78809e-04
2.19497e+01	3.67595e-04
2.20203e+01	3.56707e-04
2.20910e+01	3.46138e-04
2.21617e+01	3.35880e-04
2.22324e+01	3.25923e-04
2.23031e+01	3.16258e-04
2.23738e+01	3.06877e-04
2.24445e+01	2.97771e-04
2.25152e+01	2.88933e-04
2.25859e+01	2.80355e-04
2.26566e+01	2.72028e-04
2.27273e+01	2.63946e-04
2.27979e+01	2.56101e-04
2.28686e+01	2.48488e-04
2.29393e+01	2.41099e-04
2.30100e+01	2.33928e-04
2.30807e+01	2.26970e-04
2.31514e+01	2.20217e-04
2.32221e+01	2.13665e-04
2.32928e+01	2.07307e-04
2.33635e+01	2.01138e-04
2.34342e+01	1.95152e-04
2.35049e+01	1.89344e-04
2.35756e+01	1.83709e-04
2.36462e+01	1.78241e-04
2.37169e+01	1.72936e-04
2.37876e+01	1.67789e-04
2.38583e+01	1.62796e-04
2.39290e+01	1.57951e-04
2.39997e+01	1.53251e-04
2.40704e+01	1.48691e-04
2.41411e+01	1.44268e-04
2.42118e+01	1.39977e-04
2.42825e+01	1.35815e-04
2.43532e+01	1.31777e-04
2.44238e+01	1.27861e-04
2.44945e+01	1.24062e-04
2.45652e+01	1.20378e-04
2.46359e+01	1.16805e-04
2.47066e+01	1.13340e-04
2.47773e+01	1.09979e-04
2.48480e+01	1.06719e-04
2.49187e+01	1.03557e-04
2.49894e+01	1.00490e-04
2.50601e+01	9.75157e-05
2.51308e+01	9.46312e-05
2.52015e+01	9.18335e-05
2.52721e+01	8.91187e-05
2.53428e+01	8.64842e-05
2.54135e+01	8.39276e-05
2.54842e+01	8.14463e-05
2.55549e+01	7.90382e-05
2.56256e+01	7.67010e-05
2.56963e+01	7.44325e-05
2.57670e+01	7.22308e-05
2.58377e+01	7.00939e-05
2.59084e+01	6.80201e-05
2.59791e+01	6.60075e-05
2.60497e+01	6.40545e-05
2.61204e+01	6.21594e-05
2.61911e+01	6.03207e-05
2.62618e+01	5.85365e-05
2.63325e+01	5.68053e-05
2.64032e+01	5.51255e-05
2.64739e+01	5.34954e-05
2.65446e+01	5.19138e-05
2.66153e+01	5.03790e-05
2.66860e+01	4.88897e-05
2.67567e+01	4.74446e-05
2.68274e+01	4.60423e-05
2.68980e+01	4.46816e-05
2.69687e+01	4.33611e-05
2.70394e+01	4.20799e-05
2.71101e+01	4.08365e-05
2.71808e+01	3.96300e-05
2.72515e+01	3.84593e-05
2.73222e+01	3.73232e-05
2.73929e+01	3.62208e-05
2.74636e+01	3.51511e-05
2.75343e+01	3.41130e-05
2.76050e+01	3.31057e-05
2.76756e+01	3.21283e-05
2.77463e+01	3.11797e-05
2.78170e+01	3.02593e-05
2.78877e+01	2.93662e-05
2.79584e+01	2.84995e-05
2.80291e+01	2.76585e-05
2.80998e+01	2.68423e-05
2.81705e+01	2.60504e-05
2.82412e+01	2.52819e-05
2.83119e+01	2.45361e-05
2.83826e+01	2.38125e-05
2.84533e+01	2.31103e-05
2.85239e+01	2.24289e-05
2.85946e+01	2.17678e-05
2.86653e+01	2.11263e-05
2.87360e+01	2.05038e-05
2.88067e+01	1.98998e-05
2.88774e+01	1.93138e-05
2.89481e+01	1.87453e-05
2.90188e+01	1.81936e-05
2.90895e+01	1.76584e-05
2.91602e+01	1.71391e-05
2.92309e+01	1.66353e-05
2.93015e+01	1.61465e-05
2.93722e+01	1.56723e-05
2.94429e+01	1.52123e-05
2.95136e+01	1.47661e-05
2.95843e+01	1.43332e-05
2.96550e+01	1.39132e-05
2.97257e+01	1.35058e-05
2.97964e+01	1.31105e-05
2.98671e+01	1.27271e-05
2.99378e+01	1.23552e-05
3.00085e+01	1.19944e-05
3.00792e+01	1.16445e-05
3.01498e+01	1.13050e-05
3.02205e+01	1.09754e-05
3.02912e+01	1.06556e-05
3.03619e+01	1.03451e-05
3.04326e+01	1.00438e-05
3.05033e+01	9.75125e-06
3.05740e+01	9.46729e-06
3.06447e+01	9.19164e-06
3.07154e+01	8.92404e-06
3.07861e+01	8.66427e-06
3.08568e+01	8.41209e-06
3.09274e+01	8.16727e-06
3.09981e+01	7.92960e-06
3.10688e+01	7.69886e-06
3.11395e+01	7.47486e-06
3.12102e+01	7.25739e-06
3.12809e+01	7.04626e-06
3.13516e+01	6.84129e-06
3.14223e+01	6.64229e-06
3.14930e+01	6.44909e-06
3.15637e+01	6.26153e-06
3.16344e+01	6.07944e-06
3.17051e+01	5.90265e-06
3.17757e+01	5.73101e-06
3.18464e+01	5.56438e-06
3.19171e+01	5.40261e-06
3.19878e+01	5.24555e-06
3.20585e+01	5.09307e-06
3.21292e+01	4.94503e-06
3.21999e+01	4.80132e-06
3.22706e+01	4.66180e-06
3.23413e+01	4.52635e-06
3.24120e+01	4.39485e-06
3.24827e+01	4.26719e-06
3.25533e+01	4.14324e-06
3.26240e+01	4.02292e-06
3.26947e+01	3.90610e-06
3.27654e+01	3.79268e-06
3.28361e+01	3.68257e-06
3.29068e+01	3.57568e-06
3.29775e+01	3.47189e-06
3.30482e+01	3.37114e-06
3.31189e+01	3.27332e-06
3.31896e+01	3.17835e-06
3.32603e+01	3.08615e-06
3.33310e+01	2.99664e-06
3.34016e+01	2.90973e-06
3.34723e+01	2.82536e-06
3.35430e+01	2.74345e-06
3.36137e+01	2.66393e-06
3.36844e+01	2.58672e-06
3.37551e+01	2.51177e-06
3.38258e+01	2.43900e-06
3.38965e+01	2.36836e-06
3.39672e+01	2.29978e-06
3.40379e+01	2.23320e-06
3.41086e+01	2.16857e-06
3.41792e+01	2.10582e-06
3.42499e+01	2.04491e-06
3.43206e+01	1.98578e-06
3.43913e+01	1.92837e-06
3.44620e+01	1.87264e-06
3.45327e+01	1.81854e-06
3.46034e+01	1.76601e-06
3.46741e+01	1.71502e-06
3.47448e+01	1.66552e-06
3.48155e+01	1.61745e-06
3.48862e+01	1.57079e-06
3.49569e+01	1.52549e-06
3.50275e+01	1.48151e-06
3.50982e+01	1.43881e-06
3.51689e+01	1.39735e-06
3.52396e+01	1.35710e-06
3.53103e+01	1.31802e-06
3.53810e+01	1.28008e-06
3.54517e+01	1.24324e-06
3.55224e+01	1.20748e-06
3.55931e+01	1.17275e-06
3.56638e+01	1.13904e-06
3.57345e+01	1.10631e-06
3.58051e+01	1.07453e-06
3.58758e+01	1.04367e-06
3.59465e+01	1.01372e-06
3.60172e+01	9.84635e-07
3.60879e+01	9.56402e-07
3.61586e+01	9.28995e-07
3.62293e+01	9.02390e-07
3.63000e+01	8.76562e-07
3.63707e+01	8.51489e-07
3.64414e+01	8.27148e-07
3.65121e+01	8.03517e-07
3.65828e+01	7.80575e-07
3.66534e+01	7.58302e-07
3.67241e+01	7.36677e-07
3.67948e+01	7.15682e-07
3.68655e+01	6.95298e-07
3.69362e+01	6.75507e-07
3.70069e+01	6.56292e-07
3.70776e+01	6.37634e-07
3.71483e+01	6.19519e-07
3.72190e+01	6.01930e-07
3.72897e+01	5.84852e-07
3.73604e+01	5.68270e-07
3.74310e+01	5.52169e-07
3.75017e+01	5.36535e-07
3.75724e+01	5.21355e-07
3.76431e+01	5.06614e-07
3.77138e+01	4.92299e-07
3.77845e+01	4.78400e-07
3.78552e+01	4.64902e-07
3.79259e+01	4.51795e-07
3.79966e+01	4.39066e-07
3.80673e+01	4.26706e-07
3.81380e+01	4.14702e-07
3.82087e+01	4.03045e-07
3.82793e+01	3.91725e-07
3.83500e+01	3.80732e-07
3.84207e+01	3.70057e-07
3.84914e+01	3.59690e-07
3.85621e+01	3.49624e-07
3.86328e+01	3.39848e-07
3.87035e+01	3.30354e-07
3.87742e+01	3.21135e-07
3.88449e+01	3.12181e-07
3.89156e+01	3.03485e-07
3.89863e+01	2.95040e-07
3.90569e+01	2.86838e-07
3.91276e+01	2.78873e-07
3.91983e+01	2.71136e-07
3.92690e+01	2.63623e-07
3.93397e+01	2.56325e-07
3.94104e+01	2.49237e-07
3.94811e+01	2.42354e-07
3.95518e+01	2.35668e-07
3.96225e+01	2.29174e-07
3.96932e+01	2.22868e-07
3.97639e+01	2.16743e-07
3.98346e+01	2.10794e-07
3.99052e+01	2.05016e-07
3.99759e+01	1.99405e-07
4.00466e+01	1.93954e-07
4.01173e+01	1.88656e-07
4.01880e+01	1.83507e-07
4.02587e+01	1.78502e-07
4.03294e+01	1.73638e-07
4.04001e+01	1.68910e-07
4.04708e+01	1.64314e-07
4.05415e+01	1.59846e-07
4.06122e+01	1.55503e-07
4.06829e+01	1.51281e-07
4.07535e+01	1.47176e-07
4.08242e+01	1.43185e-07
4.08949e+01	1.39305e-07
4.09656e+01	1.35532e-07
4.10363e+01	1.31864e-07
4.11070e+01	1.28298e-07
4.11777e+01	1.24830e-07
4.12484e+01	1.21458e-07
4.13191e+01	1.18179e-07
4.13898e+01	1.14991e-07
4.14605e+01	1.11890e-07
4.15311e+01	1.08875e-07
4.16018e+01	1.05942e-07
4.16725e+01	1.03090e-07
4.17432e+01	1.00317e-07
4.18139e+01	9.76197e-08
4.18846e+01	9.49963e-08
4.19553e+01	9.24449e-08
4.20260e+01	8.99634e-08
4.20967e+01	8.75499e-08
4.21674e+01	8.52024e-08
4.22381e+01	8.29190e-08
4.23088e+01	8.06981e-08
4.23794e+01	7.85379e-08
4.24501e+01	7.64366e-08
4.25208e+01	7.43926e-08
4.25915e+01	7.24044e-08
4.26622e+01	7.04704e-08
4.27329e+01	6.85890e-08
4.28036e+01	6.67589e-08
4.28743e+01	6.49786e-08
4.29450e+01	6.32468e-08
4.30157e+01	6.15621e-08
4.30864e+01	5.99232e-08
4.31570e+01	5.83288e-08
4.32277e+01	5.67777e-08
4.32984e+01	5.52687e-08
4.33691e+01	5.38007e-08
4.34398e+01	5.23724e-08
4.35105e+01	5.09829e-08
4.35812e+01	4.96310e-08
4.36519e+01	4.83156e-08
4.37226e+01	4.70359e-08
4.37933e+01	4.57908e-08
4.38640e+01	4.45793e-08
4.39347e+01	4.34005e-08
4.40053e+01	4.22536e-08
4.40760e+01	4.11376e-08
4.41467e+01	4.00517e-08
4.42174e+01	3.89951e-08
4.42881e+01	3.79669e-08
4.43588e+01	3.69664e-08
4.44295e+01	3.59928e-08
4.45002e+01	3.50454e-08
4.45709e+01	3.41235e-08
4.46416e+01	3.32263e-08
4.47123e+01	3.23532e-08
4.47829e+01	3.15035e-08
4.48536e+01	3.06766e-08
4.49243e+01	2.98719e-08
4.49950e+01	2.90887e-08
4.50657e+01	2.83265e-08
4.51364e+01	2.75847e-08
4.52071e+01	2.68627e-08
4.52778e+01	2.61600e-08
4.53485e+01	2.54760e-08
4.54192e+01	2.48103e-08
4.54899e+01	2.41624e-08
4.55606e+01	2.35318e-08
4.56312e+01	2.29180e-08
4.57019e+01	2.23205e-08
4.57726e+01	2.17389e-08
4.58433e+01	2.11729e-08
4.59140e+01	2.06219e-08
4.59847e+01	2.00856e-08
4.60554e+01	1.95636e-08
4.61261e+01	1.90555e-08
4.61968e+01	1.85609e-08
4.62675e+01	1.80794e-08
4.63382e+01	1.76108e-08
4.64088e+01	1.71546e-08
4.64795e+01	1.67105e-08
4.65502e+01	1.62782e-08
4.66209e+01	1.58573e-08
4.66916e+01	1.54476e-08
4.67623e+01	1.50487e-08
4.68330e+01	1.46604e-08
4.69037e+01	1.42823e-08
4.69744e+01	1.39143e-08
4.70451e+01	1.35559e-08
4.71158e+01	1.32070e-08
4.71865e+01	1.28673e-08
4.72571e+01	1.25366e-08
4.73278e+01	1.22145e-08
4.73985e+01	1.19010e-08
4.74692e+01	1.15957e-08
4.75399e+01	1.12984e-08
4.76106e+01	1.10089e-08
4.76813e+01	1.07270e-08
4.77520e+01	1.04525e-08
4.78227e+01	1.01853e-08
4.78934e+01	9.92499e-09
4.79641e+01	9.67154e-09
4.80347e+01	9.42472e-09
4.81054e+01	9.18436e-09
4.81761e+01	8.95029e-09
4.82468e+01	8.72233e-09
4.83175e+01	8.50033e-09
4.83882e+01	8.28413e-09
4.84589e+01	8.07356e-09
4.85296e+01	7.86849e-09
4.86003e+01	7.66876e-09
4.86710e+01	7.47424e-09
4.87417e+01	7.28478e-09
4.88124e+01	7.10025e-09
4.88830e+01	6.92053e-09
4.89537e+01	6.74547e-09
4.90244e+01	6.57497e-09
4.90951e+01	6.40889e-09
4.91658e+01	6.24713e-09
4.92365e+01	6.08956e-09
4.93072e+01	5.93608e-09
4.93779e+01	5.78658e-09
4.94486e+01	5.64095e-09
4.95193e+01	5.49909e-09
4.95900e+01	5.36089e-09
4.96606e+01	5.22625e-09
4.97313e+01	5.09508e-09
4.98020e+01	4.96730e-09
4.98727e+01	4.84280e-09
4.99434e+01	4.72151e-09
5.00141e+01	4.60334e-09
5.00848e+01	4.48821e-09
5.01555e+01	4.37604e-09
5.02262e+01	4.26675e-09
5.02969e+01	4.16026e-09
5.03676e+01	4.05650e-09
5.04383e+01	3.95539e-09
5.05089e+01	3.85685e-09
5.05796e+01	3.76081e-09
5.06503e+01	3.66722e-09
5.07210e+01	3.57601e-09
5.07917e+01	3.48712e-09
5.08624e+01	3.40048e-09
5.09331e+01	3.31604e-09
5.10038e+01	3.23373e-09
5.10745e+01	3.15351e-09
5.11452e+01	3.07533e-09
5.12159e+01	2.99911e-09
5.12865e+01	2.92483e-09
5.13572e+01	2.85242e-09
5.14279e+01	2.78184e-09
5.14986e+01	2.71304e-09
5.15693e+01	2.64597e-09
5.16400e+01	2.58060e-09
5.17107e+01	2.51687e-09
5.17814e+01	2.45474e-09
5.18521e+01	2.39417e-09
5.19228e+01	2.33512e-09
5.19935e+01	2.27755e-09
5.20642e+01	2.22143e-09
5.21348e+01	2.16671e-09
5.22055e+01	2.11337e-09
5.22762e+01	2.06136e-09
5.23469e+01	2.01065e-09
5.24176e+01	1.96121e-09
5.24883e+01	1.91301e-09
5.25590e+01	1.86601e-09
5.26297e+01	1.82019e-09
5.27004e+01	1.77551e-09
5.27711e+01	1.73195e-09
5.28418e+01	1.68947e-09
5.29124e+01	1.64806e-09
5.29831e+01	1.60767e-09
5.30538e+01	1.56830e-09
5.31245e+01	1.52990e-09
5.31952e+01	1.49246e-09
5.32659e+01	1.45595e-09
5.33366e+01	1.42035e-09
5.34073e+01	1.38564e-09
5.34780e+01	1.35179e-09
5.35487e+01	1.31878e-09
5.36194e+01	1.28659e-09
5.36901e+01	1.25520e-09
5.37607e+01	1.22458e-09
5.38314e+01	1.19473e-09
5.39021e+01	1.16562e-09
5.39728e+01	1.13723e-09
5.40435e+01	1.10954e-09
5.41142e+01	1.08254e-09
5.41849e+01	1.05621e-09
5.42556e+01	1.03053e-09
5.43263e+01	1.00548e-09
5.43970e+01	9.81052e-10
5.44677e+01	9.57228e-10
5.45383e+01	9.33993e-10
5.46090e+01	9.11332e-10
5.46797e+01	8.89230e-10
5.47504e+01	8.67673e-10
5.48211e+01	8.46648e-10
5.48918e+01	8.26141e-10
5.49625e+01	8.06139e-10
5.50332e+01	7.86630e-10
5.51039e+01	7.67601e-10
5.51746e+01	7.49040e-10
5.52453e+01	7.30936e-10
5.53160e+01	7.13277e-10
5.53866e+01	6.96053e-10
5.54573e+01	6.79251e-10
5.55280e+01	6.62862e-10
5.55987e+01	6.46876e-10
5.56694e+01	6.31282e-10
5.57401e+01	6.16070e-10
5.58108e+01	6.01232e-10
5.58815e+01	5.86757e-10
5.59522e+01	5.72638e-10
5.60229e+01	5.58864e-10
5.60936e+01	5.45428e-10
5.61642e+01	5.32320e-10
5.62349e+01	5.19534e-10
5.63056e+01	5.07060e-10
5.63763e+01	4.94891e-10
5.64470e+01	4.83020e-10
5.65177e+01	4.71439e-10
5.65884e+01	4.60140e-10
5.66591e+01	4.49117e-10
5.67298e+01	4.38364e-10
5.68005e+01	4.27872e-10
5.68712e+01	4.17636e-10
5.69419e+01	4.07650e-10
5.70125e+01	3.97907e-10
5.70832e+01	3.88401e-10
5.71539e+01	3.79126e-10
5.72246e+01	3.70077e-10
5.72953e+01	3.61248e-10
5.73660e+01	3.52633e-10
5.74367e+01	3.44228e-10
5.75074e+01	3.36027e-10
5.75781e+01	3.28025e-10
5.76488e+01	3.20217e-10
5.77195e+01	3.12598e-10
5.77901e+01	3.05164e-10
5.78608e+01	2.97910e-10
5.79315e+01	2.90832e-10
5.80022e+01	2.83925e-10
5.80729e+01	2.77185e-10
5.81436e+01	2.70608e-10
5.82143e+01	2.64190e-10
5.82850e+01	2.57927e-10
5.83557e+01	2.51816e-10
5.84264e+01	2.45852e-10
5.84971e+01	2.40031e-10
5.85678e+01	2.34352e-10
5.86384e+01	2.28809e-10
5.87091e+01	2.23400e-10
5.87798e+01	2.18122e-10
5.88505e+01	2.12970e-10
5.89212e+01	2.07943e-10
5.89919e+01	2.03037e-10
5.90626e+01	1.98249e-10
5.91333e+01	1.93576e-10
5.92040e+01	1.89016e-10
5.92747e+01	1.84566e-10
5.93454e+01	1.80222e-10
5.94160e+01	1.75983e-10
5.94867e+01	1.71846e-10
5.95574e+01	1.67808e-10
5.96281e+01	1.63866e-10
5.96988e+01	1.60020e-10
5.97695e+01	1.56266e-10
5.98402e+01	1.52601e-10
5.99109e+01	1.49025e-10
5.99816e+01	1.45534e-10
6.00523e+01	1.42126e-10
6.01230e+01	1.38799e-10
6.01937e+01	1.35551e-10
6.02643e+01	1.32380e-10
6.03350e+01	1.29284e-10
6.04057e+01	1.26262e-10
6.04764e+01	1.23310e-10
6.05471e+01	1.20429e-10
6.06178e+01	1.17616e-10
6.06885e+01	1.14869e-10
6.07592e+01	1.12187e-10
6.08299e+01	1.09568e-10
6.09006e+01	1.07010e-10
6.09713e+01	1.04513e-10
6.10419e+01	1.02075e-10
6.11126e+01	9.96937e-11
6.11833e+01	9.73685e-11
6.12540e+01	9.50979e-11
6.13247e+01	9.28806e-11
6.13954e+01	9.07152e-11
6.14661e+01	8.86005e-11
6.15368e+01	8.65352e-11
6.16075e+01	8.45183e-11
6.16782e+01	8.25485e-11
6.17489e+01	8.06247e-11
6.18196e+01	7.87458e-11
6.18902e+01	7.69107e-11
6.19609e+01	7.51183e-11
6.20316e+01	7.33677e-11
6.21023e+01	7.16578e-11
6.21730e+01	6.99877e-11
6.22437e+01	6.83563e-11
6.23144e+01	6.67628e-11
6.23851e+01	6.52063e-11
6.24558e+01	6.36858e-11
6.25265e+01	6.22005e-11
6.25972e+01	6.07496e-11
6.26678e+01	5.93322e-11
6.27385e+01	5.79475e-11
6.28092e+01	5.65948e-11
6.28799e+01	5.52732e-11
6.29506e+01	5.39821e-11
6.30213e+01	5.27207e-11
6.30920e+01	5.14882e-11
6.31627e+01	5.02840e-11
6.32334e+01	4.91075e-11
6.33041e+01	4.79579e-11
6.33748e+01	4.68346e-11
6.34455e+01	4.57370e-11
6.35161e+01	4.46644e-11
6.35868e+01	4.36162e-11
6.36575e+01	4.25920e-11
6.37282e+01	4.15910e-11
6.37989e+01	4.06127e-11
6.38696e+01	3.96567e-11
6.39403e+01	3.87223e-11
6.40110e+01	3.78090e-11
6.40817e+01	3.69163e-11
6.41524e+01	3.60438e-11
6.42231e+01	3.51909e-11
6.42937e+01	3.43571e-11
6.43644e+01	3.35421e-11
6.44351e+01	3.27454e-11
6.45058e+01	3.19665e-11
6.45765e+01	3.12050e-11
6.46472e+01	3.04606e-11
6.47179e+01	2.97327e-11
6.47886e+01	2.90209e-11
6.48593e+01	2.83249e-11
6.49300e+01	2.76443e-11
6.50007e+01	2.69787e-11
6.50714e+01	2.63278e-11
6.51420e+01	2.56911e-11
6.52127e+01	2.50683e-11
6.52834e+01	2.44591e-11
6.53541e+01	2.38632e-11
6.54248e+01	2.32801e-11
6.54955e+01	2.27097e-11
6.55662e+01	2.21515e-11
6.56369e+01	2.16053e-11
6.57076e+01	2.10708e-11
6.57783e+01	2.05477e-11
6.58490e+01	2.00357e-11
6.59196e+01	1.95345e-11
6.59903e+01	1.90439e-11
6.60610e+01	1.85635e-11
6.61317e+01	1.80932e-11
6.62024e+01	1.76326e-11
6.62731e+01	1.71815e-11
6.63438e+01	1.67398e-11
6.64145e+01	1.63071e-11
6.64852e+01	1.58832e-11
6.65559e+01	1.54678e-11
6.66266e+01	1.50609e-11
6.66973e+01	1.46621e-11
6.67679e+01	1.42712e-11
6.68386e+01	1.38880e-11
6.69093e+01	1.35124e-11
6.69800e+01	1.31441e-11
6.70507e+01	1.27829e-11
6.71214e+01	1.24287e-11
6.71921e+01	1.20812e-11
6.72628e+01	1.17403e-11
6.73335e+01	1.14058e-11
6.74042e+01	1.10775e-11
6.74749e+01	1.07552e-11
6.75455e+01	1.04389e-11
6.76162e+01	1.01283e-11
6.76869e+01	9.82319e-12
6.77576e+01	9.52354e-12
6.78283e+01	9.22913e-12
6.78990e+01	8.93983e-12
6.79697e+01	8.65549e-12
6.80404e+01	8.37597e-12
6.81111e+01	8.10112e-12
6.81818e+01	7.83081e-12
6.82525e+01	7.56490e-12
6.83232e+01	7.30326e-12
6.83938e+01	7.04577e-12
6.84645e+01	6.79229e-12
6.85352e+01	6.54270e-12
6.86059e+01	6.29688e-12
6.86766e+01	6.05472e-12
6.87473e+01	5.81609e-12
6.88180e+01	5.58088e-12
6.88887e+01	5.34899e-12
6.89594e+01	5.12030e-12
6.90301e+01	4.89470e-12
6.91008e+01	4.67208e-12
6.91714e+01	4.45234e-12
6.92421e+01	4.23538e-12
6.93128e+01	4.02109e-12
6.93835e+01	3.80939e-12
6.94542e+01	3.60018e-12
6.95249e+01	3.39337e-12
6.95956e+01	3.18888e-12
6.96663e+01	2.98660e-12
6.97370e+01	2.78647e-12
6.98077e+01	2.58840e-12
6.98784e+01	2.39231e-12
6.99491e+01	2.19812e-12
7.00197e+01	2.00575e-12
7.00904e+01	1.81514e-12
7.01611e+01	1.62622e-12
7.02318e+01	1.43891e-12
7.03025e+01	1.25311e-12
7.03732e+01	1.06874e-12
7.04439e+01	8.85736e-13
7.05146e+01	7.04055e-13
7.05853e+01	5.23639e-13
7.06560e+01	3.44436e-13
