# The ell = 0 distribution, the isotropy.
# E_N [Td]	3.00000e+00
# col_1: Electron Energy [eV], col_2: f0 [eV^(-3/2)]
eV	f0
7.63714e-03	9.95045e-02
2.29114e-02	9.95039e-02
3.81857e-02	9.95030e-02
5.34600e-02	9.95021e-02
6.87343e-02	9.95014e-02
8.40086e-02	9.95008e-02
9.92828e-02	9.95004e-02
1.14557e-01	9.95001e-02
1.29831e-01	9.95000e-02
1.45106e-01	9.94999e-02
1.60380e-01	9.94998e-02
1.75654e-01	9.94998e-02
1.90929e-01	9.94998e-02
2.06203e-01	9.94999e-02
2.21477e-01	9.94999e-02
2.36751e-01	9.95000e-02
2.52026e-01	9.95001e-02
2.67300e-01	9.95003e-02
2.82574e-01	9.95004e-02
2.97849e-01	9.95005e-02
3.13123e-01	9.95007e-02
3.28397e-01	9.95008e-02
3.43671e-01	9.95010e-02
3.58946e-01	9.95012e-02
3.74220e-01	9.95013e-02
3.89494e-01	9.95014e-02
4.04769e-01	9.95016e-02
4.20043e-01	9.95017e-02
4.35317e-01	9.95018e-02
4.50591e-01	9.95019e-02
4.65866e-01	9.95019e-02
4.81140e-01	9.95020e-02
4.96414e-01	9.95020e-02
5.11688e-01	9.95019e-02
5.26963e-01	9.95019e-02
5.42237e-01	9.95017e-02
5.57511e-01	9.95016e-02
5.72786e-01	9.95014e-02
5.88060e-01	9.95012e-02
6.03334e-01	9.95009e-02
6.18608e-01	9.95006e-02
6.33883e-01	9.95002e-02
6.49157e-01	9.94997e-02
6.64431e-01	9.94992e-02
6.79706e-01	9.94986e-02
6.94980e-01	9.94980e-02
7.10254e-01	9.94973e-02
7.25528e-01	9.94966e-02
7.40803e-01	9.94957e-02
7.56077e-01	9.94948e-02
7.71351e-01	9.94938e-02
7.86626e-01	9.94927e-02
8.01900e-01	9.94916e-02
8.17174e-01	9.94903e-02
8.32448e-01	9.94890e-02
8.47723e-01	9.94875e-02
8.62997e-01	9.94859e-02
8.78271e-01	9.94843e-02
8.93546e-01	9.94825e-02
9.08820e-01	9.94806e-02
9.24094e-01	9.94786e-02
9.39368e-01	9.94764e-02
9.54643e-01	9.94741e-02
9.69917e-01	9.94716e-02
9.85191e-01	9.94690e-02
1.00047e+00	9.94662e-02
1.01574e+00	9.94633e-02
1.03101e+00	9.94602e-02
1.04629e+00	9.94571e-02
1.06156e+00	9.94538e-02
1.07684e+00	9.94504e-02
1.09211e+00	9.94469e-02
1.10739e+00	9.94432e-02
1.12266e+00	9.94394e-02
1.13793e+00	9.94354e-02
1.15321e+00	9.94313e-02
1.16848e+00	9.94270e-02
1.18376e+00	9.94225e-02
1.19903e+00	9.94179e-02
1.21431e+00	9.94131e-02
1.22958e+00	9.94081e-02
1.24485e+00	9.94030e-02
1.26013e+00	9.93976e-02
1.27540e+00	9.93921e-02
1.29068e+00	9.93864e-02
1.30595e+00	9.93805e-02
1.32123e+00	9.93744e-02
1.33650e+00	9.93682e-02
1.35177e+00	9.93617e-02
1.36705e+00	9.93549e-02
1.38232e+00	9.93480e-02
1.39760e+00	9.93409e-02
1.41287e+00	9.93335e-02
1.42815e+00	9.93259e-02
1.44342e+00	9.93181e-02
1.45869e+00	9.93100e-02
1.47397e+00	9.93017e-02
1.48924e+00	9.92931e-02
1.50452e+00	9.92843e-02
1.51979e+00	9.92752e-02
1.53507e+00	9.92658e-02
1.55034e+00	9.92562e-02
1.56561e+00	9.92462e-02
1.58089e+00	9.92360e-02
1.59616e+00	9.92254e-02
1.61144e+00	9.92145e-02
1.62671e+00	9.92034e-02
1.64199e+00	9.91919e-02
1.65726e+00	9.91800e-02
1.67253e+00	9.91678e-02
1.68781e+00	9.91553e-02
1.70308e+00	9.91425e-02
1.71836e+00	9.91293e-02
1.73363e+00	9.91158e-02
1.74891e+00	9.91020e-02
1.76418e+00	9.90878e-02
1.77945e+00	9.90733e-02
1.79473e+00	9.90585e-02
1.81000e+00	9.90433e-02
1.82528e+00	9.90277e-02
1.84055e+00	9.90118e-02
1.85583e+00	9.89955e-02
1.87110e+00	9.89789e-02
1.88637e+00	9.89618e-02
1.90165e+00	9.89444e-02
1.91692e+00	9.89266e-02
1.93220e+00	9.89084e-02
1.94747e+00	9.88898e-02
1.96275e+00	9.88708e-02
1.97802e+00	9.88514e-02
1.99329e+00	9.88315e-02
2.00857e+00	9.88112e-02
2.02384e+00	9.87905e-02
2.03912e+00	9.87692e-02
2.05439e+00	9.87475e-02
2.06967e+00	9.87252e-02
2.08494e+00	9.87024e-02
2.10021e+00	9.86790e-02
2.11549e+00	9.86552e-02
2.13076e+00	9.86308e-02
2.14604e+00	9.86058e-02
2.16131e+00	9.85803e-02
2.17659e+00	9.85542e-02
2.19186e+00	9.85276e-02
2.20713e+00	9.85004e-02
2.22241e+00	9.84725e-02
2.23768e+00	9.84441e-02
2.25296e+00	9.84151e-02
2.26823e+00	9.83855e-02
2.28351e+00	9.83552e-02
2.29878e+00	9.83244e-02
2.31405e+00	9.82929e-02
2.32933e+00	9.82607e-02
2.34460e+00	9.82279e-02
2.35988e+00	9.81944e-02
2.37515e+00	9.81603e-02
2.39043e+00	9.81255e-02
2.40570e+00	9.80900e-02
2.42097e+00	9.80538e-02
2.43625e+00	9.80169e-02
2.45152e+00	9.79793e-02
2.46680e+00	9.79410e-02
2.48207e+00	9.79019e-02
2.49735e+00	9.78621e-02
2.51262e+00	9.78215e-02
2.52789e+00	9.77802e-02
2.54317e+00	9.77380e-02
2.55844e+00	9.76951e-02
2.57372e+00	9.76513e-02
2.58899e+00	9.76067e-02
2.60427e+00	9.75613e-02
2.61954e+00	9.75150e-02
2.63481e+00	9.74679e-02
2.65009e+00	9.74199e-02
2.66536e+00	9.73711e-02
2.68064e+00	9.73213e-02
2.69591e+00	9.72707e-02
2.71119e+00	9.72192e-02
2.72646e+00	9.71667e-02
2.74173e+00	9.71134e-02
2.75701e+00	9.70591e-02
2.77228e+00	9.70038e-02
2.78756e+00	9.69477e-02
2.80283e+00	9.68905e-02
2.81811e+00	9.68324e-02
2.83338e+00	9.67733e-02
2.84865e+00	9.67132e-02
2.86393e+00	9.66521e-02
2.87920e+00	9.65901e-02
2.89448e+00	9.65269e-02
2.90975e+00	9.64628e-02
2.92503e+00	9.63976e-02
2.94030e+00	9.63314e-02
2.95557e+00	9.62641e-02
2.97085e+00	9.61957e-02
2.98612e+00	9.61263e-02
3.00140e+00	9.60558e-02
3.01667e+00	9.59842e-02
3.03195e+00	9.59115e-02
3.04722e+00	9.58377e-02
3.06249e+00	9.57628e-02
3.07777e+00	9.56868e-02
3.09304e+00	9.56097e-02
3.10832e+00	9.55314e-02
3.12359e+00	9.54520e-02
3.13887e+00	9.53714e-02
3.15414e+00	9.52897e-02
3.16941e+00	9.52068e-02
3.18469e+00	9.51227e-02
3.19996e+00	9.50374e-02
3.21524e+00	9.49510e-02
3.23051e+00	9.48633e-02
3.24579e+00	9.47744e-02
3.26106e+00	9.46843e-02
3.27633e+00	9.45929e-02
3.29161e+00	9.45003e-02
3.30688e+00	9.44064e-02
3.32216e+00	9.43113e-02
3.33743e+00	9.42149e-02
3.35271e+00	9.41172e-02
3.36798e+00	9.40183e-02
3.38325e+00	9.39180e-02
3.39853e+00	9.38164e-02
3.41380e+00	9.37135e-02
3.42908e+00	9.36093e-02
3.44435e+00	9.35038e-02
3.45963e+00	9.33969e-02
3.47490e+00	9.32886e-02
3.49017e+00	9.31790e-02
3.50545e+00	9.30680e-02
3.52072e+00	9.29557e-02
3.53600e+00	9.28420e-02
3.55127e+00	9.27268e-02
3.56655e+00	9.26103e-02
3.58182e+00	9.24924e-02
3.59709e+00	9.23731e-02
3.61237e+00	9.22523e-02
3.62764e+00	9.21301e-02
3.64292e+00	9.20064e-02
3.65819e+00	9.18813e-02
3.67347e+00	9.17548e-02
3.68874e+00	9.16268e-02
3.70401e+00	9.14973e-02
3.71929e+00	9.13663e-02
3.73456e+00	9.12339e-02
3.74984e+00	9.11000e-02
3.76511e+00	9.09645e-02
3.78039e+00	9.08276e-02
3.79566e+00	9.06892e-02
3.81093e+00	9.05492e-02
3.82621e+00	9.04077e-02
3.84148e+00	9.02647e-02
3.85676e+00	9.01201e-02
3.87203e+00	8.99740e-02
3.88731e+00	8.98264e-02
3.90258e+00	8.96772e-02
3.91785e+00	8.95264e-02
3.93313e+00	8.93741e-02
3.94840e+00	8.92202e-02
3.96368e+00	8.90645e-02
3.97895e+00	8.89079e-02
3.99423e+00	8.87493e-02
4.00950e+00	8.85886e-02
4.02477e+00	8.84261e-02
4.04005e+00	8.82616e-02
4.05532e+00	8.80953e-02
4.07060e+00	8.79272e-02
4.08587e+00	8.77570e-02
4.10115e+00	8.75848e-02
4.11642e+00	8.74106e-02
4.13169e+00	8.72345e-02
4.14697e+00	8.70563e-02
4.16224e+00	8.68761e-02
4.17752e+00	8.66939e-02
4.19279e+00	8.65096e-02
4.20807e+00	8.63234e-02
4.22334e+00	8.61351e-02
4.23861e+00	8.59447e-02
4.25389e+00	8.57523e-02
4.26916e+00	8.55578e-02
4.28444e+00	8.53613e-02
4.29971e+00	8.51627e-02
4.31499e+00	8.49621e-02
4.33026e+00	8.47593e-02
4.34553e+00	8.45545e-02
4.36081e+00	8.43476e-02
4.37608e+00	8.41386e-02
4.39136e+00	8.39276e-02
4.40663e+00	8.37144e-02
4.42191e+00	8.34991e-02
4.43718e+00	8.32818e-02
4.45245e+00	8.30623e-02
4.46773e+00	8.28407e-02
4.48300e+00	8.26171e-02
4.49828e+00	8.23913e-02
4.51355e+00	8.21634e-02
4.52882e+00	8.19334e-02
4.54410e+00	8.17013e-02
4.55937e+00	8.14672e-02
4.57465e+00	8.12309e-02
4.58992e+00	8.09925e-02
4.60520e+00	8.07520e-02
4.62047e+00	8.05094e-02
4.63574e+00	8.02647e-02
4.65102e+00	8.00179e-02
4.66629e+00	7.97690e-02
4.68157e+00	7.95180e-02
4.69684e+00	7.92650e-02
4.71212e+00	7.90098e-02
4.72739e+00	7.87526e-02
4.74266e+00	7.84933e-02
4.75794e+00	7.82319e-02
4.77321e+00	7.79685e-02
4.78849e+00	7.77030e-02
4.80376e+00	7.74354e-02
4.81904e+00	7.71658e-02
4.83431e+00	7.68941e-02
4.84958e+00	7.66204e-02
4.86486e+00	7.63446e-02
4.88013e+00	7.60669e-02
4.89541e+00	7.57871e-02
4.91068e+00	7.55053e-02
4.92596e+00	7.52216e-02
4.94123e+00	7.49358e-02
4.95650e+00	7.46480e-02
4.97178e+00	7.43582e-02
4.98705e+00	7.40664e-02
5.00233e+00	7.37726e-02
5.01760e+00	7.34769e-02
5.03288e+00	7.31793e-02
5.04815e+00	7.28795e-02
5.06342e+00	7.25778e-02
5.07870e+00	7.22740e-02
5.09397e+00	7.19682e-02
5.10925e+00	7.16605e-02
5.12452e+00	7.13508e-02
5.13980e+00	7.10391e-02
5.15507e+00	7.07255e-02
5.17034e+00	7.04100e-02
5.18562e+00	7.00925e-02
5.20089e+00	6.97732e-02
5.21617e+00	6.94520e-02
5.23144e+00	6.91289e-02
5.24672e+00	6.88040e-02
5.26199e+00	6.84772e-02
5.27726e+00	6.81487e-02
5.29254e+00	6.78183e-02
5.30781e+00	6.74862e-02
5.32309e+00	6.71524e-02
5.33836e+00	6.68168e-02
5.35364e+00	6.64795e-02
5.36891e+00	6.61405e-02
5.38418e+00	6.57999e-02
5.39946e+00	6.54576e-02
5.41473e+00	6.51137e-02
5.43001e+00	6.47682e-02
5.44528e+00	6.44211e-02
5.46056e+00	6.40725e-02
5.47583e+00	6.37223e-02
5.49110e+00	6.33706e-02
5.50638e+00	6.30174e-02
5.52165e+00	6.26628e-02
5.53693e+00	6.23068e-02
5.55220e+00	6.19493e-02
5.56748e+00	6.15905e-02
5.58275e+00	6.12303e-02
5.59802e+00	6.08688e-02
5.61330e+00	6.05060e-02
5.62857e+00	6.01419e-02
5.64385e+00	5.97766e-02
5.65912e+00	5.94101e-02
5.67440e+00	5.90424e-02
5.68967e+00	5.86735e-02
5.70494e+00	5.83035e-02
5.72022e+00	5.79324e-02
5.73549e+00	5.75602e-02
5.75077e+00	5.71870e-02
5.76604e+00	5.68128e-02
5.78132e+00	5.64377e-02
5.79659e+00	5.60616e-02
5.81186e+00	5.56846e-02
5.82714e+00	5.53067e-02
5.84241e+00	5.49280e-02
5.85769e+00	5.45484e-02
5.87296e+00	5.41681e-02
5.88824e+00	5.37870e-02
5.90351e+00	5.34053e-02
5.91878e+00	5.30227e-02
5.93406e+00	5.26397e-02
5.94933e+00	5.22560e-02
5.96461e+00	5.18718e-02
5.97988e+00	5.14872e-02
5.99516e+00	5.11020e-02
6.01043e+00	5.07164e-02
6.02570e+00	5.03305e-02
6.04098e+00	4.99440e-02
6.05625e+00	4.95575e-02
6.07153e+00	4.91707e-02
6.08680e+00	4.87837e-02
6.10208e+00	4.83966e-02
6.11735e+00	4.80094e-02
6.13262e+00	4.76221e-02
6.14790e+00	4.72347e-02
6.16317e+00	4.68474e-02
6.17845e+00	4.64601e-02
6.19372e+00	4.60729e-02
6.20900e+00	4.56858e-02
6.22427e+00	4.52989e-02
6.23954e+00	4.49121e-02
6.25482e+00	4.45255e-02
6.27009e+00	4.41392e-02
6.28537e+00	4.37531e-02
6.30064e+00	4.33674e-02
6.31592e+00	4.29820e-02
6.33119e+00	4.25970e-02
6.34646e+00	4.22125e-02
6.36174e+00	4.18284e-02
6.37701e+00	4.14449e-02
6.39229e+00	4.10618e-02
6.40756e+00	4.06794e-02
6.42284e+00	4.02975e-02
6.43811e+00	3.99163e-02
6.45338e+00	3.95358e-02
6.46866e+00	3.91560e-02
6.48393e+00	3.87769e-02
6.49921e+00	3.83986e-02
6.51448e+00	3.80212e-02
6.52976e+00	3.76446e-02
6.54503e+00	3.72689e-02
6.56030e+00	3.68941e-02
6.57558e+00	3.65203e-02
6.59085e+00	3.61474e-02
6.60613e+00	3.57756e-02
6.62140e+00	3.54048e-02
6.63668e+00	3.50351e-02
6.65195e+00	3.46666e-02
6.66722e+00	3.42992e-02
6.68250e+00	3.39330e-02
6.69777e+00	3.35680e-02
6.71305e+00	3.32043e-02
6.72832e+00	3.28418e-02
6.74360e+00	3.24807e-02
6.75887e+00	3.21209e-02
6.77414e+00	3.17626e-02
6.78942e+00	3.14056e-02
6.80469e+00	3.10501e-02
6.81997e+00	3.06960e-02
6.83524e+00	3.03435e-02
6.85052e+00	2.99925e-02
6.86579e+00	2.96431e-02
6.88106e+00	2.92952e-02
6.89634e+00	2.89490e-02
6.91161e+00	2.86045e-02
6.92689e+00	2.82617e-02
6.94216e+00	2.79203e-02
6.95744e+00	2.75810e-02
6.97271e+00	2.72436e-02
6.98798e+00	2.69081e-02
7.00326e+00	2.65746e-02
7.01853e+00	2.62430e-02
7.03381e+00	2.59134e-02
7.04908e+00	2.55859e-02
7.06436e+00	2.52604e-02
7.07963e+00	2.49368e-02
7.09490e+00	2.46155e-02
7.11018e+00	2.42963e-02
7.12545e+00	2.39794e-02
7.14073e+00	2.36647e-02
7.15600e+00	2.33523e-02
7.17128e+00	2.30420e-02
7.18655e+00	2.27341e-02
7.20182e+00	2.24284e-02
7.21710e+00	2.21250e-02
7.23237e+00	2.18240e-02
7.24765e+00	2.15252e-02
7.26292e+00	2.12287e-02
7.27820e+00	2.09346e-02
7.29347e+00	2.06429e-02
7.30874e+00	2.03534e-02
7.32402e+00	2.00664e-02
7.33929e+00	1.97817e-02
7.35457e+00	1.94994e-02
7.36984e+00	1.92195e-02
7.38512e+00	1.89420e-02
7.40039e+00	1.86668e-02
7.41566e+00	1.83941e-02
7.43094e+00	1.81238e-02
7.44621e+00	1.78559e-02
7.46149e+00	1.75905e-02
7.47676e+00	1.73274e-02
7.49204e+00	1.70668e-02
7.50731e+00	1.68086e-02
7.52258e+00	1.65529e-02
7.53786e+00	1.62996e-02
7.55313e+00	1.60487e-02
7.56841e+00	1.58003e-02
7.58368e+00	1.55544e-02
7.59896e+00	1.53108e-02
7.61423e+00	1.50698e-02
7.62950e+00	1.48311e-02
7.64478e+00	1.45950e-02
7.66005e+00	1.43612e-02
7.67533e+00	1.41299e-02
7.69060e+00	1.39011e-02
7.70588e+00	1.36747e-02
7.72115e+00	1.34507e-02
7.73642e+00	1.32292e-02
7.75170e+00	1.30101e-02
7.76697e+00	1.27934e-02
7.78225e+00	1.25792e-02
7.79752e+00	1.23673e-02
7.81280e+00	1.21579e-02
7.82807e+00	1.19509e-02
7.84334e+00	1.17463e-02
7.85862e+00	1.15441e-02
7.87389e+00	1.13443e-02
7.88917e+00	1.11468e-02
7.90444e+00	1.09518e-02
7.91972e+00	1.07591e-02
7.93499e+00	1.05687e-02
7.95026e+00	1.03807e-02
7.96554e+00	1.01951e-02
7.98081e+00	1.00118e-02
7.99609e+00	9.83081e-03
8.01136e+00	9.65214e-03
8.02664e+00	9.47578e-03
8.04191e+00	9.30170e-03
8.05718e+00	9.12991e-03
8.07246e+00	8.96040e-03
8.08773e+00	8.79314e-03
8.10301e+00	8.62813e-03
8.11828e+00	8.46536e-03
8.13356e+00	8.30482e-03
8.14883e+00	8.14648e-03
8.16410e+00	7.99035e-03
8.17938e+00	7.83640e-03
8.19465e+00	7.68463e-03
8.20993e+00	7.53501e-03
8.22520e+00	7.38754e-03
8.24048e+00	7.24220e-03
8.25575e+00	7.09898e-03
8.27102e+00	6.95786e-03
8.28630e+00	6.81883e-03
8.30157e+00	6.68187e-03
8.31685e+00	6.54696e-03
8.33212e+00	6.41410e-03
8.34740e+00	6.28327e-03
8.36267e+00	6.15444e-03
8.37794e+00	6.02761e-03
8.39322e+00	5.90276e-03
8.40849e+00	5.77987e-03
8.42377e+00	5.65892e-03
8.43904e+00	5.53990e-03
8.45432e+00	5.42280e-03
8.46959e+00	5.30759e-03
8.48486e+00	5.19425e-03
8.50014e+00	5.08278e-03
8.51541e+00	4.97315e-03
8.53069e+00	4.86534e-03
8.54596e+00	4.75934e-03
8.56124e+00	4.65514e-03
8.57651e+00	4.55270e-03
8.59178e+00	4.45202e-03
8.60706e+00	4.35308e-03
8.62233e+00	4.25585e-03
8.63761e+00	4.16032e-03
8.65288e+00	4.06648e-03
8.66816e+00	3.97430e-03
8.68343e+00	3.88377e-03
8.69870e+00	3.79486e-03
8.71398e+00	3.70756e-03
8.72925e+00	3.62185e-03
8.74453e+00	3.53771e-03
8.75980e+00	3.45513e-03
8.77508e+00	3.37408e-03
8.79035e+00	3.29455e-03
8.80562e+00	3.21651e-03
8.82090e+00	3.13996e-03
8.83617e+00	3.06486e-03
8.85145e+00	2.99121e-03
8.86672e+00	2.91898e-03
8.88200e+00	2.84815e-03
8.89727e+00	2.77871e-03
8.91254e+00	2.71064e-03
8.92782e+00	2.64393e-03
8.94309e+00	2.57852e-03
8.95837e+00	2.51446e-03
8.97364e+00	2.45170e-03
8.98892e+00	2.39022e-03
9.00419e+00	2.33001e-03
9.01946e+00	2.27104e-03
9.03474e+00	2.21331e-03
9.05001e+00	2.15679e-03
9.06529e+00	2.10146e-03
9.08056e+00	2.04730e-03
9.09584e+00	1.99430e-03
9.11111e+00	1.94244e-03
9.12638e+00	1.89170e-03
9.14166e+00	1.84206e-03
9.15693e+00	1.79351e-03
9.17221e+00	1.74602e-03
9.18748e+00	1.69958e-03
9.20276e+00	1.65417e-03
9.21803e+00	1.60978e-03
9.23330e+00	1.56639e-03
9.24858e+00	1.52397e-03
9.26385e+00	1.48252e-03
9.27913e+00	1.44202e-03
9.29440e+00	1.40245e-03
9.30968e+00	1.36379e-03
9.32495e+00	1.32604e-03
9.34022e+00	1.28917e-03
9.35550e+00	1.25316e-03
9.37077e+00	1.21801e-03
9.38605e+00	1.18369e-03
9.40132e+00	1.15019e-03
9.41660e+00	1.11750e-03
9.43187e+00	1.08560e-03
9.44714e+00	1.05448e-03
9.46242e+00	1.02411e-03
9.47769e+00	9.94490e-04
9.49297e+00	9.65601e-04
9.50824e+00	9.37429e-04
9.52352e+00	9.09960e-04
9.53879e+00	8.83180e-04
9.55406e+00	8.57076e-04
9.56934e+00	8.31633e-04
9.58461e+00	8.06838e-04
9.59989e+00	7.82678e-04
9.61516e+00	7.59140e-04
9.63044e+00	7.36211e-04
9.64571e+00	7.13878e-04
9.66098e+00	6.92128e-04
9.67626e+00	6.70954e-04
9.69153e+00	6.50342e-04
9.70681e+00	6.30279e-04
9.72208e+00	6.10753e-04
9.73736e+00	5.91753e-04
9.75263e+00	5.73267e-04
9.76790e+00	5.55283e-04
9.78318e+00	5.37790e-04
9.79845e+00	5.20777e-04
9.81373e+00	5.04234e-04
9.82900e+00	4.88148e-04
9.84428e+00	4.72511e-04
9.85955e+00	4.57311e-04
9.87482e+00	4.42538e-04
9.89010e+00	4.28182e-04
9.90537e+00	4.14234e-04
9.92065e+00	4.00683e-04
9.93592e+00	3.87520e-04
9.95120e+00	3.74736e-04
9.96647e+00	3.62321e-04
9.98174e+00	3.50267e-04
9.99702e+00	3.38564e-04
1.00123e+01	3.27217e-04
1.00276e+01	3.16168e-04
1.00428e+01	3.05485e-04
1.00581e+01	2.95130e-04
1.00734e+01	2.85098e-04
1.00887e+01	2.75379e-04
1.01039e+01	2.65964e-04
1.01192e+01	2.56845e-04
1.01345e+01	2.48012e-04
1.01498e+01	2.39459e-04
1.01650e+01	2.31177e-04
1.01803e+01	2.23157e-04
1.01956e+01	2.15393e-04
1.02109e+01	2.07876e-04
1.02261e+01	2.00600e-04
1.02414e+01	1.93557e-04
1.02567e+01	1.86741e-04
1.02720e+01	1.80145e-04
1.02872e+01	1.73762e-04
1.03025e+01	1.67586e-04
1.03178e+01	1.61611e-04
1.03331e+01	1.55831e-04
1.03483e+01	1.50240e-04
1.03636e+01	1.44833e-04
1.03789e+01	1.39603e-04
1.03941e+01	1.34545e-04
1.04094e+01	1.29654e-04
1.04247e+01	1.24926e-04
1.04400e+01	1.20355e-04
1.04552e+01	1.15936e-04
1.04705e+01	1.11665e-04
1.04858e+01	1.07536e-04
1.05011e+01	1.03547e-04
1.05163e+01	9.96914e-05
1.05316e+01	9.59663e-05
1.05469e+01	9.23673e-05
1.05622e+01	8.88905e-05
1.05774e+01	8.55319e-05
1.05927e+01	8.22898e-05
1.06080e+01	7.91543e-05
1.06233e+01	7.61287e-05
1.06385e+01	7.32130e-05
1.06538e+01	7.04009e-05
1.06691e+01	6.76892e-05
1.06844e+01	6.50744e-05
1.06996e+01	6.25531e-05
1.07149e+01	6.01222e-05
1.07302e+01	5.77784e-05
1.07455e+01	5.55189e-05
1.07607e+01	5.33405e-05
1.07760e+01	5.12406e-05
1.07913e+01	4.92163e-05
1.08066e+01	4.72651e-05
1.08218e+01	4.53844e-05
1.08371e+01	4.35717e-05
1.08524e+01	4.18246e-05
1.08677e+01	4.01409e-05
1.08829e+01	3.85183e-05
1.08982e+01	3.69547e-05
1.09135e+01	3.54480e-05
1.09287e+01	3.39961e-05
1.09440e+01	3.25973e-05
1.09593e+01	3.12495e-05
1.09746e+01	2.99510e-05
1.09898e+01	2.87001e-05
1.10051e+01	2.74950e-05
1.10204e+01	2.63342e-05
1.10357e+01	2.52160e-05
1.10509e+01	2.41390e-05
1.10662e+01	2.31016e-05
1.10815e+01	2.21026e-05
1.10968e+01	2.11404e-05
1.11120e+01	2.02139e-05
1.11273e+01	1.93217e-05
1.11426e+01	1.84625e-05
1.11579e+01	1.76353e-05
1.11731e+01	1.68389e-05
1.11884e+01	1.60721e-05
1.12037e+01	1.53339e-05
1.12190e+01	1.46233e-05
1.12342e+01	1.39392e-05
1.12495e+01	1.32808e-05
1.12648e+01	1.26471e-05
1.12801e+01	1.20371e-05
1.12953e+01	1.14501e-05
1.13106e+01	1.08853e-05
1.13259e+01	1.03417e-05
1.13412e+01	9.81867e-06
1.13564e+01	9.31543e-06
1.13717e+01	8.83127e-06
1.13870e+01	8.36548e-06
1.14023e+01	7.91739e-06
1.14175e+01	7.48638e-06
1.14328e+01	7.07179e-06
1.14481e+01	6.67305e-06
1.14633e+01	6.28956e-06
1.14786e+01	5.92078e-06
1.14939e+01	5.56615e-06
1.15092e+01	5.22516e-06
1.15244e+01	4.89731e-06
1.15397e+01	4.58208e-06
1.15550e+01	4.27892e-06
1.15703e+01	3.98784e-06
1.15855e+01	3.70944e-06
1.16008e+01	3.44401e-06
1.16161e+01	3.19169e-06
1.16314e+01	2.95262e-06
1.16466e+01	2.72756e-06
1.16619e+01	2.51767e-06
1.16772e+01	2.32341e-06
1.16925e+01	2.14358e-06
1.17077e+01	1.97679e-06
1.17230e+01	1.82167e-06
1.17383e+01	1.67696e-06
1.17536e+01	1.54184e-06
1.17688e+01	1.41585e-06
1.17841e+01	1.29871e-06
1.17994e+01	1.18991e-06
1.18147e+01	1.08884e-06
1.18299e+01	9.95049e-07
1.18452e+01	9.08576e-07
1.18605e+01	8.30893e-07
1.18758e+01	7.60955e-07
1.18910e+01	6.97388e-07
1.19063e+01	6.39234e-07
1.19216e+01	5.85906e-07
1.19369e+01	5.36916e-07
1.19521e+01	4.91848e-07
1.19674e+01	4.50360e-07
1.19827e+01	4.12160e-07
1.19979e+01	3.76985e-07
1.20132e+01	3.44597e-07
1.20285e+01	3.14785e-07
1.20438e+01	2.87356e-07
1.20590e+01	2.62130e-07
1.20743e+01	2.38940e-07
1.20896e+01	2.17630e-07
1.21049e+01	1.98056e-07
1.21201e+01	1.80086e-07
1.21354e+01	1.63602e-07
1.21507e+01	1.48493e-07
1.21660e+01	1.34656e-07
1.21812e+01	1.21993e-07
1.21965e+01	1.10414e-07
1.22118e+01	9.98328e-08
1.22271e+01	9.01762e-08
1.22423e+01	8.13741e-08
1.22576e+01	7.33614e-08
1.22729e+01	6.60770e-08
1.22882e+01	5.94631e-08
1.23034e+01	5.34655e-08
1.23187e+01	4.80340e-08
1.23340e+01	4.31187e-08
1.23493e+01	3.86741e-08
1.23645e+01	3.46584e-08
1.23798e+01	3.10330e-08
1.23951e+01	2.77625e-08
1.24104e+01	2.48143e-08
1.24256e+01	2.21595e-08
1.24409e+01	1.97712e-08
1.24562e+01	1.76249e-08
1.24715e+01	1.56983e-08
1.24867e+01	1.39706e-08
1.25020e+01	1.24230e-08
1.25173e+01	1.10380e-08
1.25325e+01	9.79995e-09
1.25478e+01	8.69451e-09
1.25631e+01	7.70799e-09
1.25784e+01	6.82919e-09
1.25936e+01	6.04744e-09
1.26089e+01	5.35259e-09
1.26242e+01	4.73553e-09
1.26395e+01	4.18795e-09
1.26547e+01	3.70235e-09
1.26700e+01	3.27202e-09
1.26853e+01	2.89094e-09
1.27006e+01	2.55375e-09
1.27158e+01	2.25553e-09
1.27311e+01	1.99190e-09
1.27464e+01	1.75894e-09
1.27617e+01	1.55316e-09
1.27769e+01	1.37144e-09
1.27922e+01	1.21105e-09
1.28075e+01	1.06955e-09
1.28228e+01	9.44725e-10
1.28380e+01	8.34582e-10
1.28533e+01	7.37370e-10
1.28686e+01	6.51441e-10
1.28839e+01	5.75348e-10
1.28991e+01	5.07857e-10
1.29144e+01	4.47961e-10
1.29297e+01	3.94998e-10
1.29450e+01	3.48169e-10
1.29602e+01	3.06589e-10
1.29755e+01	2.69482e-10
1.29908e+01	2.36379e-10
1.30061e+01	2.06846e-10
1.30213e+01	1.80625e-10
1.30366e+01	1.57757e-10
1.30519e+01	1.38187e-10
1.30671e+01	1.21566e-10
1.30824e+01	1.07283e-10
1.30977e+01	9.48937e-11
1.31130e+01	8.40422e-11
1.31282e+01	7.44547e-11
1.31435e+01	6.59189e-11
1.31588e+01	5.83182e-11
1.31741e+01	5.15694e-11
1.31893e+01	4.56139e-11
1.32046e+01	4.03918e-11
1.32199e+01	3.58362e-11
1.32352e+01	3.18312e-11
1.32504e+01	2.82932e-11
1.32657e+01	2.51589e-11
1.32810e+01	2.23782e-11
1.32963e+01	1.99055e-11
1.33115e+01	1.77022e-11
1.33268e+01	1.57359e-11
1.33421e+01	1.39791e-11
1.33574e+01	1.24084e-11
1.33726e+01	1.10035e-11
1.33879e+01	9.74737e-12
1.34032e+01	8.62530e-12
1.34185e+01	7.62390e-12
1.34337e+01	6.73113e-12
1.34490e+01	5.93684e-12
1.34643e+01	5.23178e-12
1.34796e+01	4.60808e-12
1.34948e+01	4.05671e-12
1.35101e+01	3.56903e-12
1.35254e+01	3.13759e-12
1.35407e+01	2.75619e-12
1.35559e+01	2.41935e-12
1.35712e+01	2.12211e-12
1.35865e+01	1.86003e-12
1.36017e+01	1.62915e-12
1.36170e+01	1.42593e-12
1.36323e+01	1.24717e-12
1.36476e+01	1.09005e-12
1.36628e+01	9.52045e-13
1.36781e+01	8.30916e-13
1.36934e+01	7.24676e-13
1.37087e+01	6.31560e-13
1.37239e+01	5.50006e-13
1.37392e+01	4.78626e-13
1.37545e+01	4.16193e-13
1.37698e+01	3.61626e-13
1.37850e+01	3.13963e-13
1.38003e+01	2.72357e-13
1.38156e+01	2.36065e-13
1.38309e+01	2.04429e-13
1.38461e+01	1.76872e-13
1.38614e+01	1.52883e-13
1.38767e+01	1.32014e-13
1.38920e+01	1.13878e-13
1.39072e+01	9.81329e-14
1.39225e+01	8.44765e-14
1.39378e+01	7.26455e-14
1.39531e+01	6.24074e-14
1.39683e+01	5.35576e-14
1.39836e+01	4.59151e-14
1.39989e+01	3.93220e-14
1.40142e+01	3.36413e-14
1.40294e+01	2.87529e-14
1.40447e+01	2.45500e-14
1.40600e+01	2.09405e-14
1.40753e+01	1.78437e-14
1.40905e+01	1.51896e-14
1.41058e+01	1.29173e-14
1.41211e+01	1.09741e-14
1.41363e+01	9.31398e-15
1.41516e+01	7.89722e-15
1.41669e+01	6.68937e-15
1.41822e+01	5.66066e-15
1.41974e+01	4.78540e-15
1.42127e+01	4.04144e-15
1.42280e+01	3.40966e-15
1.42433e+01	2.87371e-15
1.42585e+01	2.41952e-15
1.42738e+01	2.03506e-15
1.42891e+01	1.70997e-15
1.43044e+01	1.43539e-15
1.43196e+01	1.20371e-15
1.43349e+01	1.00843e-15
1.43502e+01	8.44016e-16
1.43655e+01	7.05725e-16
1.43807e+01	5.89528e-16
1.43960e+01	4.91995e-16
1.44113e+01	4.10209e-16
1.44266e+01	3.41699e-16
1.44418e+01	2.84365e-16
1.44571e+01	2.36434e-16
1.44724e+01	1.96402e-16
1.44877e+01	1.62999e-16
1.45029e+01	1.35155e-16
1.45182e+01	1.11967e-16
1.45335e+01	9.26747e-17
1.45488e+01	7.66389e-17
1.45640e+01	6.33222e-17
1.45793e+01	5.22738e-17
1.45946e+01	4.31158e-17
1.46099e+01	3.55316e-17
1.46251e+01	2.92564e-17
1.46404e+01	2.40691e-17
1.46557e+01	1.97848e-17
1.46709e+01	1.62494e-17
1.46862e+01	1.33347e-17
1.47015e+01	1.09338e-17
1.47168e+01	8.95780e-18
1.47320e+01	7.33291e-18
1.47473e+01	5.99789e-18
1.47626e+01	4.90196e-18
1.47779e+01	4.00305e-18
1.47931e+01	3.26637e-18
1.48084e+01	2.66314e-18
1.48237e+01	2.16960e-18
1.48390e+01	1.76614e-18
1.48542e+01	1.43659e-18
1.48695e+01	1.16763e-18
1.48848e+01	9.48297e-19
1.49001e+01	7.69579e-19
1.49153e+01	6.24072e-19
1.49306e+01	5.05701e-19
1.49459e+01	4.09482e-19
1.49612e+01	3.31334e-19
1.49764e+01	2.67914e-19
1.49917e+01	2.16487e-19
1.50070e+01	1.74815e-19
1.50223e+01	1.41071e-19
1.50375e+01	1.13758e-19
1.50528e+01	9.16601e-20
1.50681e+01	7.37861e-20
1.50834e+01	5.93307e-20
1.50986e+01	4.76392e-20
1.51139e+01	3.81801e-20
1.51292e+01	3.05211e-20
1.51445e+01	2.43110e-20
1.51597e+01	1.92643e-20
1.51750e+01	1.51482e-20
1.51903e+01	1.17727e-20
1.52055e+01	8.98212e-21
1.52208e+01	6.64826e-21
1.52361e+01	4.66544e-21
1.52514e+01	2.94963e-21
1.52666e+01	1.44409e-21
