# The ell = 0 distribution, the isotropy.
# E_N [Td]	3.00000e+01
# col_1: Electron Energy [eV], col_2: f0 [eV^(-3/2)]
eV	f0
1.15481e-02	7.02842e-02
3.46443e-02	7.01730e-02
5.77404e-02	7.00414e-02
8.08366e-02	6.99181e-02
1.03933e-01	6.98064e-02
1.27029e-01	6.97046e-02
1.50125e-01	6.96107e-02
1.73221e-01	6.95227e-02
1.96317e-01	6.94395e-02
2.19414e-01	6.93599e-02
2.42510e-01	6.92833e-02
2.65606e-01	6.92093e-02
2.88702e-01	6.91377e-02
3.11798e-01	6.90679e-02
3.34894e-01	6.89999e-02
3.57991e-01	6.89337e-02
3.81087e-01	6.88693e-02
4.04183e-01	6.88065e-02
4.27279e-01	6.87452e-02
4.50375e-01	6.86854e-02
4.73471e-01	6.86270e-02
4.96568e-01	6.85697e-02
5.19664e-01	6.85136e-02
5.42760e-01	6.84584e-02
5.65856e-01	6.84041e-02
5.88952e-01	6.83505e-02
6.12048e-01	6.82974e-02
6.35145e-01	6.82448e-02
6.58241e-01	6.81925e-02
6.81337e-01	6.81403e-02
7.04433e-01	6.80880e-02
7.27529e-01	6.80356e-02
7.50626e-01	6.79829e-02
7.73722e-01	6.79298e-02
7.96818e-01	6.78762e-02
8.19914e-01	6.78220e-02
8.43010e-01	6.77671e-02
8.66106e-01	6.77113e-02
8.89203e-01	6.76546e-02
9.12299e-01	6.75969e-02
9.35395e-01	6.75379e-02
9.58491e-01	6.74778e-02
9.81587e-01	6.74163e-02
1.00468e+00	6.73534e-02
1.02778e+00	6.72894e-02
1.05088e+00	6.72243e-02
1.07397e+00	6.71581e-02
1.09707e+00	6.70908e-02
1.12016e+00	6.70225e-02
1.14326e+00	6.69530e-02
1.16636e+00	6.68826e-02
1.18945e+00	6.68111e-02
1.21255e+00	6.67386e-02
1.23565e+00	6.66649e-02
1.25874e+00	6.65903e-02
1.28184e+00	6.65146e-02
1.30493e+00	6.64381e-02
1.32803e+00	6.63609e-02
1.35113e+00	6.62831e-02
1.37422e+00	6.62046e-02
1.39732e+00	6.61255e-02
1.42041e+00	6.60459e-02
1.44351e+00	6.59657e-02
1.46661e+00	6.58849e-02
1.48970e+00	6.58035e-02
1.51280e+00	6.57211e-02
1.53590e+00	6.56378e-02
1.55899e+00	6.55540e-02
1.58209e+00	6.54698e-02
1.60518e+00	6.53854e-02
1.62828e+00	6.53008e-02
1.65138e+00	6.52160e-02
1.67447e+00	6.51311e-02
1.69757e+00	6.50462e-02
1.72066e+00	6.49613e-02
1.74376e+00	6.48764e-02
1.76686e+00	6.47915e-02
1.78995e+00	6.47065e-02
1.81305e+00	6.46215e-02
1.83615e+00	6.45363e-02
1.85924e+00	6.44511e-02
1.88234e+00	6.43656e-02
1.90543e+00	6.42800e-02
1.92853e+00	6.41942e-02
1.95163e+00	6.41081e-02
1.97472e+00	6.40218e-02
1.99782e+00	6.39351e-02
2.02091e+00	6.38482e-02
2.04401e+00	6.37608e-02
2.06711e+00	6.36731e-02
2.09020e+00	6.35848e-02
2.11330e+00	6.34961e-02
2.13640e+00	6.34069e-02
2.15949e+00	6.33173e-02
2.18259e+00	6.32271e-02
2.20568e+00	6.31365e-02
2.22878e+00	6.30454e-02
2.25188e+00	6.29537e-02
2.27497e+00	6.28616e-02
2.29807e+00	6.27689e-02
2.32117e+00	6.26757e-02
2.34426e+00	6.25820e-02
2.36736e+00	6.24878e-02
2.39045e+00	6.23931e-02
2.41355e+00	6.22978e-02
2.43665e+00	6.22020e-02
2.45974e+00	6.21056e-02
2.48284e+00	6.20088e-02
2.50593e+00	6.19114e-02
2.52903e+00	6.18134e-02
2.55213e+00	6.17150e-02
2.57522e+00	6.16159e-02
2.59832e+00	6.15164e-02
2.62142e+00	6.14163e-02
2.64451e+00	6.13156e-02
2.66761e+00	6.12145e-02
2.69070e+00	6.11128e-02
2.71380e+00	6.10107e-02
2.73690e+00	6.09080e-02
2.75999e+00	6.08049e-02
2.78309e+00	6.07013e-02
2.80618e+00	6.05972e-02
2.82928e+00	6.04927e-02
2.85238e+00	6.03877e-02
2.87547e+00	6.02823e-02
2.89857e+00	6.01764e-02
2.92167e+00	6.00701e-02
2.94476e+00	5.99634e-02
2.96786e+00	5.98562e-02
2.99095e+00	5.97487e-02
3.01405e+00	5.96408e-02
3.03715e+00	5.95325e-02
3.06024e+00	5.94238e-02
3.08334e+00	5.93148e-02
3.10643e+00	5.92054e-02
3.12953e+00	5.90957e-02
3.15263e+00	5.89856e-02
3.17572e+00	5.88752e-02
3.19882e+00	5.87645e-02
3.22192e+00	5.86535e-02
3.24501e+00	5.85422e-02
3.26811e+00	5.84305e-02
3.29120e+00	5.83186e-02
3.31430e+00	5.82064e-02
3.33740e+00	5.80939e-02
3.36049e+00	5.79811e-02
3.38359e+00	5.78680e-02
3.40668e+00	5.77547e-02
3.42978e+00	5.76411e-02
3.45288e+00	5.75273e-02
3.47597e+00	5.74132e-02
3.49907e+00	5.72988e-02
3.52217e+00	5.71842e-02
3.54526e+00	5.70694e-02
3.56836e+00	5.69544e-02
3.59145e+00	5.68391e-02
3.61455e+00	5.67236e-02
3.63765e+00	5.66079e-02
3.66074e+00	5.64919e-02
3.68384e+00	5.63758e-02
3.70694e+00	5.62595e-02
3.73003e+00	5.61430e-02
3.75313e+00	5.60262e-02
3.77622e+00	5.59093e-02
3.79932e+00	5.57922e-02
3.82242e+00	5.56749e-02
3.84551e+00	5.55575e-02
3.86861e+00	5.54399e-02
3.89170e+00	5.53221e-02
3.91480e+00	5.52041e-02
3.93790e+00	5.50860e-02
3.96099e+00	5.49677e-02
3.98409e+00	5.48493e-02
4.00719e+00	5.47307e-02
4.03028e+00	5.46117e-02
4.05338e+00	5.44924e-02
4.07647e+00	5.43729e-02
4.09957e+00	5.42530e-02
4.12267e+00	5.41328e-02
4.14576e+00	5.40122e-02
4.16886e+00	5.38914e-02
4.19195e+00	5.37702e-02
4.21505e+00	5.36487e-02
4.23815e+00	5.35269e-02
4.26124e+00	5.34048e-02
4.28434e+00	5.32824e-02
4.30744e+00	5.31597e-02
4.33053e+00	5.30367e-02
4.35363e+00	5.29134e-02
4.37672e+00	5.27898e-02
4.39982e+00	5.26659e-02
4.42292e+00	5.25418e-02
4.44601e+00	5.24173e-02
4.46911e+00	5.22926e-02
4.49220e+00	5.21676e-02
4.51530e+00	5.20424e-02
4.53840e+00	5.19168e-02
4.56149e+00	5.17910e-02
4.58459e+00	5.16650e-02
4.60769e+00	5.15387e-02
4.63078e+00	5.14121e-02
4.65388e+00	5.12853e-02
4.67697e+00	5.11582e-02
4.70007e+00	5.10309e-02
4.72317e+00	5.09033e-02
4.74626e+00	5.07755e-02
4.76936e+00	5.06475e-02
4.79246e+00	5.05192e-02
4.81555e+00	5.03907e-02
4.83865e+00	5.02619e-02
4.86174e+00	5.01330e-02
4.88484e+00	5.00038e-02
4.90794e+00	4.98743e-02
4.93103e+00	4.97447e-02
4.95413e+00	4.96148e-02
4.97722e+00	4.94847e-02
5.00032e+00	4.93543e-02
5.02342e+00	4.92238e-02
5.04651e+00	4.90930e-02
5.06961e+00	4.89619e-02
5.09271e+00	4.88307e-02
5.11580e+00	4.86991e-02
5.13890e+00	4.85673e-02
5.16199e+00	4.84353e-02
5.18509e+00	4.83030e-02
5.20819e+00	4.81705e-02
5.23128e+00	4.80378e-02
5.25438e+00	4.79048e-02
5.27747e+00	4.77716e-02
5.30057e+00	4.76382e-02
5.32367e+00	4.75045e-02
5.34676e+00	4.73706e-02
5.36986e+00	4.72365e-02
5.39296e+00	4.71021e-02
5.41605e+00	4.69675e-02
5.43915e+00	4.68327e-02
5.46224e+00	4.66977e-02
5.48534e+00	4.65625e-02
5.50844e+00	4.64270e-02
5.53153e+00	4.62914e-02
5.55463e+00	4.61555e-02
5.57772e+00	4.60194e-02
5.60082e+00	4.58831e-02
5.62392e+00	4.57466e-02
5.64701e+00	4.56099e-02
5.67011e+00	4.54730e-02
5.69321e+00	4.53359e-02
5.71630e+00	4.51985e-02
5.73940e+00	4.50610e-02
5.76249e+00	4.49233e-02
5.78559e+00	4.47853e-02
5.80869e+00	4.46472e-02
5.83178e+00	4.45089e-02
5.85488e+00	4.43704e-02
5.87798e+00	4.42316e-02
5.90107e+00	4.40927e-02
5.92417e+00	4.39536e-02
5.94726e+00	4.38143e-02
5.97036e+00	4.36749e-02
5.99346e+00	4.35352e-02
6.01655e+00	4.33954e-02
6.03965e+00	4.32554e-02
6.06274e+00	4.31153e-02
6.08584e+00	4.29749e-02
6.10894e+00	4.28345e-02
6.13203e+00	4.26939e-02
6.15513e+00	4.25531e-02
6.17823e+00	4.24122e-02
6.20132e+00	4.22712e-02
6.22442e+00	4.21300e-02
6.24751e+00	4.19886e-02
6.27061e+00	4.18472e-02
6.29371e+00	4.17055e-02
6.31680e+00	4.15638e-02
6.33990e+00	4.14219e-02
6.36299e+00	4.12798e-02
6.38609e+00	4.11376e-02
6.40919e+00	4.09953e-02
6.43228e+00	4.08528e-02
6.45538e+00	4.07102e-02
6.47848e+00	4.05675e-02
6.50157e+00	4.04246e-02
6.52467e+00	4.02816e-02
6.54776e+00	4.01384e-02
6.57086e+00	3.99952e-02
6.59396e+00	3.98517e-02
6.61705e+00	3.97082e-02
6.64015e+00	3.95645e-02
6.66324e+00	3.94207e-02
6.68634e+00	3.92767e-02
6.70944e+00	3.91327e-02
6.73253e+00	3.89884e-02
6.75563e+00	3.88441e-02
6.77873e+00	3.86996e-02
6.80182e+00	3.85550e-02
6.82492e+00	3.84103e-02
6.84801e+00	3.82654e-02
6.87111e+00	3.81204e-02
6.89421e+00	3.79753e-02
6.91730e+00	3.78301e-02
6.94040e+00	3.76847e-02
6.96350e+00	3.75393e-02
6.98659e+00	3.73937e-02
7.00969e+00	3.72481e-02
7.03278e+00	3.71024e-02
7.05588e+00	3.69567e-02
7.07898e+00	3.68109e-02
7.10207e+00	3.66650e-02
7.12517e+00	3.65191e-02
7.14826e+00	3.63732e-02
7.17136e+00	3.62272e-02
7.19446e+00	3.60812e-02
7.21755e+00	3.59352e-02
7.24065e+00	3.57892e-02
7.26375e+00	3.56431e-02
7.28684e+00	3.54970e-02
7.30994e+00	3.53509e-02
7.33303e+00	3.52047e-02
7.35613e+00	3.50585e-02
7.37923e+00	3.49123e-02
7.40232e+00	3.47661e-02
7.42542e+00	3.46198e-02
7.44851e+00	3.44735e-02
7.47161e+00	3.43272e-02
7.49471e+00	3.41808e-02
7.51780e+00	3.40344e-02
7.54090e+00	3.38880e-02
7.56400e+00	3.37416e-02
7.58709e+00	3.35951e-02
7.61019e+00	3.34486e-02
7.63328e+00	3.33021e-02
7.65638e+00	3.31556e-02
7.67948e+00	3.30090e-02
7.70257e+00	3.28624e-02
7.72567e+00	3.27158e-02
7.74876e+00	3.25691e-02
7.77186e+00	3.24225e-02
7.79496e+00	3.22758e-02
7.81805e+00	3.21290e-02
7.84115e+00	3.19823e-02
7.86425e+00	3.18355e-02
7.88734e+00	3.16887e-02
7.91044e+00	3.15419e-02
7.93353e+00	3.13950e-02
7.95663e+00	3.12481e-02
7.97973e+00	3.11012e-02
8.00282e+00	3.09543e-02
8.02592e+00	3.08074e-02
8.04901e+00	3.06604e-02
8.07211e+00	3.05134e-02
8.09521e+00	3.03664e-02
8.11830e+00	3.02194e-02
8.14140e+00	3.00723e-02
8.16450e+00	2.99252e-02
8.18759e+00	2.97781e-02
8.21069e+00	2.96310e-02
8.23378e+00	2.94839e-02
8.25688e+00	2.93367e-02
8.27998e+00	2.91895e-02
8.30307e+00	2.90423e-02
8.32617e+00	2.88951e-02
8.34927e+00	2.87479e-02
8.37236e+00	2.86006e-02
8.39546e+00	2.84533e-02
8.41855e+00	2.83060e-02
8.44165e+00	2.81587e-02
8.46475e+00	2.80114e-02
8.48784e+00	2.78640e-02
8.51094e+00	2.77166e-02
8.53403e+00	2.75693e-02
8.55713e+00	2.74218e-02
8.58023e+00	2.72744e-02
8.60332e+00	2.71270e-02
8.62642e+00	2.69795e-02
8.64952e+00	2.68321e-02
8.67261e+00	2.66846e-02
8.69571e+00	2.65371e-02
8.71880e+00	2.63896e-02
8.74190e+00	2.62421e-02
8.76500e+00	2.60946e-02
8.78809e+00	2.59470e-02
8.81119e+00	2.57995e-02
8.83428e+00	2.56519e-02
8.85738e+00	2.55043e-02
8.88048e+00	2.53567e-02
8.90357e+00	2.52091e-02
8.92667e+00	2.50615e-02
8.94977e+00	2.49139e-02
8.97286e+00	2.47663e-02
8.99596e+00	2.46187e-02
9.01905e+00	2.44711e-02
9.04215e+00	2.43236e-02
9.06525e+00	2.41760e-02
9.08834e+00	2.40285e-02
9.11144e+00	2.38810e-02
9.13453e+00	2.37335e-02
9.15763e+00	2.35860e-02
9.18073e+00	2.34385e-02
9.20382e+00	2.32910e-02
9.22692e+00	2.31436e-02
9.25002e+00	2.29962e-02
9.27311e+00	2.28488e-02
9.29621e+00	2.27014e-02
9.31930e+00	2.25540e-02
9.34240e+00	2.24067e-02
9.36550e+00	2.22593e-02
9.38859e+00	2.21121e-02
9.41169e+00	2.19648e-02
9.43479e+00	2.18175e-02
9.45788e+00	2.16703e-02
9.48098e+00	2.15231e-02
9.50407e+00	2.13760e-02
9.52717e+00	2.12288e-02
9.55027e+00	2.10817e-02
9.57336e+00	2.09346e-02
9.59646e+00	2.07875e-02
9.61955e+00	2.06405e-02
9.64265e+00	2.04935e-02
9.66575e+00	2.03465e-02
9.68884e+00	2.01996e-02
9.71194e+00	2.00527e-02
9.73504e+00	1.99059e-02
9.75813e+00	1.97591e-02
9.78123e+00	1.96124e-02
9.80432e+00	1.94657e-02
9.82742e+00	1.93191e-02
9.85052e+00	1.91725e-02
9.87361e+00	1.90260e-02
9.89671e+00	1.88795e-02
9.91980e+00	1.87330e-02
9.94290e+00	1.85866e-02
9.96600e+00	1.84403e-02
9.98909e+00	1.82940e-02
1.00122e+01	1.81478e-02
1.00353e+01	1.80016e-02
1.00584e+01	1.78556e-02
1.00815e+01	1.77099e-02
1.01046e+01	1.75644e-02
1.01277e+01	1.74191e-02
1.01508e+01	1.72741e-02
1.01739e+01	1.71293e-02
1.01970e+01	1.69848e-02
1.02201e+01	1.68405e-02
1.02432e+01	1.66964e-02
1.02662e+01	1.65526e-02
1.02893e+01	1.64090e-02
1.03124e+01	1.62657e-02
1.03355e+01	1.61225e-02
1.03586e+01	1.59796e-02
1.03817e+01	1.58370e-02
1.04048e+01	1.56945e-02
1.04279e+01	1.55524e-02
1.04510e+01	1.54104e-02
1.04741e+01	1.52687e-02
1.04972e+01	1.51271e-02
1.05203e+01	1.49859e-02
1.05434e+01	1.48448e-02
1.05665e+01	1.47040e-02
1.05896e+01	1.45634e-02
1.06127e+01	1.44230e-02
1.06358e+01	1.42830e-02
1.06589e+01	1.41433e-02
1.06820e+01	1.40040e-02
1.07051e+01	1.38651e-02
1.07282e+01	1.37266e-02
1.07513e+01	1.35885e-02
1.07744e+01	1.34508e-02
1.07975e+01	1.33135e-02
1.08206e+01	1.31765e-02
1.08437e+01	1.30399e-02
1.08667e+01	1.29037e-02
1.08898e+01	1.27679e-02
1.09129e+01	1.26324e-02
1.09360e+01	1.24974e-02
1.09591e+01	1.23627e-02
1.09822e+01	1.22284e-02
1.10053e+01	1.20944e-02
1.10284e+01	1.19608e-02
1.10515e+01	1.18276e-02
1.10746e+01	1.16948e-02
1.10977e+01	1.15623e-02
1.11208e+01	1.14302e-02
1.11439e+01	1.12984e-02
1.11670e+01	1.11670e-02
1.11901e+01	1.10360e-02
1.12132e+01	1.09054e-02
1.12363e+01	1.07750e-02
1.12594e+01	1.06451e-02
1.12825e+01	1.05155e-02
1.13056e+01	1.03862e-02
1.13287e+01	1.02573e-02
1.13518e+01	1.01288e-02
1.13749e+01	1.00005e-02
1.13980e+01	9.87265e-03
1.14211e+01	9.74509e-03
1.14442e+01	9.61785e-03
1.14672e+01	9.49091e-03
1.14903e+01	9.36426e-03
1.15134e+01	9.23786e-03
1.15365e+01	9.11167e-03
1.15596e+01	8.98563e-03
1.15827e+01	8.85977e-03
1.16058e+01	8.73420e-03
1.16289e+01	8.60904e-03
1.16520e+01	8.48447e-03
1.16751e+01	8.36100e-03
1.16982e+01	8.23879e-03
1.17213e+01	8.11765e-03
1.17444e+01	7.99731e-03
1.17675e+01	7.87768e-03
1.17906e+01	7.75882e-03
1.18137e+01	7.64076e-03
1.18368e+01	7.52347e-03
1.18599e+01	7.40762e-03
1.18830e+01	7.29369e-03
1.19061e+01	7.18115e-03
1.19292e+01	7.06966e-03
1.19523e+01	6.95912e-03
1.19754e+01	6.84946e-03
1.19985e+01	6.74066e-03
1.20216e+01	6.63273e-03
1.20447e+01	6.52566e-03
1.20677e+01	6.41949e-03
1.20908e+01	6.31420e-03
1.21139e+01	6.20981e-03
1.21370e+01	6.10632e-03
1.21601e+01	6.00376e-03
1.21832e+01	5.90214e-03
1.22063e+01	5.80146e-03
1.22294e+01	5.70176e-03
1.22525e+01	5.60305e-03
1.22756e+01	5.50538e-03
1.22987e+01	5.40877e-03
1.23218e+01	5.31326e-03
1.23449e+01	5.21886e-03
1.23680e+01	5.12557e-03
1.23911e+01	5.03338e-03
1.24142e+01	4.94231e-03
1.24373e+01	4.85235e-03
1.24604e+01	4.76354e-03
1.24835e+01	4.67587e-03
1.25066e+01	4.58938e-03
1.25297e+01	4.50407e-03
1.25528e+01	4.41995e-03
1.25759e+01	4.33703e-03
1.25990e+01	4.25539e-03
1.26221e+01	4.17505e-03
1.26452e+01	4.09599e-03
1.26682e+01	4.01822e-03
1.26913e+01	3.94173e-03
1.27144e+01	3.86652e-03
1.27375e+01	3.79257e-03
1.27606e+01	3.71986e-03
1.27837e+01	3.64839e-03
1.28068e+01	3.57814e-03
1.28299e+01	3.50909e-03
1.28530e+01	3.44120e-03
1.28761e+01	3.37441e-03
1.28992e+01	3.30863e-03
1.29223e+01	3.24381e-03
1.29454e+01	3.18002e-03
1.29685e+01	3.11716e-03
1.29916e+01	3.05505e-03
1.30147e+01	2.99370e-03
1.30378e+01	2.93342e-03
1.30609e+01	2.87484e-03
1.30840e+01	2.81797e-03
1.31071e+01	2.76236e-03
1.31302e+01	2.70764e-03
1.31533e+01	2.65354e-03
1.31764e+01	2.60011e-03
1.31995e+01	2.54750e-03
1.32226e+01	2.49591e-03
1.32457e+01	2.44519e-03
1.32687e+01	2.39522e-03
1.32918e+01	2.34593e-03
1.33149e+01	2.29727e-03
1.33380e+01	2.24920e-03
1.33611e+01	2.20169e-03
1.33842e+01	2.15473e-03
1.34073e+01	2.10833e-03
1.34304e+01	2.06252e-03
1.34535e+01	2.01730e-03
1.34766e+01	1.97274e-03
1.34997e+01	1.92886e-03
1.35228e+01	1.88564e-03
1.35459e+01	1.84306e-03
1.35690e+01	1.80112e-03
1.35921e+01	1.75982e-03
1.36152e+01	1.71916e-03
1.36383e+01	1.67914e-03
1.36614e+01	1.63975e-03
1.36845e+01	1.60099e-03
1.37076e+01	1.56286e-03
1.37307e+01	1.52535e-03
1.37538e+01	1.48845e-03
1.37769e+01	1.45217e-03
1.38000e+01	1.41649e-03
1.38231e+01	1.38141e-03
1.38462e+01	1.34692e-03
1.38692e+01	1.31302e-03
1.38923e+01	1.27970e-03
1.39154e+01	1.24696e-03
1.39385e+01	1.21481e-03
1.39616e+01	1.18324e-03
1.39847e+01	1.15225e-03
1.40078e+01	1.12183e-03
1.40309e+01	1.09200e-03
1.40540e+01	1.06275e-03
1.40771e+01	1.03407e-03
1.41002e+01	1.00596e-03
1.41233e+01	9.78421e-04
1.41464e+01	9.51450e-04
1.41695e+01	9.25039e-04
1.41926e+01	8.99185e-04
1.42157e+01	8.73882e-04
1.42388e+01	8.49125e-04
1.42619e+01	8.24907e-04
1.42850e+01	8.01226e-04
1.43081e+01	7.78076e-04
1.43312e+01	7.55453e-04
1.43543e+01	7.33351e-04
1.43774e+01	7.11765e-04
1.44005e+01	6.90688e-04
1.44236e+01	6.70114e-04
1.44467e+01	6.50037e-04
1.44698e+01	6.30450e-04
1.44928e+01	6.11347e-04
1.45159e+01	5.92719e-04
1.45390e+01	5.74561e-04
1.45621e+01	5.56866e-04
1.45852e+01	5.39624e-04
1.46083e+01	5.22830e-04
1.46314e+01	5.06476e-04
1.46545e+01	4.90554e-04
1.46776e+01	4.75057e-04
1.47007e+01	4.59976e-04
1.47238e+01	4.45305e-04
1.47469e+01	4.31036e-04
1.47700e+01	4.17160e-04
1.47931e+01	4.03671e-04
1.48162e+01	3.90560e-04
1.48393e+01	3.77821e-04
1.48624e+01	3.65445e-04
1.48855e+01	3.53425e-04
1.49086e+01	3.41754e-04
1.49317e+01	3.30425e-04
1.49548e+01	3.19429e-04
1.49779e+01	3.08761e-04
1.50010e+01	2.98414e-04
1.50241e+01	2.88380e-04
1.50472e+01	2.78651e-04
1.50703e+01	2.69219e-04
1.50933e+01	2.60076e-04
1.51164e+01	2.51214e-04
1.51395e+01	2.42625e-04
1.51626e+01	2.34302e-04
1.51857e+01	2.26237e-04
1.52088e+01	2.18423e-04
1.52319e+01	2.10854e-04
1.52550e+01	2.03522e-04
1.52781e+01	1.96421e-04
1.53012e+01	1.89545e-04
1.53243e+01	1.82887e-04
1.53474e+01	1.76441e-04
1.53705e+01	1.70201e-04
1.53936e+01	1.64161e-04
1.54167e+01	1.58315e-04
1.54398e+01	1.52658e-04
1.54629e+01	1.47184e-04
1.54860e+01	1.41887e-04
1.55091e+01	1.36764e-04
1.55322e+01	1.31807e-04
1.55553e+01	1.27014e-04
1.55784e+01	1.22377e-04
1.56015e+01	1.17893e-04
1.56246e+01	1.13558e-04
1.56477e+01	1.09365e-04
1.56708e+01	1.05312e-04
1.56938e+01	1.01393e-04
1.57169e+01	9.76035e-05
1.57400e+01	9.39403e-05
1.57631e+01	9.03984e-05
1.57862e+01	8.69734e-05
1.58093e+01	8.36626e-05
1.58324e+01	8.04633e-05
1.58555e+01	7.73728e-05
1.58786e+01	7.43884e-05
1.59017e+01	7.15073e-05
1.59248e+01	6.87268e-05
1.59479e+01	6.60440e-05
1.59710e+01	6.34564e-05
1.59941e+01	6.09612e-05
1.60172e+01	5.85559e-05
1.60403e+01	5.62377e-05
1.60634e+01	5.40038e-05
1.60865e+01	5.18515e-05
1.61096e+01	4.97782e-05
1.61327e+01	4.77811e-05
1.61558e+01	4.58579e-05
1.61789e+01	4.40061e-05
1.62020e+01	4.22233e-05
1.62251e+01	4.05072e-05
1.62482e+01	3.88555e-05
1.62713e+01	3.72662e-05
1.62943e+01	3.57370e-05
1.63174e+01	3.42660e-05
1.63405e+01	3.28512e-05
1.63636e+01	3.14905e-05
1.63867e+01	3.01822e-05
1.64098e+01	2.89245e-05
1.64329e+01	2.77155e-05
1.64560e+01	2.65535e-05
1.64791e+01	2.54368e-05
1.65022e+01	2.43639e-05
1.65253e+01	2.33332e-05
1.65484e+01	2.23431e-05
1.65715e+01	2.13923e-05
1.65946e+01	2.04792e-05
1.66177e+01	1.96026e-05
1.66408e+01	1.87612e-05
1.66639e+01	1.79536e-05
1.66870e+01	1.71786e-05
1.67101e+01	1.64350e-05
1.67332e+01	1.57217e-05
1.67563e+01	1.50375e-05
1.67794e+01	1.43814e-05
1.68025e+01	1.37522e-05
1.68256e+01	1.31490e-05
1.68487e+01	1.25707e-05
1.68718e+01	1.20165e-05
1.68948e+01	1.14855e-05
1.69179e+01	1.09766e-05
1.69410e+01	1.04891e-05
1.69641e+01	1.00221e-05
1.69872e+01	9.57486e-06
1.70103e+01	9.14660e-06
1.70334e+01	8.73657e-06
1.70565e+01	8.34404e-06
1.70796e+01	7.96832e-06
1.71027e+01	7.60872e-06
1.71258e+01	7.26459e-06
1.71489e+01	6.93531e-06
1.71720e+01	6.62028e-06
1.71951e+01	6.31890e-06
1.72182e+01	6.03063e-06
1.72413e+01	5.75492e-06
1.72644e+01	5.49127e-06
1.72875e+01	5.23917e-06
1.73106e+01	4.99814e-06
1.73337e+01	4.76773e-06
1.73568e+01	4.54748e-06
1.73799e+01	4.33699e-06
1.74030e+01	4.13583e-06
1.74261e+01	3.94362e-06
1.74492e+01	3.75998e-06
1.74723e+01	3.58454e-06
1.74953e+01	3.41696e-06
1.75184e+01	3.25690e-06
1.75415e+01	3.10405e-06
1.75646e+01	2.95808e-06
1.75877e+01	2.81872e-06
1.76108e+01	2.68568e-06
1.76339e+01	2.55868e-06
1.76570e+01	2.43747e-06
1.76801e+01	2.32179e-06
1.77032e+01	2.21141e-06
1.77263e+01	2.10609e-06
1.77494e+01	2.00562e-06
1.77725e+01	1.90978e-06
1.77956e+01	1.81836e-06
1.78187e+01	1.73119e-06
1.78418e+01	1.64806e-06
1.78649e+01	1.56879e-06
1.78880e+01	1.49322e-06
1.79111e+01	1.42116e-06
1.79342e+01	1.35248e-06
1.79573e+01	1.28702e-06
1.79804e+01	1.22463e-06
1.80035e+01	1.16518e-06
1.80266e+01	1.10854e-06
1.80497e+01	1.05457e-06
1.80728e+01	1.00317e-06
1.80958e+01	9.54205e-07
1.81189e+01	9.07569e-07
1.81420e+01	8.63154e-07
1.81651e+01	8.20858e-07
1.81882e+01	7.80579e-07
1.82113e+01	7.42223e-07
1.82344e+01	7.05699e-07
1.82575e+01	6.70924e-07
1.82806e+01	6.37816e-07
1.83037e+01	6.06299e-07
1.83268e+01	5.76297e-07
1.83499e+01	5.47740e-07
1.83730e+01	5.20560e-07
1.83961e+01	4.94694e-07
1.84192e+01	4.70079e-07
1.84423e+01	4.46658e-07
1.84654e+01	4.24373e-07
1.84885e+01	4.03171e-07
1.85116e+01	3.83001e-07
1.85347e+01	3.63815e-07
1.85578e+01	3.45565e-07
1.85809e+01	3.28207e-07
1.86040e+01	3.11700e-07
1.86271e+01	2.96002e-07
1.86502e+01	2.81075e-07
1.86733e+01	2.66883e-07
1.86963e+01	2.53391e-07
1.87194e+01	2.40564e-07
1.87425e+01	2.28371e-07
1.87656e+01	2.16783e-07
1.87887e+01	2.05769e-07
1.88118e+01	1.95302e-07
1.88349e+01	1.85356e-07
1.88580e+01	1.75906e-07
1.88811e+01	1.66927e-07
1.89042e+01	1.58397e-07
1.89273e+01	1.50294e-07
1.89504e+01	1.42597e-07
1.89735e+01	1.35287e-07
1.89966e+01	1.28345e-07
1.90197e+01	1.21753e-07
1.90428e+01	1.15494e-07
1.90659e+01	1.09551e-07
1.90890e+01	1.03908e-07
1.91121e+01	9.85514e-08
1.91352e+01	9.34661e-08
1.91583e+01	8.86388e-08
1.91814e+01	8.40567e-08
1.92045e+01	7.97075e-08
1.92276e+01	7.55796e-08
1.92507e+01	7.16620e-08
1.92738e+01	6.79442e-08
1.92968e+01	6.44162e-08
1.93199e+01	6.10684e-08
1.93430e+01	5.78919e-08
1.93661e+01	5.48780e-08
1.93892e+01	5.20186e-08
1.94123e+01	4.93059e-08
1.94354e+01	4.67326e-08
1.94585e+01	4.42915e-08
1.94816e+01	4.19761e-08
1.95047e+01	3.97799e-08
1.95278e+01	3.76970e-08
1.95509e+01	3.57216e-08
1.95740e+01	3.38482e-08
1.95971e+01	3.20718e-08
1.96202e+01	3.03873e-08
1.96433e+01	2.87902e-08
1.96664e+01	2.72759e-08
1.96895e+01	2.58402e-08
1.97126e+01	2.44793e-08
1.97357e+01	2.31891e-08
1.97588e+01	2.19662e-08
1.97819e+01	2.08071e-08
1.98050e+01	1.97085e-08
1.98281e+01	1.86674e-08
1.98512e+01	1.76807e-08
1.98743e+01	1.67458e-08
1.98973e+01	1.58600e-08
1.99204e+01	1.50205e-08
1.99435e+01	1.42247e-08
1.99666e+01	1.34704e-08
1.99897e+01	1.27556e-08
2.00128e+01	1.20781e-08
2.00359e+01	1.14360e-08
2.00590e+01	1.08276e-08
2.00821e+01	1.02510e-08
2.01052e+01	9.70468e-09
2.01283e+01	9.18705e-09
2.01514e+01	8.69663e-09
2.01745e+01	8.23201e-09
2.01976e+01	7.79185e-09
2.02207e+01	7.37489e-09
2.02438e+01	6.97992e-09
2.02669e+01	6.60581e-09
2.02900e+01	6.25147e-09
2.03131e+01	5.91587e-09
2.03362e+01	5.59804e-09
2.03593e+01	5.29706e-09
2.03824e+01	5.01205e-09
2.04055e+01	4.74218e-09
2.04286e+01	4.48666e-09
2.04517e+01	4.24474e-09
2.04748e+01	4.01571e-09
2.04979e+01	3.79891e-09
2.05209e+01	3.59369e-09
2.05440e+01	3.39944e-09
2.05671e+01	3.21559e-09
2.05902e+01	3.04159e-09
2.06133e+01	2.87691e-09
2.06364e+01	2.72106e-09
2.06595e+01	2.57356e-09
2.06826e+01	2.43397e-09
2.07057e+01	2.30186e-09
2.07288e+01	2.17685e-09
2.07519e+01	2.05855e-09
2.07750e+01	1.94661e-09
2.07981e+01	1.84069e-09
2.08212e+01	1.74047e-09
2.08443e+01	1.64565e-09
2.08674e+01	1.55594e-09
2.08905e+01	1.47107e-09
2.09136e+01	1.39078e-09
2.09367e+01	1.31482e-09
2.09598e+01	1.24297e-09
2.09829e+01	1.17501e-09
2.10060e+01	1.11073e-09
2.10291e+01	1.04993e-09
2.10522e+01	9.92425e-10
2.10753e+01	9.38041e-10
2.10984e+01	8.86609e-10
2.11214e+01	8.37970e-10
2.11445e+01	7.91973e-10
2.11676e+01	7.48477e-10
2.11907e+01	7.07347e-10
2.12138e+01	6.68455e-10
2.12369e+01	6.31681e-10
2.12600e+01	5.96911e-10
2.12831e+01	5.64036e-10
2.13062e+01	5.32954e-10
2.13293e+01	5.03568e-10
2.13524e+01	4.75786e-10
2.13755e+01	4.49522e-10
2.13986e+01	4.24693e-10
2.14217e+01	4.01222e-10
2.14448e+01	3.79034e-10
2.14679e+01	3.58060e-10
2.14910e+01	3.38235e-10
2.15141e+01	3.19496e-10
2.15372e+01	3.01783e-10
2.15603e+01	2.85042e-10
2.15834e+01	2.69219e-10
2.16065e+01	2.54265e-10
2.16296e+01	2.40132e-10
2.16527e+01	2.26775e-10
2.16758e+01	2.14152e-10
2.16989e+01	2.02224e-10
2.17219e+01	1.90952e-10
2.17450e+01	1.80300e-10
2.17681e+01	1.70235e-10
2.17912e+01	1.60724e-10
2.18143e+01	1.51737e-10
2.18374e+01	1.43246e-10
2.18605e+01	1.35223e-10
2.18836e+01	1.27642e-10
2.19067e+01	1.20480e-10
2.19298e+01	1.13713e-10
2.19529e+01	1.07320e-10
2.19760e+01	1.01279e-10
2.19991e+01	9.55722e-11
2.20222e+01	9.01800e-11
2.20453e+01	8.50852e-11
2.20684e+01	8.02714e-11
2.20915e+01	7.57230e-11
2.21146e+01	7.14249e-11
2.21377e+01	6.73631e-11
2.21608e+01	6.35242e-11
2.21839e+01	5.98956e-11
2.22070e+01	5.64654e-11
2.22301e+01	5.32224e-11
2.22532e+01	5.01558e-11
2.22763e+01	4.72557e-11
2.22994e+01	4.45126e-11
2.23224e+01	4.19173e-11
2.23455e+01	3.94614e-11
2.23686e+01	3.71368e-11
2.23917e+01	3.49360e-11
2.24148e+01	3.28516e-11
2.24379e+01	3.08768e-11
2.24610e+01	2.90051e-11
2.24841e+01	2.72304e-11
2.25072e+01	2.55468e-11
2.25303e+01	2.39488e-11
2.25534e+01	2.24312e-11
2.25765e+01	2.09890e-11
2.25996e+01	1.96174e-11
2.26227e+01	1.83120e-11
2.26458e+01	1.70684e-11
2.26689e+01	1.58827e-11
2.26920e+01	1.47510e-11
2.27151e+01	1.36695e-11
2.27382e+01	1.26347e-11
2.27613e+01	1.16433e-11
2.27844e+01	1.06922e-11
2.28075e+01	9.77813e-12
2.28306e+01	8.89832e-12
2.28537e+01	8.04998e-12
2.28768e+01	7.23046e-12
2.28999e+01	6.43727e-12
2.29229e+01	5.66807e-12
2.29460e+01	4.92067e-12
2.29691e+01	4.19302e-12
2.29922e+01	3.48330e-12
2.30153e+01	2.78992e-12
2.30384e+01	2.11153e-12
2.30615e+01	1.44713e-12
2.30846e+01	7.96060e-13
