# The ell = 0 distribution, the isotropy.
# E_N [Td]	5.00000e+01
# col_1: Electron Energy [eV], col_2: f0 [eV^(-3/2)]
eV	f0
1.42034e-02	6.44201e-02
4.26102e-02	6.43406e-02
7.10170e-02	6.42468e-02
9.94237e-02	6.41600e-02
1.27831e-01	6.40813e-02
1.56237e-01	6.40080e-02
1.84644e-01	6.39387e-02
2.13051e-01	6.38723e-02
2.41458e-01	6.38081e-02
2.69864e-01	6.37457e-02
2.98271e-01	6.36846e-02
3.26678e-01	6.36245e-02
3.55085e-01	6.35655e-02
3.83492e-01	6.35075e-02
4.11898e-01	6.34504e-02
4.40305e-01	6.33939e-02
4.68712e-01	6.33381e-02
4.97119e-01	6.32828e-02
5.25526e-01	6.32280e-02
5.53932e-01	6.31734e-02
5.82339e-01	6.31190e-02
6.10746e-01	6.30646e-02
6.39153e-01	6.30101e-02
6.67559e-01	6.29554e-02
6.95966e-01	6.29003e-02
7.24373e-01	6.28447e-02
7.52780e-01	6.27886e-02
7.81187e-01	6.27317e-02
8.09593e-01	6.26740e-02
8.38000e-01	6.26154e-02
8.66407e-01	6.25557e-02
8.94814e-01	6.24949e-02
9.23221e-01	6.24329e-02
9.51627e-01	6.23696e-02
9.80034e-01	6.23048e-02
1.00844e+00	6.22386e-02
1.03685e+00	6.21711e-02
1.06525e+00	6.21025e-02
1.09366e+00	6.20328e-02
1.12207e+00	6.19619e-02
1.15047e+00	6.18899e-02
1.17888e+00	6.18168e-02
1.20729e+00	6.17427e-02
1.23570e+00	6.16675e-02
1.26410e+00	6.15912e-02
1.29251e+00	6.15139e-02
1.32092e+00	6.14358e-02
1.34932e+00	6.13569e-02
1.37773e+00	6.12774e-02
1.40614e+00	6.11974e-02
1.43454e+00	6.11167e-02
1.46295e+00	6.10355e-02
1.49136e+00	6.09533e-02
1.51976e+00	6.08701e-02
1.54817e+00	6.07863e-02
1.57658e+00	6.07021e-02
1.60498e+00	6.06177e-02
1.63339e+00	6.05331e-02
1.66180e+00	6.04484e-02
1.69020e+00	6.03636e-02
1.71861e+00	6.02789e-02
1.74702e+00	6.01941e-02
1.77542e+00	6.01094e-02
1.80383e+00	6.00247e-02
1.83224e+00	5.99399e-02
1.86064e+00	5.98549e-02
1.88905e+00	5.97699e-02
1.91746e+00	5.96846e-02
1.94586e+00	5.95991e-02
1.97427e+00	5.95134e-02
2.00268e+00	5.94274e-02
2.03109e+00	5.93410e-02
2.05949e+00	5.92542e-02
2.08790e+00	5.91669e-02
2.11631e+00	5.90791e-02
2.14471e+00	5.89907e-02
2.17312e+00	5.89018e-02
2.20153e+00	5.88123e-02
2.22993e+00	5.87223e-02
2.25834e+00	5.86316e-02
2.28675e+00	5.85404e-02
2.31515e+00	5.84484e-02
2.34356e+00	5.83559e-02
2.37197e+00	5.82626e-02
2.40037e+00	5.81687e-02
2.42878e+00	5.80741e-02
2.45719e+00	5.79788e-02
2.48559e+00	5.78828e-02
2.51400e+00	5.77860e-02
2.54241e+00	5.76886e-02
2.57081e+00	5.75903e-02
2.59922e+00	5.74913e-02
2.62763e+00	5.73915e-02
2.65603e+00	5.72910e-02
2.68444e+00	5.71897e-02
2.71285e+00	5.70877e-02
2.74125e+00	5.69849e-02
2.76966e+00	5.68814e-02
2.79807e+00	5.67772e-02
2.82648e+00	5.66723e-02
2.85488e+00	5.65666e-02
2.88329e+00	5.64602e-02
2.91170e+00	5.63531e-02
2.94010e+00	5.62453e-02
2.96851e+00	5.61368e-02
2.99692e+00	5.60276e-02
3.02532e+00	5.59178e-02
3.05373e+00	5.58074e-02
3.08214e+00	5.56963e-02
3.11054e+00	5.55845e-02
3.13895e+00	5.54722e-02
3.16736e+00	5.53593e-02
3.19576e+00	5.52458e-02
3.22417e+00	5.51316e-02
3.25258e+00	5.50170e-02
3.28098e+00	5.49017e-02
3.30939e+00	5.47859e-02
3.33780e+00	5.46695e-02
3.36620e+00	5.45526e-02
3.39461e+00	5.44351e-02
3.42302e+00	5.43172e-02
3.45142e+00	5.41987e-02
3.47983e+00	5.40797e-02
3.50824e+00	5.39602e-02
3.53664e+00	5.38402e-02
3.56505e+00	5.37198e-02
3.59346e+00	5.35989e-02
3.62187e+00	5.34775e-02
3.65027e+00	5.33558e-02
3.67868e+00	5.32335e-02
3.70709e+00	5.31109e-02
3.73549e+00	5.29878e-02
3.76390e+00	5.28643e-02
3.79231e+00	5.27404e-02
3.82071e+00	5.26162e-02
3.84912e+00	5.24915e-02
3.87753e+00	5.23665e-02
3.90593e+00	5.22411e-02
3.93434e+00	5.21154e-02
3.96275e+00	5.19893e-02
3.99115e+00	5.18628e-02
4.01956e+00	5.17359e-02
4.04797e+00	5.16085e-02
4.07637e+00	5.14805e-02
4.10478e+00	5.13520e-02
4.13319e+00	5.12229e-02
4.16159e+00	5.10933e-02
4.19000e+00	5.09631e-02
4.21841e+00	5.08324e-02
4.24681e+00	5.07012e-02
4.27522e+00	5.05694e-02
4.30363e+00	5.04372e-02
4.33203e+00	5.03044e-02
4.36044e+00	5.01712e-02
4.38885e+00	5.00374e-02
4.41726e+00	4.99031e-02
4.44566e+00	4.97684e-02
4.47407e+00	4.96332e-02
4.50248e+00	4.94975e-02
4.53088e+00	4.93614e-02
4.55929e+00	4.92248e-02
4.58770e+00	4.90878e-02
4.61610e+00	4.89503e-02
4.64451e+00	4.88125e-02
4.67292e+00	4.86741e-02
4.70132e+00	4.85354e-02
4.72973e+00	4.83962e-02
4.75814e+00	4.82567e-02
4.78654e+00	4.81167e-02
4.81495e+00	4.79764e-02
4.84336e+00	4.78356e-02
4.87176e+00	4.76945e-02
4.90017e+00	4.75530e-02
4.92858e+00	4.74111e-02
4.95698e+00	4.72689e-02
4.98539e+00	4.71263e-02
5.01380e+00	4.69833e-02
5.04220e+00	4.68400e-02
5.07061e+00	4.66962e-02
5.09902e+00	4.65521e-02
5.12742e+00	4.64076e-02
5.15583e+00	4.62627e-02
5.18424e+00	4.61174e-02
5.21265e+00	4.59718e-02
5.24105e+00	4.58258e-02
5.26946e+00	4.56794e-02
5.29787e+00	4.55327e-02
5.32627e+00	4.53856e-02
5.35468e+00	4.52382e-02
5.38309e+00	4.50904e-02
5.41149e+00	4.49423e-02
5.43990e+00	4.47939e-02
5.46831e+00	4.46452e-02
5.49671e+00	4.44961e-02
5.52512e+00	4.43467e-02
5.55353e+00	4.41970e-02
5.58193e+00	4.40470e-02
5.61034e+00	4.38966e-02
5.63875e+00	4.37460e-02
5.66715e+00	4.35951e-02
5.69556e+00	4.34439e-02
5.72397e+00	4.32924e-02
5.75237e+00	4.31406e-02
5.78078e+00	4.29885e-02
5.80919e+00	4.28362e-02
5.83759e+00	4.26835e-02
5.86600e+00	4.25306e-02
5.89441e+00	4.23775e-02
5.92281e+00	4.22240e-02
5.95122e+00	4.20703e-02
5.97963e+00	4.19164e-02
6.00804e+00	4.17622e-02
6.03644e+00	4.16078e-02
6.06485e+00	4.14532e-02
6.09326e+00	4.12984e-02
6.12166e+00	4.11433e-02
6.15007e+00	4.09881e-02
6.17848e+00	4.08327e-02
6.20688e+00	4.06771e-02
6.23529e+00	4.05213e-02
6.26370e+00	4.03653e-02
6.29210e+00	4.02092e-02
6.32051e+00	4.00528e-02
6.34892e+00	3.98963e-02
6.37732e+00	3.97396e-02
6.40573e+00	3.95828e-02
6.43414e+00	3.94257e-02
6.46254e+00	3.92685e-02
6.49095e+00	3.91111e-02
6.51936e+00	3.89536e-02
6.54776e+00	3.87959e-02
6.57617e+00	3.86381e-02
6.60458e+00	3.84800e-02
6.63298e+00	3.83219e-02
6.66139e+00	3.81635e-02
6.68980e+00	3.80050e-02
6.71820e+00	3.78464e-02
6.74661e+00	3.76876e-02
6.77502e+00	3.75287e-02
6.80343e+00	3.73696e-02
6.83183e+00	3.72103e-02
6.86024e+00	3.70509e-02
6.88865e+00	3.68914e-02
6.91705e+00	3.67317e-02
6.94546e+00	3.65719e-02
6.97387e+00	3.64120e-02
7.00227e+00	3.62521e-02
7.03068e+00	3.60920e-02
7.05909e+00	3.59319e-02
7.08749e+00	3.57717e-02
7.11590e+00	3.56115e-02
7.14431e+00	3.54513e-02
7.17271e+00	3.52911e-02
7.20112e+00	3.51308e-02
7.22953e+00	3.49706e-02
7.25793e+00	3.48103e-02
7.28634e+00	3.46501e-02
7.31475e+00	3.44898e-02
7.34315e+00	3.43295e-02
7.37156e+00	3.41692e-02
7.39997e+00	3.40089e-02
7.42837e+00	3.38486e-02
7.45678e+00	3.36883e-02
7.48519e+00	3.35280e-02
7.51359e+00	3.33676e-02
7.54200e+00	3.32073e-02
7.57041e+00	3.30470e-02
7.59882e+00	3.28866e-02
7.62722e+00	3.27263e-02
7.65563e+00	3.25659e-02
7.68404e+00	3.24055e-02
7.71244e+00	3.22452e-02
7.74085e+00	3.20848e-02
7.76926e+00	3.19244e-02
7.79766e+00	3.17641e-02
7.82607e+00	3.16037e-02
7.85448e+00	3.14433e-02
7.88288e+00	3.12829e-02
7.91129e+00	3.11225e-02
7.93970e+00	3.09621e-02
7.96810e+00	3.08017e-02
7.99651e+00	3.06413e-02
8.02492e+00	3.04809e-02
8.05332e+00	3.03205e-02
8.08173e+00	3.01601e-02
8.11014e+00	2.99997e-02
8.13854e+00	2.98393e-02
8.16695e+00	2.96788e-02
8.19536e+00	2.95184e-02
8.22376e+00	2.93580e-02
8.25217e+00	2.91976e-02
8.28058e+00	2.90372e-02
8.30898e+00	2.88768e-02
8.33739e+00	2.87163e-02
8.36580e+00	2.85559e-02
8.39421e+00	2.83955e-02
8.42261e+00	2.82351e-02
8.45102e+00	2.80746e-02
8.47943e+00	2.79142e-02
8.50783e+00	2.77538e-02
8.53624e+00	2.75934e-02
8.56465e+00	2.74330e-02
8.59305e+00	2.72726e-02
8.62146e+00	2.71121e-02
8.64987e+00	2.69517e-02
8.67827e+00	2.67913e-02
8.70668e+00	2.66309e-02
8.73509e+00	2.64705e-02
8.76349e+00	2.63101e-02
8.79190e+00	2.61497e-02
8.82031e+00	2.59893e-02
8.84871e+00	2.58289e-02
8.87712e+00	2.56685e-02
8.90553e+00	2.55081e-02
8.93393e+00	2.53477e-02
8.96234e+00	2.51873e-02
8.99075e+00	2.50270e-02
9.01915e+00	2.48667e-02
9.04756e+00	2.47064e-02
9.07597e+00	2.45461e-02
9.10437e+00	2.43859e-02
9.13278e+00	2.42257e-02
9.16119e+00	2.40655e-02
9.18960e+00	2.39054e-02
9.21800e+00	2.37453e-02
9.24641e+00	2.35852e-02
9.27482e+00	2.34252e-02
9.30322e+00	2.32652e-02
9.33163e+00	2.31052e-02
9.36004e+00	2.29453e-02
9.38844e+00	2.27854e-02
9.41685e+00	2.26255e-02
9.44526e+00	2.24657e-02
9.47366e+00	2.23059e-02
9.50207e+00	2.21462e-02
9.53048e+00	2.19865e-02
9.55888e+00	2.18268e-02
9.58729e+00	2.16672e-02
9.61570e+00	2.15076e-02
9.64410e+00	2.13480e-02
9.67251e+00	2.11885e-02
9.70092e+00	2.10290e-02
9.72932e+00	2.08696e-02
9.75773e+00	2.07103e-02
9.78614e+00	2.05510e-02
9.81454e+00	2.03918e-02
9.84295e+00	2.02326e-02
9.87136e+00	2.00735e-02
9.89976e+00	1.99144e-02
9.92817e+00	1.97554e-02
9.95658e+00	1.95965e-02
9.98498e+00	1.94376e-02
1.00134e+01	1.92787e-02
1.00418e+01	1.91199e-02
1.00702e+01	1.89615e-02
1.00986e+01	1.88033e-02
1.01270e+01	1.86454e-02
1.01554e+01	1.84878e-02
1.01838e+01	1.83305e-02
1.02122e+01	1.81734e-02
1.02406e+01	1.80167e-02
1.02691e+01	1.78603e-02
1.02975e+01	1.77041e-02
1.03259e+01	1.75482e-02
1.03543e+01	1.73926e-02
1.03827e+01	1.72373e-02
1.04111e+01	1.70823e-02
1.04395e+01	1.69276e-02
1.04679e+01	1.67731e-02
1.04963e+01	1.66189e-02
1.05247e+01	1.64650e-02
1.05531e+01	1.63113e-02
1.05815e+01	1.61580e-02
1.06099e+01	1.60048e-02
1.06383e+01	1.58521e-02
1.06667e+01	1.56998e-02
1.06952e+01	1.55480e-02
1.07236e+01	1.53967e-02
1.07520e+01	1.52458e-02
1.07804e+01	1.50954e-02
1.08088e+01	1.49455e-02
1.08372e+01	1.47961e-02
1.08656e+01	1.46471e-02
1.08940e+01	1.44986e-02
1.09224e+01	1.43506e-02
1.09508e+01	1.42030e-02
1.09792e+01	1.40559e-02
1.10076e+01	1.39092e-02
1.10360e+01	1.37629e-02
1.10644e+01	1.36171e-02
1.10928e+01	1.34718e-02
1.11213e+01	1.33269e-02
1.11497e+01	1.31824e-02
1.11781e+01	1.30384e-02
1.12065e+01	1.28948e-02
1.12349e+01	1.27516e-02
1.12633e+01	1.26089e-02
1.12917e+01	1.24666e-02
1.13201e+01	1.23246e-02
1.13485e+01	1.21831e-02
1.13769e+01	1.20420e-02
1.14053e+01	1.19012e-02
1.14337e+01	1.17608e-02
1.14621e+01	1.16208e-02
1.14905e+01	1.14811e-02
1.15190e+01	1.13416e-02
1.15474e+01	1.12025e-02
1.15758e+01	1.10634e-02
1.16042e+01	1.09247e-02
1.16326e+01	1.07863e-02
1.16610e+01	1.06486e-02
1.16894e+01	1.05119e-02
1.17178e+01	1.03762e-02
1.17462e+01	1.02413e-02
1.17746e+01	1.01071e-02
1.18030e+01	9.97366e-03
1.18314e+01	9.84093e-03
1.18598e+01	9.70914e-03
1.18882e+01	9.57902e-03
1.19166e+01	9.45006e-03
1.19451e+01	9.32204e-03
1.19735e+01	9.19484e-03
1.20019e+01	9.06842e-03
1.20303e+01	8.94276e-03
1.20587e+01	8.81788e-03
1.20871e+01	8.69378e-03
1.21155e+01	8.57047e-03
1.21439e+01	8.44794e-03
1.21723e+01	8.32623e-03
1.22007e+01	8.20535e-03
1.22291e+01	8.08532e-03
1.22575e+01	7.96618e-03
1.22859e+01	7.84797e-03
1.23143e+01	7.73072e-03
1.23427e+01	7.61448e-03
1.23712e+01	7.49923e-03
1.23996e+01	7.38501e-03
1.24280e+01	7.27180e-03
1.24564e+01	7.15963e-03
1.24848e+01	7.04853e-03
1.25132e+01	6.93852e-03
1.25416e+01	6.82962e-03
1.25700e+01	6.72185e-03
1.25984e+01	6.61530e-03
1.26268e+01	6.51003e-03
1.26552e+01	6.40604e-03
1.26836e+01	6.30335e-03
1.27120e+01	6.20195e-03
1.27404e+01	6.10184e-03
1.27688e+01	6.00300e-03
1.27973e+01	5.90542e-03
1.28257e+01	5.80910e-03
1.28541e+01	5.71399e-03
1.28825e+01	5.62003e-03
1.29109e+01	5.52711e-03
1.29393e+01	5.43523e-03
1.29677e+01	5.34439e-03
1.29961e+01	5.25440e-03
1.30245e+01	5.16523e-03
1.30529e+01	5.07745e-03
1.30813e+01	4.99170e-03
1.31097e+01	4.90746e-03
1.31381e+01	4.82427e-03
1.31665e+01	4.74181e-03
1.31950e+01	4.66018e-03
1.32234e+01	4.57965e-03
1.32518e+01	4.50013e-03
1.32802e+01	4.42145e-03
1.33086e+01	4.34354e-03
1.33370e+01	4.26632e-03
1.33654e+01	4.18975e-03
1.33938e+01	4.11383e-03
1.34222e+01	4.03856e-03
1.34506e+01	3.96399e-03
1.34790e+01	3.89018e-03
1.35074e+01	3.81720e-03
1.35358e+01	3.74502e-03
1.35642e+01	3.67364e-03
1.35926e+01	3.60306e-03
1.36211e+01	3.53329e-03
1.36495e+01	3.46434e-03
1.36779e+01	3.39620e-03
1.37063e+01	3.32888e-03
1.37347e+01	3.26236e-03
1.37631e+01	3.19666e-03
1.37915e+01	3.13177e-03
1.38199e+01	3.06767e-03
1.38483e+01	3.00438e-03
1.38767e+01	2.94188e-03
1.39051e+01	2.88018e-03
1.39335e+01	2.81928e-03
1.39619e+01	2.75919e-03
1.39903e+01	2.69992e-03
1.40187e+01	2.64147e-03
1.40472e+01	2.58385e-03
1.40756e+01	2.52706e-03
1.41040e+01	2.47111e-03
1.41324e+01	2.41601e-03
1.41608e+01	2.36176e-03
1.41892e+01	2.30835e-03
1.42176e+01	2.25578e-03
1.42460e+01	2.20406e-03
1.42744e+01	2.15319e-03
1.43028e+01	2.10316e-03
1.43312e+01	2.05397e-03
1.43596e+01	2.00563e-03
1.43880e+01	1.95813e-03
1.44164e+01	1.91147e-03
1.44449e+01	1.86565e-03
1.44733e+01	1.82066e-03
1.45017e+01	1.77650e-03
1.45301e+01	1.73317e-03
1.45585e+01	1.69066e-03
1.45869e+01	1.64896e-03
1.46153e+01	1.60807e-03
1.46437e+01	1.56798e-03
1.46721e+01	1.52869e-03
1.47005e+01	1.49019e-03
1.47289e+01	1.45246e-03
1.47573e+01	1.41551e-03
1.47857e+01	1.37933e-03
1.48141e+01	1.34390e-03
1.48425e+01	1.30922e-03
1.48710e+01	1.27529e-03
1.48994e+01	1.24209e-03
1.49278e+01	1.20961e-03
1.49562e+01	1.17785e-03
1.49846e+01	1.14679e-03
1.50130e+01	1.11644e-03
1.50414e+01	1.08678e-03
1.50698e+01	1.05780e-03
1.50982e+01	1.02948e-03
1.51266e+01	1.00182e-03
1.51550e+01	9.74791e-04
1.51834e+01	9.48392e-04
1.52118e+01	9.22607e-04
1.52402e+01	8.97425e-04
1.52686e+01	8.72834e-04
1.52971e+01	8.48823e-04
1.53255e+01	8.25379e-04
1.53539e+01	8.02492e-04
1.53823e+01	7.80151e-04
1.54107e+01	7.58345e-04
1.54391e+01	7.37062e-04
1.54675e+01	7.16293e-04
1.54959e+01	6.96026e-04
1.55243e+01	6.76251e-04
1.55527e+01	6.56957e-04
1.55811e+01	6.38135e-04
1.56095e+01	6.19773e-04
1.56379e+01	6.01862e-04
1.56663e+01	5.84391e-04
1.56947e+01	5.67349e-04
1.57232e+01	5.50727e-04
1.57516e+01	5.34513e-04
1.57800e+01	5.18696e-04
1.58084e+01	5.03267e-04
1.58368e+01	4.88222e-04
1.58652e+01	4.73557e-04
1.58936e+01	4.59266e-04
1.59220e+01	4.45345e-04
1.59504e+01	4.31787e-04
1.59788e+01	4.18588e-04
1.60072e+01	4.05742e-04
1.60356e+01	3.93242e-04
1.60640e+01	3.81082e-04
1.60924e+01	3.69255e-04
1.61209e+01	3.57752e-04
1.61493e+01	3.46566e-04
1.61777e+01	3.35691e-04
1.62061e+01	3.25118e-04
1.62345e+01	3.14842e-04
1.62629e+01	3.04855e-04
1.62913e+01	2.95151e-04
1.63197e+01	2.85723e-04
1.63481e+01	2.76564e-04
1.63765e+01	2.67668e-04
1.64049e+01	2.59028e-04
1.64333e+01	2.50639e-04
1.64617e+01	2.42494e-04
1.64901e+01	2.34588e-04
1.65185e+01	2.26913e-04
1.65470e+01	2.19465e-04
1.65754e+01	2.12237e-04
1.66038e+01	2.05225e-04
1.66322e+01	1.98423e-04
1.66606e+01	1.91825e-04
1.66890e+01	1.85427e-04
1.67174e+01	1.79224e-04
1.67458e+01	1.73210e-04
1.67742e+01	1.67380e-04
1.68026e+01	1.61730e-04
1.68310e+01	1.56254e-04
1.68594e+01	1.50949e-04
1.68878e+01	1.45810e-04
1.69162e+01	1.40832e-04
1.69446e+01	1.36011e-04
1.69731e+01	1.31342e-04
1.70015e+01	1.26822e-04
1.70299e+01	1.22446e-04
1.70583e+01	1.18210e-04
1.70867e+01	1.14111e-04
1.71151e+01	1.10144e-04
1.71435e+01	1.06305e-04
1.71719e+01	1.02592e-04
1.72003e+01	9.89987e-05
1.72287e+01	9.55233e-05
1.72571e+01	9.21620e-05
1.72855e+01	8.89114e-05
1.73139e+01	8.57680e-05
1.73423e+01	8.27288e-05
1.73707e+01	7.97905e-05
1.73992e+01	7.69501e-05
1.74276e+01	7.42047e-05
1.74560e+01	7.15514e-05
1.74844e+01	6.89873e-05
1.75128e+01	6.65097e-05
1.75412e+01	6.41159e-05
1.75696e+01	6.18033e-05
1.75980e+01	5.95695e-05
1.76264e+01	5.74120e-05
1.76548e+01	5.53284e-05
1.76832e+01	5.33164e-05
1.77116e+01	5.13738e-05
1.77400e+01	4.94985e-05
1.77684e+01	4.76882e-05
1.77969e+01	4.59409e-05
1.78253e+01	4.42547e-05
1.78537e+01	4.26276e-05
1.78821e+01	4.10573e-05
1.79105e+01	3.95422e-05
1.79389e+01	3.80804e-05
1.79673e+01	3.66703e-05
1.79957e+01	3.53102e-05
1.80241e+01	3.39984e-05
1.80525e+01	3.27334e-05
1.80809e+01	3.15136e-05
1.81093e+01	3.03375e-05
1.81377e+01	2.92036e-05
1.81661e+01	2.81105e-05
1.81945e+01	2.70566e-05
1.82230e+01	2.60407e-05
1.82514e+01	2.50613e-05
1.82798e+01	2.41172e-05
1.83082e+01	2.32072e-05
1.83366e+01	2.23302e-05
1.83650e+01	2.14850e-05
1.83934e+01	2.06705e-05
1.84218e+01	1.98857e-05
1.84502e+01	1.91295e-05
1.84786e+01	1.84009e-05
1.85070e+01	1.76989e-05
1.85354e+01	1.70228e-05
1.85638e+01	1.63714e-05
1.85922e+01	1.57440e-05
1.86206e+01	1.51398e-05
1.86491e+01	1.45579e-05
1.86775e+01	1.39976e-05
1.87059e+01	1.34580e-05
1.87343e+01	1.29385e-05
1.87627e+01	1.24384e-05
1.87911e+01	1.19569e-05
1.88195e+01	1.14935e-05
1.88479e+01	1.10474e-05
1.88763e+01	1.06181e-05
1.89047e+01	1.02050e-05
1.89331e+01	9.80743e-06
1.89615e+01	9.42492e-06
1.89899e+01	9.05690e-06
1.90183e+01	8.70287e-06
1.90467e+01	8.36231e-06
1.90752e+01	8.03474e-06
1.91036e+01	7.71967e-06
1.91320e+01	7.41665e-06
1.91604e+01	7.12522e-06
1.91888e+01	6.84496e-06
1.92172e+01	6.57545e-06
1.92456e+01	6.31629e-06
1.92740e+01	6.06711e-06
1.93024e+01	5.82751e-06
1.93308e+01	5.59716e-06
1.93592e+01	5.37571e-06
1.93876e+01	5.16281e-06
1.94160e+01	4.95816e-06
1.94444e+01	4.76144e-06
1.94729e+01	4.57236e-06
1.95013e+01	4.39063e-06
1.95297e+01	4.21597e-06
1.95581e+01	4.04811e-06
1.95865e+01	3.88681e-06
1.96149e+01	3.73182e-06
1.96433e+01	3.58288e-06
1.96717e+01	3.43979e-06
1.97001e+01	3.30231e-06
1.97285e+01	3.17024e-06
1.97569e+01	3.04337e-06
1.97853e+01	2.92151e-06
1.98137e+01	2.80446e-06
1.98421e+01	2.69203e-06
1.98705e+01	2.58407e-06
1.98990e+01	2.48040e-06
1.99274e+01	2.38080e-06
1.99558e+01	2.28512e-06
1.99842e+01	2.19319e-06
2.00126e+01	2.10488e-06
2.00410e+01	2.02004e-06
2.00694e+01	1.93855e-06
2.00978e+01	1.86027e-06
2.01262e+01	1.78508e-06
2.01546e+01	1.71287e-06
2.01830e+01	1.64351e-06
2.02114e+01	1.57690e-06
2.02398e+01	1.51294e-06
2.02682e+01	1.45151e-06
2.02966e+01	1.39253e-06
2.03251e+01	1.33590e-06
2.03535e+01	1.28152e-06
2.03819e+01	1.22931e-06
2.04103e+01	1.17919e-06
2.04387e+01	1.13107e-06
2.04671e+01	1.08489e-06
2.04955e+01	1.04056e-06
2.05239e+01	9.98007e-07
2.05523e+01	9.57172e-07
2.05807e+01	9.17983e-07
2.06091e+01	8.80375e-07
2.06375e+01	8.44286e-07
2.06659e+01	8.09651e-07
2.06943e+01	7.76414e-07
2.07227e+01	7.44518e-07
2.07512e+01	7.13910e-07
2.07796e+01	6.84540e-07
2.08080e+01	6.56358e-07
2.08364e+01	6.29317e-07
2.08648e+01	6.03372e-07
2.08932e+01	5.78479e-07
2.09216e+01	5.54596e-07
2.09500e+01	5.31684e-07
2.09784e+01	5.09704e-07
2.10068e+01	4.88619e-07
2.10352e+01	4.68393e-07
2.10636e+01	4.48992e-07
2.10920e+01	4.30383e-07
2.11204e+01	4.12534e-07
2.11489e+01	3.95415e-07
2.11773e+01	3.78995e-07
2.12057e+01	3.63247e-07
2.12341e+01	3.48145e-07
2.12625e+01	3.33661e-07
2.12909e+01	3.19771e-07
2.13193e+01	3.06451e-07
2.13477e+01	2.93677e-07
2.13761e+01	2.81429e-07
2.14045e+01	2.69684e-07
2.14329e+01	2.58422e-07
2.14613e+01	2.47624e-07
2.14897e+01	2.37270e-07
2.15181e+01	2.27343e-07
2.15465e+01	2.17826e-07
2.15750e+01	2.08701e-07
2.16034e+01	1.99953e-07
2.16318e+01	1.91567e-07
2.16602e+01	1.83528e-07
2.16886e+01	1.75822e-07
2.17170e+01	1.68435e-07
2.17454e+01	1.61355e-07
2.17738e+01	1.54568e-07
2.18022e+01	1.48064e-07
2.18306e+01	1.41830e-07
2.18590e+01	1.35856e-07
2.18874e+01	1.30131e-07
2.19158e+01	1.24645e-07
2.19442e+01	1.19388e-07
2.19726e+01	1.14351e-07
2.20011e+01	1.09525e-07
2.20295e+01	1.04901e-07
2.20579e+01	1.00471e-07
2.20863e+01	9.62272e-08
2.21147e+01	9.21616e-08
2.21431e+01	8.82668e-08
2.21715e+01	8.45356e-08
2.21999e+01	8.09612e-08
2.22283e+01	7.75370e-08
2.22567e+01	7.42567e-08
2.22851e+01	7.11143e-08
2.23135e+01	6.81040e-08
2.23419e+01	6.52203e-08
2.23703e+01	6.24578e-08
2.23988e+01	5.98116e-08
2.24272e+01	5.72766e-08
2.24556e+01	5.48484e-08
2.24840e+01	5.25223e-08
2.25124e+01	5.02942e-08
2.25408e+01	4.81598e-08
2.25692e+01	4.61154e-08
2.25976e+01	4.41571e-08
2.26260e+01	4.22814e-08
2.26544e+01	4.04847e-08
2.26828e+01	3.87638e-08
2.27112e+01	3.71156e-08
2.27396e+01	3.55370e-08
2.27680e+01	3.40250e-08
2.27964e+01	3.25770e-08
2.28249e+01	3.11902e-08
2.28533e+01	2.98620e-08
2.28817e+01	2.85901e-08
2.29101e+01	2.73720e-08
2.29385e+01	2.62056e-08
2.29669e+01	2.50886e-08
2.29953e+01	2.40189e-08
2.30237e+01	2.29947e-08
2.30521e+01	2.20140e-08
2.30805e+01	2.10749e-08
2.31089e+01	2.01757e-08
2.31373e+01	1.93147e-08
2.31657e+01	1.84903e-08
2.31941e+01	1.77009e-08
2.32225e+01	1.69451e-08
2.32510e+01	1.62215e-08
2.32794e+01	1.55286e-08
2.33078e+01	1.48652e-08
2.33362e+01	1.42300e-08
2.33646e+01	1.36218e-08
2.33930e+01	1.30396e-08
2.34214e+01	1.24821e-08
2.34498e+01	1.19484e-08
2.34782e+01	1.14374e-08
2.35066e+01	1.09481e-08
2.35350e+01	1.04798e-08
2.35634e+01	1.00313e-08
2.35918e+01	9.60205e-09
2.36202e+01	9.19106e-09
2.36486e+01	8.79760e-09
2.36771e+01	8.42092e-09
2.37055e+01	8.06032e-09
2.37339e+01	7.71511e-09
2.37623e+01	7.38463e-09
2.37907e+01	7.06825e-09
2.38191e+01	6.76539e-09
2.38475e+01	6.47546e-09
2.38759e+01	6.19791e-09
2.39043e+01	5.93222e-09
2.39327e+01	5.67788e-09
2.39611e+01	5.43441e-09
2.39895e+01	5.20135e-09
2.40179e+01	4.97826e-09
2.40463e+01	4.76470e-09
2.40748e+01	4.56028e-09
2.41032e+01	4.36460e-09
2.41316e+01	4.17729e-09
2.41600e+01	3.99800e-09
2.41884e+01	3.82638e-09
2.42168e+01	3.66211e-09
2.42452e+01	3.50487e-09
2.42736e+01	3.35437e-09
2.43020e+01	3.21032e-09
2.43304e+01	3.07244e-09
2.43588e+01	2.94047e-09
2.43872e+01	2.81416e-09
2.44156e+01	2.69327e-09
2.44440e+01	2.57757e-09
2.44724e+01	2.46683e-09
2.45009e+01	2.36084e-09
2.45293e+01	2.25940e-09
2.45577e+01	2.16232e-09
2.45861e+01	2.06941e-09
2.46145e+01	1.98049e-09
2.46429e+01	1.89539e-09
2.46713e+01	1.81396e-09
2.46997e+01	1.73602e-09
2.47281e+01	1.66144e-09
2.47565e+01	1.59006e-09
2.47849e+01	1.52174e-09
2.48133e+01	1.45635e-09
2.48417e+01	1.39377e-09
2.48701e+01	1.33388e-09
2.48985e+01	1.27657e-09
2.49270e+01	1.22172e-09
2.49554e+01	1.16922e-09
2.49838e+01	1.11899e-09
2.50122e+01	1.07091e-09
2.50406e+01	1.02491e-09
2.50690e+01	9.80887e-10
2.50974e+01	9.38762e-10
2.51258e+01	8.98454e-10
2.51542e+01	8.59885e-10
2.51826e+01	8.22974e-10
2.52110e+01	7.87644e-10
2.52394e+01	7.53828e-10
2.52678e+01	7.21461e-10
2.52962e+01	6.90480e-10
2.53246e+01	6.60825e-10
2.53531e+01	6.32439e-10
2.53815e+01	6.05268e-10
2.54099e+01	5.79261e-10
2.54383e+01	5.54365e-10
2.54667e+01	5.30534e-10
2.54951e+01	5.07723e-10
2.55235e+01	4.85887e-10
2.55519e+01	4.64985e-10
2.55803e+01	4.44978e-10
2.56087e+01	4.25827e-10
2.56371e+01	4.07495e-10
2.56655e+01	3.89948e-10
2.56939e+01	3.73151e-10
2.57223e+01	3.57075e-10
2.57508e+01	3.41687e-10
2.57792e+01	3.26958e-10
2.58076e+01	3.12861e-10
2.58360e+01	2.99368e-10
2.58644e+01	2.86455e-10
2.58928e+01	2.74095e-10
2.59212e+01	2.62266e-10
2.59496e+01	2.50946e-10
2.59780e+01	2.40111e-10
2.60064e+01	2.29743e-10
2.60348e+01	2.19821e-10
2.60632e+01	2.10327e-10
2.60916e+01	2.01241e-10
2.61200e+01	1.92546e-10
2.61484e+01	1.84224e-10
2.61769e+01	1.76261e-10
2.62053e+01	1.68641e-10
2.62337e+01	1.61348e-10
2.62621e+01	1.54369e-10
2.62905e+01	1.47689e-10
2.63189e+01	1.41297e-10
2.63473e+01	1.35179e-10
2.63757e+01	1.29325e-10
2.64041e+01	1.23721e-10
2.64325e+01	1.18358e-10
2.64609e+01	1.13225e-10
2.64893e+01	1.08313e-10
2.65177e+01	1.03611e-10
2.65461e+01	9.91106e-11
2.65745e+01	9.48030e-11
2.66030e+01	9.06799e-11
2.66314e+01	8.67332e-11
2.66598e+01	8.29554e-11
2.66882e+01	7.93390e-11
2.67166e+01	7.58771e-11
2.67450e+01	7.25629e-11
2.67734e+01	6.93901e-11
2.68018e+01	6.63523e-11
2.68302e+01	6.34439e-11
2.68586e+01	6.06590e-11
2.68870e+01	5.79924e-11
2.69154e+01	5.54388e-11
2.69438e+01	5.29933e-11
2.69722e+01	5.06511e-11
2.70006e+01	4.84076e-11
2.70291e+01	4.62586e-11
2.70575e+01	4.41999e-11
2.70859e+01	4.22274e-11
2.71143e+01	4.03374e-11
2.71427e+01	3.85261e-11
2.71711e+01	3.67901e-11
2.71995e+01	3.51260e-11
2.72279e+01	3.35306e-11
2.72563e+01	3.20007e-11
2.72847e+01	3.05335e-11
2.73131e+01	2.91260e-11
2.73415e+01	2.77756e-11
2.73699e+01	2.64796e-11
2.73983e+01	2.52355e-11
2.74268e+01	2.40409e-11
2.74552e+01	2.28935e-11
2.74836e+01	2.17911e-11
2.75120e+01	2.07315e-11
2.75404e+01	1.97127e-11
2.75688e+01	1.87328e-11
2.75972e+01	1.77897e-11
2.76256e+01	1.68819e-11
2.76540e+01	1.60074e-11
2.76824e+01	1.51646e-11
2.77108e+01	1.43519e-11
2.77392e+01	1.35678e-11
2.77676e+01	1.28107e-11
2.77960e+01	1.20792e-11
2.78244e+01	1.13719e-11
2.78529e+01	1.06875e-11
2.78813e+01	1.00247e-11
2.79097e+01	9.38227e-12
2.79381e+01	8.75896e-12
2.79665e+01	8.15366e-12
2.79949e+01	7.56527e-12
2.80233e+01	6.99271e-12
2.80517e+01	6.43498e-12
2.80801e+01	5.89110e-12
2.81085e+01	5.36012e-12
2.81369e+01	4.84117e-12
2.81653e+01	4.33340e-12
2.81937e+01	3.83602e-12
2.82221e+01	3.34828e-12
2.82505e+01	2.86951e-12
2.82790e+01	2.39909e-12
2.83074e+01	1.93647e-12
2.83358e+01	1.48119e-12
2.83642e+01	1.03287e-12
2.83926e+01	5.91235e-13
