# The ell = 1 distribution, the first anisotropy.
# E_N [Td]	1.50000e+02
# col_1: Electron Energy [eV], col_2: f1 [eV^(-3/2)]
eV	f1
6.49799e-02	1.78943e-03
1.29960e-01	2.29843e-03
1.94940e-01	2.53713e-03
2.59920e-01	2.84277e-03
3.24899e-01	3.15373e-03
3.89879e-01	3.42310e-03
4.54859e-01	3.71191e-03
5.19839e-01	4.01535e-03
5.84819e-01	4.33705e-03
6.49799e-01	4.67689e-03
7.14779e-01	5.04573e-03
7.79759e-01	5.43009e-03
8.44739e-01	5.80215e-03
9.09719e-01	6.17128e-03
9.74698e-01	6.54359e-03
1.03968e+00	6.90701e-03
1.10466e+00	7.26239e-03
1.16964e+00	7.61072e-03
1.23462e+00	7.95382e-03
1.29960e+00	8.29412e-03
1.36458e+00	8.63047e-03
1.42956e+00	8.93631e-03
1.49454e+00	9.19848e-03
1.55952e+00	9.42927e-03
1.62450e+00	9.65318e-03
1.68948e+00	9.91936e-03
1.75446e+00	1.01937e-02
1.81944e+00	1.04309e-02
1.88442e+00	1.05425e-02
1.94940e+00	1.05649e-02
2.01438e+00	1.05133e-02
2.07936e+00	1.04502e-02
2.14434e+00	1.03711e-02
2.20932e+00	1.02061e-02
2.27430e+00	1.00495e-02
2.33928e+00	9.90792e-03
2.40426e+00	9.76584e-03
2.46924e+00	9.62106e-03
2.53422e+00	9.44556e-03
2.59920e+00	9.29679e-03
2.66418e+00	9.17516e-03
2.72916e+00	9.05183e-03
2.79414e+00	8.95368e-03
2.85912e+00	8.85513e-03
2.92410e+00	8.74574e-03
2.98908e+00	8.66012e-03
3.05406e+00	8.59192e-03
3.11903e+00	8.52149e-03
3.18401e+00	8.45805e-03
3.24899e+00	8.39671e-03
3.31397e+00	8.33782e-03
3.37895e+00	8.28591e-03
3.44393e+00	8.23920e-03
3.50891e+00	8.19413e-03
3.57389e+00	8.15044e-03
3.63887e+00	8.10595e-03
3.70385e+00	8.06206e-03
3.76883e+00	8.01924e-03
3.83381e+00	7.97820e-03
3.89879e+00	7.93891e-03
3.96377e+00	7.89962e-03
4.02875e+00	7.86039e-03
4.09373e+00	7.82050e-03
4.15871e+00	7.77976e-03
4.22369e+00	7.73816e-03
4.28867e+00	7.69575e-03
4.35365e+00	7.65249e-03
4.41863e+00	7.60840e-03
4.48361e+00	7.56364e-03
4.54859e+00	7.51835e-03
4.61357e+00	7.47288e-03
4.67855e+00	7.42736e-03
4.74353e+00	7.38210e-03
4.80851e+00	7.33715e-03
4.87349e+00	7.29252e-03
4.93847e+00	7.24846e-03
5.00345e+00	7.20468e-03
5.06843e+00	7.16107e-03
5.13341e+00	7.11754e-03
5.19839e+00	7.07387e-03
5.26337e+00	7.03005e-03
5.32835e+00	6.98610e-03
5.39333e+00	6.94206e-03
5.45831e+00	6.89796e-03
5.52329e+00	6.85380e-03
5.58827e+00	6.80961e-03
5.65325e+00	6.76542e-03
5.71823e+00	6.72125e-03
5.78321e+00	6.67713e-03
5.84819e+00	6.63306e-03
5.91317e+00	6.58908e-03
5.97815e+00	6.54518e-03
6.04313e+00	6.50140e-03
6.10811e+00	6.45773e-03
6.17309e+00	6.41420e-03
6.23807e+00	6.37082e-03
6.30305e+00	6.32759e-03
6.36803e+00	6.28453e-03
6.43301e+00	6.24165e-03
6.49799e+00	6.19895e-03
6.56297e+00	6.15645e-03
6.62795e+00	6.11415e-03
6.69293e+00	6.07207e-03
6.75791e+00	6.03021e-03
6.82289e+00	5.98857e-03
6.88787e+00	5.94716e-03
6.95285e+00	5.90597e-03
7.01783e+00	5.86501e-03
7.08281e+00	5.82431e-03
7.14779e+00	5.78385e-03
7.21277e+00	5.74367e-03
7.27775e+00	5.70374e-03
7.34273e+00	5.66410e-03
7.40771e+00	5.62473e-03
7.47269e+00	5.58558e-03
7.53767e+00	5.54665e-03
7.60265e+00	5.50795e-03
7.66763e+00	5.46948e-03
7.73261e+00	5.43123e-03
7.79759e+00	5.39320e-03
7.86257e+00	5.35526e-03
7.92755e+00	5.31738e-03
7.99253e+00	5.27958e-03
8.05751e+00	5.24183e-03
8.12249e+00	5.20411e-03
8.18747e+00	5.16643e-03
8.25245e+00	5.12880e-03
8.31743e+00	5.09113e-03
8.38241e+00	5.05337e-03
8.44739e+00	5.01552e-03
8.51237e+00	4.97750e-03
8.57735e+00	4.93933e-03
8.64233e+00	4.90114e-03
8.70731e+00	4.86294e-03
8.77229e+00	4.82474e-03
8.83727e+00	4.78654e-03
8.90225e+00	4.74836e-03
8.96723e+00	4.71019e-03
9.03221e+00	4.67208e-03
9.09719e+00	4.63418e-03
9.16217e+00	4.59652e-03
9.22715e+00	4.55910e-03
9.29212e+00	4.52194e-03
9.35710e+00	4.48502e-03
9.42208e+00	4.44836e-03
9.48706e+00	4.41196e-03
9.55204e+00	4.37582e-03
9.61702e+00	4.33994e-03
9.68200e+00	4.30429e-03
9.74698e+00	4.26886e-03
9.81196e+00	4.23367e-03
9.87694e+00	4.19869e-03
9.94192e+00	4.16394e-03
1.00069e+01	4.12945e-03
1.00719e+01	4.09520e-03
1.01369e+01	4.06134e-03
1.02018e+01	4.02785e-03
1.02668e+01	3.99472e-03
1.03318e+01	3.96195e-03
1.03968e+01	3.92954e-03
1.04618e+01	3.89747e-03
1.05267e+01	3.86576e-03
1.05917e+01	3.83441e-03
1.06567e+01	3.80332e-03
1.07217e+01	3.77259e-03
1.07867e+01	3.74220e-03
1.08516e+01	3.71214e-03
1.09166e+01	3.68242e-03
1.09816e+01	3.65302e-03
1.10466e+01	3.62396e-03
1.11116e+01	3.59523e-03
1.11765e+01	3.56683e-03
1.12415e+01	3.53875e-03
1.13065e+01	3.51095e-03
1.13715e+01	3.48344e-03
1.14365e+01	3.45621e-03
1.15014e+01	3.42926e-03
1.15664e+01	3.40259e-03
1.16314e+01	3.37505e-03
1.16964e+01	3.34491e-03
1.17614e+01	3.31575e-03
1.18263e+01	3.28621e-03
1.18913e+01	3.25361e-03
1.19563e+01	3.22250e-03
1.20213e+01	3.19226e-03
1.20863e+01	3.16222e-03
1.21512e+01	3.13223e-03
1.22162e+01	3.10211e-03
1.22812e+01	3.07163e-03
1.23462e+01	3.04080e-03
1.24112e+01	3.00981e-03
1.24761e+01	2.97856e-03
1.25411e+01	2.94701e-03
1.26061e+01	2.91510e-03
1.26711e+01	2.88305e-03
1.27361e+01	2.85103e-03
1.28010e+01	2.81924e-03
1.28660e+01	2.78794e-03
1.29310e+01	2.75765e-03
1.29960e+01	2.72821e-03
1.30610e+01	2.69496e-03
1.31259e+01	2.66435e-03
1.31909e+01	2.63604e-03
1.32559e+01	2.60765e-03
1.33209e+01	2.58087e-03
1.33859e+01	2.55483e-03
1.34508e+01	2.52856e-03
1.35158e+01	2.50160e-03
1.35808e+01	2.47467e-03
1.36458e+01	2.44756e-03
1.37108e+01	2.42033e-03
1.37757e+01	2.39300e-03
1.38407e+01	2.36554e-03
1.39057e+01	2.33790e-03
1.39707e+01	2.30990e-03
1.40357e+01	2.28154e-03
1.41006e+01	2.25285e-03
1.41656e+01	2.22384e-03
1.42306e+01	2.19453e-03
1.42956e+01	2.16488e-03
1.43606e+01	2.13489e-03
1.44255e+01	2.10461e-03
1.44905e+01	2.07406e-03
1.45555e+01	2.04331e-03
1.46205e+01	2.01237e-03
1.46855e+01	1.98130e-03
1.47504e+01	1.95013e-03
1.48154e+01	1.91888e-03
1.48804e+01	1.88758e-03
1.49454e+01	1.85626e-03
1.50104e+01	1.82496e-03
1.50753e+01	1.79382e-03
1.51403e+01	1.76292e-03
1.52053e+01	1.73227e-03
1.52703e+01	1.70189e-03
1.53353e+01	1.67179e-03
1.54002e+01	1.64197e-03
1.54652e+01	1.61245e-03
1.55302e+01	1.58323e-03
1.55952e+01	1.55433e-03
1.56602e+01	1.52574e-03
1.57251e+01	1.49747e-03
1.57901e+01	1.46953e-03
1.58551e+01	1.44162e-03
1.59201e+01	1.41377e-03
1.59851e+01	1.38599e-03
1.60500e+01	1.35834e-03
1.61150e+01	1.33091e-03
1.61800e+01	1.30371e-03
1.62450e+01	1.27677e-03
1.63100e+01	1.25009e-03
1.63749e+01	1.22368e-03
1.64399e+01	1.19755e-03
1.65049e+01	1.17172e-03
1.65699e+01	1.14618e-03
1.66349e+01	1.12093e-03
1.66998e+01	1.09598e-03
1.67648e+01	1.07133e-03
1.68298e+01	1.04700e-03
1.68948e+01	1.02300e-03
1.69598e+01	9.99318e-04
1.70247e+01	9.75974e-04
1.70897e+01	9.52985e-04
1.71547e+01	9.30360e-04
1.72197e+01	9.08102e-04
1.72847e+01	8.86212e-04
1.73496e+01	8.64694e-04
1.74146e+01	8.43545e-04
1.74796e+01	8.22764e-04
1.75446e+01	8.02350e-04
1.76096e+01	7.82297e-04
1.76745e+01	7.62602e-04
1.77395e+01	7.43266e-04
1.78045e+01	7.24286e-04
1.78695e+01	7.05661e-04
1.79345e+01	6.87391e-04
1.79994e+01	6.69474e-04
1.80644e+01	6.51923e-04
1.81294e+01	6.34740e-04
1.81944e+01	6.17926e-04
1.82594e+01	6.01474e-04
1.83243e+01	5.85380e-04
1.83893e+01	5.69639e-04
1.84543e+01	5.54247e-04
1.85193e+01	5.39198e-04
1.85842e+01	5.24486e-04
1.86492e+01	5.10105e-04
1.87142e+01	4.96049e-04
1.87792e+01	4.82314e-04
1.88442e+01	4.68895e-04
1.89091e+01	4.55788e-04
1.89741e+01	4.42987e-04
1.90391e+01	4.30491e-04
1.91041e+01	4.18302e-04
1.91691e+01	4.06415e-04
1.92340e+01	3.94824e-04
1.92990e+01	3.83525e-04
1.93640e+01	3.72509e-04
1.94290e+01	3.61772e-04
1.94940e+01	3.51308e-04
1.95589e+01	3.41111e-04
1.96239e+01	3.31176e-04
1.96889e+01	3.21496e-04
1.97539e+01	3.12066e-04
1.98189e+01	3.02881e-04
1.98838e+01	2.93935e-04
1.99488e+01	2.85223e-04
2.00138e+01	2.76740e-04
2.00788e+01	2.68483e-04
2.01438e+01	2.60446e-04
2.02087e+01	2.52626e-04
2.02737e+01	2.45019e-04
2.03387e+01	2.37619e-04
2.04037e+01	2.30422e-04
2.04687e+01	2.23422e-04
2.05336e+01	2.16616e-04
2.05986e+01	2.10003e-04
2.06636e+01	2.03579e-04
2.07286e+01	1.97337e-04
2.07936e+01	1.91274e-04
2.08585e+01	1.85386e-04
2.09235e+01	1.79666e-04
2.09885e+01	1.74112e-04
2.10535e+01	1.68720e-04
2.11185e+01	1.63485e-04
2.11834e+01	1.58404e-04
2.12484e+01	1.53472e-04
2.13134e+01	1.48686e-04
2.13784e+01	1.44042e-04
2.14434e+01	1.39535e-04
2.15083e+01	1.35162e-04
2.15733e+01	1.30918e-04
2.16383e+01	1.26800e-04
2.17033e+01	1.22804e-04
2.17683e+01	1.18927e-04
2.18332e+01	1.15165e-04
2.18982e+01	1.11516e-04
2.19632e+01	1.07975e-04
2.20282e+01	1.04543e-04
2.20932e+01	1.01215e-04
2.21581e+01	9.79901e-05
2.22231e+01	9.48662e-05
2.22881e+01	9.18398e-05
2.23531e+01	8.89079e-05
2.24181e+01	8.60676e-05
2.24830e+01	8.33161e-05
2.25480e+01	8.06505e-05
2.26130e+01	7.80680e-05
2.26780e+01	7.55658e-05
2.27430e+01	7.31415e-05
2.28079e+01	7.07929e-05
2.28729e+01	6.85175e-05
2.29379e+01	6.63133e-05
2.30029e+01	6.41780e-05
2.30679e+01	6.21101e-05
2.31328e+01	6.01075e-05
2.31978e+01	5.81684e-05
2.32628e+01	5.62908e-05
2.33278e+01	5.44728e-05
2.33928e+01	5.27125e-05
2.34577e+01	5.10082e-05
2.35227e+01	4.93581e-05
2.35877e+01	4.77605e-05
2.36527e+01	4.62139e-05
2.37177e+01	4.47166e-05
2.37826e+01	4.32670e-05
2.38476e+01	4.18637e-05
2.39126e+01	4.05052e-05
2.39776e+01	3.91900e-05
2.40426e+01	3.79169e-05
2.41075e+01	3.66845e-05
2.41725e+01	3.54913e-05
2.42375e+01	3.43363e-05
2.43025e+01	3.32181e-05
2.43675e+01	3.21357e-05
2.44324e+01	3.10879e-05
2.44974e+01	3.00736e-05
2.45624e+01	2.90918e-05
2.46274e+01	2.81414e-05
2.46924e+01	2.72214e-05
2.47573e+01	2.63309e-05
2.48223e+01	2.54689e-05
2.48873e+01	2.46345e-05
2.49523e+01	2.38269e-05
2.50173e+01	2.30454e-05
2.50822e+01	2.22890e-05
2.51472e+01	2.15573e-05
2.52122e+01	2.08494e-05
2.52772e+01	2.01646e-05
2.53422e+01	1.95021e-05
2.54071e+01	1.88612e-05
2.54721e+01	1.82411e-05
2.55371e+01	1.76412e-05
2.56021e+01	1.70606e-05
2.56671e+01	1.64988e-05
2.57320e+01	1.59551e-05
2.57970e+01	1.54290e-05
2.58620e+01	1.49198e-05
2.59270e+01	1.44271e-05
2.59920e+01	1.39503e-05
2.60569e+01	1.34890e-05
2.61219e+01	1.30430e-05
2.61869e+01	1.26115e-05
2.62519e+01	1.21943e-05
2.63169e+01	1.17909e-05
2.63818e+01	1.14007e-05
2.64468e+01	1.10233e-05
2.65118e+01	1.06584e-05
2.65768e+01	1.03056e-05
2.66418e+01	9.96433e-06
2.67067e+01	9.63436e-06
2.67717e+01	9.31527e-06
2.68367e+01	9.00672e-06
2.69017e+01	8.70835e-06
2.69667e+01	8.41984e-06
2.70316e+01	8.14086e-06
2.70966e+01	7.87109e-06
2.71616e+01	7.61023e-06
2.72266e+01	7.35799e-06
2.72916e+01	7.11409e-06
2.73565e+01	6.87826e-06
2.74215e+01	6.65023e-06
2.74865e+01	6.42975e-06
2.75515e+01	6.21655e-06
2.76165e+01	6.01041e-06
2.76814e+01	5.81109e-06
2.77464e+01	5.61837e-06
2.78114e+01	5.43204e-06
2.78764e+01	5.25187e-06
2.79414e+01	5.07767e-06
2.80063e+01	4.90923e-06
2.80713e+01	4.74636e-06
2.81363e+01	4.58887e-06
2.82013e+01	4.43659e-06
2.82663e+01	4.28934e-06
2.83312e+01	4.14695e-06
2.83962e+01	4.00927e-06
2.84612e+01	3.87614e-06
2.85262e+01	3.74741e-06
2.85912e+01	3.62293e-06
2.86561e+01	3.50257e-06
2.87211e+01	3.38619e-06
2.87861e+01	3.27366e-06
2.88511e+01	3.16486e-06
2.89161e+01	3.05965e-06
2.89810e+01	2.95792e-06
2.90460e+01	2.85956e-06
2.91110e+01	2.76445e-06
2.91760e+01	2.67249e-06
2.92410e+01	2.58357e-06
2.93059e+01	2.49759e-06
2.93709e+01	2.41446e-06
2.94359e+01	2.33408e-06
2.95009e+01	2.25635e-06
2.95659e+01	2.18119e-06
2.96308e+01	2.10852e-06
2.96958e+01	2.03825e-06
2.97608e+01	1.97030e-06
2.98258e+01	1.90460e-06
2.98908e+01	1.84107e-06
2.99557e+01	1.77965e-06
3.00207e+01	1.72026e-06
3.00857e+01	1.66283e-06
3.01507e+01	1.60731e-06
3.02157e+01	1.55365e-06
3.02806e+01	1.50177e-06
3.03456e+01	1.45161e-06
3.04106e+01	1.40313e-06
3.04756e+01	1.35626e-06
3.05406e+01	1.31096e-06
3.06055e+01	1.26716e-06
3.06705e+01	1.22482e-06
3.07355e+01	1.18389e-06
3.08005e+01	1.14433e-06
3.08655e+01	1.10608e-06
3.09304e+01	1.06911e-06
3.09954e+01	1.03337e-06
3.10604e+01	9.98816e-07
3.11254e+01	9.65418e-07
3.11903e+01	9.33134e-07
3.12553e+01	9.01925e-07
3.13203e+01	8.71757e-07
3.13853e+01	8.42595e-07
3.14503e+01	8.14405e-07
3.15152e+01	7.87155e-07
3.15802e+01	7.60815e-07
3.16452e+01	7.35353e-07
3.17102e+01	7.10741e-07
3.17752e+01	6.86950e-07
3.18401e+01	6.63954e-07
3.19051e+01	6.41725e-07
3.19701e+01	6.20238e-07
3.20351e+01	5.99469e-07
3.21001e+01	5.79394e-07
3.21650e+01	5.59991e-07
3.22300e+01	5.41237e-07
3.22950e+01	5.23111e-07
3.23600e+01	5.05592e-07
3.24250e+01	4.88660e-07
3.24899e+01	4.72294e-07
3.25549e+01	4.56477e-07
3.26199e+01	4.41189e-07
3.26849e+01	4.26413e-07
3.27499e+01	4.12132e-07
3.28148e+01	3.98329e-07
3.28798e+01	3.84989e-07
3.29448e+01	3.72095e-07
3.30098e+01	3.59633e-07
3.30748e+01	3.47589e-07
3.31397e+01	3.35948e-07
3.32047e+01	3.24697e-07
3.32697e+01	3.13822e-07
3.33347e+01	3.03312e-07
3.33997e+01	2.93154e-07
3.34646e+01	2.83337e-07
3.35296e+01	2.73848e-07
3.35946e+01	2.64677e-07
3.36596e+01	2.55813e-07
3.37246e+01	2.47246e-07
3.37895e+01	2.38966e-07
3.38545e+01	2.30963e-07
3.39195e+01	2.23228e-07
3.39845e+01	2.15753e-07
3.40495e+01	2.08529e-07
3.41144e+01	2.01549e-07
3.41794e+01	1.94802e-07
3.42444e+01	1.88283e-07
3.43094e+01	1.81983e-07
3.43744e+01	1.75895e-07
3.44393e+01	1.70012e-07
3.45043e+01	1.64326e-07
3.45693e+01	1.58831e-07
3.46343e+01	1.53521e-07
3.46993e+01	1.48390e-07
3.47642e+01	1.43431e-07
3.48292e+01	1.38639e-07
3.48942e+01	1.34008e-07
3.49592e+01	1.29532e-07
3.50242e+01	1.25206e-07
3.50891e+01	1.21026e-07
3.51541e+01	1.16986e-07
3.52191e+01	1.13081e-07
3.52841e+01	1.09307e-07
3.53491e+01	1.05659e-07
3.54140e+01	1.02134e-07
3.54790e+01	9.87266e-08
3.55440e+01	9.54333e-08
3.56090e+01	9.22502e-08
3.56740e+01	8.91737e-08
3.57389e+01	8.62002e-08
3.58039e+01	8.33261e-08
3.58689e+01	8.05482e-08
3.59339e+01	7.78632e-08
3.59989e+01	7.52679e-08
3.60638e+01	7.27595e-08
3.61288e+01	7.03358e-08
3.61938e+01	6.79939e-08
3.62588e+01	6.57309e-08
3.63238e+01	6.35441e-08
3.63887e+01	6.14310e-08
3.64537e+01	5.93890e-08
3.65187e+01	5.74158e-08
3.65837e+01	5.55089e-08
3.66487e+01	5.36661e-08
3.67136e+01	5.18853e-08
3.67786e+01	5.01642e-08
3.68436e+01	4.85010e-08
3.69086e+01	4.68936e-08
3.69736e+01	4.53402e-08
3.70385e+01	4.38388e-08
3.71035e+01	4.23878e-08
3.71685e+01	4.09854e-08
3.72335e+01	3.96300e-08
3.72985e+01	3.83201e-08
3.73634e+01	3.70541e-08
3.74284e+01	3.58305e-08
3.74934e+01	3.46479e-08
3.75584e+01	3.35049e-08
3.76234e+01	3.24001e-08
3.76883e+01	3.13322e-08
3.77533e+01	3.03000e-08
3.78183e+01	2.93023e-08
3.78833e+01	2.83380e-08
3.79483e+01	2.74058e-08
3.80132e+01	2.65046e-08
3.80782e+01	2.56336e-08
3.81432e+01	2.47915e-08
3.82082e+01	2.39775e-08
3.82732e+01	2.31905e-08
3.83381e+01	2.24298e-08
3.84031e+01	2.16944e-08
3.84681e+01	2.09835e-08
3.85331e+01	2.02964e-08
3.85981e+01	1.96321e-08
3.86630e+01	1.89900e-08
3.87280e+01	1.83693e-08
3.87930e+01	1.77693e-08
3.88580e+01	1.71892e-08
3.89230e+01	1.66283e-08
3.89879e+01	1.60861e-08
3.90529e+01	1.55619e-08
3.91179e+01	1.50551e-08
3.91829e+01	1.45651e-08
3.92479e+01	1.40913e-08
3.93128e+01	1.36332e-08
3.93778e+01	1.31902e-08
3.94428e+01	1.27618e-08
3.95078e+01	1.23476e-08
3.95728e+01	1.19470e-08
3.96377e+01	1.15596e-08
3.97027e+01	1.11850e-08
3.97677e+01	1.08226e-08
3.98327e+01	1.04722e-08
3.98977e+01	1.01333e-08
3.99626e+01	9.80543e-09
4.00276e+01	9.48833e-09
4.00926e+01	9.18161e-09
4.01576e+01	8.88496e-09
4.02226e+01	8.59804e-09
4.02875e+01	8.32052e-09
4.03525e+01	8.05208e-09
4.04175e+01	7.79243e-09
4.04825e+01	7.54126e-09
4.05475e+01	7.29830e-09
4.06124e+01	7.06328e-09
4.06774e+01	6.83593e-09
4.07424e+01	6.61600e-09
4.08074e+01	6.40323e-09
4.08724e+01	6.19740e-09
4.09373e+01	5.99828e-09
4.10023e+01	5.80563e-09
4.10673e+01	5.61926e-09
4.11323e+01	5.43895e-09
4.11973e+01	5.26449e-09
4.12622e+01	5.09571e-09
4.13272e+01	4.93241e-09
4.13922e+01	4.77440e-09
4.14572e+01	4.62153e-09
4.15222e+01	4.47361e-09
4.15871e+01	4.33048e-09
4.16521e+01	4.19200e-09
4.17171e+01	4.05799e-09
4.17821e+01	3.92833e-09
4.18471e+01	3.80286e-09
4.19120e+01	3.68145e-09
4.19770e+01	3.56396e-09
4.20420e+01	3.45027e-09
4.21070e+01	3.34026e-09
4.21720e+01	3.23379e-09
4.22369e+01	3.13077e-09
4.23019e+01	3.03106e-09
4.23669e+01	2.93457e-09
4.24319e+01	2.84120e-09
4.24969e+01	2.75083e-09
4.25618e+01	2.66337e-09
4.26268e+01	2.57872e-09
4.26918e+01	2.49680e-09
4.27568e+01	2.41752e-09
4.28218e+01	2.34078e-09
4.28867e+01	2.26651e-09
4.29517e+01	2.19464e-09
4.30167e+01	2.12507e-09
4.30817e+01	2.05774e-09
4.31467e+01	1.99257e-09
4.32116e+01	1.92950e-09
4.32766e+01	1.86845e-09
4.33416e+01	1.80936e-09
4.34066e+01	1.75216e-09
4.34715e+01	1.69679e-09
4.35365e+01	1.64320e-09
4.36015e+01	1.59133e-09
4.36665e+01	1.54112e-09
4.37315e+01	1.49251e-09
4.37964e+01	1.44546e-09
4.38614e+01	1.39992e-09
4.39264e+01	1.35583e-09
4.39914e+01	1.31315e-09
4.40564e+01	1.27183e-09
4.41213e+01	1.23183e-09
4.41863e+01	1.19311e-09
4.42513e+01	1.15562e-09
4.43163e+01	1.11933e-09
4.43813e+01	1.08419e-09
4.44462e+01	1.05018e-09
4.45112e+01	1.01724e-09
4.45762e+01	9.85356e-10
4.46412e+01	9.54485e-10
4.47062e+01	9.24595e-10
4.47711e+01	8.95654e-10
4.48361e+01	8.67633e-10
4.49011e+01	8.40502e-10
4.49661e+01	8.14231e-10
4.50311e+01	7.88793e-10
4.50960e+01	7.64161e-10
4.51610e+01	7.40310e-10
4.52260e+01	7.17213e-10
4.52910e+01	6.94848e-10
4.53560e+01	6.73190e-10
4.54209e+01	6.52216e-10
4.54859e+01	6.31905e-10
4.55509e+01	6.12236e-10
4.56159e+01	5.93187e-10
4.56809e+01	5.74739e-10
4.57458e+01	5.56873e-10
4.58108e+01	5.39570e-10
4.58758e+01	5.22812e-10
4.59408e+01	5.06584e-10
4.60058e+01	4.90868e-10
4.60707e+01	4.75649e-10
4.61357e+01	4.60909e-10
4.62007e+01	4.46635e-10
4.62657e+01	4.32810e-10
4.63307e+01	4.19420e-10
4.63956e+01	4.06452e-10
4.64606e+01	3.93892e-10
4.65256e+01	3.81727e-10
4.65906e+01	3.69944e-10
4.66556e+01	3.58531e-10
4.67205e+01	3.47476e-10
4.67855e+01	3.36769e-10
4.68505e+01	3.26397e-10
4.69155e+01	3.16350e-10
4.69805e+01	3.06617e-10
4.70454e+01	2.97190e-10
4.71104e+01	2.88057e-10
4.71754e+01	2.79210e-10
4.72404e+01	2.70639e-10
4.73054e+01	2.62336e-10
4.73703e+01	2.54293e-10
4.74353e+01	2.46500e-10
4.75003e+01	2.38950e-10
4.75653e+01	2.31636e-10
4.76303e+01	2.24549e-10
4.76952e+01	2.17683e-10
4.77602e+01	2.11031e-10
4.78252e+01	2.04586e-10
4.78902e+01	1.98341e-10
4.79552e+01	1.92290e-10
4.80201e+01	1.86426e-10
4.80851e+01	1.80745e-10
4.81501e+01	1.75241e-10
4.82151e+01	1.69906e-10
4.82801e+01	1.64737e-10
4.83450e+01	1.59728e-10
4.84100e+01	1.54875e-10
4.84750e+01	1.50171e-10
4.85400e+01	1.45612e-10
4.86050e+01	1.41195e-10
4.86699e+01	1.36914e-10
4.87349e+01	1.32765e-10
4.87999e+01	1.28744e-10
4.88649e+01	1.24847e-10
4.89299e+01	1.21070e-10
4.89948e+01	1.17409e-10
4.90598e+01	1.13861e-10
4.91248e+01	1.10422e-10
4.91898e+01	1.07088e-10
4.92548e+01	1.03857e-10
4.93197e+01	1.00726e-10
4.93847e+01	9.76897e-11
4.94497e+01	9.47470e-11
4.95147e+01	9.18945e-11
4.95797e+01	8.91292e-11
4.96446e+01	8.64486e-11
4.97096e+01	8.38499e-11
4.97746e+01	8.13306e-11
4.98396e+01	7.88883e-11
4.99046e+01	7.65206e-11
4.99695e+01	7.42250e-11
5.00345e+01	7.19994e-11
5.00995e+01	6.98416e-11
5.01645e+01	6.77495e-11
5.02295e+01	6.57210e-11
5.02944e+01	6.37541e-11
5.03594e+01	6.18471e-11
5.04244e+01	5.99979e-11
5.04894e+01	5.82048e-11
5.05544e+01	5.64661e-11
5.06193e+01	5.47801e-11
5.06843e+01	5.31452e-11
5.07493e+01	5.15598e-11
5.08143e+01	5.00224e-11
5.08793e+01	4.85316e-11
5.09442e+01	4.70857e-11
5.10092e+01	4.56837e-11
5.10742e+01	4.43239e-11
5.11392e+01	4.30053e-11
5.12042e+01	4.17264e-11
5.12691e+01	4.04861e-11
5.13341e+01	3.92833e-11
5.13991e+01	3.81167e-11
5.14641e+01	3.69853e-11
5.15291e+01	3.58880e-11
5.15940e+01	3.48237e-11
5.16590e+01	3.37914e-11
5.17240e+01	3.27902e-11
5.17890e+01	3.18191e-11
5.18540e+01	3.08770e-11
5.19189e+01	2.99633e-11
5.19839e+01	2.90769e-11
5.20489e+01	2.82171e-11
5.21139e+01	2.73830e-11
5.21789e+01	2.65739e-11
5.22438e+01	2.57891e-11
5.23088e+01	2.50277e-11
5.23738e+01	2.42891e-11
5.24388e+01	2.35726e-11
5.25038e+01	2.28774e-11
5.25687e+01	2.22031e-11
5.26337e+01	2.15489e-11
5.26987e+01	2.09142e-11
5.27637e+01	2.02985e-11
5.28287e+01	1.97011e-11
5.28936e+01	1.91215e-11
5.29586e+01	1.85592e-11
5.30236e+01	1.80137e-11
5.30886e+01	1.74844e-11
5.31536e+01	1.69708e-11
5.32185e+01	1.64725e-11
5.32835e+01	1.59891e-11
5.33485e+01	1.55200e-11
5.34135e+01	1.50648e-11
5.34785e+01	1.46232e-11
5.35434e+01	1.41948e-11
5.36084e+01	1.37790e-11
5.36734e+01	1.33756e-11
5.37384e+01	1.29842e-11
5.38034e+01	1.26043e-11
5.38683e+01	1.22358e-11
5.39333e+01	1.18782e-11
5.39983e+01	1.15311e-11
5.40633e+01	1.11944e-11
5.41283e+01	1.08676e-11
5.41932e+01	1.05505e-11
5.42582e+01	1.02428e-11
5.43232e+01	9.94421e-12
5.43882e+01	9.65442e-12
5.44532e+01	9.37321e-12
5.45181e+01	9.10030e-12
5.45831e+01	8.83545e-12
5.46481e+01	8.57841e-12
5.47131e+01	8.32897e-12
5.47781e+01	8.08688e-12
5.48430e+01	7.85193e-12
5.49080e+01	7.62391e-12
5.49730e+01	7.40260e-12
5.50380e+01	7.18781e-12
5.51030e+01	6.97935e-12
5.51679e+01	6.77702e-12
5.52329e+01	6.58064e-12
5.52979e+01	6.39004e-12
5.53629e+01	6.20504e-12
5.54279e+01	6.02548e-12
5.54928e+01	5.85119e-12
5.55578e+01	5.68202e-12
5.56228e+01	5.51781e-12
5.56878e+01	5.35842e-12
5.57527e+01	5.20371e-12
5.58177e+01	5.05353e-12
5.58827e+01	4.90776e-12
5.59477e+01	4.76626e-12
5.60127e+01	4.62891e-12
5.60776e+01	4.49559e-12
5.61426e+01	4.36616e-12
5.62076e+01	4.24053e-12
5.62726e+01	4.11857e-12
5.63376e+01	4.00018e-12
5.64025e+01	3.88525e-12
5.64675e+01	3.77368e-12
5.65325e+01	3.66537e-12
5.65975e+01	3.56023e-12
5.66625e+01	3.45815e-12
5.67274e+01	3.35905e-12
5.67924e+01	3.26285e-12
5.68574e+01	3.16945e-12
5.69224e+01	3.07878e-12
5.69874e+01	2.99074e-12
5.70523e+01	2.90528e-12
5.71173e+01	2.82230e-12
5.71823e+01	2.74174e-12
5.72473e+01	2.66352e-12
5.73123e+01	2.58759e-12
5.73772e+01	2.51386e-12
5.74422e+01	2.44227e-12
5.75072e+01	2.37277e-12
5.75722e+01	2.30529e-12
5.76372e+01	2.23977e-12
5.77021e+01	2.17615e-12
5.77671e+01	2.11438e-12
5.78321e+01	2.05441e-12
5.78971e+01	1.99618e-12
5.79621e+01	1.93964e-12
5.80270e+01	1.88474e-12
5.80920e+01	1.83143e-12
5.81570e+01	1.77968e-12
5.82220e+01	1.72942e-12
5.82870e+01	1.68062e-12
5.83519e+01	1.63324e-12
5.84169e+01	1.58723e-12
5.84819e+01	1.54255e-12
5.85469e+01	1.49917e-12
5.86119e+01	1.45705e-12
5.86768e+01	1.41615e-12
5.87418e+01	1.37644e-12
5.88068e+01	1.33787e-12
5.88718e+01	1.30043e-12
5.89368e+01	1.26407e-12
5.90017e+01	1.22877e-12
5.90667e+01	1.19449e-12
5.91317e+01	1.16121e-12
5.91967e+01	1.12889e-12
5.92617e+01	1.09751e-12
5.93266e+01	1.06704e-12
5.93916e+01	1.03745e-12
5.94566e+01	1.00873e-12
5.95216e+01	9.80840e-13
5.95866e+01	9.53762e-13
5.96515e+01	9.27470e-13
5.97165e+01	9.01944e-13
5.97815e+01	8.77162e-13
5.98465e+01	8.53101e-13
5.99115e+01	8.29742e-13
5.99764e+01	8.07065e-13
6.00414e+01	7.85050e-13
6.01064e+01	7.63678e-13
6.01714e+01	7.42931e-13
6.02364e+01	7.22792e-13
6.03013e+01	7.03243e-13
6.03663e+01	6.84268e-13
6.04313e+01	6.65850e-13
6.04963e+01	6.47974e-13
6.05613e+01	6.30625e-13
6.06262e+01	6.13789e-13
6.06912e+01	5.97450e-13
6.07562e+01	5.81597e-13
6.08212e+01	5.66215e-13
6.08862e+01	5.51291e-13
6.09511e+01	5.36813e-13
6.10161e+01	5.22768e-13
6.10811e+01	5.09146e-13
6.11461e+01	4.95935e-13
6.12111e+01	4.83123e-13
6.12760e+01	4.70699e-13
6.13410e+01	4.58655e-13
6.14060e+01	4.46978e-13
6.14710e+01	4.35661e-13
6.15360e+01	4.24692e-13
6.16009e+01	4.14064e-13
6.16659e+01	4.03766e-13
6.17309e+01	3.93791e-13
6.17959e+01	3.84131e-13
6.18609e+01	3.74776e-13
6.19258e+01	3.65720e-13
6.19908e+01	3.56955e-13
6.20558e+01	3.48473e-13
6.21208e+01	3.40267e-13
6.21858e+01	3.32331e-13
6.22507e+01	3.24658e-13
6.23157e+01	3.17241e-13
6.23807e+01	3.10074e-13
6.24457e+01	3.03152e-13
6.25107e+01	2.96468e-13
6.25756e+01	2.90016e-13
6.26406e+01	2.83792e-13
6.27056e+01	2.77790e-13
6.27706e+01	2.72006e-13
6.28356e+01	2.66433e-13
6.29005e+01	2.61067e-13
6.29655e+01	2.55905e-13
6.30305e+01	2.50941e-13
6.30955e+01	2.46171e-13
6.31605e+01	2.41591e-13
6.32254e+01	2.37198e-13
6.32904e+01	2.32987e-13
6.33554e+01	2.28954e-13
6.34204e+01	2.25097e-13
6.34854e+01	2.21412e-13
6.35503e+01	2.17895e-13
6.36153e+01	2.14544e-13
6.36803e+01	2.11356e-13
6.37453e+01	2.08327e-13
6.38103e+01	2.05455e-13
6.38752e+01	2.02737e-13
6.39402e+01	2.00171e-13
6.40052e+01	1.97754e-13
6.40702e+01	1.95484e-13
6.41352e+01	1.93359e-13
6.42001e+01	1.91377e-13
6.42651e+01	1.89535e-13
6.43301e+01	1.87831e-13
6.43951e+01	1.86265e-13
6.44601e+01	1.84833e-13
6.45250e+01	1.83534e-13
6.45900e+01	1.82368e-13
6.46550e+01	1.81331e-13
6.47200e+01	1.80422e-13
6.47850e+01	1.79641e-13
6.48499e+01	1.78985e-13
6.49149e+01	1.78453e-13
6.49799e+01	1.78041e-13
