# The ell = 1 distribution, the first anisotropy.
# E_N [Td]	5.00000e+00
# col_1: Electron Energy [eV], col_2: f1 [eV^(-3/2)]
eV	f1
1.50488e-02	3.24614e-05
3.00977e-02	5.97646e-05
4.51465e-02	8.72885e-05
6.01953e-02	1.07934e-04
7.52442e-02	1.24697e-04
9.02930e-02	1.39389e-04
1.05342e-01	1.52664e-04
1.20391e-01	1.64525e-04
1.35439e-01	1.76639e-04
1.50488e-01	1.87881e-04
1.65537e-01	1.98963e-04
1.80586e-01	2.10196e-04
1.95635e-01	2.21675e-04
2.10684e-01	2.33335e-04
2.25732e-01	2.45286e-04
2.40781e-01	2.57571e-04
2.55830e-01	2.71123e-04
2.70879e-01	2.85416e-04
2.85928e-01	3.00417e-04
3.00977e-01	3.16088e-04
3.16025e-01	3.30594e-04
3.31074e-01	3.43756e-04
3.46123e-01	3.60228e-04
3.61172e-01	3.79046e-04
3.76221e-01	4.00216e-04
3.91270e-01	4.28490e-04
4.06318e-01	4.62870e-04
4.21367e-01	5.04811e-04
4.36416e-01	5.56887e-04
4.51465e-01	6.16917e-04
4.66514e-01	6.84513e-04
4.81563e-01	7.66161e-04
4.96611e-01	8.59129e-04
5.11660e-01	9.60424e-04
5.26709e-01	1.08192e-03
5.41758e-01	1.22449e-03
5.56807e-01	1.38341e-03
5.71856e-01	1.55755e-03
5.86904e-01	1.75543e-03
6.01953e-01	1.97155e-03
6.17002e-01	2.20167e-03
6.32051e-01	2.46130e-03
6.47100e-01	2.76047e-03
6.62149e-01	3.09050e-03
6.77197e-01	3.44420e-03
6.92246e-01	3.84103e-03
7.07295e-01	4.29938e-03
7.22344e-01	4.80685e-03
7.37393e-01	5.35152e-03
7.52442e-01	5.92838e-03
7.67490e-01	6.56794e-03
7.82539e-01	7.25572e-03
7.97588e-01	7.97935e-03
8.12637e-01	8.72577e-03
8.27686e-01	9.49711e-03
8.42735e-01	1.02850e-02
8.57783e-01	1.10822e-02
8.72832e-01	1.18928e-02
8.87881e-01	1.27637e-02
9.02930e-01	1.36888e-02
9.17979e-01	1.46553e-02
9.33028e-01	1.56504e-02
9.48076e-01	1.67282e-02
9.63125e-01	1.79022e-02
9.78174e-01	1.91533e-02
9.93223e-01	2.04626e-02
1.00827e+00	2.18411e-02
1.02332e+00	2.33471e-02
1.03837e+00	2.49520e-02
1.05342e+00	2.66331e-02
1.06847e+00	2.83675e-02
1.08352e+00	3.02052e-02
1.09856e+00	3.20856e-02
1.11361e+00	3.39928e-02
1.12866e+00	3.59136e-02
1.14371e+00	3.78391e-02
1.15876e+00	3.97808e-02
1.17381e+00	4.17297e-02
1.18886e+00	4.36784e-02
1.20391e+00	4.56176e-02
1.21896e+00	4.75453e-02
1.23400e+00	4.95046e-02
1.24905e+00	5.15094e-02
1.26410e+00	5.35450e-02
1.27915e+00	5.55967e-02
1.29420e+00	5.76507e-02
1.30925e+00	5.97787e-02
1.32430e+00	6.20873e-02
1.33935e+00	6.45422e-02
1.35439e+00	6.71109e-02
1.36944e+00	6.97630e-02
1.38449e+00	7.24088e-02
1.39954e+00	7.49185e-02
1.41459e+00	7.72996e-02
1.42964e+00	7.95590e-02
1.44469e+00	8.17016e-02
1.45974e+00	8.37333e-02
1.47479e+00	8.56955e-02
1.48983e+00	8.75905e-02
1.50488e+00	8.94241e-02
1.51993e+00	9.11946e-02
1.53498e+00	9.28973e-02
1.55003e+00	9.45499e-02
1.56508e+00	9.64469e-02
1.58013e+00	9.85832e-02
1.59518e+00	1.00910e-01
1.61023e+00	1.03384e-01
1.62527e+00	1.05966e-01
1.64032e+00	1.08623e-01
1.65537e+00	1.11169e-01
1.67042e+00	1.13579e-01
1.68547e+00	1.15813e-01
1.70052e+00	1.17875e-01
1.71557e+00	1.19766e-01
1.73062e+00	1.21468e-01
1.74566e+00	1.22723e-01
1.76071e+00	1.23449e-01
1.77576e+00	1.23655e-01
1.79081e+00	1.23392e-01
1.80586e+00	1.22638e-01
1.82091e+00	1.21425e-01
1.83596e+00	1.19916e-01
1.85101e+00	1.17996e-01
1.86606e+00	1.15653e-01
1.88110e+00	1.12789e-01
1.89615e+00	1.09364e-01
1.91120e+00	1.05466e-01
1.92625e+00	1.01154e-01
1.94130e+00	9.65889e-02
1.95635e+00	9.18347e-02
1.97140e+00	8.70455e-02
1.98645e+00	8.22467e-02
2.00149e+00	7.74566e-02
2.01654e+00	7.26806e-02
2.03159e+00	6.81698e-02
2.04664e+00	6.39798e-02
2.06169e+00	6.01246e-02
2.07674e+00	5.65652e-02
2.09179e+00	5.32841e-02
2.10684e+00	5.02524e-02
2.12189e+00	4.73260e-02
2.13693e+00	4.44033e-02
2.15198e+00	4.15356e-02
2.16703e+00	3.87909e-02
2.18208e+00	3.61771e-02
2.19713e+00	3.36898e-02
2.21218e+00	3.13372e-02
2.22723e+00	2.91377e-02
2.24228e+00	2.70907e-02
2.25732e+00	2.51990e-02
2.27237e+00	2.34442e-02
2.28742e+00	2.18208e-02
2.30247e+00	2.03234e-02
2.31752e+00	1.89172e-02
2.33257e+00	1.76053e-02
2.34762e+00	1.63802e-02
2.36267e+00	1.52407e-02
2.37772e+00	1.41734e-02
2.39276e+00	1.31755e-02
2.40781e+00	1.22634e-02
2.42286e+00	1.14473e-02
2.43791e+00	1.06700e-02
2.45296e+00	9.92741e-03
2.46801e+00	9.21589e-03
2.48306e+00	8.53774e-03
2.49811e+00	7.90551e-03
2.51316e+00	7.32476e-03
2.52820e+00	6.78155e-03
2.54325e+00	6.28377e-03
2.55830e+00	5.83067e-03
2.57335e+00	5.41497e-03
2.58840e+00	5.03540e-03
2.60345e+00	4.69504e-03
2.61850e+00	4.37535e-03
2.63355e+00	4.07571e-03
2.64859e+00	3.79357e-03
2.66364e+00	3.53174e-03
2.67869e+00	3.28866e-03
2.69374e+00	3.06094e-03
2.70879e+00	2.84993e-03
2.72384e+00	2.65872e-03
2.73889e+00	2.48925e-03
2.75394e+00	2.33910e-03
2.76899e+00	2.20310e-03
2.78403e+00	2.07472e-03
2.79908e+00	1.95441e-03
2.81413e+00	1.84211e-03
2.82918e+00	1.73450e-03
2.84423e+00	1.63005e-03
2.85928e+00	1.52893e-03
2.87433e+00	1.42939e-03
2.88938e+00	1.33310e-03
2.90442e+00	1.24487e-03
2.91947e+00	1.16433e-03
2.93452e+00	1.09094e-03
2.94957e+00	1.02443e-03
2.96462e+00	9.64160e-04
2.97967e+00	9.10231e-04
2.99472e+00	8.62054e-04
3.00977e+00	8.17966e-04
3.02482e+00	7.76155e-04
3.03986e+00	7.36109e-04
3.05491e+00	6.97681e-04
3.06996e+00	6.60958e-04
3.08501e+00	6.25875e-04
3.10006e+00	5.92400e-04
3.11511e+00	5.61195e-04
3.13016e+00	5.32046e-04
3.14521e+00	5.05163e-04
3.16025e+00	4.80304e-04
3.17530e+00	4.56785e-04
3.19035e+00	4.34389e-04
3.20540e+00	4.13063e-04
3.22045e+00	3.92719e-04
3.23550e+00	3.73375e-04
3.25055e+00	3.54882e-04
3.26560e+00	3.37189e-04
3.28065e+00	3.20476e-04
3.29569e+00	3.04802e-04
3.31074e+00	2.90184e-04
3.32579e+00	2.76655e-04
3.34084e+00	2.64094e-04
3.35589e+00	2.52384e-04
3.37094e+00	2.41490e-04
3.38599e+00	2.31334e-04
3.40104e+00	2.21836e-04
3.41609e+00	2.12977e-04
3.43113e+00	2.04551e-04
3.44618e+00	1.96510e-04
3.46123e+00	1.88867e-04
3.47628e+00	1.81606e-04
3.49133e+00	1.74722e-04
3.50638e+00	1.68234e-04
3.52143e+00	1.62063e-04
3.53648e+00	1.56193e-04
3.55152e+00	1.50589e-04
3.56657e+00	1.45202e-04
3.58162e+00	1.39982e-04
3.59667e+00	1.34946e-04
3.61172e+00	1.30115e-04
3.62677e+00	1.25484e-04
3.64182e+00	1.21041e-04
3.65687e+00	1.16780e-04
3.67192e+00	1.12697e-04
3.68696e+00	1.08795e-04
3.70201e+00	1.05067e-04
3.71706e+00	1.01505e-04
3.73211e+00	9.81254e-05
3.74716e+00	9.49281e-05
3.76221e+00	9.19170e-05
3.77726e+00	8.90861e-05
3.79231e+00	8.64394e-05
3.80735e+00	8.39692e-05
3.82240e+00	8.16668e-05
3.83745e+00	7.95272e-05
3.85250e+00	7.75419e-05
3.86755e+00	7.56984e-05
3.88260e+00	7.39289e-05
3.89765e+00	7.22321e-05
3.91270e+00	7.06070e-05
3.92775e+00	6.90486e-05
3.94279e+00	6.75542e-05
3.95784e+00	6.61266e-05
3.97289e+00	6.47550e-05
3.98794e+00	6.34554e-05
4.00299e+00	6.22041e-05
4.01804e+00	6.09984e-05
4.03309e+00	5.98309e-05
4.04814e+00	5.86851e-05
4.06318e+00	5.75579e-05
4.07823e+00	5.64534e-05
4.09328e+00	5.53671e-05
4.10833e+00	5.42994e-05
4.12338e+00	5.32499e-05
4.13843e+00	5.22174e-05
4.15348e+00	5.12011e-05
4.16853e+00	5.02005e-05
4.18358e+00	4.92155e-05
4.19862e+00	4.82455e-05
4.21367e+00	4.72896e-05
4.22872e+00	4.63472e-05
4.24377e+00	4.54183e-05
4.25882e+00	4.45027e-05
4.27387e+00	4.35967e-05
4.28892e+00	4.26996e-05
4.30397e+00	4.18111e-05
4.31901e+00	4.09309e-05
4.33406e+00	4.00590e-05
4.34911e+00	3.91952e-05
4.36416e+00	3.83394e-05
4.37921e+00	3.74926e-05
4.39426e+00	3.66546e-05
4.40931e+00	3.58263e-05
4.42436e+00	3.50063e-05
4.43941e+00	3.41992e-05
4.45445e+00	3.34023e-05
4.46950e+00	3.26169e-05
4.48455e+00	3.18426e-05
4.49960e+00	3.10790e-05
4.51465e+00	3.03258e-05
4.52970e+00	2.95828e-05
4.54475e+00	2.88538e-05
4.55980e+00	2.81438e-05
4.57485e+00	2.74524e-05
4.58989e+00	2.67795e-05
4.60494e+00	2.61244e-05
4.61999e+00	2.54870e-05
4.63504e+00	2.48670e-05
4.65009e+00	2.42697e-05
4.66514e+00	2.36945e-05
4.68019e+00	2.31409e-05
4.69524e+00	2.26085e-05
4.71028e+00	2.20967e-05
4.72533e+00	2.16053e-05
4.74038e+00	2.11336e-05
4.75543e+00	2.06814e-05
4.77048e+00	2.02482e-05
4.78553e+00	1.98336e-05
4.80058e+00	1.94374e-05
4.81563e+00	1.90588e-05
4.83068e+00	1.86982e-05
4.84572e+00	1.83586e-05
4.86077e+00	1.80401e-05
4.87582e+00	1.77421e-05
4.89087e+00	1.74642e-05
4.90592e+00	1.72057e-05
4.92097e+00	1.69661e-05
4.93602e+00	1.67401e-05
4.95107e+00	1.65263e-05
4.96611e+00	1.63235e-05
4.98116e+00	1.61313e-05
4.99621e+00	1.59494e-05
5.01126e+00	1.57767e-05
5.02631e+00	1.56130e-05
5.04136e+00	1.54576e-05
5.05641e+00	1.53086e-05
5.07146e+00	1.51665e-05
5.08651e+00	1.50310e-05
5.10155e+00	1.49018e-05
5.11660e+00	1.47781e-05
5.13165e+00	1.46558e-05
5.14670e+00	1.45345e-05
5.16175e+00	1.44141e-05
5.17680e+00	1.42948e-05
5.19185e+00	1.41764e-05
5.20690e+00	1.40590e-05
5.22194e+00	1.39426e-05
5.23699e+00	1.38271e-05
5.25204e+00	1.37125e-05
5.26709e+00	1.35989e-05
5.28214e+00	1.34862e-05
5.29719e+00	1.33745e-05
5.31224e+00	1.32636e-05
5.32729e+00	1.31537e-05
5.34234e+00	1.30447e-05
5.35738e+00	1.29366e-05
5.37243e+00	1.28293e-05
5.38748e+00	1.27230e-05
5.40253e+00	1.26175e-05
5.41758e+00	1.25129e-05
5.43263e+00	1.24092e-05
5.44768e+00	1.23063e-05
5.46273e+00	1.22043e-05
5.47778e+00	1.21031e-05
5.49282e+00	1.20027e-05
5.50787e+00	1.19032e-05
5.52292e+00	1.18045e-05
5.53797e+00	1.17067e-05
5.55302e+00	1.16096e-05
5.56807e+00	1.15134e-05
5.58312e+00	1.14179e-05
5.59817e+00	1.13233e-05
5.61321e+00	1.12294e-05
5.62826e+00	1.11364e-05
5.64331e+00	1.10441e-05
5.65836e+00	1.09525e-05
5.67341e+00	1.08618e-05
5.68846e+00	1.07718e-05
5.70351e+00	1.06825e-05
5.71856e+00	1.05941e-05
5.73361e+00	1.05063e-05
5.74865e+00	1.04193e-05
5.76370e+00	1.03331e-05
5.77875e+00	1.02476e-05
5.79380e+00	1.01628e-05
5.80885e+00	1.00788e-05
5.82390e+00	9.99547e-06
5.83895e+00	9.91285e-06
5.85400e+00	9.83095e-06
5.86904e+00	9.74974e-06
5.88409e+00	9.66921e-06
5.89914e+00	9.58938e-06
5.91419e+00	9.51035e-06
5.92924e+00	9.43169e-06
5.94429e+00	9.35386e-06
5.95934e+00	9.27669e-06
5.97439e+00	9.20020e-06
5.98944e+00	9.12438e-06
6.00448e+00	9.04917e-06
6.01953e+00	8.97465e-06
6.03458e+00	8.90120e-06
6.04963e+00	8.82730e-06
6.06468e+00	8.75453e-06
6.07973e+00	8.68234e-06
6.09478e+00	8.61079e-06
6.10983e+00	8.53987e-06
6.12487e+00	8.46958e-06
6.13992e+00	8.39990e-06
6.15497e+00	8.33081e-06
6.17002e+00	8.26236e-06
6.18507e+00	8.19451e-06
6.20012e+00	8.12725e-06
6.21517e+00	8.06059e-06
6.23022e+00	7.99451e-06
6.24527e+00	7.92901e-06
6.26031e+00	7.86409e-06
6.27536e+00	7.79976e-06
6.29041e+00	7.73596e-06
6.30546e+00	7.67273e-06
6.32051e+00	7.61005e-06
6.33556e+00	7.54792e-06
6.35061e+00	7.48634e-06
6.36566e+00	7.42529e-06
6.38071e+00	7.36478e-06
6.39575e+00	7.30480e-06
6.41080e+00	7.24534e-06
6.42585e+00	7.18639e-06
6.44090e+00	7.12797e-06
6.45595e+00	7.07007e-06
6.47100e+00	7.01268e-06
6.48605e+00	6.95580e-06
6.50110e+00	6.89943e-06
6.51614e+00	6.84356e-06
6.53119e+00	6.78815e-06
6.54624e+00	6.73328e-06
6.56129e+00	6.67889e-06
6.57634e+00	6.62497e-06
6.59139e+00	6.57152e-06
6.60644e+00	6.51854e-06
6.62149e+00	6.46603e-06
6.63654e+00	6.41397e-06
6.65158e+00	6.36238e-06
6.66663e+00	6.31119e-06
6.68168e+00	6.26053e-06
6.69673e+00	6.21028e-06
6.71178e+00	6.16048e-06
6.72683e+00	6.11113e-06
6.74188e+00	6.06212e-06
6.75693e+00	6.01339e-06
6.77197e+00	5.96494e-06
6.78702e+00	5.91678e-06
6.80207e+00	5.86891e-06
6.81712e+00	5.82129e-06
6.83217e+00	5.77397e-06
6.84722e+00	5.72692e-06
6.86227e+00	5.68016e-06
6.87732e+00	5.63367e-06
6.89237e+00	5.58747e-06
6.90741e+00	5.54150e-06
6.92246e+00	5.49567e-06
6.93751e+00	5.45116e-06
6.95256e+00	5.40492e-06
6.96761e+00	5.35985e-06
6.98266e+00	5.31499e-06
6.99771e+00	5.27046e-06
7.01276e+00	5.22625e-06
7.02780e+00	5.18240e-06
7.04285e+00	5.13889e-06
7.05790e+00	5.09550e-06
7.07295e+00	5.05340e-06
7.08800e+00	5.01016e-06
7.10305e+00	4.96778e-06
7.11810e+00	4.92572e-06
7.13315e+00	4.88400e-06
7.14820e+00	4.84263e-06
7.16324e+00	4.80158e-06
7.17829e+00	4.76088e-06
7.19334e+00	4.72050e-06
7.20839e+00	4.68044e-06
7.22344e+00	4.64071e-06
7.23849e+00	4.60134e-06
7.25354e+00	4.56236e-06
7.26859e+00	4.52377e-06
7.28363e+00	4.48557e-06
7.29868e+00	4.44775e-06
7.31373e+00	4.41030e-06
7.32878e+00	4.37321e-06
7.34383e+00	4.33647e-06
7.35888e+00	4.30009e-06
7.37393e+00	4.26392e-06
7.38898e+00	4.22772e-06
7.40403e+00	4.19152e-06
7.41907e+00	4.15532e-06
7.43412e+00	4.11913e-06
7.44917e+00	4.08296e-06
7.46422e+00	4.04682e-06
7.47927e+00	4.01071e-06
7.49432e+00	3.97467e-06
7.50937e+00	3.93868e-06
7.52442e+00	3.90278e-06
7.53947e+00	3.86692e-06
7.55451e+00	3.83111e-06
7.56956e+00	3.79533e-06
7.58461e+00	3.75961e-06
7.59966e+00	3.72394e-06
7.61471e+00	3.68832e-06
7.62976e+00	3.65277e-06
7.64481e+00	3.61728e-06
7.65986e+00	3.58188e-06
7.67490e+00	3.54655e-06
7.68995e+00	3.51132e-06
7.70500e+00	3.47619e-06
7.72005e+00	3.44116e-06
7.73510e+00	3.40625e-06
7.75015e+00	3.37145e-06
7.76520e+00	3.33651e-06
7.78025e+00	3.30138e-06
7.79530e+00	3.26603e-06
7.81034e+00	3.23036e-06
7.82539e+00	3.19436e-06
7.84044e+00	3.15800e-06
7.85549e+00	3.12129e-06
7.87054e+00	3.08427e-06
7.88559e+00	3.04694e-06
7.90064e+00	3.00934e-06
7.91569e+00	2.97149e-06
7.93073e+00	2.93343e-06
7.94578e+00	2.89520e-06
7.96083e+00	2.85681e-06
7.97588e+00	2.81829e-06
7.99093e+00	2.77965e-06
8.00598e+00	2.74088e-06
8.02103e+00	2.70202e-06
8.03608e+00	2.66303e-06
8.05113e+00	2.62393e-06
8.06617e+00	2.58473e-06
8.08122e+00	2.54548e-06
8.09627e+00	2.50620e-06
8.11132e+00	2.46689e-06
8.12637e+00	2.42766e-06
8.14142e+00	2.38845e-06
8.15647e+00	2.34933e-06
8.17152e+00	2.31031e-06
8.18656e+00	2.27141e-06
8.20161e+00	2.23267e-06
8.21666e+00	2.19409e-06
8.23171e+00	2.15563e-06
8.24676e+00	2.11719e-06
8.26181e+00	2.07882e-06
8.27686e+00	2.04053e-06
8.29191e+00	2.00237e-06
8.30696e+00	1.96430e-06
8.32200e+00	1.92631e-06
8.33705e+00	1.88843e-06
8.35210e+00	1.85067e-06
8.36715e+00	1.81305e-06
8.38220e+00	1.77560e-06
8.39725e+00	1.73835e-06
8.41230e+00	1.70133e-06
8.42735e+00	1.66455e-06
8.44240e+00	1.62804e-06
8.45744e+00	1.59184e-06
8.47249e+00	1.55570e-06
8.48754e+00	1.51964e-06
8.50259e+00	1.48375e-06
8.51764e+00	1.44817e-06
8.53269e+00	1.41293e-06
8.54774e+00	1.37807e-06
8.56279e+00	1.34368e-06
8.57783e+00	1.30977e-06
8.59288e+00	1.27636e-06
8.60793e+00	1.24345e-06
8.62298e+00	1.21105e-06
8.63803e+00	1.17917e-06
8.65308e+00	1.14781e-06
8.66813e+00	1.11697e-06
8.68318e+00	1.08666e-06
8.69823e+00	1.05689e-06
8.71327e+00	1.02766e-06
8.72832e+00	9.98965e-07
8.74337e+00	9.70811e-07
8.75842e+00	9.43191e-07
8.77347e+00	9.16103e-07
8.78852e+00	8.89549e-07
8.80357e+00	8.63528e-07
8.81862e+00	8.38037e-07
8.83366e+00	8.13076e-07
8.84871e+00	7.88642e-07
8.86376e+00	7.64731e-07
8.87881e+00	7.41341e-07
8.89386e+00	7.18468e-07
8.90891e+00	6.96105e-07
8.92396e+00	6.74255e-07
8.93901e+00	6.52923e-07
8.95406e+00	6.32042e-07
8.96910e+00	6.11676e-07
8.98415e+00	5.91807e-07
8.99920e+00	5.72438e-07
9.01425e+00	5.53590e-07
9.02930e+00	5.35258e-07
9.04435e+00	5.17454e-07
9.05940e+00	5.00176e-07
9.07445e+00	4.83411e-07
9.08949e+00	4.67146e-07
9.10454e+00	4.51369e-07
9.11959e+00	4.36067e-07
9.13464e+00	4.21229e-07
9.14969e+00	4.06842e-07
9.16474e+00	3.92896e-07
9.17979e+00	3.79379e-07
9.19484e+00	3.66279e-07
9.20989e+00	3.53585e-07
9.22493e+00	3.41287e-07
9.23998e+00	3.29373e-07
9.25503e+00	3.17834e-07
9.27008e+00	3.06659e-07
9.28513e+00	2.95842e-07
9.30018e+00	2.85364e-07
9.31523e+00	2.75224e-07
9.33028e+00	2.65410e-07
9.34533e+00	2.55913e-07
9.36037e+00	2.46724e-07
9.37542e+00	2.37835e-07
9.39047e+00	2.29237e-07
9.40552e+00	2.20922e-07
9.42057e+00	2.12881e-07
9.43562e+00	2.05107e-07
9.45067e+00	1.97593e-07
9.46572e+00	1.90329e-07
9.48076e+00	1.83310e-07
9.49581e+00	1.76528e-07
9.51086e+00	1.69976e-07
9.52591e+00	1.63647e-07
9.54096e+00	1.57534e-07
9.55601e+00	1.51632e-07
9.57106e+00	1.45932e-07
9.58611e+00	1.40427e-07
9.60116e+00	1.35111e-07
9.61620e+00	1.29977e-07
9.63125e+00	1.25020e-07
9.64630e+00	1.20241e-07
9.66135e+00	1.15618e-07
9.67640e+00	1.11161e-07
9.69145e+00	1.06858e-07
9.70650e+00	1.02706e-07
9.72155e+00	9.86992e-08
9.73659e+00	9.48336e-08
9.75164e+00	9.11047e-08
9.76669e+00	8.75083e-08
9.78174e+00	8.40402e-08
9.79679e+00	8.06963e-08
9.81184e+00	7.74726e-08
9.82689e+00	7.43654e-08
9.84194e+00	7.13710e-08
9.85699e+00	6.84856e-08
9.87203e+00	6.57060e-08
9.88708e+00	6.30286e-08
9.90213e+00	6.04500e-08
9.91718e+00	5.79671e-08
9.93223e+00	5.55766e-08
9.94728e+00	5.32753e-08
9.96233e+00	5.10608e-08
9.97738e+00	4.89299e-08
9.99242e+00	4.68796e-08
1.00075e+01	4.49084e-08
1.00225e+01	4.30349e-08
1.00376e+01	4.11984e-08
1.00526e+01	3.94541e-08
1.00677e+01	3.77796e-08
1.00827e+01	3.61744e-08
1.00978e+01	3.46354e-08
1.01128e+01	3.31602e-08
1.01279e+01	3.17463e-08
1.01429e+01	3.03913e-08
1.01580e+01	2.90925e-08
1.01730e+01	2.78479e-08
1.01881e+01	2.66551e-08
1.02031e+01	2.55119e-08
1.02182e+01	2.44165e-08
1.02332e+01	2.33668e-08
1.02483e+01	2.23609e-08
1.02633e+01	2.13972e-08
1.02784e+01	2.04738e-08
1.02934e+01	1.95891e-08
1.03085e+01	1.87417e-08
1.03235e+01	1.79299e-08
1.03385e+01	1.71523e-08
1.03536e+01	1.64075e-08
1.03686e+01	1.56942e-08
1.03837e+01	1.50111e-08
1.03987e+01	1.43569e-08
1.04138e+01	1.37305e-08
1.04288e+01	1.31308e-08
1.04439e+01	1.25566e-08
1.04589e+01	1.20068e-08
1.04740e+01	1.14806e-08
1.04890e+01	1.09768e-08
1.05041e+01	1.04946e-08
1.05191e+01	1.00331e-08
1.05342e+01	9.59141e-09
1.05492e+01	9.16867e-09
1.05643e+01	8.76409e-09
1.05793e+01	8.37665e-09
1.05944e+01	8.00601e-09
1.06094e+01	7.65378e-09
1.06245e+01	7.31101e-09
1.06395e+01	6.98587e-09
1.06546e+01	6.67465e-09
1.06696e+01	6.37709e-09
1.06847e+01	6.09256e-09
1.06997e+01	5.82051e-09
1.07148e+01	5.56040e-09
1.07298e+01	5.31172e-09
1.07449e+01	5.07397e-09
1.07599e+01	4.84670e-09
1.07750e+01	4.62944e-09
1.07900e+01	4.42177e-09
1.08051e+01	4.22327e-09
1.08201e+01	4.03355e-09
1.08352e+01	3.85222e-09
1.08502e+01	3.67892e-09
1.08653e+01	3.51331e-09
1.08803e+01	3.35506e-09
1.08954e+01	3.20384e-09
1.09104e+01	3.05935e-09
1.09255e+01	2.92129e-09
1.09405e+01	2.78940e-09
1.09556e+01	2.66340e-09
1.09706e+01	2.54305e-09
1.09856e+01	2.42809e-09
1.10007e+01	2.31828e-09
1.10157e+01	2.21340e-09
1.10308e+01	2.11323e-09
1.10458e+01	2.01758e-09
1.10609e+01	1.92625e-09
1.10759e+01	1.83906e-09
1.10910e+01	1.75582e-09
1.11060e+01	1.67636e-09
1.11211e+01	1.60051e-09
1.11361e+01	1.52811e-09
1.11512e+01	1.45901e-09
1.11662e+01	1.39307e-09
1.11813e+01	1.33014e-09
1.11963e+01	1.27009e-09
1.12114e+01	1.21275e-09
1.12264e+01	1.15798e-09
1.12415e+01	1.10568e-09
1.12565e+01	1.05576e-09
1.12716e+01	1.00809e-09
1.12866e+01	9.62600e-10
1.13017e+01	9.19181e-10
1.13167e+01	8.77748e-10
1.13318e+01	8.38214e-10
1.13468e+01	8.00500e-10
1.13619e+01	7.64526e-10
1.13769e+01	7.30217e-10
1.13920e+01	6.97503e-10
1.14070e+01	6.66314e-10
1.14221e+01	6.36586e-10
1.14371e+01	6.08257e-10
1.14522e+01	5.81261e-10
1.14672e+01	5.55548e-10
1.14823e+01	5.31060e-10
1.14973e+01	5.07745e-10
1.15124e+01	4.85552e-10
1.15274e+01	4.64434e-10
1.15425e+01	4.44341e-10
1.15575e+01	4.25141e-10
1.15726e+01	4.06311e-10
1.15876e+01	3.87899e-10
1.16026e+01	3.69917e-10
1.16177e+01	3.52320e-10
1.16327e+01	3.35068e-10
1.16478e+01	3.17429e-10
1.16628e+01	2.99733e-10
1.16779e+01	2.82718e-10
1.16929e+01	2.66739e-10
1.17080e+01	2.51874e-10
1.17230e+01	2.38116e-10
1.17381e+01	2.25305e-10
1.17531e+01	2.13188e-10
1.17682e+01	2.01557e-10
1.17832e+01	1.90421e-10
1.17983e+01	1.79853e-10
1.18133e+01	1.69822e-10
1.18284e+01	1.60184e-10
1.18434e+01	1.50111e-10
1.18585e+01	1.39986e-10
1.18735e+01	1.30702e-10
1.18886e+01	1.22347e-10
1.19036e+01	1.14537e-10
1.19187e+01	1.07135e-10
1.19337e+01	1.00303e-10
1.19488e+01	9.39794e-11
1.19638e+01	8.81001e-11
1.19789e+01	8.26119e-11
1.19939e+01	7.74845e-11
1.20090e+01	7.26806e-11
1.20240e+01	6.81741e-11
1.20391e+01	6.39411e-11
1.20541e+01	5.99637e-11
1.20692e+01	5.62270e-11
1.20842e+01	5.27171e-11
1.20993e+01	4.94198e-11
1.21143e+01	4.63196e-11
1.21294e+01	4.34021e-11
1.21444e+01	4.06561e-11
1.21595e+01	3.80725e-11
1.21745e+01	3.56429e-11
1.21896e+01	3.33593e-11
1.22046e+01	3.12118e-11
1.22197e+01	2.91887e-11
1.22347e+01	2.72828e-11
1.22497e+01	2.54873e-11
1.22648e+01	2.37967e-11
1.22798e+01	2.22060e-11
1.22949e+01	2.07107e-11
1.23099e+01	1.93055e-11
1.23250e+01	1.79895e-11
1.23400e+01	1.67575e-11
1.23551e+01	1.56047e-11
1.23701e+01	1.45263e-11
1.23852e+01	1.35181e-11
1.24002e+01	1.25759e-11
1.24153e+01	1.16942e-11
1.24303e+01	1.08696e-11
1.24454e+01	1.00984e-11
1.24604e+01	9.37752e-12
1.24755e+01	8.70392e-12
1.24905e+01	8.07486e-12
1.25056e+01	7.48769e-12
1.25206e+01	6.93959e-12
1.25357e+01	6.42808e-12
1.25507e+01	5.95146e-12
1.25658e+01	5.50733e-12
1.25808e+01	5.09246e-12
1.25959e+01	4.70699e-12
1.26109e+01	4.34861e-12
1.26260e+01	4.01580e-12
1.26410e+01	3.70711e-12
1.26561e+01	3.42086e-12
1.26711e+01	3.15551e-12
1.26862e+01	2.90959e-12
1.27012e+01	2.68193e-12
1.27163e+01	2.47145e-12
1.27313e+01	2.27689e-12
1.27464e+01	2.09726e-12
1.27614e+01	1.93142e-12
1.27765e+01	1.77832e-12
1.27915e+01	1.63699e-12
1.28066e+01	1.50661e-12
1.28216e+01	1.38676e-12
1.28367e+01	1.27663e-12
1.28517e+01	1.17572e-12
1.28668e+01	1.08357e-12
1.28818e+01	9.99511e-13
1.28968e+01	9.22390e-13
1.29119e+01	8.51224e-13
1.29269e+01	7.84377e-13
1.29420e+01	7.23426e-13
1.29570e+01	6.68446e-13
1.29721e+01	6.18476e-13
1.29871e+01	5.72089e-13
1.30022e+01	5.28857e-13
1.30172e+01	4.86442e-13
1.30323e+01	4.43811e-13
1.30473e+01	4.01731e-13
1.30624e+01	3.63139e-13
1.30774e+01	3.29993e-13
1.30925e+01	3.01155e-13
1.31075e+01	2.76087e-13
1.31226e+01	2.54163e-13
1.31376e+01	2.34679e-13
1.31527e+01	2.16657e-13
1.31677e+01	1.99747e-13
1.31828e+01	1.83650e-13
1.31978e+01	1.68400e-13
1.32129e+01	1.54189e-13
1.32279e+01	1.41581e-13
1.32430e+01	1.30260e-13
1.32580e+01	1.20021e-13
1.32731e+01	1.10685e-13
1.32881e+01	1.02188e-13
1.33032e+01	9.44383e-14
1.33182e+01	8.73409e-14
1.33333e+01	8.08274e-14
1.33483e+01	7.48250e-14
1.33634e+01	6.92838e-14
1.33784e+01	6.41469e-14
1.33935e+01	5.93655e-14
1.34085e+01	5.49164e-14
1.34236e+01	5.07743e-14
1.34386e+01	4.69001e-14
1.34537e+01	4.32772e-14
1.34687e+01	3.98750e-14
1.34838e+01	3.67169e-14
1.34988e+01	3.38102e-14
1.35139e+01	3.11373e-14
1.35289e+01	2.86673e-14
1.35439e+01	2.63819e-14
1.35590e+01	2.42689e-14
1.35740e+01	2.23158e-14
1.35891e+01	2.05113e-14
1.36041e+01	1.88446e-14
1.36192e+01	1.73071e-14
1.36342e+01	1.58894e-14
1.36493e+01	1.45825e-14
1.36643e+01	1.33783e-14
1.36794e+01	1.22692e-14
1.36944e+01	1.12481e-14
1.37095e+01	1.03084e-14
1.37245e+01	9.44387e-15
1.37396e+01	8.64897e-15
1.37546e+01	7.91827e-15
1.37697e+01	7.24689e-15
1.37847e+01	6.63032e-15
1.37998e+01	6.06424e-15
1.38148e+01	5.54458e-15
1.38299e+01	5.06768e-15
1.38449e+01	4.63025e-15
1.38600e+01	4.22911e-15
1.38750e+01	3.86119e-15
1.38901e+01	3.52349e-15
1.39051e+01	3.21374e-15
1.39202e+01	2.92961e-15
1.39352e+01	2.66910e-15
1.39503e+01	2.43040e-15
1.39653e+01	2.21183e-15
1.39804e+01	2.01193e-15
1.39954e+01	1.82903e-15
1.40105e+01	1.66174e-15
1.40255e+01	1.50886e-15
1.40406e+01	1.36938e-15
1.40556e+01	1.24210e-15
1.40707e+01	1.12612e-15
1.40857e+01	1.02042e-15
1.41008e+01	9.24132e-16
1.41158e+01	8.36479e-16
1.41309e+01	7.56739e-16
1.41459e+01	6.84244e-16
1.41610e+01	6.18375e-16
1.41760e+01	5.58564e-16
1.41910e+01	5.04283e-16
1.42061e+01	4.55054e-16
1.42211e+01	4.10423e-16
1.42362e+01	3.69966e-16
1.42512e+01	3.33305e-16
1.42663e+01	3.00101e-16
1.42813e+01	2.70047e-16
1.42964e+01	2.42860e-16
1.43114e+01	2.18285e-16
1.43265e+01	1.96084e-16
1.43415e+01	1.76042e-16
1.43566e+01	1.57960e-16
1.43716e+01	1.41655e-16
1.43867e+01	1.26964e-16
1.44017e+01	1.13733e-16
1.44168e+01	1.01826e-16
1.44318e+01	9.11150e-17
1.44469e+01	8.14865e-17
1.44619e+01	7.28364e-17
1.44770e+01	6.50706e-17
1.44920e+01	5.81027e-17
1.45071e+01	5.18541e-17
1.45221e+01	4.62538e-17
1.45372e+01	4.12376e-17
1.45522e+01	3.67473e-17
1.45673e+01	3.27299e-17
1.45823e+01	2.91377e-17
1.45974e+01	2.59276e-17
1.46124e+01	2.30605e-17
1.46275e+01	2.05012e-17
1.46425e+01	1.82180e-17
1.46576e+01	1.61822e-17
1.46726e+01	1.43681e-17
1.46877e+01	1.27526e-17
1.47027e+01	1.13148e-17
1.47178e+01	1.00360e-17
1.47328e+01	8.89938e-18
1.47479e+01	7.88984e-18
1.47629e+01	6.99385e-18
1.47780e+01	6.19930e-18
1.47930e+01	5.49542e-18
1.48081e+01	4.87253e-18
1.48231e+01	4.32195e-18
1.48381e+01	3.83601e-18
1.48532e+01	3.40783e-18
1.48682e+01	3.03133e-18
1.48833e+01	2.70111e-18
1.48983e+01	2.41238e-18
1.49134e+01	2.16094e-18
1.49284e+01	1.94307e-18
1.49435e+01	1.75555e-18
1.49585e+01	1.59558e-18
1.49736e+01	1.46075e-18
1.49886e+01	1.34904e-18
1.50037e+01	1.25877e-18
1.50187e+01	1.18854e-18
1.50338e+01	1.13857e-18
1.50488e+01	1.09815e-18
