# The ell = 1 distribution, the first anisotropy.
# E_N [Td]	7.00000e+00
# col_1: Electron Energy [eV], col_2: f1 [eV^(-3/2)]
eV	f1
1.69652e-02	3.24178e-05
3.39303e-02	5.78929e-05
5.08955e-02	8.04436e-05
6.78607e-02	9.85835e-05
8.48258e-02	1.14480e-04
1.01791e-01	1.29053e-04
1.18756e-01	1.42846e-04
1.35721e-01	1.56666e-04
1.52686e-01	1.70112e-04
1.69652e-01	1.84054e-04
1.86617e-01	1.98406e-04
2.03582e-01	2.13451e-04
2.20547e-01	2.29567e-04
2.37512e-01	2.46530e-04
2.54477e-01	2.65930e-04
2.71443e-01	2.87702e-04
2.88408e-01	3.11688e-04
3.05373e-01	3.38470e-04
3.22338e-01	3.66256e-04
3.39303e-01	4.00430e-04
3.56268e-01	4.40451e-04
3.73234e-01	4.87309e-04
3.90199e-01	5.48704e-04
4.07164e-01	6.22419e-04
4.24129e-01	7.07100e-04
4.41094e-01	8.08895e-04
4.58059e-01	9.24475e-04
4.75025e-01	1.05463e-03
4.91990e-01	1.20594e-03
5.08955e-01	1.37367e-03
5.25920e-01	1.56030e-03
5.42885e-01	1.78337e-03
5.59850e-01	2.03584e-03
5.76816e-01	2.31225e-03
5.93781e-01	2.62516e-03
6.10746e-01	2.96816e-03
6.27711e-01	3.33432e-03
6.44676e-01	3.76061e-03
6.61641e-01	4.24415e-03
6.78607e-01	4.77432e-03
6.95572e-01	5.37454e-03
7.12537e-01	6.05731e-03
7.29502e-01	6.80841e-03
7.46467e-01	7.61624e-03
7.63432e-01	8.49256e-03
7.80398e-01	9.42339e-03
7.97363e-01	1.03960e-02
8.14328e-01	1.14000e-02
8.31293e-01	1.24278e-02
8.48258e-01	1.34718e-02
8.65223e-01	1.45254e-02
8.82188e-01	1.56372e-02
8.99154e-01	1.68203e-02
9.16119e-01	1.80611e-02
9.33084e-01	1.93480e-02
9.50049e-01	2.07433e-02
9.67014e-01	2.22477e-02
9.83979e-01	2.38429e-02
1.00094e+00	2.55073e-02
1.01791e+00	2.72516e-02
1.03487e+00	2.91062e-02
1.05184e+00	3.10500e-02
1.06881e+00	3.30628e-02
1.08577e+00	3.50446e-02
1.10274e+00	3.70582e-02
1.11970e+00	3.90921e-02
1.13667e+00	4.11367e-02
1.15363e+00	4.31915e-02
1.17060e+00	4.52576e-02
1.18756e+00	4.73282e-02
1.20453e+00	4.93958e-02
1.22149e+00	5.14707e-02
1.23846e+00	5.36147e-02
1.25542e+00	5.58000e-02
1.27239e+00	5.80150e-02
1.28935e+00	6.02472e-02
1.30632e+00	6.26822e-02
1.32328e+00	6.52739e-02
1.34025e+00	6.79897e-02
1.35721e+00	7.08053e-02
1.37418e+00	7.36976e-02
1.39114e+00	7.65048e-02
1.40811e+00	7.91527e-02
1.42507e+00	8.16514e-02
1.44204e+00	8.40101e-02
1.45900e+00	8.62368e-02
1.47597e+00	8.82726e-02
1.49293e+00	9.02276e-02
1.50990e+00	9.21081e-02
1.52686e+00	9.39111e-02
1.54383e+00	9.56437e-02
1.56080e+00	9.74853e-02
1.57776e+00	9.95723e-02
1.59473e+00	1.01867e-01
1.61169e+00	1.04331e-01
1.62866e+00	1.06935e-01
1.64562e+00	1.09640e-01
1.66259e+00	1.12281e-01
1.67955e+00	1.14820e-01
1.69652e+00	1.17243e-01
1.71348e+00	1.19546e-01
1.73045e+00	1.21726e-01
1.74741e+00	1.23457e-01
1.76438e+00	1.24654e-01
1.78134e+00	1.25331e-01
1.79831e+00	1.25516e-01
1.81527e+00	1.25183e-01
1.83224e+00	1.24428e-01
1.84920e+00	1.23336e-01
1.86617e+00	1.21817e-01
1.88313e+00	1.19752e-01
1.90010e+00	1.17097e-01
1.91706e+00	1.13912e-01
1.93403e+00	1.10274e-01
1.95099e+00	1.06267e-01
1.96796e+00	1.02063e-01
1.98492e+00	9.77227e-02
2.00189e+00	9.32660e-02
2.01885e+00	8.87044e-02
2.03582e+00	8.43493e-02
2.05278e+00	8.02734e-02
2.06975e+00	7.64724e-02
2.08672e+00	7.29076e-02
2.10368e+00	6.95671e-02
2.12065e+00	6.63267e-02
2.13761e+00	6.29861e-02
2.15458e+00	5.96415e-02
2.17154e+00	5.64026e-02
2.18851e+00	5.32719e-02
2.20547e+00	5.02457e-02
2.22244e+00	4.73705e-02
2.23940e+00	4.46565e-02
2.25637e+00	4.21181e-02
2.27333e+00	3.97307e-02
2.29030e+00	3.74928e-02
2.30726e+00	3.53958e-02
2.32423e+00	3.33991e-02
2.34119e+00	3.15001e-02
2.35816e+00	2.97128e-02
2.37512e+00	2.80068e-02
2.39209e+00	2.63834e-02
2.40905e+00	2.48761e-02
2.42602e+00	2.35021e-02
2.44298e+00	2.21612e-02
2.45995e+00	2.08520e-02
2.47691e+00	1.95623e-02
2.49388e+00	1.83321e-02
2.51084e+00	1.71892e-02
2.52781e+00	1.61104e-02
2.54477e+00	1.51116e-02
2.56174e+00	1.41960e-02
2.57870e+00	1.33481e-02
2.59567e+00	1.25817e-02
2.61264e+00	1.18662e-02
2.62960e+00	1.11857e-02
2.64657e+00	1.05314e-02
2.66353e+00	9.91484e-03
2.68050e+00	9.33368e-03
2.69746e+00	8.78161e-03
2.71443e+00	8.26558e-03
2.73139e+00	7.79970e-03
2.74836e+00	7.38711e-03
2.76532e+00	7.01968e-03
2.78229e+00	6.66964e-03
2.79925e+00	6.33690e-03
2.81622e+00	6.02314e-03
2.83318e+00	5.71573e-03
2.85015e+00	5.41274e-03
2.86711e+00	5.11263e-03
2.88408e+00	4.80901e-03
2.90104e+00	4.52622e-03
2.91801e+00	4.26693e-03
2.93497e+00	4.02986e-03
2.95194e+00	3.81467e-03
2.96890e+00	3.62002e-03
2.98587e+00	3.44722e-03
3.00283e+00	3.29058e-03
3.01980e+00	3.14405e-03
3.03676e+00	3.00200e-03
3.05373e+00	2.86397e-03
3.07069e+00	2.73041e-03
3.08766e+00	2.60131e-03
3.10462e+00	2.47757e-03
3.12159e+00	2.36139e-03
3.13856e+00	2.25290e-03
3.15552e+00	2.15280e-03
3.17249e+00	2.05847e-03
3.18945e+00	1.96795e-03
3.20642e+00	1.88111e-03
3.22338e+00	1.79769e-03
3.24035e+00	1.71773e-03
3.25731e+00	1.64064e-03
3.27428e+00	1.56679e-03
3.29124e+00	1.49719e-03
3.30821e+00	1.43209e-03
3.32517e+00	1.37176e-03
3.34214e+00	1.31582e-03
3.35910e+00	1.26369e-03
3.37607e+00	1.21525e-03
3.39303e+00	1.17000e-03
3.41000e+00	1.12773e-03
3.42696e+00	1.08789e-03
3.44393e+00	1.04960e-03
3.46089e+00	1.01309e-03
3.47786e+00	9.78304e-04
3.49482e+00	9.45244e-04
3.51179e+00	9.13989e-04
3.52875e+00	8.84152e-04
3.54572e+00	8.55665e-04
3.56268e+00	8.28249e-04
3.57965e+00	8.01562e-04
3.59661e+00	7.75726e-04
3.61358e+00	7.50873e-04
3.63054e+00	7.26995e-04
3.64751e+00	7.04037e-04
3.66448e+00	6.81971e-04
3.68144e+00	6.60842e-04
3.69841e+00	6.40631e-04
3.71537e+00	6.21284e-04
3.73234e+00	6.02936e-04
3.74930e+00	5.85628e-04
3.76627e+00	5.69377e-04
3.78323e+00	5.54185e-04
3.80020e+00	5.40068e-04
3.81716e+00	5.26968e-04
3.83413e+00	5.14856e-04
3.85109e+00	5.03699e-04
3.86806e+00	4.93414e-04
3.88502e+00	4.83545e-04
3.90199e+00	4.74102e-04
3.91895e+00	4.65060e-04
3.93592e+00	4.56399e-04
3.95288e+00	4.48121e-04
3.96985e+00	4.40188e-04
3.98681e+00	4.32673e-04
4.00378e+00	4.25460e-04
4.02074e+00	4.18506e-04
4.03771e+00	4.11746e-04
4.05467e+00	4.05069e-04
4.07164e+00	3.98490e-04
4.08860e+00	3.91999e-04
4.10557e+00	3.85592e-04
4.12253e+00	3.79267e-04
4.13950e+00	3.73019e-04
4.15647e+00	3.66843e-04
4.17343e+00	3.60734e-04
4.19040e+00	3.54695e-04
4.20736e+00	3.48718e-04
4.22433e+00	3.42799e-04
4.24129e+00	3.36938e-04
4.25826e+00	3.31132e-04
4.27522e+00	3.25353e-04
4.29219e+00	3.19599e-04
4.30915e+00	3.13869e-04
4.32612e+00	3.08161e-04
4.34308e+00	3.02476e-04
4.36005e+00	2.96813e-04
4.37701e+00	2.91178e-04
4.39398e+00	2.85575e-04
4.41094e+00	2.80007e-04
4.42791e+00	2.74477e-04
4.44487e+00	2.69009e-04
4.46184e+00	2.63594e-04
4.47880e+00	2.58238e-04
4.49577e+00	2.52936e-04
4.51273e+00	2.47688e-04
4.52970e+00	2.42492e-04
4.54666e+00	2.37382e-04
4.56363e+00	2.32397e-04
4.58059e+00	2.27537e-04
4.59756e+00	2.22800e-04
4.61452e+00	2.18183e-04
4.63149e+00	2.13686e-04
4.64845e+00	2.09352e-04
4.66542e+00	2.05183e-04
4.68239e+00	2.01175e-04
4.69935e+00	1.97325e-04
4.71632e+00	1.93630e-04
4.73328e+00	1.90089e-04
4.75025e+00	1.86698e-04
4.76721e+00	1.83454e-04
4.78418e+00	1.80356e-04
4.80114e+00	1.77400e-04
4.81811e+00	1.74585e-04
4.83507e+00	1.71921e-04
4.85204e+00	1.69428e-04
4.86900e+00	1.67107e-04
4.88597e+00	1.64951e-04
4.90293e+00	1.62958e-04
4.91990e+00	1.61125e-04
4.93686e+00	1.59407e-04
4.95383e+00	1.57789e-04
4.97079e+00	1.56261e-04
4.98776e+00	1.54820e-04
5.00472e+00	1.53461e-04
5.02169e+00	1.52174e-04
5.03865e+00	1.50965e-04
5.05562e+00	1.49809e-04
5.07258e+00	1.48710e-04
5.08955e+00	1.47665e-04
5.10651e+00	1.46674e-04
5.12348e+00	1.45716e-04
5.14044e+00	1.44766e-04
5.15741e+00	1.43823e-04
5.17437e+00	1.42886e-04
5.19134e+00	1.41956e-04
5.20831e+00	1.41032e-04
5.22527e+00	1.40115e-04
5.24224e+00	1.39204e-04
5.25920e+00	1.38299e-04
5.27617e+00	1.37401e-04
5.29313e+00	1.36509e-04
5.31010e+00	1.35624e-04
5.32706e+00	1.34745e-04
5.34403e+00	1.33872e-04
5.36099e+00	1.33005e-04
5.37796e+00	1.32144e-04
5.39492e+00	1.31290e-04
5.41189e+00	1.30441e-04
5.42885e+00	1.29599e-04
5.44582e+00	1.28762e-04
5.46278e+00	1.27932e-04
5.47975e+00	1.27107e-04
5.49671e+00	1.26288e-04
5.51368e+00	1.25475e-04
5.53064e+00	1.24668e-04
5.54761e+00	1.23866e-04
5.56457e+00	1.23070e-04
5.58154e+00	1.22280e-04
5.59850e+00	1.21495e-04
5.61547e+00	1.20716e-04
5.63243e+00	1.19943e-04
5.64940e+00	1.19175e-04
5.66636e+00	1.18413e-04
5.68333e+00	1.17656e-04
5.70029e+00	1.16904e-04
5.71726e+00	1.16158e-04
5.73423e+00	1.15417e-04
5.75119e+00	1.14682e-04
5.76816e+00	1.13952e-04
5.78512e+00	1.13228e-04
5.80209e+00	1.12509e-04
5.81905e+00	1.11795e-04
5.83602e+00	1.11087e-04
5.85298e+00	1.10384e-04
5.86995e+00	1.09686e-04
5.88691e+00	1.08992e-04
5.90388e+00	1.08305e-04
5.92084e+00	1.07622e-04
5.93781e+00	1.06943e-04
5.95477e+00	1.06270e-04
5.97174e+00	1.05602e-04
5.98870e+00	1.04939e-04
6.00567e+00	1.04280e-04
6.02263e+00	1.03630e-04
6.03960e+00	1.02981e-04
6.05656e+00	1.02334e-04
6.07353e+00	1.01694e-04
6.09049e+00	1.01058e-04
6.10746e+00	1.00428e-04
6.12442e+00	9.98019e-05
6.14139e+00	9.91808e-05
6.15835e+00	9.85644e-05
6.17532e+00	9.79528e-05
6.19228e+00	9.73459e-05
6.20925e+00	9.67436e-05
6.22621e+00	9.61460e-05
6.24318e+00	9.55529e-05
6.26015e+00	9.49643e-05
6.27711e+00	9.43804e-05
6.29408e+00	9.38006e-05
6.31104e+00	9.32253e-05
6.32801e+00	9.26544e-05
6.34497e+00	9.20878e-05
6.36194e+00	9.15255e-05
6.37890e+00	9.09674e-05
6.39587e+00	9.04136e-05
6.41283e+00	8.98639e-05
6.42980e+00	8.93183e-05
6.44676e+00	8.87770e-05
6.46373e+00	8.82399e-05
6.48069e+00	8.77070e-05
6.49766e+00	8.71782e-05
6.51462e+00	8.66535e-05
6.53159e+00	8.61325e-05
6.54855e+00	8.56161e-05
6.56552e+00	8.51035e-05
6.58248e+00	8.45947e-05
6.59945e+00	8.40899e-05
6.61641e+00	8.35888e-05
6.63338e+00	8.30916e-05
6.65034e+00	8.25981e-05
6.66731e+00	8.21080e-05
6.68427e+00	8.16223e-05
6.70124e+00	8.11400e-05
6.71820e+00	8.06615e-05
6.73517e+00	8.01866e-05
6.75214e+00	7.97136e-05
6.76910e+00	7.92425e-05
6.78607e+00	7.87733e-05
6.80303e+00	7.83062e-05
6.82000e+00	7.78408e-05
6.83696e+00	7.73775e-05
6.85393e+00	7.69161e-05
6.87089e+00	7.64567e-05
6.88786e+00	7.59992e-05
6.90482e+00	7.55429e-05
6.92179e+00	7.50892e-05
6.93875e+00	7.46428e-05
6.95572e+00	7.41831e-05
6.97268e+00	7.37326e-05
6.98965e+00	7.32837e-05
7.00661e+00	7.28372e-05
7.02358e+00	7.23936e-05
7.04054e+00	7.19526e-05
7.05751e+00	7.15130e-05
7.07447e+00	7.10841e-05
7.09144e+00	7.06434e-05
7.10840e+00	7.02115e-05
7.12537e+00	6.97818e-05
7.14233e+00	6.93549e-05
7.15930e+00	6.89308e-05
7.17626e+00	6.85094e-05
7.19323e+00	6.80907e-05
7.21019e+00	6.76748e-05
7.22716e+00	6.72615e-05
7.24412e+00	6.68517e-05
7.26109e+00	6.64456e-05
7.27806e+00	6.60432e-05
7.29502e+00	6.56443e-05
7.31199e+00	6.52488e-05
7.32895e+00	6.48568e-05
7.34592e+00	6.44680e-05
7.36288e+00	6.40825e-05
7.37985e+00	6.36973e-05
7.39681e+00	6.33106e-05
7.41378e+00	6.29226e-05
7.43074e+00	6.25334e-05
7.44771e+00	6.21431e-05
7.46467e+00	6.17517e-05
7.48164e+00	6.13594e-05
7.49860e+00	6.09664e-05
7.51557e+00	6.05730e-05
7.53253e+00	6.01789e-05
7.54950e+00	5.97839e-05
7.56646e+00	5.93880e-05
7.58343e+00	5.89911e-05
7.60039e+00	5.85933e-05
7.61736e+00	5.81948e-05
7.63432e+00	5.77954e-05
7.65129e+00	5.73953e-05
7.66825e+00	5.69946e-05
7.68522e+00	5.65934e-05
7.70218e+00	5.61917e-05
7.71915e+00	5.57898e-05
7.73611e+00	5.53876e-05
7.75308e+00	5.49852e-05
7.77004e+00	5.45781e-05
7.78701e+00	5.41663e-05
7.80398e+00	5.37485e-05
7.82094e+00	5.33237e-05
7.83791e+00	5.28917e-05
7.85487e+00	5.24520e-05
7.87184e+00	5.20051e-05
7.88880e+00	5.15511e-05
7.90577e+00	5.10904e-05
7.92273e+00	5.06234e-05
7.93970e+00	5.01505e-05
7.95666e+00	4.96721e-05
7.97363e+00	4.91886e-05
7.99059e+00	4.86999e-05
8.00756e+00	4.82060e-05
8.02452e+00	4.77073e-05
8.04149e+00	4.72030e-05
8.05845e+00	4.66934e-05
8.07542e+00	4.61789e-05
8.09238e+00	4.56599e-05
8.10935e+00	4.51366e-05
8.12631e+00	4.46102e-05
8.14328e+00	4.40803e-05
8.16024e+00	4.35476e-05
8.17721e+00	4.30124e-05
8.19417e+00	4.24751e-05
8.21114e+00	4.19361e-05
8.22810e+00	4.13954e-05
8.24507e+00	4.08504e-05
8.26203e+00	4.03016e-05
8.27900e+00	3.97496e-05
8.29596e+00	3.91948e-05
8.31293e+00	3.86362e-05
8.32990e+00	3.80742e-05
8.34686e+00	3.75089e-05
8.36383e+00	3.69406e-05
8.38079e+00	3.63697e-05
8.39776e+00	3.57969e-05
8.41472e+00	3.52225e-05
8.43169e+00	3.46470e-05
8.44865e+00	3.40710e-05
8.46562e+00	3.34932e-05
8.48258e+00	3.29102e-05
8.49955e+00	3.23231e-05
8.51651e+00	3.17357e-05
8.53348e+00	3.11485e-05
8.55044e+00	3.05626e-05
8.56741e+00	2.99798e-05
8.58437e+00	2.94004e-05
8.60134e+00	2.88248e-05
8.61830e+00	2.82532e-05
8.63527e+00	2.76858e-05
8.65223e+00	2.71228e-05
8.66920e+00	2.65646e-05
8.68616e+00	2.60113e-05
8.70313e+00	2.54632e-05
8.72009e+00	2.49204e-05
8.73706e+00	2.43832e-05
8.75402e+00	2.38516e-05
8.77099e+00	2.33256e-05
8.78795e+00	2.28054e-05
8.80492e+00	2.22912e-05
8.82188e+00	2.17830e-05
8.83885e+00	2.12811e-05
8.85582e+00	2.07854e-05
8.87278e+00	2.02962e-05
8.88975e+00	1.98134e-05
8.90671e+00	1.93372e-05
8.92368e+00	1.88678e-05
8.94064e+00	1.84050e-05
8.95761e+00	1.79483e-05
8.97457e+00	1.74987e-05
8.99154e+00	1.70563e-05
9.00850e+00	1.66218e-05
9.02547e+00	1.61952e-05
9.04243e+00	1.57774e-05
9.05940e+00	1.53685e-05
9.07636e+00	1.49686e-05
9.09333e+00	1.45773e-05
9.11029e+00	1.41947e-05
9.12726e+00	1.38205e-05
9.14422e+00	1.34546e-05
9.16119e+00	1.30970e-05
9.17815e+00	1.27474e-05
9.19512e+00	1.24057e-05
9.21208e+00	1.20718e-05
9.22905e+00	1.17456e-05
9.24601e+00	1.14269e-05
9.26298e+00	1.11155e-05
9.27994e+00	1.08115e-05
9.29691e+00	1.05145e-05
9.31387e+00	1.02246e-05
9.33084e+00	9.94152e-06
9.34781e+00	9.66522e-06
9.36477e+00	9.39555e-06
9.38174e+00	9.13238e-06
9.39870e+00	8.87561e-06
9.41567e+00	8.62510e-06
9.43263e+00	8.38074e-06
9.44960e+00	8.14241e-06
9.46656e+00	7.90999e-06
9.48353e+00	7.68337e-06
9.50049e+00	7.46244e-06
9.51746e+00	7.24709e-06
9.53442e+00	7.03720e-06
9.55139e+00	6.83266e-06
9.56835e+00	6.63336e-06
9.58532e+00	6.43909e-06
9.60228e+00	6.24972e-06
9.61925e+00	6.06514e-06
9.63621e+00	5.88536e-06
9.65318e+00	5.71013e-06
9.67014e+00	5.53929e-06
9.68711e+00	5.37289e-06
9.70407e+00	5.21074e-06
9.72104e+00	5.05275e-06
9.73800e+00	4.89885e-06
9.75497e+00	4.74895e-06
9.77193e+00	4.60297e-06
9.78890e+00	4.46081e-06
9.80586e+00	4.32241e-06
9.82283e+00	4.18767e-06
9.83979e+00	4.05653e-06
9.85676e+00	3.92891e-06
9.87373e+00	3.80473e-06
9.89069e+00	3.68393e-06
9.90766e+00	3.56642e-06
9.92462e+00	3.45213e-06
9.94159e+00	3.34099e-06
9.95855e+00	3.23295e-06
9.97552e+00	3.12792e-06
9.99248e+00	3.02572e-06
1.00094e+01	2.92702e-06
1.00264e+01	2.83118e-06
1.00434e+01	2.73727e-06
1.00603e+01	2.64688e-06
1.00773e+01	2.55931e-06
1.00943e+01	2.47452e-06
1.01112e+01	2.39245e-06
1.01282e+01	2.31302e-06
1.01452e+01	2.23615e-06
1.01621e+01	2.16174e-06
1.01791e+01	2.08972e-06
1.01961e+01	2.02003e-06
1.02130e+01	1.95257e-06
1.02300e+01	1.88729e-06
1.02470e+01	1.82410e-06
1.02639e+01	1.76296e-06
1.02809e+01	1.70379e-06
1.02979e+01	1.64654e-06
1.03148e+01	1.59115e-06
1.03318e+01	1.53755e-06
1.03487e+01	1.48570e-06
1.03657e+01	1.43553e-06
1.03827e+01	1.38701e-06
1.03996e+01	1.34007e-06
1.04166e+01	1.29467e-06
1.04336e+01	1.25076e-06
1.04505e+01	1.20829e-06
1.04675e+01	1.16722e-06
1.04845e+01	1.12751e-06
1.05014e+01	1.08911e-06
1.05184e+01	1.05198e-06
1.05354e+01	1.01607e-06
1.05523e+01	9.81362e-07
1.05693e+01	9.47800e-07
1.05863e+01	9.15258e-07
1.06032e+01	8.84178e-07
1.06202e+01	8.53553e-07
1.06372e+01	8.24127e-07
1.06541e+01	7.95703e-07
1.06711e+01	7.68239e-07
1.06881e+01	7.41705e-07
1.07050e+01	7.16071e-07
1.07220e+01	6.91308e-07
1.07389e+01	6.67386e-07
1.07559e+01	6.44278e-07
1.07729e+01	6.21958e-07
1.07898e+01	6.00401e-07
1.08068e+01	5.79580e-07
1.08238e+01	5.59472e-07
1.08407e+01	5.40053e-07
1.08577e+01	5.21302e-07
1.08747e+01	5.03195e-07
1.08916e+01	4.85712e-07
1.09086e+01	4.68833e-07
1.09256e+01	4.52537e-07
1.09425e+01	4.36806e-07
1.09595e+01	4.21622e-07
1.09765e+01	4.06968e-07
1.09934e+01	3.92823e-07
1.10104e+01	3.79172e-07
1.10274e+01	3.65998e-07
1.10443e+01	3.53288e-07
1.10613e+01	3.41026e-07
1.10783e+01	3.29198e-07
1.10952e+01	3.17790e-07
1.11122e+01	3.06786e-07
1.11291e+01	2.96175e-07
1.11461e+01	2.85943e-07
1.11631e+01	2.76076e-07
1.11800e+01	2.66564e-07
1.11970e+01	2.57393e-07
1.12140e+01	2.48542e-07
1.12309e+01	2.40002e-07
1.12479e+01	2.31761e-07
1.12649e+01	2.23811e-07
1.12818e+01	2.16143e-07
1.12988e+01	2.08747e-07
1.13158e+01	2.01616e-07
1.13327e+01	1.94740e-07
1.13497e+01	1.88111e-07
1.13667e+01	1.81723e-07
1.13836e+01	1.75566e-07
1.14006e+01	1.69635e-07
1.14176e+01	1.63921e-07
1.14345e+01	1.58419e-07
1.14515e+01	1.53121e-07
1.14685e+01	1.48021e-07
1.14854e+01	1.43113e-07
1.15024e+01	1.38390e-07
1.15193e+01	1.33848e-07
1.15363e+01	1.29480e-07
1.15533e+01	1.25279e-07
1.15702e+01	1.21111e-07
1.15872e+01	1.16960e-07
1.16042e+01	1.12834e-07
1.16211e+01	1.08717e-07
1.16381e+01	1.04536e-07
1.16551e+01	1.00181e-07
1.16720e+01	9.57790e-08
1.16890e+01	9.15664e-08
1.17060e+01	8.76003e-08
1.17229e+01	8.38965e-08
1.17399e+01	8.04134e-08
1.17569e+01	7.70674e-08
1.17738e+01	7.37977e-08
1.17908e+01	7.06277e-08
1.18078e+01	6.75849e-08
1.18247e+01	6.46167e-08
1.18417e+01	6.15050e-08
1.18586e+01	5.82285e-08
1.18756e+01	5.51992e-08
1.18926e+01	5.24370e-08
1.19095e+01	4.98015e-08
1.19265e+01	4.72965e-08
1.19435e+01	4.49554e-08
1.19604e+01	4.27542e-08
1.19774e+01	4.06745e-08
1.19944e+01	3.87060e-08
1.20113e+01	3.68358e-08
1.20283e+01	3.50560e-08
1.20453e+01	3.33593e-08
1.20622e+01	3.17416e-08
1.20792e+01	3.01993e-08
1.20962e+01	2.87293e-08
1.21131e+01	2.73261e-08
1.21301e+01	2.59852e-08
1.21471e+01	2.47032e-08
1.21640e+01	2.34781e-08
1.21810e+01	2.23079e-08
1.21980e+01	2.11907e-08
1.22149e+01	2.01212e-08
1.22319e+01	1.90968e-08
1.22488e+01	1.81153e-08
1.22658e+01	1.71753e-08
1.22828e+01	1.62756e-08
1.22997e+01	1.54155e-08
1.23167e+01	1.45942e-08
1.23337e+01	1.38124e-08
1.23506e+01	1.30683e-08
1.23676e+01	1.23604e-08
1.23846e+01	1.16873e-08
1.24015e+01	1.10475e-08
1.24185e+01	1.04383e-08
1.24355e+01	9.85849e-09
1.24524e+01	9.30669e-09
1.24694e+01	8.78176e-09
1.24864e+01	8.28264e-09
1.25033e+01	7.80829e-09
1.25203e+01	7.35743e-09
1.25373e+01	6.92883e-09
1.25542e+01	6.52272e-09
1.25712e+01	6.13611e-09
1.25882e+01	5.76938e-09
1.26051e+01	5.42216e-09
1.26221e+01	5.09361e-09
1.26390e+01	4.78323e-09
1.26560e+01	4.49015e-09
1.26730e+01	4.21347e-09
1.26899e+01	3.95234e-09
1.27069e+01	3.70632e-09
1.27239e+01	3.47477e-09
1.27408e+01	3.25701e-09
1.27578e+01	3.05235e-09
1.27748e+01	2.86003e-09
1.27917e+01	2.67931e-09
1.28087e+01	2.50963e-09
1.28257e+01	2.35099e-09
1.28426e+01	2.20278e-09
1.28596e+01	2.06506e-09
1.28766e+01	1.93740e-09
1.28935e+01	1.81870e-09
1.29105e+01	1.70739e-09
1.29275e+01	1.60078e-09
1.29444e+01	1.50209e-09
1.29614e+01	1.41193e-09
1.29783e+01	1.32793e-09
1.29953e+01	1.24824e-09
1.30123e+01	1.17097e-09
1.30292e+01	1.09002e-09
1.30462e+01	1.00685e-09
1.30632e+01	9.28453e-10
1.30801e+01	8.60672e-10
1.30971e+01	8.01155e-10
1.31141e+01	7.48868e-10
1.31310e+01	7.02636e-10
1.31480e+01	6.60034e-10
1.31650e+01	6.19283e-10
1.31819e+01	5.79685e-10
1.31989e+01	5.41276e-10
1.32159e+01	5.04970e-10
1.32328e+01	4.72634e-10
1.32498e+01	4.42857e-10
1.32668e+01	4.15521e-10
1.32837e+01	3.90214e-10
1.33007e+01	3.66858e-10
1.33177e+01	3.45162e-10
1.33346e+01	3.24944e-10
1.33516e+01	3.06009e-10
1.33685e+01	2.88214e-10
1.33855e+01	2.71393e-10
1.34025e+01	2.55449e-10
1.34194e+01	2.40336e-10
1.34364e+01	2.25934e-10
1.34534e+01	2.12194e-10
1.34703e+01	1.99023e-10
1.34873e+01	1.86583e-10
1.35043e+01	1.74936e-10
1.35212e+01	1.64012e-10
1.35382e+01	1.53716e-10
1.35552e+01	1.44011e-10
1.35721e+01	1.34867e-10
1.35891e+01	1.26256e-10
1.36061e+01	1.18149e-10
1.36230e+01	1.10527e-10
1.36400e+01	1.03362e-10
1.36570e+01	9.66311e-11
1.36739e+01	9.03096e-11
1.36909e+01	8.43748e-11
1.37079e+01	7.88052e-11
1.37248e+01	7.35806e-11
1.37418e+01	6.86818e-11
1.37587e+01	6.40897e-11
1.37757e+01	5.97871e-11
1.37927e+01	5.57577e-11
1.38096e+01	5.19842e-11
1.38266e+01	4.84507e-11
1.38436e+01	4.51436e-11
1.38605e+01	4.20490e-11
1.38775e+01	3.91519e-11
1.38945e+01	3.64375e-11
1.39114e+01	3.38957e-11
1.39284e+01	3.15145e-11
1.39454e+01	2.92855e-11
1.39623e+01	2.72001e-11
1.39793e+01	2.52515e-11
1.39963e+01	2.34301e-11
1.40132e+01	2.17278e-11
1.40302e+01	2.01387e-11
1.40472e+01	1.86570e-11
1.40641e+01	1.72761e-11
1.40811e+01	1.59898e-11
1.40981e+01	1.47919e-11
1.41150e+01	1.36769e-11
1.41320e+01	1.26397e-11
1.41489e+01	1.16756e-11
1.41659e+01	1.07799e-11
1.41829e+01	9.94824e-12
1.41998e+01	9.17652e-12
1.42168e+01	8.46076e-12
1.42338e+01	7.79693e-12
1.42507e+01	7.18137e-12
1.42677e+01	6.61080e-12
1.42847e+01	6.08225e-12
1.43016e+01	5.59290e-12
1.43186e+01	5.14018e-12
1.43356e+01	4.72160e-12
1.43525e+01	4.33483e-12
1.43695e+01	3.97767e-12
1.43865e+01	3.64805e-12
1.44034e+01	3.34402e-12
1.44204e+01	3.06376e-12
1.44374e+01	2.80556e-12
1.44543e+01	2.56781e-12
1.44713e+01	2.34905e-12
1.44882e+01	2.14788e-12
1.45052e+01	1.96298e-12
1.45222e+01	1.79313e-12
1.45391e+01	1.63720e-12
1.45561e+01	1.49412e-12
1.45731e+01	1.36291e-12
1.45900e+01	1.24265e-12
1.46070e+01	1.13247e-12
1.46240e+01	1.03160e-12
1.46409e+01	9.39278e-13
1.46579e+01	8.54838e-13
1.46749e+01	7.77639e-13
1.46918e+01	7.07097e-13
1.47088e+01	6.42672e-13
1.47258e+01	5.83861e-13
1.47427e+01	5.30201e-13
1.47597e+01	4.81264e-13
1.47767e+01	4.36655e-13
1.47936e+01	3.96010e-13
1.48106e+01	3.58994e-13
1.48276e+01	3.25298e-13
1.48445e+01	2.94637e-13
1.48615e+01	2.66752e-13
1.48784e+01	2.41403e-13
1.48954e+01	2.18368e-13
1.49124e+01	1.97447e-13
1.49293e+01	1.78452e-13
1.49463e+01	1.61214e-13
1.49633e+01	1.45576e-13
1.49802e+01	1.31398e-13
1.49972e+01	1.18552e-13
1.50142e+01	1.06920e-13
1.50311e+01	9.63997e-14
1.50481e+01	8.68889e-14
1.50651e+01	7.82950e-14
1.50820e+01	7.05321e-14
1.50990e+01	6.35219e-14
1.51160e+01	5.71934e-14
1.51329e+01	5.14817e-14
1.51499e+01	4.63282e-14
1.51669e+01	4.16797e-14
1.51838e+01	3.74878e-14
1.52008e+01	3.37087e-14
1.52178e+01	3.03027e-14
1.52347e+01	2.72339e-14
1.52517e+01	2.44696e-14
1.52686e+01	2.19803e-14
1.52856e+01	1.97392e-14
1.53026e+01	1.77221e-14
1.53195e+01	1.59072e-14
1.53365e+01	1.42745e-14
1.53535e+01	1.28062e-14
1.53704e+01	1.14860e-14
1.53874e+01	1.02994e-14
1.54044e+01	9.23314e-15
1.54213e+01	8.27521e-15
1.54383e+01	7.41487e-15
1.54553e+01	6.64237e-15
1.54722e+01	5.94893e-15
1.54892e+01	5.32661e-15
1.55062e+01	4.76827e-15
1.55231e+01	4.26746e-15
1.55401e+01	3.81837e-15
1.55571e+01	3.41576e-15
1.55740e+01	3.05492e-15
1.55910e+01	2.73159e-15
1.56080e+01	2.44194e-15
1.56249e+01	2.18253e-15
1.56419e+01	1.95026e-15
1.56588e+01	1.74236e-15
1.56758e+01	1.55632e-15
1.56928e+01	1.38989e-15
1.57097e+01	1.24105e-15
1.57267e+01	1.10798e-15
1.57437e+01	9.89060e-16
1.57606e+01	8.82812e-16
1.57776e+01	7.87743e-16
1.57946e+01	7.02587e-16
1.58115e+01	6.26350e-16
1.58285e+01	5.58128e-16
1.58455e+01	4.97110e-16
1.58624e+01	4.42564e-16
1.58794e+01	3.93824e-16
1.58964e+01	3.50291e-16
1.59133e+01	3.11432e-16
1.59303e+01	2.76759e-16
1.59473e+01	2.45833e-16
1.59642e+01	2.18263e-16
1.59812e+01	1.93696e-16
1.59981e+01	1.71820e-16
1.60151e+01	1.52353e-16
1.60321e+01	1.35042e-16
1.60490e+01	1.19655e-16
1.60660e+01	1.05984e-16
1.60830e+01	9.38446e-17
1.60999e+01	8.30677e-17
1.61169e+01	7.35039e-17
1.61339e+01	6.50193e-17
1.61508e+01	5.74953e-17
1.61678e+01	5.08252e-17
1.61848e+01	4.49143e-17
1.62017e+01	3.96781e-17
1.62187e+01	3.50412e-17
1.62357e+01	3.09362e-17
1.62526e+01	2.73032e-17
1.62696e+01	2.40893e-17
1.62866e+01	2.12470e-17
1.63035e+01	1.87344e-17
1.63205e+01	1.65137e-17
1.63375e+01	1.45516e-17
1.63544e+01	1.28188e-17
1.63714e+01	1.12889e-17
1.63883e+01	9.93852e-18
1.64053e+01	8.74714e-18
1.64223e+01	7.69637e-18
1.64392e+01	6.76981e-18
1.64562e+01	5.95313e-18
1.64732e+01	5.23358e-18
1.64901e+01	4.59976e-18
1.65071e+01	4.04164e-18
1.65241e+01	3.55032e-18
1.65410e+01	3.11795e-18
1.65580e+01	2.73756e-18
1.65750e+01	2.40307e-18
1.65919e+01	2.10907e-18
1.66089e+01	1.85078e-18
1.66259e+01	1.62397e-18
1.66428e+01	1.42491e-18
1.66598e+01	1.25030e-18
1.66768e+01	1.09726e-18
1.66937e+01	9.63238e-19
1.67107e+01	8.45992e-19
1.67277e+01	7.43549e-19
1.67446e+01	6.54171e-19
1.67616e+01	5.76337e-19
1.67785e+01	5.08718e-19
1.67955e+01	4.50152e-19
1.68125e+01	3.99628e-19
1.68294e+01	3.56269e-19
1.68464e+01	3.19322e-19
1.68634e+01	2.88140e-19
1.68803e+01	2.62176e-19
1.68973e+01	2.40973e-19
1.69143e+01	2.24155e-19
1.69312e+01	2.11412e-19
1.69482e+01	2.02632e-19
1.69652e+01	1.96526e-19
