# The ell = 1 distribution, the first anisotropy.
# E_N [Td]	7.50000e+01
# col_1: Electron Energy [eV], col_2: f1 [eV^(-3/2)]
eV	f1
3.87274e-02	1.05106e-03
7.74548e-02	1.99910e-03
1.16182e-01	2.42439e-03
1.54910e-01	2.68565e-03
1.93637e-01	2.83874e-03
2.32364e-01	2.97671e-03
2.71092e-01	3.10653e-03
3.09819e-01	3.28878e-03
3.48547e-01	3.42279e-03
3.87274e-01	3.54076e-03
4.26002e-01	3.66832e-03
4.64729e-01	3.80751e-03
5.03456e-01	3.95505e-03
5.42184e-01	4.11158e-03
5.80911e-01	4.28304e-03
6.19639e-01	4.47020e-03
6.58366e-01	4.67172e-03
6.97093e-01	4.89838e-03
7.35821e-01	5.14909e-03
7.74548e-01	5.41440e-03
8.13276e-01	5.67926e-03
8.52003e-01	5.94922e-03
8.90731e-01	6.22078e-03
9.29458e-01	6.50758e-03
9.68185e-01	6.81294e-03
1.00691e+00	7.13814e-03
1.04564e+00	7.47817e-03
1.08437e+00	7.81896e-03
1.12310e+00	8.14823e-03
1.16182e+00	8.45821e-03
1.20055e+00	8.75404e-03
1.23928e+00	9.04724e-03
1.27800e+00	9.34084e-03
1.31673e+00	9.64375e-03
1.35546e+00	9.95137e-03
1.39419e+00	1.02637e-02
1.43291e+00	1.05464e-02
1.47164e+00	1.07973e-02
1.51037e+00	1.10318e-02
1.54910e+00	1.12505e-02
1.58782e+00	1.14613e-02
1.62655e+00	1.16972e-02
1.66528e+00	1.19764e-02
1.70401e+00	1.22632e-02
1.74273e+00	1.25625e-02
1.78146e+00	1.28351e-02
1.82019e+00	1.30423e-02
1.85892e+00	1.31450e-02
1.89764e+00	1.31862e-02
1.93637e+00	1.31471e-02
1.97510e+00	1.30403e-02
2.01383e+00	1.28703e-02
2.05255e+00	1.26896e-02
2.09128e+00	1.25123e-02
2.13001e+00	1.23221e-02
2.16874e+00	1.20423e-02
2.20746e+00	1.17550e-02
2.24619e+00	1.14706e-02
2.28492e+00	1.12137e-02
2.32364e+00	1.09625e-02
2.36237e+00	1.07126e-02
2.40110e+00	1.04620e-02
2.43983e+00	1.02254e-02
2.47855e+00	9.95845e-03
2.51728e+00	9.67883e-03
2.55601e+00	9.41924e-03
2.59474e+00	9.19074e-03
2.63346e+00	8.99248e-03
2.67219e+00	8.79205e-03
2.71092e+00	8.59362e-03
2.74965e+00	8.41448e-03
2.78837e+00	8.26037e-03
2.82710e+00	8.11157e-03
2.86583e+00	7.95451e-03
2.90456e+00	7.78785e-03
2.94328e+00	7.64208e-03
2.98201e+00	7.51885e-03
3.02074e+00	7.41707e-03
3.05947e+00	7.31597e-03
3.09819e+00	7.21499e-03
3.13692e+00	7.11926e-03
3.17565e+00	7.03233e-03
3.21438e+00	6.94858e-03
3.25310e+00	6.86768e-03
3.29183e+00	6.78991e-03
3.33056e+00	6.71894e-03
3.36929e+00	6.65525e-03
3.40801e+00	6.59739e-03
3.44674e+00	6.54347e-03
3.48547e+00	6.49203e-03
3.52419e+00	6.44331e-03
3.56292e+00	6.39646e-03
3.60165e+00	6.35002e-03
3.64038e+00	6.30477e-03
3.67910e+00	6.26099e-03
3.71783e+00	6.21886e-03
3.75656e+00	6.17865e-03
3.79529e+00	6.14078e-03
3.83401e+00	6.10547e-03
3.87274e+00	6.07253e-03
3.91147e+00	6.04063e-03
3.95020e+00	6.00945e-03
3.98892e+00	5.97908e-03
4.02765e+00	5.94929e-03
4.06638e+00	5.91957e-03
4.10511e+00	5.88976e-03
4.14383e+00	5.85983e-03
4.18256e+00	5.82975e-03
4.22129e+00	5.79953e-03
4.26002e+00	5.76916e-03
4.29874e+00	5.73861e-03
4.33747e+00	5.70781e-03
4.37620e+00	5.67675e-03
4.41493e+00	5.64548e-03
4.45365e+00	5.61411e-03
4.49238e+00	5.58269e-03
4.53111e+00	5.55122e-03
4.56984e+00	5.51988e-03
4.60856e+00	5.48885e-03
4.64729e+00	5.45812e-03
4.68602e+00	5.42785e-03
4.72474e+00	5.39813e-03
4.76347e+00	5.36895e-03
4.80220e+00	5.34031e-03
4.84093e+00	5.31222e-03
4.87965e+00	5.28476e-03
4.91838e+00	5.25802e-03
4.95711e+00	5.23182e-03
4.99584e+00	5.20601e-03
5.03456e+00	5.18058e-03
5.07329e+00	5.15542e-03
5.11202e+00	5.13052e-03
5.15075e+00	5.10575e-03
5.18947e+00	5.08101e-03
5.22820e+00	5.05632e-03
5.26693e+00	5.03167e-03
5.30566e+00	5.00707e-03
5.34438e+00	4.98253e-03
5.38311e+00	4.95805e-03
5.42184e+00	4.93363e-03
5.46057e+00	4.90927e-03
5.49929e+00	4.88499e-03
5.53802e+00	4.86078e-03
5.57675e+00	4.83665e-03
5.61548e+00	4.81259e-03
5.65420e+00	4.78862e-03
5.69293e+00	4.76474e-03
5.73166e+00	4.74094e-03
5.77038e+00	4.71724e-03
5.80911e+00	4.69364e-03
5.84784e+00	4.67013e-03
5.88657e+00	4.64673e-03
5.92529e+00	4.62343e-03
5.96402e+00	4.60023e-03
6.00275e+00	4.57715e-03
6.04148e+00	4.55417e-03
6.08020e+00	4.53130e-03
6.11893e+00	4.50855e-03
6.15766e+00	4.48591e-03
6.19639e+00	4.46339e-03
6.23511e+00	4.44099e-03
6.27384e+00	4.41871e-03
6.31257e+00	4.39655e-03
6.35130e+00	4.37452e-03
6.39002e+00	4.35260e-03
6.42875e+00	4.33082e-03
6.46748e+00	4.30915e-03
6.50621e+00	4.28762e-03
6.54493e+00	4.26621e-03
6.58366e+00	4.24494e-03
6.62239e+00	4.22379e-03
6.66112e+00	4.20277e-03
6.69984e+00	4.18189e-03
6.73857e+00	4.16114e-03
6.77730e+00	4.14051e-03
6.81603e+00	4.12000e-03
6.85475e+00	4.09961e-03
6.89348e+00	4.07935e-03
6.93221e+00	4.05921e-03
6.97093e+00	4.03917e-03
7.00966e+00	4.01925e-03
7.04839e+00	3.99948e-03
7.08712e+00	3.97982e-03
7.12584e+00	3.96029e-03
7.16457e+00	3.94089e-03
7.20330e+00	3.92163e-03
7.24203e+00	3.90249e-03
7.28075e+00	3.88350e-03
7.31948e+00	3.86464e-03
7.35821e+00	3.84594e-03
7.39694e+00	3.82735e-03
7.43566e+00	3.80885e-03
7.47439e+00	3.79044e-03
7.51312e+00	3.77212e-03
7.55185e+00	3.75390e-03
7.59057e+00	3.73576e-03
7.62930e+00	3.71771e-03
7.66803e+00	3.69975e-03
7.70676e+00	3.68187e-03
7.74548e+00	3.66407e-03
7.78421e+00	3.64633e-03
7.82294e+00	3.62859e-03
7.86167e+00	3.61081e-03
7.90039e+00	3.59299e-03
7.93912e+00	3.57512e-03
7.97785e+00	3.55722e-03
8.01658e+00	3.53927e-03
8.05530e+00	3.52125e-03
8.09403e+00	3.50317e-03
8.13276e+00	3.48503e-03
8.17148e+00	3.46682e-03
8.21021e+00	3.44855e-03
8.24894e+00	3.43020e-03
8.28767e+00	3.41173e-03
8.32639e+00	3.39313e-03
8.36512e+00	3.37437e-03
8.40385e+00	3.35545e-03
8.44258e+00	3.33638e-03
8.48130e+00	3.31712e-03
8.52003e+00	3.29760e-03
8.55876e+00	3.27791e-03
8.59749e+00	3.25811e-03
8.63621e+00	3.23820e-03
8.67494e+00	3.21819e-03
8.71367e+00	3.19810e-03
8.75240e+00	3.17791e-03
8.79112e+00	3.15764e-03
8.82985e+00	3.13729e-03
8.86858e+00	3.11686e-03
8.90731e+00	3.09636e-03
8.94603e+00	3.07578e-03
8.98476e+00	3.05514e-03
9.02349e+00	3.03447e-03
9.06222e+00	3.01385e-03
9.10094e+00	2.99331e-03
9.13967e+00	2.97286e-03
9.17840e+00	2.95248e-03
9.21713e+00	2.93219e-03
9.25585e+00	2.91198e-03
9.29458e+00	2.89186e-03
9.33331e+00	2.87182e-03
9.37203e+00	2.85187e-03
9.41076e+00	2.83201e-03
9.44949e+00	2.81225e-03
9.48822e+00	2.79257e-03
9.52694e+00	2.77298e-03
9.56567e+00	2.75349e-03
9.60440e+00	2.73409e-03
9.64313e+00	2.71477e-03
9.68185e+00	2.69552e-03
9.72058e+00	2.67635e-03
9.75931e+00	2.65724e-03
9.79804e+00	2.63820e-03
9.83676e+00	2.61924e-03
9.87549e+00	2.60034e-03
9.91422e+00	2.58153e-03
9.95295e+00	2.56278e-03
9.99167e+00	2.54415e-03
1.00304e+01	2.52559e-03
1.00691e+01	2.50714e-03
1.01079e+01	2.48887e-03
1.01466e+01	2.47078e-03
1.01853e+01	2.45284e-03
1.02240e+01	2.43508e-03
1.02628e+01	2.41747e-03
1.03015e+01	2.40002e-03
1.03402e+01	2.38272e-03
1.03789e+01	2.36559e-03
1.04177e+01	2.34860e-03
1.04564e+01	2.33178e-03
1.04951e+01	2.31511e-03
1.05339e+01	2.29858e-03
1.05726e+01	2.28222e-03
1.06113e+01	2.26599e-03
1.06500e+01	2.24985e-03
1.06888e+01	2.23388e-03
1.07275e+01	2.21805e-03
1.07662e+01	2.20237e-03
1.08049e+01	2.18683e-03
1.08437e+01	2.17144e-03
1.08824e+01	2.15619e-03
1.09211e+01	2.14108e-03
1.09599e+01	2.12612e-03
1.09986e+01	2.11129e-03
1.10373e+01	2.09661e-03
1.10760e+01	2.08208e-03
1.11148e+01	2.06769e-03
1.11535e+01	2.05344e-03
1.11922e+01	2.03934e-03
1.12310e+01	2.02536e-03
1.12697e+01	2.01150e-03
1.13084e+01	1.99775e-03
1.13471e+01	1.98412e-03
1.13859e+01	1.97061e-03
1.14246e+01	1.95721e-03
1.14633e+01	1.94393e-03
1.15020e+01	1.93077e-03
1.15408e+01	1.91772e-03
1.15795e+01	1.90453e-03
1.16182e+01	1.89067e-03
1.16570e+01	1.87546e-03
1.16957e+01	1.85922e-03
1.17344e+01	1.84362e-03
1.17731e+01	1.82820e-03
1.18119e+01	1.81245e-03
1.18506e+01	1.79562e-03
1.18893e+01	1.77774e-03
1.19280e+01	1.76033e-03
1.19668e+01	1.74358e-03
1.20055e+01	1.72718e-03
1.20442e+01	1.71093e-03
1.20830e+01	1.69474e-03
1.21217e+01	1.67859e-03
1.21604e+01	1.66240e-03
1.21991e+01	1.64615e-03
1.22379e+01	1.62977e-03
1.22766e+01	1.61320e-03
1.23153e+01	1.59645e-03
1.23540e+01	1.57962e-03
1.23928e+01	1.56274e-03
1.24315e+01	1.54578e-03
1.24702e+01	1.52870e-03
1.25090e+01	1.51150e-03
1.25477e+01	1.49419e-03
1.25864e+01	1.47673e-03
1.26251e+01	1.45921e-03
1.26639e+01	1.44169e-03
1.27026e+01	1.42420e-03
1.27413e+01	1.40682e-03
1.27800e+01	1.38960e-03
1.28188e+01	1.37256e-03
1.28575e+01	1.35586e-03
1.28962e+01	1.33976e-03
1.29350e+01	1.32365e-03
1.29737e+01	1.30827e-03
1.30124e+01	1.29294e-03
1.30511e+01	1.27471e-03
1.30899e+01	1.25729e-03
1.31286e+01	1.24224e-03
1.31673e+01	1.22812e-03
1.32060e+01	1.21327e-03
1.32448e+01	1.19914e-03
1.32835e+01	1.18573e-03
1.33222e+01	1.17289e-03
1.33610e+01	1.16037e-03
1.33997e+01	1.14792e-03
1.34384e+01	1.13535e-03
1.34771e+01	1.12244e-03
1.35159e+01	1.10955e-03
1.35546e+01	1.09670e-03
1.35933e+01	1.08382e-03
1.36321e+01	1.07092e-03
1.36708e+01	1.05803e-03
1.37095e+01	1.04514e-03
1.37482e+01	1.03227e-03
1.37870e+01	1.01941e-03
1.38257e+01	1.00656e-03
1.38644e+01	9.93713e-04
1.39031e+01	9.80832e-04
1.39419e+01	9.67885e-04
1.39806e+01	9.54873e-04
1.40193e+01	9.41796e-04
1.40581e+01	9.28664e-04
1.40968e+01	9.15496e-04
1.41355e+01	9.02288e-04
1.41742e+01	8.89052e-04
1.42130e+01	8.75796e-04
1.42517e+01	8.62516e-04
1.42904e+01	8.49199e-04
1.43291e+01	8.35853e-04
1.43679e+01	8.22492e-04
1.44066e+01	8.09126e-04
1.44453e+01	7.95765e-04
1.44841e+01	7.82418e-04
1.45228e+01	7.69099e-04
1.45615e+01	7.55815e-04
1.46002e+01	7.42578e-04
1.46390e+01	7.29395e-04
1.46777e+01	7.16273e-04
1.47164e+01	7.03221e-04
1.47551e+01	6.90245e-04
1.47939e+01	6.77351e-04
1.48326e+01	6.64546e-04
1.48713e+01	6.51834e-04
1.49101e+01	6.39222e-04
1.49488e+01	6.26715e-04
1.49875e+01	6.14318e-04
1.50262e+01	6.02053e-04
1.50650e+01	5.89950e-04
1.51037e+01	5.78017e-04
1.51424e+01	5.66256e-04
1.51811e+01	5.54668e-04
1.52199e+01	5.43251e-04
1.52586e+01	5.32008e-04
1.52973e+01	5.20938e-04
1.53361e+01	5.10041e-04
1.53748e+01	4.99316e-04
1.54135e+01	4.88764e-04
1.54522e+01	4.78385e-04
1.54910e+01	4.68177e-04
1.55297e+01	4.58142e-04
1.55684e+01	4.48277e-04
1.56071e+01	4.38583e-04
1.56459e+01	4.29056e-04
1.56846e+01	4.19698e-04
1.57233e+01	4.10506e-04
1.57621e+01	4.01481e-04
1.58008e+01	3.92581e-04
1.58395e+01	3.83781e-04
1.58782e+01	3.75083e-04
1.59170e+01	3.66491e-04
1.59557e+01	3.58006e-04
1.59944e+01	3.49632e-04
1.60332e+01	3.41380e-04
1.60719e+01	3.33260e-04
1.61106e+01	3.25276e-04
1.61493e+01	3.17426e-04
1.61881e+01	3.09711e-04
1.62268e+01	3.02133e-04
1.62655e+01	2.94689e-04
1.63042e+01	2.87380e-04
1.63430e+01	2.80206e-04
1.63817e+01	2.73166e-04
1.64204e+01	2.66259e-04
1.64592e+01	2.59485e-04
1.64979e+01	2.52843e-04
1.65366e+01	2.46330e-04
1.65753e+01	2.39944e-04
1.66141e+01	2.33684e-04
1.66528e+01	2.27550e-04
1.66915e+01	2.21539e-04
1.67302e+01	2.15652e-04
1.67690e+01	2.09888e-04
1.68077e+01	2.04244e-04
1.68464e+01	1.98720e-04
1.68852e+01	1.93315e-04
1.69239e+01	1.88027e-04
1.69626e+01	1.82855e-04
1.70013e+01	1.77797e-04
1.70401e+01	1.72855e-04
1.70788e+01	1.68026e-04
1.71175e+01	1.63311e-04
1.71562e+01	1.58707e-04
1.71950e+01	1.54213e-04
1.72337e+01	1.49827e-04
1.72724e+01	1.45547e-04
1.73112e+01	1.41371e-04
1.73499e+01	1.37298e-04
1.73886e+01	1.33326e-04
1.74273e+01	1.29452e-04
1.74661e+01	1.25676e-04
1.75048e+01	1.21994e-04
1.75435e+01	1.18405e-04
1.75822e+01	1.14907e-04
1.76210e+01	1.11498e-04
1.76597e+01	1.08176e-04
1.76984e+01	1.04940e-04
1.77372e+01	1.01787e-04
1.77759e+01	9.87163e-05
1.78146e+01	9.57261e-05
1.78533e+01	9.28147e-05
1.78921e+01	8.99805e-05
1.79308e+01	8.72219e-05
1.79695e+01	8.45372e-05
1.80082e+01	8.19256e-05
1.80470e+01	7.93862e-05
1.80857e+01	7.69179e-05
1.81244e+01	7.45191e-05
1.81632e+01	7.21884e-05
1.82019e+01	6.99241e-05
1.82406e+01	6.77243e-05
1.82793e+01	6.55876e-05
1.83181e+01	6.35123e-05
1.83568e+01	6.14971e-05
1.83955e+01	5.95403e-05
1.84343e+01	5.76404e-05
1.84730e+01	5.57962e-05
1.85117e+01	5.40061e-05
1.85504e+01	5.22686e-05
1.85892e+01	5.05822e-05
1.86279e+01	4.89456e-05
1.86666e+01	4.73575e-05
1.87053e+01	4.58167e-05
1.87441e+01	4.43219e-05
1.87828e+01	4.28718e-05
1.88215e+01	4.14653e-05
1.88603e+01	4.01013e-05
1.88990e+01	3.87786e-05
1.89377e+01	3.74960e-05
1.89764e+01	3.62526e-05
1.90152e+01	3.50474e-05
1.90539e+01	3.38797e-05
1.90926e+01	3.27486e-05
1.91313e+01	3.16530e-05
1.91701e+01	3.05920e-05
1.92088e+01	2.95645e-05
1.92475e+01	2.85696e-05
1.92863e+01	2.76063e-05
1.93250e+01	2.66736e-05
1.93637e+01	2.57706e-05
1.94024e+01	2.48965e-05
1.94412e+01	2.40505e-05
1.94799e+01	2.32316e-05
1.95186e+01	2.24390e-05
1.95573e+01	2.16721e-05
1.95961e+01	2.09299e-05
1.96348e+01	2.02117e-05
1.96735e+01	1.95168e-05
1.97123e+01	1.88445e-05
1.97510e+01	1.81940e-05
1.97897e+01	1.75648e-05
1.98284e+01	1.69562e-05
1.98672e+01	1.63674e-05
1.99059e+01	1.57980e-05
1.99446e+01	1.52473e-05
1.99833e+01	1.47147e-05
2.00221e+01	1.41997e-05
2.00608e+01	1.37018e-05
2.00995e+01	1.32205e-05
2.01383e+01	1.27552e-05
2.01770e+01	1.23055e-05
2.02157e+01	1.18709e-05
2.02544e+01	1.14509e-05
2.02932e+01	1.10451e-05
2.03319e+01	1.06530e-05
2.03706e+01	1.02742e-05
2.04093e+01	9.90821e-06
2.04481e+01	9.55466e-06
2.04868e+01	9.21314e-06
2.05255e+01	8.88335e-06
2.05643e+01	8.56494e-06
2.06030e+01	8.25753e-06
2.06417e+01	7.96080e-06
2.06804e+01	7.67437e-06
2.07192e+01	7.39791e-06
2.07579e+01	7.13107e-06
2.07966e+01	6.87354e-06
2.08353e+01	6.62500e-06
2.08741e+01	6.38516e-06
2.09128e+01	6.15372e-06
2.09515e+01	5.93040e-06
2.09903e+01	5.71492e-06
2.10290e+01	5.50704e-06
2.10677e+01	5.30651e-06
2.11064e+01	5.11309e-06
2.11452e+01	4.92653e-06
2.11839e+01	4.74660e-06
2.12226e+01	4.57307e-06
2.12614e+01	4.40571e-06
2.13001e+01	4.24433e-06
2.13388e+01	4.08871e-06
2.13775e+01	3.93865e-06
2.14163e+01	3.79396e-06
2.14550e+01	3.65445e-06
2.14937e+01	3.51993e-06
2.15324e+01	3.39023e-06
2.15712e+01	3.26518e-06
2.16099e+01	3.14461e-06
2.16486e+01	3.02837e-06
2.16874e+01	2.91631e-06
2.17261e+01	2.80827e-06
2.17648e+01	2.70412e-06
2.18035e+01	2.60373e-06
2.18423e+01	2.50695e-06
2.18810e+01	2.41367e-06
2.19197e+01	2.32376e-06
2.19584e+01	2.23711e-06
2.19972e+01	2.15362e-06
2.20359e+01	2.07317e-06
2.20746e+01	1.99567e-06
2.21134e+01	1.92104e-06
2.21521e+01	1.84916e-06
2.21908e+01	1.77995e-06
2.22295e+01	1.71330e-06
2.22683e+01	1.64911e-06
2.23070e+01	1.58731e-06
2.23457e+01	1.52780e-06
2.23844e+01	1.47049e-06
2.24232e+01	1.41532e-06
2.24619e+01	1.36219e-06
2.25006e+01	1.31103e-06
2.25394e+01	1.26177e-06
2.25781e+01	1.21434e-06
2.26168e+01	1.16867e-06
2.26555e+01	1.12469e-06
2.26943e+01	1.08234e-06
2.27330e+01	1.04157e-06
2.27717e+01	1.00231e-06
2.28104e+01	9.64508e-07
2.28492e+01	9.28114e-07
2.28879e+01	8.93074e-07
2.29266e+01	8.59339e-07
2.29654e+01	8.26861e-07
2.30041e+01	7.95594e-07
2.30428e+01	7.65499e-07
2.30815e+01	7.36532e-07
2.31203e+01	7.08650e-07
2.31590e+01	6.81816e-07
2.31977e+01	6.55989e-07
2.32364e+01	6.31133e-07
2.32752e+01	6.07211e-07
2.33139e+01	5.84189e-07
2.33526e+01	5.62034e-07
2.33914e+01	5.40711e-07
2.34301e+01	5.20192e-07
2.34688e+01	5.00445e-07
2.35075e+01	4.81443e-07
2.35463e+01	4.63157e-07
2.35850e+01	4.45560e-07
2.36237e+01	4.28628e-07
2.36625e+01	4.12335e-07
2.37012e+01	3.96657e-07
2.37399e+01	3.81571e-07
2.37786e+01	3.67055e-07
2.38174e+01	3.53088e-07
2.38561e+01	3.39648e-07
2.38948e+01	3.26717e-07
2.39335e+01	3.14274e-07
2.39723e+01	3.02303e-07
2.40110e+01	2.90784e-07
2.40497e+01	2.79701e-07
2.40885e+01	2.69038e-07
2.41272e+01	2.58778e-07
2.41659e+01	2.48907e-07
2.42046e+01	2.39409e-07
2.42434e+01	2.30271e-07
2.42821e+01	2.21478e-07
2.43208e+01	2.13019e-07
2.43595e+01	2.04881e-07
2.43983e+01	1.97051e-07
2.44370e+01	1.89518e-07
2.44757e+01	1.82271e-07
2.45145e+01	1.75298e-07
2.45532e+01	1.68591e-07
2.45919e+01	1.62137e-07
2.46306e+01	1.55929e-07
2.46694e+01	1.49956e-07
2.47081e+01	1.44210e-07
2.47468e+01	1.38682e-07
2.47855e+01	1.33364e-07
2.48243e+01	1.28248e-07
2.48630e+01	1.23326e-07
2.49017e+01	1.18591e-07
2.49405e+01	1.14037e-07
2.49792e+01	1.09656e-07
2.50179e+01	1.05442e-07
2.50566e+01	1.01389e-07
2.50954e+01	9.74901e-08
2.51341e+01	9.37408e-08
2.51728e+01	9.01354e-08
2.52115e+01	8.66680e-08
2.52503e+01	8.33334e-08
2.52890e+01	8.01266e-08
2.53277e+01	7.70427e-08
2.53665e+01	7.40771e-08
2.54052e+01	7.12251e-08
2.54439e+01	6.84825e-08
2.54826e+01	6.58446e-08
2.55214e+01	6.33075e-08
2.55601e+01	6.08675e-08
2.55988e+01	5.85208e-08
2.56375e+01	5.62638e-08
2.56763e+01	5.40929e-08
2.57150e+01	5.20048e-08
2.57537e+01	4.99966e-08
2.57925e+01	4.80650e-08
2.58312e+01	4.62072e-08
2.58699e+01	4.44205e-08
2.59086e+01	4.27020e-08
2.59474e+01	4.10493e-08
2.59861e+01	3.94598e-08
2.60248e+01	3.79314e-08
2.60636e+01	3.64621e-08
2.61023e+01	3.50494e-08
2.61410e+01	3.36913e-08
2.61797e+01	3.23857e-08
2.62185e+01	3.11305e-08
2.62572e+01	2.99238e-08
2.62959e+01	2.87637e-08
2.63346e+01	2.76486e-08
2.63734e+01	2.65765e-08
2.64121e+01	2.55459e-08
2.64508e+01	2.45552e-08
2.64896e+01	2.36028e-08
2.65283e+01	2.26872e-08
2.65670e+01	2.18071e-08
2.66057e+01	2.09610e-08
2.66445e+01	2.01476e-08
2.66832e+01	1.93658e-08
2.67219e+01	1.86143e-08
2.67606e+01	1.78918e-08
2.67994e+01	1.71973e-08
2.68381e+01	1.65298e-08
2.68768e+01	1.58881e-08
2.69156e+01	1.52713e-08
2.69543e+01	1.46783e-08
2.69930e+01	1.41084e-08
2.70317e+01	1.35605e-08
2.70705e+01	1.30339e-08
2.71092e+01	1.25277e-08
2.71479e+01	1.20411e-08
2.71866e+01	1.15734e-08
2.72254e+01	1.11238e-08
2.72641e+01	1.06917e-08
2.73028e+01	1.02763e-08
2.73416e+01	9.87710e-09
2.73803e+01	9.49335e-09
2.74190e+01	9.12449e-09
2.74577e+01	8.76994e-09
2.74965e+01	8.42916e-09
2.75352e+01	8.10160e-09
2.75739e+01	7.78676e-09
2.76126e+01	7.48414e-09
2.76514e+01	7.19327e-09
2.76901e+01	6.91369e-09
2.77288e+01	6.64498e-09
2.77676e+01	6.38670e-09
2.78063e+01	6.13846e-09
2.78450e+01	5.89986e-09
2.78837e+01	5.67054e-09
2.79225e+01	5.45011e-09
2.79612e+01	5.23825e-09
2.79999e+01	5.03462e-09
2.80386e+01	4.83889e-09
2.80774e+01	4.65076e-09
2.81161e+01	4.46994e-09
2.81548e+01	4.29614e-09
2.81936e+01	4.12909e-09
2.82323e+01	3.96852e-09
2.82710e+01	3.81418e-09
2.83097e+01	3.66584e-09
2.83485e+01	3.52326e-09
2.83872e+01	3.38621e-09
2.84259e+01	3.25449e-09
2.84647e+01	3.12788e-09
2.85034e+01	3.00619e-09
2.85421e+01	2.88923e-09
2.85808e+01	2.77681e-09
2.86196e+01	2.66876e-09
2.86583e+01	2.56491e-09
2.86970e+01	2.46510e-09
2.87357e+01	2.36917e-09
2.87745e+01	2.27696e-09
2.88132e+01	2.18834e-09
2.88519e+01	2.10316e-09
2.88907e+01	2.02130e-09
2.89294e+01	1.94261e-09
2.89681e+01	1.86699e-09
2.90068e+01	1.79431e-09
2.90456e+01	1.72445e-09
2.90843e+01	1.65731e-09
2.91230e+01	1.59278e-09
2.91617e+01	1.53077e-09
2.92005e+01	1.47116e-09
2.92392e+01	1.41387e-09
2.92779e+01	1.35880e-09
2.93167e+01	1.30588e-09
2.93554e+01	1.25502e-09
2.93941e+01	1.20613e-09
2.94328e+01	1.15915e-09
2.94716e+01	1.11399e-09
2.95103e+01	1.07059e-09
2.95490e+01	1.02887e-09
2.95877e+01	9.88779e-10
2.96265e+01	9.50244e-10
2.96652e+01	9.13206e-10
2.97039e+01	8.77608e-10
2.97427e+01	8.43393e-10
2.97814e+01	8.10508e-10
2.98201e+01	7.78901e-10
2.98588e+01	7.48524e-10
2.98976e+01	7.19328e-10
2.99363e+01	6.91267e-10
2.99750e+01	6.64298e-10
3.00137e+01	6.38376e-10
3.00525e+01	6.13462e-10
3.00912e+01	5.89516e-10
3.01299e+01	5.66504e-10
3.01687e+01	5.44389e-10
3.02074e+01	5.23136e-10
3.02461e+01	5.02712e-10
3.02848e+01	4.83083e-10
3.03236e+01	4.64219e-10
3.03623e+01	4.46091e-10
3.04010e+01	4.28669e-10
3.04397e+01	4.11927e-10
3.04785e+01	3.95837e-10
3.05172e+01	3.80375e-10
3.05559e+01	3.65515e-10
3.05947e+01	3.51235e-10
3.06334e+01	3.37512e-10
3.06721e+01	3.24324e-10
3.07108e+01	3.11650e-10
3.07496e+01	2.99470e-10
3.07883e+01	2.87766e-10
3.08270e+01	2.76518e-10
3.08658e+01	2.65708e-10
3.09045e+01	2.55321e-10
3.09432e+01	2.45339e-10
3.09819e+01	2.35746e-10
3.10207e+01	2.26528e-10
3.10594e+01	2.17669e-10
3.10981e+01	2.09156e-10
3.11368e+01	2.00976e-10
3.11756e+01	1.93115e-10
3.12143e+01	1.85561e-10
3.12530e+01	1.78301e-10
3.12918e+01	1.71326e-10
3.13305e+01	1.64622e-10
3.13692e+01	1.58181e-10
3.14079e+01	1.51990e-10
3.14467e+01	1.46042e-10
3.14854e+01	1.40326e-10
3.15241e+01	1.34834e-10
3.15628e+01	1.29556e-10
3.16016e+01	1.24484e-10
3.16403e+01	1.19610e-10
3.16790e+01	1.14927e-10
3.17178e+01	1.10427e-10
3.17565e+01	1.06103e-10
3.17952e+01	1.01948e-10
3.18339e+01	9.79555e-11
3.18727e+01	9.41190e-11
3.19114e+01	9.04326e-11
3.19501e+01	8.68902e-11
3.19888e+01	8.34864e-11
3.20276e+01	8.02158e-11
3.20663e+01	7.70730e-11
3.21050e+01	7.40533e-11
3.21438e+01	7.11519e-11
3.21825e+01	6.83641e-11
3.22212e+01	6.56855e-11
3.22599e+01	6.31119e-11
3.22987e+01	6.06390e-11
3.23374e+01	5.82629e-11
3.23761e+01	5.59800e-11
3.24148e+01	5.37864e-11
3.24536e+01	5.16788e-11
3.24923e+01	4.96538e-11
3.25310e+01	4.77081e-11
3.25698e+01	4.58386e-11
3.26085e+01	4.40423e-11
3.26472e+01	4.23164e-11
3.26859e+01	4.06582e-11
3.27247e+01	3.90649e-11
3.27634e+01	3.75340e-11
3.28021e+01	3.60631e-11
3.28408e+01	3.46499e-11
3.28796e+01	3.32920e-11
3.29183e+01	3.19874e-11
3.29570e+01	3.07338e-11
3.29958e+01	2.95294e-11
3.30345e+01	2.83722e-11
3.30732e+01	2.72604e-11
3.31119e+01	2.61921e-11
3.31507e+01	2.51656e-11
3.31894e+01	2.41794e-11
3.32281e+01	2.32319e-11
3.32669e+01	2.23215e-11
3.33056e+01	2.14467e-11
3.33443e+01	2.06063e-11
3.33830e+01	1.97988e-11
3.34218e+01	1.90229e-11
3.34605e+01	1.82774e-11
3.34992e+01	1.75612e-11
3.35379e+01	1.68730e-11
3.35767e+01	1.62118e-11
3.36154e+01	1.55765e-11
3.36541e+01	1.49661e-11
3.36929e+01	1.43797e-11
3.37316e+01	1.38162e-11
3.37703e+01	1.32748e-11
3.38090e+01	1.27546e-11
3.38478e+01	1.22548e-11
3.38865e+01	1.17746e-11
3.39252e+01	1.13132e-11
3.39639e+01	1.08699e-11
3.40027e+01	1.04441e-11
3.40414e+01	1.00349e-11
3.40801e+01	9.64182e-12
3.41189e+01	9.26417e-12
3.41576e+01	8.90136e-12
3.41963e+01	8.55278e-12
3.42350e+01	8.21790e-12
3.42738e+01	7.89616e-12
3.43125e+01	7.58705e-12
3.43512e+01	7.29008e-12
3.43899e+01	7.00477e-12
3.44287e+01	6.73065e-12
3.44674e+01	6.46729e-12
3.45061e+01	6.21427e-12
3.45449e+01	5.97118e-12
3.45836e+01	5.73764e-12
3.46223e+01	5.51326e-12
3.46610e+01	5.29768e-12
3.46998e+01	5.09057e-12
3.47385e+01	4.89159e-12
3.47772e+01	4.70041e-12
3.48159e+01	4.51674e-12
3.48547e+01	4.34028e-12
3.48934e+01	4.17074e-12
3.49321e+01	4.00786e-12
3.49709e+01	3.85136e-12
3.50096e+01	3.70100e-12
3.50483e+01	3.55653e-12
3.50870e+01	3.41773e-12
3.51258e+01	3.28437e-12
3.51645e+01	3.15624e-12
3.52032e+01	3.03313e-12
3.52419e+01	2.91485e-12
3.52807e+01	2.80121e-12
3.53194e+01	2.69202e-12
3.53581e+01	2.58711e-12
3.53969e+01	2.48631e-12
3.54356e+01	2.38947e-12
3.54743e+01	2.29643e-12
3.55130e+01	2.20703e-12
3.55518e+01	2.12114e-12
3.55905e+01	2.03862e-12
3.56292e+01	1.95934e-12
3.56680e+01	1.88317e-12
3.57067e+01	1.80999e-12
3.57454e+01	1.73968e-12
3.57841e+01	1.67214e-12
3.58229e+01	1.60724e-12
3.58616e+01	1.54490e-12
3.59003e+01	1.48500e-12
3.59390e+01	1.42746e-12
3.59778e+01	1.37218e-12
3.60165e+01	1.31908e-12
3.60552e+01	1.26807e-12
3.60940e+01	1.21908e-12
3.61327e+01	1.17203e-12
3.61714e+01	1.12684e-12
3.62101e+01	1.08344e-12
3.62489e+01	1.04177e-12
3.62876e+01	1.00174e-12
3.63263e+01	9.63310e-13
3.63650e+01	9.26403e-13
3.64038e+01	8.90964e-13
3.64425e+01	8.56936e-13
3.64812e+01	8.24264e-13
3.65200e+01	7.92896e-13
3.65587e+01	7.62781e-13
3.65974e+01	7.33871e-13
3.66361e+01	7.06120e-13
3.66749e+01	6.79484e-13
3.67136e+01	6.53919e-13
3.67523e+01	6.29384e-13
3.67910e+01	6.05842e-13
3.68298e+01	5.83253e-13
3.68685e+01	5.61581e-13
3.69072e+01	5.40793e-13
3.69460e+01	5.20854e-13
3.69847e+01	5.01732e-13
3.70234e+01	4.83398e-13
3.70621e+01	4.65822e-13
3.71009e+01	4.48976e-13
3.71396e+01	4.32832e-13
3.71783e+01	4.17366e-13
3.72170e+01	4.02553e-13
3.72558e+01	3.88369e-13
3.72945e+01	3.74792e-13
3.73332e+01	3.61799e-13
3.73720e+01	3.49371e-13
3.74107e+01	3.37487e-13
3.74494e+01	3.26127e-13
3.74881e+01	3.15275e-13
3.75269e+01	3.04912e-13
3.75656e+01	2.95021e-13
3.76043e+01	2.85588e-13
3.76430e+01	2.76596e-13
3.76818e+01	2.68032e-13
3.77205e+01	2.59882e-13
3.77592e+01	2.52132e-13
3.77980e+01	2.44769e-13
3.78367e+01	2.37783e-13
3.78754e+01	2.31162e-13
3.79141e+01	2.24895e-13
3.79529e+01	2.18971e-13
3.79916e+01	2.13382e-13
3.80303e+01	2.08118e-13
3.80691e+01	2.03169e-13
3.81078e+01	1.98529e-13
3.81465e+01	1.94189e-13
3.81852e+01	1.90142e-13
3.82240e+01	1.86381e-13
3.82627e+01	1.82899e-13
3.83014e+01	1.79690e-13
3.83401e+01	1.76749e-13
3.83789e+01	1.74071e-13
3.84176e+01	1.71649e-13
3.84563e+01	1.69480e-13
3.84951e+01	1.67559e-13
3.85338e+01	1.65881e-13
3.85725e+01	1.64442e-13
3.86112e+01	1.63239e-13
3.86500e+01	1.62268e-13
3.86887e+01	1.61526e-13
3.87274e+01	1.60997e-13
