# The ell = 1 distribution, the first anisotropy.
# E_N [Td]	5.00000e+00
# col_1: Electron Energy [eV], col_2: f1 [eV^(-3/2)]
eV	f1
1.50488e-02	3.24613e-05
3.00977e-02	5.97651e-05
4.51465e-02	8.72896e-05
6.01953e-02	1.07936e-04
7.52442e-02	1.24698e-04
9.02930e-02	1.39391e-04
1.05342e-01	1.52666e-04
1.20391e-01	1.64527e-04
1.35439e-01	1.76641e-04
1.50488e-01	1.87883e-04
1.65537e-01	1.98965e-04
1.80586e-01	2.10198e-04
1.95635e-01	2.21677e-04
2.10684e-01	2.33337e-04
2.25732e-01	2.45287e-04
2.40781e-01	2.57572e-04
2.55830e-01	2.71124e-04
2.70879e-01	2.85417e-04
2.85928e-01	3.00418e-04
3.00977e-01	3.16088e-04
3.16025e-01	3.30594e-04
3.31074e-01	3.43755e-04
3.46123e-01	3.60227e-04
3.61172e-01	3.79045e-04
3.76221e-01	4.00214e-04
3.91270e-01	4.28488e-04
4.06318e-01	4.62867e-04
4.21367e-01	5.04807e-04
4.36416e-01	5.56883e-04
4.51465e-01	6.16914e-04
4.66514e-01	6.84513e-04
4.81563e-01	7.66165e-04
4.96611e-01	8.59134e-04
5.11660e-01	9.60429e-04
5.26709e-01	1.08192e-03
5.41758e-01	1.22448e-03
5.56807e-01	1.38339e-03
5.71856e-01	1.55753e-03
5.86904e-01	1.75540e-03
6.01953e-01	1.97151e-03
6.17002e-01	2.20162e-03
6.32051e-01	2.46126e-03
6.47100e-01	2.76043e-03
6.62149e-01	3.09050e-03
6.77197e-01	3.44425e-03
6.92246e-01	3.84115e-03
7.07295e-01	4.29957e-03
7.22344e-01	4.80709e-03
7.37393e-01	5.35180e-03
7.52442e-01	5.92867e-03
7.67490e-01	6.56820e-03
7.82539e-01	7.25592e-03
7.97588e-01	7.97946e-03
8.12637e-01	8.72579e-03
8.27686e-01	9.49705e-03
8.42735e-01	1.02849e-02
8.57783e-01	1.10820e-02
8.72832e-01	1.18926e-02
8.87881e-01	1.27635e-02
9.02930e-01	1.36885e-02
9.17979e-01	1.46550e-02
9.33028e-01	1.56501e-02
9.48076e-01	1.67281e-02
9.63125e-01	1.79024e-02
9.78174e-01	1.91538e-02
9.93223e-01	2.04634e-02
1.00827e+00	2.18421e-02
1.02332e+00	2.33481e-02
1.03837e+00	2.49529e-02
1.05342e+00	2.66339e-02
1.06847e+00	2.83680e-02
1.08352e+00	3.02054e-02
1.09856e+00	3.20855e-02
1.11361e+00	3.39925e-02
1.12866e+00	3.59131e-02
1.14371e+00	3.78384e-02
1.15876e+00	3.97799e-02
1.17381e+00	4.17287e-02
1.18886e+00	4.36775e-02
1.20391e+00	4.56170e-02
1.21896e+00	4.75452e-02
1.23400e+00	4.95050e-02
1.24905e+00	5.15104e-02
1.26410e+00	5.35465e-02
1.27915e+00	5.55984e-02
1.29420e+00	5.76526e-02
1.30925e+00	5.97804e-02
1.32430e+00	6.20888e-02
1.33935e+00	6.45434e-02
1.35439e+00	6.71116e-02
1.36944e+00	6.97632e-02
1.38449e+00	7.24084e-02
1.39954e+00	7.49177e-02
1.41459e+00	7.72985e-02
1.42964e+00	7.95576e-02
1.44469e+00	8.17000e-02
1.45974e+00	8.37316e-02
1.47479e+00	8.56940e-02
1.48983e+00	8.75893e-02
1.50488e+00	8.94234e-02
1.51993e+00	9.11945e-02
1.53498e+00	9.28977e-02
1.55003e+00	9.45507e-02
1.56508e+00	9.64479e-02
1.58013e+00	9.85843e-02
1.59518e+00	1.00911e-01
1.61023e+00	1.03385e-01
1.62527e+00	1.05966e-01
1.64032e+00	1.08623e-01
1.65537e+00	1.11167e-01
1.67042e+00	1.13576e-01
1.68547e+00	1.15810e-01
1.70052e+00	1.17871e-01
1.71557e+00	1.19762e-01
1.73062e+00	1.21463e-01
1.74566e+00	1.22718e-01
1.76071e+00	1.23444e-01
1.77576e+00	1.23650e-01
1.79081e+00	1.23388e-01
1.80586e+00	1.22634e-01
1.82091e+00	1.21422e-01
1.83596e+00	1.19913e-01
1.85101e+00	1.17993e-01
1.86606e+00	1.15651e-01
1.88110e+00	1.12787e-01
1.89615e+00	1.09362e-01
1.91120e+00	1.05465e-01
1.92625e+00	1.01154e-01
1.94130e+00	9.65899e-02
1.95635e+00	9.18367e-02
1.97140e+00	8.70486e-02
1.98645e+00	8.22506e-02
2.00149e+00	7.74613e-02
2.01654e+00	7.26861e-02
2.03159e+00	6.81757e-02
2.04664e+00	6.39854e-02
2.06169e+00	6.01292e-02
2.07674e+00	5.65686e-02
2.09179e+00	5.32861e-02
2.10684e+00	5.02530e-02
2.12189e+00	4.73254e-02
2.13693e+00	4.44022e-02
2.15198e+00	4.15344e-02
2.16703e+00	3.87898e-02
2.18208e+00	3.61761e-02
2.19713e+00	3.36890e-02
2.21218e+00	3.13366e-02
2.22723e+00	2.91372e-02
2.24228e+00	2.70903e-02
2.25732e+00	2.51986e-02
2.27237e+00	2.34438e-02
2.28742e+00	2.18204e-02
2.30247e+00	2.03230e-02
2.31752e+00	1.89169e-02
2.33257e+00	1.76051e-02
2.34762e+00	1.63801e-02
2.36267e+00	1.52407e-02
2.37772e+00	1.41735e-02
2.39276e+00	1.31757e-02
2.40781e+00	1.22636e-02
2.42286e+00	1.14473e-02
2.43791e+00	1.06699e-02
2.45296e+00	9.92730e-03
2.46801e+00	9.21579e-03
2.48306e+00	8.53769e-03
2.49811e+00	7.90553e-03
2.51316e+00	7.32482e-03
2.52820e+00	6.78166e-03
2.54325e+00	6.28392e-03
2.55830e+00	5.83083e-03
2.57335e+00	5.41512e-03
2.58840e+00	5.03553e-03
2.60345e+00	4.69513e-03
2.61850e+00	4.37540e-03
2.63355e+00	4.07574e-03
2.64859e+00	3.79360e-03
2.66364e+00	3.53177e-03
2.67869e+00	3.28869e-03
2.69374e+00	3.06098e-03
2.70879e+00	2.84998e-03
2.72384e+00	2.65878e-03
2.73889e+00	2.48930e-03
2.75394e+00	2.33914e-03
2.76899e+00	2.20312e-03
2.78403e+00	2.07473e-03
2.79908e+00	1.95441e-03
2.81413e+00	1.84210e-03
2.82918e+00	1.73448e-03
2.84423e+00	1.63003e-03
2.85928e+00	1.52892e-03
2.87433e+00	1.42939e-03
2.88938e+00	1.33312e-03
2.90442e+00	1.24490e-03
2.91947e+00	1.16436e-03
2.93452e+00	1.09097e-03
2.94957e+00	1.02446e-03
2.96462e+00	9.64186e-04
2.97967e+00	9.10251e-04
2.99472e+00	8.62068e-04
3.00977e+00	8.17974e-04
3.02482e+00	7.76159e-04
3.03986e+00	7.36111e-04
3.05491e+00	6.97683e-04
3.06996e+00	6.60960e-04
3.08501e+00	6.25879e-04
3.10006e+00	5.92406e-04
3.11511e+00	5.61202e-04
3.13016e+00	5.32053e-04
3.14521e+00	5.05170e-04
3.16025e+00	4.80310e-04
3.17530e+00	4.56790e-04
3.19035e+00	4.34393e-04
3.20540e+00	4.13067e-04
3.22045e+00	3.92723e-04
3.23550e+00	3.73378e-04
3.25055e+00	3.54885e-04
3.26560e+00	3.37192e-04
3.28065e+00	3.20480e-04
3.29569e+00	3.04806e-04
3.31074e+00	2.90188e-04
3.32579e+00	2.76659e-04
3.34084e+00	2.64098e-04
3.35589e+00	2.52387e-04
3.37094e+00	2.41493e-04
3.38599e+00	2.31336e-04
3.40104e+00	2.21838e-04
3.41609e+00	2.12980e-04
3.43113e+00	2.04554e-04
3.44618e+00	1.96512e-04
3.46123e+00	1.88869e-04
3.47628e+00	1.81608e-04
3.49133e+00	1.74724e-04
3.50638e+00	1.68236e-04
3.52143e+00	1.62065e-04
3.53648e+00	1.56195e-04
3.55152e+00	1.50591e-04
3.56657e+00	1.45204e-04
3.58162e+00	1.39984e-04
3.59667e+00	1.34948e-04
3.61172e+00	1.30116e-04
3.62677e+00	1.25486e-04
3.64182e+00	1.21043e-04
3.65687e+00	1.16781e-04
3.67192e+00	1.12698e-04
3.68696e+00	1.08796e-04
3.70201e+00	1.05068e-04
3.71706e+00	1.01506e-04
3.73211e+00	9.81266e-05
3.74716e+00	9.49292e-05
3.76221e+00	9.19181e-05
3.77726e+00	8.90872e-05
3.79231e+00	8.64404e-05
3.80735e+00	8.39702e-05
3.82240e+00	8.16677e-05
3.83745e+00	7.95282e-05
3.85250e+00	7.75429e-05
3.86755e+00	7.56993e-05
3.88260e+00	7.39298e-05
3.89765e+00	7.22329e-05
3.91270e+00	7.06078e-05
3.92775e+00	6.90494e-05
3.94279e+00	6.75550e-05
3.95784e+00	6.61274e-05
3.97289e+00	6.47557e-05
3.98794e+00	6.34561e-05
4.00299e+00	6.22048e-05
4.01804e+00	6.09991e-05
4.03309e+00	5.98316e-05
4.04814e+00	5.86858e-05
4.06318e+00	5.75586e-05
4.07823e+00	5.64541e-05
4.09328e+00	5.53677e-05
4.10833e+00	5.43000e-05
4.12338e+00	5.32505e-05
4.13843e+00	5.22180e-05
4.15348e+00	5.12017e-05
4.16853e+00	5.02011e-05
4.18358e+00	4.92161e-05
4.19862e+00	4.82461e-05
4.21367e+00	4.72901e-05
4.22872e+00	4.63478e-05
4.24377e+00	4.54188e-05
4.25882e+00	4.45032e-05
4.27387e+00	4.35972e-05
4.28892e+00	4.27001e-05
4.30397e+00	4.18115e-05
4.31901e+00	4.09314e-05
4.33406e+00	4.00595e-05
4.34911e+00	3.91957e-05
4.36416e+00	3.83399e-05
4.37921e+00	3.74930e-05
4.39426e+00	3.66550e-05
4.40931e+00	3.58267e-05
4.42436e+00	3.50067e-05
4.43941e+00	3.41996e-05
4.45445e+00	3.34027e-05
4.46950e+00	3.26173e-05
4.48455e+00	3.18430e-05
4.49960e+00	3.10793e-05
4.51465e+00	3.03261e-05
4.52970e+00	2.95831e-05
4.54475e+00	2.88542e-05
4.55980e+00	2.81441e-05
4.57485e+00	2.74528e-05
4.58989e+00	2.67798e-05
4.60494e+00	2.61247e-05
4.61999e+00	2.54872e-05
4.63504e+00	2.48673e-05
4.65009e+00	2.42700e-05
4.66514e+00	2.36948e-05
4.68019e+00	2.31412e-05
4.69524e+00	2.26088e-05
4.71028e+00	2.20970e-05
4.72533e+00	2.16055e-05
4.74038e+00	2.11339e-05
4.75543e+00	2.06816e-05
4.77048e+00	2.02484e-05
4.78553e+00	1.98339e-05
4.80058e+00	1.94376e-05
4.81563e+00	1.90590e-05
4.83068e+00	1.86984e-05
4.84572e+00	1.83588e-05
4.86077e+00	1.80403e-05
4.87582e+00	1.77423e-05
4.89087e+00	1.74644e-05
4.90592e+00	1.72059e-05
4.92097e+00	1.69663e-05
4.93602e+00	1.67403e-05
4.95107e+00	1.65265e-05
4.96611e+00	1.63237e-05
4.98116e+00	1.61315e-05
4.99621e+00	1.59496e-05
5.01126e+00	1.57769e-05
5.02631e+00	1.56131e-05
5.04136e+00	1.54577e-05
5.05641e+00	1.53088e-05
5.07146e+00	1.51667e-05
5.08651e+00	1.50311e-05
5.10155e+00	1.49020e-05
5.11660e+00	1.47783e-05
5.13165e+00	1.46559e-05
5.14670e+00	1.45346e-05
5.16175e+00	1.44143e-05
5.17680e+00	1.42950e-05
5.19185e+00	1.41766e-05
5.20690e+00	1.40592e-05
5.22194e+00	1.39428e-05
5.23699e+00	1.38273e-05
5.25204e+00	1.37127e-05
5.26709e+00	1.35991e-05
5.28214e+00	1.34864e-05
5.29719e+00	1.33746e-05
5.31224e+00	1.32638e-05
5.32729e+00	1.31539e-05
5.34234e+00	1.30448e-05
5.35738e+00	1.29367e-05
5.37243e+00	1.28295e-05
5.38748e+00	1.27231e-05
5.40253e+00	1.26177e-05
5.41758e+00	1.25131e-05
5.43263e+00	1.24093e-05
5.44768e+00	1.23065e-05
5.46273e+00	1.22044e-05
5.47778e+00	1.21032e-05
5.49282e+00	1.20029e-05
5.50787e+00	1.19034e-05
5.52292e+00	1.18047e-05
5.53797e+00	1.17068e-05
5.55302e+00	1.16097e-05
5.56807e+00	1.15135e-05
5.58312e+00	1.14181e-05
5.59817e+00	1.13234e-05
5.61321e+00	1.12296e-05
5.62826e+00	1.11365e-05
5.64331e+00	1.10442e-05
5.65836e+00	1.09527e-05
5.67341e+00	1.08619e-05
5.68846e+00	1.07719e-05
5.70351e+00	1.06827e-05
5.71856e+00	1.05942e-05
5.73361e+00	1.05064e-05
5.74865e+00	1.04195e-05
5.76370e+00	1.03332e-05
5.77875e+00	1.02477e-05
5.79380e+00	1.01629e-05
5.80885e+00	1.00789e-05
5.82390e+00	9.99558e-06
5.83895e+00	9.91297e-06
5.85400e+00	9.83106e-06
5.86904e+00	9.74985e-06
5.88409e+00	9.66932e-06
5.89914e+00	9.58949e-06
5.91419e+00	9.51046e-06
5.92924e+00	9.43180e-06
5.94429e+00	9.35397e-06
5.95934e+00	9.27680e-06
5.97439e+00	9.20031e-06
5.98944e+00	9.12449e-06
6.00448e+00	9.04927e-06
6.01953e+00	8.97475e-06
6.03458e+00	8.90130e-06
6.04963e+00	8.82740e-06
6.06468e+00	8.75463e-06
6.07973e+00	8.68244e-06
6.09478e+00	8.61089e-06
6.10983e+00	8.53997e-06
6.12487e+00	8.46968e-06
6.13992e+00	8.40000e-06
6.15497e+00	8.33091e-06
6.17002e+00	8.26246e-06
6.18507e+00	8.19460e-06
6.20012e+00	8.12734e-06
6.21517e+00	8.06068e-06
6.23022e+00	7.99460e-06
6.24527e+00	7.92911e-06
6.26031e+00	7.86418e-06
6.27536e+00	7.79985e-06
6.29041e+00	7.73605e-06
6.30546e+00	7.67282e-06
6.32051e+00	7.61014e-06
6.33556e+00	7.54801e-06
6.35061e+00	7.48643e-06
6.36566e+00	7.42538e-06
6.38071e+00	7.36487e-06
6.39575e+00	7.30488e-06
6.41080e+00	7.24542e-06
6.42585e+00	7.18647e-06
6.44090e+00	7.12805e-06
6.45595e+00	7.07015e-06
6.47100e+00	7.01276e-06
6.48605e+00	6.95588e-06
6.50110e+00	6.89951e-06
6.51614e+00	6.84364e-06
6.53119e+00	6.78823e-06
6.54624e+00	6.73336e-06
6.56129e+00	6.67896e-06
6.57634e+00	6.62504e-06
6.59139e+00	6.57160e-06
6.60644e+00	6.51862e-06
6.62149e+00	6.46610e-06
6.63654e+00	6.41405e-06
6.65158e+00	6.36245e-06
6.66663e+00	6.31126e-06
6.68168e+00	6.26060e-06
6.69673e+00	6.21035e-06
6.71178e+00	6.16055e-06
6.72683e+00	6.11120e-06
6.74188e+00	6.06219e-06
6.75693e+00	6.01346e-06
6.77197e+00	5.96501e-06
6.78702e+00	5.91685e-06
6.80207e+00	5.86898e-06
6.81712e+00	5.82136e-06
6.83217e+00	5.77403e-06
6.84722e+00	5.72699e-06
6.86227e+00	5.68022e-06
6.87732e+00	5.63374e-06
6.89237e+00	5.58753e-06
6.90741e+00	5.54157e-06
6.92246e+00	5.49574e-06
6.93751e+00	5.45122e-06
6.95256e+00	5.40498e-06
6.96761e+00	5.35991e-06
6.98266e+00	5.31505e-06
6.99771e+00	5.27052e-06
7.01276e+00	5.22631e-06
7.02780e+00	5.18246e-06
7.04285e+00	5.13895e-06
7.05790e+00	5.09556e-06
7.07295e+00	5.05345e-06
7.08800e+00	5.01022e-06
7.10305e+00	4.96784e-06
7.11810e+00	4.92577e-06
7.13315e+00	4.88406e-06
7.14820e+00	4.84268e-06
7.16324e+00	4.80164e-06
7.17829e+00	4.76093e-06
7.19334e+00	4.72055e-06
7.20839e+00	4.68050e-06
7.22344e+00	4.64077e-06
7.23849e+00	4.60139e-06
7.25354e+00	4.56241e-06
7.26859e+00	4.52383e-06
7.28363e+00	4.48562e-06
7.29868e+00	4.44780e-06
7.31373e+00	4.41035e-06
7.32878e+00	4.37326e-06
7.34383e+00	4.33652e-06
7.35888e+00	4.30014e-06
7.37393e+00	4.26397e-06
7.38898e+00	4.22777e-06
7.40403e+00	4.19157e-06
7.41907e+00	4.15537e-06
7.43412e+00	4.11918e-06
7.44917e+00	4.08301e-06
7.46422e+00	4.04687e-06
7.47927e+00	4.01076e-06
7.49432e+00	3.97471e-06
7.50937e+00	3.93873e-06
7.52442e+00	3.90283e-06
7.53947e+00	3.86697e-06
7.55451e+00	3.83115e-06
7.56956e+00	3.79538e-06
7.58461e+00	3.75965e-06
7.59966e+00	3.72398e-06
7.61471e+00	3.68836e-06
7.62976e+00	3.65281e-06
7.64481e+00	3.61733e-06
7.65986e+00	3.58192e-06
7.67490e+00	3.54659e-06
7.68995e+00	3.51136e-06
7.70500e+00	3.47623e-06
7.72005e+00	3.44120e-06
7.73510e+00	3.40629e-06
7.75015e+00	3.37149e-06
7.76520e+00	3.33654e-06
7.78025e+00	3.30142e-06
7.79530e+00	3.26607e-06
7.81034e+00	3.23039e-06
7.82539e+00	3.19439e-06
7.84044e+00	3.15804e-06
7.85549e+00	3.12133e-06
7.87054e+00	3.08431e-06
7.88559e+00	3.04698e-06
7.90064e+00	3.00937e-06
7.91569e+00	2.97153e-06
7.93073e+00	2.93347e-06
7.94578e+00	2.89523e-06
7.96083e+00	2.85684e-06
7.97588e+00	2.81833e-06
7.99093e+00	2.77968e-06
8.00598e+00	2.74091e-06
8.02103e+00	2.70205e-06
8.03608e+00	2.66306e-06
8.05113e+00	2.62396e-06
8.06617e+00	2.58476e-06
8.08122e+00	2.54551e-06
8.09627e+00	2.50623e-06
8.11132e+00	2.46692e-06
8.12637e+00	2.42768e-06
8.14142e+00	2.38848e-06
8.15647e+00	2.34936e-06
8.17152e+00	2.31033e-06
8.18656e+00	2.27144e-06
8.20161e+00	2.23269e-06
8.21666e+00	2.19412e-06
8.23171e+00	2.15565e-06
8.24676e+00	2.11722e-06
8.26181e+00	2.07884e-06
8.27686e+00	2.04056e-06
8.29191e+00	2.00240e-06
8.30696e+00	1.96432e-06
8.32200e+00	1.92633e-06
8.33705e+00	1.88846e-06
8.35210e+00	1.85069e-06
8.36715e+00	1.81307e-06
8.38220e+00	1.77562e-06
8.39725e+00	1.73837e-06
8.41230e+00	1.70134e-06
8.42735e+00	1.66457e-06
8.44240e+00	1.62806e-06
8.45744e+00	1.59185e-06
8.47249e+00	1.55572e-06
8.48754e+00	1.51966e-06
8.50259e+00	1.48377e-06
8.51764e+00	1.44819e-06
8.53269e+00	1.41294e-06
8.54774e+00	1.37809e-06
8.56279e+00	1.34370e-06
8.57783e+00	1.30979e-06
8.59288e+00	1.27638e-06
8.60793e+00	1.24347e-06
8.62298e+00	1.21107e-06
8.63803e+00	1.17918e-06
8.65308e+00	1.14782e-06
8.66813e+00	1.11698e-06
8.68318e+00	1.08667e-06
8.69823e+00	1.05690e-06
8.71327e+00	1.02767e-06
8.72832e+00	9.98976e-07
8.74337e+00	9.70822e-07
8.75842e+00	9.43202e-07
8.77347e+00	9.16114e-07
8.78852e+00	8.89560e-07
8.80357e+00	8.63538e-07
8.81862e+00	8.38047e-07
8.83366e+00	8.13086e-07
8.84871e+00	7.88651e-07
8.86376e+00	7.64740e-07
8.87881e+00	7.41350e-07
8.89386e+00	7.18476e-07
8.90891e+00	6.96113e-07
8.92396e+00	6.74262e-07
8.93901e+00	6.52930e-07
8.95406e+00	6.32049e-07
8.96910e+00	6.11683e-07
8.98415e+00	5.91814e-07
8.99920e+00	5.72445e-07
9.01425e+00	5.53597e-07
9.02930e+00	5.35264e-07
9.04435e+00	5.17460e-07
9.05940e+00	5.00181e-07
9.07445e+00	4.83417e-07
9.08949e+00	4.67151e-07
9.10454e+00	4.51374e-07
9.11959e+00	4.36072e-07
9.13464e+00	4.21234e-07
9.14969e+00	4.06847e-07
9.16474e+00	3.92901e-07
9.17979e+00	3.79383e-07
9.19484e+00	3.66283e-07
9.20989e+00	3.53589e-07
9.22493e+00	3.41291e-07
9.23998e+00	3.29377e-07
9.25503e+00	3.17838e-07
9.27008e+00	3.06663e-07
9.28513e+00	2.95845e-07
9.30018e+00	2.85367e-07
9.31523e+00	2.75227e-07
9.33028e+00	2.65413e-07
9.34533e+00	2.55916e-07
9.36037e+00	2.46727e-07
9.37542e+00	2.37838e-07
9.39047e+00	2.29240e-07
9.40552e+00	2.20924e-07
9.42057e+00	2.12884e-07
9.43562e+00	2.05110e-07
9.45067e+00	1.97595e-07
9.46572e+00	1.90332e-07
9.48076e+00	1.83312e-07
9.49581e+00	1.76530e-07
9.51086e+00	1.69978e-07
9.52591e+00	1.63649e-07
9.54096e+00	1.57536e-07
9.55601e+00	1.51634e-07
9.57106e+00	1.45934e-07
9.58611e+00	1.40429e-07
9.60116e+00	1.35112e-07
9.61620e+00	1.29979e-07
9.63125e+00	1.25021e-07
9.64630e+00	1.20242e-07
9.66135e+00	1.15619e-07
9.67640e+00	1.11162e-07
9.69145e+00	1.06860e-07
9.70650e+00	1.02707e-07
9.72155e+00	9.87004e-08
9.73659e+00	9.48347e-08
9.75164e+00	9.11057e-08
9.76669e+00	8.75093e-08
9.78174e+00	8.40412e-08
9.79679e+00	8.06972e-08
9.81184e+00	7.74735e-08
9.82689e+00	7.43663e-08
9.84194e+00	7.13718e-08
9.85699e+00	6.84864e-08
9.87203e+00	6.57067e-08
9.88708e+00	6.30293e-08
9.90213e+00	6.04507e-08
9.91718e+00	5.79678e-08
9.93223e+00	5.55772e-08
9.94728e+00	5.32759e-08
9.96233e+00	5.10614e-08
9.97738e+00	4.89305e-08
9.99242e+00	4.68801e-08
1.00075e+01	4.49090e-08
1.00225e+01	4.30354e-08
1.00376e+01	4.11989e-08
1.00526e+01	3.94545e-08
1.00677e+01	3.77800e-08
1.00827e+01	3.61748e-08
1.00978e+01	3.46358e-08
1.01128e+01	3.31606e-08
1.01279e+01	3.17467e-08
1.01429e+01	3.03916e-08
1.01580e+01	2.90929e-08
1.01730e+01	2.78482e-08
1.01881e+01	2.66554e-08
1.02031e+01	2.55122e-08
1.02182e+01	2.44168e-08
1.02332e+01	2.33671e-08
1.02483e+01	2.23612e-08
1.02633e+01	2.13974e-08
1.02784e+01	2.04740e-08
1.02934e+01	1.95894e-08
1.03085e+01	1.87419e-08
1.03235e+01	1.79301e-08
1.03385e+01	1.71525e-08
1.03536e+01	1.64077e-08
1.03686e+01	1.56944e-08
1.03837e+01	1.50112e-08
1.03987e+01	1.43571e-08
1.04138e+01	1.37307e-08
1.04288e+01	1.31309e-08
1.04439e+01	1.25567e-08
1.04589e+01	1.20070e-08
1.04740e+01	1.14807e-08
1.04890e+01	1.09769e-08
1.05041e+01	1.04948e-08
1.05191e+01	1.00332e-08
1.05342e+01	9.59152e-09
1.05492e+01	9.16878e-09
1.05643e+01	8.76419e-09
1.05793e+01	8.37675e-09
1.05944e+01	8.00611e-09
1.06094e+01	7.65386e-09
1.06245e+01	7.31110e-09
1.06395e+01	6.98595e-09
1.06546e+01	6.67473e-09
1.06696e+01	6.37716e-09
1.06847e+01	6.09263e-09
1.06997e+01	5.82057e-09
1.07148e+01	5.56046e-09
1.07298e+01	5.31178e-09
1.07449e+01	5.07403e-09
1.07599e+01	4.84676e-09
1.07750e+01	4.62950e-09
1.07900e+01	4.42182e-09
1.08051e+01	4.22332e-09
1.08201e+01	4.03359e-09
1.08352e+01	3.85226e-09
1.08502e+01	3.67897e-09
1.08653e+01	3.51335e-09
1.08803e+01	3.35510e-09
1.08954e+01	3.20387e-09
1.09104e+01	3.05938e-09
1.09255e+01	2.92132e-09
1.09405e+01	2.78943e-09
1.09556e+01	2.66343e-09
1.09706e+01	2.54308e-09
1.09856e+01	2.42812e-09
1.10007e+01	2.31831e-09
1.10157e+01	2.21342e-09
1.10308e+01	2.11325e-09
1.10458e+01	2.01760e-09
1.10609e+01	1.92628e-09
1.10759e+01	1.83908e-09
1.10910e+01	1.75584e-09
1.11060e+01	1.67638e-09
1.11211e+01	1.60053e-09
1.11361e+01	1.52813e-09
1.11512e+01	1.45903e-09
1.11662e+01	1.39309e-09
1.11813e+01	1.33016e-09
1.11963e+01	1.27011e-09
1.12114e+01	1.21276e-09
1.12264e+01	1.15799e-09
1.12415e+01	1.10570e-09
1.12565e+01	1.05577e-09
1.12716e+01	1.00811e-09
1.12866e+01	9.62611e-10
1.13017e+01	9.19192e-10
1.13167e+01	8.77758e-10
1.13318e+01	8.38224e-10
1.13468e+01	8.00509e-10
1.13619e+01	7.64535e-10
1.13769e+01	7.30226e-10
1.13920e+01	6.97511e-10
1.14070e+01	6.66322e-10
1.14221e+01	6.36593e-10
1.14371e+01	6.08264e-10
1.14522e+01	5.81268e-10
1.14672e+01	5.55554e-10
1.14823e+01	5.31066e-10
1.14973e+01	5.07751e-10
1.15124e+01	4.85558e-10
1.15274e+01	4.64439e-10
1.15425e+01	4.44347e-10
1.15575e+01	4.25146e-10
1.15726e+01	4.06316e-10
1.15876e+01	3.87904e-10
1.16026e+01	3.69921e-10
1.16177e+01	3.52325e-10
1.16327e+01	3.35071e-10
1.16478e+01	3.17433e-10
1.16628e+01	2.99736e-10
1.16779e+01	2.82721e-10
1.16929e+01	2.66742e-10
1.17080e+01	2.51877e-10
1.17230e+01	2.38119e-10
1.17381e+01	2.25307e-10
1.17531e+01	2.13190e-10
1.17682e+01	2.01560e-10
1.17832e+01	1.90423e-10
1.17983e+01	1.79856e-10
1.18133e+01	1.69825e-10
1.18284e+01	1.60185e-10
1.18434e+01	1.50112e-10
1.18585e+01	1.39988e-10
1.18735e+01	1.30704e-10
1.18886e+01	1.22348e-10
1.19036e+01	1.14538e-10
1.19187e+01	1.07137e-10
1.19337e+01	1.00305e-10
1.19488e+01	9.39805e-11
1.19638e+01	8.81011e-11
1.19789e+01	8.26129e-11
1.19939e+01	7.74854e-11
1.20090e+01	7.26815e-11
1.20240e+01	6.81749e-11
1.20391e+01	6.39419e-11
1.20541e+01	5.99644e-11
1.20692e+01	5.62276e-11
1.20842e+01	5.27177e-11
1.20993e+01	4.94204e-11
1.21143e+01	4.63201e-11
1.21294e+01	4.34026e-11
1.21444e+01	4.06565e-11
1.21595e+01	3.80729e-11
1.21745e+01	3.56433e-11
1.21896e+01	3.33597e-11
1.22046e+01	3.12121e-11
1.22197e+01	2.91891e-11
1.22347e+01	2.72831e-11
1.22497e+01	2.54876e-11
1.22648e+01	2.37970e-11
1.22798e+01	2.22063e-11
1.22949e+01	2.07110e-11
1.23099e+01	1.93057e-11
1.23250e+01	1.79897e-11
1.23400e+01	1.67577e-11
1.23551e+01	1.56049e-11
1.23701e+01	1.45265e-11
1.23852e+01	1.35182e-11
1.24002e+01	1.25760e-11
1.24153e+01	1.16944e-11
1.24303e+01	1.08698e-11
1.24454e+01	1.00986e-11
1.24604e+01	9.37763e-12
1.24755e+01	8.70402e-12
1.24905e+01	8.07496e-12
1.25056e+01	7.48778e-12
1.25206e+01	6.93967e-12
1.25357e+01	6.42815e-12
1.25507e+01	5.95153e-12
1.25658e+01	5.50739e-12
1.25808e+01	5.09253e-12
1.25959e+01	4.70704e-12
1.26109e+01	4.34866e-12
1.26260e+01	4.01585e-12
1.26410e+01	3.70715e-12
1.26561e+01	3.42090e-12
1.26711e+01	3.15555e-12
1.26862e+01	2.90962e-12
1.27012e+01	2.68196e-12
1.27163e+01	2.47147e-12
1.27313e+01	2.27692e-12
1.27464e+01	2.09728e-12
1.27614e+01	1.93144e-12
1.27765e+01	1.77834e-12
1.27915e+01	1.63701e-12
1.28066e+01	1.50663e-12
1.28216e+01	1.38678e-12
1.28367e+01	1.27665e-12
1.28517e+01	1.17574e-12
1.28668e+01	1.08359e-12
1.28818e+01	9.99523e-13
1.28968e+01	9.22401e-13
1.29119e+01	8.51231e-13
1.29269e+01	7.84387e-13
1.29420e+01	7.23435e-13
1.29570e+01	6.68455e-13
1.29721e+01	6.18483e-13
1.29871e+01	5.72098e-13
1.30022e+01	5.28863e-13
1.30172e+01	4.86446e-13
1.30323e+01	4.43814e-13
1.30473e+01	4.01736e-13
1.30624e+01	3.63146e-13
1.30774e+01	3.29996e-13
1.30925e+01	3.01158e-13
1.31075e+01	2.76091e-13
1.31226e+01	2.54166e-13
1.31376e+01	2.34681e-13
1.31527e+01	2.16659e-13
1.31677e+01	1.99749e-13
1.31828e+01	1.83652e-13
1.31978e+01	1.68402e-13
1.32129e+01	1.54192e-13
1.32279e+01	1.41582e-13
1.32430e+01	1.30262e-13
1.32580e+01	1.20022e-13
1.32731e+01	1.10687e-13
1.32881e+01	1.02189e-13
1.33032e+01	9.44394e-14
1.33182e+01	8.73419e-14
1.33333e+01	8.08283e-14
1.33483e+01	7.48259e-14
1.33634e+01	6.92846e-14
1.33784e+01	6.41476e-14
1.33935e+01	5.93662e-14
1.34085e+01	5.49170e-14
1.34236e+01	5.07749e-14
1.34386e+01	4.69007e-14
1.34537e+01	4.32776e-14
1.34687e+01	3.98755e-14
1.34838e+01	3.67174e-14
1.34988e+01	3.38106e-14
1.35139e+01	3.11377e-14
1.35289e+01	2.86676e-14
1.35439e+01	2.63822e-14
1.35590e+01	2.42691e-14
1.35740e+01	2.23161e-14
1.35891e+01	2.05116e-14
1.36041e+01	1.88448e-14
1.36192e+01	1.73073e-14
1.36342e+01	1.58896e-14
1.36493e+01	1.45827e-14
1.36643e+01	1.33785e-14
1.36794e+01	1.22694e-14
1.36944e+01	1.12482e-14
1.37095e+01	1.03085e-14
1.37245e+01	9.44398e-15
1.37396e+01	8.64908e-15
1.37546e+01	7.91836e-15
1.37697e+01	7.24698e-15
1.37847e+01	6.63040e-15
1.37998e+01	6.06432e-15
1.38148e+01	5.54465e-15
1.38299e+01	5.06774e-15
1.38449e+01	4.63031e-15
1.38600e+01	4.22916e-15
1.38750e+01	3.86124e-15
1.38901e+01	3.52353e-15
1.39051e+01	3.21378e-15
1.39202e+01	2.92965e-15
1.39352e+01	2.66913e-15
1.39503e+01	2.43043e-15
1.39653e+01	2.21186e-15
1.39804e+01	2.01195e-15
1.39954e+01	1.82905e-15
1.40105e+01	1.66176e-15
1.40255e+01	1.50888e-15
1.40406e+01	1.36939e-15
1.40556e+01	1.24212e-15
1.40707e+01	1.12614e-15
1.40857e+01	1.02043e-15
1.41008e+01	9.24142e-16
1.41158e+01	8.36489e-16
1.41309e+01	7.56748e-16
1.41459e+01	6.84252e-16
1.41610e+01	6.18382e-16
1.41760e+01	5.58570e-16
1.41910e+01	5.04289e-16
1.42061e+01	4.55059e-16
1.42211e+01	4.10427e-16
1.42362e+01	3.69970e-16
1.42512e+01	3.33309e-16
1.42663e+01	3.00104e-16
1.42813e+01	2.70050e-16
1.42964e+01	2.42863e-16
1.43114e+01	2.18287e-16
1.43265e+01	1.96086e-16
1.43415e+01	1.76044e-16
1.43566e+01	1.57962e-16
1.43716e+01	1.41657e-16
1.43867e+01	1.26965e-16
1.44017e+01	1.13735e-16
1.44168e+01	1.01827e-16
1.44318e+01	9.11160e-17
1.44469e+01	8.14875e-17
1.44619e+01	7.28372e-17
1.44770e+01	6.50713e-17
1.44920e+01	5.81034e-17
1.45071e+01	5.18547e-17
1.45221e+01	4.62543e-17
1.45372e+01	4.12381e-17
1.45522e+01	3.67477e-17
1.45673e+01	3.27303e-17
1.45823e+01	2.91381e-17
1.45974e+01	2.59279e-17
1.46124e+01	2.30608e-17
1.46275e+01	2.05014e-17
1.46425e+01	1.82182e-17
1.46576e+01	1.61824e-17
1.46726e+01	1.43683e-17
1.46877e+01	1.27528e-17
1.47027e+01	1.13149e-17
1.47178e+01	1.00361e-17
1.47328e+01	8.89948e-18
1.47479e+01	7.88993e-18
1.47629e+01	6.99393e-18
1.47780e+01	6.19937e-18
1.47930e+01	5.49549e-18
1.48081e+01	4.87258e-18
1.48231e+01	4.32201e-18
1.48381e+01	3.83605e-18
1.48532e+01	3.40787e-18
1.48682e+01	3.03136e-18
1.48833e+01	2.70114e-18
1.48983e+01	2.41241e-18
1.49134e+01	2.16096e-18
1.49284e+01	1.94309e-18
1.49435e+01	1.75558e-18
1.49585e+01	1.59560e-18
1.49736e+01	1.46077e-18
1.49886e+01	1.34906e-18
1.50037e+01	1.25877e-18
1.50187e+01	1.18852e-18
1.50338e+01	1.13862e-18
1.50488e+01	1.09816e-18
