# The ell = 1 distribution, the first anisotropy.
# E_N [Td]	1.00000e+01
# col_1: Electron Energy [eV], col_2: f1 [eV^(-3/2)]
eV	f1
1.87688e-02	4.26361e-05
3.75375e-02	9.33054e-05
5.63063e-02	1.37854e-04
7.50751e-02	1.74316e-04
9.38438e-02	2.07496e-04
1.12613e-01	2.37952e-04
1.31381e-01	2.67562e-04
1.50150e-01	2.96804e-04
1.68919e-01	3.26396e-04
1.87688e-01	3.56611e-04
2.06456e-01	3.87917e-04
2.25225e-01	4.20980e-04
2.43994e-01	4.56733e-04
2.62763e-01	4.97012e-04
2.81532e-01	5.41354e-04
3.00300e-01	5.91860e-04
3.19069e-01	6.46094e-04
3.37838e-01	7.08751e-04
3.56607e-01	7.80034e-04
3.75375e-01	8.63335e-04
3.94144e-01	9.67421e-04
4.12913e-01	1.08842e-03
4.31682e-01	1.23318e-03
4.50450e-01	1.39769e-03
4.69219e-01	1.58324e-03
4.87988e-01	1.79312e-03
5.06757e-01	2.02225e-03
5.25526e-01	2.28281e-03
5.44294e-01	2.58338e-03
5.63063e-01	2.91721e-03
5.81832e-01	3.28371e-03
6.00601e-01	3.69059e-03
6.19369e-01	4.13129e-03
6.38138e-01	4.63162e-03
6.56907e-01	5.20088e-03
6.75676e-01	5.82861e-03
6.94444e-01	6.51015e-03
7.13213e-01	7.27722e-03
7.31982e-01	8.11875e-03
7.50751e-01	8.99580e-03
7.69520e-01	9.91310e-03
7.88288e-01	1.08708e-02
8.07057e-01	1.18570e-02
8.25826e-01	1.28655e-02
8.44595e-01	1.38936e-02
8.63363e-01	1.49361e-02
8.82132e-01	1.60132e-02
9.00901e-01	1.71644e-02
9.19670e-01	1.83788e-02
9.38438e-01	1.96518e-02
9.57207e-01	2.10155e-02
9.75976e-01	2.24807e-02
9.94745e-01	2.40320e-02
1.01351e+00	2.56865e-02
1.03228e+00	2.74228e-02
1.05105e+00	2.92270e-02
1.06982e+00	3.11058e-02
1.08859e+00	3.30935e-02
1.10736e+00	3.50605e-02
1.12613e+00	3.70041e-02
1.14489e+00	3.89332e-02
1.16366e+00	4.08701e-02
1.18243e+00	4.27901e-02
1.20120e+00	4.46908e-02
1.21997e+00	4.65815e-02
1.23874e+00	4.85020e-02
1.25751e+00	5.04455e-02
1.27628e+00	5.24051e-02
1.29505e+00	5.43817e-02
1.31381e+00	5.64340e-02
1.33258e+00	5.85908e-02
1.35135e+00	6.08377e-02
1.37012e+00	6.31611e-02
1.38889e+00	6.53202e-02
1.40766e+00	6.73559e-02
1.42643e+00	6.92764e-02
1.44520e+00	7.10884e-02
1.46396e+00	7.27804e-02
1.48273e+00	7.43789e-02
1.50150e+00	7.59176e-02
1.52027e+00	7.73980e-02
1.53904e+00	7.88222e-02
1.55781e+00	8.02215e-02
1.57658e+00	8.18228e-02
1.59535e+00	8.36031e-02
1.61411e+00	8.55378e-02
1.63288e+00	8.76137e-02
1.65165e+00	8.98360e-02
1.67042e+00	9.20433e-02
1.68919e+00	9.42051e-02
1.70796e+00	9.63184e-02
1.72673e+00	9.83822e-02
1.74550e+00	1.00294e-01
1.76426e+00	1.01794e-01
1.78303e+00	1.02880e-01
1.80180e+00	1.03559e-01
1.82057e+00	1.03815e-01
1.83934e+00	1.03651e-01
1.85811e+00	1.03166e-01
1.87688e+00	1.02321e-01
1.89565e+00	1.00987e-01
1.91441e+00	9.91997e-02
1.93318e+00	9.70355e-02
1.95195e+00	9.45039e-02
1.97072e+00	9.17376e-02
1.98949e+00	8.87798e-02
2.00826e+00	8.56424e-02
2.02703e+00	8.24496e-02
2.04580e+00	7.94213e-02
2.06456e+00	7.65532e-02
2.08333e+00	7.38221e-02
2.10210e+00	7.12213e-02
2.12087e+00	6.86562e-02
2.13964e+00	6.58790e-02
2.15841e+00	6.30336e-02
2.17718e+00	6.02453e-02
2.19595e+00	5.75130e-02
2.21471e+00	5.48547e-02
2.23348e+00	5.23093e-02
2.25225e+00	4.99274e-02
2.27102e+00	4.76594e-02
2.28979e+00	4.55036e-02
2.30856e+00	4.34581e-02
2.32733e+00	4.14787e-02
2.34610e+00	3.95738e-02
2.36486e+00	3.77546e-02
2.38363e+00	3.59896e-02
2.40240e+00	3.42808e-02
2.42117e+00	3.27255e-02
2.43994e+00	3.11996e-02
2.45871e+00	2.96715e-02
2.47748e+00	2.81254e-02
2.49625e+00	2.66155e-02
2.51502e+00	2.52032e-02
2.53378e+00	2.38492e-02
2.55255e+00	2.26045e-02
2.57132e+00	2.14509e-02
2.59009e+00	2.03881e-02
2.60886e+00	1.94288e-02
2.62763e+00	1.84985e-02
2.64640e+00	1.75890e-02
2.66517e+00	1.67182e-02
2.68393e+00	1.58844e-02
2.70270e+00	1.50815e-02
2.72147e+00	1.43293e-02
2.74024e+00	1.36520e-02
2.75901e+00	1.30529e-02
2.77778e+00	1.24930e-02
2.79655e+00	1.19527e-02
2.81532e+00	1.14385e-02
2.83408e+00	1.09286e-02
2.85285e+00	1.04177e-02
2.87162e+00	9.89974e-03
2.89039e+00	9.37621e-03
2.90916e+00	8.89253e-03
2.92793e+00	8.44854e-03
2.94670e+00	8.04413e-03
2.96547e+00	7.67738e-03
2.98423e+00	7.35200e-03
3.00300e+00	7.06018e-03
3.02177e+00	6.78557e-03
3.04054e+00	6.51616e-03
3.05931e+00	6.25129e-03
3.07808e+00	5.99277e-03
3.09685e+00	5.74026e-03
3.11562e+00	5.50053e-03
3.13438e+00	5.27448e-03
3.15315e+00	5.06523e-03
3.17192e+00	4.86830e-03
3.19069e+00	4.67828e-03
3.20946e+00	4.49492e-03
3.22823e+00	4.31792e-03
3.24700e+00	4.14694e-03
3.26577e+00	3.98116e-03
3.28453e+00	3.82325e-03
3.30330e+00	3.67506e-03
3.32207e+00	3.53726e-03
3.34084e+00	3.41015e-03
3.35961e+00	3.29175e-03
3.37838e+00	3.18196e-03
3.39715e+00	3.07936e-03
3.41592e+00	2.98380e-03
3.43468e+00	2.89277e-03
3.45345e+00	2.80544e-03
3.47222e+00	2.72202e-03
3.49099e+00	2.64253e-03
3.50976e+00	2.56735e-03
3.52853e+00	2.49546e-03
3.54730e+00	2.42665e-03
3.56607e+00	2.36018e-03
3.58483e+00	2.29497e-03
3.60360e+00	2.23153e-03
3.62237e+00	2.17056e-03
3.64114e+00	2.11185e-03
3.65991e+00	2.05534e-03
3.67868e+00	2.00111e-03
3.69745e+00	1.94922e-03
3.71622e+00	1.89952e-03
3.73498e+00	1.85244e-03
3.75375e+00	1.80799e-03
3.77252e+00	1.76638e-03
3.79129e+00	1.72772e-03
3.81006e+00	1.69197e-03
3.82883e+00	1.65901e-03
3.84760e+00	1.62877e-03
3.86637e+00	1.60102e-03
3.88514e+00	1.57456e-03
3.90390e+00	1.54925e-03
3.92267e+00	1.52500e-03
3.94144e+00	1.50179e-03
3.96021e+00	1.47960e-03
3.97898e+00	1.45842e-03
3.99775e+00	1.43832e-03
4.01652e+00	1.41889e-03
4.03529e+00	1.40007e-03
4.05405e+00	1.38145e-03
4.07282e+00	1.36304e-03
4.09159e+00	1.34484e-03
4.11036e+00	1.32682e-03
4.12913e+00	1.30898e-03
4.14790e+00	1.29129e-03
4.16667e+00	1.27373e-03
4.18544e+00	1.25632e-03
4.20420e+00	1.23904e-03
4.22297e+00	1.22187e-03
4.24174e+00	1.20480e-03
4.26051e+00	1.18786e-03
4.27928e+00	1.17096e-03
4.29805e+00	1.15407e-03
4.31682e+00	1.13718e-03
4.33559e+00	1.12029e-03
4.35435e+00	1.10340e-03
4.37312e+00	1.08653e-03
4.39189e+00	1.06969e-03
4.41066e+00	1.05290e-03
4.42943e+00	1.03618e-03
4.44820e+00	1.01962e-03
4.46697e+00	1.00317e-03
4.48574e+00	9.86859e-04
4.50450e+00	9.70674e-04
4.52327e+00	9.54613e-04
4.54204e+00	9.38727e-04
4.56081e+00	9.23185e-04
4.57958e+00	9.08017e-04
4.59835e+00	8.93215e-04
4.61712e+00	8.78778e-04
4.63589e+00	8.64698e-04
4.65465e+00	8.51106e-04
4.67342e+00	8.38033e-04
4.69219e+00	8.25472e-04
4.71096e+00	8.13414e-04
4.72973e+00	8.01855e-04
4.74850e+00	7.90785e-04
4.76727e+00	7.80197e-04
4.78604e+00	7.70086e-04
4.80480e+00	7.60441e-04
4.82357e+00	7.51263e-04
4.84234e+00	7.42573e-04
4.86111e+00	7.34461e-04
4.87988e+00	7.26919e-04
4.89865e+00	7.19934e-04
4.91742e+00	7.13493e-04
4.93619e+00	7.07477e-04
4.95495e+00	7.01806e-04
4.97372e+00	6.96439e-04
4.99249e+00	6.91373e-04
5.01126e+00	6.86571e-04
5.03003e+00	6.82041e-04
5.04880e+00	6.77727e-04
5.06757e+00	6.73607e-04
5.08634e+00	6.69680e-04
5.10511e+00	6.65944e-04
5.12387e+00	6.62333e-04
5.14264e+00	6.58750e-04
5.16141e+00	6.55190e-04
5.18018e+00	6.51655e-04
5.19895e+00	6.48144e-04
5.21772e+00	6.44656e-04
5.23649e+00	6.41192e-04
5.25526e+00	6.37750e-04
5.27402e+00	6.34333e-04
5.29279e+00	6.30938e-04
5.31156e+00	6.27566e-04
5.33033e+00	6.24216e-04
5.34910e+00	6.20890e-04
5.36787e+00	6.17586e-04
5.38664e+00	6.14304e-04
5.40541e+00	6.11045e-04
5.42417e+00	6.07807e-04
5.44294e+00	6.04592e-04
5.46171e+00	6.01397e-04
5.48048e+00	5.98224e-04
5.49925e+00	5.95073e-04
5.51802e+00	5.91943e-04
5.53679e+00	5.88834e-04
5.55556e+00	5.85746e-04
5.57432e+00	5.82679e-04
5.59309e+00	5.79633e-04
5.61186e+00	5.76607e-04
5.63063e+00	5.73602e-04
5.64940e+00	5.70616e-04
5.66817e+00	5.67652e-04
5.68694e+00	5.64706e-04
5.70571e+00	5.61782e-04
5.72447e+00	5.58877e-04
5.74324e+00	5.55993e-04
5.76201e+00	5.53130e-04
5.78078e+00	5.50285e-04
5.79955e+00	5.47461e-04
5.81832e+00	5.44657e-04
5.83709e+00	5.41873e-04
5.85586e+00	5.39107e-04
5.87462e+00	5.36361e-04
5.89339e+00	5.33633e-04
5.91216e+00	5.30928e-04
5.93093e+00	5.28234e-04
5.94970e+00	5.25562e-04
5.96847e+00	5.22910e-04
5.98724e+00	5.20277e-04
6.00601e+00	5.17659e-04
6.02477e+00	5.15076e-04
6.04354e+00	5.12488e-04
6.06231e+00	5.09919e-04
6.08108e+00	5.07372e-04
6.09985e+00	5.04843e-04
6.11862e+00	5.02332e-04
6.13739e+00	4.99839e-04
6.15616e+00	4.97364e-04
6.17492e+00	4.94907e-04
6.19369e+00	4.92468e-04
6.21246e+00	4.90046e-04
6.23123e+00	4.87642e-04
6.25000e+00	4.85255e-04
6.26877e+00	4.82886e-04
6.28754e+00	4.80534e-04
6.30631e+00	4.78198e-04
6.32508e+00	4.75879e-04
6.34384e+00	4.73576e-04
6.36261e+00	4.71290e-04
6.38138e+00	4.69020e-04
6.40015e+00	4.66766e-04
6.41892e+00	4.64528e-04
6.43769e+00	4.62306e-04
6.45646e+00	4.60101e-04
6.47523e+00	4.57911e-04
6.49399e+00	4.55738e-04
6.51276e+00	4.53581e-04
6.53153e+00	4.51438e-04
6.55030e+00	4.49313e-04
6.56907e+00	4.47203e-04
6.58784e+00	4.45108e-04
6.60661e+00	4.43028e-04
6.62538e+00	4.40963e-04
6.64414e+00	4.38913e-04
6.66291e+00	4.36876e-04
6.68168e+00	4.34856e-04
6.70045e+00	4.32850e-04
6.71922e+00	4.30859e-04
6.73799e+00	4.28881e-04
6.75676e+00	4.26911e-04
6.77553e+00	4.24948e-04
6.79429e+00	4.22993e-04
6.81306e+00	4.21045e-04
6.83183e+00	4.19104e-04
6.85060e+00	4.17171e-04
6.86937e+00	4.15245e-04
6.88814e+00	4.13326e-04
6.90691e+00	4.11409e-04
6.92568e+00	4.09520e-04
6.94444e+00	4.07615e-04
6.96321e+00	4.05701e-04
6.98198e+00	4.03807e-04
7.00075e+00	4.01922e-04
7.01952e+00	4.00046e-04
7.03829e+00	3.98180e-04
7.05706e+00	3.96325e-04
7.07583e+00	3.94498e-04
7.09459e+00	3.92639e-04
7.11336e+00	3.90809e-04
7.13213e+00	3.88987e-04
7.15090e+00	3.87176e-04
7.16967e+00	3.85376e-04
7.18844e+00	3.83587e-04
7.20721e+00	3.81808e-04
7.22598e+00	3.80039e-04
7.24474e+00	3.78282e-04
7.26351e+00	3.76540e-04
7.28228e+00	3.74813e-04
7.30105e+00	3.73101e-04
7.31982e+00	3.71403e-04
7.33859e+00	3.69718e-04
7.35736e+00	3.68048e-04
7.37613e+00	3.66384e-04
7.39489e+00	3.64712e-04
7.41366e+00	3.63033e-04
7.43243e+00	3.61347e-04
7.45120e+00	3.59654e-04
7.46997e+00	3.57956e-04
7.48874e+00	3.56252e-04
7.50751e+00	3.54543e-04
7.52628e+00	3.52831e-04
7.54505e+00	3.51112e-04
7.56381e+00	3.49387e-04
7.58258e+00	3.47655e-04
7.60135e+00	3.45918e-04
7.62012e+00	3.44173e-04
7.63889e+00	3.42423e-04
7.65766e+00	3.40666e-04
7.67643e+00	3.38904e-04
7.69520e+00	3.37137e-04
7.71396e+00	3.35365e-04
7.73273e+00	3.33589e-04
7.75150e+00	3.31809e-04
7.77027e+00	3.30005e-04
7.78904e+00	3.28174e-04
7.80781e+00	3.26309e-04
7.82658e+00	3.24406e-04
7.84535e+00	3.22460e-04
7.86411e+00	3.20473e-04
7.88288e+00	3.18445e-04
7.90165e+00	3.16376e-04
7.92042e+00	3.14268e-04
7.93919e+00	3.12124e-04
7.95796e+00	3.09945e-04
7.97673e+00	3.07732e-04
7.99550e+00	3.05484e-04
8.01426e+00	3.03202e-04
8.03303e+00	3.00884e-04
8.05180e+00	2.98528e-04
8.07057e+00	2.96136e-04
8.08934e+00	2.93709e-04
8.10811e+00	2.91248e-04
8.12688e+00	2.88759e-04
8.14565e+00	2.86240e-04
8.16441e+00	2.83694e-04
8.18318e+00	2.81122e-04
8.20195e+00	2.78526e-04
8.22072e+00	2.75908e-04
8.23949e+00	2.73258e-04
8.25826e+00	2.70571e-04
8.27703e+00	2.67851e-04
8.29580e+00	2.65099e-04
8.31456e+00	2.62309e-04
8.33333e+00	2.59484e-04
8.35210e+00	2.56622e-04
8.37087e+00	2.53725e-04
8.38964e+00	2.50796e-04
8.40841e+00	2.47837e-04
8.42718e+00	2.44851e-04
8.44595e+00	2.41840e-04
8.46471e+00	2.38802e-04
8.48348e+00	2.35710e-04
8.50225e+00	2.32573e-04
8.52102e+00	2.29410e-04
8.53979e+00	2.26227e-04
8.55856e+00	2.23031e-04
8.57733e+00	2.19832e-04
8.59610e+00	2.16630e-04
8.61486e+00	2.13427e-04
8.63363e+00	2.10226e-04
8.65240e+00	2.07027e-04
8.67117e+00	2.03832e-04
8.68994e+00	2.00643e-04
8.70871e+00	1.97461e-04
8.72748e+00	1.94289e-04
8.74625e+00	1.91126e-04
8.76502e+00	1.87974e-04
8.78378e+00	1.84833e-04
8.80255e+00	1.81705e-04
8.82132e+00	1.78591e-04
8.84009e+00	1.75493e-04
8.85886e+00	1.72410e-04
8.87763e+00	1.69345e-04
8.89640e+00	1.66298e-04
8.91517e+00	1.63268e-04
8.93393e+00	1.60265e-04
8.95270e+00	1.57273e-04
8.97147e+00	1.54306e-04
8.99024e+00	1.51364e-04
9.00901e+00	1.48451e-04
9.02778e+00	1.45572e-04
9.04655e+00	1.42733e-04
9.06532e+00	1.39935e-04
9.08408e+00	1.37180e-04
9.10285e+00	1.34466e-04
9.12162e+00	1.31793e-04
9.14039e+00	1.29161e-04
9.15916e+00	1.26570e-04
9.17793e+00	1.24019e-04
9.19670e+00	1.21508e-04
9.21547e+00	1.19037e-04
9.23423e+00	1.16605e-04
9.25300e+00	1.14212e-04
9.27177e+00	1.11858e-04
9.29054e+00	1.09542e-04
9.30931e+00	1.07264e-04
9.32808e+00	1.05023e-04
9.34685e+00	1.02820e-04
9.36562e+00	1.00654e-04
9.38438e+00	9.85243e-05
9.40315e+00	9.64309e-05
9.42192e+00	9.43734e-05
9.44069e+00	9.23514e-05
9.45946e+00	9.03645e-05
9.47823e+00	8.84124e-05
9.49700e+00	8.64948e-05
9.51577e+00	8.46112e-05
9.53453e+00	8.27614e-05
9.55330e+00	8.09448e-05
9.57207e+00	7.91612e-05
9.59084e+00	7.74087e-05
9.60961e+00	7.56871e-05
9.62838e+00	7.39958e-05
9.64715e+00	7.23362e-05
9.66592e+00	7.07034e-05
9.68468e+00	6.91009e-05
9.70345e+00	6.75265e-05
9.72222e+00	6.59799e-05
9.74099e+00	6.44610e-05
9.75976e+00	6.29694e-05
9.77853e+00	6.15048e-05
9.79730e+00	6.00668e-05
9.81607e+00	5.86551e-05
9.83483e+00	5.72694e-05
9.85360e+00	5.59095e-05
9.87237e+00	5.45752e-05
9.89114e+00	5.32660e-05
9.90991e+00	5.19818e-05
9.92868e+00	5.07222e-05
9.94745e+00	4.94869e-05
9.96622e+00	4.82757e-05
9.98498e+00	4.70876e-05
1.00038e+01	4.59250e-05
1.00225e+01	4.47961e-05
1.00413e+01	4.36724e-05
1.00601e+01	4.25841e-05
1.00788e+01	4.15206e-05
1.00976e+01	4.04827e-05
1.01164e+01	3.94697e-05
1.01351e+01	3.84812e-05
1.01539e+01	3.75166e-05
1.01727e+01	3.65753e-05
1.01914e+01	3.56566e-05
1.02102e+01	3.47602e-05
1.02290e+01	3.38853e-05
1.02477e+01	3.30316e-05
1.02665e+01	3.21984e-05
1.02853e+01	3.13855e-05
1.03041e+01	3.05923e-05
1.03228e+01	2.98184e-05
1.03416e+01	2.90633e-05
1.03604e+01	2.83267e-05
1.03791e+01	2.76081e-05
1.03979e+01	2.69071e-05
1.04167e+01	2.62233e-05
1.04354e+01	2.55564e-05
1.04542e+01	2.49060e-05
1.04730e+01	2.42716e-05
1.04917e+01	2.36530e-05
1.05105e+01	2.30498e-05
1.05293e+01	2.24615e-05
1.05480e+01	2.18879e-05
1.05668e+01	2.13285e-05
1.05856e+01	2.07813e-05
1.06044e+01	2.02552e-05
1.06231e+01	1.97300e-05
1.06419e+01	1.92228e-05
1.06607e+01	1.87281e-05
1.06794e+01	1.82460e-05
1.06982e+01	1.77761e-05
1.07170e+01	1.73183e-05
1.07357e+01	1.68723e-05
1.07545e+01	1.64376e-05
1.07733e+01	1.60141e-05
1.07920e+01	1.56016e-05
1.08108e+01	1.51997e-05
1.08296e+01	1.48082e-05
1.08483e+01	1.44268e-05
1.08671e+01	1.40554e-05
1.08859e+01	1.36936e-05
1.09047e+01	1.33413e-05
1.09234e+01	1.29982e-05
1.09422e+01	1.26642e-05
1.09610e+01	1.23390e-05
1.09797e+01	1.20224e-05
1.09985e+01	1.17142e-05
1.10173e+01	1.14141e-05
1.10360e+01	1.11221e-05
1.10548e+01	1.08380e-05
1.10736e+01	1.05615e-05
1.10923e+01	1.02925e-05
1.11111e+01	1.00309e-05
1.11299e+01	9.77639e-06
1.11486e+01	9.52888e-06
1.11674e+01	9.28817e-06
1.11862e+01	9.05411e-06
1.12050e+01	8.82642e-06
1.12237e+01	8.60475e-06
1.12425e+01	8.38896e-06
1.12613e+01	8.17895e-06
1.12800e+01	7.97458e-06
1.12988e+01	7.77572e-06
1.13176e+01	7.58227e-06
1.13363e+01	7.39411e-06
1.13551e+01	7.21111e-06
1.13739e+01	7.03317e-06
1.13926e+01	6.86019e-06
1.14114e+01	6.69204e-06
1.14302e+01	6.52865e-06
1.14489e+01	6.36988e-06
1.14677e+01	6.21565e-06
1.14865e+01	6.06587e-06
1.15053e+01	5.92044e-06
1.15240e+01	5.77926e-06
1.15428e+01	5.64222e-06
1.15616e+01	5.50783e-06
1.15803e+01	5.37153e-06
1.15991e+01	5.23377e-06
1.16179e+01	5.09429e-06
1.16366e+01	4.95134e-06
1.16554e+01	4.79820e-06
1.16742e+01	4.64074e-06
1.16929e+01	4.48880e-06
1.17117e+01	4.34484e-06
1.17305e+01	4.20936e-06
1.17492e+01	4.07954e-06
1.17680e+01	3.95125e-06
1.17868e+01	3.82459e-06
1.18056e+01	3.70117e-06
1.18243e+01	3.57951e-06
1.18431e+01	3.44888e-06
1.18619e+01	3.30981e-06
1.18806e+01	3.18179e-06
1.18994e+01	3.06231e-06
1.19182e+01	2.94545e-06
1.19369e+01	2.83507e-06
1.19557e+01	2.73052e-06
1.19745e+01	2.63078e-06
1.19932e+01	2.53531e-06
1.20120e+01	2.44353e-06
1.20308e+01	2.35508e-06
1.20495e+01	2.26965e-06
1.20683e+01	2.18715e-06
1.20871e+01	2.10747e-06
1.21059e+01	2.03046e-06
1.21246e+01	1.95593e-06
1.21434e+01	1.88366e-06
1.21622e+01	1.81362e-06
1.21809e+01	1.74578e-06
1.21997e+01	1.68009e-06
1.22185e+01	1.61627e-06
1.22372e+01	1.55421e-06
1.22560e+01	1.49385e-06
1.22748e+01	1.43517e-06
1.22935e+01	1.37819e-06
1.23123e+01	1.32287e-06
1.23311e+01	1.26942e-06
1.23498e+01	1.21778e-06
1.23686e+01	1.16791e-06
1.23874e+01	1.11976e-06
1.24062e+01	1.07329e-06
1.24249e+01	1.02834e-06
1.24437e+01	9.84888e-07
1.24625e+01	9.42878e-07
1.24812e+01	9.02283e-07
1.25000e+01	8.63072e-07
1.25188e+01	8.25197e-07
1.25375e+01	7.88593e-07
1.25563e+01	7.53362e-07
1.25751e+01	7.19212e-07
1.25938e+01	6.86331e-07
1.26126e+01	6.54684e-07
1.26314e+01	6.24267e-07
1.26502e+01	5.95071e-07
1.26689e+01	5.67053e-07
1.26877e+01	5.40173e-07
1.27065e+01	5.14426e-07
1.27252e+01	4.89802e-07
1.27440e+01	4.66274e-07
1.27628e+01	4.43809e-07
1.27815e+01	4.22358e-07
1.28003e+01	4.01881e-07
1.28191e+01	3.82400e-07
1.28378e+01	3.63914e-07
1.28566e+01	3.46452e-07
1.28754e+01	3.30035e-07
1.28941e+01	3.14560e-07
1.29129e+01	2.99816e-07
1.29317e+01	2.85465e-07
1.29505e+01	2.72068e-07
1.29692e+01	2.59674e-07
1.29880e+01	2.47771e-07
1.30068e+01	2.36211e-07
1.30255e+01	2.23922e-07
1.30443e+01	2.10812e-07
1.30631e+01	1.98055e-07
1.30818e+01	1.86940e-07
1.31006e+01	1.77110e-07
1.31194e+01	1.68407e-07
1.31381e+01	1.60579e-07
1.31569e+01	1.53097e-07
1.31757e+01	1.45754e-07
1.31944e+01	1.38448e-07
1.32132e+01	1.31317e-07
1.32320e+01	1.24883e-07
1.32508e+01	1.18915e-07
1.32695e+01	1.13366e-07
1.32883e+01	1.08173e-07
1.33071e+01	1.03308e-07
1.33258e+01	9.87224e-08
1.33446e+01	9.43766e-08
1.33634e+01	9.02425e-08
1.33821e+01	8.62794e-08
1.34009e+01	8.24600e-08
1.34197e+01	7.87789e-08
1.34384e+01	7.52089e-08
1.34572e+01	7.17391e-08
1.34760e+01	6.83565e-08
1.34947e+01	6.51236e-08
1.35135e+01	6.20517e-08
1.35323e+01	5.91106e-08
1.35511e+01	5.62902e-08
1.35698e+01	5.35872e-08
1.35886e+01	5.09975e-08
1.36074e+01	4.85167e-08
1.36261e+01	4.61444e-08
1.36449e+01	4.38759e-08
1.36637e+01	4.17076e-08
1.36824e+01	3.96361e-08
1.37012e+01	3.76573e-08
1.37200e+01	3.57681e-08
1.37387e+01	3.39651e-08
1.37575e+01	3.22447e-08
1.37763e+01	3.06039e-08
1.37950e+01	2.90397e-08
1.38138e+01	2.75483e-08
1.38326e+01	2.61265e-08
1.38514e+01	2.47716e-08
1.38701e+01	2.34803e-08
1.38889e+01	2.22476e-08
1.39077e+01	2.10713e-08
1.39264e+01	1.99482e-08
1.39452e+01	1.88765e-08
1.39640e+01	1.78544e-08
1.39827e+01	1.68808e-08
1.40015e+01	1.59527e-08
1.40203e+01	1.50682e-08
1.40390e+01	1.42270e-08
1.40578e+01	1.34269e-08
1.40766e+01	1.26668e-08
1.40953e+01	1.19445e-08
1.41141e+01	1.12584e-08
1.41329e+01	1.06073e-08
1.41517e+01	9.98958e-09
1.41704e+01	9.40400e-09
1.41892e+01	8.84913e-09
1.42080e+01	8.32366e-09
1.42267e+01	7.82611e-09
1.42455e+01	7.35495e-09
1.42643e+01	6.90883e-09
1.42830e+01	6.48668e-09
1.43018e+01	6.08739e-09
1.43206e+01	5.71001e-09
1.43393e+01	5.35352e-09
1.43581e+01	5.01700e-09
1.43769e+01	4.69946e-09
1.43956e+01	4.40004e-09
1.44144e+01	4.11783e-09
1.44332e+01	3.85200e-09
1.44520e+01	3.60172e-09
1.44707e+01	3.36623e-09
1.44895e+01	3.14480e-09
1.45083e+01	2.93668e-09
1.45270e+01	2.74116e-09
1.45458e+01	2.55760e-09
1.45646e+01	2.38534e-09
1.45833e+01	2.22378e-09
1.46021e+01	2.07232e-09
1.46209e+01	1.93040e-09
1.46396e+01	1.79748e-09
1.46584e+01	1.67304e-09
1.46772e+01	1.55661e-09
1.46959e+01	1.44771e-09
1.47147e+01	1.34591e-09
1.47335e+01	1.25078e-09
1.47523e+01	1.16194e-09
1.47710e+01	1.07898e-09
1.47898e+01	1.00157e-09
1.48086e+01	9.29357e-10
1.48273e+01	8.62019e-10
1.48461e+01	7.99253e-10
1.48649e+01	7.40773e-10
1.48836e+01	6.86311e-10
1.49024e+01	6.35609e-10
1.49212e+01	5.88425e-10
1.49399e+01	5.44532e-10
1.49587e+01	5.03715e-10
1.49775e+01	4.65775e-10
1.49962e+01	4.30536e-10
1.50150e+01	3.97828e-10
1.50338e+01	3.67505e-10
1.50526e+01	3.39408e-10
1.50713e+01	3.13384e-10
1.50901e+01	2.89289e-10
1.51089e+01	2.66984e-10
1.51276e+01	2.46342e-10
1.51464e+01	2.27245e-10
1.51652e+01	2.09579e-10
1.51839e+01	1.93244e-10
1.52027e+01	1.78141e-10
1.52215e+01	1.64182e-10
1.52402e+01	1.51283e-10
1.52590e+01	1.39366e-10
1.52778e+01	1.28360e-10
1.52965e+01	1.18197e-10
1.53153e+01	1.08815e-10
1.53341e+01	1.00156e-10
1.53529e+01	9.21665e-11
1.53716e+01	8.47958e-11
1.53904e+01	7.79979e-11
1.54092e+01	7.17299e-11
1.54279e+01	6.59519e-11
1.54467e+01	6.06269e-11
1.54655e+01	5.57204e-11
1.54842e+01	5.12007e-11
1.55030e+01	4.70382e-11
1.55218e+01	4.32057e-11
1.55405e+01	3.96778e-11
1.55593e+01	3.64312e-11
1.55781e+01	3.34440e-11
1.55968e+01	3.06962e-11
1.56156e+01	2.81691e-11
1.56344e+01	2.58456e-11
1.56532e+01	2.37098e-11
1.56719e+01	2.17471e-11
1.56907e+01	1.99439e-11
1.57095e+01	1.82879e-11
1.57282e+01	1.67673e-11
1.57470e+01	1.53716e-11
1.57658e+01	1.40909e-11
1.57845e+01	1.29124e-11
1.58033e+01	1.18277e-11
1.58221e+01	1.08297e-11
1.58408e+01	9.91184e-12
1.58596e+01	9.06821e-12
1.58784e+01	8.29306e-12
1.58971e+01	7.58110e-12
1.59159e+01	6.92753e-12
1.59347e+01	6.32777e-12
1.59535e+01	5.77758e-12
1.59722e+01	5.27310e-12
1.59910e+01	4.81077e-12
1.60098e+01	4.38738e-12
1.60285e+01	3.99993e-12
1.60473e+01	3.64556e-12
1.60661e+01	3.32157e-12
1.60848e+01	3.02550e-12
1.61036e+01	2.75503e-12
1.61224e+01	2.50800e-12
1.61411e+01	2.28246e-12
1.61599e+01	2.07661e-12
1.61787e+01	1.88879e-12
1.61974e+01	1.71747e-12
1.62162e+01	1.56126e-12
1.62350e+01	1.41886e-12
1.62538e+01	1.28908e-12
1.62725e+01	1.17085e-12
1.62913e+01	1.06317e-12
1.63101e+01	9.65142e-13
1.63288e+01	8.75904e-13
1.63476e+01	7.94704e-13
1.63664e+01	7.20842e-13
1.63851e+01	6.53666e-13
1.64039e+01	5.92596e-13
1.64227e+01	5.37093e-13
1.64414e+01	4.86658e-13
1.64602e+01	4.40847e-13
1.64790e+01	3.99249e-13
1.64977e+01	3.61482e-13
1.65165e+01	3.27203e-13
1.65353e+01	2.96096e-13
1.65541e+01	2.67872e-13
1.65728e+01	2.42272e-13
1.65916e+01	2.19061e-13
1.66104e+01	1.98021e-13
1.66291e+01	1.78955e-13
1.66479e+01	1.61681e-13
1.66667e+01	1.46036e-13
1.66854e+01	1.31870e-13
1.67042e+01	1.19047e-13
1.67230e+01	1.07444e-13
1.67417e+01	9.69460e-14
1.67605e+01	8.74516e-14
1.67793e+01	7.88668e-14
1.67980e+01	7.11068e-14
1.68168e+01	6.40939e-14
1.68356e+01	5.77578e-14
1.68544e+01	5.20350e-14
1.68731e+01	4.68675e-14
1.68919e+01	4.22026e-14
1.69107e+01	3.79927e-14
1.69294e+01	3.41941e-14
1.69482e+01	3.07676e-14
1.69670e+01	2.76775e-14
1.69857e+01	2.48917e-14
1.70045e+01	2.23808e-14
1.70233e+01	2.01185e-14
1.70420e+01	1.80808e-14
1.70608e+01	1.62458e-14
1.70796e+01	1.45939e-14
1.70983e+01	1.31072e-14
1.71171e+01	1.17694e-14
1.71359e+01	1.05660e-14
1.71547e+01	9.48363e-15
1.71734e+01	8.51033e-15
1.71922e+01	7.63533e-15
1.72110e+01	6.84888e-15
1.72297e+01	6.14217e-15
1.72485e+01	5.50726e-15
1.72673e+01	4.93698e-15
1.72860e+01	4.42487e-15
1.73048e+01	3.96510e-15
1.73236e+01	3.55239e-15
1.73423e+01	3.18200e-15
1.73611e+01	2.84966e-15
1.73799e+01	2.55154e-15
1.73986e+01	2.28415e-15
1.74174e+01	2.04439e-15
1.74362e+01	1.82945e-15
1.74550e+01	1.63678e-15
1.74737e+01	1.46413e-15
1.74925e+01	1.30943e-15
1.75113e+01	1.17085e-15
1.75300e+01	1.04673e-15
1.75488e+01	9.35594e-16
1.75676e+01	8.36090e-16
1.75863e+01	7.47020e-16
1.76051e+01	6.67307e-16
1.76239e+01	5.95983e-16
1.76426e+01	5.32177e-16
1.76614e+01	4.75110e-16
1.76802e+01	4.24080e-16
1.76989e+01	3.78458e-16
1.77177e+01	3.37678e-16
1.77365e+01	3.01235e-16
1.77553e+01	2.68674e-16
1.77740e+01	2.39587e-16
1.77928e+01	2.13608e-16
1.78116e+01	1.90409e-16
1.78303e+01	1.69696e-16
1.78491e+01	1.51208e-16
1.78679e+01	1.34708e-16
1.78866e+01	1.19985e-16
1.79054e+01	1.06851e-16
1.79242e+01	9.51352e-17
1.79429e+01	8.46876e-17
1.79617e+01	7.53727e-17
1.79805e+01	6.70697e-17
1.79992e+01	5.96707e-17
1.80180e+01	5.30789e-17
1.80368e+01	4.72075e-17
1.80556e+01	4.19789e-17
1.80743e+01	3.73238e-17
1.80931e+01	3.31799e-17
1.81119e+01	2.94918e-17
1.81306e+01	2.62101e-17
1.81494e+01	2.32902e-17
1.81682e+01	2.06930e-17
1.81869e+01	1.83830e-17
1.82057e+01	1.63287e-17
1.82245e+01	1.45023e-17
1.82432e+01	1.28788e-17
1.82620e+01	1.14359e-17
1.82808e+01	1.01539e-17
1.82995e+01	9.01500e-18
1.83183e+01	8.00364e-18
1.83371e+01	7.10574e-18
1.83559e+01	6.30885e-18
1.83746e+01	5.60182e-18
1.83934e+01	4.97479e-18
1.84122e+01	4.41898e-18
1.84309e+01	3.92660e-18
1.84497e+01	3.49073e-18
1.84685e+01	3.10521e-18
1.84872e+01	2.76457e-18
1.85060e+01	2.46398e-18
1.85248e+01	2.19920e-18
1.85435e+01	1.96645e-18
1.85623e+01	1.76241e-18
1.85811e+01	1.58415e-18
1.85998e+01	1.42911e-18
1.86186e+01	1.29507e-18
1.86374e+01	1.18008e-18
1.86562e+01	1.08249e-18
1.86749e+01	1.00087e-18
1.86937e+01	9.34032e-19
1.87125e+01	8.80985e-19
1.87312e+01	8.40902e-19
1.87500e+01	8.13382e-19
1.87688e+01	7.95293e-19
