# The ell = 1 distribution, the first anisotropy.
# E_N [Td]	2.00000e+01
# col_1: Electron Energy [eV], col_2: f1 [eV^(-3/2)]
eV	f1
2.33905e-02	5.75624e-04
4.67810e-02	9.00369e-04
7.01715e-02	1.07693e-03
9.35620e-02	1.19042e-03
1.16953e-01	1.25655e-03
1.40343e-01	1.30776e-03
1.63734e-01	1.35622e-03
1.87124e-01	1.40331e-03
2.10515e-01	1.45575e-03
2.33905e-01	1.51034e-03
2.57296e-01	1.56852e-03
2.80686e-01	1.63829e-03
3.04077e-01	1.72520e-03
3.27467e-01	1.80411e-03
3.50858e-01	1.88708e-03
3.74248e-01	1.97916e-03
3.97639e-01	2.08753e-03
4.21029e-01	2.21289e-03
4.44420e-01	2.35695e-03
4.67810e-01	2.51637e-03
4.91201e-01	2.69124e-03
5.14591e-01	2.88162e-03
5.37982e-01	3.09764e-03
5.61372e-01	3.34248e-03
5.84763e-01	3.61479e-03
6.08153e-01	3.91938e-03
6.31544e-01	4.25111e-03
6.54934e-01	4.63045e-03
6.78325e-01	5.05674e-03
7.01715e-01	5.52529e-03
7.25106e-01	6.05096e-03
7.48496e-01	6.62052e-03
7.71887e-01	7.19952e-03
7.95277e-01	7.78922e-03
8.18668e-01	8.39280e-03
8.42058e-01	9.00503e-03
8.65449e-01	9.62565e-03
8.88839e-01	1.02653e-02
9.12230e-01	1.09474e-02
9.35620e-01	1.16713e-02
9.59011e-01	1.24347e-02
9.82401e-01	1.32547e-02
1.00579e+00	1.41360e-02
1.02918e+00	1.50492e-02
1.05257e+00	1.59849e-02
1.07596e+00	1.69600e-02
1.09935e+00	1.79640e-02
1.12274e+00	1.89370e-02
1.14613e+00	1.98835e-02
1.16953e+00	2.08304e-02
1.19292e+00	2.17636e-02
1.21631e+00	2.26859e-02
1.23970e+00	2.36151e-02
1.26309e+00	2.45571e-02
1.28648e+00	2.55103e-02
1.30987e+00	2.64709e-02
1.33326e+00	2.74702e-02
1.35665e+00	2.85117e-02
1.38004e+00	2.95480e-02
1.40343e+00	3.04883e-02
1.42682e+00	3.13671e-02
1.45021e+00	3.21876e-02
1.47360e+00	3.29546e-02
1.49699e+00	3.36983e-02
1.52038e+00	3.44161e-02
1.54377e+00	3.51090e-02
1.56716e+00	3.58424e-02
1.59055e+00	3.66626e-02
1.61395e+00	3.75619e-02
1.63734e+00	3.85465e-02
1.66073e+00	3.95906e-02
1.68412e+00	4.06451e-02
1.70751e+00	4.17039e-02
1.73090e+00	4.27701e-02
1.75429e+00	4.37555e-02
1.77768e+00	4.45580e-02
1.80107e+00	4.51820e-02
1.82446e+00	4.55947e-02
1.84785e+00	4.58121e-02
1.87124e+00	4.58858e-02
1.89463e+00	4.57526e-02
1.91802e+00	4.54016e-02
1.94141e+00	4.48639e-02
1.96480e+00	4.41358e-02
1.98819e+00	4.32680e-02
2.01158e+00	4.22642e-02
2.03497e+00	4.12309e-02
2.05836e+00	4.02310e-02
2.08176e+00	3.92551e-02
2.10515e+00	3.82990e-02
2.12854e+00	3.72743e-02
2.15193e+00	3.60908e-02
2.17532e+00	3.48890e-02
2.19871e+00	3.36866e-02
2.22210e+00	3.25007e-02
2.24549e+00	3.13677e-02
2.26888e+00	3.02939e-02
2.29227e+00	2.92566e-02
2.31566e+00	2.82489e-02
2.33905e+00	2.72562e-02
2.36244e+00	2.62906e-02
2.38583e+00	2.53327e-02
2.40922e+00	2.43974e-02
2.43261e+00	2.35150e-02
2.45600e+00	2.25950e-02
2.47939e+00	2.16238e-02
2.50278e+00	2.06606e-02
2.52617e+00	1.97457e-02
2.54957e+00	1.88877e-02
2.57296e+00	1.80968e-02
2.59635e+00	1.73812e-02
2.61974e+00	1.67167e-02
2.64313e+00	1.60548e-02
2.66652e+00	1.54041e-02
2.68991e+00	1.47691e-02
2.71330e+00	1.41472e-02
2.73669e+00	1.35788e-02
2.76008e+00	1.30850e-02
2.78347e+00	1.26213e-02
2.80686e+00	1.21718e-02
2.83025e+00	1.17306e-02
2.85364e+00	1.12769e-02
2.87703e+00	1.08037e-02
2.90042e+00	1.03333e-02
2.92381e+00	9.90345e-03
2.94720e+00	9.51470e-03
2.97059e+00	9.16715e-03
2.99398e+00	8.86784e-03
3.01738e+00	8.59467e-03
3.04077e+00	8.32402e-03
3.06416e+00	8.05452e-03
3.08755e+00	7.78877e-03
3.11094e+00	7.53063e-03
3.13433e+00	7.28724e-03
3.15772e+00	7.06288e-03
3.18111e+00	6.85002e-03
3.20450e+00	6.64371e-03
3.22789e+00	6.44378e-03
3.25128e+00	6.25001e-03
3.27467e+00	6.06206e-03
3.29806e+00	5.88514e-03
3.32145e+00	5.72119e-03
3.34484e+00	5.57136e-03
3.36823e+00	5.43298e-03
3.39162e+00	5.30516e-03
3.41501e+00	5.18681e-03
3.43840e+00	5.07455e-03
3.46180e+00	4.96705e-03
3.48519e+00	4.86452e-03
3.50858e+00	4.76757e-03
3.53197e+00	4.67503e-03
3.55536e+00	4.58619e-03
3.57875e+00	4.49959e-03
3.60214e+00	4.41457e-03
3.62553e+00	4.33279e-03
3.64892e+00	4.25405e-03
3.67231e+00	4.17834e-03
3.69570e+00	4.10594e-03
3.71909e+00	4.03668e-03
3.74248e+00	3.97127e-03
3.76587e+00	3.90996e-03
3.78926e+00	3.85307e-03
3.81265e+00	3.80070e-03
3.83604e+00	3.75264e-03
3.85943e+00	3.70875e-03
3.88282e+00	3.66762e-03
3.90621e+00	3.62819e-03
3.92961e+00	3.59036e-03
3.95300e+00	3.55407e-03
3.97639e+00	3.51935e-03
3.99978e+00	3.48629e-03
4.02317e+00	3.45429e-03
4.04656e+00	3.42289e-03
4.06995e+00	3.39171e-03
4.09334e+00	3.36079e-03
4.11673e+00	3.33006e-03
4.14012e+00	3.29951e-03
4.16351e+00	3.26911e-03
4.18690e+00	3.23884e-03
4.21029e+00	3.20869e-03
4.23368e+00	3.17863e-03
4.25707e+00	3.14869e-03
4.28046e+00	3.11877e-03
4.30385e+00	3.08876e-03
4.32724e+00	3.05867e-03
4.35063e+00	3.02849e-03
4.37402e+00	2.99824e-03
4.39742e+00	2.96798e-03
4.42081e+00	2.93770e-03
4.44420e+00	2.90761e-03
4.46759e+00	2.87766e-03
4.49098e+00	2.84788e-03
4.51437e+00	2.81827e-03
4.53776e+00	2.78883e-03
4.56115e+00	2.75991e-03
4.58454e+00	2.73161e-03
4.60793e+00	2.70394e-03
4.63132e+00	2.67689e-03
4.65471e+00	2.65060e-03
4.67810e+00	2.62525e-03
4.70149e+00	2.60081e-03
4.72488e+00	2.57727e-03
4.74827e+00	2.55463e-03
4.77166e+00	2.53288e-03
4.79505e+00	2.51199e-03
4.81844e+00	2.49197e-03
4.84184e+00	2.47282e-03
4.86523e+00	2.45475e-03
4.88862e+00	2.43775e-03
4.91201e+00	2.42180e-03
4.93540e+00	2.40675e-03
4.95879e+00	2.39237e-03
4.98218e+00	2.37859e-03
5.00557e+00	2.36535e-03
5.02896e+00	2.35265e-03
5.05235e+00	2.34040e-03
5.07574e+00	2.32854e-03
5.09913e+00	2.31707e-03
5.12252e+00	2.30593e-03
5.14591e+00	2.29488e-03
5.16930e+00	2.28390e-03
5.19269e+00	2.27298e-03
5.21608e+00	2.26214e-03
5.23947e+00	2.25137e-03
5.26286e+00	2.24068e-03
5.28625e+00	2.23005e-03
5.30965e+00	2.21949e-03
5.33304e+00	2.20901e-03
5.35643e+00	2.19859e-03
5.37982e+00	2.18824e-03
5.40321e+00	2.17797e-03
5.42660e+00	2.16776e-03
5.44999e+00	2.15762e-03
5.47338e+00	2.14755e-03
5.49677e+00	2.13755e-03
5.52016e+00	2.12762e-03
5.54355e+00	2.11776e-03
5.56694e+00	2.10796e-03
5.59033e+00	2.09823e-03
5.61372e+00	2.08857e-03
5.63711e+00	2.07897e-03
5.66050e+00	2.06944e-03
5.68389e+00	2.05998e-03
5.70728e+00	2.05058e-03
5.73067e+00	2.04125e-03
5.75406e+00	2.03198e-03
5.77746e+00	2.02278e-03
5.80085e+00	2.01365e-03
5.82424e+00	2.00458e-03
5.84763e+00	1.99558e-03
5.87102e+00	1.98664e-03
5.89441e+00	1.97777e-03
5.91780e+00	1.96895e-03
5.94119e+00	1.96020e-03
5.96458e+00	1.95151e-03
5.98797e+00	1.94289e-03
6.01136e+00	1.93434e-03
6.03475e+00	1.92585e-03
6.05814e+00	1.91739e-03
6.08153e+00	1.90901e-03
6.10492e+00	1.90069e-03
6.12831e+00	1.89244e-03
6.15170e+00	1.88424e-03
6.17509e+00	1.87611e-03
6.19848e+00	1.86803e-03
6.22188e+00	1.86002e-03
6.24527e+00	1.85206e-03
6.26866e+00	1.84417e-03
6.29205e+00	1.83633e-03
6.31544e+00	1.82856e-03
6.33883e+00	1.82084e-03
6.36222e+00	1.81318e-03
6.38561e+00	1.80557e-03
6.40900e+00	1.79802e-03
6.43239e+00	1.79053e-03
6.45578e+00	1.78310e-03
6.47917e+00	1.77572e-03
6.50256e+00	1.76840e-03
6.52595e+00	1.76113e-03
6.54934e+00	1.75392e-03
6.57273e+00	1.74676e-03
6.59612e+00	1.73966e-03
6.61951e+00	1.73261e-03
6.64290e+00	1.72562e-03
6.66629e+00	1.71868e-03
6.68969e+00	1.71179e-03
6.71308e+00	1.70496e-03
6.73647e+00	1.69818e-03
6.75986e+00	1.69143e-03
6.78325e+00	1.68472e-03
6.80664e+00	1.67805e-03
6.83003e+00	1.67141e-03
6.85342e+00	1.66481e-03
6.87681e+00	1.65824e-03
6.90020e+00	1.65170e-03
6.92359e+00	1.64523e-03
6.94698e+00	1.63874e-03
6.97037e+00	1.63227e-03
6.99376e+00	1.62586e-03
7.01715e+00	1.61948e-03
7.04054e+00	1.61313e-03
7.06393e+00	1.60687e-03
7.08732e+00	1.60059e-03
7.11071e+00	1.59435e-03
7.13410e+00	1.58816e-03
7.15750e+00	1.58201e-03
7.18089e+00	1.57590e-03
7.20428e+00	1.56983e-03
7.22767e+00	1.56380e-03
7.25106e+00	1.55782e-03
7.27445e+00	1.55189e-03
7.29784e+00	1.54600e-03
7.32123e+00	1.54017e-03
7.34462e+00	1.53439e-03
7.36801e+00	1.52866e-03
7.39140e+00	1.52293e-03
7.41479e+00	1.51720e-03
7.43818e+00	1.51146e-03
7.46157e+00	1.50572e-03
7.48496e+00	1.49997e-03
7.50835e+00	1.49423e-03
7.53174e+00	1.48849e-03
7.55513e+00	1.48274e-03
7.57852e+00	1.47698e-03
7.60191e+00	1.47121e-03
7.62531e+00	1.46544e-03
7.64870e+00	1.45966e-03
7.67209e+00	1.45387e-03
7.69548e+00	1.44808e-03
7.71887e+00	1.44228e-03
7.74226e+00	1.43647e-03
7.76565e+00	1.43064e-03
7.78904e+00	1.42473e-03
7.81243e+00	1.41874e-03
7.83582e+00	1.41263e-03
7.85921e+00	1.40640e-03
7.88260e+00	1.40006e-03
7.90599e+00	1.39359e-03
7.92938e+00	1.38701e-03
7.95277e+00	1.38031e-03
7.97616e+00	1.37351e-03
7.99955e+00	1.36659e-03
8.02294e+00	1.35956e-03
8.04633e+00	1.35240e-03
8.06973e+00	1.34511e-03
8.09312e+00	1.33770e-03
8.11651e+00	1.33017e-03
8.13990e+00	1.32252e-03
8.16329e+00	1.31476e-03
8.18668e+00	1.30689e-03
8.21007e+00	1.29892e-03
8.23346e+00	1.29084e-03
8.25685e+00	1.28260e-03
8.28024e+00	1.27421e-03
8.30363e+00	1.26567e-03
8.32702e+00	1.25697e-03
8.35041e+00	1.24810e-03
8.37380e+00	1.23905e-03
8.39719e+00	1.22985e-03
8.42058e+00	1.22049e-03
8.44397e+00	1.21098e-03
8.46736e+00	1.20131e-03
8.49075e+00	1.19138e-03
8.51414e+00	1.18125e-03
8.53754e+00	1.17096e-03
8.56093e+00	1.16055e-03
8.58432e+00	1.15004e-03
8.60771e+00	1.13943e-03
8.63110e+00	1.12875e-03
8.65449e+00	1.11798e-03
8.67788e+00	1.10713e-03
8.70127e+00	1.09622e-03
8.72466e+00	1.08525e-03
8.74805e+00	1.07421e-03
8.77144e+00	1.06311e-03
8.79483e+00	1.05197e-03
8.81822e+00	1.04077e-03
8.84161e+00	1.02952e-03
8.86500e+00	1.01823e-03
8.88839e+00	1.00691e-03
8.91178e+00	9.95552e-04
8.93517e+00	9.84176e-04
8.95856e+00	9.72750e-04
8.98195e+00	9.61316e-04
9.00535e+00	9.49882e-04
9.02874e+00	9.38479e-04
9.05213e+00	9.27142e-04
9.07552e+00	9.15882e-04
9.09891e+00	9.04698e-04
9.12230e+00	8.93593e-04
9.14569e+00	8.82568e-04
9.16908e+00	8.71623e-04
9.19247e+00	8.60759e-04
9.21586e+00	8.49976e-04
9.23925e+00	8.39274e-04
9.26264e+00	8.28654e-04
9.28603e+00	8.18119e-04
9.30942e+00	8.07663e-04
9.33281e+00	7.97292e-04
9.35620e+00	7.87005e-04
9.37959e+00	7.76803e-04
9.40298e+00	7.66685e-04
9.42637e+00	7.56653e-04
9.44977e+00	7.46707e-04
9.47316e+00	7.36847e-04
9.49655e+00	7.27073e-04
9.51994e+00	7.17388e-04
9.54333e+00	7.07789e-04
9.56672e+00	6.98279e-04
9.59011e+00	6.88851e-04
9.61350e+00	6.79500e-04
9.63689e+00	6.70238e-04
9.66028e+00	6.61043e-04
9.68367e+00	6.51929e-04
9.70706e+00	6.42889e-04
9.73045e+00	6.33922e-04
9.75384e+00	6.25031e-04
9.77723e+00	6.16214e-04
9.80062e+00	6.07473e-04
9.82401e+00	5.98806e-04
9.84740e+00	5.90216e-04
9.87079e+00	5.81702e-04
9.89418e+00	5.73266e-04
9.91758e+00	5.64908e-04
9.94097e+00	5.56628e-04
9.96436e+00	5.48428e-04
9.98775e+00	5.40290e-04
1.00111e+01	5.32323e-04
1.00345e+01	5.24345e-04
1.00579e+01	5.16494e-04
1.00813e+01	5.08765e-04
1.01047e+01	5.01149e-04
1.01281e+01	4.93648e-04
1.01515e+01	4.86259e-04
1.01749e+01	4.78981e-04
1.01983e+01	4.71811e-04
1.02217e+01	4.64748e-04
1.02450e+01	4.57790e-04
1.02684e+01	4.50936e-04
1.02918e+01	4.44184e-04
1.03152e+01	4.37533e-04
1.03386e+01	4.30982e-04
1.03620e+01	4.24530e-04
1.03854e+01	4.18175e-04
1.04088e+01	4.11917e-04
1.04322e+01	4.05755e-04
1.04556e+01	3.99687e-04
1.04789e+01	3.93712e-04
1.05023e+01	3.87829e-04
1.05257e+01	3.82037e-04
1.05491e+01	3.76335e-04
1.05725e+01	3.70708e-04
1.05959e+01	3.65212e-04
1.06193e+01	3.59736e-04
1.06427e+01	3.54346e-04
1.06661e+01	3.49049e-04
1.06895e+01	3.43836e-04
1.07129e+01	3.38705e-04
1.07362e+01	3.33656e-04
1.07596e+01	3.28689e-04
1.07830e+01	3.23801e-04
1.08064e+01	3.18992e-04
1.08298e+01	3.14261e-04
1.08532e+01	3.09607e-04
1.08766e+01	3.05029e-04
1.09000e+01	3.00526e-04
1.09234e+01	2.96098e-04
1.09468e+01	2.91743e-04
1.09701e+01	2.87461e-04
1.09935e+01	2.83251e-04
1.10169e+01	2.79112e-04
1.10403e+01	2.75044e-04
1.10637e+01	2.71046e-04
1.10871e+01	2.67117e-04
1.11105e+01	2.63257e-04
1.11339e+01	2.59465e-04
1.11573e+01	2.55740e-04
1.11807e+01	2.52081e-04
1.12041e+01	2.48487e-04
1.12274e+01	2.44950e-04
1.12508e+01	2.41472e-04
1.12742e+01	2.38051e-04
1.12976e+01	2.34686e-04
1.13210e+01	2.31378e-04
1.13444e+01	2.28126e-04
1.13678e+01	2.24929e-04
1.13912e+01	2.21787e-04
1.14146e+01	2.18699e-04
1.14380e+01	2.15666e-04
1.14613e+01	2.12685e-04
1.14847e+01	2.09757e-04
1.15081e+01	2.06882e-04
1.15315e+01	2.04058e-04
1.15549e+01	2.01285e-04
1.15783e+01	1.98435e-04
1.16017e+01	1.95485e-04
1.16251e+01	1.92421e-04
1.16485e+01	1.89078e-04
1.16719e+01	1.85443e-04
1.16953e+01	1.81881e-04
1.17186e+01	1.78482e-04
1.17420e+01	1.75242e-04
1.17654e+01	1.72029e-04
1.17888e+01	1.68779e-04
1.18122e+01	1.65564e-04
1.18356e+01	1.62283e-04
1.18590e+01	1.58382e-04
1.18824e+01	1.54742e-04
1.19058e+01	1.51296e-04
1.19292e+01	1.47908e-04
1.19525e+01	1.44675e-04
1.19759e+01	1.41556e-04
1.19993e+01	1.38528e-04
1.20227e+01	1.35569e-04
1.20461e+01	1.32667e-04
1.20695e+01	1.29818e-04
1.20929e+01	1.27020e-04
1.21163e+01	1.24267e-04
1.21397e+01	1.21551e-04
1.21631e+01	1.18870e-04
1.21865e+01	1.16225e-04
1.22098e+01	1.13613e-04
1.22332e+01	1.11022e-04
1.22566e+01	1.08450e-04
1.22800e+01	1.05898e-04
1.23034e+01	1.03368e-04
1.23268e+01	1.00869e-04
1.23502e+01	9.84068e-05
1.23736e+01	9.59810e-05
1.23970e+01	9.35924e-05
1.24204e+01	9.12363e-05
1.24438e+01	8.89102e-05
1.24671e+01	8.66134e-05
1.24905e+01	8.43465e-05
1.25139e+01	8.21096e-05
1.25373e+01	7.99015e-05
1.25607e+01	7.77262e-05
1.25841e+01	7.55734e-05
1.26075e+01	7.34570e-05
1.26309e+01	7.13779e-05
1.26543e+01	6.93400e-05
1.26777e+01	6.73430e-05
1.27010e+01	6.53873e-05
1.27244e+01	6.34784e-05
1.27478e+01	6.16174e-05
1.27712e+01	5.98048e-05
1.27946e+01	5.80393e-05
1.28180e+01	5.63243e-05
1.28414e+01	5.46670e-05
1.28648e+01	5.30771e-05
1.28882e+01	5.15600e-05
1.29116e+01	5.00917e-05
1.29350e+01	4.86321e-05
1.29583e+01	4.72564e-05
1.29817e+01	4.59438e-05
1.30051e+01	4.46453e-05
1.30285e+01	4.32175e-05
1.30519e+01	4.16302e-05
1.30753e+01	4.01551e-05
1.30987e+01	3.88622e-05
1.31221e+01	3.77206e-05
1.31455e+01	3.66842e-05
1.31689e+01	3.56537e-05
1.31922e+01	3.45972e-05
1.32156e+01	3.35366e-05
1.32390e+01	3.25749e-05
1.32624e+01	3.16702e-05
1.32858e+01	3.08104e-05
1.33092e+01	2.99957e-05
1.33326e+01	2.92157e-05
1.33560e+01	2.84624e-05
1.33794e+01	2.77289e-05
1.34028e+01	2.70067e-05
1.34262e+01	2.62950e-05
1.34495e+01	2.55866e-05
1.34729e+01	2.48771e-05
1.34963e+01	2.41822e-05
1.35197e+01	2.35081e-05
1.35431e+01	2.28478e-05
1.35665e+01	2.22007e-05
1.35899e+01	2.15666e-05
1.36133e+01	2.09456e-05
1.36367e+01	2.03384e-05
1.36601e+01	1.97447e-05
1.36834e+01	1.91645e-05
1.37068e+01	1.85976e-05
1.37302e+01	1.80440e-05
1.37536e+01	1.75034e-05
1.37770e+01	1.69758e-05
1.38004e+01	1.64609e-05
1.38238e+01	1.59584e-05
1.38472e+01	1.54679e-05
1.38706e+01	1.49892e-05
1.38940e+01	1.45208e-05
1.39174e+01	1.40625e-05
1.39407e+01	1.36138e-05
1.39641e+01	1.31746e-05
1.39875e+01	1.27455e-05
1.40109e+01	1.23256e-05
1.40343e+01	1.19152e-05
1.40577e+01	1.15147e-05
1.40811e+01	1.11239e-05
1.41045e+01	1.07427e-05
1.41279e+01	1.03709e-05
1.41513e+01	1.00086e-05
1.41746e+01	9.65579e-06
1.41980e+01	9.31228e-06
1.42214e+01	8.97803e-06
1.42448e+01	8.65264e-06
1.42682e+01	8.33579e-06
1.42916e+01	8.02743e-06
1.43150e+01	7.72749e-06
1.43384e+01	7.43594e-06
1.43618e+01	7.15272e-06
1.43852e+01	6.87773e-06
1.44086e+01	6.61087e-06
1.44319e+01	6.35206e-06
1.44553e+01	6.10115e-06
1.44787e+01	5.85808e-06
1.45021e+01	5.62274e-06
1.45255e+01	5.39498e-06
1.45489e+01	5.17467e-06
1.45723e+01	4.96169e-06
1.45957e+01	4.75588e-06
1.46191e+01	4.55710e-06
1.46425e+01	4.36520e-06
1.46658e+01	4.18001e-06
1.46892e+01	4.00138e-06
1.47126e+01	3.82915e-06
1.47360e+01	3.66316e-06
1.47594e+01	3.50326e-06
1.47828e+01	3.34927e-06
1.48062e+01	3.20104e-06
1.48296e+01	3.05839e-06
1.48530e+01	2.92117e-06
1.48764e+01	2.78923e-06
1.48998e+01	2.66241e-06
1.49231e+01	2.54055e-06
1.49465e+01	2.42350e-06
1.49699e+01	2.31110e-06
1.49933e+01	2.20326e-06
1.50167e+01	2.09988e-06
1.50401e+01	2.00092e-06
1.50635e+01	1.90626e-06
1.50869e+01	1.81574e-06
1.51103e+01	1.72921e-06
1.51337e+01	1.64650e-06
1.51570e+01	1.56747e-06
1.51804e+01	1.49197e-06
1.52038e+01	1.41986e-06
1.52272e+01	1.35100e-06
1.52506e+01	1.28526e-06
1.52740e+01	1.22252e-06
1.52974e+01	1.16264e-06
1.53208e+01	1.10551e-06
1.53442e+01	1.05102e-06
1.53676e+01	9.99048e-07
1.53910e+01	9.49499e-07
1.54143e+01	9.02267e-07
1.54377e+01	8.57253e-07
1.54611e+01	8.14364e-07
1.54845e+01	7.73507e-07
1.55079e+01	7.34595e-07
1.55313e+01	6.97544e-07
1.55547e+01	6.62273e-07
1.55781e+01	6.28702e-07
1.56015e+01	5.96758e-07
1.56249e+01	5.66366e-07
1.56482e+01	5.37457e-07
1.56716e+01	5.09967e-07
1.56950e+01	4.83832e-07
1.57184e+01	4.58991e-07
1.57418e+01	4.35387e-07
1.57652e+01	4.12963e-07
1.57886e+01	3.91590e-07
1.58120e+01	3.71199e-07
1.58354e+01	3.51753e-07
1.58588e+01	3.33216e-07
1.58822e+01	3.15551e-07
1.59055e+01	2.98725e-07
1.59289e+01	2.82704e-07
1.59523e+01	2.67453e-07
1.59757e+01	2.52943e-07
1.59991e+01	2.39145e-07
1.60225e+01	2.26036e-07
1.60459e+01	2.13592e-07
1.60693e+01	2.01783e-07
1.60927e+01	1.90584e-07
1.61161e+01	1.79965e-07
1.61395e+01	1.69897e-07
1.61628e+01	1.60357e-07
1.61862e+01	1.51317e-07
1.62096e+01	1.42756e-07
1.62330e+01	1.34649e-07
1.62564e+01	1.26974e-07
1.62798e+01	1.19710e-07
1.63032e+01	1.12837e-07
1.63266e+01	1.06336e-07
1.63500e+01	1.00188e-07
1.63734e+01	9.43753e-08
1.63967e+01	8.88807e-08
1.64201e+01	8.36891e-08
1.64435e+01	7.87839e-08
1.64669e+01	7.41512e-08
1.64903e+01	6.97768e-08
1.65137e+01	6.56468e-08
1.65371e+01	6.17482e-08
1.65605e+01	5.80681e-08
1.65839e+01	5.45956e-08
1.66073e+01	5.13199e-08
1.66307e+01	4.82304e-08
1.66540e+01	4.53172e-08
1.66774e+01	4.25708e-08
1.67008e+01	3.99825e-08
1.67242e+01	3.75437e-08
1.67476e+01	3.52464e-08
1.67710e+01	3.30828e-08
1.67944e+01	3.10456e-08
1.68178e+01	2.91278e-08
1.68412e+01	2.73229e-08
1.68646e+01	2.56246e-08
1.68879e+01	2.40270e-08
1.69113e+01	2.25245e-08
1.69347e+01	2.11116e-08
1.69581e+01	1.97834e-08
1.69815e+01	1.85351e-08
1.70049e+01	1.73621e-08
1.70283e+01	1.62603e-08
1.70517e+01	1.52257e-08
1.70751e+01	1.42544e-08
1.70985e+01	1.33428e-08
1.71219e+01	1.24874e-08
1.71452e+01	1.16849e-08
1.71686e+01	1.09322e-08
1.71920e+01	1.02262e-08
1.72154e+01	9.56422e-09
1.72388e+01	8.94365e-09
1.72622e+01	8.36200e-09
1.72856e+01	7.81693e-09
1.73090e+01	7.30624e-09
1.73324e+01	6.82783e-09
1.73558e+01	6.37973e-09
1.73791e+01	5.96010e-09
1.74025e+01	5.56722e-09
1.74259e+01	5.19943e-09
1.74493e+01	4.85519e-09
1.74727e+01	4.53303e-09
1.74961e+01	4.23160e-09
1.75195e+01	3.94959e-09
1.75429e+01	3.68582e-09
1.75663e+01	3.43911e-09
1.75897e+01	3.20840e-09
1.76131e+01	2.99268e-09
1.76364e+01	2.79103e-09
1.76598e+01	2.60255e-09
1.76832e+01	2.42642e-09
1.77066e+01	2.26185e-09
1.77300e+01	2.10811e-09
1.77534e+01	1.96451e-09
1.77768e+01	1.83041e-09
1.78002e+01	1.70519e-09
1.78236e+01	1.58828e-09
1.78470e+01	1.47916e-09
1.78703e+01	1.37731e-09
1.78937e+01	1.28228e-09
1.79171e+01	1.19361e-09
1.79405e+01	1.11090e-09
1.79639e+01	1.03375e-09
1.79873e+01	9.61812e-10
1.80107e+01	8.94753e-10
1.80341e+01	8.32256e-10
1.80575e+01	7.74023e-10
1.80809e+01	7.19773e-10
1.81043e+01	6.69243e-10
1.81276e+01	6.22186e-10
1.81510e+01	5.78366e-10
1.81744e+01	5.37571e-10
1.81978e+01	4.99591e-10
1.82212e+01	4.64237e-10
1.82446e+01	4.31333e-10
1.82680e+01	4.00711e-10
1.82914e+01	3.72219e-10
1.83148e+01	3.45712e-10
1.83382e+01	3.21054e-10
1.83615e+01	2.98121e-10
1.83849e+01	2.76793e-10
1.84083e+01	2.56961e-10
1.84317e+01	2.38522e-10
1.84551e+01	2.21381e-10
1.84785e+01	2.05449e-10
1.85019e+01	1.90641e-10
1.85253e+01	1.76880e-10
1.85487e+01	1.64094e-10
1.85721e+01	1.52213e-10
1.85955e+01	1.41177e-10
1.86188e+01	1.30925e-10
1.86422e+01	1.21403e-10
1.86656e+01	1.12561e-10
1.86890e+01	1.04351e-10
1.87124e+01	9.67282e-11
1.87358e+01	8.96519e-11
1.87592e+01	8.30838e-11
1.87826e+01	7.69879e-11
1.88060e+01	7.13310e-11
1.88294e+01	6.60822e-11
1.88527e+01	6.12127e-11
1.88761e+01	5.66957e-11
1.88995e+01	5.25059e-11
1.89229e+01	4.86201e-11
1.89463e+01	4.50168e-11
1.89697e+01	4.16758e-11
1.89931e+01	3.85785e-11
1.90165e+01	3.57078e-11
1.90399e+01	3.30475e-11
1.90633e+01	3.05825e-11
1.90867e+01	2.82990e-11
1.91100e+01	2.61837e-11
1.91334e+01	2.42245e-11
1.91568e+01	2.24100e-11
1.91802e+01	2.07296e-11
1.92036e+01	1.91736e-11
1.92270e+01	1.77329e-11
1.92504e+01	1.63991e-11
1.92738e+01	1.51644e-11
1.92972e+01	1.40215e-11
1.93206e+01	1.29637e-11
1.93439e+01	1.19847e-11
1.93673e+01	1.10787e-11
1.93907e+01	1.02404e-11
1.94141e+01	9.46478e-12
1.94375e+01	8.74722e-12
1.94609e+01	8.08341e-12
1.94843e+01	7.46939e-12
1.95077e+01	6.90147e-12
1.95311e+01	6.37624e-12
1.95545e+01	5.89053e-12
1.95779e+01	5.44140e-12
1.96012e+01	5.02612e-12
1.96246e+01	4.64216e-12
1.96480e+01	4.28719e-12
1.96714e+01	3.95905e-12
1.96948e+01	3.65574e-12
1.97182e+01	3.37541e-12
1.97416e+01	3.11633e-12
1.97650e+01	2.87691e-12
1.97884e+01	2.65567e-12
1.98118e+01	2.45125e-12
1.98352e+01	2.26238e-12
1.98585e+01	2.08789e-12
1.98819e+01	1.92666e-12
1.99053e+01	1.77776e-12
1.99287e+01	1.64020e-12
1.99521e+01	1.51315e-12
1.99755e+01	1.39581e-12
1.99989e+01	1.28746e-12
2.00223e+01	1.18742e-12
2.00457e+01	1.09506e-12
2.00691e+01	1.00980e-12
2.00924e+01	9.31095e-13
2.01158e+01	8.58454e-13
2.01392e+01	7.91416e-13
2.01626e+01	7.29554e-13
2.01860e+01	6.72473e-13
2.02094e+01	6.19810e-13
2.02328e+01	5.71228e-13
2.02562e+01	5.26413e-13
2.02796e+01	4.85077e-13
2.03030e+01	4.46952e-13
2.03264e+01	4.11792e-13
2.03497e+01	3.79368e-13
2.03731e+01	3.49470e-13
2.03965e+01	3.21902e-13
2.04199e+01	2.96486e-13
2.04433e+01	2.73054e-13
2.04667e+01	2.51455e-13
2.04901e+01	2.31544e-13
2.05135e+01	2.13197e-13
2.05369e+01	1.96291e-13
2.05603e+01	1.80715e-13
2.05836e+01	1.66364e-13
2.06070e+01	1.53143e-13
2.06304e+01	1.40965e-13
2.06538e+01	1.29747e-13
2.06772e+01	1.19415e-13
2.07006e+01	1.09899e-13
2.07240e+01	1.01135e-13
2.07474e+01	9.30646e-14
2.07708e+01	8.56329e-14
2.07942e+01	7.87900e-14
2.08176e+01	7.24895e-14
2.08409e+01	6.66889e-14
2.08643e+01	6.13488e-14
2.08877e+01	5.64329e-14
2.09111e+01	5.19078e-14
2.09345e+01	4.77428e-14
2.09579e+01	4.39093e-14
2.09813e+01	4.03813e-14
2.10047e+01	3.71345e-14
2.10281e+01	3.41470e-14
2.10515e+01	3.13982e-14
2.10748e+01	2.88693e-14
2.10982e+01	2.65427e-14
2.11216e+01	2.44023e-14
2.11450e+01	2.24335e-14
2.11684e+01	2.06224e-14
2.11918e+01	1.89567e-14
2.12152e+01	1.74246e-14
2.12386e+01	1.60155e-14
2.12620e+01	1.47197e-14
2.12854e+01	1.35281e-14
2.13088e+01	1.24324e-14
2.13321e+01	1.14249e-14
2.13555e+01	1.04986e-14
2.13789e+01	9.64686e-15
2.14023e+01	8.86385e-15
2.14257e+01	8.14401e-15
2.14491e+01	7.48230e-15
2.14725e+01	6.87402e-15
2.14959e+01	6.31488e-15
2.15193e+01	5.80094e-15
2.15427e+01	5.32857e-15
2.15660e+01	4.89442e-15
2.15894e+01	4.49543e-15
2.16128e+01	4.12875e-15
2.16362e+01	3.79179e-15
2.16596e+01	3.48216e-15
2.16830e+01	3.19765e-15
2.17064e+01	2.93624e-15
2.17298e+01	2.69606e-15
2.17532e+01	2.47540e-15
2.17766e+01	2.27268e-15
2.18000e+01	2.08646e-15
2.18233e+01	1.91540e-15
2.18467e+01	1.75827e-15
2.18701e+01	1.61394e-15
2.18935e+01	1.48139e-15
2.19169e+01	1.35965e-15
2.19403e+01	1.24786e-15
2.19637e+01	1.14521e-15
2.19871e+01	1.05095e-15
2.20105e+01	9.64414e-16
2.20339e+01	8.84962e-16
2.20572e+01	8.12022e-16
2.20806e+01	7.45076e-16
2.21040e+01	6.83635e-16
2.21274e+01	6.27246e-16
2.21508e+01	5.75497e-16
2.21742e+01	5.28007e-16
2.21976e+01	4.84426e-16
2.22210e+01	4.44434e-16
2.22444e+01	4.07737e-16
2.22678e+01	3.74063e-16
2.22912e+01	3.43164e-16
2.23145e+01	3.14814e-16
2.23379e+01	2.88802e-16
2.23613e+01	2.64937e-16
2.23847e+01	2.43042e-16
2.24081e+01	2.22955e-16
2.24315e+01	2.04528e-16
2.24549e+01	1.87624e-16
2.24783e+01	1.72117e-16
2.25017e+01	1.57894e-16
2.25251e+01	1.44847e-16
2.25484e+01	1.32882e-16
2.25718e+01	1.21909e-16
2.25952e+01	1.11846e-16
2.26186e+01	1.02619e-16
2.26420e+01	9.41582e-17
2.26654e+01	8.64020e-17
2.26888e+01	7.92925e-17
2.27122e+01	7.27768e-17
2.27356e+01	6.68065e-17
2.27590e+01	6.13370e-17
2.27824e+01	5.63278e-17
2.28057e+01	5.17413e-17
2.28291e+01	4.75435e-17
2.28525e+01	4.37029e-17
2.28759e+01	4.01910e-17
2.28993e+01	3.69814e-17
2.29227e+01	3.40502e-17
2.29461e+01	3.13754e-17
2.29695e+01	2.89369e-17
2.29929e+01	2.67166e-17
2.30163e+01	2.46978e-17
2.30397e+01	2.28655e-17
2.30630e+01	2.12057e-17
2.30864e+01	1.97061e-17
2.31098e+01	1.83552e-17
2.31332e+01	1.71428e-17
2.31566e+01	1.60598e-17
2.31800e+01	1.50981e-17
2.32034e+01	1.42504e-17
2.32268e+01	1.35100e-17
2.32502e+01	1.28712e-17
2.32736e+01	1.23291e-17
2.32969e+01	1.18791e-17
2.33203e+01	1.15176e-17
2.33437e+01	1.12408e-17
2.33671e+01	1.10466e-17
2.33905e+01	1.09219e-17
