# The ell = 1 distribution, the first anisotropy.
# E_N [Td]	1.50000e+00
# col_1: Electron Energy [eV], col_2: f1 [eV^(-3/2)]
eV	f1
1.16733e-02	4.67581e-06
2.33467e-02	7.37497e-06
3.50200e-02	7.57311e-06
4.66933e-02	6.59036e-06
5.83667e-02	7.41263e-06
7.00400e-02	6.49396e-06
8.17133e-02	5.76777e-06
9.33867e-02	5.82631e-06
1.05060e-01	4.52661e-06
1.16733e-01	4.47484e-06
1.28407e-01	3.90369e-06
1.40080e-01	3.11573e-06
1.51753e-01	3.23350e-06
1.63427e-01	2.29717e-06
1.75100e-01	2.50259e-06
1.86773e-01	2.03215e-06
1.98447e-01	1.97655e-06
2.10120e-01	1.99625e-06
2.21793e-01	1.81227e-06
2.33467e-01	2.19859e-06
2.45140e-01	2.01112e-06
2.56813e-01	2.62014e-06
2.68487e-01	2.59831e-06
2.80160e-01	3.27878e-06
2.91833e-01	3.49646e-06
3.03507e-01	4.21839e-06
3.15180e-01	4.64953e-06
3.26853e-01	5.44266e-06
3.38527e-01	6.04748e-06
3.50200e-01	6.93236e-06
3.61873e-01	7.68372e-06
3.73547e-01	8.66889e-06
3.85220e-01	9.54831e-06
3.96893e-01	1.06356e-05
4.08567e-01	1.16327e-05
4.20240e-01	1.28167e-05
4.31913e-01	1.39324e-05
4.43587e-01	1.51979e-05
4.55260e-01	1.64346e-05
4.66933e-01	1.77707e-05
4.78607e-01	1.91271e-05
4.90280e-01	2.05358e-05
5.01953e-01	2.19924e-05
5.13627e-01	2.34879e-05
5.25300e-01	2.50243e-05
5.36973e-01	2.66161e-05
5.48647e-01	2.82217e-05
5.60320e-01	2.99140e-05
5.71993e-01	3.15941e-05
5.83667e-01	3.33569e-05
5.95340e-01	3.51379e-05
6.07013e-01	3.69552e-05
6.18687e-01	3.88414e-05
6.30360e-01	4.07193e-05
6.42033e-01	4.26902e-05
6.53707e-01	4.46566e-05
6.65380e-01	4.66815e-05
6.77053e-01	4.87557e-05
6.88727e-01	5.08400e-05
7.00400e-01	5.29980e-05
7.12073e-01	5.51710e-05
7.23747e-01	5.73944e-05
7.35420e-01	5.96636e-05
7.47093e-01	6.19652e-05
7.58767e-01	6.43105e-05
7.70440e-01	6.67019e-05
7.82113e-01	6.91411e-05
7.93787e-01	7.15936e-05
8.05460e-01	7.41386e-05
8.17133e-01	7.66966e-05
8.28807e-01	7.92971e-05
8.40480e-01	8.19825e-05
8.52153e-01	8.46502e-05
8.63827e-01	8.74128e-05
8.75500e-01	9.02496e-05
8.87173e-01	9.30302e-05
8.98847e-01	9.59789e-05
9.10520e-01	9.89636e-05
9.22193e-01	1.01853e-04
9.33867e-01	1.05014e-04
9.45540e-01	1.08130e-04
9.57213e-01	1.11214e-04
9.68887e-01	1.14383e-04
9.80560e-01	1.17641e-04
9.92233e-01	1.21888e-04
1.00391e+00	1.23727e-04
1.01558e+00	1.26752e-04
1.02725e+00	1.29812e-04
1.03893e+00	1.32518e-04
1.05060e+00	1.35444e-04
1.06227e+00	1.38371e-04
1.07395e+00	1.41346e-04
1.08562e+00	1.44345e-04
1.09729e+00	1.47376e-04
1.10897e+00	1.50436e-04
1.12064e+00	1.53527e-04
1.13231e+00	1.56649e-04
1.14399e+00	1.59801e-04
1.15566e+00	1.62963e-04
1.16733e+00	1.66232e-04
1.17901e+00	1.69425e-04
1.19068e+00	1.72652e-04
1.20235e+00	1.75985e-04
1.21403e+00	1.79276e-04
1.22570e+00	1.82552e-04
1.23737e+00	1.85893e-04
1.24905e+00	1.89266e-04
1.26072e+00	1.92648e-04
1.27239e+00	1.96072e-04
1.28407e+00	1.99506e-04
1.29574e+00	2.02994e-04
1.30741e+00	2.06502e-04
1.31909e+00	2.10039e-04
1.33076e+00	2.13604e-04
1.34243e+00	2.17196e-04
1.35411e+00	2.20816e-04
1.36578e+00	2.24466e-04
1.37745e+00	2.28141e-04
1.38913e+00	2.31845e-04
1.40080e+00	2.35577e-04
1.41247e+00	2.39336e-04
1.42415e+00	2.43121e-04
1.43582e+00	2.46933e-04
1.44749e+00	2.50778e-04
1.45917e+00	2.54642e-04
1.47084e+00	2.58572e-04
1.48251e+00	2.62511e-04
1.49419e+00	2.66159e-04
1.50586e+00	2.70588e-04
1.51753e+00	2.74705e-04
1.52921e+00	2.78878e-04
1.54088e+00	2.83084e-04
1.55255e+00	2.87336e-04
1.56423e+00	2.91604e-04
1.57590e+00	2.95907e-04
1.58757e+00	3.00230e-04
1.59925e+00	3.04580e-04
1.61092e+00	3.08960e-04
1.62259e+00	3.13364e-04
1.63427e+00	3.17799e-04
1.64594e+00	3.22261e-04
1.65761e+00	3.26606e-04
1.66929e+00	3.31556e-04
1.68096e+00	3.35672e-04
1.69263e+00	3.40113e-04
1.70431e+00	3.44407e-04
1.71598e+00	3.49371e-04
1.72765e+00	3.53398e-04
1.73933e+00	3.57790e-04
1.75100e+00	3.62182e-04
1.76267e+00	3.66614e-04
1.77435e+00	3.71045e-04
1.78602e+00	3.75504e-04
1.79769e+00	3.79988e-04
1.80937e+00	3.84480e-04
1.82104e+00	3.89010e-04
1.83271e+00	3.93559e-04
1.84439e+00	3.98127e-04
1.85606e+00	4.02714e-04
1.86773e+00	4.07322e-04
1.87941e+00	4.11951e-04
1.89108e+00	4.16597e-04
1.90275e+00	4.21265e-04
1.91443e+00	4.25959e-04
1.92610e+00	4.30651e-04
1.93777e+00	4.35371e-04
1.94945e+00	4.40284e-04
1.96112e+00	4.44512e-04
1.97279e+00	4.49790e-04
1.98447e+00	4.54752e-04
1.99614e+00	4.59882e-04
2.00781e+00	4.64592e-04
2.01949e+00	4.69535e-04
2.03116e+00	4.75242e-04
2.04283e+00	4.80538e-04
2.05451e+00	4.85909e-04
2.06618e+00	4.91278e-04
2.07785e+00	4.96689e-04
2.08953e+00	5.02111e-04
2.10120e+00	5.07552e-04
2.11287e+00	5.13012e-04
2.12455e+00	5.18489e-04
2.13622e+00	5.23982e-04
2.14789e+00	5.29494e-04
2.15957e+00	5.35020e-04
2.17124e+00	5.40570e-04
2.18291e+00	5.46127e-04
2.19459e+00	5.51699e-04
2.20626e+00	5.57289e-04
2.21793e+00	5.62890e-04
2.22961e+00	5.68516e-04
2.24128e+00	5.74141e-04
2.25295e+00	5.79785e-04
2.26463e+00	5.85441e-04
2.27630e+00	5.91110e-04
2.28797e+00	5.96798e-04
2.29965e+00	6.02484e-04
2.31132e+00	6.08188e-04
2.32299e+00	6.13903e-04
2.33467e+00	6.19628e-04
2.34634e+00	6.25348e-04
2.35801e+00	6.31115e-04
2.36969e+00	6.36873e-04
2.38136e+00	6.42641e-04
2.39303e+00	6.48418e-04
2.40471e+00	6.54212e-04
2.41638e+00	6.59991e-04
2.42805e+00	6.65787e-04
2.43973e+00	6.71600e-04
2.45140e+00	6.77454e-04
2.46307e+00	6.83031e-04
2.47475e+00	6.89142e-04
2.48642e+00	6.95025e-04
2.49809e+00	7.00940e-04
2.50977e+00	7.06971e-04
2.52144e+00	7.12527e-04
2.53311e+00	7.18811e-04
2.54479e+00	7.24818e-04
2.55646e+00	7.30849e-04
2.56813e+00	7.36878e-04
2.57981e+00	7.42907e-04
2.59148e+00	7.48937e-04
2.60315e+00	7.54965e-04
2.61483e+00	7.60991e-04
2.62650e+00	7.67012e-04
2.63817e+00	7.73038e-04
2.64985e+00	7.79066e-04
2.66152e+00	7.85053e-04
2.67319e+00	7.91053e-04
2.68487e+00	7.97046e-04
2.69654e+00	8.03043e-04
2.70821e+00	8.08991e-04
2.71989e+00	8.14993e-04
2.73156e+00	8.20967e-04
2.74323e+00	8.26932e-04
2.75491e+00	8.32887e-04
2.76658e+00	8.38832e-04
2.77825e+00	8.44765e-04
2.78993e+00	8.50687e-04
2.80160e+00	8.56597e-04
2.81327e+00	8.62493e-04
2.82495e+00	8.68373e-04
2.83662e+00	8.74244e-04
2.84829e+00	8.80093e-04
2.85997e+00	8.85925e-04
2.87164e+00	8.91742e-04
2.88331e+00	8.97541e-04
2.89499e+00	9.03319e-04
2.90666e+00	9.09086e-04
2.91833e+00	9.14821e-04
2.93001e+00	9.20540e-04
2.94168e+00	9.26236e-04
2.95335e+00	9.31900e-04
2.96503e+00	9.37508e-04
2.97670e+00	9.43343e-04
2.98837e+00	9.48688e-04
3.00005e+00	9.54212e-04
3.01172e+00	9.59685e-04
3.02339e+00	9.65128e-04
3.03507e+00	9.70542e-04
3.04674e+00	9.76000e-04
3.05841e+00	9.81272e-04
3.07009e+00	9.86585e-04
3.08176e+00	9.91858e-04
3.09343e+00	9.97100e-04
3.10511e+00	1.00231e-03
3.11678e+00	1.00750e-03
3.12845e+00	1.01263e-03
3.14013e+00	1.01773e-03
3.15180e+00	1.02280e-03
3.16347e+00	1.02784e-03
3.17515e+00	1.03284e-03
3.18682e+00	1.03777e-03
3.19849e+00	1.04272e-03
3.21017e+00	1.04761e-03
3.22184e+00	1.05246e-03
3.23351e+00	1.05726e-03
3.24519e+00	1.06203e-03
3.25686e+00	1.06675e-03
3.26853e+00	1.07143e-03
3.28021e+00	1.07606e-03
3.29188e+00	1.08065e-03
3.30355e+00	1.08519e-03
3.31523e+00	1.08968e-03
3.32690e+00	1.09413e-03
3.33857e+00	1.09853e-03
3.35025e+00	1.10288e-03
3.36192e+00	1.10718e-03
3.37359e+00	1.11143e-03
3.38527e+00	1.11563e-03
3.39694e+00	1.11977e-03
3.40861e+00	1.12387e-03
3.42029e+00	1.12790e-03
3.43196e+00	1.13189e-03
3.44363e+00	1.13582e-03
3.45531e+00	1.13969e-03
3.46698e+00	1.14350e-03
3.47865e+00	1.14726e-03
3.49033e+00	1.15096e-03
3.50200e+00	1.15460e-03
3.51367e+00	1.15818e-03
3.52535e+00	1.16171e-03
3.53702e+00	1.16517e-03
3.54869e+00	1.16857e-03
3.56037e+00	1.17190e-03
3.57204e+00	1.17517e-03
3.58371e+00	1.17839e-03
3.59539e+00	1.18154e-03
3.60706e+00	1.18463e-03
3.61873e+00	1.18764e-03
3.63041e+00	1.19059e-03
3.64208e+00	1.19348e-03
3.65375e+00	1.19629e-03
3.66543e+00	1.19904e-03
3.67710e+00	1.20171e-03
3.68877e+00	1.20431e-03
3.70045e+00	1.20685e-03
3.71212e+00	1.20931e-03
3.72379e+00	1.21170e-03
3.73547e+00	1.21402e-03
3.74714e+00	1.21627e-03
3.75881e+00	1.21844e-03
3.77049e+00	1.22054e-03
3.78216e+00	1.22256e-03
3.79383e+00	1.22451e-03
3.80551e+00	1.22638e-03
3.81718e+00	1.22817e-03
3.82885e+00	1.22989e-03
3.84053e+00	1.23153e-03
3.85220e+00	1.23309e-03
3.86387e+00	1.23458e-03
3.87555e+00	1.23598e-03
3.88722e+00	1.23730e-03
3.89889e+00	1.23855e-03
3.91057e+00	1.23972e-03
3.92224e+00	1.24081e-03
3.93391e+00	1.24181e-03
3.94559e+00	1.24274e-03
3.95726e+00	1.24385e-03
3.96893e+00	1.24442e-03
3.98061e+00	1.24387e-03
3.99228e+00	1.24681e-03
4.00395e+00	1.24791e-03
4.01563e+00	1.24913e-03
4.02730e+00	1.25022e-03
4.03897e+00	1.25121e-03
4.05065e+00	1.25229e-03
4.06232e+00	1.25251e-03
4.07399e+00	1.25373e-03
4.08567e+00	1.25454e-03
4.09734e+00	1.25522e-03
4.10901e+00	1.25579e-03
4.12069e+00	1.25626e-03
4.13236e+00	1.25661e-03
4.14403e+00	1.25687e-03
4.15571e+00	1.25702e-03
4.16738e+00	1.25705e-03
4.17905e+00	1.25698e-03
4.19073e+00	1.25680e-03
4.20240e+00	1.25652e-03
4.21407e+00	1.25612e-03
4.22575e+00	1.25562e-03
4.23742e+00	1.25500e-03
4.24909e+00	1.25429e-03
4.26077e+00	1.25346e-03
4.27244e+00	1.25253e-03
4.28411e+00	1.25148e-03
4.29579e+00	1.25033e-03
4.30746e+00	1.24907e-03
4.31913e+00	1.24769e-03
4.33081e+00	1.24621e-03
4.34248e+00	1.24462e-03
4.35415e+00	1.24292e-03
4.36583e+00	1.24111e-03
4.37750e+00	1.23919e-03
4.38917e+00	1.23716e-03
4.40085e+00	1.23503e-03
4.41252e+00	1.23278e-03
4.42419e+00	1.23043e-03
4.43587e+00	1.22796e-03
4.44754e+00	1.22539e-03
4.45921e+00	1.22271e-03
4.47089e+00	1.21993e-03
4.48256e+00	1.21703e-03
4.49423e+00	1.21403e-03
4.50591e+00	1.21093e-03
4.51758e+00	1.20772e-03
4.52925e+00	1.20440e-03
4.54093e+00	1.20098e-03
4.55260e+00	1.19745e-03
4.56427e+00	1.19382e-03
4.57595e+00	1.19008e-03
4.58762e+00	1.18625e-03
4.59929e+00	1.18231e-03
4.61097e+00	1.17827e-03
4.62264e+00	1.17413e-03
4.63431e+00	1.16990e-03
4.64599e+00	1.16556e-03
4.65766e+00	1.16113e-03
4.66933e+00	1.15660e-03
4.68101e+00	1.15197e-03
4.69268e+00	1.14725e-03
4.70435e+00	1.14244e-03
4.71603e+00	1.13751e-03
4.72770e+00	1.13253e-03
4.73937e+00	1.12744e-03
4.75105e+00	1.12226e-03
4.76272e+00	1.11699e-03
4.77439e+00	1.11164e-03
4.78607e+00	1.10619e-03
4.79774e+00	1.10066e-03
4.80941e+00	1.09505e-03
4.82109e+00	1.08935e-03
4.83276e+00	1.08357e-03
4.84443e+00	1.07770e-03
4.85611e+00	1.07176e-03
4.86778e+00	1.06574e-03
4.87945e+00	1.05964e-03
4.89113e+00	1.05346e-03
4.90280e+00	1.04725e-03
4.91447e+00	1.04081e-03
4.92615e+00	1.03452e-03
4.93782e+00	1.02810e-03
4.94949e+00	1.02160e-03
4.96117e+00	1.01503e-03
4.97284e+00	1.00839e-03
4.98451e+00	1.00169e-03
4.99619e+00	9.94923e-04
5.00786e+00	9.88215e-04
5.01953e+00	9.80933e-04
5.03121e+00	9.74380e-04
5.04288e+00	9.67438e-04
5.05455e+00	9.60469e-04
5.06623e+00	9.53435e-04
5.07790e+00	9.46343e-04
5.08957e+00	9.39195e-04
5.10125e+00	9.31992e-04
5.11292e+00	9.24740e-04
5.12459e+00	9.17419e-04
5.13627e+00	9.10075e-04
5.14794e+00	9.02672e-04
5.15961e+00	8.95223e-04
5.17129e+00	8.87730e-04
5.18296e+00	8.80194e-04
5.19463e+00	8.72617e-04
5.20631e+00	8.65001e-04
5.21798e+00	8.57344e-04
5.22965e+00	8.49664e-04
5.24133e+00	8.41932e-04
5.25300e+00	8.34173e-04
5.26467e+00	8.26385e-04
5.27635e+00	8.18568e-04
5.28802e+00	8.10726e-04
5.29969e+00	8.02858e-04
5.31137e+00	7.94968e-04
5.32304e+00	7.87058e-04
5.33471e+00	7.79125e-04
5.34639e+00	7.71179e-04
5.35806e+00	7.63220e-04
5.36973e+00	7.55245e-04
5.38141e+00	7.47259e-04
5.39308e+00	7.39262e-04
5.40475e+00	7.31257e-04
5.41643e+00	7.23246e-04
5.42810e+00	7.15230e-04
5.43977e+00	7.07210e-04
5.45145e+00	6.99196e-04
5.46312e+00	6.91171e-04
5.47479e+00	6.83154e-04
5.48647e+00	6.75140e-04
5.49814e+00	6.67132e-04
5.50981e+00	6.59133e-04
5.52149e+00	6.51143e-04
5.53316e+00	6.43163e-04
5.54483e+00	6.35198e-04
5.55651e+00	6.27245e-04
5.56818e+00	6.19309e-04
5.57985e+00	6.11395e-04
5.59153e+00	6.03498e-04
5.60320e+00	5.95622e-04
5.61487e+00	5.87768e-04
5.62655e+00	5.79939e-04
5.63822e+00	5.72135e-04
5.64989e+00	5.64359e-04
5.66157e+00	5.56610e-04
5.67324e+00	5.48895e-04
5.68491e+00	5.41207e-04
5.69659e+00	5.33551e-04
5.70826e+00	5.25932e-04
5.71993e+00	5.18348e-04
5.73161e+00	5.10801e-04
5.74328e+00	5.03293e-04
5.75495e+00	4.95825e-04
5.76663e+00	4.88398e-04
5.77830e+00	4.81015e-04
5.78997e+00	4.73671e-04
5.80165e+00	4.66377e-04
5.81332e+00	4.59130e-04
5.82499e+00	4.51928e-04
5.83667e+00	4.44775e-04
5.84834e+00	4.37672e-04
5.86001e+00	4.30618e-04
5.87169e+00	4.23617e-04
5.88336e+00	4.16667e-04
5.89503e+00	4.09762e-04
5.90671e+00	4.02941e-04
5.91838e+00	3.96152e-04
5.93005e+00	3.89390e-04
5.94173e+00	3.82707e-04
5.95340e+00	3.76081e-04
5.96507e+00	3.69514e-04
5.97675e+00	3.63009e-04
5.98842e+00	3.56564e-04
6.00009e+00	3.50181e-04
6.01177e+00	3.43854e-04
6.02344e+00	3.37591e-04
6.03511e+00	3.31457e-04
6.04679e+00	3.25244e-04
6.05846e+00	3.19165e-04
6.07013e+00	3.13145e-04
6.08181e+00	3.07194e-04
6.09348e+00	3.01310e-04
6.10515e+00	2.95495e-04
6.11683e+00	2.89749e-04
6.12850e+00	2.84071e-04
6.14017e+00	2.78463e-04
6.15185e+00	2.72922e-04
6.16352e+00	2.67452e-04
6.17519e+00	2.62053e-04
6.18687e+00	2.56722e-04
6.19854e+00	2.51461e-04
6.21021e+00	2.46269e-04
6.22189e+00	2.41148e-04
6.23356e+00	2.36096e-04
6.24523e+00	2.31114e-04
6.25691e+00	2.26202e-04
6.26858e+00	2.21359e-04
6.28025e+00	2.16588e-04
6.29193e+00	2.11883e-04
6.30360e+00	2.07248e-04
6.31527e+00	2.02683e-04
6.32695e+00	1.98187e-04
6.33862e+00	1.93759e-04
6.35029e+00	1.89401e-04
6.36197e+00	1.85110e-04
6.37364e+00	1.80888e-04
6.38531e+00	1.76733e-04
6.39699e+00	1.72646e-04
6.40866e+00	1.68627e-04
6.42033e+00	1.64673e-04
6.43201e+00	1.60787e-04
6.44368e+00	1.56966e-04
6.45535e+00	1.53211e-04
6.46703e+00	1.49521e-04
6.47870e+00	1.45896e-04
6.49037e+00	1.42336e-04
6.50205e+00	1.38839e-04
6.51372e+00	1.35406e-04
6.52539e+00	1.32036e-04
6.53707e+00	1.28726e-04
6.54874e+00	1.25482e-04
6.56041e+00	1.22298e-04
6.57209e+00	1.19174e-04
6.58376e+00	1.16111e-04
6.59543e+00	1.13107e-04
6.60711e+00	1.10162e-04
6.61878e+00	1.07275e-04
6.63045e+00	1.04446e-04
6.64213e+00	1.01675e-04
6.65380e+00	9.89594e-05
6.66547e+00	9.63010e-05
6.67715e+00	9.36964e-05
6.68882e+00	9.11468e-05
6.70049e+00	8.86513e-05
6.71217e+00	8.62091e-05
6.72384e+00	8.38196e-05
6.73551e+00	8.14821e-05
6.74719e+00	7.91958e-05
6.75886e+00	7.69602e-05
6.77053e+00	7.47745e-05
6.78221e+00	7.26380e-05
6.79388e+00	7.05503e-05
6.80555e+00	6.85104e-05
6.81723e+00	6.65170e-05
6.82890e+00	6.45705e-05
6.84057e+00	6.26697e-05
6.85225e+00	6.08140e-05
6.86392e+00	5.90026e-05
6.87559e+00	5.72348e-05
6.88727e+00	5.55100e-05
6.89894e+00	5.38275e-05
6.91061e+00	5.21864e-05
6.92229e+00	5.05799e-05
6.93396e+00	4.90380e-05
6.94563e+00	4.75046e-05
6.95731e+00	4.60120e-05
6.96898e+00	4.45637e-05
6.98065e+00	4.31531e-05
6.99233e+00	4.17800e-05
7.00400e+00	4.04436e-05
7.01567e+00	3.91432e-05
7.02735e+00	3.78780e-05
7.03902e+00	3.66473e-05
7.05069e+00	3.54503e-05
7.06237e+00	3.42826e-05
7.07404e+00	3.31634e-05
7.08571e+00	3.20527e-05
7.09739e+00	3.09806e-05
7.10906e+00	2.99400e-05
7.12073e+00	2.89294e-05
7.13241e+00	2.79482e-05
7.14408e+00	2.69958e-05
7.15575e+00	2.60715e-05
7.16743e+00	2.51745e-05
7.17910e+00	2.43043e-05
7.19077e+00	2.34602e-05
7.20245e+00	2.26415e-05
7.21412e+00	2.18477e-05
7.22579e+00	2.10782e-05
7.23747e+00	2.03322e-05
7.24914e+00	1.96093e-05
7.26081e+00	1.89089e-05
7.27249e+00	1.82303e-05
7.28416e+00	1.75731e-05
7.29583e+00	1.69366e-05
7.30751e+00	1.63204e-05
7.31918e+00	1.57239e-05
7.33085e+00	1.51465e-05
7.34253e+00	1.45878e-05
7.35420e+00	1.40472e-05
7.36587e+00	1.35244e-05
7.37755e+00	1.30187e-05
7.38922e+00	1.25297e-05
7.40089e+00	1.20570e-05
7.41257e+00	1.16000e-05
7.42424e+00	1.11584e-05
7.43591e+00	1.07318e-05
7.44759e+00	1.03196e-05
7.45926e+00	9.92146e-06
7.47093e+00	9.53700e-06
7.48261e+00	9.16580e-06
7.49428e+00	8.80749e-06
7.50595e+00	8.46166e-06
7.51763e+00	8.12796e-06
7.52930e+00	7.80602e-06
7.54097e+00	7.49548e-06
7.55265e+00	7.19600e-06
7.56432e+00	6.90724e-06
7.57599e+00	6.62887e-06
7.58767e+00	6.36056e-06
7.59934e+00	6.10201e-06
7.61101e+00	5.85290e-06
7.62269e+00	5.61294e-06
7.63436e+00	5.38183e-06
7.64603e+00	5.15930e-06
7.65771e+00	4.94506e-06
7.66938e+00	4.73886e-06
7.68105e+00	4.54041e-06
7.69273e+00	4.34948e-06
7.70440e+00	4.16581e-06
7.71607e+00	3.98915e-06
7.72775e+00	3.81928e-06
7.73942e+00	3.65597e-06
7.75109e+00	3.49899e-06
7.76277e+00	3.34812e-06
7.77444e+00	3.20317e-06
7.78611e+00	3.06391e-06
7.79779e+00	2.93017e-06
7.80946e+00	2.80173e-06
7.82113e+00	2.67843e-06
7.83281e+00	2.56007e-06
7.84448e+00	2.44648e-06
7.85615e+00	2.33748e-06
7.86783e+00	2.23293e-06
7.87950e+00	2.13264e-06
7.89117e+00	2.03648e-06
7.90285e+00	1.94428e-06
7.91452e+00	1.85590e-06
7.92619e+00	1.77120e-06
7.93787e+00	1.69004e-06
7.94954e+00	1.61230e-06
7.96121e+00	1.53784e-06
7.97289e+00	1.46653e-06
7.98456e+00	1.39826e-06
7.99623e+00	1.33292e-06
8.00791e+00	1.27038e-06
8.01958e+00	1.21054e-06
8.03125e+00	1.15330e-06
8.04293e+00	1.09856e-06
8.05460e+00	1.04621e-06
8.06627e+00	9.96155e-07
8.07795e+00	9.48316e-07
8.08962e+00	9.02597e-07
8.10129e+00	8.58916e-07
8.11297e+00	8.17188e-07
8.12464e+00	7.77336e-07
8.13631e+00	7.39282e-07
8.14799e+00	7.02954e-07
8.15966e+00	6.68279e-07
8.17133e+00	6.35189e-07
8.18301e+00	6.03619e-07
8.19468e+00	5.73504e-07
8.20635e+00	5.44785e-07
8.21803e+00	5.17401e-07
8.22970e+00	4.91296e-07
8.24137e+00	4.66415e-07
8.25305e+00	4.42707e-07
8.26472e+00	4.20119e-07
8.27639e+00	3.98605e-07
8.28807e+00	3.78117e-07
8.29974e+00	3.58610e-07
8.31141e+00	3.40042e-07
8.32309e+00	3.22370e-07
8.33476e+00	3.05555e-07
8.34643e+00	2.89559e-07
8.35811e+00	2.74345e-07
8.36978e+00	2.59878e-07
8.38145e+00	2.46124e-07
8.39313e+00	2.33051e-07
8.40480e+00	2.20628e-07
8.41647e+00	2.08824e-07
8.42815e+00	1.97612e-07
8.43982e+00	1.86963e-07
8.45149e+00	1.76852e-07
8.46317e+00	1.67254e-07
8.47484e+00	1.58145e-07
8.48651e+00	1.49501e-07
8.49819e+00	1.41301e-07
8.50986e+00	1.33523e-07
8.52153e+00	1.26147e-07
8.53321e+00	1.19154e-07
8.54488e+00	1.12526e-07
8.55655e+00	1.06244e-07
8.56823e+00	1.00292e-07
8.57990e+00	9.46544e-08
8.59157e+00	8.93150e-08
8.60325e+00	8.42594e-08
8.61492e+00	7.94732e-08
8.62659e+00	7.49434e-08
8.63827e+00	7.06571e-08
8.64994e+00	6.66021e-08
8.66161e+00	6.27667e-08
8.67329e+00	5.91398e-08
8.68496e+00	5.57108e-08
8.69663e+00	5.24696e-08
8.70831e+00	4.94067e-08
8.71998e+00	4.65128e-08
8.73165e+00	4.37791e-08
8.74333e+00	4.11975e-08
8.75500e+00	3.87599e-08
8.76667e+00	3.64589e-08
8.77835e+00	3.42872e-08
8.79002e+00	3.22381e-08
8.80169e+00	3.03050e-08
8.81337e+00	2.84818e-08
8.82504e+00	2.67626e-08
8.83671e+00	2.51418e-08
8.84839e+00	2.36141e-08
8.86006e+00	2.21746e-08
8.87173e+00	2.08184e-08
8.88341e+00	1.95409e-08
8.89508e+00	1.83379e-08
8.90675e+00	1.72053e-08
8.91843e+00	1.61387e-08
8.93010e+00	1.51364e-08
8.94177e+00	1.41927e-08
8.95345e+00	1.33029e-08
8.96512e+00	1.24676e-08
8.97679e+00	1.16822e-08
8.98847e+00	1.09440e-08
9.00014e+00	1.02504e-08
9.01181e+00	9.59866e-09
9.02349e+00	8.98651e-09
9.03516e+00	8.41165e-09
9.04683e+00	7.87191e-09
9.05851e+00	7.36526e-09
9.07018e+00	6.88977e-09
9.08185e+00	6.44363e-09
9.09353e+00	6.02511e-09
9.10520e+00	5.63259e-09
9.11687e+00	5.26453e-09
9.12855e+00	4.91949e-09
9.14022e+00	4.59609e-09
9.15189e+00	4.29304e-09
9.16357e+00	4.00913e-09
9.17524e+00	3.74320e-09
9.18691e+00	3.49417e-09
9.19859e+00	3.26102e-09
9.21026e+00	3.04277e-09
9.22193e+00	2.83853e-09
9.23361e+00	2.64744e-09
9.24528e+00	2.46869e-09
9.25695e+00	2.30151e-09
9.26863e+00	2.14519e-09
9.28030e+00	1.99909e-09
9.29197e+00	1.86252e-09
9.30365e+00	1.73488e-09
9.31532e+00	1.61566e-09
9.32699e+00	1.50432e-09
9.33867e+00	1.40035e-09
9.35034e+00	1.30328e-09
9.36201e+00	1.21269e-09
9.37369e+00	1.12815e-09
9.38536e+00	1.04929e-09
9.39703e+00	9.75722e-10
9.40871e+00	9.07122e-10
9.42038e+00	8.43164e-10
9.43205e+00	7.83547e-10
9.44373e+00	7.27990e-10
9.45540e+00	6.76226e-10
9.46707e+00	6.28008e-10
9.47875e+00	5.83102e-10
9.49042e+00	5.41291e-10
9.50209e+00	5.02370e-10
9.51377e+00	4.66146e-10
9.52544e+00	4.32441e-10
9.53711e+00	4.01087e-10
9.54879e+00	3.71925e-10
9.56046e+00	3.44809e-10
9.57213e+00	3.19600e-10
9.58381e+00	2.96171e-10
9.59548e+00	2.74399e-10
9.60715e+00	2.54173e-10
9.61883e+00	2.35386e-10
9.63050e+00	2.17935e-10
9.64217e+00	2.01752e-10
9.65385e+00	1.86715e-10
9.66552e+00	1.72749e-10
9.67719e+00	1.59805e-10
9.68887e+00	1.47798e-10
9.70054e+00	1.36664e-10
9.71221e+00	1.26343e-10
9.72389e+00	1.16776e-10
9.73556e+00	1.07910e-10
9.74723e+00	9.96965e-11
9.75891e+00	9.20885e-11
9.77058e+00	8.50430e-11
9.78225e+00	7.85198e-11
9.79393e+00	7.24814e-11
9.80560e+00	6.68932e-11
9.81727e+00	6.17226e-11
9.82895e+00	5.69396e-11
9.84062e+00	5.25159e-11
9.85229e+00	4.84256e-11
9.86397e+00	4.46443e-11
9.87564e+00	4.11494e-11
9.88731e+00	3.79200e-11
9.89899e+00	3.49366e-11
9.91066e+00	3.21809e-11
9.92233e+00	2.96363e-11
9.93401e+00	2.72870e-11
9.94568e+00	2.51185e-11
9.95735e+00	2.31174e-11
9.96903e+00	2.12711e-11
9.98070e+00	1.95681e-11
9.99237e+00	1.79974e-11
1.00040e+01	1.65454e-11
1.00157e+01	1.52195e-11
1.00274e+01	1.39904e-11
1.00391e+01	1.28425e-11
1.00507e+01	1.17978e-11
1.00624e+01	1.08356e-11
1.00741e+01	9.95066e-12
1.00858e+01	9.13675e-12
1.00974e+01	8.38827e-12
1.01091e+01	7.70006e-12
1.01208e+01	7.06736e-12
1.01325e+01	6.48576e-12
1.01441e+01	5.95122e-12
1.01558e+01	5.45999e-12
1.01675e+01	5.00862e-12
1.01791e+01	4.59395e-12
1.01908e+01	4.21303e-12
1.02025e+01	3.86318e-12
1.02142e+01	3.54189e-12
1.02258e+01	3.24688e-12
1.02375e+01	2.97604e-12
1.02492e+01	2.72742e-12
1.02609e+01	2.49923e-12
1.02725e+01	2.28982e-12
1.02842e+01	2.09767e-12
1.02959e+01	1.92138e-12
1.03076e+01	1.75967e-12
1.03192e+01	1.61135e-12
1.03309e+01	1.47533e-12
1.03426e+01	1.35061e-12
1.03542e+01	1.23626e-12
1.03659e+01	1.13144e-12
1.03776e+01	1.03536e-12
1.03893e+01	9.47319e-13
1.04009e+01	8.66642e-13
1.04126e+01	7.92729e-13
1.04243e+01	7.25020e-13
1.04360e+01	6.63003e-13
1.04476e+01	6.06209e-13
1.04593e+01	5.54204e-13
1.04710e+01	5.06591e-13
1.04827e+01	4.63006e-13
1.04943e+01	4.23112e-13
1.05060e+01	3.86604e-13
1.05177e+01	3.53197e-13
1.05293e+01	3.22632e-13
1.05410e+01	2.94673e-13
1.05527e+01	2.69099e-13
1.05644e+01	2.45712e-13
1.05760e+01	2.24325e-13
1.05877e+01	2.04747e-13
1.05994e+01	1.86892e-13
1.06111e+01	1.70696e-13
1.06227e+01	1.55543e-13
1.06344e+01	1.41901e-13
1.06461e+01	1.29432e-13
1.06578e+01	1.18054e-13
1.06694e+01	1.07669e-13
1.06811e+01	9.81923e-14
1.06928e+01	8.95444e-14
1.07044e+01	8.16532e-14
1.07161e+01	7.44532e-14
1.07278e+01	6.78840e-14
1.07395e+01	6.18908e-14
1.07511e+01	5.64235e-14
1.07628e+01	5.14361e-14
1.07745e+01	4.68868e-14
1.07862e+01	4.27374e-14
1.07978e+01	3.89530e-14
1.08095e+01	3.55016e-14
1.08212e+01	3.23541e-14
1.08329e+01	2.94840e-14
1.08445e+01	2.68669e-14
1.08562e+01	2.44807e-14
1.08679e+01	2.23051e-14
1.08795e+01	2.03217e-14
1.08912e+01	1.85136e-14
1.09029e+01	1.68654e-14
1.09146e+01	1.53630e-14
1.09262e+01	1.39937e-14
1.09379e+01	1.27457e-14
1.09496e+01	1.16083e-14
1.09613e+01	1.05718e-14
1.09729e+01	9.62726e-15
1.09846e+01	8.76663e-15
1.09963e+01	7.98248e-15
1.10080e+01	7.26804e-15
1.10196e+01	6.61717e-15
1.10313e+01	6.02424e-15
1.10430e+01	5.48412e-15
1.10546e+01	4.99214e-15
1.10663e+01	4.54403e-15
1.10780e+01	4.13590e-15
1.10897e+01	3.76421e-15
1.11013e+01	3.42573e-15
1.11130e+01	3.11750e-15
1.11247e+01	2.83684e-15
1.11364e+01	2.58130e-15
1.11480e+01	2.34864e-15
1.11597e+01	2.13682e-15
1.11714e+01	1.94399e-15
1.11831e+01	1.76846e-15
1.11947e+01	1.60868e-15
1.12064e+01	1.46325e-15
1.12181e+01	1.33089e-15
1.12297e+01	1.21043e-15
1.12414e+01	1.10081e-15
1.12531e+01	1.00105e-15
1.12648e+01	9.10276e-16
1.12764e+01	8.27683e-16
1.12881e+01	7.52537e-16
1.12998e+01	6.84170e-16
1.13115e+01	6.21974e-16
1.13231e+01	5.65396e-16
1.13348e+01	5.13931e-16
1.13465e+01	4.67120e-16
1.13582e+01	4.24543e-16
1.13698e+01	3.85821e-16
1.13815e+01	3.50607e-16
1.13932e+01	3.18583e-16
1.14048e+01	2.89464e-16
1.14165e+01	2.62986e-16
1.14282e+01	2.38912e-16
1.14399e+01	2.17025e-16
1.14515e+01	1.97127e-16
1.14632e+01	1.79038e-16
1.14749e+01	1.62596e-16
1.14866e+01	1.47650e-16
1.14982e+01	1.34065e-16
1.15099e+01	1.21719e-16
1.15216e+01	1.10498e-16
1.15333e+01	1.00302e-16
1.15449e+01	9.10354e-17
1.15566e+01	8.25666e-17
1.15683e+01	7.47177e-17
1.15799e+01	6.74825e-17
1.15916e+01	6.08474e-17
1.16033e+01	5.47900e-17
1.16150e+01	4.92772e-17
1.16266e+01	4.42852e-17
1.16383e+01	3.97298e-17
1.16500e+01	3.56241e-17
1.16617e+01	3.20743e-17
1.16733e+01	2.81425e-17
