# The ell = 1 distribution, the first anisotropy.
# E_N [Td]	2.00000e+01
# col_1: Electron Energy [eV], col_2: f1 [eV^(-3/2)]
eV	f1
2.41796e-02	2.00096e-03
4.83592e-02	3.42862e-03
7.25388e-02	4.06384e-03
9.67183e-02	4.31530e-03
1.20898e-01	4.35574e-03
1.45078e-01	4.33812e-03
1.69257e-01	4.27633e-03
1.93437e-01	4.20580e-03
2.17616e-01	4.15565e-03
2.41796e-01	4.09292e-03
2.65975e-01	4.04373e-03
2.90155e-01	4.06272e-03
3.14335e-01	4.05463e-03
3.38514e-01	4.00083e-03
3.62694e-01	3.94435e-03
3.86873e-01	3.89285e-03
4.11053e-01	3.84901e-03
4.35233e-01	3.81225e-03
4.59412e-01	3.78133e-03
4.83592e-01	3.75559e-03
5.07771e-01	3.73473e-03
5.31951e-01	3.71830e-03
5.56130e-01	3.70632e-03
5.80310e-01	3.69888e-03
6.04490e-01	3.69533e-03
6.28669e-01	3.69588e-03
6.52849e-01	3.69990e-03
6.77028e-01	3.70697e-03
7.01208e-01	3.71559e-03
7.25388e-01	3.72510e-03
7.49567e-01	3.73525e-03
7.73747e-01	3.74589e-03
7.97926e-01	3.75720e-03
8.22106e-01	3.76904e-03
8.46285e-01	3.78122e-03
8.70465e-01	3.79347e-03
8.94645e-01	3.80547e-03
9.18824e-01	3.81710e-03
9.43004e-01	3.82826e-03
9.67183e-01	3.83889e-03
9.91363e-01	3.84860e-03
1.01554e+00	3.85714e-03
1.03972e+00	3.86446e-03
1.06390e+00	3.87040e-03
1.08808e+00	3.87490e-03
1.11226e+00	3.87853e-03
1.13644e+00	3.88007e-03
1.16062e+00	3.87923e-03
1.18480e+00	3.87642e-03
1.20898e+00	3.87370e-03
1.23316e+00	3.87089e-03
1.25734e+00	3.86576e-03
1.28152e+00	3.85774e-03
1.30570e+00	3.84582e-03
1.32988e+00	3.83106e-03
1.35406e+00	3.81508e-03
1.37824e+00	3.79910e-03
1.40242e+00	3.78258e-03
1.42660e+00	3.76574e-03
1.45078e+00	3.74772e-03
1.47495e+00	3.73260e-03
1.49913e+00	3.72197e-03
1.52331e+00	3.70583e-03
1.54749e+00	3.68484e-03
1.57167e+00	3.66073e-03
1.59585e+00	3.63479e-03
1.62003e+00	3.60832e-03
1.64421e+00	3.58137e-03
1.66839e+00	3.55369e-03
1.69257e+00	3.52586e-03
1.71675e+00	3.49858e-03
1.74093e+00	3.47179e-03
1.76511e+00	3.44556e-03
1.78929e+00	3.41991e-03
1.81347e+00	3.39474e-03
1.83765e+00	3.37006e-03
1.86183e+00	3.34585e-03
1.88601e+00	3.32222e-03
1.91019e+00	3.29914e-03
1.93437e+00	3.27635e-03
1.95855e+00	3.25367e-03
1.98273e+00	3.23123e-03
2.00691e+00	3.20901e-03
2.03109e+00	3.18712e-03
2.05526e+00	3.16546e-03
2.07944e+00	3.14405e-03
2.10362e+00	3.12287e-03
2.12780e+00	3.10192e-03
2.15198e+00	3.08120e-03
2.17616e+00	3.06068e-03
2.20034e+00	3.04038e-03
2.22452e+00	3.02027e-03
2.24870e+00	3.00037e-03
2.27288e+00	2.98066e-03
2.29706e+00	2.96115e-03
2.32124e+00	2.94183e-03
2.34542e+00	2.92268e-03
2.36960e+00	2.90371e-03
2.39378e+00	2.88492e-03
2.41796e+00	2.86629e-03
2.44214e+00	2.84781e-03
2.46632e+00	2.82948e-03
2.49050e+00	2.81127e-03
2.51468e+00	2.79315e-03
2.53886e+00	2.77517e-03
2.56304e+00	2.75728e-03
2.58722e+00	2.73951e-03
2.61140e+00	2.72185e-03
2.63557e+00	2.70430e-03
2.65975e+00	2.68686e-03
2.68393e+00	2.66954e-03
2.70811e+00	2.65233e-03
2.73229e+00	2.63524e-03
2.75647e+00	2.61828e-03
2.78065e+00	2.60143e-03
2.80483e+00	2.58470e-03
2.82901e+00	2.56809e-03
2.85319e+00	2.55161e-03
2.87737e+00	2.53525e-03
2.90155e+00	2.51901e-03
2.92573e+00	2.50290e-03
2.94991e+00	2.48692e-03
2.97409e+00	2.47107e-03
2.99827e+00	2.45534e-03
3.02245e+00	2.43974e-03
3.04663e+00	2.42427e-03
3.07081e+00	2.40893e-03
3.09499e+00	2.39372e-03
3.11917e+00	2.37865e-03
3.14335e+00	2.36370e-03
3.16753e+00	2.34889e-03
3.19171e+00	2.33422e-03
3.21588e+00	2.31968e-03
3.24006e+00	2.30527e-03
3.26424e+00	2.29100e-03
3.28842e+00	2.27686e-03
3.31260e+00	2.26286e-03
3.33678e+00	2.24899e-03
3.36096e+00	2.23525e-03
3.38514e+00	2.22164e-03
3.40932e+00	2.20817e-03
3.43350e+00	2.19483e-03
3.45768e+00	2.18162e-03
3.48186e+00	2.16854e-03
3.50604e+00	2.15559e-03
3.53022e+00	2.14277e-03
3.55440e+00	2.13008e-03
3.57858e+00	2.11753e-03
3.60276e+00	2.10509e-03
3.62694e+00	2.09279e-03
3.65112e+00	2.08062e-03
3.67530e+00	2.06857e-03
3.69948e+00	2.05665e-03
3.72366e+00	2.04485e-03
3.74784e+00	2.03318e-03
3.77202e+00	2.02163e-03
3.79619e+00	2.01020e-03
3.82037e+00	1.99890e-03
3.84455e+00	1.98772e-03
3.86873e+00	1.97665e-03
3.89291e+00	1.96571e-03
3.91709e+00	1.95489e-03
3.94127e+00	1.94421e-03
3.96545e+00	1.93353e-03
3.98963e+00	1.92315e-03
4.01381e+00	1.91287e-03
4.03799e+00	1.90269e-03
4.06217e+00	1.89261e-03
4.08635e+00	1.88268e-03
4.11053e+00	1.87285e-03
4.13471e+00	1.86313e-03
4.15889e+00	1.85351e-03
4.18307e+00	1.84400e-03
4.20725e+00	1.83459e-03
4.23143e+00	1.82529e-03
4.25561e+00	1.81609e-03
4.27979e+00	1.80699e-03
4.30397e+00	1.79799e-03
4.32815e+00	1.78909e-03
4.35233e+00	1.78029e-03
4.37650e+00	1.77158e-03
4.40068e+00	1.76297e-03
4.42486e+00	1.75445e-03
4.44904e+00	1.74602e-03
4.47322e+00	1.73768e-03
4.49740e+00	1.72944e-03
4.52158e+00	1.72128e-03
4.54576e+00	1.71321e-03
4.56994e+00	1.70523e-03
4.59412e+00	1.69734e-03
4.61830e+00	1.68952e-03
4.64248e+00	1.68180e-03
4.66666e+00	1.67415e-03
4.69084e+00	1.66659e-03
4.71502e+00	1.65910e-03
4.73920e+00	1.65170e-03
4.76338e+00	1.64437e-03
4.78756e+00	1.63712e-03
4.81174e+00	1.62995e-03
4.83592e+00	1.62285e-03
4.86010e+00	1.61582e-03
4.88428e+00	1.60888e-03
4.90846e+00	1.60199e-03
4.93264e+00	1.59519e-03
4.95681e+00	1.58846e-03
4.98099e+00	1.58180e-03
5.00517e+00	1.57519e-03
5.02935e+00	1.56868e-03
5.05353e+00	1.56224e-03
5.07771e+00	1.55586e-03
5.10189e+00	1.54955e-03
5.12607e+00	1.54330e-03
5.15025e+00	1.53711e-03
5.17443e+00	1.53099e-03
5.19861e+00	1.52492e-03
5.22279e+00	1.51892e-03
5.24697e+00	1.51297e-03
5.27115e+00	1.50709e-03
5.29533e+00	1.50126e-03
5.31951e+00	1.49548e-03
5.34369e+00	1.48977e-03
5.36787e+00	1.48410e-03
5.39205e+00	1.47850e-03
5.41623e+00	1.47294e-03
5.44041e+00	1.46744e-03
5.46459e+00	1.46199e-03
5.48877e+00	1.45660e-03
5.51295e+00	1.45125e-03
5.53712e+00	1.44595e-03
5.56130e+00	1.44070e-03
5.58548e+00	1.43551e-03
5.60966e+00	1.43035e-03
5.63384e+00	1.42525e-03
5.65802e+00	1.42019e-03
5.68220e+00	1.41518e-03
5.70638e+00	1.41021e-03
5.73056e+00	1.40529e-03
5.75474e+00	1.40041e-03
5.77892e+00	1.39557e-03
5.80310e+00	1.39078e-03
5.82728e+00	1.38603e-03
5.85146e+00	1.38132e-03
5.87564e+00	1.37665e-03
5.89982e+00	1.37203e-03
5.92400e+00	1.36743e-03
5.94818e+00	1.36287e-03
5.97236e+00	1.35835e-03
5.99654e+00	1.35386e-03
6.02072e+00	1.34944e-03
6.04490e+00	1.34501e-03
6.06908e+00	1.34062e-03
6.09326e+00	1.33626e-03
6.11744e+00	1.33195e-03
6.14161e+00	1.32766e-03
6.16579e+00	1.32342e-03
6.18997e+00	1.31920e-03
6.21415e+00	1.31502e-03
6.23833e+00	1.31087e-03
6.26251e+00	1.30676e-03
6.28669e+00	1.30267e-03
6.31087e+00	1.29862e-03
6.33505e+00	1.29460e-03
6.35923e+00	1.29061e-03
6.38341e+00	1.28665e-03
6.40759e+00	1.28272e-03
6.43177e+00	1.27881e-03
6.45595e+00	1.27494e-03
6.48013e+00	1.27110e-03
6.50431e+00	1.26728e-03
6.52849e+00	1.26349e-03
6.55267e+00	1.25973e-03
6.57685e+00	1.25599e-03
6.60103e+00	1.25229e-03
6.62521e+00	1.24860e-03
6.64939e+00	1.24495e-03
6.67357e+00	1.24132e-03
6.69775e+00	1.23771e-03
6.72192e+00	1.23413e-03
6.74610e+00	1.23057e-03
6.77028e+00	1.22703e-03
6.79446e+00	1.22352e-03
6.81864e+00	1.22004e-03
6.84282e+00	1.21657e-03
6.86700e+00	1.21312e-03
6.89118e+00	1.20969e-03
6.91536e+00	1.20630e-03
6.93954e+00	1.20294e-03
6.96372e+00	1.19950e-03
6.98790e+00	1.19613e-03
7.01208e+00	1.19276e-03
7.03626e+00	1.18941e-03
7.06044e+00	1.18612e-03
7.08462e+00	1.18279e-03
7.10880e+00	1.17947e-03
7.13298e+00	1.17617e-03
7.15716e+00	1.17289e-03
7.18134e+00	1.16964e-03
7.20552e+00	1.16640e-03
7.22970e+00	1.16318e-03
7.25388e+00	1.15997e-03
7.27806e+00	1.15679e-03
7.30223e+00	1.15362e-03
7.32641e+00	1.15047e-03
7.35059e+00	1.14734e-03
7.37477e+00	1.14422e-03
7.39895e+00	1.14112e-03
7.42313e+00	1.13803e-03
7.44731e+00	1.13496e-03
7.47149e+00	1.13191e-03
7.49567e+00	1.12887e-03
7.51985e+00	1.12585e-03
7.54403e+00	1.12284e-03
7.56821e+00	1.11985e-03
7.59239e+00	1.11687e-03
7.61657e+00	1.11390e-03
7.64075e+00	1.11095e-03
7.66493e+00	1.10801e-03
7.68911e+00	1.10509e-03
7.71329e+00	1.10218e-03
7.73747e+00	1.09928e-03
7.76165e+00	1.09640e-03
7.78583e+00	1.09352e-03
7.81001e+00	1.09066e-03
7.83419e+00	1.08782e-03
7.85837e+00	1.08498e-03
7.88254e+00	1.08216e-03
7.90672e+00	1.07934e-03
7.93090e+00	1.07654e-03
7.95508e+00	1.07375e-03
7.97926e+00	1.07097e-03
8.00344e+00	1.06820e-03
8.02762e+00	1.06545e-03
8.05180e+00	1.06270e-03
8.07598e+00	1.05996e-03
8.10016e+00	1.05723e-03
8.12434e+00	1.05451e-03
8.14852e+00	1.05180e-03
8.17270e+00	1.04911e-03
8.19688e+00	1.04642e-03
8.22106e+00	1.04373e-03
8.24524e+00	1.04106e-03
8.26942e+00	1.03840e-03
8.29360e+00	1.03574e-03
8.31778e+00	1.03310e-03
8.34196e+00	1.03046e-03
8.36614e+00	1.02783e-03
8.39032e+00	1.02521e-03
8.41450e+00	1.02259e-03
8.43868e+00	1.01998e-03
8.46285e+00	1.01738e-03
8.48703e+00	1.01479e-03
8.51121e+00	1.01221e-03
8.53539e+00	1.00963e-03
8.55957e+00	1.00705e-03
8.58375e+00	1.00449e-03
8.60793e+00	1.00193e-03
8.63211e+00	9.99375e-04
8.65629e+00	9.96827e-04
8.68047e+00	9.94286e-04
8.70465e+00	9.91750e-04
8.72883e+00	9.89220e-04
8.75301e+00	9.86695e-04
8.77719e+00	9.84176e-04
8.80137e+00	9.81662e-04
8.82555e+00	9.79153e-04
8.84973e+00	9.76649e-04
8.87391e+00	9.74150e-04
8.89809e+00	9.71649e-04
8.92227e+00	9.69176e-04
8.94645e+00	9.66674e-04
8.97063e+00	9.64168e-04
8.99481e+00	9.61675e-04
9.01899e+00	9.59185e-04
9.04316e+00	9.56699e-04
9.06734e+00	9.54217e-04
9.09152e+00	9.51739e-04
9.11570e+00	9.49265e-04
9.13988e+00	9.46794e-04
9.16406e+00	9.44328e-04
9.18824e+00	9.41864e-04
9.21242e+00	9.39404e-04
9.23660e+00	9.36947e-04
9.26078e+00	9.34493e-04
9.28496e+00	9.32046e-04
9.30914e+00	9.29592e-04
9.33332e+00	9.27144e-04
9.35750e+00	9.24699e-04
9.38168e+00	9.22256e-04
9.40586e+00	9.19816e-04
9.43004e+00	9.17379e-04
9.45422e+00	9.14944e-04
9.47840e+00	9.12510e-04
9.50258e+00	9.10080e-04
9.52676e+00	9.07651e-04
9.55094e+00	9.05224e-04
9.57512e+00	9.02799e-04
9.59930e+00	9.00374e-04
9.62347e+00	8.97952e-04
9.64765e+00	8.95541e-04
9.67183e+00	8.93098e-04
9.69601e+00	8.90670e-04
9.72019e+00	8.88242e-04
9.74437e+00	8.85815e-04
9.76855e+00	8.83390e-04
9.79273e+00	8.80966e-04
9.81691e+00	8.78544e-04
9.84109e+00	8.76122e-04
9.86527e+00	8.73702e-04
9.88945e+00	8.71283e-04
9.91363e+00	8.68864e-04
9.93781e+00	8.66447e-04
9.96199e+00	8.64030e-04
9.98617e+00	8.61554e-04
1.00103e+01	8.59310e-04
1.00345e+01	8.56701e-04
1.00587e+01	8.54129e-04
1.00829e+01	8.51590e-04
1.01071e+01	8.49051e-04
1.01312e+01	8.46517e-04
1.01554e+01	8.43987e-04
1.01796e+01	8.41460e-04
1.02038e+01	8.38938e-04
1.02280e+01	8.36419e-04
1.02521e+01	8.33904e-04
1.02763e+01	8.31393e-04
1.03005e+01	8.28885e-04
1.03247e+01	8.26380e-04
1.03489e+01	8.23880e-04
1.03730e+01	8.21383e-04
1.03972e+01	8.18889e-04
1.04214e+01	8.16398e-04
1.04456e+01	8.13911e-04
1.04698e+01	8.11428e-04
1.04939e+01	8.08947e-04
1.05181e+01	8.06470e-04
1.05423e+01	8.03996e-04
1.05665e+01	8.01493e-04
1.05907e+01	7.99099e-04
1.06148e+01	7.96588e-04
1.06390e+01	7.93968e-04
1.06632e+01	7.91419e-04
1.06874e+01	7.88869e-04
1.07116e+01	7.86327e-04
1.07357e+01	7.83792e-04
1.07599e+01	7.81262e-04
1.07841e+01	7.78740e-04
1.08083e+01	7.76223e-04
1.08325e+01	7.73713e-04
1.08566e+01	7.71209e-04
1.08808e+01	7.68712e-04
1.09050e+01	7.66221e-04
1.09292e+01	7.63736e-04
1.09534e+01	7.61258e-04
1.09775e+01	7.58786e-04
1.10017e+01	7.56319e-04
1.10259e+01	7.53859e-04
1.10501e+01	7.51406e-04
1.10742e+01	7.48958e-04
1.10984e+01	7.46516e-04
1.11226e+01	7.44080e-04
1.11468e+01	7.41651e-04
1.11710e+01	7.39227e-04
1.11951e+01	7.36809e-04
1.12193e+01	7.34398e-04
1.12435e+01	7.31992e-04
1.12677e+01	7.29592e-04
1.12919e+01	7.27198e-04
1.13160e+01	7.24810e-04
1.13402e+01	7.22427e-04
1.13644e+01	7.20051e-04
1.13886e+01	7.17680e-04
1.14128e+01	7.15315e-04
1.14369e+01	7.12955e-04
1.14611e+01	7.10602e-04
1.14853e+01	7.08254e-04
1.15095e+01	7.05911e-04
1.15337e+01	7.03574e-04
1.15578e+01	7.01243e-04
1.15820e+01	6.98151e-04
1.16062e+01	6.94267e-04
1.16304e+01	6.89483e-04
1.16546e+01	6.82746e-04
1.16787e+01	6.74617e-04
1.17029e+01	6.66752e-04
1.17271e+01	6.59561e-04
1.17513e+01	6.52758e-04
1.17755e+01	6.45538e-04
1.17996e+01	6.38025e-04
1.18238e+01	6.30271e-04
1.18480e+01	6.20074e-04
1.18722e+01	6.08546e-04
1.18964e+01	5.98950e-04
1.19205e+01	5.90352e-04
1.19447e+01	5.82289e-04
1.19689e+01	5.74532e-04
1.19931e+01	5.66913e-04
1.20173e+01	5.59373e-04
1.20414e+01	5.51851e-04
1.20656e+01	5.44337e-04
1.20898e+01	5.36829e-04
1.21140e+01	5.29307e-04
1.21382e+01	5.21721e-04
1.21623e+01	5.14059e-04
1.21865e+01	5.06333e-04
1.22107e+01	4.98531e-04
1.22349e+01	4.90588e-04
1.22590e+01	4.82492e-04
1.22832e+01	4.74256e-04
1.23074e+01	4.65902e-04
1.23316e+01	4.57495e-04
1.23558e+01	4.49067e-04
1.23799e+01	4.40623e-04
1.24041e+01	4.32176e-04
1.24283e+01	4.23684e-04
1.24525e+01	4.15148e-04
1.24767e+01	4.06572e-04
1.25008e+01	3.97965e-04
1.25250e+01	3.89333e-04
1.25492e+01	3.80717e-04
1.25734e+01	3.72062e-04
1.25976e+01	3.63418e-04
1.26217e+01	3.54827e-04
1.26459e+01	3.46316e-04
1.26701e+01	3.37896e-04
1.26943e+01	3.29571e-04
1.27185e+01	3.21378e-04
1.27426e+01	3.13335e-04
1.27668e+01	3.05456e-04
1.27910e+01	2.97738e-04
1.28152e+01	2.90198e-04
1.28394e+01	2.82902e-04
1.28635e+01	2.75917e-04
1.28877e+01	2.69297e-04
1.29119e+01	2.62883e-04
1.29361e+01	2.56397e-04
1.29603e+01	2.50388e-04
1.29844e+01	2.44655e-04
1.30086e+01	2.38873e-04
1.30328e+01	2.31845e-04
1.30570e+01	2.23661e-04
1.30812e+01	2.16597e-04
1.31053e+01	2.10672e-04
1.31295e+01	2.05694e-04
1.31537e+01	2.01101e-04
1.31779e+01	1.96363e-04
1.32021e+01	1.91339e-04
1.32262e+01	1.86518e-04
1.32504e+01	1.82198e-04
1.32746e+01	1.78195e-04
1.32988e+01	1.74453e-04
1.33230e+01	1.70911e-04
1.33471e+01	1.67510e-04
1.33713e+01	1.64200e-04
1.33955e+01	1.60911e-04
1.34197e+01	1.57623e-04
1.34438e+01	1.54292e-04
1.34680e+01	1.50879e-04
1.34922e+01	1.47466e-04
1.35164e+01	1.44146e-04
1.35406e+01	1.40864e-04
1.35647e+01	1.37611e-04
1.35889e+01	1.34390e-04
1.36131e+01	1.31202e-04
1.36373e+01	1.28055e-04
1.36615e+01	1.24950e-04
1.36856e+01	1.21888e-04
1.37098e+01	1.18869e-04
1.37340e+01	1.15896e-04
1.37582e+01	1.12967e-04
1.37824e+01	1.10085e-04
1.38065e+01	1.07249e-04
1.38307e+01	1.04456e-04
1.38549e+01	1.01709e-04
1.38791e+01	9.90015e-05
1.39033e+01	9.63258e-05
1.39274e+01	9.36803e-05
1.39516e+01	9.10647e-05
1.39758e+01	8.84823e-05
1.40000e+01	8.59335e-05
1.40242e+01	8.34166e-05
1.40483e+01	8.09378e-05
1.40725e+01	7.84988e-05
1.40967e+01	7.60986e-05
1.41209e+01	7.37378e-05
1.41451e+01	7.14181e-05
1.41692e+01	6.91408e-05
1.41934e+01	6.69068e-05
1.42176e+01	6.47172e-05
1.42418e+01	6.25715e-05
1.42660e+01	6.04679e-05
1.42901e+01	5.84069e-05
1.43143e+01	5.63891e-05
1.43385e+01	5.44155e-05
1.43627e+01	5.24868e-05
1.43869e+01	5.06033e-05
1.44110e+01	4.87654e-05
1.44352e+01	4.69733e-05
1.44594e+01	4.52268e-05
1.44836e+01	4.35265e-05
1.45078e+01	4.18720e-05
1.45319e+01	4.02632e-05
1.45561e+01	3.86999e-05
1.45803e+01	3.71818e-05
1.46045e+01	3.57085e-05
1.46286e+01	3.42797e-05
1.46528e+01	3.28947e-05
1.46770e+01	3.15529e-05
1.47012e+01	3.02537e-05
1.47254e+01	2.89967e-05
1.47495e+01	2.77809e-05
1.47737e+01	2.66058e-05
1.47979e+01	2.54704e-05
1.48221e+01	2.43740e-05
1.48463e+01	2.33157e-05
1.48704e+01	2.22948e-05
1.48946e+01	2.13103e-05
1.49188e+01	2.03614e-05
1.49430e+01	1.94473e-05
1.49672e+01	1.85670e-05
1.49913e+01	1.77200e-05
1.50155e+01	1.69059e-05
1.50397e+01	1.61249e-05
1.50639e+01	1.53762e-05
1.50881e+01	1.46589e-05
1.51122e+01	1.39720e-05
1.51364e+01	1.33142e-05
1.51606e+01	1.26846e-05
1.51848e+01	1.20820e-05
1.52090e+01	1.15056e-05
1.52331e+01	1.09543e-05
1.52573e+01	1.04272e-05
1.52815e+01	9.92337e-06
1.53057e+01	9.44192e-06
1.53299e+01	8.98197e-06
1.53540e+01	8.54269e-06
1.53782e+01	8.12325e-06
1.54024e+01	7.72289e-06
1.54266e+01	7.34084e-06
1.54508e+01	6.97636e-06
1.54749e+01	6.62876e-06
1.54991e+01	6.29733e-06
1.55233e+01	5.98141e-06
1.55475e+01	5.68036e-06
1.55717e+01	5.39357e-06
1.55958e+01	5.12043e-06
1.56200e+01	4.86037e-06
1.56442e+01	4.61285e-06
1.56684e+01	4.37732e-06
1.56926e+01	4.15327e-06
1.57167e+01	3.94022e-06
1.57409e+01	3.73768e-06
1.57651e+01	3.54520e-06
1.57893e+01	3.36153e-06
1.58134e+01	3.18610e-06
1.58376e+01	3.01857e-06
1.58618e+01	2.85871e-06
1.58860e+01	2.70621e-06
1.59102e+01	2.56081e-06
1.59343e+01	2.42225e-06
1.59585e+01	2.29025e-06
1.59827e+01	2.16458e-06
1.60069e+01	2.04503e-06
1.60311e+01	1.93144e-06
1.60552e+01	1.82360e-06
1.60794e+01	1.72128e-06
1.61036e+01	1.62424e-06
1.61278e+01	1.53222e-06
1.61520e+01	1.44502e-06
1.61761e+01	1.36238e-06
1.62003e+01	1.28412e-06
1.62245e+01	1.21003e-06
1.62487e+01	1.13989e-06
1.62729e+01	1.07352e-06
1.62970e+01	1.01075e-06
1.63212e+01	9.51395e-07
1.63454e+01	8.95281e-07
1.63696e+01	8.42259e-07
1.63938e+01	7.92163e-07
1.64179e+01	7.44859e-07
1.64421e+01	7.00196e-07
1.64663e+01	6.58045e-07
1.64905e+01	6.18276e-07
1.65147e+01	5.80760e-07
1.65388e+01	5.45376e-07
1.65630e+01	5.12007e-07
1.65872e+01	4.80551e-07
1.66114e+01	4.50908e-07
1.66356e+01	4.22982e-07
1.66597e+01	3.96678e-07
1.66839e+01	3.71912e-07
1.67081e+01	3.48601e-07
1.67323e+01	3.26667e-07
1.67565e+01	3.06033e-07
1.67806e+01	2.86629e-07
1.68048e+01	2.68386e-07
1.68290e+01	2.51239e-07
1.68532e+01	2.35128e-07
1.68774e+01	2.19993e-07
1.69015e+01	2.05781e-07
1.69257e+01	1.92439e-07
1.69499e+01	1.79915e-07
1.69741e+01	1.68165e-07
1.69982e+01	1.57143e-07
1.70224e+01	1.46808e-07
1.70466e+01	1.37122e-07
1.70708e+01	1.28046e-07
1.70950e+01	1.19545e-07
1.71191e+01	1.11584e-07
1.71433e+01	1.04132e-07
1.71675e+01	9.71564e-08
1.71917e+01	9.06288e-08
1.72159e+01	8.45220e-08
1.72400e+01	7.88102e-08
1.72642e+01	7.34693e-08
1.72884e+01	6.84763e-08
1.73126e+01	6.38098e-08
1.73368e+01	5.94491e-08
1.73609e+01	5.53750e-08
1.73851e+01	5.15698e-08
1.74093e+01	4.80164e-08
1.74335e+01	4.46991e-08
1.74577e+01	4.16026e-08
1.74818e+01	3.87129e-08
1.75060e+01	3.60168e-08
1.75302e+01	3.35018e-08
1.75544e+01	3.11562e-08
1.75786e+01	2.89690e-08
1.76027e+01	2.69298e-08
1.76269e+01	2.50291e-08
1.76511e+01	2.32578e-08
1.76753e+01	2.16076e-08
1.76995e+01	2.00704e-08
1.77236e+01	1.86389e-08
1.77478e+01	1.73061e-08
1.77720e+01	1.60654e-08
1.77962e+01	1.49106e-08
1.78204e+01	1.38360e-08
1.78445e+01	1.28363e-08
1.78687e+01	1.19064e-08
1.78929e+01	1.10417e-08
1.79171e+01	1.02377e-08
1.79413e+01	9.49025e-09
1.79654e+01	8.79559e-09
1.79896e+01	8.15020e-09
1.80138e+01	7.55077e-09
1.80380e+01	6.99421e-09
1.80621e+01	6.47758e-09
1.80863e+01	5.99814e-09
1.81105e+01	5.55330e-09
1.81347e+01	5.14065e-09
1.81589e+01	4.75792e-09
1.81830e+01	4.40304e-09
1.82072e+01	4.07398e-09
1.82314e+01	3.76892e-09
1.82556e+01	3.48616e-09
1.82798e+01	3.22412e-09
1.83039e+01	2.98131e-09
1.83281e+01	2.75638e-09
1.83523e+01	2.54804e-09
1.83765e+01	2.35509e-09
1.84007e+01	2.17642e-09
1.84248e+01	2.01101e-09
1.84490e+01	1.85789e-09
1.84732e+01	1.71619e-09
1.84974e+01	1.58506e-09
1.85216e+01	1.46373e-09
1.85457e+01	1.35148e-09
1.85699e+01	1.24766e-09
1.85941e+01	1.15163e-09
1.86183e+01	1.06284e-09
1.86425e+01	9.80744e-10
1.86666e+01	9.04852e-10
1.86908e+01	8.34708e-10
1.87150e+01	7.69885e-10
1.87392e+01	7.09990e-10
1.87634e+01	6.54656e-10
1.87875e+01	6.03543e-10
1.88117e+01	5.56338e-10
1.88359e+01	5.12748e-10
1.88601e+01	4.72504e-10
1.88843e+01	4.35353e-10
1.89084e+01	4.01063e-10
1.89326e+01	3.69418e-10
1.89568e+01	3.40219e-10
1.89810e+01	3.13282e-10
1.90052e+01	2.88437e-10
1.90293e+01	2.65527e-10
1.90535e+01	2.44406e-10
1.90777e+01	2.24938e-10
1.91019e+01	2.06997e-10
1.91261e+01	1.90465e-10
1.91502e+01	1.75233e-10
1.91744e+01	1.61200e-10
1.91986e+01	1.48274e-10
1.92228e+01	1.36370e-10
1.92469e+01	1.25407e-10
1.92711e+01	1.15312e-10
1.92953e+01	1.06018e-10
1.93195e+01	9.74625e-11
1.93437e+01	8.95872e-11
1.93678e+01	8.23392e-11
1.93920e+01	7.56694e-11
1.94162e+01	6.95323e-11
1.94404e+01	6.38861e-11
1.94646e+01	5.86919e-11
1.94887e+01	5.39142e-11
1.95129e+01	4.95201e-11
1.95371e+01	4.54792e-11
1.95613e+01	4.17637e-11
1.95855e+01	3.83476e-11
1.96096e+01	3.52071e-11
1.96338e+01	3.23202e-11
1.96580e+01	2.96668e-11
1.96822e+01	2.72282e-11
1.97064e+01	2.49874e-11
1.97305e+01	2.29286e-11
1.97547e+01	2.10371e-11
1.97789e+01	1.92995e-11
1.98031e+01	1.77035e-11
1.98273e+01	1.62376e-11
1.98514e+01	1.48913e-11
1.98756e+01	1.36549e-11
1.98998e+01	1.25198e-11
1.99240e+01	1.14776e-11
1.99482e+01	1.05209e-11
1.99723e+01	9.64265e-12
1.99965e+01	8.83668e-12
2.00207e+01	8.09717e-12
2.00449e+01	7.41866e-12
2.00691e+01	6.79621e-12
2.00932e+01	6.22526e-12
2.01174e+01	5.70162e-12
2.01416e+01	5.22144e-12
2.01658e+01	4.78117e-12
2.01900e+01	4.37753e-12
2.02141e+01	4.00753e-12
2.02383e+01	3.66839e-12
2.02625e+01	3.35758e-12
2.02867e+01	3.07277e-12
2.03109e+01	2.81181e-12
2.03350e+01	2.57271e-12
2.03592e+01	2.35369e-12
2.03834e+01	2.15306e-12
2.04076e+01	1.96932e-12
2.04317e+01	1.80105e-12
2.04559e+01	1.64696e-12
2.04801e+01	1.50588e-12
2.05043e+01	1.37674e-12
2.05285e+01	1.25856e-12
2.05526e+01	1.15042e-12
2.05768e+01	1.05147e-12
2.06010e+01	9.60940e-13
2.06252e+01	8.78127e-13
2.06494e+01	8.02380e-13
2.06735e+01	7.33100e-13
2.06977e+01	6.69741e-13
2.07219e+01	6.11804e-13
2.07461e+01	5.58828e-13
2.07703e+01	5.10394e-13
2.07944e+01	4.66115e-13
2.08186e+01	4.25640e-13
2.08428e+01	3.88646e-13
2.08670e+01	3.54834e-13
2.08912e+01	3.23936e-13
2.09153e+01	2.95701e-13
2.09395e+01	2.69904e-13
2.09637e+01	2.46335e-13
2.09879e+01	2.24804e-13
2.10121e+01	2.05138e-13
2.10362e+01	1.87177e-13
2.10604e+01	1.70775e-13
2.10846e+01	1.55798e-13
2.11088e+01	1.42124e-13
2.11330e+01	1.29640e-13
2.11571e+01	1.18243e-13
2.11813e+01	1.07840e-13
2.12055e+01	9.83446e-14
2.12297e+01	8.96783e-14
2.12539e+01	8.17696e-14
2.12780e+01	7.45528e-14
2.13022e+01	6.79680e-14
2.13264e+01	6.19601e-14
2.13506e+01	5.64791e-14
2.13748e+01	5.14792e-14
2.13989e+01	4.69184e-14
2.14231e+01	4.27586e-14
2.14473e+01	3.89647e-14
2.14715e+01	3.55048e-14
2.14957e+01	3.23496e-14
2.15198e+01	2.94725e-14
2.15440e+01	2.68492e-14
2.15682e+01	2.44576e-14
2.15924e+01	2.22773e-14
2.16165e+01	2.02897e-14
2.16407e+01	1.84780e-14
2.16649e+01	1.68267e-14
2.16891e+01	1.53218e-14
2.17133e+01	1.39503e-14
2.17374e+01	1.27006e-14
2.17616e+01	1.15619e-14
2.17858e+01	1.05245e-14
2.18100e+01	9.57932e-15
2.18342e+01	8.71834e-15
2.18583e+01	7.93408e-15
2.18825e+01	7.21978e-15
2.19067e+01	6.56925e-15
2.19309e+01	5.97683e-15
2.19551e+01	5.43745e-15
2.19792e+01	4.94638e-15
2.20034e+01	4.49934e-15
2.20276e+01	4.09239e-15
2.20518e+01	3.72198e-15
2.20760e+01	3.38491e-15
2.21001e+01	3.07823e-15
2.21243e+01	2.79920e-15
2.21485e+01	2.54535e-15
2.21727e+01	2.31441e-15
2.21969e+01	2.10433e-15
2.22210e+01	1.91324e-15
2.22452e+01	1.73941e-15
2.22694e+01	1.58131e-15
2.22936e+01	1.43752e-15
2.23178e+01	1.30674e-15
2.23419e+01	1.18781e-15
2.23661e+01	1.07966e-15
2.23903e+01	9.81308e-16
2.24145e+01	8.91880e-16
2.24387e+01	8.10567e-16
2.24628e+01	7.36634e-16
2.24870e+01	6.69413e-16
2.25112e+01	6.08299e-16
2.25354e+01	5.52739e-16
2.25596e+01	5.02232e-16
2.25837e+01	4.56319e-16
2.26079e+01	4.14582e-16
2.26321e+01	3.76644e-16
2.26563e+01	3.42160e-16
2.26805e+01	3.10817e-16
2.27046e+01	2.82331e-16
2.27288e+01	2.56444e-16
2.27530e+01	2.32918e-16
2.27772e+01	2.11540e-16
2.28013e+01	1.92115e-16
2.28255e+01	1.74465e-16
2.28497e+01	1.58428e-16
2.28739e+01	1.43859e-16
2.28981e+01	1.30623e-16
2.29222e+01	1.18598e-16
2.29464e+01	1.07676e-16
2.29706e+01	9.77542e-17
2.29948e+01	8.87424e-17
2.30190e+01	8.05583e-17
2.30431e+01	7.31262e-17
2.30673e+01	6.63773e-17
2.30915e+01	6.02491e-17
2.31157e+01	5.46847e-17
2.31399e+01	4.96326e-17
2.31640e+01	4.50459e-17
2.31882e+01	4.08819e-17
2.32124e+01	3.71018e-17
2.32366e+01	3.36704e-17
2.32608e+01	3.05558e-17
2.32849e+01	2.77288e-17
2.33091e+01	2.51630e-17
2.33333e+01	2.28345e-17
2.33575e+01	2.07214e-17
2.33817e+01	1.88040e-17
2.34058e+01	1.70642e-17
2.34300e+01	1.54859e-17
2.34542e+01	1.40541e-17
2.34784e+01	1.27555e-17
2.35026e+01	1.15778e-17
2.35267e+01	1.05099e-17
2.35509e+01	9.54180e-18
2.35751e+01	8.66435e-18
2.35993e+01	7.86928e-18
2.36235e+01	7.14909e-18
2.36476e+01	6.49697e-18
2.36718e+01	5.90675e-18
2.36960e+01	5.37285e-18
2.37202e+01	4.89022e-18
2.37444e+01	4.45428e-18
2.37685e+01	4.06089e-18
2.37927e+01	3.70632e-18
2.38169e+01	3.38720e-18
2.38411e+01	3.10050e-18
2.38653e+01	2.84350e-18
2.38894e+01	2.61374e-18
2.39136e+01	2.40905e-18
2.39378e+01	2.22747e-18
2.39620e+01	2.06726e-18
2.39861e+01	1.92691e-18
2.40103e+01	1.80507e-18
2.40345e+01	1.70058e-18
2.40587e+01	1.61243e-18
2.40829e+01	1.53980e-18
2.41070e+01	1.48197e-18
2.41312e+01	1.43839e-18
2.41554e+01	1.40870e-18
2.41796e+01	1.39230e-18
