# The ell = 1 distribution, the first anisotropy.
# E_N [Td]	3.00000e+01
# col_1: Electron Energy [eV], col_2: f1 [eV^(-3/2)]
eV	f1
2.76741e-02	1.02921e-03
5.53481e-02	2.61751e-03
8.30222e-02	3.30934e-03
1.10696e-01	3.64134e-03
1.38370e-01	3.78062e-03
1.66044e-01	3.86241e-03
1.93718e-01	3.84770e-03
2.21393e-01	3.84040e-03
2.49067e-01	3.81743e-03
2.76741e-01	3.79887e-03
3.04415e-01	3.84636e-03
3.32089e-01	3.88141e-03
3.59763e-01	3.85665e-03
3.87437e-01	3.83118e-03
4.15111e-01	3.81028e-03
4.42785e-01	3.79688e-03
4.70459e-01	3.78938e-03
4.98133e-01	3.78708e-03
5.25807e-01	3.78987e-03
5.53481e-01	3.79713e-03
5.81155e-01	3.80966e-03
6.08830e-01	3.82726e-03
6.36504e-01	3.84932e-03
6.64178e-01	3.87546e-03
6.91852e-01	3.90502e-03
7.19526e-01	3.93584e-03
7.47200e-01	3.96755e-03
7.74874e-01	3.99987e-03
8.02548e-01	4.03299e-03
8.30222e-01	4.06674e-03
8.57896e-01	4.10095e-03
8.85570e-01	4.13522e-03
9.13244e-01	4.16906e-03
9.40918e-01	4.20233e-03
9.68592e-01	4.23496e-03
9.96267e-01	4.26646e-03
1.02394e+00	4.29638e-03
1.05161e+00	4.32454e-03
1.07929e+00	4.35059e-03
1.10696e+00	4.37491e-03
1.13464e+00	4.39708e-03
1.16231e+00	4.41543e-03
1.18999e+00	4.43088e-03
1.21766e+00	4.44614e-03
1.24533e+00	4.46073e-03
1.27301e+00	4.47219e-03
1.30068e+00	4.47837e-03
1.32836e+00	4.47937e-03
1.35603e+00	4.47470e-03
1.38370e+00	4.47030e-03
1.41138e+00	4.46583e-03
1.43905e+00	4.45915e-03
1.46673e+00	4.45049e-03
1.49440e+00	4.44548e-03
1.52207e+00	4.44452e-03
1.54975e+00	4.43439e-03
1.57742e+00	4.41763e-03
1.60510e+00	4.39541e-03
1.63277e+00	4.37160e-03
1.66044e+00	4.34717e-03
1.68812e+00	4.32093e-03
1.71579e+00	4.29450e-03
1.74347e+00	4.26884e-03
1.77114e+00	4.24390e-03
1.79881e+00	4.21948e-03
1.82649e+00	4.19561e-03
1.85416e+00	4.17236e-03
1.88184e+00	4.14967e-03
1.90951e+00	4.12768e-03
1.93718e+00	4.10644e-03
1.96486e+00	4.08517e-03
1.99253e+00	4.06384e-03
2.02021e+00	4.04275e-03
2.04788e+00	4.02189e-03
2.07556e+00	4.00122e-03
2.10323e+00	3.98074e-03
2.13090e+00	3.96043e-03
2.15858e+00	3.94029e-03
2.18625e+00	3.92030e-03
2.21393e+00	3.90045e-03
2.24160e+00	3.88074e-03
2.26927e+00	3.86116e-03
2.29695e+00	3.84172e-03
2.32462e+00	3.82241e-03
2.35230e+00	3.80323e-03
2.37997e+00	3.78415e-03
2.40764e+00	3.76520e-03
2.43532e+00	3.74633e-03
2.46299e+00	3.72753e-03
2.49067e+00	3.70879e-03
2.51834e+00	3.68999e-03
2.54601e+00	3.67116e-03
2.57369e+00	3.65229e-03
2.60136e+00	3.63340e-03
2.62904e+00	3.61447e-03
2.65671e+00	3.59551e-03
2.68438e+00	3.57654e-03
2.71206e+00	3.55754e-03
2.73973e+00	3.53854e-03
2.76741e+00	3.51953e-03
2.79508e+00	3.50050e-03
2.82276e+00	3.48148e-03
2.85043e+00	3.46246e-03
2.87810e+00	3.44344e-03
2.90578e+00	3.42444e-03
2.93345e+00	3.40545e-03
2.96113e+00	3.38649e-03
2.98880e+00	3.36754e-03
3.01647e+00	3.34863e-03
3.04415e+00	3.32975e-03
3.07182e+00	3.31091e-03
3.09950e+00	3.29211e-03
3.12717e+00	3.27336e-03
3.15484e+00	3.25465e-03
3.18252e+00	3.23601e-03
3.21019e+00	3.21743e-03
3.23787e+00	3.19890e-03
3.26554e+00	3.18045e-03
3.29321e+00	3.16206e-03
3.32089e+00	3.14375e-03
3.34856e+00	3.12552e-03
3.37624e+00	3.10736e-03
3.40391e+00	3.08928e-03
3.43158e+00	3.07128e-03
3.45926e+00	3.05336e-03
3.48693e+00	3.03553e-03
3.51461e+00	3.01778e-03
3.54228e+00	3.00013e-03
3.56996e+00	2.98257e-03
3.59763e+00	2.96510e-03
3.62530e+00	2.94774e-03
3.65298e+00	2.93047e-03
3.68065e+00	2.91332e-03
3.70833e+00	2.89627e-03
3.73600e+00	2.87933e-03
3.76367e+00	2.86250e-03
3.79135e+00	2.84579e-03
3.81902e+00	2.82920e-03
3.84670e+00	2.81272e-03
3.87437e+00	2.79636e-03
3.90204e+00	2.78012e-03
3.92972e+00	2.76402e-03
3.95739e+00	2.74799e-03
3.98507e+00	2.73216e-03
4.01274e+00	2.71649e-03
4.04041e+00	2.70092e-03
4.06809e+00	2.68548e-03
4.09576e+00	2.67018e-03
4.12344e+00	2.65501e-03
4.15111e+00	2.63996e-03
4.17878e+00	2.62504e-03
4.20646e+00	2.61025e-03
4.23413e+00	2.59559e-03
4.26181e+00	2.58105e-03
4.28948e+00	2.56664e-03
4.31715e+00	2.55236e-03
4.34483e+00	2.53821e-03
4.37250e+00	2.52418e-03
4.40018e+00	2.51028e-03
4.42785e+00	2.49650e-03
4.45553e+00	2.48285e-03
4.48320e+00	2.46933e-03
4.51087e+00	2.45592e-03
4.53855e+00	2.44265e-03
4.56622e+00	2.42949e-03
4.59390e+00	2.41646e-03
4.62157e+00	2.40355e-03
4.64924e+00	2.39076e-03
4.67692e+00	2.37809e-03
4.70459e+00	2.36554e-03
4.73227e+00	2.35312e-03
4.75994e+00	2.34081e-03
4.78761e+00	2.32861e-03
4.81529e+00	2.31654e-03
4.84296e+00	2.30458e-03
4.87064e+00	2.29274e-03
4.89831e+00	2.28100e-03
4.92598e+00	2.26939e-03
4.95366e+00	2.25789e-03
4.98133e+00	2.24651e-03
5.00901e+00	2.23521e-03
5.03668e+00	2.22407e-03
5.06435e+00	2.21302e-03
5.09203e+00	2.20208e-03
5.11970e+00	2.19125e-03
5.14738e+00	2.18052e-03
5.17505e+00	2.16990e-03
5.20273e+00	2.15938e-03
5.23040e+00	2.14896e-03
5.25807e+00	2.13864e-03
5.28575e+00	2.12843e-03
5.31342e+00	2.11831e-03
5.34110e+00	2.10829e-03
5.36877e+00	2.09836e-03
5.39644e+00	2.08853e-03
5.42412e+00	2.07880e-03
5.45179e+00	2.06916e-03
5.47947e+00	2.05961e-03
5.50714e+00	2.05016e-03
5.53481e+00	2.04079e-03
5.56249e+00	2.03152e-03
5.59016e+00	2.02233e-03
5.61784e+00	2.01323e-03
5.64551e+00	2.00421e-03
5.67318e+00	1.99528e-03
5.70086e+00	1.98643e-03
5.72853e+00	1.97767e-03
5.75621e+00	1.96899e-03
5.78388e+00	1.96039e-03
5.81155e+00	1.95187e-03
5.83923e+00	1.94343e-03
5.86690e+00	1.93506e-03
5.89458e+00	1.92678e-03
5.92225e+00	1.91857e-03
5.94993e+00	1.91043e-03
5.97760e+00	1.90236e-03
6.00527e+00	1.89437e-03
6.03295e+00	1.88645e-03
6.06062e+00	1.87858e-03
6.08830e+00	1.87078e-03
6.11597e+00	1.86306e-03
6.14364e+00	1.85541e-03
6.17132e+00	1.84782e-03
6.19899e+00	1.84030e-03
6.22667e+00	1.83285e-03
6.25434e+00	1.82546e-03
6.28201e+00	1.81813e-03
6.30969e+00	1.81087e-03
6.33736e+00	1.80367e-03
6.36504e+00	1.79654e-03
6.39271e+00	1.78946e-03
6.42038e+00	1.78245e-03
6.44806e+00	1.77549e-03
6.47573e+00	1.76859e-03
6.50341e+00	1.76175e-03
6.53108e+00	1.75497e-03
6.55875e+00	1.74825e-03
6.58643e+00	1.74158e-03
6.61410e+00	1.73496e-03
6.64178e+00	1.72840e-03
6.66945e+00	1.72189e-03
6.69713e+00	1.71544e-03
6.72480e+00	1.70903e-03
6.75247e+00	1.70268e-03
6.78015e+00	1.69638e-03
6.80782e+00	1.69013e-03
6.83550e+00	1.68392e-03
6.86317e+00	1.67777e-03
6.89084e+00	1.67165e-03
6.91852e+00	1.66562e-03
6.94619e+00	1.65958e-03
6.97387e+00	1.65357e-03
7.00154e+00	1.64762e-03
7.02921e+00	1.64170e-03
7.05689e+00	1.63586e-03
7.08456e+00	1.63002e-03
7.11224e+00	1.62421e-03
7.13991e+00	1.61845e-03
7.16758e+00	1.61273e-03
7.19526e+00	1.60705e-03
7.22293e+00	1.60142e-03
7.25061e+00	1.59583e-03
7.27828e+00	1.59027e-03
7.30595e+00	1.58476e-03
7.33363e+00	1.57929e-03
7.36130e+00	1.57385e-03
7.38898e+00	1.56845e-03
7.41665e+00	1.56309e-03
7.44432e+00	1.55777e-03
7.47200e+00	1.55248e-03
7.49967e+00	1.54723e-03
7.52735e+00	1.54202e-03
7.55502e+00	1.53684e-03
7.58270e+00	1.53169e-03
7.61037e+00	1.52658e-03
7.63804e+00	1.52150e-03
7.66572e+00	1.51646e-03
7.69339e+00	1.51145e-03
7.72107e+00	1.50647e-03
7.74874e+00	1.50152e-03
7.77641e+00	1.49661e-03
7.80409e+00	1.49173e-03
7.83176e+00	1.48687e-03
7.85944e+00	1.48205e-03
7.88711e+00	1.47726e-03
7.91478e+00	1.47250e-03
7.94246e+00	1.46776e-03
7.97013e+00	1.46306e-03
7.99781e+00	1.45838e-03
8.02548e+00	1.45373e-03
8.05315e+00	1.44911e-03
8.08083e+00	1.44452e-03
8.10850e+00	1.43995e-03
8.13618e+00	1.43541e-03
8.16385e+00	1.43090e-03
8.19152e+00	1.42641e-03
8.21920e+00	1.42195e-03
8.24687e+00	1.41751e-03
8.27455e+00	1.41310e-03
8.30222e+00	1.40871e-03
8.32990e+00	1.40435e-03
8.35757e+00	1.40001e-03
8.38524e+00	1.39569e-03
8.41292e+00	1.39140e-03
8.44059e+00	1.38713e-03
8.46827e+00	1.38288e-03
8.49594e+00	1.37866e-03
8.52361e+00	1.37446e-03
8.55129e+00	1.37027e-03
8.57896e+00	1.36611e-03
8.60664e+00	1.36197e-03
8.63431e+00	1.35786e-03
8.66198e+00	1.35376e-03
8.68966e+00	1.34968e-03
8.71733e+00	1.34562e-03
8.74501e+00	1.34158e-03
8.77268e+00	1.33757e-03
8.80035e+00	1.33357e-03
8.82803e+00	1.32959e-03
8.85570e+00	1.32562e-03
8.88338e+00	1.32168e-03
8.91105e+00	1.31775e-03
8.93872e+00	1.31385e-03
8.96640e+00	1.30994e-03
8.99407e+00	1.30605e-03
9.02175e+00	1.30218e-03
9.04942e+00	1.29833e-03
9.07710e+00	1.29449e-03
9.10477e+00	1.29067e-03
9.13244e+00	1.28687e-03
9.16012e+00	1.28308e-03
9.18779e+00	1.27931e-03
9.21547e+00	1.27556e-03
9.24314e+00	1.27182e-03
9.27081e+00	1.26809e-03
9.29849e+00	1.26438e-03
9.32616e+00	1.26068e-03
9.35384e+00	1.25700e-03
9.38151e+00	1.25333e-03
9.40918e+00	1.24968e-03
9.43686e+00	1.24604e-03
9.46453e+00	1.24241e-03
9.49221e+00	1.23880e-03
9.51988e+00	1.23520e-03
9.54755e+00	1.23161e-03
9.57523e+00	1.22804e-03
9.60290e+00	1.22448e-03
9.63058e+00	1.22094e-03
9.65825e+00	1.21739e-03
9.68592e+00	1.21385e-03
9.71360e+00	1.21033e-03
9.74127e+00	1.20682e-03
9.76895e+00	1.20333e-03
9.79662e+00	1.19984e-03
9.82430e+00	1.19637e-03
9.85197e+00	1.19290e-03
9.87964e+00	1.18945e-03
9.90732e+00	1.18601e-03
9.93499e+00	1.18258e-03
9.96267e+00	1.17915e-03
9.99034e+00	1.17572e-03
1.00180e+01	1.17244e-03
1.00457e+01	1.16883e-03
1.00734e+01	1.16536e-03
1.01010e+01	1.16188e-03
1.01287e+01	1.15842e-03
1.01564e+01	1.15497e-03
1.01841e+01	1.15154e-03
1.02117e+01	1.14812e-03
1.02394e+01	1.14470e-03
1.02671e+01	1.14130e-03
1.02948e+01	1.13792e-03
1.03224e+01	1.13454e-03
1.03501e+01	1.13118e-03
1.03778e+01	1.12782e-03
1.04055e+01	1.12448e-03
1.04331e+01	1.12115e-03
1.04608e+01	1.11783e-03
1.04885e+01	1.11452e-03
1.05161e+01	1.11122e-03
1.05438e+01	1.10794e-03
1.05715e+01	1.10462e-03
1.05992e+01	1.10148e-03
1.06268e+01	1.09804e-03
1.06545e+01	1.09472e-03
1.06822e+01	1.09140e-03
1.07099e+01	1.08810e-03
1.07375e+01	1.08480e-03
1.07652e+01	1.08152e-03
1.07929e+01	1.07826e-03
1.08206e+01	1.07500e-03
1.08482e+01	1.07176e-03
1.08759e+01	1.06853e-03
1.09036e+01	1.06531e-03
1.09313e+01	1.06211e-03
1.09589e+01	1.05891e-03
1.09866e+01	1.05573e-03
1.10143e+01	1.05256e-03
1.10420e+01	1.04940e-03
1.10696e+01	1.04625e-03
1.10973e+01	1.04312e-03
1.11250e+01	1.03999e-03
1.11527e+01	1.03688e-03
1.11803e+01	1.03378e-03
1.12080e+01	1.03069e-03
1.12357e+01	1.02761e-03
1.12633e+01	1.02454e-03
1.12910e+01	1.02149e-03
1.13187e+01	1.01844e-03
1.13464e+01	1.01541e-03
1.13740e+01	1.01238e-03
1.14017e+01	1.00937e-03
1.14294e+01	1.00636e-03
1.14571e+01	1.00337e-03
1.14847e+01	1.00039e-03
1.15124e+01	9.97417e-04
1.15401e+01	9.94456e-04
1.15678e+01	9.91302e-04
1.15954e+01	9.87249e-04
1.16231e+01	9.82256e-04
1.16508e+01	9.75399e-04
1.16785e+01	9.66747e-04
1.17061e+01	9.58344e-04
1.17338e+01	9.50690e-04
1.17615e+01	9.43171e-04
1.17892e+01	9.35061e-04
1.18168e+01	9.26769e-04
1.18445e+01	9.16900e-04
1.18722e+01	9.04402e-04
1.18999e+01	8.94011e-04
1.19275e+01	8.84627e-04
1.19552e+01	8.75744e-04
1.19829e+01	8.67074e-04
1.20105e+01	8.58496e-04
1.20382e+01	8.49904e-04
1.20659e+01	8.41272e-04
1.20936e+01	8.32599e-04
1.21212e+01	8.23848e-04
1.21489e+01	8.14951e-04
1.21766e+01	8.05907e-04
1.22043e+01	7.96731e-04
1.22319e+01	7.87325e-04
1.22596e+01	7.77655e-04
1.22873e+01	7.67731e-04
1.23150e+01	7.57580e-04
1.23426e+01	7.47316e-04
1.23703e+01	7.36950e-04
1.23980e+01	7.26493e-04
1.24257e+01	7.15910e-04
1.24533e+01	7.05183e-04
1.24810e+01	6.94314e-04
1.25087e+01	6.83313e-04
1.25364e+01	6.72208e-04
1.25640e+01	6.61000e-04
1.25917e+01	6.49664e-04
1.26194e+01	6.38305e-04
1.26471e+01	6.26960e-04
1.26747e+01	6.15654e-04
1.27024e+01	6.04395e-04
1.27301e+01	5.93255e-04
1.27577e+01	5.82262e-04
1.27854e+01	5.71425e-04
1.28131e+01	5.60750e-04
1.28408e+01	5.50367e-04
1.28684e+01	5.40397e-04
1.28961e+01	5.30895e-04
1.29238e+01	5.21395e-04
1.29515e+01	5.12162e-04
1.29791e+01	5.03579e-04
1.30068e+01	4.94890e-04
1.30345e+01	4.84247e-04
1.30622e+01	4.71897e-04
1.30898e+01	4.61575e-04
1.31175e+01	4.52962e-04
1.31452e+01	4.45612e-04
1.31729e+01	4.38156e-04
1.32005e+01	4.30105e-04
1.32282e+01	4.22273e-04
1.32559e+01	4.15245e-04
1.32836e+01	4.08691e-04
1.33112e+01	4.02557e-04
1.33389e+01	3.96698e-04
1.33666e+01	3.90991e-04
1.33943e+01	3.85292e-04
1.34219e+01	3.79545e-04
1.34496e+01	3.73660e-04
1.34773e+01	3.67554e-04
1.35049e+01	3.61497e-04
1.35326e+01	3.55525e-04
1.35603e+01	3.49553e-04
1.35880e+01	3.43588e-04
1.36156e+01	3.37632e-04
1.36433e+01	3.31702e-04
1.36710e+01	3.25801e-04
1.36987e+01	3.19931e-04
1.37263e+01	3.14096e-04
1.37540e+01	3.08297e-04
1.37817e+01	3.02538e-04
1.38094e+01	2.96819e-04
1.38370e+01	2.91136e-04
1.38647e+01	2.85490e-04
1.38924e+01	2.79862e-04
1.39201e+01	2.74244e-04
1.39477e+01	2.68628e-04
1.39754e+01	2.63023e-04
1.40031e+01	2.57431e-04
1.40308e+01	2.51851e-04
1.40584e+01	2.46297e-04
1.40861e+01	2.40773e-04
1.41138e+01	2.35278e-04
1.41415e+01	2.29817e-04
1.41691e+01	2.24395e-04
1.41968e+01	2.19016e-04
1.42245e+01	2.13685e-04
1.42521e+01	2.08399e-04
1.42798e+01	2.03158e-04
1.43075e+01	1.97964e-04
1.43352e+01	1.92823e-04
1.43628e+01	1.87739e-04
1.43905e+01	1.82715e-04
1.44182e+01	1.77754e-04
1.44459e+01	1.72859e-04
1.44735e+01	1.68034e-04
1.45012e+01	1.63281e-04
1.45289e+01	1.58601e-04
1.45566e+01	1.53999e-04
1.45842e+01	1.49474e-04
1.46119e+01	1.45029e-04
1.46396e+01	1.40665e-04
1.46673e+01	1.36384e-04
1.46949e+01	1.32185e-04
1.47226e+01	1.28071e-04
1.47503e+01	1.24041e-04
1.47780e+01	1.20097e-04
1.48056e+01	1.16238e-04
1.48333e+01	1.12464e-04
1.48610e+01	1.08775e-04
1.48886e+01	1.05171e-04
1.49163e+01	1.01653e-04
1.49440e+01	9.82183e-05
1.49717e+01	9.48680e-05
1.49993e+01	9.16031e-05
1.50270e+01	8.84264e-05
1.50547e+01	8.53410e-05
1.50824e+01	8.23468e-05
1.51100e+01	7.94422e-05
1.51377e+01	7.66251e-05
1.51654e+01	7.38938e-05
1.51931e+01	7.12463e-05
1.52207e+01	6.86809e-05
1.52484e+01	6.61958e-05
1.52761e+01	6.37890e-05
1.53038e+01	6.14588e-05
1.53314e+01	5.92033e-05
1.53591e+01	5.70208e-05
1.53868e+01	5.49094e-05
1.54145e+01	5.28673e-05
1.54421e+01	5.08930e-05
1.54698e+01	4.89847e-05
1.54975e+01	4.71407e-05
1.55252e+01	4.53592e-05
1.55528e+01	4.36387e-05
1.55805e+01	4.19775e-05
1.56082e+01	4.03741e-05
1.56358e+01	3.88268e-05
1.56635e+01	3.73342e-05
1.56912e+01	3.58946e-05
1.57189e+01	3.45067e-05
1.57465e+01	3.31690e-05
1.57742e+01	3.18798e-05
1.58019e+01	3.06295e-05
1.58296e+01	2.94174e-05
1.58572e+01	2.82430e-05
1.58849e+01	2.71058e-05
1.59126e+01	2.60049e-05
1.59403e+01	2.49398e-05
1.59679e+01	2.39097e-05
1.59956e+01	2.29142e-05
1.60233e+01	2.19533e-05
1.60510e+01	2.10268e-05
1.60786e+01	2.01342e-05
1.61063e+01	1.92746e-05
1.61340e+01	1.84470e-05
1.61617e+01	1.76506e-05
1.61893e+01	1.68843e-05
1.62170e+01	1.61474e-05
1.62447e+01	1.54388e-05
1.62724e+01	1.47578e-05
1.63000e+01	1.41034e-05
1.63277e+01	1.34748e-05
1.63554e+01	1.28713e-05
1.63830e+01	1.22918e-05
1.64107e+01	1.17358e-05
1.64384e+01	1.12023e-05
1.64661e+01	1.06906e-05
1.64937e+01	1.02001e-05
1.65214e+01	9.72976e-06
1.65491e+01	9.27892e-06
1.65768e+01	8.84680e-06
1.66044e+01	8.43284e-06
1.66321e+01	8.03634e-06
1.66598e+01	7.65665e-06
1.66875e+01	7.29318e-06
1.67151e+01	6.94535e-06
1.67428e+01	6.61258e-06
1.67705e+01	6.29429e-06
1.67982e+01	5.98996e-06
1.68258e+01	5.69902e-06
1.68535e+01	5.42098e-06
1.68812e+01	5.15533e-06
1.69089e+01	4.90161e-06
1.69365e+01	4.65932e-06
1.69642e+01	4.42800e-06
1.69919e+01	4.20725e-06
1.70196e+01	3.99664e-06
1.70472e+01	3.79580e-06
1.70749e+01	3.60434e-06
1.71026e+01	3.42188e-06
1.71302e+01	3.24805e-06
1.71579e+01	3.08246e-06
1.71856e+01	2.92477e-06
1.72133e+01	2.77461e-06
1.72409e+01	2.63168e-06
1.72686e+01	2.49566e-06
1.72963e+01	2.36624e-06
1.73240e+01	2.24312e-06
1.73516e+01	2.12603e-06
1.73793e+01	2.01468e-06
1.74070e+01	1.90882e-06
1.74347e+01	1.80820e-06
1.74623e+01	1.71259e-06
1.74900e+01	1.62174e-06
1.75177e+01	1.53543e-06
1.75454e+01	1.45347e-06
1.75730e+01	1.37562e-06
1.76007e+01	1.30171e-06
1.76284e+01	1.23155e-06
1.76561e+01	1.16495e-06
1.76837e+01	1.10176e-06
1.77114e+01	1.04181e-06
1.77391e+01	9.84945e-07
1.77668e+01	9.31018e-07
1.77944e+01	8.79886e-07
1.78221e+01	8.31406e-07
1.78498e+01	7.85460e-07
1.78774e+01	7.41917e-07
1.79051e+01	7.00662e-07
1.79328e+01	6.61579e-07
1.79605e+01	6.24561e-07
1.79881e+01	5.89512e-07
1.80158e+01	5.56339e-07
1.80435e+01	5.24951e-07
1.80712e+01	4.95261e-07
1.80988e+01	4.67183e-07
1.81265e+01	4.40636e-07
1.81542e+01	4.15540e-07
1.81819e+01	3.91822e-07
1.82095e+01	3.69406e-07
1.82372e+01	3.48224e-07
1.82649e+01	3.28212e-07
1.82926e+01	3.09307e-07
1.83202e+01	2.91453e-07
1.83479e+01	2.74593e-07
1.83756e+01	2.58674e-07
1.84033e+01	2.43645e-07
1.84309e+01	2.29459e-07
1.84586e+01	2.16071e-07
1.84863e+01	2.03438e-07
1.85140e+01	1.91519e-07
1.85416e+01	1.80273e-07
1.85693e+01	1.69665e-07
1.85970e+01	1.59660e-07
1.86246e+01	1.50225e-07
1.86523e+01	1.41328e-07
1.86800e+01	1.32940e-07
1.87077e+01	1.25034e-07
1.87353e+01	1.17581e-07
1.87630e+01	1.10558e-07
1.87907e+01	1.03941e-07
1.88184e+01	9.77061e-08
1.88460e+01	9.18333e-08
1.88737e+01	8.63020e-08
1.89014e+01	8.10931e-08
1.89291e+01	7.61882e-08
1.89567e+01	7.15705e-08
1.89844e+01	6.72239e-08
1.90121e+01	6.31335e-08
1.90398e+01	5.92851e-08
1.90674e+01	5.56652e-08
1.90951e+01	5.22609e-08
1.91228e+01	4.90599e-08
1.91505e+01	4.60501e-08
1.91781e+01	4.32206e-08
1.92058e+01	4.05608e-08
1.92335e+01	3.80609e-08
1.92612e+01	3.57115e-08
1.92888e+01	3.35038e-08
1.93165e+01	3.14295e-08
1.93442e+01	2.94806e-08
1.93718e+01	2.76499e-08
1.93995e+01	2.59304e-08
1.94272e+01	2.43154e-08
1.94549e+01	2.27988e-08
1.94825e+01	2.13746e-08
1.95102e+01	2.00375e-08
1.95379e+01	1.87823e-08
1.95656e+01	1.76039e-08
1.95932e+01	1.64979e-08
1.96209e+01	1.54599e-08
1.96486e+01	1.44857e-08
1.96763e+01	1.35715e-08
1.97039e+01	1.27138e-08
1.97316e+01	1.19091e-08
1.97593e+01	1.11542e-08
1.97870e+01	1.04461e-08
1.98146e+01	9.78196e-09
1.98423e+01	9.15910e-09
1.98700e+01	8.57492e-09
1.98977e+01	8.02719e-09
1.99253e+01	7.51362e-09
1.99530e+01	7.03211e-09
1.99807e+01	6.58075e-09
2.00084e+01	6.15771e-09
2.00360e+01	5.76127e-09
2.00637e+01	5.38979e-09
2.00914e+01	5.04174e-09
2.01190e+01	4.71569e-09
2.01467e+01	4.41028e-09
2.01744e+01	4.12425e-09
2.02021e+01	3.85638e-09
2.02297e+01	3.60555e-09
2.02574e+01	3.37071e-09
2.02851e+01	3.15085e-09
2.03128e+01	2.94503e-09
2.03404e+01	2.75239e-09
2.03681e+01	2.57208e-09
2.03958e+01	2.40335e-09
2.04235e+01	2.24545e-09
2.04511e+01	2.09771e-09
2.04788e+01	1.95949e-09
2.05065e+01	1.83020e-09
2.05342e+01	1.70930e-09
2.05618e+01	1.59626e-09
2.05895e+01	1.49057e-09
2.06172e+01	1.39176e-09
2.06449e+01	1.29940e-09
2.06725e+01	1.21307e-09
2.07002e+01	1.13239e-09
2.07279e+01	1.05699e-09
2.07556e+01	9.86537e-10
2.07832e+01	9.20704e-10
2.08109e+01	8.59196e-10
2.08386e+01	8.01734e-10
2.08662e+01	7.48056e-10
2.08939e+01	6.97917e-10
2.09216e+01	6.51088e-10
2.09493e+01	6.07352e-10
2.09769e+01	5.66511e-10
2.10046e+01	5.28375e-10
2.10323e+01	4.92771e-10
2.10600e+01	4.59534e-10
2.10876e+01	4.28510e-10
2.11153e+01	3.99553e-10
2.11430e+01	3.72528e-10
2.11707e+01	3.47307e-10
2.11983e+01	3.23772e-10
2.12260e+01	3.01811e-10
2.12537e+01	2.81322e-10
2.12814e+01	2.62206e-10
2.13090e+01	2.44373e-10
2.13367e+01	2.27739e-10
2.13644e+01	2.12223e-10
2.13921e+01	1.97751e-10
2.14197e+01	1.84254e-10
2.14474e+01	1.71668e-10
2.14751e+01	1.59930e-10
2.15028e+01	1.48985e-10
2.15304e+01	1.38779e-10
2.15581e+01	1.29264e-10
2.15858e+01	1.20393e-10
2.16134e+01	1.12123e-10
2.16411e+01	1.04413e-10
2.16688e+01	9.72267e-11
2.16965e+01	9.05286e-11
2.17241e+01	8.42858e-11
2.17518e+01	7.84678e-11
2.17795e+01	7.30461e-11
2.18072e+01	6.79939e-11
2.18348e+01	6.32866e-11
2.18625e+01	5.89007e-11
2.18902e+01	5.48148e-11
2.19179e+01	5.10085e-11
2.19455e+01	4.74632e-11
2.19732e+01	4.41615e-11
2.20009e+01	4.10868e-11
2.20286e+01	3.82237e-11
2.20562e+01	3.55578e-11
2.20839e+01	3.30764e-11
2.21116e+01	3.07669e-11
2.21393e+01	2.86176e-11
2.21669e+01	2.66173e-11
2.21946e+01	2.47558e-11
2.22223e+01	2.30237e-11
2.22500e+01	2.14119e-11
2.22776e+01	1.99121e-11
2.23053e+01	1.85167e-11
2.23330e+01	1.72184e-11
2.23606e+01	1.60106e-11
2.23883e+01	1.48869e-11
2.24160e+01	1.38415e-11
2.24437e+01	1.28691e-11
2.24713e+01	1.19645e-11
2.24990e+01	1.11231e-11
2.25267e+01	1.03404e-11
2.25544e+01	9.61242e-12
2.25820e+01	8.93534e-12
2.26097e+01	8.30557e-12
2.26374e+01	7.71985e-12
2.26651e+01	7.17511e-12
2.26927e+01	6.66851e-12
2.27204e+01	6.19740e-12
2.27481e+01	5.75932e-12
2.27758e+01	5.35196e-12
2.28034e+01	4.97320e-12
2.28311e+01	4.62104e-12
2.28588e+01	4.29363e-12
2.28865e+01	3.98923e-12
2.29141e+01	3.70625e-12
2.29418e+01	3.44319e-12
2.29695e+01	3.19865e-12
2.29972e+01	2.97135e-12
2.30248e+01	2.76010e-12
2.30525e+01	2.56378e-12
2.30802e+01	2.38133e-12
2.31078e+01	2.21179e-12
2.31355e+01	2.05425e-12
2.31632e+01	1.90787e-12
2.31909e+01	1.77186e-12
2.32185e+01	1.64549e-12
2.32462e+01	1.52809e-12
2.32739e+01	1.41901e-12
2.33016e+01	1.31768e-12
2.33292e+01	1.22354e-12
2.33569e+01	1.13609e-12
2.33846e+01	1.05486e-12
2.34123e+01	9.79405e-13
2.34399e+01	9.09317e-13
2.34676e+01	8.44218e-13
2.34953e+01	7.83754e-13
2.35230e+01	7.27599e-13
2.35506e+01	6.75446e-13
2.35783e+01	6.27011e-13
2.36060e+01	5.82033e-13
2.36337e+01	5.40264e-13
2.36613e+01	5.01479e-13
2.36890e+01	4.65463e-13
2.37167e+01	4.32022e-13
2.37444e+01	4.00971e-13
2.37720e+01	3.72141e-13
2.37997e+01	3.45374e-13
2.38274e+01	3.20522e-13
2.38550e+01	2.97450e-13
2.38827e+01	2.76030e-13
2.39104e+01	2.56145e-13
2.39381e+01	2.37686e-13
2.39657e+01	2.20551e-13
2.39934e+01	2.04645e-13
2.40211e+01	1.89880e-13
2.40488e+01	1.76176e-13
2.40764e+01	1.63456e-13
2.41041e+01	1.51650e-13
2.41318e+01	1.40693e-13
2.41595e+01	1.30523e-13
2.41871e+01	1.21085e-13
2.42148e+01	1.12325e-13
2.42425e+01	1.04197e-13
2.42702e+01	9.66532e-14
2.42978e+01	8.96532e-14
2.43255e+01	8.31577e-14
2.43532e+01	7.71305e-14
2.43809e+01	7.15380e-14
2.44085e+01	6.63491e-14
2.44362e+01	6.15347e-14
2.44639e+01	5.70680e-14
2.44916e+01	5.29239e-14
2.45192e+01	4.90793e-14
2.45469e+01	4.55126e-14
2.45746e+01	4.22039e-14
2.46022e+01	3.91344e-14
2.46299e+01	3.62870e-14
2.46576e+01	3.36457e-14
2.46853e+01	3.11956e-14
2.47129e+01	2.89229e-14
2.47406e+01	2.68149e-14
2.47683e+01	2.48597e-14
2.47960e+01	2.30463e-14
2.48236e+01	2.13643e-14
2.48513e+01	1.98044e-14
2.48790e+01	1.83578e-14
2.49067e+01	1.70162e-14
2.49343e+01	1.57722e-14
2.49620e+01	1.46186e-14
2.49897e+01	1.35490e-14
2.50174e+01	1.25571e-14
2.50450e+01	1.16375e-14
2.50727e+01	1.07849e-14
2.51004e+01	9.99452e-15
2.51281e+01	9.26181e-15
2.51557e+01	8.58262e-15
2.51834e+01	7.95304e-15
2.52111e+01	7.36943e-15
2.52388e+01	6.82847e-15
2.52664e+01	6.32705e-15
2.52941e+01	5.86231e-15
2.53218e+01	5.43157e-15
2.53494e+01	5.03235e-15
2.53771e+01	4.66236e-15
2.54048e+01	4.31947e-15
2.54325e+01	4.00170e-15
2.54601e+01	3.70718e-15
2.54878e+01	3.43424e-15
2.55155e+01	3.18128e-15
2.55432e+01	2.94687e-15
2.55708e+01	2.72964e-15
2.55985e+01	2.52835e-15
2.56262e+01	2.34182e-15
2.56539e+01	2.16897e-15
2.56815e+01	2.00880e-15
2.57092e+01	1.86039e-15
2.57369e+01	1.72287e-15
2.57646e+01	1.59546e-15
2.57922e+01	1.47742e-15
2.58199e+01	1.36805e-15
2.58476e+01	1.26673e-15
2.58753e+01	1.17287e-15
2.59029e+01	1.08592e-15
2.59306e+01	1.00538e-15
2.59583e+01	9.30767e-16
2.59860e+01	8.61658e-16
2.60136e+01	7.97658e-16
2.60413e+01	7.38396e-16
2.60690e+01	6.83522e-16
2.60966e+01	6.32713e-16
2.61243e+01	5.85669e-16
2.61520e+01	5.42112e-16
2.61797e+01	5.01784e-16
2.62073e+01	4.64449e-16
2.62350e+01	4.29885e-16
2.62627e+01	3.97888e-16
2.62904e+01	3.68267e-16
2.63180e+01	3.40848e-16
2.63457e+01	3.15466e-16
2.63734e+01	2.91973e-16
2.64011e+01	2.70227e-16
2.64287e+01	2.50100e-16
2.64564e+01	2.31472e-16
2.64841e+01	2.14232e-16
2.65118e+01	1.98277e-16
2.65394e+01	1.83512e-16
2.65671e+01	1.69850e-16
2.65948e+01	1.57208e-16
2.66225e+01	1.45512e-16
2.66501e+01	1.34690e-16
2.66778e+01	1.24680e-16
2.67055e+01	1.15421e-16
2.67332e+01	1.06857e-16
2.67608e+01	9.89374e-17
2.67885e+01	9.16145e-17
2.68162e+01	8.48445e-17
2.68438e+01	7.85868e-17
2.68715e+01	7.28038e-17
2.68992e+01	6.74608e-17
2.69269e+01	6.25257e-17
2.69545e+01	5.79688e-17
2.69822e+01	5.37629e-17
2.70099e+01	4.98824e-17
2.70376e+01	4.63042e-17
2.70652e+01	4.30066e-17
2.70929e+01	3.99697e-17
2.71206e+01	3.71753e-17
2.71483e+01	3.46065e-17
2.71759e+01	3.22477e-17
2.72036e+01	3.00849e-17
2.72313e+01	2.81049e-17
2.72590e+01	2.62957e-17
2.72866e+01	2.46464e-17
2.73143e+01	2.31471e-17
2.73420e+01	2.17886e-17
2.73697e+01	2.05628e-17
2.73973e+01	1.94622e-17
2.74250e+01	1.84801e-17
2.74527e+01	1.76105e-17
2.74804e+01	1.68483e-17
2.75080e+01	1.61888e-17
2.75357e+01	1.56279e-17
2.75634e+01	1.51622e-17
2.75910e+01	1.47891e-17
2.76187e+01	1.45060e-17
2.76464e+01	1.43116e-17
2.76741e+01	1.42034e-17
