# The ell = 1 distribution, the first anisotropy.
# E_N [Td]	1.00000e+01
# col_1: Electron Energy [eV], col_2: f1 [eV^(-3/2)]
eV	f1
2.02342e-02	1.51922e-03
4.04684e-02	2.45882e-03
6.07026e-02	3.14662e-03
8.09368e-02	3.55506e-03
1.01171e-01	3.73819e-03
1.21405e-01	3.75584e-03
1.41639e-01	3.70849e-03
1.61874e-01	3.64756e-03
1.82108e-01	3.58420e-03
2.02342e-01	3.52622e-03
2.22576e-01	3.47843e-03
2.42810e-01	3.42606e-03
2.63045e-01	3.36823e-03
2.83279e-01	3.33188e-03
3.03513e-01	3.32988e-03
3.23747e-01	3.28708e-03
3.43981e-01	3.22797e-03
3.64216e-01	3.16896e-03
3.84450e-01	3.11247e-03
4.04684e-01	3.06003e-03
4.24918e-01	3.01202e-03
4.45152e-01	2.96781e-03
4.65387e-01	2.92687e-03
4.85621e-01	2.88890e-03
5.05855e-01	2.85368e-03
5.26089e-01	2.82099e-03
5.46323e-01	2.79054e-03
5.66558e-01	2.76232e-03
5.86792e-01	2.73613e-03
6.07026e-01	2.71218e-03
6.27260e-01	2.69028e-03
6.47494e-01	2.67019e-03
6.67729e-01	2.65177e-03
6.87963e-01	2.63474e-03
7.08197e-01	2.61861e-03
7.28431e-01	2.60287e-03
7.48665e-01	2.58743e-03
7.68900e-01	2.57222e-03
7.89134e-01	2.55713e-03
8.09368e-01	2.54229e-03
8.29602e-01	2.52768e-03
8.49836e-01	2.51325e-03
8.70071e-01	2.49891e-03
8.90305e-01	2.48456e-03
9.10539e-01	2.47017e-03
9.30773e-01	2.45571e-03
9.51007e-01	2.44115e-03
9.71242e-01	2.42652e-03
9.91476e-01	2.41170e-03
1.01171e+00	2.39651e-03
1.03194e+00	2.38113e-03
1.05218e+00	2.36542e-03
1.07241e+00	2.34951e-03
1.09265e+00	2.33345e-03
1.11288e+00	2.31708e-03
1.13312e+00	2.30026e-03
1.15335e+00	2.28308e-03
1.17358e+00	2.26558e-03
1.19382e+00	2.24823e-03
1.21405e+00	2.23108e-03
1.23429e+00	2.21367e-03
1.25452e+00	2.19589e-03
1.27475e+00	2.17740e-03
1.29499e+00	2.15846e-03
1.31522e+00	2.13915e-03
1.33546e+00	2.11956e-03
1.35569e+00	2.10021e-03
1.37593e+00	2.08104e-03
1.39616e+00	2.06158e-03
1.41639e+00	2.04217e-03
1.43663e+00	2.02308e-03
1.45686e+00	2.00409e-03
1.47710e+00	1.98642e-03
1.49733e+00	1.96988e-03
1.51756e+00	1.95282e-03
1.53780e+00	1.93508e-03
1.55803e+00	1.91686e-03
1.57827e+00	1.89838e-03
1.59850e+00	1.87998e-03
1.61874e+00	1.86181e-03
1.63897e+00	1.84377e-03
1.65920e+00	1.82584e-03
1.67944e+00	1.80804e-03
1.69967e+00	1.79056e-03
1.71991e+00	1.77343e-03
1.74014e+00	1.75656e-03
1.76038e+00	1.74003e-03
1.78061e+00	1.72381e-03
1.80084e+00	1.70789e-03
1.82108e+00	1.69227e-03
1.84131e+00	1.67693e-03
1.86155e+00	1.66188e-03
1.88178e+00	1.64712e-03
1.90201e+00	1.63264e-03
1.92225e+00	1.61844e-03
1.94248e+00	1.60446e-03
1.96272e+00	1.59066e-03
1.98295e+00	1.57716e-03
2.00319e+00	1.56381e-03
2.02342e+00	1.55075e-03
2.04365e+00	1.53792e-03
2.06389e+00	1.52528e-03
2.08412e+00	1.51285e-03
2.10436e+00	1.50063e-03
2.12459e+00	1.48859e-03
2.14483e+00	1.47676e-03
2.16506e+00	1.46511e-03
2.18529e+00	1.45364e-03
2.20553e+00	1.44236e-03
2.22576e+00	1.43125e-03
2.24600e+00	1.42032e-03
2.26623e+00	1.40957e-03
2.28646e+00	1.39898e-03
2.30670e+00	1.38856e-03
2.32693e+00	1.37830e-03
2.34717e+00	1.36819e-03
2.36740e+00	1.35825e-03
2.38764e+00	1.34846e-03
2.40787e+00	1.33883e-03
2.42810e+00	1.32934e-03
2.44834e+00	1.31998e-03
2.46857e+00	1.31079e-03
2.48881e+00	1.30174e-03
2.50904e+00	1.29281e-03
2.52927e+00	1.28403e-03
2.54951e+00	1.27540e-03
2.56974e+00	1.26689e-03
2.58998e+00	1.25850e-03
2.61021e+00	1.25025e-03
2.63045e+00	1.24211e-03
2.65068e+00	1.23410e-03
2.67091e+00	1.22621e-03
2.69115e+00	1.21844e-03
2.71138e+00	1.21078e-03
2.73162e+00	1.20324e-03
2.75185e+00	1.19582e-03
2.77209e+00	1.18850e-03
2.79232e+00	1.18130e-03
2.81255e+00	1.17420e-03
2.83279e+00	1.16721e-03
2.85302e+00	1.16033e-03
2.87326e+00	1.15354e-03
2.89349e+00	1.14686e-03
2.91372e+00	1.14028e-03
2.93396e+00	1.13380e-03
2.95419e+00	1.12741e-03
2.97443e+00	1.12114e-03
2.99466e+00	1.11492e-03
3.01490e+00	1.10881e-03
3.03513e+00	1.10279e-03
3.05536e+00	1.09685e-03
3.07560e+00	1.09101e-03
3.09583e+00	1.08524e-03
3.11607e+00	1.07957e-03
3.13630e+00	1.07398e-03
3.15653e+00	1.06847e-03
3.17677e+00	1.06304e-03
3.19700e+00	1.05769e-03
3.21724e+00	1.05242e-03
3.23747e+00	1.04723e-03
3.25771e+00	1.04211e-03
3.27794e+00	1.03707e-03
3.29817e+00	1.03211e-03
3.31841e+00	1.02721e-03
3.33864e+00	1.02239e-03
3.35888e+00	1.01763e-03
3.37911e+00	1.01295e-03
3.39935e+00	1.00833e-03
3.41958e+00	1.00378e-03
3.43981e+00	9.99298e-04
3.46005e+00	9.94879e-04
3.48028e+00	9.90522e-04
3.50052e+00	9.86229e-04
3.52075e+00	9.81997e-04
3.54098e+00	9.77826e-04
3.56122e+00	9.73713e-04
3.58145e+00	9.69662e-04
3.60169e+00	9.65667e-04
3.62192e+00	9.61729e-04
3.64216e+00	9.57848e-04
3.66239e+00	9.54021e-04
3.68262e+00	9.50248e-04
3.70286e+00	9.46528e-04
3.72309e+00	9.42861e-04
3.74333e+00	9.39245e-04
3.76356e+00	9.35680e-04
3.78380e+00	9.32165e-04
3.80403e+00	9.28700e-04
3.82426e+00	9.25283e-04
3.84450e+00	9.21913e-04
3.86473e+00	9.18591e-04
3.88497e+00	9.15314e-04
3.90520e+00	9.12084e-04
3.92543e+00	9.08898e-04
3.94567e+00	9.05812e-04
3.96590e+00	9.02570e-04
3.98614e+00	8.99636e-04
4.00637e+00	8.96806e-04
4.02661e+00	8.93963e-04
4.04684e+00	8.91152e-04
4.06707e+00	8.88377e-04
4.08731e+00	8.85717e-04
4.10754e+00	8.83063e-04
4.12778e+00	8.80452e-04
4.14801e+00	8.77880e-04
4.16824e+00	8.75344e-04
4.18848e+00	8.72845e-04
4.20871e+00	8.70384e-04
4.22895e+00	8.67957e-04
4.24918e+00	8.65567e-04
4.26942e+00	8.63213e-04
4.28965e+00	8.60893e-04
4.30988e+00	8.58607e-04
4.33012e+00	8.56353e-04
4.35035e+00	8.54134e-04
4.37059e+00	8.51946e-04
4.39082e+00	8.49791e-04
4.41106e+00	8.47666e-04
4.43129e+00	8.45573e-04
4.45152e+00	8.43510e-04
4.47176e+00	8.41476e-04
4.49199e+00	8.39472e-04
4.51223e+00	8.37498e-04
4.53246e+00	8.35551e-04
4.55269e+00	8.33632e-04
4.57293e+00	8.31741e-04
4.59316e+00	8.29877e-04
4.61340e+00	8.28040e-04
4.63363e+00	8.26228e-04
4.65387e+00	8.24443e-04
4.67410e+00	8.22684e-04
4.69433e+00	8.20950e-04
4.71457e+00	8.19238e-04
4.73480e+00	8.17556e-04
4.75504e+00	8.15895e-04
4.77527e+00	8.14258e-04
4.79550e+00	8.12644e-04
4.81574e+00	8.11054e-04
4.83597e+00	8.09484e-04
4.85621e+00	8.07936e-04
4.87644e+00	8.06412e-04
4.89668e+00	8.04908e-04
4.91691e+00	8.03413e-04
4.93714e+00	8.01975e-04
4.95738e+00	8.00542e-04
4.97761e+00	7.99133e-04
4.99785e+00	7.97752e-04
5.01808e+00	7.96328e-04
5.03832e+00	7.95054e-04
5.05855e+00	7.93747e-04
5.07878e+00	7.92464e-04
5.09902e+00	7.91199e-04
5.11925e+00	7.89949e-04
5.13949e+00	7.88721e-04
5.15972e+00	7.87509e-04
5.17995e+00	7.86313e-04
5.20019e+00	7.85133e-04
5.22042e+00	7.83971e-04
5.24066e+00	7.82822e-04
5.26089e+00	7.81687e-04
5.28113e+00	7.80569e-04
5.30136e+00	7.79465e-04
5.32159e+00	7.78376e-04
5.34183e+00	7.77300e-04
5.36206e+00	7.76241e-04
5.38230e+00	7.75195e-04
5.40253e+00	7.74161e-04
5.42277e+00	7.73141e-04
5.44300e+00	7.72135e-04
5.46323e+00	7.71138e-04
5.48347e+00	7.70155e-04
5.50370e+00	7.69183e-04
5.52394e+00	7.68224e-04
5.54417e+00	7.67275e-04
5.56440e+00	7.66338e-04
5.58464e+00	7.65413e-04
5.60487e+00	7.64498e-04
5.62511e+00	7.63594e-04
5.64534e+00	7.62699e-04
5.66558e+00	7.61815e-04
5.68581e+00	7.60940e-04
5.70604e+00	7.60072e-04
5.72628e+00	7.59214e-04
5.74651e+00	7.58365e-04
5.76675e+00	7.57526e-04
5.78698e+00	7.56692e-04
5.80721e+00	7.55870e-04
5.82745e+00	7.55056e-04
5.84768e+00	7.54248e-04
5.86792e+00	7.53448e-04
5.88815e+00	7.52646e-04
5.90839e+00	7.51892e-04
5.92862e+00	7.51073e-04
5.94885e+00	7.50288e-04
5.96909e+00	7.49506e-04
5.98932e+00	7.48729e-04
6.00956e+00	7.47942e-04
6.02979e+00	7.47238e-04
6.05003e+00	7.46397e-04
6.07026e+00	7.45617e-04
6.09049e+00	7.44835e-04
6.11073e+00	7.44059e-04
6.13096e+00	7.43288e-04
6.15120e+00	7.42519e-04
6.17143e+00	7.41758e-04
6.19166e+00	7.41000e-04
6.21190e+00	7.40245e-04
6.23213e+00	7.39494e-04
6.25237e+00	7.38746e-04
6.27260e+00	7.38003e-04
6.29284e+00	7.37260e-04
6.31307e+00	7.36520e-04
6.33330e+00	7.35782e-04
6.35354e+00	7.35047e-04
6.37377e+00	7.34314e-04
6.39401e+00	7.33584e-04
6.41424e+00	7.32854e-04
6.43448e+00	7.32126e-04
6.45471e+00	7.31399e-04
6.47494e+00	7.30673e-04
6.49518e+00	7.29949e-04
6.51541e+00	7.29225e-04
6.53565e+00	7.28499e-04
6.55588e+00	7.27781e-04
6.57611e+00	7.27060e-04
6.59635e+00	7.26340e-04
6.61658e+00	7.25620e-04
6.63682e+00	7.24898e-04
6.65705e+00	7.24179e-04
6.67729e+00	7.23455e-04
6.69752e+00	7.22730e-04
6.71775e+00	7.22005e-04
6.73799e+00	7.21279e-04
6.75822e+00	7.20551e-04
6.77846e+00	7.19821e-04
6.79869e+00	7.19092e-04
6.81892e+00	7.18356e-04
6.83916e+00	7.17620e-04
6.85939e+00	7.16881e-04
6.87963e+00	7.16141e-04
6.89986e+00	7.15379e-04
6.92010e+00	7.14657e-04
6.94033e+00	7.13942e-04
6.96056e+00	7.13036e-04
6.98080e+00	7.12214e-04
7.00103e+00	7.11378e-04
7.02127e+00	7.10540e-04
7.04150e+00	7.09679e-04
7.06174e+00	7.08881e-04
7.08197e+00	7.08014e-04
7.10220e+00	7.07064e-04
7.12244e+00	7.06156e-04
7.14267e+00	7.05240e-04
7.16291e+00	7.04321e-04
7.18314e+00	7.03399e-04
7.20337e+00	7.02473e-04
7.22361e+00	7.01544e-04
7.24384e+00	7.00610e-04
7.26408e+00	6.99673e-04
7.28431e+00	6.98732e-04
7.30455e+00	6.97786e-04
7.32478e+00	6.96836e-04
7.34501e+00	6.95882e-04
7.36525e+00	6.94923e-04
7.38548e+00	6.93961e-04
7.40572e+00	6.92993e-04
7.42595e+00	6.92020e-04
7.44618e+00	6.91043e-04
7.46642e+00	6.90060e-04
7.48665e+00	6.89072e-04
7.50689e+00	6.88079e-04
7.52712e+00	6.87081e-04
7.54736e+00	6.86076e-04
7.56759e+00	6.85067e-04
7.58782e+00	6.84051e-04
7.60806e+00	6.83030e-04
7.62829e+00	6.82003e-04
7.64853e+00	6.80969e-04
7.66876e+00	6.79930e-04
7.68900e+00	6.78884e-04
7.70923e+00	6.77832e-04
7.72946e+00	6.76774e-04
7.74970e+00	6.75709e-04
7.76993e+00	6.74638e-04
7.79017e+00	6.73559e-04
7.81040e+00	6.72474e-04
7.83063e+00	6.71382e-04
7.85087e+00	6.70283e-04
7.87110e+00	6.69177e-04
7.89134e+00	6.68064e-04
7.91157e+00	6.66943e-04
7.93181e+00	6.65815e-04
7.95204e+00	6.64680e-04
7.97227e+00	6.63537e-04
7.99251e+00	6.62387e-04
8.01274e+00	6.61229e-04
8.03298e+00	6.60063e-04
8.05321e+00	6.58889e-04
8.07345e+00	6.57708e-04
8.09368e+00	6.56518e-04
8.11391e+00	6.55320e-04
8.13415e+00	6.54115e-04
8.15438e+00	6.52901e-04
8.17462e+00	6.51678e-04
8.19485e+00	6.50448e-04
8.21508e+00	6.49209e-04
8.23532e+00	6.47961e-04
8.25555e+00	6.46705e-04
8.27579e+00	6.45440e-04
8.29602e+00	6.44167e-04
8.31626e+00	6.42886e-04
8.33649e+00	6.41595e-04
8.35672e+00	6.40296e-04
8.37696e+00	6.38987e-04
8.39719e+00	6.37670e-04
8.41743e+00	6.36344e-04
8.43766e+00	6.35008e-04
8.45789e+00	6.33664e-04
8.47813e+00	6.32310e-04
8.49836e+00	6.30947e-04
8.51860e+00	6.29575e-04
8.53883e+00	6.28194e-04
8.55907e+00	6.26803e-04
8.57930e+00	6.25402e-04
8.59953e+00	6.23993e-04
8.61977e+00	6.22573e-04
8.64000e+00	6.21144e-04
8.66024e+00	6.19706e-04
8.68047e+00	6.18258e-04
8.70071e+00	6.16800e-04
8.72094e+00	6.15332e-04
8.74117e+00	6.13855e-04
8.76141e+00	6.12368e-04
8.78164e+00	6.10872e-04
8.80188e+00	6.09366e-04
8.82211e+00	6.07849e-04
8.84234e+00	6.06323e-04
8.86258e+00	6.04788e-04
8.88281e+00	6.03242e-04
8.90305e+00	6.01676e-04
8.92328e+00	6.00135e-04
8.94352e+00	5.98546e-04
8.96375e+00	5.96915e-04
8.98398e+00	5.95295e-04
9.00422e+00	5.93663e-04
9.02445e+00	5.92022e-04
9.04469e+00	5.90372e-04
9.06492e+00	5.88712e-04
9.08515e+00	5.87043e-04
9.10539e+00	5.85365e-04
9.12562e+00	5.83677e-04
9.14586e+00	5.81980e-04
9.16609e+00	5.80273e-04
9.18633e+00	5.78557e-04
9.20656e+00	5.76832e-04
9.22679e+00	5.75098e-04
9.24703e+00	5.73353e-04
9.26726e+00	5.71600e-04
9.28750e+00	5.69841e-04
9.30773e+00	5.68059e-04
9.32797e+00	5.66274e-04
9.34820e+00	5.64479e-04
9.36843e+00	5.62675e-04
9.38867e+00	5.60861e-04
9.40890e+00	5.59039e-04
9.42914e+00	5.57207e-04
9.44937e+00	5.55367e-04
9.46960e+00	5.53517e-04
9.48984e+00	5.51659e-04
9.51007e+00	5.49791e-04
9.53031e+00	5.47914e-04
9.55054e+00	5.46029e-04
9.57078e+00	5.44134e-04
9.59101e+00	5.42231e-04
9.61124e+00	5.40314e-04
9.63148e+00	5.38401e-04
9.65171e+00	5.36476e-04
9.67195e+00	5.34502e-04
9.69218e+00	5.32540e-04
9.71242e+00	5.30567e-04
9.73265e+00	5.28586e-04
9.75288e+00	5.26597e-04
9.77312e+00	5.24600e-04
9.79335e+00	5.22596e-04
9.81359e+00	5.20583e-04
9.83382e+00	5.18563e-04
9.85405e+00	5.16535e-04
9.87429e+00	5.14499e-04
9.89452e+00	5.12455e-04
9.91476e+00	5.10404e-04
9.93499e+00	5.08346e-04
9.95523e+00	5.06280e-04
9.97546e+00	5.04206e-04
9.99569e+00	5.02009e-04
1.00159e+01	5.00279e-04
1.00362e+01	4.97767e-04
1.00564e+01	4.95489e-04
1.00766e+01	4.93205e-04
1.00969e+01	4.90922e-04
1.01171e+01	4.88639e-04
1.01373e+01	4.86356e-04
1.01576e+01	4.84072e-04
1.01778e+01	4.81789e-04
1.01980e+01	4.79505e-04
1.02183e+01	4.77221e-04
1.02385e+01	4.74937e-04
1.02587e+01	4.72653e-04
1.02790e+01	4.70369e-04
1.02992e+01	4.68086e-04
1.03194e+01	4.65803e-04
1.03397e+01	4.63519e-04
1.03599e+01	4.61237e-04
1.03801e+01	4.58954e-04
1.04004e+01	4.56673e-04
1.04206e+01	4.54391e-04
1.04408e+01	4.52110e-04
1.04611e+01	4.49830e-04
1.04813e+01	4.47550e-04
1.05015e+01	4.45272e-04
1.05218e+01	4.42993e-04
1.05420e+01	4.40716e-04
1.05623e+01	4.38440e-04
1.05825e+01	4.36081e-04
1.06027e+01	4.34067e-04
1.06230e+01	4.31484e-04
1.06432e+01	4.29104e-04
1.06634e+01	4.26717e-04
1.06837e+01	4.24339e-04
1.07039e+01	4.21968e-04
1.07241e+01	4.19605e-04
1.07444e+01	4.17248e-04
1.07646e+01	4.14898e-04
1.07848e+01	4.12556e-04
1.08051e+01	4.10221e-04
1.08253e+01	4.07893e-04
1.08455e+01	4.05573e-04
1.08658e+01	4.03259e-04
1.08860e+01	4.00953e-04
1.09062e+01	3.98654e-04
1.09265e+01	3.96363e-04
1.09467e+01	3.94078e-04
1.09669e+01	3.91801e-04
1.09872e+01	3.89531e-04
1.10074e+01	3.87269e-04
1.10276e+01	3.85014e-04
1.10479e+01	3.82766e-04
1.10681e+01	3.80525e-04
1.10883e+01	3.78292e-04
1.11086e+01	3.76066e-04
1.11288e+01	3.73847e-04
1.11490e+01	3.71636e-04
1.11693e+01	3.69432e-04
1.11895e+01	3.67236e-04
1.12097e+01	3.65047e-04
1.12300e+01	3.62865e-04
1.12502e+01	3.60691e-04
1.12704e+01	3.58524e-04
1.12907e+01	3.56364e-04
1.13109e+01	3.54212e-04
1.13312e+01	3.52068e-04
1.13514e+01	3.49930e-04
1.13716e+01	3.47800e-04
1.13919e+01	3.45678e-04
1.14121e+01	3.43563e-04
1.14323e+01	3.41455e-04
1.14526e+01	3.39355e-04
1.14728e+01	3.37262e-04
1.14930e+01	3.35177e-04
1.15133e+01	3.33099e-04
1.15335e+01	3.31029e-04
1.15537e+01	3.28965e-04
1.15740e+01	3.26407e-04
1.15942e+01	3.23274e-04
1.16144e+01	3.19564e-04
1.16347e+01	3.15233e-04
1.16549e+01	3.09304e-04
1.16751e+01	3.02444e-04
1.16954e+01	2.95793e-04
1.17156e+01	2.89641e-04
1.17358e+01	2.84011e-04
1.17561e+01	2.78499e-04
1.17763e+01	2.72739e-04
1.17965e+01	2.66875e-04
1.18168e+01	2.60981e-04
1.18370e+01	2.54618e-04
1.18572e+01	2.45824e-04
1.18775e+01	2.37782e-04
1.18977e+01	2.31012e-04
1.19179e+01	2.24870e-04
1.19382e+01	2.19141e-04
1.19584e+01	2.13704e-04
1.19786e+01	2.08457e-04
1.19989e+01	2.03357e-04
1.20191e+01	1.98366e-04
1.20393e+01	1.93458e-04
1.20596e+01	1.88630e-04
1.20798e+01	1.83880e-04
1.21001e+01	1.79207e-04
1.21203e+01	1.74591e-04
1.21405e+01	1.70014e-04
1.21608e+01	1.65476e-04
1.21810e+01	1.60984e-04
1.22012e+01	1.56542e-04
1.22215e+01	1.52117e-04
1.22417e+01	1.47704e-04
1.22619e+01	1.43303e-04
1.22822e+01	1.38923e-04
1.23024e+01	1.34574e-04
1.23226e+01	1.30278e-04
1.23429e+01	1.26054e-04
1.23631e+01	1.21906e-04
1.23833e+01	1.17834e-04
1.24036e+01	1.13841e-04
1.24238e+01	1.09911e-04
1.24440e+01	1.06045e-04
1.24643e+01	1.02244e-04
1.24845e+01	9.85088e-05
1.25047e+01	9.48439e-05
1.25250e+01	9.12496e-05
1.25452e+01	8.77334e-05
1.25654e+01	8.42927e-05
1.25857e+01	8.09156e-05
1.26059e+01	7.76289e-05
1.26261e+01	7.44323e-05
1.26464e+01	7.13333e-05
1.26666e+01	6.83304e-05
1.26868e+01	6.54220e-05
1.27071e+01	6.26122e-05
1.27273e+01	5.99050e-05
1.27475e+01	5.73014e-05
1.27678e+01	5.47996e-05
1.27880e+01	5.23956e-05
1.28082e+01	5.00876e-05
1.28285e+01	4.78900e-05
1.28487e+01	4.58023e-05
1.28690e+01	4.38453e-05
1.28892e+01	4.20147e-05
1.29094e+01	4.02677e-05
1.29297e+01	3.85332e-05
1.29499e+01	3.69204e-05
1.29701e+01	3.54520e-05
1.29904e+01	3.40238e-05
1.30106e+01	3.25974e-05
1.30308e+01	3.09345e-05
1.30511e+01	2.90720e-05
1.30713e+01	2.73741e-05
1.30915e+01	2.59442e-05
1.31118e+01	2.47389e-05
1.31320e+01	2.37141e-05
1.31522e+01	2.27606e-05
1.31725e+01	2.18069e-05
1.31927e+01	2.08217e-05
1.32129e+01	1.98326e-05
1.32332e+01	1.89681e-05
1.32534e+01	1.81772e-05
1.32736e+01	1.74487e-05
1.32939e+01	1.67747e-05
1.33141e+01	1.61453e-05
1.33343e+01	1.55530e-05
1.33546e+01	1.49889e-05
1.33748e+01	1.44463e-05
1.33950e+01	1.39169e-05
1.34153e+01	1.33991e-05
1.34355e+01	1.28887e-05
1.34557e+01	1.23827e-05
1.34760e+01	1.18773e-05
1.34962e+01	1.13901e-05
1.35164e+01	1.09246e-05
1.35367e+01	1.04741e-05
1.35569e+01	1.00375e-05
1.35771e+01	9.61459e-06
1.35974e+01	9.20516e-06
1.36176e+01	8.80932e-06
1.36378e+01	8.42724e-06
1.36581e+01	8.05858e-06
1.36783e+01	7.70313e-06
1.36986e+01	7.36057e-06
1.37188e+01	7.03063e-06
1.37390e+01	6.71309e-06
1.37593e+01	6.40755e-06
1.37795e+01	6.11379e-06
1.37997e+01	5.83150e-06
1.38200e+01	5.56015e-06
1.38402e+01	5.29941e-06
1.38604e+01	5.04897e-06
1.38807e+01	4.80810e-06
1.39009e+01	4.57609e-06
1.39211e+01	4.35264e-06
1.39414e+01	4.13740e-06
1.39616e+01	3.93028e-06
1.39818e+01	3.73135e-06
1.40021e+01	3.54010e-06
1.40223e+01	3.35634e-06
1.40425e+01	3.18026e-06
1.40628e+01	3.01159e-06
1.40830e+01	2.85018e-06
1.41032e+01	2.69572e-06
1.41235e+01	2.54804e-06
1.41437e+01	2.40697e-06
1.41639e+01	2.27236e-06
1.41842e+01	2.14401e-06
1.42044e+01	2.02172e-06
1.42246e+01	1.90533e-06
1.42449e+01	1.79453e-06
1.42651e+01	1.68907e-06
1.42853e+01	1.58878e-06
1.43056e+01	1.49347e-06
1.43258e+01	1.40299e-06
1.43460e+01	1.31716e-06
1.43663e+01	1.23583e-06
1.43865e+01	1.15880e-06
1.44067e+01	1.08592e-06
1.44270e+01	1.01701e-06
1.44472e+01	9.51899e-07
1.44675e+01	8.90435e-07
1.44877e+01	8.32460e-07
1.45079e+01	7.77810e-07
1.45282e+01	7.26333e-07
1.45484e+01	6.77881e-07
1.45686e+01	6.32309e-07
1.45889e+01	5.89476e-07
1.46091e+01	5.49245e-07
1.46293e+01	5.11482e-07
1.46496e+01	4.76060e-07
1.46698e+01	4.42854e-07
1.46900e+01	4.11745e-07
1.47103e+01	3.82621e-07
1.47305e+01	3.55373e-07
1.47507e+01	3.29895e-07
1.47710e+01	3.06085e-07
1.47912e+01	2.83848e-07
1.48114e+01	2.63092e-07
1.48317e+01	2.43728e-07
1.48519e+01	2.25673e-07
1.48721e+01	2.08850e-07
1.48924e+01	1.93181e-07
1.49126e+01	1.78597e-07
1.49328e+01	1.65028e-07
1.49531e+01	1.52410e-07
1.49733e+01	1.40683e-07
1.49935e+01	1.29795e-07
1.50138e+01	1.19694e-07
1.50340e+01	1.10338e-07
1.50542e+01	1.01679e-07
1.50745e+01	9.36685e-08
1.50947e+01	8.62622e-08
1.51149e+01	7.94167e-08
1.51352e+01	7.30915e-08
1.51554e+01	6.72492e-08
1.51756e+01	6.18547e-08
1.51959e+01	5.68754e-08
1.52161e+01	5.22810e-08
1.52364e+01	4.80431e-08
1.52566e+01	4.41355e-08
1.52768e+01	4.05335e-08
1.52971e+01	3.72144e-08
1.53173e+01	3.41570e-08
1.53375e+01	3.13415e-08
1.53578e+01	2.87497e-08
1.53780e+01	2.63645e-08
1.53982e+01	2.41703e-08
1.54185e+01	2.21523e-08
1.54387e+01	2.02971e-08
1.54589e+01	1.85921e-08
1.54792e+01	1.70257e-08
1.54994e+01	1.55869e-08
1.55196e+01	1.42660e-08
1.55399e+01	1.30535e-08
1.55601e+01	1.19410e-08
1.55803e+01	1.09206e-08
1.56006e+01	9.98494e-09
1.56208e+01	9.12729e-09
1.56410e+01	8.34143e-09
1.56613e+01	7.62160e-09
1.56815e+01	6.96249e-09
1.57017e+01	6.35921e-09
1.57220e+01	5.80724e-09
1.57422e+01	5.30242e-09
1.57624e+01	4.84093e-09
1.57827e+01	4.41789e-09
1.58029e+01	4.02964e-09
1.58231e+01	3.67353e-09
1.58434e+01	3.34705e-09
1.58636e+01	3.04797e-09
1.58838e+01	2.77412e-09
1.59041e+01	2.52351e-09
1.59243e+01	2.29431e-09
1.59445e+01	2.08480e-09
1.59648e+01	1.89338e-09
1.59850e+01	1.71861e-09
1.60053e+01	1.55919e-09
1.60255e+01	1.41391e-09
1.60457e+01	1.28162e-09
1.60660e+01	1.16123e-09
1.60862e+01	1.05174e-09
1.61064e+01	9.52207e-10
1.61267e+01	8.61752e-10
1.61469e+01	7.79589e-10
1.61671e+01	7.04988e-10
1.61874e+01	6.37281e-10
1.62076e+01	5.75862e-10
1.62278e+01	5.20167e-10
1.62481e+01	4.69679e-10
1.62683e+01	4.23933e-10
1.62885e+01	3.82501e-10
1.63088e+01	3.44995e-10
1.63290e+01	3.11048e-10
1.63492e+01	2.80340e-10
1.63695e+01	2.52574e-10
1.63897e+01	2.27473e-10
1.64099e+01	2.04796e-10
1.64302e+01	1.84314e-10
1.64504e+01	1.65822e-10
1.64706e+01	1.49134e-10
1.64909e+01	1.34079e-10
1.65111e+01	1.20502e-10
1.65313e+01	1.08261e-10
1.65516e+01	9.72271e-11
1.65718e+01	8.72853e-11
1.65920e+01	7.83321e-11
1.66123e+01	7.02721e-11
1.66325e+01	6.30188e-11
1.66527e+01	5.64935e-11
1.66730e+01	5.06256e-11
1.66932e+01	4.53510e-11
1.67134e+01	4.06117e-11
1.67337e+01	3.63550e-11
1.67539e+01	3.25330e-11
1.67742e+01	2.91026e-11
1.67944e+01	2.60249e-11
1.68146e+01	2.32646e-11
1.68349e+01	2.07898e-11
1.68551e+01	1.85718e-11
1.68753e+01	1.65848e-11
1.68956e+01	1.48054e-11
1.69158e+01	1.32123e-11
1.69360e+01	1.17867e-11
1.69563e+01	1.05112e-11
1.69765e+01	9.37059e-12
1.69967e+01	8.35092e-12
1.70170e+01	7.43980e-12
1.70372e+01	6.62599e-12
1.70574e+01	5.89937e-12
1.70777e+01	5.25086e-12
1.70979e+01	4.67226e-12
1.71181e+01	4.15620e-12
1.71384e+01	3.69608e-12
1.71586e+01	3.28593e-12
1.71788e+01	2.92044e-12
1.71991e+01	2.59485e-12
1.72193e+01	2.30489e-12
1.72395e+01	2.04675e-12
1.72598e+01	1.81701e-12
1.72800e+01	1.61261e-12
1.73002e+01	1.43080e-12
1.73205e+01	1.26913e-12
1.73407e+01	1.12542e-12
1.73609e+01	9.97699e-13
1.73812e+01	8.84231e-13
1.74014e+01	7.83452e-13
1.74216e+01	6.93970e-13
1.74419e+01	6.14543e-13
1.74621e+01	5.44058e-13
1.74823e+01	4.81527e-13
1.75026e+01	4.26067e-13
1.75228e+01	3.76894e-13
1.75430e+01	3.33307e-13
1.75633e+01	2.94679e-13
1.75835e+01	2.60455e-13
1.76038e+01	2.30144e-13
1.76240e+01	2.03304e-13
1.76442e+01	1.79546e-13
1.76645e+01	1.58522e-13
1.76847e+01	1.39921e-13
1.77049e+01	1.23471e-13
1.77252e+01	1.08925e-13
1.77454e+01	9.60672e-14
1.77656e+01	8.47048e-14
1.77859e+01	7.46666e-14
1.78061e+01	6.58003e-14
1.78263e+01	5.79705e-14
1.78466e+01	5.10594e-14
1.78668e+01	4.49599e-14
1.78870e+01	3.95784e-14
1.79073e+01	3.48316e-14
1.79275e+01	3.06456e-14
1.79477e+01	2.69552e-14
1.79680e+01	2.37028e-14
1.79882e+01	2.08374e-14
1.80084e+01	1.83138e-14
1.80287e+01	1.60920e-14
1.80489e+01	1.41365e-14
1.80691e+01	1.24158e-14
1.80894e+01	1.09022e-14
1.81096e+01	9.57096e-15
1.81298e+01	8.40052e-15
1.81501e+01	7.37163e-15
1.81703e+01	6.46746e-15
1.81905e+01	5.67297e-15
1.82108e+01	4.97500e-15
1.82310e+01	4.36196e-15
1.82512e+01	3.82365e-15
1.82715e+01	3.35105e-15
1.82917e+01	2.93624e-15
1.83119e+01	2.57225e-15
1.83322e+01	2.25291e-15
1.83524e+01	1.97281e-15
1.83727e+01	1.72717e-15
1.83929e+01	1.51181e-15
1.84131e+01	1.32302e-15
1.84334e+01	1.15757e-15
1.84536e+01	1.01261e-15
1.84738e+01	8.85624e-16
1.84941e+01	7.74407e-16
1.85143e+01	6.77018e-16
1.85345e+01	5.91755e-16
1.85548e+01	5.17124e-16
1.85750e+01	4.51812e-16
1.85952e+01	3.94666e-16
1.86155e+01	3.44677e-16
1.86357e+01	3.00958e-16
1.86559e+01	2.62730e-16
1.86762e+01	2.29311e-16
1.86964e+01	2.00102e-16
1.87166e+01	1.74577e-16
1.87369e+01	1.52278e-16
1.87571e+01	1.32800e-16
1.87773e+01	1.15789e-16
1.87976e+01	1.00937e-16
1.88178e+01	8.79726e-17
1.88380e+01	7.66577e-17
1.88583e+01	6.67848e-17
1.88785e+01	5.81719e-17
1.88987e+01	5.06595e-17
1.89190e+01	4.41082e-17
1.89392e+01	3.83964e-17
1.89594e+01	3.34175e-17
1.89797e+01	2.90785e-17
1.89999e+01	2.52979e-17
1.90201e+01	2.20049e-17
1.90404e+01	1.91371e-17
1.90606e+01	1.66402e-17
1.90808e+01	1.44668e-17
1.91011e+01	1.25753e-17
1.91213e+01	1.09293e-17
1.91416e+01	9.49731e-18
1.91618e+01	8.25160e-18
1.91820e+01	7.16815e-18
1.92023e+01	6.22599e-18
1.92225e+01	5.40683e-18
1.92427e+01	4.69472e-18
1.92630e+01	4.07578e-18
1.92832e+01	3.53789e-18
1.93034e+01	3.07052e-18
1.93237e+01	2.66447e-18
1.93439e+01	2.31178e-18
1.93641e+01	2.00546e-18
1.93844e+01	1.73948e-18
1.94046e+01	1.50855e-18
1.94248e+01	1.30808e-18
1.94451e+01	1.13409e-18
1.94653e+01	9.83089e-19
1.94855e+01	8.52073e-19
1.95058e+01	7.38409e-19
1.95260e+01	6.39817e-19
1.95462e+01	5.54310e-19
1.95665e+01	4.80164e-19
1.95867e+01	4.15878e-19
1.96069e+01	3.60148e-19
1.96272e+01	3.11844e-19
1.96474e+01	2.69981e-19
1.96676e+01	2.33707e-19
1.96879e+01	2.02282e-19
1.97081e+01	1.75063e-19
1.97283e+01	1.51490e-19
1.97486e+01	1.31080e-19
1.97688e+01	1.13410e-19
1.97890e+01	9.81165e-20
1.98093e+01	8.48827e-20
1.98295e+01	7.34342e-20
1.98497e+01	6.35333e-20
1.98700e+01	5.49732e-20
1.98902e+01	4.75761e-20
1.99105e+01	4.11881e-20
1.99307e+01	3.56742e-20
1.99509e+01	3.09198e-20
1.99712e+01	2.68252e-20
1.99914e+01	2.33043e-20
2.00116e+01	2.02831e-20
2.00319e+01	1.76975e-20
2.00521e+01	1.54928e-20
2.00723e+01	1.36220e-20
2.00926e+01	1.20455e-20
2.01128e+01	1.07295e-20
2.01330e+01	9.64596e-21
2.01533e+01	8.77157e-21
2.01735e+01	8.08756e-21
2.01937e+01	7.57912e-21
2.02140e+01	7.23610e-21
2.02342e+01	7.04437e-21
