# The ell = 1 distribution, the first anisotropy.
# E_N [Td]	2.50000e+00
# col_1: Electron Energy [eV], col_2: f1 [eV^(-3/2)]
eV	f1
1.51616e-02	2.92774e-06
3.03231e-02	3.28983e-06
4.54847e-02	3.16496e-06
6.06462e-02	3.17436e-06
7.58078e-02	2.89103e-06
9.09693e-02	2.57499e-06
1.06131e-01	2.27732e-06
1.21292e-01	1.84032e-06
1.36454e-01	1.67239e-06
1.51616e-01	1.43549e-06
1.66777e-01	1.26497e-06
1.81939e-01	1.03815e-06
1.97100e-01	1.01797e-06
2.12262e-01	1.00052e-06
2.27423e-01	1.01265e-06
2.42585e-01	1.04968e-06
2.57746e-01	1.23292e-06
2.72908e-01	1.42260e-06
2.88070e-01	1.59639e-06
3.03231e-01	1.93721e-06
3.18393e-01	2.27028e-06
3.33554e-01	2.60562e-06
3.48716e-01	3.06962e-06
3.63877e-01	3.52648e-06
3.79039e-01	4.01854e-06
3.94201e-01	4.58717e-06
4.09362e-01	5.15943e-06
4.24524e-01	5.78800e-06
4.39685e-01	6.45184e-06
4.54847e-01	7.13757e-06
4.70008e-01	7.87422e-06
4.85170e-01	8.63184e-06
5.00331e-01	9.42862e-06
5.15493e-01	1.02504e-05
5.30655e-01	1.11106e-05
5.45816e-01	1.19898e-05
5.60978e-01	1.29128e-05
5.76139e-01	1.38500e-05
5.91301e-01	1.48278e-05
6.06462e-01	1.58265e-05
6.21624e-01	1.68564e-05
6.36785e-01	1.79162e-05
6.51947e-01	1.89989e-05
6.67109e-01	2.01178e-05
6.82270e-01	2.12556e-05
6.97432e-01	2.24306e-05
7.12593e-01	2.36269e-05
7.27755e-01	2.48588e-05
7.42916e-01	2.61162e-05
7.58078e-01	2.74032e-05
7.73239e-01	2.87261e-05
7.88401e-01	3.00678e-05
8.03563e-01	3.14582e-05
8.18724e-01	3.28639e-05
8.33886e-01	3.43207e-05
8.49047e-01	3.57888e-05
8.64209e-01	3.73124e-05
8.79370e-01	3.88568e-05
8.94532e-01	4.04433e-05
9.09693e-01	4.20723e-05
9.24855e-01	4.37112e-05
9.40017e-01	4.54471e-05
9.55178e-01	4.71420e-05
9.70340e-01	4.87488e-05
9.85501e-01	5.11740e-05
1.00066e+00	5.23825e-05
1.01582e+00	5.40112e-05
1.03099e+00	5.56088e-05
1.04615e+00	5.71659e-05
1.06131e+00	5.87859e-05
1.07647e+00	6.04294e-05
1.09163e+00	6.20936e-05
1.10679e+00	6.37800e-05
1.12196e+00	6.54891e-05
1.13712e+00	6.72204e-05
1.15228e+00	6.89640e-05
1.16744e+00	7.07706e-05
1.18260e+00	7.25270e-05
1.19776e+00	7.43542e-05
1.21292e+00	7.61834e-05
1.22809e+00	7.79991e-05
1.24325e+00	7.98641e-05
1.25841e+00	8.17352e-05
1.27357e+00	8.36314e-05
1.28873e+00	8.55479e-05
1.30389e+00	8.74923e-05
1.31906e+00	8.94554e-05
1.33422e+00	9.14395e-05
1.34938e+00	9.34448e-05
1.36454e+00	9.54720e-05
1.37970e+00	9.75193e-05
1.39486e+00	9.95884e-05
1.41002e+00	1.01679e-04
1.42519e+00	1.03789e-04
1.44035e+00	1.05922e-04
1.45551e+00	1.08075e-04
1.47067e+00	1.10300e-04
1.48583e+00	1.12350e-04
1.50099e+00	1.14688e-04
1.51616e+00	1.17042e-04
1.53132e+00	1.19370e-04
1.54648e+00	1.21744e-04
1.56164e+00	1.24133e-04
1.57680e+00	1.26549e-04
1.59196e+00	1.28980e-04
1.60713e+00	1.31437e-04
1.62229e+00	1.33914e-04
1.63745e+00	1.36415e-04
1.65261e+00	1.38874e-04
1.66777e+00	1.41613e-04
1.68293e+00	1.43968e-04
1.69809e+00	1.46425e-04
1.71326e+00	1.49149e-04
1.72842e+00	1.51504e-04
1.74358e+00	1.53988e-04
1.75874e+00	1.56501e-04
1.77390e+00	1.59024e-04
1.78906e+00	1.61568e-04
1.80423e+00	1.64127e-04
1.81939e+00	1.66709e-04
1.83455e+00	1.69313e-04
1.84971e+00	1.71933e-04
1.86487e+00	1.74571e-04
1.88003e+00	1.77229e-04
1.89519e+00	1.79903e-04
1.91036e+00	1.82603e-04
1.92552e+00	1.85308e-04
1.94068e+00	1.88094e-04
1.95584e+00	1.90686e-04
1.97100e+00	1.93568e-04
1.98616e+00	1.96530e-04
2.00133e+00	1.99406e-04
2.01649e+00	2.02130e-04
2.03165e+00	2.05461e-04
2.04681e+00	2.08548e-04
2.06197e+00	2.11684e-04
2.07713e+00	2.14843e-04
2.09229e+00	2.18022e-04
2.10746e+00	2.21221e-04
2.12262e+00	2.24441e-04
2.13778e+00	2.27680e-04
2.15294e+00	2.30938e-04
2.16810e+00	2.34219e-04
2.18326e+00	2.37516e-04
2.19843e+00	2.40833e-04
2.21359e+00	2.44168e-04
2.22875e+00	2.47527e-04
2.24391e+00	2.50898e-04
2.25907e+00	2.54291e-04
2.27423e+00	2.57703e-04
2.28940e+00	2.61134e-04
2.30456e+00	2.64580e-04
2.31972e+00	2.68047e-04
2.33488e+00	2.71527e-04
2.35004e+00	2.75030e-04
2.36520e+00	2.78557e-04
2.38036e+00	2.82097e-04
2.39553e+00	2.85660e-04
2.41069e+00	2.89233e-04
2.42585e+00	2.92823e-04
2.44101e+00	2.96465e-04
2.45617e+00	2.99994e-04
2.47133e+00	3.03721e-04
2.48650e+00	3.07445e-04
2.50166e+00	3.11210e-04
2.51682e+00	3.14831e-04
2.53198e+00	3.18698e-04
2.54714e+00	3.22549e-04
2.56230e+00	3.26398e-04
2.57746e+00	3.30265e-04
2.59263e+00	3.34148e-04
2.60779e+00	3.38046e-04
2.62295e+00	3.41956e-04
2.63811e+00	3.45892e-04
2.65327e+00	3.49831e-04
2.66843e+00	3.53779e-04
2.68360e+00	3.57748e-04
2.69876e+00	3.61725e-04
2.71392e+00	3.65717e-04
2.72908e+00	3.69737e-04
2.74424e+00	3.73762e-04
2.75940e+00	3.77802e-04
2.77457e+00	3.81854e-04
2.78973e+00	3.85918e-04
2.80489e+00	3.89994e-04
2.82005e+00	3.94081e-04
2.83521e+00	3.98183e-04
2.85037e+00	4.02291e-04
2.86553e+00	4.06411e-04
2.88070e+00	4.10541e-04
2.89586e+00	4.14681e-04
2.91102e+00	4.18832e-04
2.92618e+00	4.22989e-04
2.94134e+00	4.27157e-04
2.95650e+00	4.31297e-04
2.97167e+00	4.35589e-04
2.98683e+00	4.39671e-04
3.00199e+00	4.43824e-04
3.01715e+00	4.47980e-04
3.03231e+00	4.52152e-04
3.04747e+00	4.56344e-04
3.06263e+00	4.60482e-04
3.07780e+00	4.64653e-04
3.09296e+00	4.68825e-04
3.10812e+00	4.73007e-04
3.12328e+00	4.77187e-04
3.13844e+00	4.81369e-04
3.15360e+00	4.85557e-04
3.16877e+00	4.89752e-04
3.18393e+00	4.93934e-04
3.19909e+00	4.98142e-04
3.21425e+00	5.02344e-04
3.22941e+00	5.06549e-04
3.24457e+00	5.10753e-04
3.25973e+00	5.14962e-04
3.27490e+00	5.19165e-04
3.29006e+00	5.23370e-04
3.30522e+00	5.27575e-04
3.32038e+00	5.31778e-04
3.33554e+00	5.35982e-04
3.35070e+00	5.40179e-04
3.36587e+00	5.44376e-04
3.38103e+00	5.48570e-04
3.39619e+00	5.52761e-04
3.41135e+00	5.56950e-04
3.42651e+00	5.61130e-04
3.44167e+00	5.65307e-04
3.45684e+00	5.69479e-04
3.47200e+00	5.73646e-04
3.48716e+00	5.77806e-04
3.50232e+00	5.81960e-04
3.51748e+00	5.86107e-04
3.53264e+00	5.90247e-04
3.54780e+00	5.94382e-04
3.56297e+00	5.98495e-04
3.57813e+00	6.02620e-04
3.59329e+00	6.06727e-04
3.60845e+00	6.10825e-04
3.62361e+00	6.14911e-04
3.63877e+00	6.18992e-04
3.65394e+00	6.23054e-04
3.66910e+00	6.27104e-04
3.68426e+00	6.31142e-04
3.69942e+00	6.35167e-04
3.71458e+00	6.39178e-04
3.72974e+00	6.43176e-04
3.74490e+00	6.47158e-04
3.76007e+00	6.51126e-04
3.77523e+00	6.55078e-04
3.79039e+00	6.59012e-04
3.80555e+00	6.62934e-04
3.82071e+00	6.66832e-04
3.83587e+00	6.70714e-04
3.85104e+00	6.74578e-04
3.86620e+00	6.78423e-04
3.88136e+00	6.82247e-04
3.89652e+00	6.86051e-04
3.91168e+00	6.89840e-04
3.92684e+00	6.93605e-04
3.94201e+00	6.97347e-04
3.95717e+00	7.01492e-04
3.97233e+00	7.03965e-04
3.98749e+00	7.08781e-04
4.00265e+00	7.13178e-04
4.01781e+00	7.17383e-04
4.03297e+00	7.21587e-04
4.04814e+00	7.25848e-04
4.06330e+00	7.29622e-04
4.07846e+00	7.34174e-04
4.09362e+00	7.38360e-04
4.10878e+00	7.42556e-04
4.12394e+00	7.46712e-04
4.13911e+00	7.50836e-04
4.15427e+00	7.54930e-04
4.16943e+00	7.58977e-04
4.18459e+00	7.62992e-04
4.19975e+00	7.66971e-04
4.21491e+00	7.70912e-04
4.23007e+00	7.74813e-04
4.24524e+00	7.78673e-04
4.26040e+00	7.82503e-04
4.27556e+00	7.86288e-04
4.29072e+00	7.90030e-04
4.30588e+00	7.93731e-04
4.32104e+00	7.97387e-04
4.33621e+00	8.00998e-04
4.35137e+00	8.04569e-04
4.36653e+00	8.08091e-04
4.38169e+00	8.11567e-04
4.39685e+00	8.14995e-04
4.41201e+00	8.18374e-04
4.42717e+00	8.21707e-04
4.44234e+00	8.24985e-04
4.45750e+00	8.28214e-04
4.47266e+00	8.31392e-04
4.48782e+00	8.34517e-04
4.50298e+00	8.37587e-04
4.51814e+00	8.40611e-04
4.53331e+00	8.43568e-04
4.54847e+00	8.46473e-04
4.56363e+00	8.49322e-04
4.57879e+00	8.52115e-04
4.59395e+00	8.54849e-04
4.60911e+00	8.57526e-04
4.62428e+00	8.60143e-04
4.63944e+00	8.62699e-04
4.65460e+00	8.65195e-04
4.66976e+00	8.67629e-04
4.68492e+00	8.70002e-04
4.70008e+00	8.72315e-04
4.71524e+00	8.74550e-04
4.73041e+00	8.76747e-04
4.74557e+00	8.78868e-04
4.76073e+00	8.80925e-04
4.77589e+00	8.82915e-04
4.79105e+00	8.84837e-04
4.80621e+00	8.86698e-04
4.82138e+00	8.88485e-04
4.83654e+00	8.90197e-04
4.85170e+00	8.91844e-04
4.86686e+00	8.93421e-04
4.88202e+00	8.94927e-04
4.89718e+00	8.96396e-04
4.91234e+00	8.97660e-04
4.92751e+00	8.99051e-04
4.94267e+00	9.00321e-04
4.95783e+00	9.01510e-04
4.97299e+00	9.02625e-04
4.98815e+00	9.03670e-04
5.00331e+00	9.04738e-04
5.01848e+00	9.05278e-04
5.03364e+00	9.06500e-04
5.04880e+00	9.07330e-04
5.06396e+00	9.08120e-04
5.07912e+00	9.08825e-04
5.09428e+00	9.09450e-04
5.10945e+00	9.09996e-04
5.12461e+00	9.10448e-04
5.13977e+00	9.10844e-04
5.15493e+00	9.11147e-04
5.17009e+00	9.11369e-04
5.18525e+00	9.11508e-04
5.20041e+00	9.11564e-04
5.21558e+00	9.11534e-04
5.23074e+00	9.11435e-04
5.24590e+00	9.11227e-04
5.26106e+00	9.10946e-04
5.27622e+00	9.10579e-04
5.29138e+00	9.10129e-04
5.30655e+00	9.09594e-04
5.32171e+00	9.08977e-04
5.33687e+00	9.08265e-04
5.35203e+00	9.07484e-04
5.36719e+00	9.06613e-04
5.38235e+00	9.05658e-04
5.39751e+00	9.04618e-04
5.41268e+00	9.03492e-04
5.42784e+00	9.02281e-04
5.44300e+00	9.00990e-04
5.45816e+00	8.99608e-04
5.47332e+00	8.98139e-04
5.48848e+00	8.96587e-04
5.50365e+00	8.94951e-04
5.51881e+00	8.93231e-04
5.53397e+00	8.91428e-04
5.54913e+00	8.89541e-04
5.56429e+00	8.87565e-04
5.57945e+00	8.85518e-04
5.59461e+00	8.83382e-04
5.60978e+00	8.81164e-04
5.62494e+00	8.78864e-04
5.64010e+00	8.76482e-04
5.65526e+00	8.74016e-04
5.67042e+00	8.71476e-04
5.68558e+00	8.68847e-04
5.70075e+00	8.66134e-04
5.71591e+00	8.63345e-04
5.73107e+00	8.60476e-04
5.74623e+00	8.57528e-04
5.76139e+00	8.54502e-04
5.77655e+00	8.51402e-04
5.79172e+00	8.48212e-04
5.80688e+00	8.44965e-04
5.82204e+00	8.41635e-04
5.83720e+00	8.38231e-04
5.85236e+00	8.34751e-04
5.86752e+00	8.31199e-04
5.88268e+00	8.27567e-04
5.89785e+00	8.23855e-04
5.91301e+00	8.20166e-04
5.92817e+00	8.16209e-04
5.94333e+00	8.12269e-04
5.95849e+00	8.08252e-04
5.97365e+00	8.04169e-04
5.98882e+00	8.00020e-04
6.00398e+00	7.95792e-04
6.01914e+00	7.91504e-04
6.03430e+00	7.87297e-04
6.04946e+00	7.82675e-04
6.06462e+00	7.78152e-04
6.07978e+00	7.73554e-04
6.09495e+00	7.68903e-04
6.11011e+00	7.64197e-04
6.12527e+00	7.59438e-04
6.14043e+00	7.54627e-04
6.15559e+00	7.49759e-04
6.17075e+00	7.44851e-04
6.18592e+00	7.39889e-04
6.20108e+00	7.34880e-04
6.21624e+00	7.29823e-04
6.23140e+00	7.24720e-04
6.24656e+00	7.19573e-04
6.26172e+00	7.14380e-04
6.27688e+00	7.09152e-04
6.29205e+00	7.03872e-04
6.30721e+00	6.98555e-04
6.32237e+00	6.93199e-04
6.33753e+00	6.87806e-04
6.35269e+00	6.82377e-04
6.36785e+00	6.76913e-04
6.38302e+00	6.71414e-04
6.39818e+00	6.65885e-04
6.41334e+00	6.60323e-04
6.42850e+00	6.54729e-04
6.44366e+00	6.49108e-04
6.45882e+00	6.43459e-04
6.47399e+00	6.37784e-04
6.48915e+00	6.32084e-04
6.50431e+00	6.26361e-04
6.51947e+00	6.20620e-04
6.53463e+00	6.14842e-04
6.54979e+00	6.09070e-04
6.56495e+00	6.03268e-04
6.58012e+00	5.97451e-04
6.59528e+00	5.91618e-04
6.61044e+00	5.85770e-04
6.62560e+00	5.79909e-04
6.64076e+00	5.74036e-04
6.65592e+00	5.68153e-04
6.67109e+00	5.62262e-04
6.68625e+00	5.56357e-04
6.70141e+00	5.50448e-04
6.71657e+00	5.44533e-04
6.73173e+00	5.38614e-04
6.74689e+00	5.32693e-04
6.76205e+00	5.26770e-04
6.77722e+00	5.20847e-04
6.79238e+00	5.14927e-04
6.80754e+00	5.09007e-04
6.82270e+00	5.03087e-04
6.83786e+00	4.97175e-04
6.85302e+00	4.91268e-04
6.86819e+00	4.85369e-04
6.88335e+00	4.79479e-04
6.89851e+00	4.73598e-04
6.91367e+00	4.67679e-04
6.92883e+00	4.61938e-04
6.94399e+00	4.56047e-04
6.95916e+00	4.50043e-04
6.97432e+00	4.44155e-04
6.98948e+00	4.38279e-04
7.00464e+00	4.32428e-04
7.01980e+00	4.26602e-04
7.03496e+00	4.20802e-04
7.05012e+00	4.15003e-04
7.06529e+00	4.09304e-04
7.08045e+00	4.03604e-04
7.09561e+00	3.97778e-04
7.11077e+00	3.92074e-04
7.12593e+00	3.86394e-04
7.14109e+00	3.80752e-04
7.15626e+00	3.75146e-04
7.17142e+00	3.69578e-04
7.18658e+00	3.64048e-04
7.20174e+00	3.58556e-04
7.21690e+00	3.53104e-04
7.23206e+00	3.47692e-04
7.24722e+00	3.42320e-04
7.26239e+00	3.36989e-04
7.27755e+00	3.31700e-04
7.29271e+00	3.26453e-04
7.30787e+00	3.21249e-04
7.32303e+00	3.16088e-04
7.33819e+00	3.10971e-04
7.35336e+00	3.05897e-04
7.36852e+00	3.00868e-04
7.38368e+00	2.95885e-04
7.39884e+00	2.90947e-04
7.41400e+00	2.86054e-04
7.42916e+00	2.81208e-04
7.44432e+00	2.76408e-04
7.45949e+00	2.71655e-04
7.47465e+00	2.66949e-04
7.48981e+00	2.62290e-04
7.50497e+00	2.57679e-04
7.52013e+00	2.53116e-04
7.53529e+00	2.48601e-04
7.55046e+00	2.44134e-04
7.56562e+00	2.39716e-04
7.58078e+00	2.35347e-04
7.59594e+00	2.31026e-04
7.61110e+00	2.26755e-04
7.62626e+00	2.22533e-04
7.64143e+00	2.18360e-04
7.65659e+00	2.14237e-04
7.67175e+00	2.10163e-04
7.68691e+00	2.06139e-04
7.70207e+00	2.02165e-04
7.71723e+00	1.98240e-04
7.73239e+00	1.94365e-04
7.74756e+00	1.90540e-04
7.76272e+00	1.86764e-04
7.77788e+00	1.83038e-04
7.79304e+00	1.79361e-04
7.80820e+00	1.75734e-04
7.82336e+00	1.72157e-04
7.83853e+00	1.68629e-04
7.85369e+00	1.65150e-04
7.86885e+00	1.61720e-04
7.88401e+00	1.58339e-04
7.89917e+00	1.55007e-04
7.91433e+00	1.51724e-04
7.92949e+00	1.48489e-04
7.94466e+00	1.45303e-04
7.95982e+00	1.42164e-04
7.97498e+00	1.39074e-04
7.99014e+00	1.36032e-04
8.00530e+00	1.33037e-04
8.02046e+00	1.30089e-04
8.03563e+00	1.27188e-04
8.05079e+00	1.24334e-04
8.06595e+00	1.21526e-04
8.08111e+00	1.18764e-04
8.09627e+00	1.16048e-04
8.11143e+00	1.13378e-04
8.12660e+00	1.10753e-04
8.14176e+00	1.08172e-04
8.15692e+00	1.05637e-04
8.17208e+00	1.03145e-04
8.18724e+00	1.00698e-04
8.20240e+00	9.82933e-05
8.21756e+00	9.59321e-05
8.23273e+00	9.36137e-05
8.24789e+00	9.13377e-05
8.26305e+00	8.91035e-05
8.27821e+00	8.69110e-05
8.29337e+00	8.47597e-05
8.30853e+00	8.26490e-05
8.32370e+00	8.05787e-05
8.33886e+00	7.85483e-05
8.35402e+00	7.65574e-05
8.36918e+00	7.46055e-05
8.38434e+00	7.26922e-05
8.39950e+00	7.08170e-05
8.41466e+00	6.89796e-05
8.42983e+00	6.71795e-05
8.44499e+00	6.54162e-05
8.46015e+00	6.36893e-05
8.47531e+00	6.19983e-05
8.49047e+00	6.03428e-05
8.50563e+00	5.87223e-05
8.52080e+00	5.71363e-05
8.53596e+00	5.55844e-05
8.55112e+00	5.40661e-05
8.56628e+00	5.25810e-05
8.58144e+00	5.11285e-05
8.59660e+00	4.97083e-05
8.61176e+00	4.83197e-05
8.62693e+00	4.69625e-05
8.64209e+00	4.56361e-05
8.65725e+00	4.43400e-05
8.67241e+00	4.30737e-05
8.68757e+00	4.18369e-05
8.70273e+00	4.06290e-05
8.71790e+00	3.94496e-05
8.73306e+00	3.82982e-05
8.74822e+00	3.71744e-05
8.76338e+00	3.60776e-05
8.77854e+00	3.50074e-05
8.79370e+00	3.39634e-05
8.80887e+00	3.29452e-05
8.82403e+00	3.19521e-05
8.83919e+00	3.09839e-05
8.85435e+00	3.00401e-05
8.86951e+00	2.91201e-05
8.88467e+00	2.82236e-05
8.89983e+00	2.73502e-05
8.91500e+00	2.64981e-05
8.93016e+00	2.56729e-05
8.94532e+00	2.48633e-05
8.96048e+00	2.40749e-05
8.97564e+00	2.33089e-05
8.99080e+00	2.25635e-05
9.00597e+00	2.18383e-05
9.02113e+00	2.11330e-05
9.03629e+00	2.04471e-05
9.05145e+00	1.97802e-05
9.06661e+00	1.91319e-05
9.08177e+00	1.85018e-05
9.09693e+00	1.78894e-05
9.11210e+00	1.72944e-05
9.12726e+00	1.67165e-05
9.14242e+00	1.61551e-05
9.15758e+00	1.56100e-05
9.17274e+00	1.50808e-05
9.18790e+00	1.45670e-05
9.20307e+00	1.40684e-05
9.21823e+00	1.35845e-05
9.23339e+00	1.31151e-05
9.24855e+00	1.26597e-05
9.26371e+00	1.22180e-05
9.27887e+00	1.17900e-05
9.29404e+00	1.13747e-05
9.30920e+00	1.09720e-05
9.32436e+00	1.05819e-05
9.33952e+00	1.02039e-05
9.35468e+00	9.83773e-06
9.36984e+00	9.48308e-06
9.38500e+00	9.13964e-06
9.40017e+00	8.80712e-06
9.41533e+00	8.48523e-06
9.43049e+00	8.17370e-06
9.44565e+00	7.87223e-06
9.46081e+00	7.58057e-06
9.47597e+00	7.29845e-06
9.49114e+00	7.02559e-06
9.50630e+00	6.76176e-06
9.52146e+00	6.50669e-06
9.53662e+00	6.26015e-06
9.55178e+00	6.02189e-06
9.56694e+00	5.79168e-06
9.58210e+00	5.56928e-06
9.59727e+00	5.35448e-06
9.61243e+00	5.14704e-06
9.62759e+00	4.94657e-06
9.64275e+00	4.75385e-06
9.65791e+00	4.56671e-06
9.67307e+00	4.38637e-06
9.68824e+00	4.21251e-06
9.70340e+00	4.04483e-06
9.71856e+00	3.88314e-06
9.73372e+00	3.72727e-06
9.74888e+00	3.57703e-06
9.76404e+00	3.43224e-06
9.77920e+00	3.29273e-06
9.79437e+00	3.15834e-06
9.80953e+00	3.02890e-06
9.82469e+00	2.90425e-06
9.83985e+00	2.78424e-06
9.85501e+00	2.66871e-06
9.87017e+00	2.55752e-06
9.88534e+00	2.45053e-06
9.90050e+00	2.34759e-06
9.91566e+00	2.24858e-06
9.93082e+00	2.15335e-06
9.94598e+00	2.06179e-06
9.96114e+00	1.97377e-06
9.97631e+00	1.88916e-06
9.99147e+00	1.80774e-06
1.00066e+01	1.72902e-06
1.00218e+01	1.65671e-06
1.00370e+01	1.58121e-06
1.00521e+01	1.51153e-06
1.00673e+01	1.44447e-06
1.00824e+01	1.38026e-06
1.00976e+01	1.31876e-06
1.01128e+01	1.25985e-06
1.01279e+01	1.20343e-06
1.01431e+01	1.14941e-06
1.01582e+01	1.09769e-06
1.01734e+01	1.04817e-06
1.01886e+01	1.00077e-06
1.02037e+01	9.55410e-07
1.02189e+01	9.11996e-07
1.02341e+01	8.70454e-07
1.02492e+01	8.30709e-07
1.02644e+01	7.92686e-07
1.02795e+01	7.56315e-07
1.02947e+01	7.21530e-07
1.03099e+01	6.88264e-07
1.03250e+01	6.56456e-07
1.03402e+01	6.26044e-07
1.03553e+01	5.96972e-07
1.03705e+01	5.69183e-07
1.03857e+01	5.42624e-07
1.04008e+01	5.17244e-07
1.04160e+01	4.92993e-07
1.04312e+01	4.69823e-07
1.04463e+01	4.47690e-07
1.04615e+01	4.26549e-07
1.04766e+01	4.06359e-07
1.04918e+01	3.87078e-07
1.05070e+01	3.68669e-07
1.05221e+01	3.51093e-07
1.05373e+01	3.34316e-07
1.05524e+01	3.18303e-07
1.05676e+01	3.03019e-07
1.05828e+01	2.88367e-07
1.05979e+01	2.74598e-07
1.06131e+01	2.61343e-07
1.06283e+01	2.48359e-07
1.06434e+01	2.36211e-07
1.06586e+01	2.24623e-07
1.06737e+01	2.13595e-07
1.06889e+01	2.03097e-07
1.07041e+01	1.93105e-07
1.07192e+01	1.83595e-07
1.07344e+01	1.74543e-07
1.07495e+01	1.65929e-07
1.07647e+01	1.57732e-07
1.07799e+01	1.49932e-07
1.07950e+01	1.42509e-07
1.08102e+01	1.35447e-07
1.08254e+01	1.28728e-07
1.08405e+01	1.22335e-07
1.08557e+01	1.16254e-07
1.08708e+01	1.10469e-07
1.08860e+01	1.04966e-07
1.09012e+01	9.97313e-08
1.09163e+01	9.47527e-08
1.09315e+01	9.00177e-08
1.09466e+01	8.55145e-08
1.09618e+01	8.12321e-08
1.09770e+01	7.71599e-08
1.09921e+01	7.32876e-08
1.10073e+01	6.96058e-08
1.10225e+01	6.61051e-08
1.10376e+01	6.27770e-08
1.10528e+01	5.96129e-08
1.10679e+01	5.66051e-08
1.10831e+01	5.37459e-08
1.10983e+01	5.10282e-08
1.11134e+01	4.84450e-08
1.11286e+01	4.59898e-08
1.11437e+01	4.36565e-08
1.11589e+01	4.14390e-08
1.11741e+01	3.93318e-08
1.11892e+01	3.73295e-08
1.12044e+01	3.54269e-08
1.12196e+01	3.36191e-08
1.12347e+01	3.19016e-08
1.12499e+01	3.02699e-08
1.12650e+01	2.87198e-08
1.12802e+01	2.72473e-08
1.12954e+01	2.58485e-08
1.13105e+01	2.45200e-08
1.13257e+01	2.32581e-08
1.13408e+01	2.20596e-08
1.13560e+01	2.09215e-08
1.13712e+01	1.98406e-08
1.13863e+01	1.88143e-08
1.14015e+01	1.78397e-08
1.14167e+01	1.69143e-08
1.14318e+01	1.60357e-08
1.14470e+01	1.52016e-08
1.14621e+01	1.44097e-08
1.14773e+01	1.36579e-08
1.14925e+01	1.29444e-08
1.15076e+01	1.22670e-08
1.15228e+01	1.16241e-08
1.15379e+01	1.10140e-08
1.15531e+01	1.04345e-08
1.15683e+01	9.85273e-09
1.15834e+01	9.26920e-09
1.15986e+01	8.68954e-09
1.16138e+01	8.11628e-09
1.16289e+01	7.55104e-09
1.16441e+01	6.95876e-09
1.16592e+01	6.35893e-09
1.16744e+01	5.78338e-09
1.16896e+01	5.25992e-09
1.17047e+01	4.79228e-09
1.17199e+01	4.37852e-09
1.17350e+01	4.01001e-09
1.17502e+01	3.67383e-09
1.17654e+01	3.35880e-09
1.17805e+01	3.06434e-09
1.17957e+01	2.79287e-09
1.18109e+01	2.54393e-09
1.18260e+01	2.31143e-09
1.18412e+01	2.07258e-09
1.18563e+01	1.82956e-09
1.18715e+01	1.61654e-09
1.18867e+01	1.44039e-09
1.19018e+01	1.29068e-09
1.19170e+01	1.15972e-09
1.19321e+01	1.04403e-09
1.19473e+01	9.41222e-10
1.19625e+01	8.49179e-10
1.19776e+01	7.66266e-10
1.19928e+01	6.91494e-10
1.20080e+01	6.23927e-10
1.20231e+01	5.62753e-10
1.20383e+01	5.07326e-10
1.20534e+01	4.57129e-10
1.20686e+01	4.11692e-10
1.20838e+01	3.70591e-10
1.20989e+01	3.33419e-10
1.21141e+01	2.99768e-10
1.21292e+01	2.69281e-10
1.21444e+01	2.41666e-10
1.21596e+01	2.16681e-10
1.21747e+01	1.94108e-10
1.21899e+01	1.73738e-10
1.22051e+01	1.55352e-10
1.22202e+01	1.38730e-10
1.22354e+01	1.23711e-10
1.22505e+01	1.10156e-10
1.22657e+01	9.79403e-11
1.22809e+01	8.69519e-11
1.22960e+01	7.70889e-11
1.23112e+01	6.82462e-11
1.23263e+01	6.03617e-11
1.23415e+01	5.33379e-11
1.23567e+01	4.70876e-11
1.23718e+01	4.15315e-11
1.23870e+01	3.65983e-11
1.24022e+01	3.22227e-11
1.24173e+01	2.83373e-11
1.24325e+01	2.48922e-11
1.24476e+01	2.18396e-11
1.24628e+01	1.91382e-11
1.24780e+01	1.67508e-11
1.24931e+01	1.46437e-11
1.25083e+01	1.27867e-11
1.25234e+01	1.11520e-11
1.25386e+01	9.71404e-12
1.25538e+01	8.45391e-12
1.25689e+01	7.34625e-12
1.25841e+01	6.37544e-12
1.25993e+01	5.52784e-12
1.26144e+01	4.78818e-12
1.26296e+01	4.14393e-12
1.26447e+01	3.58364e-12
1.26599e+01	3.09669e-12
1.26751e+01	2.67376e-12
1.26902e+01	2.30667e-12
1.27054e+01	1.98876e-12
1.27205e+01	1.71377e-12
1.27357e+01	1.47608e-12
1.27509e+01	1.27086e-12
1.27660e+01	1.09372e-12
1.27812e+01	9.40833e-13
1.27964e+01	8.08909e-13
1.28115e+01	6.95315e-13
1.28267e+01	5.97794e-13
1.28418e+01	5.14118e-13
1.28570e+01	4.42686e-13
1.28722e+01	3.81825e-13
1.28873e+01	3.29936e-13
1.29025e+01	2.85277e-13
1.29176e+01	2.46134e-13
1.29328e+01	2.12110e-13
1.29480e+01	1.83377e-13
1.29631e+01	1.59279e-13
1.29783e+01	1.38533e-13
1.29935e+01	1.20435e-13
1.30086e+01	1.04440e-13
1.30238e+01	8.91853e-14
1.30389e+01	7.48411e-14
1.30541e+01	6.19701e-14
1.30693e+01	5.15863e-14
1.30844e+01	4.34063e-14
1.30996e+01	3.68614e-14
1.31147e+01	3.15999e-14
1.31299e+01	2.73381e-14
1.31451e+01	2.37437e-14
1.31602e+01	2.05715e-14
1.31754e+01	1.77445e-14
1.31906e+01	1.52058e-14
1.32057e+01	1.29582e-14
1.32209e+01	1.10686e-14
1.32360e+01	9.51814e-15
1.32512e+01	8.20559e-15
1.32664e+01	7.09371e-15
1.32815e+01	6.14358e-15
1.32967e+01	5.33496e-15
1.33118e+01	4.64132e-15
1.33270e+01	4.04402e-15
1.33422e+01	3.52681e-15
1.33573e+01	3.07791e-15
1.33725e+01	2.68608e-15
1.33877e+01	2.34232e-15
1.34028e+01	2.04054e-15
1.34180e+01	1.77580e-15
1.34331e+01	1.54254e-15
1.34483e+01	1.33695e-15
1.34635e+01	1.15502e-15
1.34786e+01	9.95593e-16
1.34938e+01	8.57966e-16
1.35089e+01	7.39633e-16
1.35241e+01	6.37331e-16
1.35393e+01	5.48646e-16
1.35544e+01	4.71849e-16
1.35696e+01	4.05415e-16
1.35848e+01	3.47999e-16
1.35999e+01	2.98420e-16
1.36151e+01	2.55675e-16
1.36302e+01	2.18873e-16
1.36454e+01	1.87209e-16
1.36606e+01	1.59990e-16
1.36757e+01	1.36617e-16
1.36909e+01	1.16560e-16
1.37060e+01	9.93646e-17
1.37212e+01	8.46368e-17
1.37364e+01	7.20342e-17
1.37515e+01	6.12576e-17
1.37667e+01	5.20514e-17
1.37819e+01	4.41944e-17
1.37970e+01	3.74942e-17
1.38122e+01	3.17836e-17
1.38273e+01	2.69201e-17
1.38425e+01	2.27823e-17
1.38577e+01	1.92648e-17
1.38728e+01	1.62762e-17
1.38880e+01	1.37351e-17
1.39031e+01	1.15775e-17
1.39183e+01	9.74692e-18
1.39335e+01	8.19511e-18
1.39486e+01	6.88156e-18
1.39638e+01	5.77121e-18
1.39790e+01	4.83451e-18
1.39941e+01	4.04462e-18
1.40093e+01	3.37907e-18
1.40244e+01	2.81920e-18
1.40396e+01	2.34948e-18
1.40548e+01	1.95556e-18
1.40699e+01	1.62589e-18
1.40851e+01	1.35011e-18
1.41002e+01	1.11970e-18
1.41154e+01	9.27448e-19
1.41306e+01	7.67265e-19
1.41457e+01	6.33978e-19
1.41609e+01	5.23218e-19
1.41761e+01	4.31297e-19
1.41912e+01	3.55105e-19
1.42064e+01	2.92037e-19
1.42215e+01	2.39901e-19
1.42367e+01	1.96835e-19
1.42519e+01	1.61297e-19
1.42670e+01	1.32007e-19
1.42822e+01	1.07898e-19
1.42973e+01	8.80804e-20
1.43125e+01	7.18123e-20
1.43277e+01	5.84764e-20
1.43428e+01	4.75588e-20
1.43580e+01	3.86325e-20
1.43732e+01	3.13435e-20
1.43883e+01	2.53994e-20
1.44035e+01	2.05580e-20
1.44186e+01	1.66197e-20
1.44338e+01	1.34202e-20
1.44490e+01	1.08238e-20
1.44641e+01	8.71966e-21
1.44793e+01	7.01658e-21
1.44944e+01	5.63974e-21
1.45096e+01	4.52792e-21
1.45248e+01	3.63119e-21
1.45399e+01	2.90882e-21
1.45551e+01	2.32758e-21
1.45703e+01	1.86044e-21
1.45854e+01	1.48544e-21
1.46006e+01	1.18476e-21
1.46157e+01	9.43923e-22
1.46309e+01	7.51243e-22
1.46461e+01	5.97263e-22
1.46612e+01	4.74343e-22
1.46764e+01	3.76325e-22
1.46915e+01	2.98252e-22
1.47067e+01	2.36133e-22
1.47219e+01	1.86762e-22
1.47370e+01	1.47563e-22
1.47522e+01	1.16474e-22
1.47674e+01	9.18428e-23
1.47825e+01	7.23482e-23
1.47977e+01	5.69351e-23
1.48128e+01	4.47613e-23
1.48280e+01	3.51559e-23
1.48432e+01	2.75847e-23
1.48583e+01	2.16232e-23
1.48735e+01	1.69338e-23
1.48886e+01	1.32490e-23
1.49038e+01	1.03564e-23
1.49190e+01	8.08792e-24
1.49341e+01	6.31075e-24
1.49493e+01	4.91993e-24
1.49645e+01	3.83265e-24
1.49796e+01	2.98374e-24
1.49948e+01	2.32191e-24
1.50099e+01	1.80671e-24
1.50251e+01	1.40656e-24
1.50403e+01	1.09646e-24
1.50554e+01	8.56856e-25
1.50706e+01	6.72490e-25
1.50858e+01	5.31506e-25
1.51009e+01	4.24744e-25
1.51161e+01	3.45176e-25
1.51312e+01	2.87449e-25
1.51464e+01	2.47991e-25
1.51616e+01	2.20391e-25
