# The ell = 1 distribution, the first anisotropy.
# E_N [Td]	7.00000e+00
# col_1: Electron Energy [eV], col_2: f1 [eV^(-3/2)]
eV	f1
1.87688e-02	4.97859e-04
3.75375e-02	1.32307e-03
5.63063e-02	1.91125e-03
7.50751e-02	2.23578e-03
9.38438e-02	2.41477e-03
1.12613e-01	2.47990e-03
1.31381e-01	2.47013e-03
1.50150e-01	2.43576e-03
1.68919e-01	2.39603e-03
1.87688e-01	2.35643e-03
2.06456e-01	2.31807e-03
2.25225e-01	2.28335e-03
2.43994e-01	2.24158e-03
2.62763e-01	2.19196e-03
2.81532e-01	2.14942e-03
3.00300e-01	2.12932e-03
3.19069e-01	2.11286e-03
3.37838e-01	2.07923e-03
3.56607e-01	2.03796e-03
3.75375e-01	1.99721e-03
3.94144e-01	1.95792e-03
4.12913e-01	1.92080e-03
4.31682e-01	1.88603e-03
4.50450e-01	1.85330e-03
4.69219e-01	1.82233e-03
4.87988e-01	1.79302e-03
5.06757e-01	1.76525e-03
5.25526e-01	1.73892e-03
5.44294e-01	1.71386e-03
5.63063e-01	1.68997e-03
5.81832e-01	1.66714e-03
6.00601e-01	1.64558e-03
6.19369e-01	1.62518e-03
6.38138e-01	1.60581e-03
6.56907e-01	1.58733e-03
6.75676e-01	1.56964e-03
6.94444e-01	1.55266e-03
7.13213e-01	1.53607e-03
7.31982e-01	1.51980e-03
7.50751e-01	1.50381e-03
7.69520e-01	1.48809e-03
7.88288e-01	1.47262e-03
8.07057e-01	1.45742e-03
8.25826e-01	1.44247e-03
8.44595e-01	1.42776e-03
8.63363e-01	1.41327e-03
8.82132e-01	1.39895e-03
9.00901e-01	1.38479e-03
9.19670e-01	1.37076e-03
9.38438e-01	1.35689e-03
9.57207e-01	1.34312e-03
9.75976e-01	1.32957e-03
9.94745e-01	1.31605e-03
1.01351e+00	1.30251e-03
1.03228e+00	1.28910e-03
1.05105e+00	1.27576e-03
1.06982e+00	1.26252e-03
1.08859e+00	1.24939e-03
1.10736e+00	1.23637e-03
1.12613e+00	1.22342e-03
1.14489e+00	1.21054e-03
1.16366e+00	1.19774e-03
1.18243e+00	1.18502e-03
1.20120e+00	1.17250e-03
1.21997e+00	1.16015e-03
1.23874e+00	1.14793e-03
1.25751e+00	1.13580e-03
1.27628e+00	1.12374e-03
1.29505e+00	1.11176e-03
1.31381e+00	1.09989e-03
1.33258e+00	1.08811e-03
1.35135e+00	1.07643e-03
1.37012e+00	1.06496e-03
1.38889e+00	1.05369e-03
1.40766e+00	1.04258e-03
1.42643e+00	1.03166e-03
1.44520e+00	1.02092e-03
1.46396e+00	1.01040e-03
1.48273e+00	1.00019e-03
1.50150e+00	9.90421e-04
1.52027e+00	9.80817e-04
1.53904e+00	9.71223e-04
1.55781e+00	9.61682e-04
1.57658e+00	9.52237e-04
1.59535e+00	9.42898e-04
1.61411e+00	9.33724e-04
1.63288e+00	9.24722e-04
1.65165e+00	9.15893e-04
1.67042e+00	9.07256e-04
1.68919e+00	8.98693e-04
1.70796e+00	8.90390e-04
1.72673e+00	8.82204e-04
1.74550e+00	8.74194e-04
1.76426e+00	8.66365e-04
1.78303e+00	8.58700e-04
1.80180e+00	8.51198e-04
1.82057e+00	8.43856e-04
1.83934e+00	8.36670e-04
1.85811e+00	8.29635e-04
1.87688e+00	8.22748e-04
1.89565e+00	8.16006e-04
1.91441e+00	8.09407e-04
1.93318e+00	8.02956e-04
1.95195e+00	7.96592e-04
1.97072e+00	7.90408e-04
1.98949e+00	7.84392e-04
2.00826e+00	7.78374e-04
2.02703e+00	7.72653e-04
2.04580e+00	7.67004e-04
2.06456e+00	7.61467e-04
2.08333e+00	7.56046e-04
2.10210e+00	7.50735e-04
2.12087e+00	7.45532e-04
2.13964e+00	7.40434e-04
2.15841e+00	7.35441e-04
2.17718e+00	7.30549e-04
2.19595e+00	7.25755e-04
2.21471e+00	7.21059e-04
2.23348e+00	7.16458e-04
2.25225e+00	7.11950e-04
2.27102e+00	7.07534e-04
2.28979e+00	7.03207e-04
2.30856e+00	6.98967e-04
2.32733e+00	6.94813e-04
2.34610e+00	6.90742e-04
2.36486e+00	6.86757e-04
2.38363e+00	6.82852e-04
2.40240e+00	6.79027e-04
2.42117e+00	6.75277e-04
2.43994e+00	6.71613e-04
2.45871e+00	6.67986e-04
2.47748e+00	6.64497e-04
2.49625e+00	6.61065e-04
2.51502e+00	6.57667e-04
2.53378e+00	6.54398e-04
2.55255e+00	6.51185e-04
2.57132e+00	6.48037e-04
2.59009e+00	6.44954e-04
2.60886e+00	6.41935e-04
2.62763e+00	6.38980e-04
2.64640e+00	6.36089e-04
2.66517e+00	6.33253e-04
2.68393e+00	6.30481e-04
2.70270e+00	6.27763e-04
2.72147e+00	6.25109e-04
2.74024e+00	6.22510e-04
2.75901e+00	6.19967e-04
2.77778e+00	6.17478e-04
2.79655e+00	6.15043e-04
2.81532e+00	6.12661e-04
2.83408e+00	6.10332e-04
2.85285e+00	6.08052e-04
2.87162e+00	6.05823e-04
2.89039e+00	6.03643e-04
2.90916e+00	6.01511e-04
2.92793e+00	5.99426e-04
2.94670e+00	5.97383e-04
2.96547e+00	5.95407e-04
2.98423e+00	5.93447e-04
3.00300e+00	5.91526e-04
3.02177e+00	5.89652e-04
3.04054e+00	5.87834e-04
3.05931e+00	5.86035e-04
3.07808e+00	5.84286e-04
3.09685e+00	5.82577e-04
3.11562e+00	5.80908e-04
3.13438e+00	5.79277e-04
3.15315e+00	5.77686e-04
3.17192e+00	5.76131e-04
3.19069e+00	5.74614e-04
3.20946e+00	5.73137e-04
3.22823e+00	5.71695e-04
3.24700e+00	5.70289e-04
3.26577e+00	5.68918e-04
3.28453e+00	5.67581e-04
3.30330e+00	5.66278e-04
3.32207e+00	5.65008e-04
3.34084e+00	5.63771e-04
3.35961e+00	5.62567e-04
3.37838e+00	5.61394e-04
3.39715e+00	5.60253e-04
3.41592e+00	5.59142e-04
3.43468e+00	5.58061e-04
3.45345e+00	5.57011e-04
3.47222e+00	5.55990e-04
3.49099e+00	5.54998e-04
3.50976e+00	5.54035e-04
3.52853e+00	5.53099e-04
3.54730e+00	5.52192e-04
3.56607e+00	5.51310e-04
3.58483e+00	5.50459e-04
3.60360e+00	5.49633e-04
3.62237e+00	5.48832e-04
3.64114e+00	5.48059e-04
3.65991e+00	5.47308e-04
3.67868e+00	5.46583e-04
3.69745e+00	5.45883e-04
3.71622e+00	5.45206e-04
3.73498e+00	5.44554e-04
3.75375e+00	5.43924e-04
3.77252e+00	5.43318e-04
3.79129e+00	5.42734e-04
3.81006e+00	5.42173e-04
3.82883e+00	5.41633e-04
3.84760e+00	5.41115e-04
3.86637e+00	5.40619e-04
3.88514e+00	5.40142e-04
3.90390e+00	5.39688e-04
3.92267e+00	5.39254e-04
3.94144e+00	5.38875e-04
3.96021e+00	5.38460e-04
3.97898e+00	5.37932e-04
3.99775e+00	5.37963e-04
4.01652e+00	5.37778e-04
4.03529e+00	5.37662e-04
4.05405e+00	5.37486e-04
4.07282e+00	5.37428e-04
4.09159e+00	5.37408e-04
4.11036e+00	5.37384e-04
4.12913e+00	5.37381e-04
4.14790e+00	5.37397e-04
4.16667e+00	5.37426e-04
4.18544e+00	5.37474e-04
4.20420e+00	5.37539e-04
4.22297e+00	5.37621e-04
4.24174e+00	5.37717e-04
4.26051e+00	5.37834e-04
4.27928e+00	5.37964e-04
4.29805e+00	5.38110e-04
4.31682e+00	5.38271e-04
4.33559e+00	5.38447e-04
4.35435e+00	5.38638e-04
4.37312e+00	5.38843e-04
4.39189e+00	5.39063e-04
4.41066e+00	5.39296e-04
4.42943e+00	5.39543e-04
4.44820e+00	5.39803e-04
4.46697e+00	5.40076e-04
4.48574e+00	5.40361e-04
4.50450e+00	5.40659e-04
4.52327e+00	5.40971e-04
4.54204e+00	5.41291e-04
4.56081e+00	5.41625e-04
4.57958e+00	5.41970e-04
4.59835e+00	5.42326e-04
4.61712e+00	5.42693e-04
4.63589e+00	5.43071e-04
4.65465e+00	5.43459e-04
4.67342e+00	5.43857e-04
4.69219e+00	5.44267e-04
4.71096e+00	5.44682e-04
4.72973e+00	5.45114e-04
4.74850e+00	5.45552e-04
4.76727e+00	5.46000e-04
4.78604e+00	5.46456e-04
4.80480e+00	5.46923e-04
4.82357e+00	5.47395e-04
4.84234e+00	5.47875e-04
4.86111e+00	5.48363e-04
4.87988e+00	5.48861e-04
4.89865e+00	5.49364e-04
4.91742e+00	5.49858e-04
4.93619e+00	5.50410e-04
4.95495e+00	5.50948e-04
4.97372e+00	5.51494e-04
4.99249e+00	5.52071e-04
5.01126e+00	5.52559e-04
5.03003e+00	5.53190e-04
5.04880e+00	5.53821e-04
5.06757e+00	5.54441e-04
5.08634e+00	5.55069e-04
5.10511e+00	5.55701e-04
5.12387e+00	5.56335e-04
5.14264e+00	5.56980e-04
5.16141e+00	5.57627e-04
5.18018e+00	5.58277e-04
5.19895e+00	5.58931e-04
5.21772e+00	5.59590e-04
5.23649e+00	5.60251e-04
5.25526e+00	5.60912e-04
5.27402e+00	5.61577e-04
5.29279e+00	5.62244e-04
5.31156e+00	5.62914e-04
5.33033e+00	5.63584e-04
5.34910e+00	5.64259e-04
5.36787e+00	5.64936e-04
5.38664e+00	5.65613e-04
5.40541e+00	5.66292e-04
5.42417e+00	5.66971e-04
5.44294e+00	5.67652e-04
5.46171e+00	5.68331e-04
5.48048e+00	5.69010e-04
5.49925e+00	5.69690e-04
5.51802e+00	5.70369e-04
5.53679e+00	5.71048e-04
5.55556e+00	5.71724e-04
5.57432e+00	5.72403e-04
5.59309e+00	5.73080e-04
5.61186e+00	5.73755e-04
5.63063e+00	5.74429e-04
5.64940e+00	5.75100e-04
5.66817e+00	5.75772e-04
5.68694e+00	5.76437e-04
5.70571e+00	5.77099e-04
5.72447e+00	5.77759e-04
5.74324e+00	5.78416e-04
5.76201e+00	5.79071e-04
5.78078e+00	5.79720e-04
5.79955e+00	5.80367e-04
5.81832e+00	5.81013e-04
5.83709e+00	5.81653e-04
5.85586e+00	5.82288e-04
5.87462e+00	5.82917e-04
5.89339e+00	5.83539e-04
5.91216e+00	5.84190e-04
5.93093e+00	5.84755e-04
5.94970e+00	5.85347e-04
5.96847e+00	5.85930e-04
5.98724e+00	5.86508e-04
6.00601e+00	5.87055e-04
6.02477e+00	5.87690e-04
6.04354e+00	5.88181e-04
6.06231e+00	5.88675e-04
6.08108e+00	5.89177e-04
6.09985e+00	5.89670e-04
6.11862e+00	5.90156e-04
6.13739e+00	5.90635e-04
6.15616e+00	5.91105e-04
6.17492e+00	5.91571e-04
6.19369e+00	5.92027e-04
6.21246e+00	5.92476e-04
6.23123e+00	5.92916e-04
6.25000e+00	5.93347e-04
6.26877e+00	5.93771e-04
6.28754e+00	5.94184e-04
6.30631e+00	5.94587e-04
6.32508e+00	5.94981e-04
6.34384e+00	5.95365e-04
6.36261e+00	5.95740e-04
6.38138e+00	5.96104e-04
6.40015e+00	5.96460e-04
6.41892e+00	5.96802e-04
6.43769e+00	5.97135e-04
6.45646e+00	5.97457e-04
6.47523e+00	5.97768e-04
6.49399e+00	5.98069e-04
6.51276e+00	5.98360e-04
6.53153e+00	5.98631e-04
6.55030e+00	5.98904e-04
6.56907e+00	5.99161e-04
6.58784e+00	5.99406e-04
6.60661e+00	5.99639e-04
6.62538e+00	5.99859e-04
6.64414e+00	6.00066e-04
6.66291e+00	6.00264e-04
6.68168e+00	6.00442e-04
6.70045e+00	6.00610e-04
6.71922e+00	6.00763e-04
6.73799e+00	6.00904e-04
6.75676e+00	6.01031e-04
6.77553e+00	6.01143e-04
6.79429e+00	6.01245e-04
6.81306e+00	6.01327e-04
6.83183e+00	6.01395e-04
6.85060e+00	6.01450e-04
6.86937e+00	6.01489e-04
6.88814e+00	6.01514e-04
6.90691e+00	6.01481e-04
6.92568e+00	6.01580e-04
6.94444e+00	6.01501e-04
6.96321e+00	6.01290e-04
6.98198e+00	6.01142e-04
7.00075e+00	6.00971e-04
7.01952e+00	6.00786e-04
7.03829e+00	6.00575e-04
7.05706e+00	6.00349e-04
7.07583e+00	6.00227e-04
7.09459e+00	5.99789e-04
7.11336e+00	5.99463e-04
7.13213e+00	5.99107e-04
7.15090e+00	5.98739e-04
7.16967e+00	5.98356e-04
7.18844e+00	5.97958e-04
7.20721e+00	5.97545e-04
7.22598e+00	5.97118e-04
7.24474e+00	5.96675e-04
7.26351e+00	5.96218e-04
7.28228e+00	5.95745e-04
7.30105e+00	5.95257e-04
7.31982e+00	5.94754e-04
7.33859e+00	5.94235e-04
7.35736e+00	5.93700e-04
7.37613e+00	5.93152e-04
7.39489e+00	5.92587e-04
7.41366e+00	5.92006e-04
7.43243e+00	5.91410e-04
7.45120e+00	5.90798e-04
7.46997e+00	5.90170e-04
7.48874e+00	5.89525e-04
7.50751e+00	5.88865e-04
7.52628e+00	5.88188e-04
7.54505e+00	5.87496e-04
7.56381e+00	5.86787e-04
7.58258e+00	5.86061e-04
7.60135e+00	5.85320e-04
7.62012e+00	5.84562e-04
7.63889e+00	5.83787e-04
7.65766e+00	5.82995e-04
7.67643e+00	5.82188e-04
7.69520e+00	5.81364e-04
7.71396e+00	5.80523e-04
7.73273e+00	5.79666e-04
7.75150e+00	5.78791e-04
7.77027e+00	5.77900e-04
7.78904e+00	5.76992e-04
7.80781e+00	5.76067e-04
7.82658e+00	5.75126e-04
7.84535e+00	5.74167e-04
7.86411e+00	5.73191e-04
7.88288e+00	5.72198e-04
7.90165e+00	5.71189e-04
7.92042e+00	5.70162e-04
7.93919e+00	5.69118e-04
7.95796e+00	5.68057e-04
7.97673e+00	5.66980e-04
7.99550e+00	5.65885e-04
8.01426e+00	5.64773e-04
8.03303e+00	5.63644e-04
8.05180e+00	5.62498e-04
8.07057e+00	5.61334e-04
8.08934e+00	5.60154e-04
8.10811e+00	5.58957e-04
8.12688e+00	5.57742e-04
8.14565e+00	5.56511e-04
8.16441e+00	5.55262e-04
8.18318e+00	5.53996e-04
8.20195e+00	5.52714e-04
8.22072e+00	5.51414e-04
8.23949e+00	5.50097e-04
8.25826e+00	5.48764e-04
8.27703e+00	5.47413e-04
8.29580e+00	5.46046e-04
8.31456e+00	5.44662e-04
8.33333e+00	5.43261e-04
8.35210e+00	5.41844e-04
8.37087e+00	5.40409e-04
8.38964e+00	5.38958e-04
8.40841e+00	5.37491e-04
8.42718e+00	5.36006e-04
8.44595e+00	5.34505e-04
8.46471e+00	5.32988e-04
8.48348e+00	5.31454e-04
8.50225e+00	5.29904e-04
8.52102e+00	5.28337e-04
8.53979e+00	5.26754e-04
8.55856e+00	5.25155e-04
8.57733e+00	5.23539e-04
8.59610e+00	5.21908e-04
8.61486e+00	5.20260e-04
8.63363e+00	5.18596e-04
8.65240e+00	5.16917e-04
8.67117e+00	5.15221e-04
8.68994e+00	5.13510e-04
8.70871e+00	5.11784e-04
8.72748e+00	5.10041e-04
8.74625e+00	5.08284e-04
8.76502e+00	5.06511e-04
8.78378e+00	5.04723e-04
8.80255e+00	5.02919e-04
8.82132e+00	5.01101e-04
8.84009e+00	4.99268e-04
8.85886e+00	4.97419e-04
8.87763e+00	4.95556e-04
8.89640e+00	4.93678e-04
8.91517e+00	4.91765e-04
8.93393e+00	4.89931e-04
8.95270e+00	4.87919e-04
8.97147e+00	4.85958e-04
8.99024e+00	4.83977e-04
9.00901e+00	4.81984e-04
9.02778e+00	4.79978e-04
9.04655e+00	4.77959e-04
9.06532e+00	4.75928e-04
9.08408e+00	4.73885e-04
9.10285e+00	4.71829e-04
9.12162e+00	4.69761e-04
9.14039e+00	4.67681e-04
9.15916e+00	4.65589e-04
9.17793e+00	4.63485e-04
9.19670e+00	4.61370e-04
9.21547e+00	4.59243e-04
9.23423e+00	4.57105e-04
9.25300e+00	4.54955e-04
9.27177e+00	4.52798e-04
9.29054e+00	4.50627e-04
9.30931e+00	4.48435e-04
9.32808e+00	4.46239e-04
9.34685e+00	4.44031e-04
9.36562e+00	4.41814e-04
9.38438e+00	4.39586e-04
9.40315e+00	4.37349e-04
9.42192e+00	4.35102e-04
9.44069e+00	4.32846e-04
9.45946e+00	4.30581e-04
9.47823e+00	4.28307e-04
9.49700e+00	4.26024e-04
9.51577e+00	4.23732e-04
9.53453e+00	4.21432e-04
9.55330e+00	4.19123e-04
9.57207e+00	4.16806e-04
9.59084e+00	4.14481e-04
9.60961e+00	4.12146e-04
9.62838e+00	4.09800e-04
9.64715e+00	4.07484e-04
9.66592e+00	4.05079e-04
9.68468e+00	4.02701e-04
9.70345e+00	4.00313e-04
9.72222e+00	3.97920e-04
9.74099e+00	3.95521e-04
9.75976e+00	3.93116e-04
9.77853e+00	3.90706e-04
9.79730e+00	3.88291e-04
9.81607e+00	3.85870e-04
9.83483e+00	3.83445e-04
9.85360e+00	3.81016e-04
9.87237e+00	3.78581e-04
9.89114e+00	3.76143e-04
9.90991e+00	3.73700e-04
9.92868e+00	3.71254e-04
9.94745e+00	3.68804e-04
9.96622e+00	3.66350e-04
9.98498e+00	3.63863e-04
1.00038e+01	3.61385e-04
1.00225e+01	3.59171e-04
1.00413e+01	3.56240e-04
1.00601e+01	3.53623e-04
1.00788e+01	3.50975e-04
1.00976e+01	3.48339e-04
1.01164e+01	3.45710e-04
1.01351e+01	3.43087e-04
1.01539e+01	3.40472e-04
1.01727e+01	3.37863e-04
1.01914e+01	3.35262e-04
1.02102e+01	3.32668e-04
1.02290e+01	3.30082e-04
1.02477e+01	3.27503e-04
1.02665e+01	3.24931e-04
1.02853e+01	3.22367e-04
1.03041e+01	3.19811e-04
1.03228e+01	3.17263e-04
1.03416e+01	3.14723e-04
1.03604e+01	3.12190e-04
1.03791e+01	3.09666e-04
1.03979e+01	3.07150e-04
1.04167e+01	3.04642e-04
1.04354e+01	3.02143e-04
1.04542e+01	2.99651e-04
1.04730e+01	2.97169e-04
1.04917e+01	2.94695e-04
1.05105e+01	2.92229e-04
1.05293e+01	2.89773e-04
1.05480e+01	2.87325e-04
1.05668e+01	2.84886e-04
1.05856e+01	2.82368e-04
1.06044e+01	2.80228e-04
1.06231e+01	2.77484e-04
1.06419e+01	2.74995e-04
1.06607e+01	2.72495e-04
1.06794e+01	2.70016e-04
1.06982e+01	2.67552e-04
1.07170e+01	2.65104e-04
1.07357e+01	2.62673e-04
1.07545e+01	2.60257e-04
1.07733e+01	2.57857e-04
1.07920e+01	2.55473e-04
1.08108e+01	2.53105e-04
1.08296e+01	2.50753e-04
1.08483e+01	2.48417e-04
1.08671e+01	2.46096e-04
1.08859e+01	2.43791e-04
1.09047e+01	2.41501e-04
1.09234e+01	2.39227e-04
1.09422e+01	2.36969e-04
1.09610e+01	2.34725e-04
1.09797e+01	2.32498e-04
1.09985e+01	2.30285e-04
1.10173e+01	2.28088e-04
1.10360e+01	2.25905e-04
1.10548e+01	2.23738e-04
1.10736e+01	2.21587e-04
1.10923e+01	2.19450e-04
1.11111e+01	2.17328e-04
1.11299e+01	2.15220e-04
1.11486e+01	2.13128e-04
1.11674e+01	2.11051e-04
1.11862e+01	2.08988e-04
1.12050e+01	2.06940e-04
1.12237e+01	2.04906e-04
1.12425e+01	2.02887e-04
1.12613e+01	2.00883e-04
1.12800e+01	1.98893e-04
1.12988e+01	1.96917e-04
1.13176e+01	1.94955e-04
1.13363e+01	1.93008e-04
1.13551e+01	1.91075e-04
1.13739e+01	1.89156e-04
1.13926e+01	1.87251e-04
1.14114e+01	1.85360e-04
1.14302e+01	1.83483e-04
1.14489e+01	1.81620e-04
1.14677e+01	1.79771e-04
1.14865e+01	1.77935e-04
1.15053e+01	1.76113e-04
1.15240e+01	1.74305e-04
1.15428e+01	1.72510e-04
1.15616e+01	1.70633e-04
1.15803e+01	1.68363e-04
1.15991e+01	1.65742e-04
1.16179e+01	1.62759e-04
1.16366e+01	1.59305e-04
1.16554e+01	1.54919e-04
1.16742e+01	1.50018e-04
1.16929e+01	1.45293e-04
1.17117e+01	1.40917e-04
1.17305e+01	1.36933e-04
1.17492e+01	1.33149e-04
1.17680e+01	1.29288e-04
1.17868e+01	1.25364e-04
1.18056e+01	1.21496e-04
1.18243e+01	1.17592e-04
1.18431e+01	1.12925e-04
1.18619e+01	1.07538e-04
1.18806e+01	1.02769e-04
1.18994e+01	9.87047e-05
1.19182e+01	9.50057e-05
1.19369e+01	9.15722e-05
1.19557e+01	8.83404e-05
1.19745e+01	8.52556e-05
1.19932e+01	8.22897e-05
1.20120e+01	7.94246e-05
1.20308e+01	7.66438e-05
1.20495e+01	7.39410e-05
1.20683e+01	7.13145e-05
1.20871e+01	6.87630e-05
1.21059e+01	6.62813e-05
1.21246e+01	6.38606e-05
1.21434e+01	6.14922e-05
1.21622e+01	5.91777e-05
1.21809e+01	5.69190e-05
1.21997e+01	5.47172e-05
1.22185e+01	5.25580e-05
1.22372e+01	5.04384e-05
1.22560e+01	4.83582e-05
1.22748e+01	4.63194e-05
1.22935e+01	4.43263e-05
1.23123e+01	4.23797e-05
1.23311e+01	4.04949e-05
1.23498e+01	3.86710e-05
1.23686e+01	3.69073e-05
1.23874e+01	3.52035e-05
1.24062e+01	3.35582e-05
1.24249e+01	3.19653e-05
1.24437e+01	3.04239e-05
1.24625e+01	2.89333e-05
1.24812e+01	2.74932e-05
1.25000e+01	2.61035e-05
1.25188e+01	2.47639e-05
1.25375e+01	2.34723e-05
1.25563e+01	2.22353e-05
1.25751e+01	2.10377e-05
1.25938e+01	1.98907e-05
1.26126e+01	1.87928e-05
1.26314e+01	1.77443e-05
1.26502e+01	1.67450e-05
1.26689e+01	1.57930e-05
1.26877e+01	1.48865e-05
1.27065e+01	1.40255e-05
1.27252e+01	1.32095e-05
1.27440e+01	1.24374e-05
1.27628e+01	1.17074e-05
1.27815e+01	1.10173e-05
1.28003e+01	1.03651e-05
1.28191e+01	9.75185e-06
1.28378e+01	9.17738e-06
1.28566e+01	8.64285e-06
1.28754e+01	8.14902e-06
1.28941e+01	7.69099e-06
1.29129e+01	7.25934e-06
1.29317e+01	6.83898e-06
1.29505e+01	6.45477e-06
1.29692e+01	6.10863e-06
1.29880e+01	5.77834e-06
1.30068e+01	5.45830e-06
1.30255e+01	5.10419e-06
1.30443e+01	4.71339e-06
1.30631e+01	4.33471e-06
1.30818e+01	4.01973e-06
1.31006e+01	3.75303e-06
1.31194e+01	3.52756e-06
1.31381e+01	3.33302e-06
1.31569e+01	3.14864e-06
1.31757e+01	2.96665e-06
1.31944e+01	2.78341e-06
1.32132e+01	2.60415e-06
1.32320e+01	2.44849e-06
1.32508e+01	2.30756e-06
1.32695e+01	2.17957e-06
1.32883e+01	2.06209e-06
1.33071e+01	1.95417e-06
1.33258e+01	1.85406e-06
1.33446e+01	1.76033e-06
1.33634e+01	1.67206e-06
1.33821e+01	1.58789e-06
1.34009e+01	1.50694e-06
1.34197e+01	1.42912e-06
1.34384e+01	1.35358e-06
1.34572e+01	1.28004e-06
1.34760e+01	1.20813e-06
1.34947e+01	1.13997e-06
1.35135e+01	1.07592e-06
1.35323e+01	1.01504e-06
1.35511e+01	9.57033e-07
1.35698e+01	9.01828e-07
1.35886e+01	8.49315e-07
1.36074e+01	7.99385e-07
1.36261e+01	7.52033e-07
1.36449e+01	7.07140e-07
1.36637e+01	6.64607e-07
1.36824e+01	6.24339e-07
1.37012e+01	5.86233e-07
1.37200e+01	5.50200e-07
1.37387e+01	5.16152e-07
1.37575e+01	4.83993e-07
1.37763e+01	4.53640e-07
1.37950e+01	4.25013e-07
1.38138e+01	3.98013e-07
1.38326e+01	3.72552e-07
1.38514e+01	3.48564e-07
1.38701e+01	3.25961e-07
1.38889e+01	3.04619e-07
1.39077e+01	2.84479e-07
1.39264e+01	2.65465e-07
1.39452e+01	2.47529e-07
1.39640e+01	2.30626e-07
1.39827e+01	2.14729e-07
1.40015e+01	1.99762e-07
1.40203e+01	1.85683e-07
1.40390e+01	1.72475e-07
1.40578e+01	1.60086e-07
1.40766e+01	1.48486e-07
1.40953e+01	1.37621e-07
1.41141e+01	1.27454e-07
1.41329e+01	1.17951e-07
1.41517e+01	1.09076e-07
1.41704e+01	1.00797e-07
1.41892e+01	9.30807e-08
1.42080e+01	8.58950e-08
1.42267e+01	7.92094e-08
1.42455e+01	7.29902e-08
1.42643e+01	6.72064e-08
1.42830e+01	6.18329e-08
1.43018e+01	5.68445e-08
1.43206e+01	5.22188e-08
1.43393e+01	4.79334e-08
1.43581e+01	4.39670e-08
1.43769e+01	4.02990e-08
1.43956e+01	3.69100e-08
1.44144e+01	3.37815e-08
1.44332e+01	3.08961e-08
1.44520e+01	2.82368e-08
1.44707e+01	2.57883e-08
1.44895e+01	2.35360e-08
1.45083e+01	2.14654e-08
1.45270e+01	1.95636e-08
1.45458e+01	1.78183e-08
1.45646e+01	1.62178e-08
1.45833e+01	1.47513e-08
1.46021e+01	1.34087e-08
1.46209e+01	1.21804e-08
1.46396e+01	1.10574e-08
1.46584e+01	1.00315e-08
1.46772e+01	9.09503e-09
1.46959e+01	8.24077e-09
1.47147e+01	7.46210e-09
1.47335e+01	6.75283e-09
1.47523e+01	6.10722e-09
1.47710e+01	5.51995e-09
1.47898e+01	4.98612e-09
1.48086e+01	4.50117e-09
1.48273e+01	4.06092e-09
1.48461e+01	3.66150e-09
1.48649e+01	3.29937e-09
1.48836e+01	2.97126e-09
1.49024e+01	2.67417e-09
1.49212e+01	2.40531e-09
1.49399e+01	2.16216e-09
1.49587e+01	1.94237e-09
1.49775e+01	1.74385e-09
1.49962e+01	1.56470e-09
1.50150e+01	1.40319e-09
1.50338e+01	1.25780e-09
1.50526e+01	1.12700e-09
1.50713e+01	1.00941e-09
1.50901e+01	9.03741e-10
1.51089e+01	8.08828e-10
1.51276e+01	7.23610e-10
1.51464e+01	6.47127e-10
1.51652e+01	5.78509e-10
1.51839e+01	5.16974e-10
1.52027e+01	4.61812e-10
1.52215e+01	4.12384e-10
1.52402e+01	3.68110e-10
1.52590e+01	3.28470e-10
1.52778e+01	2.92992e-10
1.52965e+01	2.61251e-10
1.53153e+01	2.32865e-10
1.53341e+01	2.07488e-10
1.53529e+01	1.84811e-10
1.53716e+01	1.64553e-10
1.53904e+01	1.46464e-10
1.54092e+01	1.30317e-10
1.54279e+01	1.15910e-10
1.54467e+01	1.03060e-10
1.54655e+01	9.16035e-11
1.54842e+01	8.13924e-11
1.55030e+01	7.22951e-11
1.55218e+01	6.41930e-11
1.55405e+01	5.69800e-11
1.55593e+01	5.05609e-11
1.55781e+01	4.48505e-11
1.55968e+01	3.97724e-11
1.56156e+01	3.52584e-11
1.56344e+01	3.12474e-11
1.56532e+01	2.76847e-11
1.56719e+01	2.45215e-11
1.56907e+01	2.17141e-11
1.57095e+01	1.92236e-11
1.57282e+01	1.70153e-11
1.57470e+01	1.50580e-11
1.57658e+01	1.33241e-11
1.57845e+01	1.17833e-11
1.58033e+01	1.04139e-11
1.58221e+01	9.19770e-12
1.58408e+01	8.11822e-12
1.58596e+01	7.16090e-12
1.58784e+01	6.31243e-12
1.58971e+01	5.56087e-12
1.59159e+01	4.89570e-12
1.59347e+01	4.30733e-12
1.59535e+01	3.78718e-12
1.59722e+01	3.32769e-12
1.59910e+01	2.92208e-12
1.60098e+01	2.56439e-12
1.60285e+01	2.24927e-12
1.60473e+01	1.97187e-12
1.60661e+01	1.72782e-12
1.60848e+01	1.51328e-12
1.61036e+01	1.32475e-12
1.61224e+01	1.15915e-12
1.61411e+01	1.01378e-12
1.61599e+01	8.86224e-13
1.61787e+01	7.74357e-13
1.61974e+01	6.76303e-13
1.62162e+01	5.90397e-13
1.62350e+01	5.15167e-13
1.62538e+01	4.49316e-13
1.62725e+01	3.91705e-13
1.62913e+01	3.41329e-13
1.63101e+01	2.97302e-13
1.63288e+01	2.58835e-13
1.63476e+01	2.25246e-13
1.63664e+01	1.95931e-13
1.63851e+01	1.70354e-13
1.64039e+01	1.48053e-13
1.64227e+01	1.28617e-13
1.64414e+01	1.11683e-13
1.64602e+01	9.69378e-14
1.64790e+01	8.41050e-14
1.64977e+01	7.29401e-14
1.65165e+01	6.32301e-14
1.65353e+01	5.47891e-14
1.65541e+01	4.74533e-14
1.65728e+01	4.10812e-14
1.65916e+01	3.55494e-14
1.66104e+01	3.07492e-14
1.66291e+01	2.65856e-14
1.66479e+01	2.29756e-14
1.66667e+01	1.98471e-14
1.66854e+01	1.71372e-14
1.67042e+01	1.47910e-14
1.67230e+01	1.27606e-14
1.67417e+01	1.10042e-14
1.67605e+01	9.48556e-15
1.67793e+01	8.17306e-15
1.67980e+01	7.03923e-15
1.68168e+01	6.06014e-15
1.68356e+01	5.21503e-15
1.68544e+01	4.48591e-15
1.68731e+01	3.85713e-15
1.68919e+01	3.31513e-15
1.69107e+01	2.84813e-15
1.69294e+01	2.44590e-15
1.69482e+01	2.09961e-15
1.69670e+01	1.80160e-15
1.69857e+01	1.54526e-15
1.70045e+01	1.32486e-15
1.70233e+01	1.13546e-15
1.70420e+01	9.72759e-16
1.70608e+01	8.33064e-16
1.70796e+01	7.13172e-16
1.70983e+01	6.10315e-16
1.71171e+01	5.22109e-16
1.71359e+01	4.46494e-16
1.71547e+01	3.81695e-16
1.71734e+01	3.26184e-16
1.71922e+01	2.78648e-16
1.72110e+01	2.37956e-16
1.72297e+01	2.03136e-16
1.72485e+01	1.73351e-16
1.72673e+01	1.47883e-16
1.72860e+01	1.26114e-16
1.73048e+01	1.07513e-16
1.73236e+01	9.16246e-17
1.73423e+01	7.80576e-17
1.73611e+01	6.64769e-17
1.73799e+01	5.65954e-17
1.73986e+01	4.81666e-17
1.74174e+01	4.09796e-17
1.74362e+01	3.48535e-17
1.74550e+01	2.96335e-17
1.74737e+01	2.51869e-17
1.74925e+01	2.14005e-17
1.75113e+01	1.81774e-17
1.75300e+01	1.54347e-17
1.75488e+01	1.31015e-17
1.75676e+01	1.11173e-17
1.75863e+01	9.43046e-18
1.76051e+01	7.99691e-18
1.76239e+01	6.77904e-18
1.76426e+01	5.74476e-18
1.76614e+01	4.86669e-18
1.76802e+01	4.12148e-18
1.76989e+01	3.48926e-18
1.77177e+01	2.95306e-18
1.77365e+01	2.49846e-18
1.77553e+01	2.11317e-18
1.77740e+01	1.78672e-18
1.77928e+01	1.51023e-18
1.78116e+01	1.27610e-18
1.78303e+01	1.07791e-18
1.78491e+01	9.10222e-19
1.78679e+01	7.68364e-19
1.78866e+01	6.48408e-19
1.79054e+01	5.47001e-19
1.79242e+01	4.61300e-19
1.79429e+01	3.88897e-19
1.79617e+01	3.27751e-19
1.79805e+01	2.76131e-19
1.79992e+01	2.32570e-19
1.80180e+01	1.95823e-19
1.80368e+01	1.64836e-19
1.80556e+01	1.38714e-19
1.80743e+01	1.16700e-19
1.80931e+01	9.81535e-20
1.81119e+01	8.25329e-20
1.81306e+01	6.93806e-20
1.81494e+01	5.83090e-20
1.81682e+01	4.89922e-20
1.81869e+01	4.11535e-20
1.82057e+01	3.45599e-20
1.82245e+01	2.90152e-20
1.82432e+01	2.43538e-20
1.82620e+01	2.04361e-20
1.82808e+01	1.71443e-20
1.82995e+01	1.43792e-20
1.83183e+01	1.20571e-20
1.83371e+01	1.01078e-20
1.83559e+01	8.47171e-21
1.83746e+01	7.09894e-21
1.83934e+01	5.94745e-21
1.84122e+01	4.98189e-21
1.84309e+01	4.17254e-21
1.84497e+01	3.49440e-21
1.84685e+01	2.92646e-21
1.84872e+01	2.45105e-21
1.85060e+01	2.05335e-21
1.85248e+01	1.72092e-21
1.85435e+01	1.44334e-21
1.85623e+01	1.21188e-21
1.85811e+01	1.01925e-21
1.85998e+01	8.59349e-22
1.86186e+01	7.27117e-22
1.86374e+01	6.18341e-22
1.86562e+01	5.29551e-22
1.86749e+01	4.57901e-22
1.86937e+01	4.01088e-22
1.87125e+01	3.57276e-22
1.87312e+01	3.25037e-22
1.87500e+01	3.03393e-22
1.87688e+01	2.91024e-22
