# The ell = 1 distribution, the first anisotropy.
# E_N [Td]	9.00000e+00
# col_1: Electron Energy [eV], col_2: f1 [eV^(-3/2)]
eV	f1
1.97833e-02	1.89387e-03
3.95666e-02	2.93560e-03
5.93499e-02	3.40313e-03
7.91332e-02	3.63425e-03
9.89165e-02	3.70079e-03
1.18700e-01	3.65061e-03
1.38483e-01	3.57741e-03
1.58266e-01	3.50766e-03
1.78050e-01	3.43759e-03
1.97833e-01	3.37193e-03
2.17616e-01	3.30865e-03
2.37400e-01	3.23599e-03
2.57183e-01	3.15707e-03
2.76966e-01	3.09840e-03
2.96749e-01	3.08719e-03
3.16533e-01	3.05536e-03
3.36316e-01	3.00214e-03
3.56099e-01	2.94362e-03
3.75883e-01	2.88711e-03
3.95666e-01	2.83395e-03
4.15449e-01	2.78503e-03
4.35233e-01	2.73977e-03
4.55016e-01	2.69763e-03
4.74799e-01	2.65832e-03
4.94582e-01	2.62166e-03
5.14366e-01	2.58747e-03
5.34149e-01	2.55541e-03
5.53932e-01	2.52527e-03
5.73716e-01	2.49708e-03
5.93499e-01	2.47107e-03
6.13282e-01	2.44700e-03
6.33065e-01	2.42463e-03
6.52849e-01	2.40368e-03
6.72632e-01	2.38402e-03
6.92415e-01	2.36514e-03
7.12199e-01	2.34676e-03
7.31982e-01	2.32878e-03
7.51765e-01	2.31113e-03
7.71549e-01	2.29378e-03
7.91332e-01	2.27677e-03
8.11115e-01	2.26006e-03
8.30898e-01	2.24363e-03
8.50682e-01	2.22738e-03
8.70465e-01	2.21127e-03
8.90248e-01	2.19521e-03
9.10032e-01	2.17918e-03
9.29815e-01	2.16318e-03
9.49598e-01	2.14718e-03
9.69382e-01	2.13117e-03
9.89165e-01	2.11514e-03
1.00895e+00	2.09880e-03
1.02873e+00	2.08243e-03
1.04851e+00	2.06591e-03
1.06830e+00	2.04927e-03
1.08808e+00	2.03256e-03
1.10786e+00	2.01581e-03
1.12765e+00	1.99882e-03
1.14743e+00	1.98162e-03
1.16721e+00	1.96427e-03
1.18700e+00	1.94686e-03
1.20678e+00	1.92970e-03
1.22656e+00	1.91258e-03
1.24635e+00	1.89532e-03
1.26613e+00	1.87790e-03
1.28591e+00	1.86022e-03
1.30570e+00	1.84231e-03
1.32548e+00	1.82424e-03
1.34526e+00	1.80620e-03
1.36505e+00	1.78841e-03
1.38483e+00	1.77088e-03
1.40461e+00	1.75345e-03
1.42440e+00	1.73614e-03
1.44418e+00	1.71899e-03
1.46396e+00	1.70216e-03
1.48375e+00	1.68621e-03
1.50353e+00	1.67103e-03
1.52331e+00	1.65543e-03
1.54310e+00	1.63950e-03
1.56288e+00	1.62345e-03
1.58266e+00	1.60733e-03
1.60245e+00	1.59132e-03
1.62223e+00	1.57553e-03
1.64201e+00	1.55994e-03
1.66180e+00	1.54457e-03
1.68158e+00	1.52934e-03
1.70136e+00	1.51444e-03
1.72115e+00	1.49982e-03
1.74093e+00	1.48546e-03
1.76071e+00	1.47140e-03
1.78050e+00	1.45761e-03
1.80028e+00	1.44409e-03
1.82006e+00	1.43082e-03
1.83985e+00	1.41782e-03
1.85963e+00	1.40505e-03
1.87941e+00	1.39254e-03
1.89920e+00	1.38027e-03
1.91898e+00	1.36823e-03
1.93876e+00	1.35641e-03
1.95855e+00	1.34473e-03
1.97833e+00	1.33335e-03
1.99811e+00	1.32212e-03
2.01790e+00	1.31109e-03
2.03768e+00	1.30032e-03
2.05746e+00	1.28971e-03
2.07725e+00	1.27929e-03
2.09703e+00	1.26904e-03
2.11681e+00	1.25897e-03
2.13660e+00	1.24908e-03
2.15638e+00	1.23935e-03
2.17616e+00	1.22978e-03
2.19595e+00	1.22038e-03
2.21573e+00	1.21114e-03
2.23551e+00	1.20205e-03
2.25530e+00	1.19312e-03
2.27508e+00	1.18434e-03
2.29486e+00	1.17570e-03
2.31465e+00	1.16721e-03
2.33443e+00	1.15885e-03
2.35421e+00	1.15064e-03
2.37400e+00	1.14257e-03
2.39378e+00	1.13462e-03
2.41356e+00	1.12681e-03
2.43335e+00	1.11913e-03
2.45313e+00	1.11156e-03
2.47291e+00	1.10414e-03
2.49270e+00	1.09684e-03
2.51248e+00	1.08964e-03
2.53226e+00	1.08259e-03
2.55205e+00	1.07565e-03
2.57183e+00	1.06882e-03
2.59161e+00	1.06210e-03
2.61140e+00	1.05549e-03
2.63118e+00	1.04898e-03
2.65096e+00	1.04259e-03
2.67075e+00	1.03629e-03
2.69053e+00	1.03009e-03
2.71031e+00	1.02400e-03
2.73009e+00	1.01800e-03
2.74988e+00	1.01211e-03
2.76966e+00	1.00630e-03
2.78944e+00	1.00059e-03
2.80923e+00	9.94975e-04
2.82901e+00	9.89448e-04
2.84879e+00	9.84010e-04
2.86858e+00	9.78658e-04
2.88836e+00	9.73393e-04
2.90814e+00	9.68212e-04
2.92793e+00	9.63113e-04
2.94771e+00	9.58091e-04
2.96749e+00	9.53172e-04
2.98728e+00	9.48297e-04
3.00706e+00	9.43505e-04
3.02684e+00	9.38792e-04
3.04663e+00	9.34156e-04
3.06641e+00	9.29583e-04
3.08619e+00	9.25087e-04
3.10598e+00	9.20663e-04
3.12576e+00	9.16307e-04
3.14554e+00	9.12020e-04
3.16533e+00	9.07802e-04
3.18511e+00	9.03647e-04
3.20489e+00	8.99563e-04
3.22468e+00	8.95541e-04
3.24446e+00	8.91583e-04
3.26424e+00	8.87687e-04
3.28403e+00	8.83852e-04
3.30381e+00	8.80077e-04
3.32359e+00	8.76362e-04
3.34338e+00	8.72704e-04
3.36316e+00	8.69104e-04
3.38294e+00	8.65560e-04
3.40273e+00	8.62072e-04
3.42251e+00	8.58637e-04
3.44229e+00	8.55256e-04
3.46208e+00	8.51929e-04
3.48186e+00	8.48653e-04
3.50164e+00	8.45428e-04
3.52143e+00	8.42253e-04
3.54121e+00	8.39128e-04
3.56099e+00	8.36050e-04
3.58078e+00	8.33023e-04
3.60056e+00	8.30042e-04
3.62034e+00	8.27107e-04
3.64013e+00	8.24219e-04
3.65991e+00	8.21373e-04
3.67969e+00	8.18573e-04
3.69948e+00	8.15815e-04
3.71926e+00	8.13101e-04
3.73904e+00	8.10429e-04
3.75883e+00	8.07798e-04
3.77861e+00	8.05208e-04
3.79839e+00	8.02658e-04
3.81818e+00	8.00147e-04
3.83796e+00	7.97676e-04
3.85774e+00	7.95242e-04
3.87753e+00	7.92846e-04
3.89731e+00	7.90487e-04
3.91709e+00	7.88166e-04
3.93688e+00	7.85896e-04
3.95666e+00	7.83677e-04
3.97644e+00	7.81270e-04
3.99623e+00	7.79416e-04
4.01601e+00	7.77386e-04
4.03579e+00	7.75435e-04
4.05558e+00	7.73442e-04
4.07536e+00	7.71590e-04
4.09514e+00	7.69758e-04
4.11493e+00	7.67949e-04
4.13471e+00	7.66173e-04
4.15449e+00	7.64429e-04
4.17428e+00	7.62713e-04
4.19406e+00	7.61028e-04
4.21384e+00	7.59372e-04
4.23363e+00	7.57745e-04
4.25341e+00	7.56148e-04
4.27319e+00	7.54580e-04
4.29298e+00	7.53039e-04
4.31276e+00	7.51525e-04
4.33254e+00	7.50038e-04
4.35233e+00	7.48579e-04
4.37211e+00	7.47145e-04
4.39189e+00	7.45737e-04
4.41168e+00	7.44354e-04
4.43146e+00	7.42996e-04
4.45124e+00	7.41662e-04
4.47103e+00	7.40352e-04
4.49081e+00	7.39066e-04
4.51059e+00	7.37804e-04
4.53037e+00	7.36563e-04
4.55016e+00	7.35345e-04
4.56994e+00	7.34149e-04
4.58972e+00	7.32975e-04
4.60951e+00	7.31823e-04
4.62929e+00	7.30691e-04
4.64907e+00	7.29581e-04
4.66886e+00	7.28490e-04
4.68864e+00	7.27420e-04
4.70842e+00	7.26368e-04
4.72821e+00	7.25339e-04
4.74799e+00	7.24328e-04
4.76777e+00	7.23336e-04
4.78756e+00	7.22361e-04
4.80734e+00	7.21407e-04
4.82712e+00	7.20467e-04
4.84691e+00	7.19545e-04
4.86669e+00	7.18640e-04
4.88647e+00	7.17758e-04
4.90626e+00	7.16871e-04
4.92604e+00	7.16030e-04
4.94582e+00	7.15208e-04
4.96561e+00	7.14396e-04
4.98539e+00	7.13612e-04
5.00517e+00	7.12807e-04
5.02496e+00	7.12044e-04
5.04474e+00	7.11358e-04
5.06452e+00	7.10654e-04
5.08431e+00	7.09967e-04
5.10409e+00	7.09294e-04
5.12387e+00	7.08632e-04
5.14366e+00	7.07988e-04
5.16344e+00	7.07355e-04
5.18322e+00	7.06735e-04
5.20301e+00	7.06126e-04
5.22279e+00	7.05531e-04
5.24257e+00	7.04944e-04
5.26236e+00	7.04369e-04
5.28214e+00	7.03806e-04
5.30192e+00	7.03253e-04
5.32171e+00	7.02710e-04
5.34149e+00	7.02178e-04
5.36127e+00	7.01658e-04
5.38106e+00	7.01146e-04
5.40084e+00	7.00645e-04
5.42062e+00	7.00152e-04
5.44041e+00	6.99669e-04
5.46019e+00	6.99194e-04
5.47997e+00	6.98726e-04
5.49976e+00	6.98267e-04
5.51954e+00	6.97816e-04
5.53932e+00	6.97374e-04
5.55911e+00	6.96936e-04
5.57889e+00	6.96511e-04
5.59867e+00	6.96090e-04
5.61846e+00	6.95677e-04
5.63824e+00	6.95269e-04
5.65802e+00	6.94869e-04
5.67781e+00	6.94475e-04
5.69759e+00	6.94084e-04
5.71737e+00	6.93699e-04
5.73716e+00	6.93320e-04
5.75694e+00	6.92947e-04
5.77672e+00	6.92577e-04
5.79651e+00	6.92212e-04
5.81629e+00	6.91855e-04
5.83607e+00	6.91500e-04
5.85586e+00	6.91150e-04
5.87564e+00	6.90799e-04
5.89542e+00	6.90461e-04
5.91521e+00	6.90130e-04
5.93499e+00	6.89760e-04
5.95477e+00	6.89411e-04
5.97456e+00	6.89063e-04
5.99434e+00	6.88712e-04
6.01412e+00	6.88371e-04
6.03391e+00	6.88064e-04
6.05369e+00	6.87647e-04
6.07347e+00	6.87279e-04
6.09326e+00	6.86907e-04
6.11304e+00	6.86538e-04
6.13282e+00	6.86170e-04
6.15261e+00	6.85801e-04
6.17239e+00	6.85436e-04
6.19217e+00	6.85071e-04
6.21196e+00	6.84706e-04
6.23174e+00	6.84342e-04
6.25152e+00	6.83976e-04
6.27131e+00	6.83613e-04
6.29109e+00	6.83247e-04
6.31087e+00	6.82879e-04
6.33065e+00	6.82512e-04
6.35044e+00	6.82143e-04
6.37022e+00	6.81773e-04
6.39000e+00	6.81402e-04
6.40979e+00	6.81030e-04
6.42957e+00	6.80654e-04
6.44935e+00	6.80278e-04
6.46914e+00	6.79899e-04
6.48892e+00	6.79517e-04
6.50870e+00	6.79135e-04
6.52849e+00	6.78745e-04
6.54827e+00	6.78360e-04
6.56805e+00	6.77971e-04
6.58784e+00	6.77578e-04
6.60762e+00	6.77182e-04
6.62740e+00	6.76782e-04
6.64719e+00	6.76378e-04
6.66697e+00	6.75973e-04
6.68675e+00	6.75558e-04
6.70654e+00	6.75142e-04
6.72632e+00	6.74720e-04
6.74610e+00	6.74294e-04
6.76589e+00	6.73863e-04
6.78567e+00	6.73428e-04
6.80545e+00	6.72988e-04
6.82524e+00	6.72539e-04
6.84502e+00	6.72087e-04
6.86480e+00	6.71629e-04
6.88459e+00	6.71165e-04
6.90437e+00	6.70664e-04
6.92415e+00	6.70259e-04
6.94394e+00	6.69743e-04
6.96372e+00	6.69112e-04
6.98350e+00	6.68540e-04
7.00329e+00	6.67954e-04
7.02307e+00	6.67364e-04
7.04285e+00	6.66743e-04
7.06264e+00	6.66196e-04
7.08242e+00	6.65557e-04
7.10220e+00	6.64833e-04
7.12199e+00	6.64152e-04
7.14177e+00	6.63458e-04
7.16155e+00	6.62759e-04
7.18134e+00	6.62053e-04
7.20112e+00	6.61340e-04
7.22090e+00	6.60621e-04
7.24069e+00	6.59895e-04
7.26047e+00	6.59163e-04
7.28025e+00	6.58423e-04
7.30004e+00	6.57676e-04
7.31982e+00	6.56922e-04
7.33960e+00	6.56160e-04
7.35939e+00	6.55390e-04
7.37917e+00	6.54615e-04
7.39895e+00	6.53831e-04
7.41874e+00	6.53040e-04
7.43852e+00	6.52240e-04
7.45830e+00	6.51433e-04
7.47809e+00	6.50617e-04
7.49787e+00	6.49793e-04
7.51765e+00	6.48961e-04
7.53744e+00	6.48121e-04
7.55722e+00	6.47272e-04
7.57700e+00	6.46414e-04
7.59679e+00	6.45548e-04
7.61657e+00	6.44673e-04
7.63635e+00	6.43789e-04
7.65614e+00	6.42896e-04
7.67592e+00	6.41994e-04
7.69570e+00	6.41084e-04
7.71549e+00	6.40164e-04
7.73527e+00	6.39234e-04
7.75505e+00	6.38296e-04
7.77484e+00	6.37347e-04
7.79462e+00	6.36390e-04
7.81440e+00	6.35422e-04
7.83419e+00	6.34445e-04
7.85397e+00	6.33458e-04
7.87375e+00	6.32462e-04
7.89354e+00	6.31455e-04
7.91332e+00	6.30438e-04
7.93310e+00	6.29411e-04
7.95289e+00	6.28374e-04
7.97267e+00	6.27327e-04
7.99245e+00	6.26270e-04
8.01224e+00	6.25202e-04
8.03202e+00	6.24124e-04
8.05180e+00	6.23035e-04
8.07159e+00	6.21936e-04
8.09137e+00	6.20826e-04
8.11115e+00	6.19705e-04
8.13093e+00	6.18574e-04
8.15072e+00	6.17432e-04
8.17050e+00	6.16279e-04
8.19028e+00	6.15116e-04
8.21007e+00	6.13941e-04
8.22985e+00	6.12755e-04
8.24963e+00	6.11559e-04
8.26942e+00	6.10350e-04
8.28920e+00	6.09132e-04
8.30898e+00	6.07902e-04
8.32877e+00	6.06661e-04
8.34855e+00	6.05409e-04
8.36833e+00	6.04145e-04
8.38812e+00	6.02870e-04
8.40790e+00	6.01584e-04
8.42768e+00	6.00286e-04
8.44747e+00	5.98977e-04
8.46725e+00	5.97657e-04
8.48703e+00	5.96325e-04
8.50682e+00	5.94981e-04
8.52660e+00	5.93626e-04
8.54638e+00	5.92259e-04
8.56617e+00	5.90881e-04
8.58595e+00	5.89491e-04
8.60573e+00	5.88089e-04
8.62552e+00	5.86676e-04
8.64530e+00	5.85250e-04
8.66508e+00	5.83814e-04
8.68487e+00	5.82365e-04
8.70465e+00	5.80905e-04
8.72443e+00	5.79433e-04
8.74422e+00	5.77949e-04
8.76400e+00	5.76454e-04
8.78378e+00	5.74947e-04
8.80357e+00	5.73428e-04
8.82335e+00	5.71897e-04
8.84313e+00	5.70355e-04
8.86292e+00	5.68801e-04
8.88270e+00	5.67235e-04
8.90248e+00	5.65648e-04
8.92227e+00	5.64079e-04
8.94205e+00	5.62474e-04
8.96183e+00	5.60808e-04
8.98162e+00	5.59158e-04
9.00140e+00	5.57494e-04
9.02118e+00	5.55819e-04
9.04097e+00	5.54134e-04
9.06075e+00	5.52437e-04
9.08053e+00	5.50730e-04
9.10032e+00	5.49012e-04
9.12010e+00	5.47282e-04
9.13988e+00	5.45543e-04
9.15967e+00	5.43792e-04
9.17945e+00	5.42031e-04
9.19923e+00	5.40259e-04
9.21902e+00	5.38476e-04
9.23880e+00	5.36683e-04
9.25858e+00	5.34876e-04
9.27837e+00	5.33070e-04
9.29815e+00	5.31237e-04
9.31793e+00	5.29396e-04
9.33772e+00	5.27545e-04
9.35750e+00	5.25685e-04
9.37728e+00	5.23814e-04
9.39707e+00	5.21933e-04
9.41685e+00	5.20042e-04
9.43663e+00	5.18141e-04
9.45642e+00	5.16230e-04
9.47620e+00	5.14310e-04
9.49598e+00	5.12379e-04
9.51577e+00	5.10439e-04
9.53555e+00	5.08489e-04
9.55533e+00	5.06529e-04
9.57512e+00	5.04560e-04
9.59490e+00	5.02581e-04
9.61468e+00	5.00585e-04
9.63447e+00	4.98604e-04
9.65425e+00	4.96590e-04
9.67403e+00	4.94541e-04
9.69382e+00	4.92499e-04
9.71360e+00	4.90447e-04
9.73338e+00	4.88387e-04
9.75317e+00	4.86318e-04
9.77295e+00	4.84241e-04
9.79273e+00	4.82156e-04
9.81252e+00	4.80063e-04
9.83230e+00	4.77962e-04
9.85208e+00	4.75853e-04
9.87187e+00	4.73736e-04
9.89165e+00	4.71612e-04
9.91143e+00	4.69480e-04
9.93121e+00	4.67340e-04
9.95100e+00	4.65193e-04
9.97078e+00	4.63039e-04
9.99056e+00	4.60794e-04
1.00103e+01	4.58836e-04
1.00301e+01	4.56506e-04
1.00499e+01	4.54030e-04
1.00697e+01	4.51673e-04
1.00895e+01	4.49303e-04
1.01093e+01	4.46935e-04
1.01290e+01	4.44568e-04
1.01488e+01	4.42202e-04
1.01686e+01	4.39836e-04
1.01884e+01	4.37471e-04
1.02082e+01	4.35108e-04
1.02280e+01	4.32745e-04
1.02477e+01	4.30384e-04
1.02675e+01	4.28024e-04
1.02873e+01	4.25665e-04
1.03071e+01	4.23308e-04
1.03269e+01	4.20952e-04
1.03467e+01	4.18597e-04
1.03664e+01	4.16245e-04
1.03862e+01	4.13893e-04
1.04060e+01	4.11544e-04
1.04258e+01	4.09196e-04
1.04456e+01	4.06850e-04
1.04654e+01	4.04506e-04
1.04851e+01	4.02164e-04
1.05049e+01	3.99825e-04
1.05247e+01	3.97487e-04
1.05445e+01	3.95151e-04
1.05643e+01	3.92818e-04
1.05841e+01	3.90397e-04
1.06038e+01	3.88354e-04
1.06236e+01	3.85684e-04
1.06434e+01	3.83265e-04
1.06632e+01	3.80827e-04
1.06830e+01	3.78402e-04
1.07028e+01	3.75986e-04
1.07225e+01	3.73579e-04
1.07423e+01	3.71180e-04
1.07621e+01	3.68791e-04
1.07819e+01	3.66411e-04
1.08017e+01	3.64040e-04
1.08215e+01	3.61678e-04
1.08412e+01	3.59325e-04
1.08610e+01	3.56981e-04
1.08808e+01	3.54646e-04
1.09006e+01	3.52320e-04
1.09204e+01	3.50004e-04
1.09402e+01	3.47696e-04
1.09599e+01	3.45397e-04
1.09797e+01	3.43108e-04
1.09995e+01	3.40827e-04
1.10193e+01	3.38556e-04
1.10391e+01	3.36294e-04
1.10589e+01	3.34040e-04
1.10786e+01	3.31796e-04
1.10984e+01	3.29561e-04
1.11182e+01	3.27335e-04
1.11380e+01	3.25118e-04
1.11578e+01	3.22911e-04
1.11776e+01	3.20712e-04
1.11973e+01	3.18522e-04
1.12171e+01	3.16342e-04
1.12369e+01	3.14171e-04
1.12567e+01	3.12008e-04
1.12765e+01	3.09855e-04
1.12963e+01	3.07711e-04
1.13160e+01	3.05576e-04
1.13358e+01	3.03450e-04
1.13556e+01	3.01333e-04
1.13754e+01	2.99225e-04
1.13952e+01	2.97126e-04
1.14150e+01	2.95036e-04
1.14347e+01	2.92955e-04
1.14545e+01	2.90884e-04
1.14743e+01	2.88821e-04
1.14941e+01	2.86767e-04
1.15139e+01	2.84723e-04
1.15337e+01	2.82687e-04
1.15534e+01	2.80660e-04
1.15732e+01	2.78187e-04
1.15930e+01	2.75192e-04
1.16128e+01	2.71683e-04
1.16326e+01	2.67628e-04
1.16524e+01	2.62182e-04
1.16721e+01	2.55745e-04
1.16919e+01	2.49465e-04
1.17117e+01	2.43631e-04
1.17315e+01	2.38318e-04
1.17513e+01	2.33222e-04
1.17711e+01	2.27945e-04
1.17908e+01	2.22545e-04
1.18106e+01	2.17197e-04
1.18304e+01	2.11649e-04
1.18502e+01	2.04127e-04
1.18700e+01	1.96453e-04
1.18898e+01	1.89964e-04
1.19095e+01	1.84257e-04
1.19293e+01	1.78978e-04
1.19491e+01	1.74016e-04
1.19689e+01	1.69270e-04
1.19887e+01	1.64676e-04
1.20085e+01	1.60209e-04
1.20282e+01	1.55839e-04
1.20480e+01	1.51554e-04
1.20678e+01	1.47351e-04
1.20876e+01	1.43231e-04
1.21074e+01	1.39185e-04
1.21272e+01	1.35198e-04
1.21469e+01	1.31258e-04
1.21667e+01	1.27367e-04
1.21865e+01	1.23532e-04
1.22063e+01	1.19749e-04
1.22261e+01	1.15994e-04
1.22459e+01	1.12264e-04
1.22656e+01	1.08561e-04
1.22854e+01	1.04894e-04
1.23052e+01	1.01269e-04
1.23250e+01	9.77073e-05
1.23448e+01	9.42207e-05
1.23646e+01	9.08100e-05
1.23843e+01	8.74765e-05
1.24041e+01	8.42212e-05
1.24239e+01	8.10311e-05
1.24437e+01	7.79068e-05
1.24635e+01	7.48479e-05
1.24833e+01	7.18563e-05
1.25030e+01	6.89335e-05
1.25228e+01	6.60804e-05
1.25426e+01	6.32988e-05
1.25624e+01	6.05952e-05
1.25822e+01	5.79480e-05
1.26020e+01	5.53840e-05
1.26217e+01	5.28997e-05
1.26415e+01	5.05009e-05
1.26613e+01	4.81868e-05
1.26811e+01	4.59552e-05
1.27009e+01	4.38057e-05
1.27207e+01	4.17436e-05
1.27404e+01	3.97673e-05
1.27602e+01	3.78762e-05
1.27800e+01	3.60669e-05
1.27998e+01	3.43360e-05
1.28196e+01	3.26892e-05
1.28394e+01	3.11291e-05
1.28591e+01	2.96634e-05
1.28789e+01	2.82964e-05
1.28987e+01	2.70113e-05
1.29185e+01	2.57633e-05
1.29383e+01	2.45596e-05
1.29581e+01	2.34618e-05
1.29778e+01	2.24411e-05
1.29976e+01	2.14462e-05
1.30174e+01	2.04043e-05
1.30372e+01	1.92017e-05
1.30570e+01	1.79241e-05
1.30768e+01	1.68227e-05
1.30965e+01	1.58921e-05
1.31163e+01	1.51054e-05
1.31361e+01	1.44295e-05
1.31559e+01	1.37890e-05
1.31757e+01	1.31481e-05
1.31955e+01	1.24920e-05
1.32152e+01	1.18460e-05
1.32350e+01	1.12859e-05
1.32548e+01	1.07715e-05
1.32746e+01	1.02976e-05
1.32944e+01	9.86038e-06
1.33142e+01	9.45330e-06
1.33339e+01	9.07139e-06
1.33537e+01	8.70895e-06
1.33735e+01	8.36183e-06
1.33933e+01	8.02487e-06
1.34131e+01	7.69682e-06
1.34329e+01	7.37554e-06
1.34526e+01	7.05864e-06
1.34724e+01	6.74341e-06
1.34922e+01	6.43936e-06
1.35120e+01	6.15034e-06
1.35318e+01	5.87246e-06
1.35516e+01	5.60425e-06
1.35713e+01	5.34565e-06
1.35911e+01	5.09643e-06
1.36109e+01	4.85642e-06
1.36307e+01	4.62584e-06
1.36505e+01	4.40435e-06
1.36703e+01	4.19175e-06
1.36900e+01	3.98780e-06
1.37098e+01	3.79226e-06
1.37296e+01	3.60491e-06
1.37494e+01	3.42550e-06
1.37692e+01	3.25378e-06
1.37890e+01	3.08955e-06
1.38087e+01	2.93250e-06
1.38285e+01	2.78230e-06
1.38483e+01	2.63875e-06
1.38681e+01	2.50156e-06
1.38879e+01	2.37015e-06
1.39077e+01	2.24430e-06
1.39274e+01	2.12369e-06
1.39472e+01	2.00820e-06
1.39670e+01	1.89771e-06
1.39868e+01	1.79221e-06
1.40066e+01	1.69131e-06
1.40264e+01	1.59497e-06
1.40461e+01	1.50318e-06
1.40659e+01	1.41579e-06
1.40857e+01	1.33262e-06
1.41055e+01	1.25351e-06
1.41253e+01	1.17832e-06
1.41451e+01	1.10692e-06
1.41648e+01	1.03920e-06
1.41846e+01	9.75008e-07
1.42044e+01	9.14219e-07
1.42242e+01	8.56707e-07
1.42440e+01	8.02294e-07
1.42638e+01	7.50817e-07
1.42835e+01	7.02163e-07
1.43033e+01	6.56211e-07
1.43231e+01	6.12856e-07
1.43429e+01	5.71987e-07
1.43627e+01	5.33496e-07
1.43825e+01	4.97271e-07
1.44022e+01	4.63211e-07
1.44220e+01	4.31208e-07
1.44418e+01	4.01164e-07
1.44616e+01	3.72979e-07
1.44814e+01	3.46564e-07
1.45012e+01	3.21823e-07
1.45209e+01	2.98668e-07
1.45407e+01	2.77013e-07
1.45605e+01	2.56777e-07
1.45803e+01	2.37881e-07
1.46001e+01	2.20248e-07
1.46199e+01	2.03805e-07
1.46396e+01	1.88483e-07
1.46594e+01	1.74214e-07
1.46792e+01	1.60935e-07
1.46990e+01	1.48586e-07
1.47188e+01	1.37109e-07
1.47386e+01	1.26449e-07
1.47583e+01	1.16555e-07
1.47781e+01	1.07377e-07
1.47979e+01	9.88686e-08
1.48177e+01	9.09852e-08
1.48375e+01	8.36851e-08
1.48573e+01	7.69293e-08
1.48770e+01	7.06811e-08
1.48968e+01	6.49055e-08
1.49166e+01	5.95696e-08
1.49364e+01	5.46426e-08
1.49562e+01	5.00955e-08
1.49760e+01	4.59015e-08
1.49957e+01	4.20370e-08
1.50155e+01	3.84793e-08
1.50353e+01	3.52091e-08
1.50551e+01	3.22052e-08
1.50749e+01	2.94476e-08
1.50947e+01	2.69171e-08
1.51144e+01	2.45958e-08
1.51342e+01	2.24674e-08
1.51540e+01	2.05164e-08
1.51738e+01	1.87286e-08
1.51936e+01	1.70911e-08
1.52134e+01	1.55916e-08
1.52331e+01	1.42192e-08
1.52529e+01	1.29634e-08
1.52727e+01	1.18148e-08
1.52925e+01	1.07645e-08
1.53123e+01	9.80456e-09
1.53321e+01	8.92740e-09
1.53518e+01	8.12618e-09
1.53716e+01	7.39457e-09
1.53914e+01	6.72676e-09
1.54112e+01	6.11740e-09
1.54310e+01	5.56156e-09
1.54508e+01	5.05472e-09
1.54705e+01	4.59271e-09
1.54903e+01	4.17171e-09
1.55101e+01	3.78821e-09
1.55299e+01	3.43899e-09
1.55497e+01	3.12108e-09
1.55695e+01	2.83179e-09
1.55892e+01	2.56862e-09
1.56090e+01	2.32930e-09
1.56288e+01	2.11175e-09
1.56486e+01	1.91406e-09
1.56684e+01	1.73448e-09
1.56882e+01	1.57141e-09
1.57079e+01	1.42340e-09
1.57277e+01	1.28911e-09
1.57475e+01	1.16732e-09
1.57673e+01	1.05692e-09
1.57871e+01	9.56457e-10
1.58069e+01	8.65053e-10
1.58266e+01	7.81937e-10
1.58464e+01	7.06402e-10
1.58662e+01	6.37806e-10
1.58860e+01	5.75544e-10
1.59058e+01	5.19065e-10
1.59256e+01	4.67866e-10
1.59453e+01	4.21475e-10
1.59651e+01	3.79465e-10
1.59849e+01	3.41449e-10
1.60047e+01	3.07077e-10
1.60245e+01	2.76031e-10
1.60443e+01	2.48012e-10
1.60640e+01	2.22741e-10
1.60838e+01	1.99963e-10
1.61036e+01	1.79440e-10
1.61234e+01	1.60956e-10
1.61432e+01	1.44317e-10
1.61630e+01	1.29346e-10
1.61827e+01	1.15880e-10
1.62025e+01	1.03775e-10
1.62223e+01	9.28981e-11
1.62421e+01	8.31276e-11
1.62619e+01	7.43549e-11
1.62817e+01	6.64820e-11
1.63014e+01	5.94199e-11
1.63212e+01	5.30872e-11
1.63410e+01	4.74106e-11
1.63608e+01	4.23253e-11
1.63806e+01	3.77706e-11
1.64004e+01	3.36934e-11
1.64201e+01	3.00452e-11
1.64399e+01	2.67818e-11
1.64597e+01	2.38641e-11
1.64795e+01	2.12566e-11
1.64993e+01	1.89271e-11
1.65191e+01	1.68465e-11
1.65388e+01	1.49889e-11
1.65586e+01	1.33309e-11
1.65784e+01	1.18516e-11
1.65982e+01	1.05325e-11
1.66180e+01	9.35672e-12
1.66378e+01	8.30900e-12
1.66575e+01	7.37575e-12
1.66773e+01	6.54483e-12
1.66971e+01	5.80534e-12
1.67169e+01	5.14749e-12
1.67367e+01	4.56251e-12
1.67565e+01	4.04249e-12
1.67762e+01	3.58043e-12
1.67960e+01	3.17002e-12
1.68158e+01	2.80562e-12
1.68356e+01	2.48219e-12
1.68554e+01	2.19525e-12
1.68752e+01	1.94077e-12
1.68949e+01	1.71519e-12
1.69147e+01	1.51527e-12
1.69345e+01	1.33817e-12
1.69543e+01	1.18135e-12
1.69741e+01	1.04252e-12
1.69939e+01	9.19681e-13
1.70136e+01	8.11036e-13
1.70334e+01	7.14986e-13
1.70532e+01	6.30104e-13
1.70730e+01	5.55122e-13
1.70928e+01	4.88909e-13
1.71126e+01	4.30460e-13
1.71323e+01	3.78883e-13
1.71521e+01	3.33383e-13
1.71719e+01	2.93256e-13
1.71917e+01	2.57879e-13
1.72115e+01	2.26701e-13
1.72313e+01	1.99232e-13
1.72510e+01	1.75039e-13
1.72708e+01	1.53737e-13
1.72906e+01	1.34989e-13
1.73104e+01	1.18492e-13
1.73302e+01	1.03980e-13
1.73500e+01	9.12180e-14
1.73697e+01	7.99991e-14
1.73895e+01	7.01396e-14
1.74093e+01	6.14774e-14
1.74291e+01	5.38695e-14
1.74489e+01	4.71896e-14
1.74687e+01	4.13261e-14
1.74884e+01	3.61808e-14
1.75082e+01	3.16670e-14
1.75280e+01	2.77085e-14
1.75478e+01	2.42379e-14
1.75676e+01	2.11958e-14
1.75874e+01	1.85302e-14
1.76071e+01	1.61950e-14
1.76269e+01	1.41501e-14
1.76467e+01	1.23599e-14
1.76665e+01	1.07930e-14
1.76863e+01	9.42212e-15
1.77061e+01	8.22303e-15
1.77258e+01	7.17452e-15
1.77456e+01	6.25795e-15
1.77654e+01	5.45694e-15
1.77852e+01	4.75714e-15
1.78050e+01	4.14591e-15
1.78248e+01	3.61214e-15
1.78445e+01	3.14624e-15
1.78643e+01	2.73964e-15
1.78841e+01	2.38492e-15
1.79039e+01	2.07553e-15
1.79237e+01	1.80575e-15
1.79435e+01	1.57058e-15
1.79632e+01	1.36564e-15
1.79830e+01	1.18711e-15
1.80028e+01	1.03165e-15
1.80226e+01	8.96318e-16
1.80424e+01	7.78546e-16
1.80621e+01	6.76086e-16
1.80819e+01	5.86973e-16
1.81017e+01	5.09488e-16
1.81215e+01	4.42131e-16
1.81413e+01	3.83593e-16
1.81611e+01	3.32732e-16
1.81808e+01	2.88552e-16
1.82006e+01	2.50180e-16
1.82204e+01	2.16861e-16
1.82402e+01	1.87937e-16
1.82600e+01	1.62834e-16
1.82798e+01	1.41052e-16
1.82995e+01	1.22156e-16
1.83193e+01	1.05769e-16
1.83391e+01	9.15597e-17
1.83589e+01	7.92423e-17
1.83787e+01	6.85667e-17
1.83985e+01	5.93162e-17
1.84182e+01	5.13024e-17
1.84380e+01	4.43617e-17
1.84578e+01	3.83519e-17
1.84776e+01	3.31493e-17
1.84974e+01	2.86463e-17
1.85172e+01	2.47496e-17
1.85369e+01	2.13783e-17
1.85567e+01	1.84622e-17
1.85765e+01	1.59404e-17
1.85963e+01	1.37600e-17
1.86161e+01	1.18753e-17
1.86359e+01	1.02465e-17
1.86556e+01	8.83916e-18
1.86754e+01	7.62346e-18
1.86952e+01	6.57354e-18
1.87150e+01	5.66700e-18
1.87348e+01	4.88442e-18
1.87546e+01	4.20900e-18
1.87743e+01	3.62620e-18
1.87941e+01	3.12343e-18
1.88139e+01	2.68978e-18
1.88337e+01	2.31586e-18
1.88535e+01	1.99349e-18
1.88733e+01	1.71564e-18
1.88930e+01	1.47620e-18
1.89128e+01	1.26990e-18
1.89326e+01	1.09220e-18
1.89524e+01	9.39169e-19
1.89722e+01	8.07407e-19
1.89920e+01	6.93987e-19
1.90117e+01	5.96383e-19
1.90315e+01	5.12410e-19
1.90513e+01	4.40180e-19
1.90711e+01	3.78065e-19
1.90909e+01	3.24661e-19
1.91107e+01	2.78756e-19
1.91304e+01	2.39301e-19
1.91502e+01	2.05396e-19
1.91700e+01	1.76266e-19
1.91898e+01	1.51243e-19
1.92096e+01	1.29752e-19
1.92294e+01	1.11298e-19
1.92491e+01	9.54540e-20
1.92689e+01	8.18538e-20
1.92887e+01	7.01817e-20
1.93085e+01	6.01663e-20
1.93283e+01	5.15742e-20
1.93481e+01	4.42047e-20
1.93678e+01	3.78856e-20
1.93876e+01	3.24684e-20
1.94074e+01	2.78259e-20
1.94272e+01	2.38487e-20
1.94470e+01	2.04427e-20
1.94668e+01	1.75274e-20
1.94865e+01	1.50336e-20
1.95063e+01	1.29022e-20
1.95261e+01	1.10823e-20
1.95459e+01	9.53047e-21
1.95657e+01	8.20967e-21
1.95855e+01	7.08820e-21
1.96052e+01	6.13908e-21
1.96250e+01	5.33946e-21
1.96448e+01	4.67006e-21
1.96646e+01	4.11471e-21
1.96844e+01	3.65995e-21
1.97042e+01	3.29475e-21
1.97239e+01	3.01018e-21
1.97437e+01	2.79927e-21
1.97635e+01	2.65722e-21
1.97833e+01	2.57744e-21
