# The ell = 0 distribution, the isotropy.
# E_N [Td]	1.50000e+00
# col_1: Electron Energy [eV], col_2: f0 [eV^(-3/2)]
eV	f0
5.83667e-03	1.60076e-01
1.75100e-02	1.60075e-01
2.91833e-02	1.60072e-01
4.08567e-02	1.60071e-01
5.25300e-02	1.60070e-01
6.42033e-02	1.60069e-01
7.58767e-02	1.60069e-01
8.75500e-02	1.60069e-01
9.92233e-02	1.60069e-01
1.10897e-01	1.60069e-01
1.22570e-01	1.60069e-01
1.34243e-01	1.60069e-01
1.45917e-01	1.60070e-01
1.57590e-01	1.60070e-01
1.69263e-01	1.60070e-01
1.80937e-01	1.60071e-01
1.92610e-01	1.60071e-01
2.04283e-01	1.60072e-01
2.15957e-01	1.60072e-01
2.27630e-01	1.60073e-01
2.39303e-01	1.60073e-01
2.50977e-01	1.60074e-01
2.62650e-01	1.60074e-01
2.74323e-01	1.60075e-01
2.85997e-01	1.60075e-01
2.97670e-01	1.60076e-01
3.09343e-01	1.60076e-01
3.21017e-01	1.60077e-01
3.32690e-01	1.60077e-01
3.44363e-01	1.60078e-01
3.56037e-01	1.60078e-01
3.67710e-01	1.60078e-01
3.79383e-01	1.60079e-01
3.91057e-01	1.60079e-01
4.02730e-01	1.60079e-01
4.14403e-01	1.60079e-01
4.26077e-01	1.60079e-01
4.37750e-01	1.60079e-01
4.49423e-01	1.60079e-01
4.61097e-01	1.60079e-01
4.72770e-01	1.60079e-01
4.84443e-01	1.60079e-01
4.96117e-01	1.60078e-01
5.07790e-01	1.60078e-01
5.19463e-01	1.60077e-01
5.31137e-01	1.60076e-01
5.42810e-01	1.60075e-01
5.54483e-01	1.60074e-01
5.66157e-01	1.60073e-01
5.77830e-01	1.60072e-01
5.89503e-01	1.60070e-01
6.01177e-01	1.60069e-01
6.12850e-01	1.60067e-01
6.24523e-01	1.60065e-01
6.36197e-01	1.60063e-01
6.47870e-01	1.60061e-01
6.59543e-01	1.60058e-01
6.71217e-01	1.60055e-01
6.82890e-01	1.60053e-01
6.94563e-01	1.60049e-01
7.06237e-01	1.60046e-01
7.17910e-01	1.60043e-01
7.29583e-01	1.60039e-01
7.41257e-01	1.60035e-01
7.52930e-01	1.60030e-01
7.64603e-01	1.60026e-01
7.76277e-01	1.60021e-01
7.87950e-01	1.60016e-01
7.99623e-01	1.60010e-01
8.11297e-01	1.60004e-01
8.22970e-01	1.59998e-01
8.34643e-01	1.59992e-01
8.46317e-01	1.59985e-01
8.57990e-01	1.59977e-01
8.69663e-01	1.59970e-01
8.81337e-01	1.59962e-01
8.93010e-01	1.59953e-01
9.04683e-01	1.59944e-01
9.16357e-01	1.59935e-01
9.28030e-01	1.59925e-01
9.39703e-01	1.59915e-01
9.51377e-01	1.59904e-01
9.63050e-01	1.59893e-01
9.74723e-01	1.59881e-01
9.86397e-01	1.59869e-01
9.98070e-01	1.59856e-01
1.00974e+00	1.59842e-01
1.02142e+00	1.59828e-01
1.03309e+00	1.59814e-01
1.04476e+00	1.59799e-01
1.05644e+00	1.59784e-01
1.06811e+00	1.59768e-01
1.07978e+00	1.59751e-01
1.09146e+00	1.59734e-01
1.10313e+00	1.59717e-01
1.11480e+00	1.59699e-01
1.12648e+00	1.59681e-01
1.13815e+00	1.59662e-01
1.14982e+00	1.59642e-01
1.16150e+00	1.59622e-01
1.17317e+00	1.59601e-01
1.18484e+00	1.59579e-01
1.19652e+00	1.59557e-01
1.20819e+00	1.59535e-01
1.21986e+00	1.59511e-01
1.23154e+00	1.59487e-01
1.24321e+00	1.59463e-01
1.25488e+00	1.59437e-01
1.26656e+00	1.59411e-01
1.27823e+00	1.59385e-01
1.28990e+00	1.59357e-01
1.30158e+00	1.59329e-01
1.31325e+00	1.59300e-01
1.32492e+00	1.59271e-01
1.33660e+00	1.59240e-01
1.34827e+00	1.59209e-01
1.35994e+00	1.59177e-01
1.37162e+00	1.59144e-01
1.38329e+00	1.59111e-01
1.39496e+00	1.59077e-01
1.40664e+00	1.59042e-01
1.41831e+00	1.59006e-01
1.42998e+00	1.58969e-01
1.44166e+00	1.58931e-01
1.45333e+00	1.58892e-01
1.46500e+00	1.58853e-01
1.47668e+00	1.58812e-01
1.48835e+00	1.58771e-01
1.50002e+00	1.58729e-01
1.51170e+00	1.58686e-01
1.52337e+00	1.58641e-01
1.53504e+00	1.58596e-01
1.54672e+00	1.58550e-01
1.55839e+00	1.58502e-01
1.57006e+00	1.58454e-01
1.58174e+00	1.58404e-01
1.59341e+00	1.58353e-01
1.60508e+00	1.58302e-01
1.61676e+00	1.58249e-01
1.62843e+00	1.58194e-01
1.64010e+00	1.58139e-01
1.65178e+00	1.58083e-01
1.66345e+00	1.58025e-01
1.67512e+00	1.57966e-01
1.68680e+00	1.57906e-01
1.69847e+00	1.57844e-01
1.71014e+00	1.57782e-01
1.72182e+00	1.57718e-01
1.73349e+00	1.57653e-01
1.74516e+00	1.57587e-01
1.75684e+00	1.57519e-01
1.76851e+00	1.57451e-01
1.78018e+00	1.57381e-01
1.79186e+00	1.57310e-01
1.80353e+00	1.57237e-01
1.81520e+00	1.57163e-01
1.82688e+00	1.57088e-01
1.83855e+00	1.57012e-01
1.85022e+00	1.56934e-01
1.86190e+00	1.56855e-01
1.87357e+00	1.56775e-01
1.88524e+00	1.56693e-01
1.89692e+00	1.56610e-01
1.90859e+00	1.56526e-01
1.92026e+00	1.56440e-01
1.93194e+00	1.56352e-01
1.94361e+00	1.56263e-01
1.95528e+00	1.56173e-01
1.96696e+00	1.56081e-01
1.97863e+00	1.55988e-01
1.99030e+00	1.55893e-01
2.00198e+00	1.55797e-01
2.01365e+00	1.55699e-01
2.02532e+00	1.55599e-01
2.03700e+00	1.55498e-01
2.04867e+00	1.55395e-01
2.06034e+00	1.55289e-01
2.07202e+00	1.55183e-01
2.08369e+00	1.55074e-01
2.09536e+00	1.54963e-01
2.10704e+00	1.54851e-01
2.11871e+00	1.54736e-01
2.13038e+00	1.54620e-01
2.14206e+00	1.54502e-01
2.15373e+00	1.54382e-01
2.16540e+00	1.54260e-01
2.17708e+00	1.54136e-01
2.18875e+00	1.54010e-01
2.20042e+00	1.53881e-01
2.21210e+00	1.53751e-01
2.22377e+00	1.53619e-01
2.23544e+00	1.53485e-01
2.24712e+00	1.53348e-01
2.25879e+00	1.53210e-01
2.27046e+00	1.53069e-01
2.28214e+00	1.52927e-01
2.29381e+00	1.52782e-01
2.30548e+00	1.52635e-01
2.31716e+00	1.52485e-01
2.32883e+00	1.52334e-01
2.34050e+00	1.52180e-01
2.35218e+00	1.52024e-01
2.36385e+00	1.51866e-01
2.37552e+00	1.51705e-01
2.38720e+00	1.51542e-01
2.39887e+00	1.51377e-01
2.41054e+00	1.51210e-01
2.42222e+00	1.51040e-01
2.43389e+00	1.50868e-01
2.44556e+00	1.50693e-01
2.45724e+00	1.50516e-01
2.46891e+00	1.50336e-01
2.48058e+00	1.50154e-01
2.49226e+00	1.49970e-01
2.50393e+00	1.49783e-01
2.51560e+00	1.49593e-01
2.52728e+00	1.49401e-01
2.53895e+00	1.49207e-01
2.55062e+00	1.49009e-01
2.56230e+00	1.48809e-01
2.57397e+00	1.48607e-01
2.58564e+00	1.48401e-01
2.59732e+00	1.48193e-01
2.60899e+00	1.47982e-01
2.62066e+00	1.47768e-01
2.63234e+00	1.47552e-01
2.64401e+00	1.47333e-01
2.65568e+00	1.47111e-01
2.66736e+00	1.46886e-01
2.67903e+00	1.46659e-01
2.69070e+00	1.46428e-01
2.70238e+00	1.46195e-01
2.71405e+00	1.45959e-01
2.72572e+00	1.45720e-01
2.73740e+00	1.45478e-01
2.74907e+00	1.45233e-01
2.76074e+00	1.44985e-01
2.77242e+00	1.44734e-01
2.78409e+00	1.44481e-01
2.79576e+00	1.44224e-01
2.80744e+00	1.43965e-01
2.81911e+00	1.43702e-01
2.83078e+00	1.43436e-01
2.84246e+00	1.43168e-01
2.85413e+00	1.42896e-01
2.86580e+00	1.42621e-01
2.87748e+00	1.42343e-01
2.88915e+00	1.42063e-01
2.90082e+00	1.41779e-01
2.91250e+00	1.41492e-01
2.92417e+00	1.41202e-01
2.93584e+00	1.40908e-01
2.94752e+00	1.40612e-01
2.95919e+00	1.40313e-01
2.97086e+00	1.40010e-01
2.98254e+00	1.39704e-01
2.99421e+00	1.39396e-01
3.00588e+00	1.39084e-01
3.01756e+00	1.38769e-01
3.02923e+00	1.38451e-01
3.04090e+00	1.38130e-01
3.05258e+00	1.37805e-01
3.06425e+00	1.37478e-01
3.07592e+00	1.37147e-01
3.08760e+00	1.36813e-01
3.09927e+00	1.36477e-01
3.11094e+00	1.36137e-01
3.12262e+00	1.35794e-01
3.13429e+00	1.35447e-01
3.14596e+00	1.35098e-01
3.15764e+00	1.34746e-01
3.16931e+00	1.34390e-01
3.18098e+00	1.34031e-01
3.19266e+00	1.33669e-01
3.20433e+00	1.33304e-01
3.21600e+00	1.32936e-01
3.22768e+00	1.32565e-01
3.23935e+00	1.32191e-01
3.25102e+00	1.31813e-01
3.26270e+00	1.31432e-01
3.27437e+00	1.31048e-01
3.28604e+00	1.30662e-01
3.29772e+00	1.30271e-01
3.30939e+00	1.29878e-01
3.32106e+00	1.29482e-01
3.33274e+00	1.29083e-01
3.34441e+00	1.28680e-01
3.35608e+00	1.28274e-01
3.36776e+00	1.27866e-01
3.37943e+00	1.27454e-01
3.39110e+00	1.27039e-01
3.40278e+00	1.26621e-01
3.41445e+00	1.26200e-01
3.42612e+00	1.25776e-01
3.43780e+00	1.25349e-01
3.44947e+00	1.24919e-01
3.46114e+00	1.24486e-01
3.47282e+00	1.24050e-01
3.48449e+00	1.23610e-01
3.49616e+00	1.23168e-01
3.50784e+00	1.22723e-01
3.51951e+00	1.22275e-01
3.53118e+00	1.21824e-01
3.54286e+00	1.21370e-01
3.55453e+00	1.20913e-01
3.56620e+00	1.20454e-01
3.57788e+00	1.19991e-01
3.58955e+00	1.19526e-01
3.60122e+00	1.19057e-01
3.61290e+00	1.18586e-01
3.62457e+00	1.18112e-01
3.63624e+00	1.17635e-01
3.64792e+00	1.17156e-01
3.65959e+00	1.16673e-01
3.67126e+00	1.16188e-01
3.68294e+00	1.15700e-01
3.69461e+00	1.15210e-01
3.70628e+00	1.14717e-01
3.71796e+00	1.14221e-01
3.72963e+00	1.13722e-01
3.74130e+00	1.13221e-01
3.75298e+00	1.12718e-01
3.76465e+00	1.12211e-01
3.77632e+00	1.11703e-01
3.78800e+00	1.11191e-01
3.79967e+00	1.10677e-01
3.81134e+00	1.10161e-01
3.82302e+00	1.09643e-01
3.83469e+00	1.09122e-01
3.84636e+00	1.08598e-01
3.85804e+00	1.08072e-01
3.86971e+00	1.07544e-01
3.88138e+00	1.07014e-01
3.89306e+00	1.06481e-01
3.90473e+00	1.05947e-01
3.91640e+00	1.05410e-01
3.92808e+00	1.04870e-01
3.93975e+00	1.04329e-01
3.95142e+00	1.03786e-01
3.96310e+00	1.03240e-01
3.97477e+00	1.02692e-01
3.98644e+00	1.02144e-01
3.99812e+00	1.01592e-01
4.00979e+00	1.01037e-01
4.02146e+00	1.00479e-01
4.03314e+00	9.99193e-02
4.04481e+00	9.93568e-02
4.05648e+00	9.87916e-02
4.06816e+00	9.82246e-02
4.07983e+00	9.76547e-02
4.09150e+00	9.70822e-02
4.10318e+00	9.65073e-02
4.11485e+00	9.59299e-02
4.12652e+00	9.53502e-02
4.13820e+00	9.47681e-02
4.14987e+00	9.41838e-02
4.16154e+00	9.35972e-02
4.17322e+00	9.30084e-02
4.18489e+00	9.24175e-02
4.19656e+00	9.18245e-02
4.20824e+00	9.12295e-02
4.21991e+00	9.06325e-02
4.23158e+00	9.00335e-02
4.24326e+00	8.94327e-02
4.25493e+00	8.88301e-02
4.26660e+00	8.82257e-02
4.27828e+00	8.76196e-02
4.28995e+00	8.70119e-02
4.30162e+00	8.64025e-02
4.31330e+00	8.57916e-02
4.32497e+00	8.51792e-02
4.33664e+00	8.45654e-02
4.34832e+00	8.39503e-02
4.35999e+00	8.33338e-02
4.37166e+00	8.27161e-02
4.38334e+00	8.20972e-02
4.39501e+00	8.14771e-02
4.40668e+00	8.08561e-02
4.41836e+00	8.02340e-02
4.43003e+00	7.96110e-02
4.44170e+00	7.89871e-02
4.45338e+00	7.83624e-02
4.46505e+00	7.77369e-02
4.47672e+00	7.71108e-02
4.48840e+00	7.64841e-02
4.50007e+00	7.58568e-02
4.51174e+00	7.52290e-02
4.52342e+00	7.46008e-02
4.53509e+00	7.39722e-02
4.54676e+00	7.33434e-02
4.55844e+00	7.27143e-02
4.57011e+00	7.20851e-02
4.58178e+00	7.14558e-02
4.59346e+00	7.08265e-02
4.60513e+00	7.01973e-02
4.61680e+00	6.95681e-02
4.62848e+00	6.89392e-02
4.64015e+00	6.83105e-02
4.65182e+00	6.76821e-02
4.66350e+00	6.70541e-02
4.67517e+00	6.64266e-02
4.68684e+00	6.57995e-02
4.69852e+00	6.51731e-02
4.71019e+00	6.45474e-02
4.72186e+00	6.39223e-02
4.73354e+00	6.32981e-02
4.74521e+00	6.26747e-02
4.75688e+00	6.20522e-02
4.76856e+00	6.14308e-02
4.78023e+00	6.08104e-02
4.79190e+00	6.01911e-02
4.80358e+00	5.95730e-02
4.81525e+00	5.89562e-02
4.82692e+00	5.83407e-02
4.83860e+00	5.77266e-02
4.85027e+00	5.71139e-02
4.86194e+00	5.65028e-02
4.87362e+00	5.58933e-02
4.88529e+00	5.52855e-02
4.89696e+00	5.46794e-02
4.90864e+00	5.40750e-02
4.92031e+00	5.34726e-02
4.93198e+00	5.28720e-02
4.94366e+00	5.22734e-02
4.95533e+00	5.16767e-02
4.96700e+00	5.10821e-02
4.97868e+00	5.04897e-02
4.99035e+00	4.98994e-02
5.00202e+00	4.93114e-02
5.01370e+00	4.87255e-02
5.02537e+00	4.81425e-02
5.03704e+00	4.75614e-02
5.04872e+00	4.69828e-02
5.06039e+00	4.64066e-02
5.07206e+00	4.58329e-02
5.08374e+00	4.52617e-02
5.09541e+00	4.46931e-02
5.10708e+00	4.41272e-02
5.11876e+00	4.35641e-02
5.13043e+00	4.30037e-02
5.14210e+00	4.24461e-02
5.15378e+00	4.18915e-02
5.16545e+00	4.13398e-02
5.17712e+00	4.07911e-02
5.18880e+00	4.02454e-02
5.20047e+00	3.97029e-02
5.21214e+00	3.91636e-02
5.22382e+00	3.86274e-02
5.23549e+00	3.80945e-02
5.24716e+00	3.75649e-02
5.25884e+00	3.70387e-02
5.27051e+00	3.65160e-02
5.28218e+00	3.59966e-02
5.29386e+00	3.54808e-02
5.30553e+00	3.49685e-02
5.31720e+00	3.44598e-02
5.32888e+00	3.39548e-02
5.34055e+00	3.34534e-02
5.35222e+00	3.29557e-02
5.36390e+00	3.24618e-02
5.37557e+00	3.19717e-02
5.38724e+00	3.14854e-02
5.39892e+00	3.10030e-02
5.41059e+00	3.05244e-02
5.42226e+00	3.00498e-02
5.43394e+00	2.95791e-02
5.44561e+00	2.91125e-02
5.45728e+00	2.86498e-02
5.46896e+00	2.81913e-02
5.48063e+00	2.77367e-02
5.49230e+00	2.72863e-02
5.50398e+00	2.68401e-02
5.51565e+00	2.63980e-02
5.52732e+00	2.59600e-02
5.53900e+00	2.55263e-02
5.55067e+00	2.50968e-02
5.56234e+00	2.46715e-02
5.57402e+00	2.42504e-02
5.58569e+00	2.38337e-02
5.59736e+00	2.34212e-02
5.60904e+00	2.30131e-02
5.62071e+00	2.26092e-02
5.63238e+00	2.22097e-02
5.64406e+00	2.18145e-02
5.65573e+00	2.14236e-02
5.66740e+00	2.10371e-02
5.67908e+00	2.06550e-02
5.69075e+00	2.02773e-02
5.70242e+00	1.99039e-02
5.71410e+00	1.95349e-02
5.72577e+00	1.91702e-02
5.73744e+00	1.88100e-02
5.74912e+00	1.84541e-02
5.76079e+00	1.81026e-02
5.77246e+00	1.77555e-02
5.78414e+00	1.74128e-02
5.79581e+00	1.70745e-02
5.80748e+00	1.67405e-02
5.81916e+00	1.64108e-02
5.83083e+00	1.60855e-02
5.84250e+00	1.57646e-02
5.85418e+00	1.54480e-02
5.86585e+00	1.51357e-02
5.87752e+00	1.48277e-02
5.88920e+00	1.45240e-02
5.90087e+00	1.42246e-02
5.91254e+00	1.39294e-02
5.92422e+00	1.36385e-02
5.93589e+00	1.33519e-02
5.94756e+00	1.30695e-02
5.95924e+00	1.27913e-02
5.97091e+00	1.25173e-02
5.98258e+00	1.22475e-02
5.99426e+00	1.19819e-02
6.00593e+00	1.17204e-02
6.01760e+00	1.14629e-02
6.02928e+00	1.12096e-02
6.04095e+00	1.09603e-02
6.05262e+00	1.07151e-02
6.06430e+00	1.04739e-02
6.07597e+00	1.02367e-02
6.08764e+00	1.00035e-02
6.09932e+00	9.77427e-03
6.11099e+00	9.54893e-03
6.12266e+00	9.32748e-03
6.13434e+00	9.10988e-03
6.14601e+00	8.89609e-03
6.15768e+00	8.68608e-03
6.16936e+00	8.47982e-03
6.18103e+00	8.27728e-03
6.19270e+00	8.07841e-03
6.20438e+00	7.88318e-03
6.21605e+00	7.69155e-03
6.22772e+00	7.50350e-03
6.23940e+00	7.31897e-03
6.25107e+00	7.13794e-03
6.26274e+00	6.96037e-03
6.27442e+00	6.78621e-03
6.28609e+00	6.61544e-03
6.29776e+00	6.44801e-03
6.30944e+00	6.28388e-03
6.32111e+00	6.12302e-03
6.33278e+00	5.96538e-03
6.34446e+00	5.81094e-03
6.35613e+00	5.65964e-03
6.36780e+00	5.51144e-03
6.37948e+00	5.36632e-03
6.39115e+00	5.22422e-03
6.40282e+00	5.08511e-03
6.41450e+00	4.94895e-03
6.42617e+00	4.81570e-03
6.43784e+00	4.68531e-03
6.44952e+00	4.55775e-03
6.46119e+00	4.43298e-03
6.47286e+00	4.31096e-03
6.48454e+00	4.19164e-03
6.49621e+00	4.07499e-03
6.50788e+00	3.96096e-03
6.51956e+00	3.84952e-03
6.53123e+00	3.74063e-03
6.54290e+00	3.63424e-03
6.55458e+00	3.53032e-03
6.56625e+00	3.42882e-03
6.57792e+00	3.32971e-03
6.58960e+00	3.23295e-03
6.60127e+00	3.13849e-03
6.61294e+00	3.04630e-03
6.62462e+00	2.95635e-03
6.63629e+00	2.86858e-03
6.64796e+00	2.78297e-03
6.65964e+00	2.69947e-03
6.67131e+00	2.61804e-03
6.68298e+00	2.53866e-03
6.69466e+00	2.46128e-03
6.70633e+00	2.38587e-03
6.71800e+00	2.31238e-03
6.72968e+00	2.24079e-03
6.74135e+00	2.17105e-03
6.75302e+00	2.10313e-03
6.76470e+00	2.03699e-03
6.77637e+00	1.97261e-03
6.78804e+00	1.90994e-03
6.79972e+00	1.84894e-03
6.81139e+00	1.78960e-03
6.82306e+00	1.73186e-03
6.83474e+00	1.67570e-03
6.84641e+00	1.62109e-03
6.85808e+00	1.56799e-03
6.86976e+00	1.51637e-03
6.88143e+00	1.46619e-03
6.89310e+00	1.41744e-03
6.90478e+00	1.37006e-03
6.91645e+00	1.32404e-03
6.92812e+00	1.27936e-03
6.93980e+00	1.23594e-03
6.95147e+00	1.19381e-03
6.96314e+00	1.15292e-03
6.97482e+00	1.11326e-03
6.98649e+00	1.07478e-03
6.99816e+00	1.03746e-03
7.00984e+00	1.00126e-03
7.02151e+00	9.66176e-04
7.03318e+00	9.32161e-04
7.04486e+00	8.99194e-04
7.05653e+00	8.67247e-04
7.06820e+00	8.36301e-04
7.07988e+00	8.06308e-04
7.09155e+00	7.77274e-04
7.10322e+00	7.49165e-04
7.11490e+00	7.21957e-04
7.12657e+00	6.95625e-04
7.13824e+00	6.70145e-04
7.14992e+00	6.45494e-04
7.16159e+00	6.21649e-04
7.17326e+00	5.98588e-04
7.18494e+00	5.76288e-04
7.19661e+00	5.54728e-04
7.20828e+00	5.33888e-04
7.21996e+00	5.13747e-04
7.23163e+00	4.94284e-04
7.24330e+00	4.75480e-04
7.25498e+00	4.57316e-04
7.26665e+00	4.39773e-04
7.27832e+00	4.22833e-04
7.29000e+00	4.06478e-04
7.30167e+00	3.90691e-04
7.31334e+00	3.75454e-04
7.32502e+00	3.60752e-04
7.33669e+00	3.46566e-04
7.34836e+00	3.32883e-04
7.36004e+00	3.19687e-04
7.37171e+00	3.06961e-04
7.38338e+00	2.94693e-04
7.39506e+00	2.82867e-04
7.40673e+00	2.71469e-04
7.41840e+00	2.60487e-04
7.43008e+00	2.49906e-04
7.44175e+00	2.39714e-04
7.45342e+00	2.29898e-04
7.46510e+00	2.20446e-04
7.47677e+00	2.11347e-04
7.48844e+00	2.02589e-04
7.50012e+00	1.94160e-04
7.51179e+00	1.86049e-04
7.52346e+00	1.78247e-04
7.53514e+00	1.70742e-04
7.54681e+00	1.63524e-04
7.55848e+00	1.56585e-04
7.57016e+00	1.49913e-04
7.58183e+00	1.43501e-04
7.59350e+00	1.37339e-04
7.60518e+00	1.31419e-04
7.61685e+00	1.25732e-04
7.62852e+00	1.20269e-04
7.64020e+00	1.15024e-04
7.65187e+00	1.09988e-04
7.66354e+00	1.05154e-04
7.67522e+00	1.00514e-04
7.68689e+00	9.60621e-05
7.69856e+00	9.17910e-05
7.71024e+00	8.76941e-05
7.72191e+00	8.37650e-05
7.73358e+00	7.99977e-05
7.74526e+00	7.63860e-05
7.75693e+00	7.29243e-05
7.76860e+00	6.96070e-05
7.78028e+00	6.64285e-05
7.79195e+00	6.33837e-05
7.80362e+00	6.04675e-05
7.81530e+00	5.76750e-05
7.82697e+00	5.50015e-05
7.83864e+00	5.24423e-05
7.85032e+00	4.99931e-05
7.86199e+00	4.76495e-05
7.87366e+00	4.54075e-05
7.88534e+00	4.32630e-05
7.89701e+00	4.12122e-05
7.90868e+00	3.92514e-05
7.92036e+00	3.73770e-05
7.93203e+00	3.55856e-05
7.94370e+00	3.38737e-05
7.95538e+00	3.22382e-05
7.96705e+00	3.06759e-05
7.97872e+00	2.91840e-05
7.99040e+00	2.77594e-05
8.00207e+00	2.63994e-05
8.01374e+00	2.51014e-05
8.02542e+00	2.38627e-05
8.03709e+00	2.26808e-05
8.04876e+00	2.15535e-05
8.06044e+00	2.04783e-05
8.07211e+00	1.94531e-05
8.08378e+00	1.84757e-05
8.09546e+00	1.75441e-05
8.10713e+00	1.66564e-05
8.11880e+00	1.58105e-05
8.13048e+00	1.50047e-05
8.14215e+00	1.42373e-05
8.15382e+00	1.35066e-05
8.16550e+00	1.28109e-05
8.17717e+00	1.21487e-05
8.18884e+00	1.15186e-05
8.20052e+00	1.09190e-05
8.21219e+00	1.03487e-05
8.22386e+00	9.80622e-06
8.23554e+00	9.29041e-06
8.24721e+00	8.80003e-06
8.25888e+00	8.33392e-06
8.27056e+00	7.89097e-06
8.28223e+00	7.47011e-06
8.29390e+00	7.07032e-06
8.30558e+00	6.69063e-06
8.31725e+00	6.33008e-06
8.32892e+00	5.98780e-06
8.34060e+00	5.66292e-06
8.35227e+00	5.35461e-06
8.36394e+00	5.06210e-06
8.37562e+00	4.78462e-06
8.38729e+00	4.52146e-06
8.39896e+00	4.27193e-06
8.41064e+00	4.03538e-06
8.42231e+00	3.81117e-06
8.43398e+00	3.59871e-06
8.44566e+00	3.39742e-06
8.45733e+00	3.20674e-06
8.46900e+00	3.02617e-06
8.48068e+00	2.85520e-06
8.49235e+00	2.69335e-06
8.50402e+00	2.54016e-06
8.51570e+00	2.39521e-06
8.52737e+00	2.25808e-06
8.53904e+00	2.12837e-06
8.55072e+00	2.00571e-06
8.56239e+00	1.88974e-06
8.57406e+00	1.78011e-06
8.58574e+00	1.67651e-06
8.59741e+00	1.57861e-06
8.60908e+00	1.48614e-06
8.62076e+00	1.39879e-06
8.63243e+00	1.31632e-06
8.64410e+00	1.23845e-06
8.65578e+00	1.16495e-06
8.66745e+00	1.09559e-06
8.67912e+00	1.03016e-06
8.69080e+00	9.68428e-07
8.70247e+00	9.10213e-07
8.71414e+00	8.55322e-07
8.72582e+00	8.03576e-07
8.73749e+00	7.54806e-07
8.74916e+00	7.08850e-07
8.76084e+00	6.65555e-07
8.77251e+00	6.24776e-07
8.78418e+00	5.86375e-07
8.79586e+00	5.50220e-07
8.80753e+00	5.16187e-07
8.81920e+00	4.84159e-07
8.83088e+00	4.54024e-07
8.84255e+00	4.25677e-07
8.85422e+00	3.99016e-07
8.86590e+00	3.73948e-07
8.87757e+00	3.50381e-07
8.88924e+00	3.28231e-07
8.90092e+00	3.07417e-07
8.91259e+00	2.87862e-07
8.92426e+00	2.69496e-07
8.93594e+00	2.52248e-07
8.94761e+00	2.36053e-07
8.95928e+00	2.20855e-07
8.97096e+00	2.06593e-07
8.98263e+00	1.93213e-07
8.99430e+00	1.80662e-07
9.00598e+00	1.68893e-07
9.01765e+00	1.57857e-07
9.02932e+00	1.47513e-07
9.04100e+00	1.37819e-07
9.05267e+00	1.28735e-07
9.06434e+00	1.20225e-07
9.07602e+00	1.12255e-07
9.08769e+00	1.04791e-07
9.09936e+00	9.78042e-08
9.11104e+00	9.12640e-08
9.12271e+00	8.51436e-08
9.13438e+00	7.94172e-08
9.14606e+00	7.40607e-08
9.15773e+00	6.90512e-08
9.16940e+00	6.43672e-08
9.18108e+00	5.99886e-08
9.19275e+00	5.58961e-08
9.20442e+00	5.20721e-08
9.21610e+00	4.84996e-08
9.22777e+00	4.51628e-08
9.23944e+00	4.20468e-08
9.25112e+00	3.91376e-08
9.26279e+00	3.64221e-08
9.27446e+00	3.38880e-08
9.28614e+00	3.15236e-08
9.29781e+00	2.93179e-08
9.30948e+00	2.72610e-08
9.32116e+00	2.53431e-08
9.33283e+00	2.35552e-08
9.34450e+00	2.18889e-08
9.35618e+00	2.03362e-08
9.36785e+00	1.88897e-08
9.37952e+00	1.75424e-08
9.39120e+00	1.62878e-08
9.40287e+00	1.51197e-08
9.41454e+00	1.40325e-08
9.42622e+00	1.30207e-08
9.43789e+00	1.20794e-08
9.44956e+00	1.12037e-08
9.46124e+00	1.03893e-08
9.47291e+00	9.63208e-09
9.48458e+00	8.92816e-09
9.49626e+00	8.27395e-09
9.50793e+00	7.66604e-09
9.51960e+00	7.10130e-09
9.53128e+00	6.57677e-09
9.54295e+00	6.08970e-09
9.55462e+00	5.63749e-09
9.56630e+00	5.21776e-09
9.57797e+00	4.82826e-09
9.58964e+00	4.46688e-09
9.60132e+00	4.13166e-09
9.61299e+00	3.82079e-09
9.62466e+00	3.53256e-09
9.63634e+00	3.26538e-09
9.64801e+00	3.01775e-09
9.65968e+00	2.78830e-09
9.67136e+00	2.57577e-09
9.68303e+00	2.37895e-09
9.69470e+00	2.19672e-09
9.70638e+00	2.02802e-09
9.71805e+00	1.87188e-09
9.72972e+00	1.72741e-09
9.74140e+00	1.59375e-09
9.75307e+00	1.47013e-09
9.76474e+00	1.35582e-09
9.77642e+00	1.25013e-09
9.78809e+00	1.15244e-09
9.79976e+00	1.06216e-09
9.81144e+00	9.78747e-10
9.82311e+00	9.01697e-10
9.83478e+00	8.30538e-10
9.84646e+00	7.64834e-10
9.85813e+00	7.04179e-10
9.86980e+00	6.48199e-10
9.88148e+00	5.96544e-10
9.89315e+00	5.48889e-10
9.90482e+00	5.04935e-10
9.91650e+00	4.64402e-10
9.92817e+00	4.27033e-10
9.93984e+00	3.92589e-10
9.95152e+00	3.60846e-10
9.96319e+00	3.31599e-10
9.97486e+00	3.04659e-10
9.98654e+00	2.79848e-10
9.99821e+00	2.57003e-10
1.00099e+01	2.35980e-10
1.00216e+01	2.16617e-10
1.00332e+01	1.98798e-10
1.00449e+01	1.82435e-10
1.00566e+01	1.67394e-10
1.00683e+01	1.53573e-10
1.00799e+01	1.40875e-10
1.00916e+01	1.29209e-10
1.01033e+01	1.18493e-10
1.01149e+01	1.08651e-10
1.01266e+01	9.96140e-11
1.01383e+01	9.13160e-11
1.01500e+01	8.36981e-11
1.01616e+01	7.67054e-11
1.01733e+01	7.02875e-11
1.01850e+01	6.43980e-11
1.01967e+01	5.89941e-11
1.02083e+01	5.40363e-11
1.02200e+01	4.94886e-11
1.02317e+01	4.53176e-11
1.02434e+01	4.14925e-11
1.02550e+01	3.79852e-11
1.02667e+01	3.47697e-11
1.02784e+01	3.18221e-11
1.02900e+01	2.91205e-11
1.03017e+01	2.66447e-11
1.03134e+01	2.43761e-11
1.03251e+01	2.22976e-11
1.03367e+01	2.03937e-11
1.03484e+01	1.86498e-11
1.03601e+01	1.70527e-11
1.03718e+01	1.55903e-11
1.03834e+01	1.42514e-11
1.03951e+01	1.30257e-11
1.04068e+01	1.19038e-11
1.04185e+01	1.08771e-11
1.04301e+01	9.93764e-12
1.04418e+01	9.07806e-12
1.04535e+01	8.29172e-12
1.04651e+01	7.57247e-12
1.04768e+01	6.91467e-12
1.04885e+01	6.31317e-12
1.05002e+01	5.76320e-12
1.05118e+01	5.26044e-12
1.05235e+01	4.80088e-12
1.05352e+01	4.38088e-12
1.05469e+01	3.99708e-12
1.05585e+01	3.64640e-12
1.05702e+01	3.32605e-12
1.05819e+01	3.03342e-12
1.05936e+01	2.76620e-12
1.06052e+01	2.52216e-12
1.06169e+01	2.29912e-12
1.06286e+01	2.09590e-12
1.06402e+01	1.91051e-12
1.06519e+01	1.74141e-12
1.06636e+01	1.58718e-12
1.06753e+01	1.44652e-12
1.06869e+01	1.31825e-12
1.06986e+01	1.20128e-12
1.07103e+01	1.09462e-12
1.07220e+01	9.97374e-13
1.07336e+01	9.08710e-13
1.07453e+01	8.27876e-13
1.07570e+01	7.54186e-13
1.07687e+01	6.87013e-13
1.07803e+01	6.25783e-13
1.07920e+01	5.69974e-13
1.08037e+01	5.19109e-13
1.08153e+01	4.72752e-13
1.08270e+01	4.30507e-13
1.08387e+01	3.92011e-13
1.08504e+01	3.56934e-13
1.08620e+01	3.24973e-13
1.08737e+01	2.95853e-13
1.08854e+01	2.69324e-13
1.08971e+01	2.45156e-13
1.09087e+01	2.23140e-13
1.09204e+01	2.03087e-13
1.09321e+01	1.84821e-13
1.09438e+01	1.68185e-13
1.09554e+01	1.53035e-13
1.09671e+01	1.39237e-13
1.09788e+01	1.26673e-13
1.09904e+01	1.15232e-13
1.10021e+01	1.04815e-13
1.10138e+01	9.53308e-14
1.10255e+01	8.66962e-14
1.10371e+01	7.88355e-14
1.10488e+01	7.16798e-14
1.10605e+01	6.51663e-14
1.10722e+01	5.92377e-14
1.10838e+01	5.38417e-14
1.10955e+01	4.89309e-14
1.11072e+01	4.44618e-14
1.11189e+01	4.03949e-14
1.11305e+01	3.66943e-14
1.11422e+01	3.33271e-14
1.11539e+01	3.02636e-14
1.11655e+01	2.74764e-14
1.11772e+01	2.49409e-14
1.11889e+01	2.26343e-14
1.12006e+01	2.05363e-14
1.12122e+01	1.86279e-14
1.12239e+01	1.68923e-14
1.12356e+01	1.53137e-14
1.12473e+01	1.38782e-14
1.12589e+01	1.25729e-14
1.12706e+01	1.13859e-14
1.12823e+01	1.03067e-14
1.12940e+01	9.32543e-15
1.13056e+01	8.43339e-15
1.13173e+01	7.62246e-15
1.13290e+01	6.88532e-15
1.13406e+01	6.21529e-15
1.13523e+01	5.60632e-15
1.13640e+01	5.05287e-15
1.13757e+01	4.54992e-15
1.13873e+01	4.09288e-15
1.13990e+01	3.67760e-15
1.14107e+01	3.30030e-15
1.14224e+01	2.95751e-15
1.14340e+01	2.64611e-15
1.14457e+01	2.36325e-15
1.14574e+01	2.10633e-15
1.14691e+01	1.87300e-15
1.14807e+01	1.66109e-15
1.14924e+01	1.46868e-15
1.15041e+01	1.29397e-15
1.15157e+01	1.13535e-15
1.15274e+01	9.91364e-16
1.15391e+01	8.60664e-16
1.15508e+01	7.42036e-16
1.15624e+01	6.34429e-16
1.15741e+01	5.37050e-16
1.15858e+01	4.49101e-16
1.15975e+01	3.69799e-16
1.16091e+01	2.98390e-16
1.16208e+01	2.34162e-16
1.16325e+01	1.76431e-16
1.16442e+01	1.24636e-16
1.16558e+01	7.82531e-17
1.16675e+01	3.67933e-17
