# The ell = 0 distribution, the isotropy.
# E_N [Td]	1.20000e+01
# col_1: Electron Energy [eV], col_2: f0 [eV^(-3/2)]
eV	f0
1.05680e-02	7.76908e-02
3.17040e-02	7.74258e-02
5.28400e-02	7.71475e-02
7.39760e-02	7.69035e-02
9.51120e-02	7.66922e-02
1.16248e-01	7.65070e-02
1.37384e-01	7.63425e-02
1.58520e-01	7.61932e-02
1.79656e-01	7.60553e-02
2.00792e-01	7.59264e-02
2.21928e-01	7.58048e-02
2.43064e-01	7.56894e-02
2.64200e-01	7.55796e-02
2.85336e-01	7.54748e-02
3.06472e-01	7.53745e-02
3.27608e-01	7.52778e-02
3.48744e-01	7.51849e-02
3.69880e-01	7.50957e-02
3.91016e-01	7.50101e-02
4.12152e-01	7.49279e-02
4.33288e-01	7.48489e-02
4.54424e-01	7.47729e-02
4.75560e-01	7.46997e-02
4.96696e-01	7.46289e-02
5.17832e-01	7.45605e-02
5.38968e-01	7.44940e-02
5.60104e-01	7.44294e-02
5.81240e-01	7.43663e-02
6.02376e-01	7.43046e-02
6.23512e-01	7.42438e-02
6.44648e-01	7.41838e-02
6.65784e-01	7.41243e-02
6.86920e-01	7.40650e-02
7.08056e-01	7.40058e-02
7.29192e-01	7.39465e-02
7.50328e-01	7.38869e-02
7.71464e-01	7.38268e-02
7.92600e-01	7.37660e-02
8.13736e-01	7.37046e-02
8.34872e-01	7.36422e-02
8.56008e-01	7.35788e-02
8.77144e-01	7.35143e-02
8.98280e-01	7.34485e-02
9.19416e-01	7.33814e-02
9.40552e-01	7.33128e-02
9.61688e-01	7.32428e-02
9.82824e-01	7.31712e-02
1.00396e+00	7.30979e-02
1.02510e+00	7.30235e-02
1.04623e+00	7.29479e-02
1.06737e+00	7.28714e-02
1.08850e+00	7.27938e-02
1.10964e+00	7.27153e-02
1.13078e+00	7.26357e-02
1.15191e+00	7.25553e-02
1.17305e+00	7.24740e-02
1.19418e+00	7.23919e-02
1.21532e+00	7.23089e-02
1.23646e+00	7.22251e-02
1.25759e+00	7.21405e-02
1.27873e+00	7.20552e-02
1.29986e+00	7.19695e-02
1.32100e+00	7.18832e-02
1.34214e+00	7.17965e-02
1.36327e+00	7.17094e-02
1.38441e+00	7.16219e-02
1.40554e+00	7.15340e-02
1.42668e+00	7.14458e-02
1.44782e+00	7.13572e-02
1.46895e+00	7.12685e-02
1.49009e+00	7.11794e-02
1.51122e+00	7.10897e-02
1.53236e+00	7.09994e-02
1.55350e+00	7.09086e-02
1.57463e+00	7.08175e-02
1.59577e+00	7.07261e-02
1.61690e+00	7.06344e-02
1.63804e+00	7.05426e-02
1.65918e+00	7.04507e-02
1.68031e+00	7.03586e-02
1.70145e+00	7.02664e-02
1.72258e+00	7.01741e-02
1.74372e+00	7.00817e-02
1.76486e+00	6.99893e-02
1.78599e+00	6.98969e-02
1.80713e+00	6.98044e-02
1.82826e+00	6.97117e-02
1.84940e+00	6.96190e-02
1.87054e+00	6.95262e-02
1.89167e+00	6.94333e-02
1.91281e+00	6.93402e-02
1.93394e+00	6.92470e-02
1.95508e+00	6.91537e-02
1.97622e+00	6.90602e-02
1.99735e+00	6.89665e-02
2.01849e+00	6.88727e-02
2.03962e+00	6.87786e-02
2.06076e+00	6.86843e-02
2.08190e+00	6.85896e-02
2.10303e+00	6.84947e-02
2.12417e+00	6.83994e-02
2.14530e+00	6.83039e-02
2.16644e+00	6.82081e-02
2.18758e+00	6.81120e-02
2.20871e+00	6.80157e-02
2.22985e+00	6.79191e-02
2.25098e+00	6.78222e-02
2.27212e+00	6.77251e-02
2.29326e+00	6.76277e-02
2.31439e+00	6.75300e-02
2.33553e+00	6.74321e-02
2.35666e+00	6.73340e-02
2.37780e+00	6.72356e-02
2.39894e+00	6.71370e-02
2.42007e+00	6.70381e-02
2.44121e+00	6.69390e-02
2.46234e+00	6.68397e-02
2.48348e+00	6.67402e-02
2.50462e+00	6.66404e-02
2.52575e+00	6.65404e-02
2.54689e+00	6.64402e-02
2.56802e+00	6.63396e-02
2.58916e+00	6.62389e-02
2.61030e+00	6.61379e-02
2.63143e+00	6.60366e-02
2.65257e+00	6.59351e-02
2.67370e+00	6.58334e-02
2.69484e+00	6.57314e-02
2.71598e+00	6.56293e-02
2.73711e+00	6.55269e-02
2.75825e+00	6.54242e-02
2.77938e+00	6.53214e-02
2.80052e+00	6.52183e-02
2.82166e+00	6.51150e-02
2.84279e+00	6.50115e-02
2.86393e+00	6.49078e-02
2.88506e+00	6.48039e-02
2.90620e+00	6.46998e-02
2.92734e+00	6.45955e-02
2.94847e+00	6.44910e-02
2.96961e+00	6.43863e-02
2.99074e+00	6.42814e-02
3.01188e+00	6.41763e-02
3.03302e+00	6.40710e-02
3.05415e+00	6.39656e-02
3.07529e+00	6.38599e-02
3.09642e+00	6.37542e-02
3.11756e+00	6.36482e-02
3.13870e+00	6.35421e-02
3.15983e+00	6.34358e-02
3.18097e+00	6.33294e-02
3.20210e+00	6.32228e-02
3.22324e+00	6.31160e-02
3.24438e+00	6.30091e-02
3.26551e+00	6.29020e-02
3.28665e+00	6.27947e-02
3.30778e+00	6.26873e-02
3.32892e+00	6.25798e-02
3.35006e+00	6.24720e-02
3.37119e+00	6.23641e-02
3.39233e+00	6.22561e-02
3.41346e+00	6.21479e-02
3.43460e+00	6.20395e-02
3.45574e+00	6.19310e-02
3.47687e+00	6.18223e-02
3.49801e+00	6.17135e-02
3.51914e+00	6.16045e-02
3.54028e+00	6.14953e-02
3.56142e+00	6.13860e-02
3.58255e+00	6.12765e-02
3.60369e+00	6.11669e-02
3.62482e+00	6.10571e-02
3.64596e+00	6.09471e-02
3.66710e+00	6.08370e-02
3.68823e+00	6.07267e-02
3.70937e+00	6.06163e-02
3.73050e+00	6.05057e-02
3.75164e+00	6.03950e-02
3.77278e+00	6.02840e-02
3.79391e+00	6.01730e-02
3.81505e+00	6.00617e-02
3.83618e+00	5.99503e-02
3.85732e+00	5.98388e-02
3.87846e+00	5.97270e-02
3.89959e+00	5.96152e-02
3.92073e+00	5.95031e-02
3.94186e+00	5.93909e-02
3.96300e+00	5.92785e-02
3.98414e+00	5.91661e-02
4.00527e+00	5.90533e-02
4.02641e+00	5.89402e-02
4.04754e+00	5.88268e-02
4.06868e+00	5.87131e-02
4.08982e+00	5.85991e-02
4.11095e+00	5.84847e-02
4.13209e+00	5.83699e-02
4.15322e+00	5.82548e-02
4.17436e+00	5.81394e-02
4.19550e+00	5.80236e-02
4.21663e+00	5.79075e-02
4.23777e+00	5.77910e-02
4.25890e+00	5.76742e-02
4.28004e+00	5.75570e-02
4.30118e+00	5.74395e-02
4.32231e+00	5.73217e-02
4.34345e+00	5.72035e-02
4.36458e+00	5.70849e-02
4.38572e+00	5.69660e-02
4.40686e+00	5.68468e-02
4.42799e+00	5.67272e-02
4.44913e+00	5.66073e-02
4.47026e+00	5.64870e-02
4.49140e+00	5.63664e-02
4.51254e+00	5.62455e-02
4.53367e+00	5.61242e-02
4.55481e+00	5.60025e-02
4.57594e+00	5.58806e-02
4.59708e+00	5.57582e-02
4.61822e+00	5.56356e-02
4.63935e+00	5.55126e-02
4.66049e+00	5.53892e-02
4.68162e+00	5.52655e-02
4.70276e+00	5.51415e-02
4.72390e+00	5.50171e-02
4.74503e+00	5.48923e-02
4.76617e+00	5.47673e-02
4.78730e+00	5.46418e-02
4.80844e+00	5.45161e-02
4.82958e+00	5.43900e-02
4.85071e+00	5.42635e-02
4.87185e+00	5.41367e-02
4.89298e+00	5.40095e-02
4.91412e+00	5.38821e-02
4.93526e+00	5.37542e-02
4.95639e+00	5.36260e-02
4.97753e+00	5.34975e-02
4.99866e+00	5.33686e-02
5.01980e+00	5.32393e-02
5.04094e+00	5.31097e-02
5.06207e+00	5.29797e-02
5.08321e+00	5.28493e-02
5.10434e+00	5.27185e-02
5.12548e+00	5.25873e-02
5.14662e+00	5.24557e-02
5.16775e+00	5.23238e-02
5.18889e+00	5.21914e-02
5.21002e+00	5.20587e-02
5.23116e+00	5.19256e-02
5.25230e+00	5.17921e-02
5.27343e+00	5.16582e-02
5.29457e+00	5.15239e-02
5.31570e+00	5.13892e-02
5.33684e+00	5.12541e-02
5.35798e+00	5.11187e-02
5.37911e+00	5.09828e-02
5.40025e+00	5.08466e-02
5.42138e+00	5.07100e-02
5.44252e+00	5.05729e-02
5.46366e+00	5.04355e-02
5.48479e+00	5.02977e-02
5.50593e+00	5.01596e-02
5.52706e+00	5.00210e-02
5.54820e+00	4.98820e-02
5.56934e+00	4.97427e-02
5.59047e+00	4.96029e-02
5.61161e+00	4.94628e-02
5.63274e+00	4.93223e-02
5.65388e+00	4.91814e-02
5.67502e+00	4.90401e-02
5.69615e+00	4.88984e-02
5.71729e+00	4.87563e-02
5.73842e+00	4.86139e-02
5.75956e+00	4.84710e-02
5.78070e+00	4.83278e-02
5.80183e+00	4.81842e-02
5.82297e+00	4.80401e-02
5.84410e+00	4.78957e-02
5.86524e+00	4.77509e-02
5.88638e+00	4.76058e-02
5.90751e+00	4.74602e-02
5.92865e+00	4.73142e-02
5.94978e+00	4.71679e-02
5.97092e+00	4.70212e-02
5.99206e+00	4.68741e-02
6.01319e+00	4.67267e-02
6.03433e+00	4.65788e-02
6.05546e+00	4.64306e-02
6.07660e+00	4.62821e-02
6.09774e+00	4.61332e-02
6.11887e+00	4.59840e-02
6.14001e+00	4.58344e-02
6.16114e+00	4.56845e-02
6.18228e+00	4.55342e-02
6.20342e+00	4.53836e-02
6.22455e+00	4.52326e-02
6.24569e+00	4.50813e-02
6.26682e+00	4.49297e-02
6.28796e+00	4.47777e-02
6.30910e+00	4.46254e-02
6.33023e+00	4.44727e-02
6.35137e+00	4.43197e-02
6.37250e+00	4.41664e-02
6.39364e+00	4.40127e-02
6.41478e+00	4.38587e-02
6.43591e+00	4.37043e-02
6.45705e+00	4.35496e-02
6.47818e+00	4.33946e-02
6.49932e+00	4.32392e-02
6.52046e+00	4.30835e-02
6.54159e+00	4.29274e-02
6.56273e+00	4.27711e-02
6.58386e+00	4.26143e-02
6.60500e+00	4.24573e-02
6.62614e+00	4.22999e-02
6.64727e+00	4.21422e-02
6.66841e+00	4.19842e-02
6.68954e+00	4.18258e-02
6.71068e+00	4.16671e-02
6.73182e+00	4.15081e-02
6.75295e+00	4.13487e-02
6.77409e+00	4.11890e-02
6.79522e+00	4.10290e-02
6.81636e+00	4.08687e-02
6.83750e+00	4.07081e-02
6.85863e+00	4.05471e-02
6.87977e+00	4.03858e-02
6.90090e+00	4.02242e-02
6.92204e+00	4.00623e-02
6.94318e+00	3.99000e-02
6.96431e+00	3.97375e-02
6.98545e+00	3.95747e-02
7.00658e+00	3.94117e-02
7.02772e+00	3.92485e-02
7.04886e+00	3.90850e-02
7.06999e+00	3.89212e-02
7.09113e+00	3.87572e-02
7.11226e+00	3.85931e-02
7.13340e+00	3.84287e-02
7.15454e+00	3.82642e-02
7.17567e+00	3.80995e-02
7.19681e+00	3.79346e-02
7.21794e+00	3.77695e-02
7.23908e+00	3.76042e-02
7.26022e+00	3.74387e-02
7.28135e+00	3.72731e-02
7.30249e+00	3.71073e-02
7.32362e+00	3.69413e-02
7.34476e+00	3.67751e-02
7.36590e+00	3.66088e-02
7.38703e+00	3.64423e-02
7.40817e+00	3.62756e-02
7.42930e+00	3.61087e-02
7.45044e+00	3.59417e-02
7.47158e+00	3.57745e-02
7.49271e+00	3.56071e-02
7.51385e+00	3.54396e-02
7.53498e+00	3.52719e-02
7.55612e+00	3.51041e-02
7.57726e+00	3.49361e-02
7.59839e+00	3.47679e-02
7.61953e+00	3.45996e-02
7.64066e+00	3.44312e-02
7.66180e+00	3.42626e-02
7.68294e+00	3.40938e-02
7.70407e+00	3.39249e-02
7.72521e+00	3.37559e-02
7.74634e+00	3.35867e-02
7.76748e+00	3.34173e-02
7.78862e+00	3.32479e-02
7.80975e+00	3.30783e-02
7.83089e+00	3.29085e-02
7.85202e+00	3.27387e-02
7.87316e+00	3.25687e-02
7.89430e+00	3.23985e-02
7.91543e+00	3.22283e-02
7.93657e+00	3.20579e-02
7.95770e+00	3.18874e-02
7.97884e+00	3.17168e-02
7.99998e+00	3.15461e-02
8.02111e+00	3.13753e-02
8.04225e+00	3.12043e-02
8.06338e+00	3.10333e-02
8.08452e+00	3.08621e-02
8.10566e+00	3.06908e-02
8.12679e+00	3.05195e-02
8.14793e+00	3.03480e-02
8.16906e+00	3.01764e-02
8.19020e+00	3.00048e-02
8.21134e+00	2.98331e-02
8.23247e+00	2.96612e-02
8.25361e+00	2.94893e-02
8.27474e+00	2.93173e-02
8.29588e+00	2.91453e-02
8.31702e+00	2.89731e-02
8.33815e+00	2.88009e-02
8.35929e+00	2.86286e-02
8.38042e+00	2.84563e-02
8.40156e+00	2.82838e-02
8.42270e+00	2.81114e-02
8.44383e+00	2.79388e-02
8.46497e+00	2.77662e-02
8.48610e+00	2.75936e-02
8.50724e+00	2.74209e-02
8.52838e+00	2.72481e-02
8.54951e+00	2.70754e-02
8.57065e+00	2.69025e-02
8.59178e+00	2.67297e-02
8.61292e+00	2.65568e-02
8.63406e+00	2.63839e-02
8.65519e+00	2.62109e-02
8.67633e+00	2.60379e-02
8.69746e+00	2.58650e-02
8.71860e+00	2.56919e-02
8.73974e+00	2.55189e-02
8.76087e+00	2.53459e-02
8.78201e+00	2.51729e-02
8.80314e+00	2.49998e-02
8.82428e+00	2.48268e-02
8.84542e+00	2.46538e-02
8.86655e+00	2.44807e-02
8.88769e+00	2.43077e-02
8.90882e+00	2.41347e-02
8.92996e+00	2.39617e-02
8.95110e+00	2.37888e-02
8.97223e+00	2.36159e-02
8.99337e+00	2.34430e-02
9.01450e+00	2.32702e-02
9.03564e+00	2.30975e-02
9.05678e+00	2.29249e-02
9.07791e+00	2.27523e-02
9.09905e+00	2.25798e-02
9.12018e+00	2.24074e-02
9.14132e+00	2.22350e-02
9.16246e+00	2.20627e-02
9.18359e+00	2.18906e-02
9.20473e+00	2.17185e-02
9.22586e+00	2.15465e-02
9.24700e+00	2.13746e-02
9.26814e+00	2.12029e-02
9.28927e+00	2.10312e-02
9.31041e+00	2.08596e-02
9.33154e+00	2.06882e-02
9.35268e+00	2.05169e-02
9.37382e+00	2.03457e-02
9.39495e+00	2.01747e-02
9.41609e+00	2.00038e-02
9.43722e+00	1.98330e-02
9.45836e+00	1.96624e-02
9.47950e+00	1.94919e-02
9.50063e+00	1.93216e-02
9.52177e+00	1.91514e-02
9.54290e+00	1.89814e-02
9.56404e+00	1.88115e-02
9.58518e+00	1.86418e-02
9.60631e+00	1.84723e-02
9.62745e+00	1.83030e-02
9.64858e+00	1.81338e-02
9.66972e+00	1.79649e-02
9.69086e+00	1.77961e-02
9.71199e+00	1.76275e-02
9.73313e+00	1.74592e-02
9.75426e+00	1.72911e-02
9.77540e+00	1.71232e-02
9.79654e+00	1.69556e-02
9.81767e+00	1.67881e-02
9.83881e+00	1.66209e-02
9.85994e+00	1.64540e-02
9.88108e+00	1.62873e-02
9.90222e+00	1.61208e-02
9.92335e+00	1.59546e-02
9.94449e+00	1.57886e-02
9.96562e+00	1.56229e-02
9.98676e+00	1.54575e-02
1.00079e+01	1.52924e-02
1.00290e+01	1.51272e-02
1.00502e+01	1.49628e-02
1.00713e+01	1.47988e-02
1.00924e+01	1.46353e-02
1.01136e+01	1.44724e-02
1.01347e+01	1.43099e-02
1.01558e+01	1.41480e-02
1.01770e+01	1.39865e-02
1.01981e+01	1.38256e-02
1.02193e+01	1.36652e-02
1.02404e+01	1.35053e-02
1.02615e+01	1.33459e-02
1.02827e+01	1.31871e-02
1.03038e+01	1.30287e-02
1.03249e+01	1.28709e-02
1.03461e+01	1.27136e-02
1.03672e+01	1.25568e-02
1.03883e+01	1.24005e-02
1.04095e+01	1.22447e-02
1.04306e+01	1.20895e-02
1.04518e+01	1.19348e-02
1.04729e+01	1.17806e-02
1.04940e+01	1.16269e-02
1.05152e+01	1.14738e-02
1.05363e+01	1.13212e-02
1.05574e+01	1.11691e-02
1.05786e+01	1.10176e-02
1.05997e+01	1.08666e-02
1.06208e+01	1.07160e-02
1.06420e+01	1.05662e-02
1.06631e+01	1.04172e-02
1.06842e+01	1.02688e-02
1.07054e+01	1.01212e-02
1.07265e+01	9.97427e-03
1.07477e+01	9.82806e-03
1.07688e+01	9.68256e-03
1.07899e+01	9.53777e-03
1.08111e+01	9.39368e-03
1.08322e+01	9.25029e-03
1.08533e+01	9.10760e-03
1.08745e+01	8.96561e-03
1.08956e+01	8.82432e-03
1.09167e+01	8.68372e-03
1.09379e+01	8.54381e-03
1.09590e+01	8.40460e-03
1.09802e+01	8.26607e-03
1.10013e+01	8.12823e-03
1.10224e+01	7.99107e-03
1.10436e+01	7.85460e-03
1.10647e+01	7.71881e-03
1.10858e+01	7.58369e-03
1.11070e+01	7.44926e-03
1.11281e+01	7.31550e-03
1.11492e+01	7.18241e-03
1.11704e+01	7.04999e-03
1.11915e+01	6.91825e-03
1.12126e+01	6.78717e-03
1.12338e+01	6.65676e-03
1.12549e+01	6.52701e-03
1.12761e+01	6.39792e-03
1.12972e+01	6.26950e-03
1.13183e+01	6.14173e-03
1.13395e+01	6.01461e-03
1.13606e+01	5.88815e-03
1.13817e+01	5.76234e-03
1.14029e+01	5.63718e-03
1.14240e+01	5.51267e-03
1.14451e+01	5.38879e-03
1.14663e+01	5.26555e-03
1.14874e+01	5.14294e-03
1.15086e+01	5.02095e-03
1.15297e+01	4.89953e-03
1.15508e+01	4.77863e-03
1.15720e+01	4.65817e-03
1.15931e+01	4.53845e-03
1.16142e+01	4.41964e-03
1.16354e+01	4.30191e-03
1.16565e+01	4.18585e-03
1.16776e+01	4.07231e-03
1.16988e+01	3.96127e-03
1.17199e+01	3.85238e-03
1.17410e+01	3.74524e-03
1.17622e+01	3.63968e-03
1.17833e+01	3.53587e-03
1.18045e+01	3.43386e-03
1.18256e+01	3.33353e-03
1.18467e+01	3.23491e-03
1.18679e+01	3.13998e-03
1.18890e+01	3.04815e-03
1.19101e+01	2.95853e-03
1.19313e+01	2.87085e-03
1.19524e+01	2.78498e-03
1.19735e+01	2.70085e-03
1.19947e+01	2.61843e-03
1.20158e+01	2.53770e-03
1.20370e+01	2.45863e-03
1.20581e+01	2.38122e-03
1.20792e+01	2.30545e-03
1.21004e+01	2.23131e-03
1.21215e+01	2.15877e-03
1.21426e+01	2.08782e-03
1.21638e+01	2.01848e-03
1.21849e+01	1.95073e-03
1.22060e+01	1.88456e-03
1.22272e+01	1.81997e-03
1.22483e+01	1.75696e-03
1.22694e+01	1.69556e-03
1.22906e+01	1.63576e-03
1.23117e+01	1.57758e-03
1.23329e+01	1.52101e-03
1.23540e+01	1.46602e-03
1.23751e+01	1.41259e-03
1.23963e+01	1.36070e-03
1.24174e+01	1.31032e-03
1.24385e+01	1.26145e-03
1.24597e+01	1.21405e-03
1.24808e+01	1.16814e-03
1.25019e+01	1.12368e-03
1.25231e+01	1.08066e-03
1.25442e+01	1.03907e-03
1.25654e+01	9.98865e-04
1.25865e+01	9.60062e-04
1.26076e+01	9.22648e-04
1.26288e+01	8.86593e-04
1.26499e+01	8.51863e-04
1.26710e+01	8.18424e-04
1.26922e+01	7.86242e-04
1.27133e+01	7.55287e-04
1.27344e+01	7.25517e-04
1.27556e+01	6.96893e-04
1.27767e+01	6.69376e-04
1.27978e+01	6.42931e-04
1.28190e+01	6.17527e-04
1.28401e+01	5.93117e-04
1.28613e+01	5.69657e-04
1.28824e+01	5.47076e-04
1.29035e+01	5.25306e-04
1.29247e+01	5.04314e-04
1.29458e+01	4.84148e-04
1.29669e+01	4.64699e-04
1.29881e+01	4.45866e-04
1.30092e+01	4.27619e-04
1.30303e+01	4.10036e-04
1.30515e+01	3.93411e-04
1.30726e+01	3.77871e-04
1.30938e+01	3.63139e-04
1.31149e+01	3.49040e-04
1.31360e+01	3.35428e-04
1.31572e+01	3.22218e-04
1.31783e+01	3.09445e-04
1.31994e+01	2.97177e-04
1.32206e+01	2.85469e-04
1.32417e+01	2.74234e-04
1.32628e+01	2.63409e-04
1.32840e+01	2.52958e-04
1.33051e+01	2.42853e-04
1.33262e+01	2.33070e-04
1.33474e+01	2.23590e-04
1.33685e+01	2.14402e-04
1.33897e+01	2.05495e-04
1.34108e+01	1.96869e-04
1.34319e+01	1.88519e-04
1.34531e+01	1.80446e-04
1.34742e+01	1.72659e-04
1.34953e+01	1.65160e-04
1.35165e+01	1.57932e-04
1.35376e+01	1.50963e-04
1.35587e+01	1.44245e-04
1.35799e+01	1.37774e-04
1.36010e+01	1.31544e-04
1.36222e+01	1.25548e-04
1.36433e+01	1.19780e-04
1.36644e+01	1.14232e-04
1.36856e+01	1.08898e-04
1.37067e+01	1.03771e-04
1.37278e+01	9.88453e-05
1.37490e+01	9.41142e-05
1.37701e+01	8.95716e-05
1.37912e+01	8.52110e-05
1.38124e+01	8.10265e-05
1.38335e+01	7.70122e-05
1.38546e+01	7.31624e-05
1.38758e+01	6.94713e-05
1.38969e+01	6.59341e-05
1.39181e+01	6.25463e-05
1.39392e+01	5.93035e-05
1.39603e+01	5.62015e-05
1.39815e+01	5.32361e-05
1.40026e+01	5.04024e-05
1.40237e+01	4.76967e-05
1.40449e+01	4.51148e-05
1.40660e+01	4.26522e-05
1.40871e+01	4.03049e-05
1.41083e+01	3.80688e-05
1.41294e+01	3.59398e-05
1.41506e+01	3.39140e-05
1.41717e+01	3.19873e-05
1.41928e+01	3.01560e-05
1.42140e+01	2.84163e-05
1.42351e+01	2.67642e-05
1.42562e+01	2.51962e-05
1.42774e+01	2.37091e-05
1.42985e+01	2.22995e-05
1.43196e+01	2.09641e-05
1.43408e+01	1.96998e-05
1.43619e+01	1.85035e-05
1.43830e+01	1.73722e-05
1.44042e+01	1.63028e-05
1.44253e+01	1.52927e-05
1.44465e+01	1.43390e-05
1.44676e+01	1.34390e-05
1.44887e+01	1.25902e-05
1.45099e+01	1.17901e-05
1.45310e+01	1.10362e-05
1.45521e+01	1.03263e-05
1.45733e+01	9.65817e-06
1.45944e+01	9.02961e-06
1.46155e+01	8.43860e-06
1.46367e+01	7.88316e-06
1.46578e+01	7.36141e-06
1.46790e+01	6.87153e-06
1.47001e+01	6.41180e-06
1.47212e+01	5.98058e-06
1.47424e+01	5.57627e-06
1.47635e+01	5.19739e-06
1.47846e+01	4.84248e-06
1.48058e+01	4.51020e-06
1.48269e+01	4.19924e-06
1.48480e+01	3.90837e-06
1.48692e+01	3.63642e-06
1.48903e+01	3.38227e-06
1.49114e+01	3.14487e-06
1.49326e+01	2.92323e-06
1.49537e+01	2.71638e-06
1.49749e+01	2.52345e-06
1.49960e+01	2.34359e-06
1.50171e+01	2.17599e-06
1.50383e+01	2.01987e-06
1.50594e+01	1.87448e-06
1.50805e+01	1.73913e-06
1.51017e+01	1.61314e-06
1.51228e+01	1.49591e-06
1.51439e+01	1.38685e-06
1.51651e+01	1.28541e-06
1.51862e+01	1.19111e-06
1.52074e+01	1.10344e-06
1.52285e+01	1.02198e-06
1.52496e+01	9.46294e-07
1.52708e+01	8.75999e-07
1.52919e+01	8.10727e-07
1.53130e+01	7.50135e-07
1.53342e+01	6.93900e-07
1.53553e+01	6.41724e-07
1.53764e+01	5.93326e-07
1.53976e+01	5.48443e-07
1.54187e+01	5.06831e-07
1.54398e+01	4.68261e-07
1.54610e+01	4.32519e-07
1.54821e+01	3.99406e-07
1.55033e+01	3.68735e-07
1.55244e+01	3.40333e-07
1.55455e+01	3.14037e-07
1.55667e+01	2.89698e-07
1.55878e+01	2.67174e-07
1.56089e+01	2.46334e-07
1.56301e+01	2.27056e-07
1.56512e+01	2.09227e-07
1.56723e+01	1.92740e-07
1.56935e+01	1.77497e-07
1.57146e+01	1.63405e-07
1.57358e+01	1.50380e-07
1.57569e+01	1.38339e-07
1.57780e+01	1.27208e-07
1.57992e+01	1.16922e-07
1.58203e+01	1.07423e-07
1.58414e+01	9.86561e-08
1.58626e+01	9.05694e-08
1.58837e+01	8.31135e-08
1.59048e+01	7.62429e-08
1.59260e+01	6.99145e-08
1.59471e+01	6.40884e-08
1.59682e+01	5.87274e-08
1.59894e+01	5.37971e-08
1.60105e+01	4.92650e-08
1.60317e+01	4.51007e-08
1.60528e+01	4.12758e-08
1.60739e+01	3.77637e-08
1.60951e+01	3.45399e-08
1.61162e+01	3.15817e-08
1.61373e+01	2.88680e-08
1.61585e+01	2.63795e-08
1.61796e+01	2.40982e-08
1.62007e+01	2.20077e-08
1.62219e+01	2.00925e-08
1.62430e+01	1.83384e-08
1.62642e+01	1.67326e-08
1.62853e+01	1.52629e-08
1.63064e+01	1.39182e-08
1.63276e+01	1.26882e-08
1.63487e+01	1.15636e-08
1.63698e+01	1.05355e-08
1.63910e+01	9.59614e-09
1.64121e+01	8.73799e-09
1.64332e+01	7.95428e-09
1.64544e+01	7.23877e-09
1.64755e+01	6.58573e-09
1.64966e+01	5.98986e-09
1.65178e+01	5.44631e-09
1.65389e+01	4.95064e-09
1.65601e+01	4.49878e-09
1.65812e+01	4.08699e-09
1.66023e+01	3.71184e-09
1.66235e+01	3.37018e-09
1.66446e+01	3.05910e-09
1.66657e+01	2.77595e-09
1.66869e+01	2.51832e-09
1.67080e+01	2.28397e-09
1.67291e+01	2.07087e-09
1.67503e+01	1.87713e-09
1.67714e+01	1.70106e-09
1.67926e+01	1.54109e-09
1.68137e+01	1.39580e-09
1.68348e+01	1.26387e-09
1.68560e+01	1.14411e-09
1.68771e+01	1.03543e-09
1.68982e+01	9.36832e-10
1.69194e+01	8.47409e-10
1.69405e+01	7.66328e-10
1.69616e+01	6.92834e-10
1.69828e+01	6.26236e-10
1.70039e+01	5.65906e-10
1.70250e+01	5.11268e-10
1.70462e+01	4.61798e-10
1.70673e+01	4.17020e-10
1.70885e+01	3.76498e-10
1.71096e+01	3.39836e-10
1.71307e+01	3.06675e-10
1.71519e+01	2.76686e-10
1.71730e+01	2.49575e-10
1.71941e+01	2.25069e-10
1.72153e+01	2.02924e-10
1.72364e+01	1.82918e-10
1.72575e+01	1.64849e-10
1.72787e+01	1.48531e-10
1.72998e+01	1.33800e-10
1.73210e+01	1.20504e-10
1.73421e+01	1.08505e-10
1.73632e+01	9.76806e-11
1.73844e+01	8.79168e-11
1.74055e+01	7.91122e-11
1.74266e+01	7.11741e-11
1.74478e+01	6.40190e-11
1.74689e+01	5.75710e-11
1.74900e+01	5.17614e-11
1.75112e+01	4.65283e-11
1.75323e+01	4.18155e-11
1.75534e+01	3.75721e-11
1.75746e+01	3.37523e-11
1.75957e+01	3.03145e-11
1.76169e+01	2.72213e-11
1.76380e+01	2.44387e-11
1.76591e+01	2.19361e-11
1.76803e+01	1.96859e-11
1.77014e+01	1.76629e-11
1.77225e+01	1.58447e-11
1.77437e+01	1.42109e-11
1.77648e+01	1.27431e-11
1.77859e+01	1.14248e-11
1.78071e+01	1.02408e-11
1.78282e+01	9.17790e-12
1.78494e+01	8.22381e-12
1.78705e+01	7.36748e-12
1.78916e+01	6.59907e-12
1.79128e+01	5.90969e-12
1.79339e+01	5.29136e-12
1.79550e+01	4.73688e-12
1.79762e+01	4.23979e-12
1.79973e+01	3.79423e-12
1.80184e+01	3.39495e-12
1.80396e+01	3.03720e-12
1.80607e+01	2.71674e-12
1.80818e+01	2.42971e-12
1.81030e+01	2.17268e-12
1.81241e+01	1.94255e-12
1.81453e+01	1.73654e-12
1.81664e+01	1.55214e-12
1.81875e+01	1.38712e-12
1.82087e+01	1.23944e-12
1.82298e+01	1.10731e-12
1.82509e+01	9.89108e-13
1.82721e+01	8.83385e-13
1.82932e+01	7.88840e-13
1.83143e+01	7.04304e-13
1.83355e+01	6.28731e-13
1.83566e+01	5.61179e-13
1.83778e+01	5.00808e-13
1.83989e+01	4.46862e-13
1.84200e+01	3.98666e-13
1.84412e+01	3.55614e-13
1.84623e+01	3.17163e-13
1.84834e+01	2.82827e-13
1.85046e+01	2.52169e-13
1.85257e+01	2.24799e-13
1.85468e+01	2.00370e-13
1.85680e+01	1.78567e-13
1.85891e+01	1.59113e-13
1.86102e+01	1.41757e-13
1.86314e+01	1.26275e-13
1.86525e+01	1.12467e-13
1.86737e+01	1.00153e-13
1.86948e+01	8.91751e-14
1.87159e+01	7.93885e-14
1.87371e+01	7.06656e-14
1.87582e+01	6.28920e-14
1.87793e+01	5.59655e-14
1.88005e+01	4.97947e-14
1.88216e+01	4.42980e-14
1.88427e+01	3.94027e-14
1.88639e+01	3.50434e-14
1.88850e+01	3.11622e-14
1.89062e+01	2.77071e-14
1.89273e+01	2.46318e-14
1.89484e+01	2.18951e-14
1.89696e+01	1.94600e-14
1.89907e+01	1.72936e-14
1.90118e+01	1.53667e-14
1.90330e+01	1.36529e-14
1.90541e+01	1.21289e-14
1.90752e+01	1.07739e-14
1.90964e+01	9.56918e-15
1.91175e+01	8.49826e-15
1.91386e+01	7.54636e-15
1.91598e+01	6.70036e-15
1.91809e+01	5.94856e-15
1.92021e+01	5.28054e-15
1.92232e+01	4.68705e-15
1.92443e+01	4.15982e-15
1.92655e+01	3.69150e-15
1.92866e+01	3.27557e-15
1.93077e+01	2.90619e-15
1.93289e+01	2.57820e-15
1.93500e+01	2.28699e-15
1.93711e+01	2.02847e-15
1.93923e+01	1.79899e-15
1.94134e+01	1.59531e-15
1.94346e+01	1.41454e-15
1.94557e+01	1.25413e-15
1.94768e+01	1.11181e-15
1.94980e+01	9.85533e-16
1.95191e+01	8.73516e-16
1.95402e+01	7.74154e-16
1.95614e+01	6.86029e-16
1.95825e+01	6.07876e-16
1.96036e+01	5.38574e-16
1.96248e+01	4.77128e-16
1.96459e+01	4.22652e-16
1.96670e+01	3.74362e-16
1.96882e+01	3.31559e-16
1.97093e+01	2.93623e-16
1.97305e+01	2.60005e-16
1.97516e+01	2.30217e-16
1.97727e+01	2.03823e-16
1.97939e+01	1.80441e-16
1.98150e+01	1.59728e-16
1.98361e+01	1.41381e-16
1.98573e+01	1.25133e-16
1.98784e+01	1.10745e-16
1.98995e+01	9.80065e-17
1.99207e+01	8.67245e-17
1.99418e+01	7.67331e-17
1.99630e+01	6.78854e-17
1.99841e+01	6.00515e-17
2.00052e+01	5.31160e-17
2.00264e+01	4.69764e-17
2.00475e+01	4.15419e-17
2.00686e+01	3.67323e-17
2.00898e+01	3.24760e-17
2.01109e+01	2.87099e-17
2.01320e+01	2.53779e-17
2.01532e+01	2.24302e-17
2.01743e+01	1.98229e-17
2.01954e+01	1.75168e-17
2.02166e+01	1.54774e-17
2.02377e+01	1.36741e-17
2.02589e+01	1.20796e-17
2.02800e+01	1.06699e-17
2.03011e+01	9.42374e-18
2.03223e+01	8.32227e-18
2.03434e+01	7.34877e-18
2.03645e+01	6.48848e-18
2.03857e+01	5.72831e-18
2.04068e+01	5.05667e-18
2.04279e+01	4.46331e-18
2.04491e+01	3.93917e-18
2.04702e+01	3.47621e-18
2.04914e+01	3.06734e-18
2.05125e+01	2.70629e-18
2.05336e+01	2.38746e-18
2.05548e+01	2.10594e-18
2.05759e+01	1.85736e-18
2.05970e+01	1.63788e-18
2.06182e+01	1.44409e-18
2.06393e+01	1.27297e-18
2.06604e+01	1.12186e-18
2.06816e+01	9.88410e-19
2.07027e+01	8.70529e-19
2.07238e+01	7.66385e-19
2.07450e+01	6.74350e-19
2.07661e+01	5.92986e-19
2.07873e+01	5.21019e-19
2.08084e+01	4.57322e-19
2.08295e+01	4.00896e-19
2.08507e+01	3.50854e-19
2.08718e+01	3.06411e-19
2.08929e+01	2.66868e-19
2.09141e+01	2.31602e-19
2.09352e+01	2.00058e-19
2.09563e+01	1.71743e-19
2.09775e+01	1.46211e-19
2.09986e+01	1.23066e-19
2.10198e+01	1.01952e-19
2.10409e+01	8.25531e-20
2.10620e+01	6.45931e-20
2.10832e+01	4.78453e-20
2.11043e+01	3.21509e-20
2.11254e+01	1.74468e-20
