# The ell = 0 distribution, the isotropy.
# E_N [Td]	1.00000e+02
# col_1: Electron Energy [eV], col_2: f0 [eV^(-3/2)]
eV	f0
2.38727e-02	5.67148e-02
7.16182e-02	5.66428e-02
1.19364e-01	5.65755e-02
1.67109e-01	5.65128e-02
2.14854e-01	5.64525e-02
2.62600e-01	5.63933e-02
3.10345e-01	5.63343e-02
3.58091e-01	5.62747e-02
4.05836e-01	5.62145e-02
4.53582e-01	5.61533e-02
5.01327e-01	5.60909e-02
5.49073e-01	5.60269e-02
5.96818e-01	5.59611e-02
6.44563e-01	5.58934e-02
6.92309e-01	5.58234e-02
7.40054e-01	5.57508e-02
7.87800e-01	5.56756e-02
8.35545e-01	5.55976e-02
8.83291e-01	5.55166e-02
9.31036e-01	5.54324e-02
9.78782e-01	5.53448e-02
1.02653e+00	5.52539e-02
1.07427e+00	5.51602e-02
1.12202e+00	5.50638e-02
1.16976e+00	5.49648e-02
1.21751e+00	5.48633e-02
1.26525e+00	5.47593e-02
1.31300e+00	5.46530e-02
1.36075e+00	5.45449e-02
1.40849e+00	5.44349e-02
1.45624e+00	5.43234e-02
1.50398e+00	5.42103e-02
1.55173e+00	5.40953e-02
1.59947e+00	5.39792e-02
1.64722e+00	5.38621e-02
1.69496e+00	5.37443e-02
1.74271e+00	5.36259e-02
1.79045e+00	5.35071e-02
1.83820e+00	5.33879e-02
1.88595e+00	5.32683e-02
1.93369e+00	5.31482e-02
1.98144e+00	5.30277e-02
2.02918e+00	5.29065e-02
2.07693e+00	5.27846e-02
2.12467e+00	5.26619e-02
2.17242e+00	5.25383e-02
2.22016e+00	5.24139e-02
2.26791e+00	5.22886e-02
2.31565e+00	5.21623e-02
2.36340e+00	5.20351e-02
2.41114e+00	5.19070e-02
2.45889e+00	5.17779e-02
2.50664e+00	5.16477e-02
2.55438e+00	5.15164e-02
2.60213e+00	5.13840e-02
2.64987e+00	5.12505e-02
2.69762e+00	5.11158e-02
2.74536e+00	5.09800e-02
2.79311e+00	5.08430e-02
2.84085e+00	5.07048e-02
2.88860e+00	5.05655e-02
2.93634e+00	5.04250e-02
2.98409e+00	5.02834e-02
3.03184e+00	5.01406e-02
3.07958e+00	4.99967e-02
3.12733e+00	4.98516e-02
3.17507e+00	4.97055e-02
3.22282e+00	4.95582e-02
3.27056e+00	4.94098e-02
3.31831e+00	4.92603e-02
3.36605e+00	4.91097e-02
3.41380e+00	4.89580e-02
3.46154e+00	4.88053e-02
3.50929e+00	4.86514e-02
3.55704e+00	4.84965e-02
3.60478e+00	4.83406e-02
3.65253e+00	4.81836e-02
3.70027e+00	4.80257e-02
3.74802e+00	4.78667e-02
3.79576e+00	4.77067e-02
3.84351e+00	4.75458e-02
3.89125e+00	4.73839e-02
3.93900e+00	4.72211e-02
3.98674e+00	4.70573e-02
4.03449e+00	4.68924e-02
4.08224e+00	4.67262e-02
4.12998e+00	4.65586e-02
4.17773e+00	4.63896e-02
4.22547e+00	4.62192e-02
4.27322e+00	4.60475e-02
4.32096e+00	4.58744e-02
4.36871e+00	4.57000e-02
4.41645e+00	4.55243e-02
4.46420e+00	4.53473e-02
4.51194e+00	4.51689e-02
4.55969e+00	4.49893e-02
4.60744e+00	4.48085e-02
4.65518e+00	4.46264e-02
4.70293e+00	4.44431e-02
4.75067e+00	4.42586e-02
4.79842e+00	4.40729e-02
4.84616e+00	4.38861e-02
4.89391e+00	4.36981e-02
4.94165e+00	4.35090e-02
4.98940e+00	4.33187e-02
5.03714e+00	4.31273e-02
5.08489e+00	4.29348e-02
5.13264e+00	4.27411e-02
5.18038e+00	4.25463e-02
5.22813e+00	4.23503e-02
5.27587e+00	4.21532e-02
5.32362e+00	4.19550e-02
5.37136e+00	4.17558e-02
5.41911e+00	4.15555e-02
5.46685e+00	4.13542e-02
5.51460e+00	4.11518e-02
5.56234e+00	4.09485e-02
5.61009e+00	4.07441e-02
5.65784e+00	4.05388e-02
5.70558e+00	4.03326e-02
5.75333e+00	4.01254e-02
5.80107e+00	3.99174e-02
5.84882e+00	3.97084e-02
5.89656e+00	3.94986e-02
5.94431e+00	3.92879e-02
5.99205e+00	3.90764e-02
6.03980e+00	3.88641e-02
6.08754e+00	3.86511e-02
6.13529e+00	3.84374e-02
6.18303e+00	3.82230e-02
6.23078e+00	3.80079e-02
6.27853e+00	3.77922e-02
6.32627e+00	3.75759e-02
6.37402e+00	3.73590e-02
6.42176e+00	3.71414e-02
6.46951e+00	3.69233e-02
6.51725e+00	3.67047e-02
6.56500e+00	3.64854e-02
6.61274e+00	3.62656e-02
6.66049e+00	3.60453e-02
6.70823e+00	3.58245e-02
6.75598e+00	3.56031e-02
6.80373e+00	3.53813e-02
6.85147e+00	3.51589e-02
6.89922e+00	3.49361e-02
6.94696e+00	3.47129e-02
6.99471e+00	3.44892e-02
7.04245e+00	3.42653e-02
7.09020e+00	3.40411e-02
7.13794e+00	3.38167e-02
7.18569e+00	3.35922e-02
7.23343e+00	3.33676e-02
7.28118e+00	3.31428e-02
7.32893e+00	3.29179e-02
7.37667e+00	3.26930e-02
7.42442e+00	3.24679e-02
7.47216e+00	3.22427e-02
7.51991e+00	3.20174e-02
7.56765e+00	3.17921e-02
7.61540e+00	3.15667e-02
7.66314e+00	3.13412e-02
7.71089e+00	3.11156e-02
7.75863e+00	3.08900e-02
7.80638e+00	3.06644e-02
7.85413e+00	3.04387e-02
7.90187e+00	3.02129e-02
7.94962e+00	2.99871e-02
7.99736e+00	2.97613e-02
8.04511e+00	2.95355e-02
8.09285e+00	2.93096e-02
8.14060e+00	2.90837e-02
8.18834e+00	2.88578e-02
8.23609e+00	2.86318e-02
8.28383e+00	2.84059e-02
8.33158e+00	2.81799e-02
8.37933e+00	2.79539e-02
8.42707e+00	2.77280e-02
8.47482e+00	2.75020e-02
8.52256e+00	2.72760e-02
8.57031e+00	2.70501e-02
8.61805e+00	2.68241e-02
8.66580e+00	2.65982e-02
8.71354e+00	2.63722e-02
8.76129e+00	2.61463e-02
8.80903e+00	2.59204e-02
8.85678e+00	2.56945e-02
8.90453e+00	2.54687e-02
8.95227e+00	2.52428e-02
9.00002e+00	2.50171e-02
9.04776e+00	2.47914e-02
9.09551e+00	2.45658e-02
9.14325e+00	2.43403e-02
9.19100e+00	2.41149e-02
9.23874e+00	2.38896e-02
9.28649e+00	2.36644e-02
9.33423e+00	2.34392e-02
9.38198e+00	2.32142e-02
9.42973e+00	2.29893e-02
9.47747e+00	2.27645e-02
9.52522e+00	2.25398e-02
9.57296e+00	2.23152e-02
9.62071e+00	2.20908e-02
9.66845e+00	2.18664e-02
9.71620e+00	2.16422e-02
9.76394e+00	2.14181e-02
9.81169e+00	2.11942e-02
9.85943e+00	2.09704e-02
9.90718e+00	2.07468e-02
9.95492e+00	2.05233e-02
1.00027e+01	2.03000e-02
1.00504e+01	2.00768e-02
1.00982e+01	1.98543e-02
1.01459e+01	1.96324e-02
1.01937e+01	1.94113e-02
1.02414e+01	1.91909e-02
1.02891e+01	1.89711e-02
1.03369e+01	1.87520e-02
1.03846e+01	1.85335e-02
1.04324e+01	1.83158e-02
1.04801e+01	1.80986e-02
1.05279e+01	1.78822e-02
1.05756e+01	1.76663e-02
1.06234e+01	1.74511e-02
1.06711e+01	1.72369e-02
1.07189e+01	1.70237e-02
1.07666e+01	1.68117e-02
1.08143e+01	1.66008e-02
1.08621e+01	1.63909e-02
1.09098e+01	1.61821e-02
1.09576e+01	1.59744e-02
1.10053e+01	1.57677e-02
1.10531e+01	1.55620e-02
1.11008e+01	1.53574e-02
1.11486e+01	1.51538e-02
1.11963e+01	1.49511e-02
1.12441e+01	1.47495e-02
1.12918e+01	1.45488e-02
1.13395e+01	1.43489e-02
1.13873e+01	1.41500e-02
1.14350e+01	1.39520e-02
1.14828e+01	1.37547e-02
1.15305e+01	1.35582e-02
1.15783e+01	1.33624e-02
1.16260e+01	1.31673e-02
1.16738e+01	1.29730e-02
1.17215e+01	1.27803e-02
1.17693e+01	1.25889e-02
1.18170e+01	1.23987e-02
1.18647e+01	1.22097e-02
1.19125e+01	1.20227e-02
1.19602e+01	1.18372e-02
1.20080e+01	1.16531e-02
1.20557e+01	1.14701e-02
1.21035e+01	1.12884e-02
1.21512e+01	1.11078e-02
1.21990e+01	1.09285e-02
1.22467e+01	1.07504e-02
1.22945e+01	1.05737e-02
1.23422e+01	1.03984e-02
1.23899e+01	1.02245e-02
1.24377e+01	1.00520e-02
1.24854e+01	9.88110e-03
1.25332e+01	9.71175e-03
1.25809e+01	9.54400e-03
1.26287e+01	9.37814e-03
1.26764e+01	9.21425e-03
1.27242e+01	9.05236e-03
1.27719e+01	8.89245e-03
1.28197e+01	8.73451e-03
1.28674e+01	8.57851e-03
1.29151e+01	8.42431e-03
1.29629e+01	8.27187e-03
1.30106e+01	8.12097e-03
1.30584e+01	7.97160e-03
1.31061e+01	7.82512e-03
1.31539e+01	7.68064e-03
1.32016e+01	7.53753e-03
1.32494e+01	7.39627e-03
1.32971e+01	7.25652e-03
1.33449e+01	7.11805e-03
1.33926e+01	6.98075e-03
1.34403e+01	6.84460e-03
1.34881e+01	6.70968e-03
1.35358e+01	6.57616e-03
1.35836e+01	6.44401e-03
1.36313e+01	6.31327e-03
1.36791e+01	6.18395e-03
1.37268e+01	6.05606e-03
1.37746e+01	5.92961e-03
1.38223e+01	5.80461e-03
1.38701e+01	5.68104e-03
1.39178e+01	5.55892e-03
1.39655e+01	5.43826e-03
1.40133e+01	5.31910e-03
1.40610e+01	5.20146e-03
1.41088e+01	5.08540e-03
1.41565e+01	4.97094e-03
1.42043e+01	4.85810e-03
1.42520e+01	4.74690e-03
1.42998e+01	4.63735e-03
1.43475e+01	4.52947e-03
1.43953e+01	4.42329e-03
1.44430e+01	4.31881e-03
1.44907e+01	4.21605e-03
1.45385e+01	4.11501e-03
1.45862e+01	4.01570e-03
1.46340e+01	3.91812e-03
1.46817e+01	3.82228e-03
1.47295e+01	3.72818e-03
1.47772e+01	3.63580e-03
1.48250e+01	3.54516e-03
1.48727e+01	3.45625e-03
1.49205e+01	3.36906e-03
1.49682e+01	3.28359e-03
1.50159e+01	3.19984e-03
1.50637e+01	3.11779e-03
1.51114e+01	3.03743e-03
1.51592e+01	2.95872e-03
1.52069e+01	2.88165e-03
1.52547e+01	2.80617e-03
1.53024e+01	2.73228e-03
1.53502e+01	2.65994e-03
1.53979e+01	2.58912e-03
1.54457e+01	2.51981e-03
1.54934e+01	2.45197e-03
1.55411e+01	2.38559e-03
1.55889e+01	2.32062e-03
1.56366e+01	2.25705e-03
1.56844e+01	2.19486e-03
1.57321e+01	2.13400e-03
1.57799e+01	2.07445e-03
1.58276e+01	2.01617e-03
1.58754e+01	1.95917e-03
1.59231e+01	1.90344e-03
1.59709e+01	1.84898e-03
1.60186e+01	1.79578e-03
1.60663e+01	1.74385e-03
1.61141e+01	1.69316e-03
1.61618e+01	1.64370e-03
1.62096e+01	1.59545e-03
1.62573e+01	1.54839e-03
1.63051e+01	1.50250e-03
1.63528e+01	1.45775e-03
1.64006e+01	1.41414e-03
1.64483e+01	1.37164e-03
1.64961e+01	1.33023e-03
1.65438e+01	1.28989e-03
1.65915e+01	1.25059e-03
1.66393e+01	1.21234e-03
1.66870e+01	1.17509e-03
1.67348e+01	1.13884e-03
1.67825e+01	1.10357e-03
1.68303e+01	1.06925e-03
1.68780e+01	1.03587e-03
1.69258e+01	1.00342e-03
1.69735e+01	9.71863e-04
1.70213e+01	9.41192e-04
1.70690e+01	9.11387e-04
1.71167e+01	8.82428e-04
1.71645e+01	8.54296e-04
1.72122e+01	8.26972e-04
1.72600e+01	8.00437e-04
1.73077e+01	7.74673e-04
1.73555e+01	7.49661e-04
1.74032e+01	7.25382e-04
1.74510e+01	7.01820e-04
1.74987e+01	6.78957e-04
1.75465e+01	6.56775e-04
1.75942e+01	6.35258e-04
1.76419e+01	6.14389e-04
1.76897e+01	5.94153e-04
1.77374e+01	5.74534e-04
1.77852e+01	5.55516e-04
1.78329e+01	5.37085e-04
1.78807e+01	5.19223e-04
1.79284e+01	5.01914e-04
1.79762e+01	4.85142e-04
1.80239e+01	4.68896e-04
1.80717e+01	4.53160e-04
1.81194e+01	4.37922e-04
1.81671e+01	4.23167e-04
1.82149e+01	4.08879e-04
1.82626e+01	3.95044e-04
1.83104e+01	3.81647e-04
1.83581e+01	3.68677e-04
1.84059e+01	3.56121e-04
1.84536e+01	3.43967e-04
1.85014e+01	3.32203e-04
1.85491e+01	3.20818e-04
1.85969e+01	3.09801e-04
1.86446e+01	2.99141e-04
1.86923e+01	2.88828e-04
1.87401e+01	2.78851e-04
1.87878e+01	2.69202e-04
1.88356e+01	2.59869e-04
1.88833e+01	2.50845e-04
1.89311e+01	2.42120e-04
1.89788e+01	2.33685e-04
1.90266e+01	2.25532e-04
1.90743e+01	2.17653e-04
1.91220e+01	2.10039e-04
1.91698e+01	2.02681e-04
1.92175e+01	1.95572e-04
1.92653e+01	1.88704e-04
1.93130e+01	1.82070e-04
1.93608e+01	1.75661e-04
1.94085e+01	1.69470e-04
1.94563e+01	1.63491e-04
1.95040e+01	1.57717e-04
1.95518e+01	1.52142e-04
1.95995e+01	1.46759e-04
1.96472e+01	1.41561e-04
1.96950e+01	1.36544e-04
1.97427e+01	1.31701e-04
1.97905e+01	1.27027e-04
1.98382e+01	1.22517e-04
1.98860e+01	1.18165e-04
1.99337e+01	1.13964e-04
1.99815e+01	1.09908e-04
2.00292e+01	1.05991e-04
2.00770e+01	1.02209e-04
2.01247e+01	9.85575e-05
2.01724e+01	9.50321e-05
2.02202e+01	9.16288e-05
2.02679e+01	8.83436e-05
2.03157e+01	8.51725e-05
2.03634e+01	8.21118e-05
2.04112e+01	7.91580e-05
2.04589e+01	7.63075e-05
2.05067e+01	7.35570e-05
2.05544e+01	7.09033e-05
2.06022e+01	6.83432e-05
2.06499e+01	6.58736e-05
2.06976e+01	6.34908e-05
2.07454e+01	6.11920e-05
2.07931e+01	5.89742e-05
2.08409e+01	5.68347e-05
2.08886e+01	5.47709e-05
2.09364e+01	5.27801e-05
2.09841e+01	5.08598e-05
2.10319e+01	4.90078e-05
2.10796e+01	4.72216e-05
2.11274e+01	4.54989e-05
2.11751e+01	4.38377e-05
2.12228e+01	4.22357e-05
2.12706e+01	4.06909e-05
2.13183e+01	3.92014e-05
2.13661e+01	3.77651e-05
2.14138e+01	3.63802e-05
2.14616e+01	3.50450e-05
2.15093e+01	3.37576e-05
2.15571e+01	3.25166e-05
2.16048e+01	3.13201e-05
2.16526e+01	3.01667e-05
2.17003e+01	2.90550e-05
2.17480e+01	2.79834e-05
2.17958e+01	2.69506e-05
2.18435e+01	2.59552e-05
2.18913e+01	2.49960e-05
2.19390e+01	2.40717e-05
2.19868e+01	2.31811e-05
2.20345e+01	2.23231e-05
2.20823e+01	2.14965e-05
2.21300e+01	2.07003e-05
2.21778e+01	1.99333e-05
2.22255e+01	1.91945e-05
2.22732e+01	1.84827e-05
2.23210e+01	1.77971e-05
2.23687e+01	1.71367e-05
2.24165e+01	1.65005e-05
2.24642e+01	1.58877e-05
2.25120e+01	1.52974e-05
2.25597e+01	1.47288e-05
2.26075e+01	1.41810e-05
2.26552e+01	1.36534e-05
2.27030e+01	1.31452e-05
2.27507e+01	1.26557e-05
2.27984e+01	1.21843e-05
2.28462e+01	1.17303e-05
2.28939e+01	1.12930e-05
2.29417e+01	1.08718e-05
2.29894e+01	1.04663e-05
2.30372e+01	1.00758e-05
2.30849e+01	9.69970e-06
2.31327e+01	9.33759e-06
2.31804e+01	8.98891e-06
2.32282e+01	8.65317e-06
2.32759e+01	8.32990e-06
2.33236e+01	8.01863e-06
2.33714e+01	7.71893e-06
2.34191e+01	7.43036e-06
2.34669e+01	7.15252e-06
2.35146e+01	6.88501e-06
2.35624e+01	6.62746e-06
2.36101e+01	6.37950e-06
2.36579e+01	6.14076e-06
2.37056e+01	5.91092e-06
2.37534e+01	5.68965e-06
2.38011e+01	5.47662e-06
2.38488e+01	5.27153e-06
2.38966e+01	5.07409e-06
2.39443e+01	4.88402e-06
2.39921e+01	4.70105e-06
2.40398e+01	4.52490e-06
2.40876e+01	4.35534e-06
2.41353e+01	4.19211e-06
2.41831e+01	4.03499e-06
2.42308e+01	3.88374e-06
2.42786e+01	3.73815e-06
2.43263e+01	3.59802e-06
2.43740e+01	3.46314e-06
2.44218e+01	3.33332e-06
2.44695e+01	3.20837e-06
2.45173e+01	3.08811e-06
2.45650e+01	2.97238e-06
2.46128e+01	2.86099e-06
2.46605e+01	2.75380e-06
2.47083e+01	2.65065e-06
2.47560e+01	2.55137e-06
2.48038e+01	2.45582e-06
2.48515e+01	2.36386e-06
2.48992e+01	2.27535e-06
2.49470e+01	2.19017e-06
2.49947e+01	2.10819e-06
2.50425e+01	2.02931e-06
2.50902e+01	1.95340e-06
2.51380e+01	1.88035e-06
2.51857e+01	1.81006e-06
2.52335e+01	1.74240e-06
2.52812e+01	1.67726e-06
2.53290e+01	1.61454e-06
2.53767e+01	1.55417e-06
2.54244e+01	1.49604e-06
2.54722e+01	1.44007e-06
2.55199e+01	1.38619e-06
2.55677e+01	1.33431e-06
2.56154e+01	1.28436e-06
2.56632e+01	1.23626e-06
2.57109e+01	1.18996e-06
2.57587e+01	1.14538e-06
2.58064e+01	1.10245e-06
2.58542e+01	1.06113e-06
2.59019e+01	1.02135e-06
2.59496e+01	9.83059e-07
2.59974e+01	9.46196e-07
2.60451e+01	9.10715e-07
2.60929e+01	8.76564e-07
2.61406e+01	8.43693e-07
2.61884e+01	8.12054e-07
2.62361e+01	7.81602e-07
2.62839e+01	7.52291e-07
2.63316e+01	7.24079e-07
2.63794e+01	6.96925e-07
2.64271e+01	6.70788e-07
2.64748e+01	6.45631e-07
2.65226e+01	6.21417e-07
2.65703e+01	5.98110e-07
2.66181e+01	5.75676e-07
2.66658e+01	5.54084e-07
2.67136e+01	5.33301e-07
2.67613e+01	5.13297e-07
2.68091e+01	4.94043e-07
2.68568e+01	4.75510e-07
2.69046e+01	4.57672e-07
2.69523e+01	4.40503e-07
2.70000e+01	4.23978e-07
2.70478e+01	4.08072e-07
2.70955e+01	3.92762e-07
2.71433e+01	3.78027e-07
2.71910e+01	3.63844e-07
2.72388e+01	3.50193e-07
2.72865e+01	3.37053e-07
2.73343e+01	3.24407e-07
2.73820e+01	3.12235e-07
2.74298e+01	3.00519e-07
2.74775e+01	2.89243e-07
2.75252e+01	2.78390e-07
2.75730e+01	2.67944e-07
2.76207e+01	2.57890e-07
2.76685e+01	2.48213e-07
2.77162e+01	2.38898e-07
2.77640e+01	2.29934e-07
2.78117e+01	2.21305e-07
2.78595e+01	2.13001e-07
2.79072e+01	2.05007e-07
2.79550e+01	1.97314e-07
2.80027e+01	1.89909e-07
2.80504e+01	1.82782e-07
2.80982e+01	1.75922e-07
2.81459e+01	1.69319e-07
2.81937e+01	1.62964e-07
2.82414e+01	1.56848e-07
2.82892e+01	1.50961e-07
2.83369e+01	1.45295e-07
2.83847e+01	1.39841e-07
2.84324e+01	1.34592e-07
2.84802e+01	1.29541e-07
2.85279e+01	1.24679e-07
2.85756e+01	1.19999e-07
2.86234e+01	1.15496e-07
2.86711e+01	1.11161e-07
2.87189e+01	1.06990e-07
2.87666e+01	1.02975e-07
2.88144e+01	9.91109e-08
2.88621e+01	9.53922e-08
2.89099e+01	9.18134e-08
2.89576e+01	8.83691e-08
2.90054e+01	8.50544e-08
2.90531e+01	8.18643e-08
2.91008e+01	7.87943e-08
2.91486e+01	7.58397e-08
2.91963e+01	7.29964e-08
2.92441e+01	7.02601e-08
2.92918e+01	6.76268e-08
2.93396e+01	6.50927e-08
2.93873e+01	6.26540e-08
2.94351e+01	6.03072e-08
2.94828e+01	5.80489e-08
2.95306e+01	5.58757e-08
2.95783e+01	5.37845e-08
2.96260e+01	5.17720e-08
2.96738e+01	4.98352e-08
2.97215e+01	4.79714e-08
2.97693e+01	4.61779e-08
2.98170e+01	4.44519e-08
2.98648e+01	4.27911e-08
2.99125e+01	4.11930e-08
2.99603e+01	3.96552e-08
3.00080e+01	3.81756e-08
3.00558e+01	3.67520e-08
3.01035e+01	3.53822e-08
3.01512e+01	3.40637e-08
3.01990e+01	3.27946e-08
3.02467e+01	3.15728e-08
3.02945e+01	3.03967e-08
3.03422e+01	2.92644e-08
3.03900e+01	2.81744e-08
3.04377e+01	2.71250e-08
3.04855e+01	2.61148e-08
3.05332e+01	2.51422e-08
3.05810e+01	2.42058e-08
3.06287e+01	2.33044e-08
3.06764e+01	2.24364e-08
3.07242e+01	2.16008e-08
3.07719e+01	2.07964e-08
3.08197e+01	2.00218e-08
3.08674e+01	1.92761e-08
3.09152e+01	1.85582e-08
3.09629e+01	1.78669e-08
3.10107e+01	1.72014e-08
3.10584e+01	1.65607e-08
3.11062e+01	1.59438e-08
3.11539e+01	1.53499e-08
3.12016e+01	1.47781e-08
3.12494e+01	1.42276e-08
3.12971e+01	1.36975e-08
3.13449e+01	1.31872e-08
3.13926e+01	1.26959e-08
3.14404e+01	1.22228e-08
3.14881e+01	1.17674e-08
3.15359e+01	1.13289e-08
3.15836e+01	1.09068e-08
3.16314e+01	1.05004e-08
3.16791e+01	1.01091e-08
3.17268e+01	9.73240e-09
3.17746e+01	9.36972e-09
3.18223e+01	9.02055e-09
3.18701e+01	8.68439e-09
3.19178e+01	8.36075e-09
3.19656e+01	8.04918e-09
3.20133e+01	7.74921e-09
3.20611e+01	7.46042e-09
3.21088e+01	7.18240e-09
3.21566e+01	6.91475e-09
3.22043e+01	6.65708e-09
3.22520e+01	6.40902e-09
3.22998e+01	6.17021e-09
3.23475e+01	5.94030e-09
3.23953e+01	5.71897e-09
3.24430e+01	5.50588e-09
3.24908e+01	5.30074e-09
3.25385e+01	5.10326e-09
3.25863e+01	4.91313e-09
3.26340e+01	4.73009e-09
3.26818e+01	4.55388e-09
3.27295e+01	4.38423e-09
3.27772e+01	4.22091e-09
3.28250e+01	4.06368e-09
3.28727e+01	3.91232e-09
3.29205e+01	3.76659e-09
3.29682e+01	3.62630e-09
3.30160e+01	3.49124e-09
3.30637e+01	3.36121e-09
3.31115e+01	3.23604e-09
3.31592e+01	3.11552e-09
3.32070e+01	2.99951e-09
3.32547e+01	2.88781e-09
3.33024e+01	2.78029e-09
3.33502e+01	2.67677e-09
3.33979e+01	2.57711e-09
3.34457e+01	2.48116e-09
3.34934e+01	2.38880e-09
3.35412e+01	2.29987e-09
3.35889e+01	2.21427e-09
3.36367e+01	2.13185e-09
3.36844e+01	2.05251e-09
3.37322e+01	1.97613e-09
3.37799e+01	1.90260e-09
3.38276e+01	1.83181e-09
3.38754e+01	1.76366e-09
3.39231e+01	1.69806e-09
3.39709e+01	1.63490e-09
3.40186e+01	1.57410e-09
3.40664e+01	1.51557e-09
3.41141e+01	1.45923e-09
3.41619e+01	1.40499e-09
3.42096e+01	1.35278e-09
3.42574e+01	1.30251e-09
3.43051e+01	1.25412e-09
3.43528e+01	1.20753e-09
3.44006e+01	1.16268e-09
3.44483e+01	1.11951e-09
3.44961e+01	1.07794e-09
3.45438e+01	1.03793e-09
3.45916e+01	9.99403e-10
3.46393e+01	9.62315e-10
3.46871e+01	9.26609e-10
3.47348e+01	8.92234e-10
3.47826e+01	8.59139e-10
3.48303e+01	8.27277e-10
3.48780e+01	7.96602e-10
3.49258e+01	7.67069e-10
3.49735e+01	7.38635e-10
3.50213e+01	7.11259e-10
3.50690e+01	6.84901e-10
3.51168e+01	6.59524e-10
3.51645e+01	6.35091e-10
3.52123e+01	6.11567e-10
3.52600e+01	5.88918e-10
3.53078e+01	5.67111e-10
3.53555e+01	5.46114e-10
3.54032e+01	5.25899e-10
3.54510e+01	5.06435e-10
3.54987e+01	4.87695e-10
3.55465e+01	4.69651e-10
3.55942e+01	4.52279e-10
3.56420e+01	4.35552e-10
3.56897e+01	4.19447e-10
3.57375e+01	4.03941e-10
3.57852e+01	3.89012e-10
3.58330e+01	3.74637e-10
3.58807e+01	3.60797e-10
3.59284e+01	3.47472e-10
3.59762e+01	3.34642e-10
3.60239e+01	3.22289e-10
3.60717e+01	3.10397e-10
3.61194e+01	2.98948e-10
3.61672e+01	2.87926e-10
3.62149e+01	2.77314e-10
3.62627e+01	2.67097e-10
3.63104e+01	2.57260e-10
3.63582e+01	2.47789e-10
3.64059e+01	2.38671e-10
3.64536e+01	2.29891e-10
3.65014e+01	2.21437e-10
3.65491e+01	2.13297e-10
3.65969e+01	2.05459e-10
3.66446e+01	1.97912e-10
3.66924e+01	1.90645e-10
3.67401e+01	1.83648e-10
3.67879e+01	1.76909e-10
3.68356e+01	1.70421e-10
3.68834e+01	1.64172e-10
3.69311e+01	1.58156e-10
3.69788e+01	1.52361e-10
3.70266e+01	1.46782e-10
3.70743e+01	1.41408e-10
3.71221e+01	1.36234e-10
3.71698e+01	1.31250e-10
3.72176e+01	1.26451e-10
3.72653e+01	1.21830e-10
3.73131e+01	1.17379e-10
3.73608e+01	1.13092e-10
3.74086e+01	1.08964e-10
3.74563e+01	1.04988e-10
3.75040e+01	1.01159e-10
3.75518e+01	9.74712e-11
3.75995e+01	9.39191e-11
3.76473e+01	9.04979e-11
3.76950e+01	8.72027e-11
3.77428e+01	8.40288e-11
3.77905e+01	8.09718e-11
3.78383e+01	7.80272e-11
3.78860e+01	7.51909e-11
3.79338e+01	7.24590e-11
3.79815e+01	6.98274e-11
3.80292e+01	6.72925e-11
3.80770e+01	6.48508e-11
3.81247e+01	6.24987e-11
3.81725e+01	6.02330e-11
3.82202e+01	5.80504e-11
3.82680e+01	5.59480e-11
3.83157e+01	5.39227e-11
3.83635e+01	5.19716e-11
3.84112e+01	5.00922e-11
3.84590e+01	4.82818e-11
3.85067e+01	4.65379e-11
3.85544e+01	4.48578e-11
3.86022e+01	4.32393e-11
3.86499e+01	4.16801e-11
3.86977e+01	4.01779e-11
3.87454e+01	3.87307e-11
3.87932e+01	3.73365e-11
3.88409e+01	3.59931e-11
3.88887e+01	3.46989e-11
3.89364e+01	3.34519e-11
3.89842e+01	3.22504e-11
3.90319e+01	3.10928e-11
3.90796e+01	2.99774e-11
3.91274e+01	2.89026e-11
3.91751e+01	2.78670e-11
3.92229e+01	2.68691e-11
3.92706e+01	2.59076e-11
3.93184e+01	2.49810e-11
3.93661e+01	2.40881e-11
3.94139e+01	2.32277e-11
3.94616e+01	2.23986e-11
3.95094e+01	2.15997e-11
3.95571e+01	2.08297e-11
3.96048e+01	2.00878e-11
3.96526e+01	1.93728e-11
3.97003e+01	1.86837e-11
3.97481e+01	1.80197e-11
3.97958e+01	1.73798e-11
3.98436e+01	1.67632e-11
3.98913e+01	1.61690e-11
3.99391e+01	1.55963e-11
3.99868e+01	1.50445e-11
4.00346e+01	1.45126e-11
4.00823e+01	1.39997e-11
4.01300e+01	1.35053e-11
4.01778e+01	1.30285e-11
4.02255e+01	1.25688e-11
4.02733e+01	1.21255e-11
4.03210e+01	1.16981e-11
4.03688e+01	1.12859e-11
4.04165e+01	1.08884e-11
4.04643e+01	1.05051e-11
4.05120e+01	1.01354e-11
4.05598e+01	9.77893e-12
4.06075e+01	9.43509e-12
4.06552e+01	9.10347e-12
4.07030e+01	8.78364e-12
4.07507e+01	8.47515e-12
4.07985e+01	8.17761e-12
4.08462e+01	7.89062e-12
4.08940e+01	7.61381e-12
4.09417e+01	7.34680e-12
4.09895e+01	7.08925e-12
4.10372e+01	6.84081e-12
4.10850e+01	6.60116e-12
4.11327e+01	6.36999e-12
4.11804e+01	6.14699e-12
4.12282e+01	5.93187e-12
4.12759e+01	5.72435e-12
4.13237e+01	5.52415e-12
4.13714e+01	5.33102e-12
4.14192e+01	5.14470e-12
4.14669e+01	4.96496e-12
4.15147e+01	4.79154e-12
4.15624e+01	4.62424e-12
4.16102e+01	4.46283e-12
4.16579e+01	4.30710e-12
4.17056e+01	4.15685e-12
4.17534e+01	4.01189e-12
4.18011e+01	3.87202e-12
4.18489e+01	3.73707e-12
4.18966e+01	3.60686e-12
4.19444e+01	3.48123e-12
4.19921e+01	3.36000e-12
4.20399e+01	3.24304e-12
4.20876e+01	3.13017e-12
4.21354e+01	3.02127e-12
4.21831e+01	2.91618e-12
4.22308e+01	2.81478e-12
4.22786e+01	2.71692e-12
4.23263e+01	2.62250e-12
4.23741e+01	2.53138e-12
4.24218e+01	2.44345e-12
4.24696e+01	2.35859e-12
4.25173e+01	2.27671e-12
4.25651e+01	2.19768e-12
4.26128e+01	2.12142e-12
4.26606e+01	2.04782e-12
4.27083e+01	1.97679e-12
4.27560e+01	1.90823e-12
4.28038e+01	1.84207e-12
4.28515e+01	1.77822e-12
4.28993e+01	1.71660e-12
4.29470e+01	1.65712e-12
4.29948e+01	1.59972e-12
4.30425e+01	1.54431e-12
4.30903e+01	1.49083e-12
4.31380e+01	1.43922e-12
4.31858e+01	1.38939e-12
4.32335e+01	1.34130e-12
4.32812e+01	1.29488e-12
4.33290e+01	1.25007e-12
4.33767e+01	1.20682e-12
4.34245e+01	1.16506e-12
4.34722e+01	1.12475e-12
4.35200e+01	1.08584e-12
4.35677e+01	1.04827e-12
4.36155e+01	1.01200e-12
4.36632e+01	9.76984e-13
4.37110e+01	9.43178e-13
4.37587e+01	9.10539e-13
4.38064e+01	8.79025e-13
4.38542e+01	8.48597e-13
4.39019e+01	8.19217e-13
4.39497e+01	7.90847e-13
4.39974e+01	7.63451e-13
4.40452e+01	7.36996e-13
4.40929e+01	7.11449e-13
4.41407e+01	6.86776e-13
4.41884e+01	6.62948e-13
4.42362e+01	6.39934e-13
4.42839e+01	6.17706e-13
4.43316e+01	5.96236e-13
4.43794e+01	5.75497e-13
4.44271e+01	5.55463e-13
4.44749e+01	5.36110e-13
4.45226e+01	5.17412e-13
4.45704e+01	4.99348e-13
4.46181e+01	4.81894e-13
4.46659e+01	4.65029e-13
4.47136e+01	4.48731e-13
4.47614e+01	4.32982e-13
4.48091e+01	4.17760e-13
4.48568e+01	4.03047e-13
4.49046e+01	3.88826e-13
4.49523e+01	3.75078e-13
4.50001e+01	3.61787e-13
4.50478e+01	3.48935e-13
4.50956e+01	3.36508e-13
4.51433e+01	3.24490e-13
4.51911e+01	3.12867e-13
4.52388e+01	3.01623e-13
4.52866e+01	2.90745e-13
4.53343e+01	2.80221e-13
4.53820e+01	2.70036e-13
4.54298e+01	2.60179e-13
4.54775e+01	2.50638e-13
4.55253e+01	2.41400e-13
4.55730e+01	2.32456e-13
4.56208e+01	2.23793e-13
4.56685e+01	2.15402e-13
4.57163e+01	2.07272e-13
4.57640e+01	1.99393e-13
4.58118e+01	1.91757e-13
4.58595e+01	1.84353e-13
4.59072e+01	1.77173e-13
4.59550e+01	1.70209e-13
4.60027e+01	1.63451e-13
4.60505e+01	1.56893e-13
4.60982e+01	1.50526e-13
4.61460e+01	1.44342e-13
4.61937e+01	1.38335e-13
4.62415e+01	1.32496e-13
4.62892e+01	1.26820e-13
4.63370e+01	1.21299e-13
4.63847e+01	1.15926e-13
4.64324e+01	1.10697e-13
4.64802e+01	1.05604e-13
4.65279e+01	1.00641e-13
4.65757e+01	9.58033e-14
4.66234e+01	9.10850e-14
4.66712e+01	8.64807e-14
4.67189e+01	8.19852e-14
4.67667e+01	7.75934e-14
4.68144e+01	7.33006e-14
4.68622e+01	6.91020e-14
4.69099e+01	6.49931e-14
4.69576e+01	6.09694e-14
4.70054e+01	5.70268e-14
4.70531e+01	5.31611e-14
4.71009e+01	4.93685e-14
4.71486e+01	4.56451e-14
4.71964e+01	4.19874e-14
4.72441e+01	3.83920e-14
4.72919e+01	3.48556e-14
4.73396e+01	3.13751e-14
4.73874e+01	2.79477e-14
4.74351e+01	2.45706e-14
4.74828e+01	2.12415e-14
4.75306e+01	1.79580e-14
4.75783e+01	1.47183e-14
4.76261e+01	1.15205e-14
4.76738e+01	8.36335e-15
4.77216e+01	5.24564e-15
