# The ell = 0 distribution, the isotropy.
# E_N [Td]	1.50000e+02
# col_1: Electron Energy [eV], col_2: f0 [eV^(-3/2)]
eV	f0
3.29909e-02	5.19912e-02
9.89728e-02	5.19386e-02
1.64955e-01	5.18881e-02
2.30937e-01	5.18393e-02
2.96919e-01	5.17898e-02
3.62900e-01	5.17385e-02
4.28882e-01	5.16848e-02
4.94864e-01	5.16282e-02
5.60846e-01	5.15682e-02
6.26828e-01	5.15043e-02
6.92810e-01	5.14360e-02
7.58792e-01	5.13631e-02
8.24774e-01	5.12852e-02
8.90756e-01	5.12020e-02
9.56738e-01	5.11132e-02
1.02272e+00	5.10184e-02
1.08870e+00	5.09185e-02
1.15468e+00	5.08136e-02
1.22067e+00	5.07040e-02
1.28665e+00	5.05896e-02
1.35263e+00	5.04709e-02
1.41861e+00	5.03484e-02
1.48459e+00	5.02221e-02
1.55057e+00	5.00920e-02
1.61656e+00	4.99585e-02
1.68254e+00	4.98223e-02
1.74852e+00	4.96837e-02
1.81450e+00	4.95431e-02
1.88048e+00	4.94005e-02
1.94647e+00	4.92559e-02
2.01245e+00	4.91095e-02
2.07843e+00	4.89609e-02
2.14441e+00	4.88101e-02
2.21039e+00	4.86571e-02
2.27638e+00	4.85021e-02
2.34236e+00	4.83449e-02
2.40834e+00	4.81857e-02
2.47432e+00	4.80245e-02
2.54030e+00	4.78613e-02
2.60628e+00	4.76961e-02
2.67227e+00	4.75288e-02
2.73825e+00	4.73597e-02
2.80423e+00	4.71886e-02
2.87021e+00	4.70157e-02
2.93619e+00	4.68410e-02
3.00218e+00	4.66646e-02
3.06816e+00	4.64866e-02
3.13414e+00	4.63069e-02
3.20012e+00	4.61257e-02
3.26610e+00	4.59430e-02
3.33209e+00	4.57589e-02
3.39807e+00	4.55733e-02
3.46405e+00	4.53863e-02
3.53003e+00	4.51979e-02
3.59601e+00	4.50082e-02
3.66200e+00	4.48172e-02
3.72798e+00	4.46249e-02
3.79396e+00	4.44314e-02
3.85994e+00	4.42367e-02
3.92592e+00	4.40407e-02
3.99190e+00	4.38436e-02
4.05789e+00	4.36449e-02
4.12387e+00	4.34444e-02
4.18985e+00	4.32419e-02
4.25583e+00	4.30376e-02
4.32181e+00	4.28313e-02
4.38780e+00	4.26232e-02
4.45378e+00	4.24131e-02
4.51976e+00	4.22012e-02
4.58574e+00	4.19874e-02
4.65172e+00	4.17718e-02
4.71771e+00	4.15543e-02
4.78369e+00	4.13350e-02
4.84967e+00	4.11140e-02
4.91565e+00	4.08911e-02
4.98163e+00	4.06665e-02
5.04762e+00	4.04401e-02
5.11360e+00	4.02118e-02
5.17958e+00	3.99816e-02
5.24556e+00	3.97496e-02
5.31154e+00	3.95157e-02
5.37752e+00	3.92800e-02
5.44351e+00	3.90425e-02
5.50949e+00	3.88033e-02
5.57547e+00	3.85623e-02
5.64145e+00	3.83196e-02
5.70743e+00	3.80753e-02
5.77342e+00	3.78292e-02
5.83940e+00	3.75816e-02
5.90538e+00	3.73324e-02
5.97136e+00	3.70816e-02
6.03734e+00	3.68293e-02
6.10333e+00	3.65756e-02
6.16931e+00	3.63206e-02
6.23529e+00	3.60644e-02
6.30127e+00	3.58068e-02
6.36725e+00	3.55481e-02
6.43324e+00	3.52881e-02
6.49922e+00	3.50270e-02
6.56520e+00	3.47647e-02
6.63118e+00	3.45013e-02
6.69716e+00	3.42369e-02
6.76314e+00	3.39714e-02
6.82913e+00	3.37048e-02
6.89511e+00	3.34372e-02
6.96109e+00	3.31687e-02
7.02707e+00	3.28994e-02
7.09305e+00	3.26294e-02
7.15904e+00	3.23589e-02
7.22502e+00	3.20880e-02
7.29100e+00	3.18166e-02
7.35698e+00	3.15449e-02
7.42296e+00	3.12728e-02
7.48895e+00	3.10004e-02
7.55493e+00	3.07276e-02
7.62091e+00	3.04545e-02
7.68689e+00	3.01811e-02
7.75287e+00	2.99075e-02
7.81885e+00	2.96336e-02
7.88484e+00	2.93594e-02
7.95082e+00	2.90850e-02
8.01680e+00	2.88104e-02
8.08278e+00	2.85356e-02
8.14876e+00	2.82606e-02
8.21475e+00	2.79855e-02
8.28073e+00	2.77101e-02
8.34671e+00	2.74347e-02
8.41269e+00	2.71590e-02
8.47867e+00	2.68833e-02
8.54466e+00	2.66074e-02
8.61064e+00	2.63314e-02
8.67662e+00	2.60554e-02
8.74260e+00	2.57792e-02
8.80858e+00	2.55029e-02
8.87457e+00	2.52266e-02
8.94055e+00	2.49502e-02
9.00653e+00	2.46738e-02
9.07251e+00	2.43975e-02
9.13849e+00	2.41212e-02
9.20447e+00	2.38450e-02
9.27046e+00	2.35689e-02
9.33644e+00	2.32928e-02
9.40242e+00	2.30169e-02
9.46840e+00	2.27410e-02
9.53438e+00	2.24653e-02
9.60037e+00	2.21897e-02
9.66635e+00	2.19141e-02
9.73233e+00	2.16388e-02
9.79831e+00	2.13636e-02
9.86429e+00	2.10887e-02
9.93028e+00	2.08139e-02
9.99626e+00	2.05393e-02
1.00622e+01	2.02649e-02
1.01282e+01	1.99916e-02
1.01942e+01	1.97194e-02
1.02602e+01	1.94483e-02
1.03262e+01	1.91783e-02
1.03921e+01	1.89094e-02
1.04581e+01	1.86416e-02
1.05241e+01	1.83747e-02
1.05901e+01	1.81090e-02
1.06561e+01	1.78443e-02
1.07221e+01	1.75815e-02
1.07880e+01	1.73205e-02
1.08540e+01	1.70614e-02
1.09200e+01	1.68039e-02
1.09860e+01	1.65483e-02
1.10520e+01	1.62943e-02
1.11179e+01	1.60421e-02
1.11839e+01	1.57915e-02
1.12499e+01	1.55425e-02
1.13159e+01	1.52952e-02
1.13819e+01	1.50493e-02
1.14479e+01	1.48049e-02
1.15138e+01	1.45619e-02
1.15798e+01	1.43202e-02
1.16458e+01	1.40798e-02
1.17118e+01	1.38411e-02
1.17778e+01	1.36044e-02
1.18438e+01	1.33695e-02
1.19097e+01	1.31370e-02
1.19757e+01	1.29067e-02
1.20417e+01	1.26782e-02
1.21077e+01	1.24516e-02
1.21737e+01	1.22266e-02
1.22396e+01	1.20035e-02
1.23056e+01	1.17821e-02
1.23716e+01	1.15628e-02
1.24376e+01	1.13454e-02
1.25036e+01	1.11301e-02
1.25696e+01	1.09169e-02
1.26355e+01	1.07061e-02
1.27015e+01	1.04981e-02
1.27675e+01	1.02929e-02
1.28335e+01	1.00903e-02
1.28995e+01	9.89053e-03
1.29654e+01	9.69316e-03
1.30314e+01	9.49807e-03
1.30974e+01	9.30589e-03
1.31634e+01	9.11686e-03
1.32294e+01	8.92987e-03
1.32954e+01	8.74532e-03
1.33613e+01	8.56276e-03
1.34273e+01	8.38195e-03
1.34933e+01	8.20292e-03
1.35593e+01	8.02588e-03
1.36253e+01	7.85082e-03
1.36912e+01	7.67779e-03
1.37572e+01	7.50681e-03
1.38232e+01	7.33788e-03
1.38892e+01	7.17100e-03
1.39552e+01	7.00617e-03
1.40212e+01	6.84346e-03
1.40871e+01	6.68290e-03
1.41531e+01	6.52461e-03
1.42191e+01	6.36862e-03
1.42851e+01	6.21497e-03
1.43511e+01	6.06369e-03
1.44170e+01	5.91483e-03
1.44830e+01	5.76842e-03
1.45490e+01	5.62448e-03
1.46150e+01	5.48305e-03
1.46810e+01	5.34414e-03
1.47470e+01	5.20776e-03
1.48129e+01	5.07391e-03
1.48789e+01	4.94262e-03
1.49449e+01	4.81388e-03
1.50109e+01	4.68769e-03
1.50769e+01	4.56407e-03
1.51428e+01	4.44298e-03
1.52088e+01	4.32438e-03
1.52748e+01	4.20825e-03
1.53408e+01	4.09453e-03
1.54068e+01	3.98318e-03
1.54728e+01	3.87418e-03
1.55387e+01	3.76747e-03
1.56047e+01	3.66303e-03
1.56707e+01	3.56079e-03
1.57367e+01	3.46073e-03
1.58027e+01	3.36279e-03
1.58686e+01	3.26691e-03
1.59346e+01	3.17311e-03
1.60006e+01	3.08140e-03
1.60666e+01	2.99179e-03
1.61326e+01	2.90428e-03
1.61986e+01	2.81885e-03
1.62645e+01	2.73546e-03
1.63305e+01	2.65410e-03
1.63965e+01	2.57474e-03
1.64625e+01	2.49734e-03
1.65285e+01	2.42189e-03
1.65944e+01	2.34835e-03
1.66604e+01	2.27669e-03
1.67264e+01	2.20688e-03
1.67924e+01	2.13890e-03
1.68584e+01	2.07273e-03
1.69244e+01	2.00833e-03
1.69903e+01	1.94566e-03
1.70563e+01	1.88471e-03
1.71223e+01	1.82545e-03
1.71883e+01	1.76783e-03
1.72543e+01	1.71183e-03
1.73202e+01	1.65741e-03
1.73862e+01	1.60454e-03
1.74522e+01	1.55318e-03
1.75182e+01	1.50331e-03
1.75842e+01	1.45489e-03
1.76502e+01	1.40789e-03
1.77161e+01	1.36228e-03
1.77821e+01	1.31803e-03
1.78481e+01	1.27510e-03
1.79141e+01	1.23346e-03
1.79801e+01	1.19308e-03
1.80460e+01	1.15392e-03
1.81120e+01	1.11596e-03
1.81780e+01	1.07917e-03
1.82440e+01	1.04351e-03
1.83100e+01	1.00894e-03
1.83760e+01	9.75435e-04
1.84419e+01	9.42969e-04
1.85079e+01	9.11511e-04
1.85739e+01	8.81033e-04
1.86399e+01	8.51510e-04
1.87059e+01	8.22915e-04
1.87718e+01	7.95224e-04
1.88378e+01	7.68412e-04
1.89038e+01	7.42457e-04
1.89698e+01	7.17335e-04
1.90358e+01	6.93025e-04
1.91018e+01	6.69505e-04
1.91677e+01	6.46752e-04
1.92337e+01	6.24744e-04
1.92997e+01	6.03459e-04
1.93657e+01	5.82875e-04
1.94317e+01	5.62972e-04
1.94977e+01	5.43729e-04
1.95636e+01	5.25127e-04
1.96296e+01	5.07147e-04
1.96956e+01	4.89771e-04
1.97616e+01	4.72981e-04
1.98276e+01	4.56760e-04
1.98935e+01	4.41092e-04
1.99595e+01	4.25948e-04
2.00255e+01	4.11303e-04
2.00915e+01	3.97142e-04
2.01575e+01	3.83450e-04
2.02235e+01	3.70213e-04
2.02894e+01	3.57416e-04
2.03554e+01	3.45046e-04
2.04214e+01	3.33091e-04
2.04874e+01	3.21536e-04
2.05534e+01	3.10372e-04
2.06193e+01	2.99585e-04
2.06853e+01	2.89163e-04
2.07513e+01	2.79092e-04
2.08173e+01	2.69362e-04
2.08833e+01	2.59960e-04
2.09493e+01	2.50877e-04
2.10152e+01	2.42102e-04
2.10812e+01	2.33625e-04
2.11472e+01	2.25437e-04
2.12132e+01	2.17528e-04
2.12792e+01	2.09889e-04
2.13451e+01	2.02512e-04
2.14111e+01	1.95386e-04
2.14771e+01	1.88505e-04
2.15431e+01	1.81860e-04
2.16091e+01	1.75443e-04
2.16751e+01	1.69247e-04
2.17410e+01	1.63265e-04
2.18070e+01	1.57489e-04
2.18730e+01	1.51914e-04
2.19390e+01	1.46532e-04
2.20050e+01	1.41338e-04
2.20709e+01	1.36326e-04
2.21369e+01	1.31490e-04
2.22029e+01	1.26823e-04
2.22689e+01	1.22321e-04
2.23349e+01	1.17976e-04
2.24009e+01	1.13784e-04
2.24668e+01	1.09740e-04
2.25328e+01	1.05837e-04
2.25988e+01	1.02072e-04
2.26648e+01	9.84385e-05
2.27308e+01	9.49330e-05
2.27967e+01	9.15510e-05
2.28627e+01	8.82882e-05
2.29287e+01	8.51406e-05
2.29947e+01	8.21041e-05
2.30607e+01	7.91752e-05
2.31267e+01	7.63501e-05
2.31926e+01	7.36253e-05
2.32586e+01	7.09971e-05
2.33246e+01	6.84622e-05
2.33906e+01	6.60174e-05
2.34566e+01	6.36594e-05
2.35225e+01	6.13854e-05
2.35885e+01	5.91922e-05
2.36545e+01	5.70771e-05
2.37205e+01	5.50373e-05
2.37865e+01	5.30703e-05
2.38525e+01	5.11733e-05
2.39184e+01	4.93441e-05
2.39844e+01	4.75801e-05
2.40504e+01	4.58791e-05
2.41164e+01	4.42390e-05
2.41824e+01	4.26575e-05
2.42483e+01	4.11326e-05
2.43143e+01	3.96623e-05
2.43803e+01	3.82449e-05
2.44463e+01	3.68783e-05
2.45123e+01	3.55609e-05
2.45783e+01	3.42909e-05
2.46442e+01	3.30667e-05
2.47102e+01	3.18867e-05
2.47762e+01	3.07491e-05
2.48422e+01	2.96524e-05
2.49082e+01	2.85951e-05
2.49741e+01	2.75758e-05
2.50401e+01	2.65933e-05
2.51061e+01	2.56463e-05
2.51721e+01	2.47336e-05
2.52381e+01	2.38534e-05
2.53041e+01	2.30045e-05
2.53700e+01	2.21858e-05
2.54360e+01	2.13961e-05
2.55020e+01	2.06344e-05
2.55680e+01	1.98997e-05
2.56340e+01	1.91910e-05
2.56999e+01	1.85073e-05
2.57659e+01	1.78479e-05
2.58319e+01	1.72118e-05
2.58979e+01	1.65983e-05
2.59639e+01	1.60065e-05
2.60299e+01	1.54359e-05
2.60958e+01	1.48856e-05
2.61618e+01	1.43549e-05
2.62278e+01	1.38432e-05
2.62938e+01	1.33497e-05
2.63598e+01	1.28739e-05
2.64258e+01	1.24150e-05
2.64917e+01	1.19725e-05
2.65577e+01	1.15458e-05
2.66237e+01	1.11343e-05
2.66897e+01	1.07374e-05
2.67557e+01	1.03547e-05
2.68216e+01	9.98570e-06
2.68876e+01	9.62982e-06
2.69536e+01	9.28663e-06
2.70196e+01	8.95567e-06
2.70856e+01	8.63651e-06
2.71516e+01	8.32874e-06
2.72175e+01	8.03193e-06
2.72835e+01	7.74571e-06
2.73495e+01	7.46969e-06
2.74155e+01	7.20352e-06
2.74815e+01	6.94684e-06
2.75474e+01	6.69931e-06
2.76134e+01	6.46061e-06
2.76794e+01	6.23042e-06
2.77454e+01	6.00844e-06
2.78114e+01	5.79437e-06
2.78774e+01	5.58794e-06
2.79433e+01	5.38887e-06
2.80093e+01	5.19689e-06
2.80753e+01	5.01176e-06
2.81413e+01	4.83323e-06
2.82073e+01	4.66106e-06
2.82732e+01	4.49504e-06
2.83392e+01	4.33493e-06
2.84052e+01	4.18054e-06
2.84712e+01	4.03166e-06
2.85372e+01	3.88809e-06
2.86032e+01	3.74965e-06
2.86691e+01	3.61616e-06
2.87351e+01	3.48744e-06
2.88011e+01	3.36332e-06
2.88671e+01	3.24364e-06
2.89331e+01	3.12824e-06
2.89990e+01	3.01697e-06
2.90650e+01	2.90969e-06
2.91310e+01	2.80625e-06
2.91970e+01	2.70651e-06
2.92630e+01	2.61035e-06
2.93290e+01	2.51764e-06
2.93949e+01	2.42825e-06
2.94609e+01	2.34208e-06
2.95269e+01	2.25900e-06
2.95929e+01	2.17891e-06
2.96589e+01	2.10169e-06
2.97248e+01	2.02724e-06
2.97908e+01	1.95547e-06
2.98568e+01	1.88627e-06
2.99228e+01	1.81957e-06
2.99888e+01	1.75527e-06
3.00548e+01	1.69329e-06
3.01207e+01	1.63355e-06
3.01867e+01	1.57593e-06
3.02527e+01	1.52035e-06
3.03187e+01	1.46674e-06
3.03847e+01	1.41503e-06
3.04506e+01	1.36514e-06
3.05166e+01	1.31702e-06
3.05826e+01	1.27061e-06
3.06486e+01	1.22583e-06
3.07146e+01	1.18263e-06
3.07806e+01	1.14095e-06
3.08465e+01	1.10075e-06
3.09125e+01	1.06197e-06
3.09785e+01	1.02455e-06
3.10445e+01	9.88450e-07
3.11105e+01	9.53625e-07
3.11764e+01	9.20027e-07
3.12424e+01	8.87613e-07
3.13084e+01	8.56341e-07
3.13744e+01	8.26172e-07
3.14404e+01	7.97065e-07
3.15064e+01	7.68984e-07
3.15723e+01	7.41893e-07
3.16383e+01	7.15757e-07
3.17043e+01	6.90542e-07
3.17703e+01	6.66215e-07
3.18363e+01	6.42747e-07
3.19022e+01	6.20105e-07
3.19682e+01	5.98262e-07
3.20342e+01	5.77189e-07
3.21002e+01	5.56859e-07
3.21662e+01	5.37247e-07
3.22322e+01	5.18326e-07
3.22981e+01	5.00074e-07
3.23641e+01	4.82465e-07
3.24301e+01	4.65478e-07
3.24961e+01	4.49089e-07
3.25621e+01	4.33279e-07
3.26280e+01	4.18027e-07
3.26940e+01	4.03313e-07
3.27600e+01	3.89117e-07
3.28260e+01	3.75423e-07
3.28920e+01	3.62211e-07
3.29580e+01	3.49465e-07
3.30239e+01	3.37169e-07
3.30899e+01	3.25307e-07
3.31559e+01	3.13863e-07
3.32219e+01	3.02822e-07
3.32879e+01	2.92171e-07
3.33538e+01	2.81896e-07
3.34198e+01	2.71983e-07
3.34858e+01	2.62420e-07
3.35518e+01	2.53194e-07
3.36178e+01	2.44294e-07
3.36838e+01	2.35707e-07
3.37497e+01	2.27424e-07
3.38157e+01	2.19433e-07
3.38817e+01	2.11724e-07
3.39477e+01	2.04287e-07
3.40137e+01	1.97113e-07
3.40797e+01	1.90192e-07
3.41456e+01	1.83516e-07
3.42116e+01	1.77076e-07
3.42776e+01	1.70864e-07
3.43436e+01	1.64871e-07
3.44096e+01	1.59090e-07
3.44755e+01	1.53512e-07
3.45415e+01	1.48132e-07
3.46075e+01	1.42941e-07
3.46735e+01	1.37934e-07
3.47395e+01	1.33103e-07
3.48055e+01	1.28443e-07
3.48714e+01	1.23946e-07
3.49374e+01	1.19609e-07
3.50034e+01	1.15424e-07
3.50694e+01	1.11387e-07
3.51354e+01	1.07491e-07
3.52013e+01	1.03733e-07
3.52673e+01	1.00107e-07
3.53333e+01	9.66091e-08
3.53993e+01	9.32341e-08
3.54653e+01	8.99778e-08
3.55313e+01	8.68361e-08
3.55972e+01	8.38050e-08
3.56632e+01	8.08806e-08
3.57292e+01	7.80592e-08
3.57952e+01	7.53371e-08
3.58612e+01	7.27109e-08
3.59271e+01	7.01771e-08
3.59931e+01	6.77325e-08
3.60591e+01	6.53742e-08
3.61251e+01	6.30992e-08
3.61911e+01	6.09046e-08
3.62571e+01	5.87875e-08
3.63230e+01	5.67450e-08
3.63890e+01	5.47747e-08
3.64550e+01	5.28737e-08
3.65210e+01	5.10397e-08
3.65870e+01	4.92703e-08
3.66529e+01	4.75632e-08
3.67189e+01	4.59161e-08
3.67849e+01	4.43269e-08
3.68509e+01	4.27935e-08
3.69169e+01	4.13140e-08
3.69829e+01	3.98864e-08
3.70488e+01	3.85090e-08
3.71148e+01	3.71798e-08
3.71808e+01	3.58973e-08
3.72468e+01	3.46597e-08
3.73128e+01	3.34655e-08
3.73787e+01	3.23132e-08
3.74447e+01	3.12012e-08
3.75107e+01	3.01282e-08
3.75767e+01	2.90926e-08
3.76427e+01	2.80933e-08
3.77087e+01	2.71289e-08
3.77746e+01	2.61982e-08
3.78406e+01	2.53000e-08
3.79066e+01	2.44331e-08
3.79726e+01	2.35964e-08
3.80386e+01	2.27890e-08
3.81045e+01	2.20097e-08
3.81705e+01	2.12575e-08
3.82365e+01	2.05316e-08
3.83025e+01	1.98309e-08
3.83685e+01	1.91546e-08
3.84345e+01	1.85020e-08
3.85004e+01	1.78720e-08
3.85664e+01	1.72640e-08
3.86324e+01	1.66772e-08
3.86984e+01	1.61108e-08
3.87644e+01	1.55641e-08
3.88303e+01	1.50364e-08
3.88963e+01	1.45270e-08
3.89623e+01	1.40353e-08
3.90283e+01	1.35607e-08
3.90943e+01	1.31025e-08
3.91603e+01	1.26602e-08
3.92262e+01	1.22332e-08
3.92922e+01	1.18210e-08
3.93582e+01	1.14231e-08
3.94242e+01	1.10389e-08
3.94902e+01	1.06681e-08
3.95561e+01	1.03100e-08
3.96221e+01	9.96440e-09
3.96881e+01	9.63072e-09
3.97541e+01	9.30859e-09
3.98201e+01	8.99760e-09
3.98861e+01	8.69739e-09
3.99520e+01	8.40757e-09
4.00180e+01	8.12776e-09
4.00840e+01	7.85747e-09
4.01500e+01	7.59637e-09
4.02160e+01	7.34413e-09
4.02819e+01	7.10044e-09
4.03479e+01	6.86499e-09
4.04139e+01	6.63751e-09
4.04799e+01	6.41771e-09
4.05459e+01	6.20532e-09
4.06119e+01	6.00008e-09
4.06778e+01	5.80176e-09
4.07438e+01	5.61010e-09
4.08098e+01	5.42488e-09
4.08758e+01	5.24588e-09
4.09418e+01	5.07289e-09
4.10077e+01	4.90569e-09
4.10737e+01	4.74409e-09
4.11397e+01	4.58790e-09
4.12057e+01	4.43693e-09
4.12717e+01	4.29101e-09
4.13377e+01	4.14996e-09
4.14036e+01	4.01362e-09
4.14696e+01	3.88182e-09
4.15356e+01	3.75442e-09
4.16016e+01	3.63126e-09
4.16676e+01	3.51220e-09
4.17336e+01	3.39710e-09
4.17995e+01	3.28582e-09
4.18655e+01	3.17825e-09
4.19315e+01	3.07424e-09
4.19975e+01	2.97369e-09
4.20635e+01	2.87648e-09
4.21294e+01	2.78249e-09
4.21954e+01	2.69161e-09
4.22614e+01	2.60374e-09
4.23274e+01	2.51879e-09
4.23934e+01	2.43664e-09
4.24594e+01	2.35721e-09
4.25253e+01	2.28041e-09
4.25913e+01	2.20615e-09
4.26573e+01	2.13433e-09
4.27233e+01	2.06489e-09
4.27893e+01	1.99775e-09
4.28552e+01	1.93281e-09
4.29212e+01	1.87002e-09
4.29872e+01	1.80931e-09
4.30532e+01	1.75059e-09
4.31192e+01	1.69381e-09
4.31852e+01	1.63889e-09
4.32511e+01	1.58579e-09
4.33171e+01	1.53443e-09
4.33831e+01	1.48476e-09
4.34491e+01	1.43672e-09
4.35151e+01	1.39026e-09
4.35810e+01	1.34532e-09
4.36470e+01	1.30186e-09
4.37130e+01	1.25983e-09
4.37790e+01	1.21917e-09
4.38450e+01	1.17985e-09
4.39110e+01	1.14181e-09
4.39769e+01	1.10502e-09
4.40429e+01	1.06943e-09
4.41089e+01	1.03501e-09
4.41749e+01	1.00171e-09
4.42409e+01	9.69499e-10
4.43068e+01	9.38340e-10
4.43728e+01	9.08198e-10
4.44388e+01	8.79039e-10
4.45048e+01	8.50831e-10
4.45708e+01	8.23542e-10
4.46368e+01	7.97142e-10
4.47027e+01	7.71602e-10
4.47687e+01	7.46892e-10
4.48347e+01	7.22985e-10
4.49007e+01	6.99856e-10
4.49667e+01	6.77478e-10
4.50326e+01	6.55827e-10
4.50986e+01	6.34878e-10
4.51646e+01	6.14608e-10
4.52306e+01	5.94996e-10
4.52966e+01	5.76019e-10
4.53626e+01	5.57657e-10
4.54285e+01	5.39889e-10
4.54945e+01	5.22696e-10
4.55605e+01	5.06059e-10
4.56265e+01	4.89960e-10
4.56925e+01	4.74382e-10
4.57584e+01	4.59306e-10
4.58244e+01	4.44718e-10
4.58904e+01	4.30601e-10
4.59564e+01	4.16940e-10
4.60224e+01	4.03721e-10
4.60884e+01	3.90928e-10
4.61543e+01	3.78548e-10
4.62203e+01	3.66568e-10
4.62863e+01	3.54973e-10
4.63523e+01	3.43752e-10
4.64183e+01	3.32892e-10
4.64842e+01	3.22381e-10
4.65502e+01	3.12209e-10
4.66162e+01	3.02363e-10
4.66822e+01	2.92833e-10
4.67482e+01	2.83609e-10
4.68142e+01	2.74680e-10
4.68801e+01	2.66038e-10
4.69461e+01	2.57673e-10
4.70121e+01	2.49576e-10
4.70781e+01	2.41737e-10
4.71441e+01	2.34150e-10
4.72100e+01	2.26804e-10
4.72760e+01	2.19694e-10
4.73420e+01	2.12810e-10
4.74080e+01	2.06146e-10
4.74740e+01	1.99694e-10
4.75400e+01	1.93448e-10
4.76059e+01	1.87401e-10
4.76719e+01	1.81547e-10
4.77379e+01	1.75878e-10
4.78039e+01	1.70390e-10
4.78699e+01	1.65077e-10
4.79358e+01	1.59932e-10
4.80018e+01	1.54951e-10
4.80678e+01	1.50127e-10
4.81338e+01	1.45457e-10
4.81998e+01	1.40934e-10
4.82658e+01	1.36555e-10
4.83317e+01	1.32315e-10
4.83977e+01	1.28208e-10
4.84637e+01	1.24232e-10
4.85297e+01	1.20381e-10
4.85957e+01	1.16652e-10
4.86616e+01	1.13041e-10
4.87276e+01	1.09544e-10
4.87936e+01	1.06157e-10
4.88596e+01	1.02876e-10
4.89256e+01	9.96995e-11
4.89916e+01	9.66227e-11
4.90575e+01	9.36428e-11
4.91235e+01	9.07567e-11
4.91895e+01	8.79613e-11
4.92555e+01	8.52539e-11
4.93215e+01	8.26315e-11
4.93875e+01	8.00915e-11
4.94534e+01	7.76313e-11
4.95194e+01	7.52481e-11
4.95854e+01	7.29394e-11
4.96514e+01	7.07030e-11
4.97174e+01	6.85365e-11
4.97833e+01	6.64377e-11
4.98493e+01	6.44044e-11
4.99153e+01	6.24346e-11
4.99813e+01	6.05263e-11
5.00473e+01	5.86774e-11
5.01133e+01	5.68862e-11
5.01792e+01	5.51508e-11
5.02452e+01	5.34694e-11
5.03112e+01	5.18404e-11
5.03772e+01	5.02619e-11
5.04432e+01	4.87322e-11
5.05091e+01	4.72499e-11
5.05751e+01	4.58133e-11
5.06411e+01	4.44212e-11
5.07071e+01	4.30720e-11
5.07731e+01	4.17644e-11
5.08391e+01	4.04971e-11
5.09050e+01	3.92689e-11
5.09710e+01	3.80785e-11
5.10370e+01	3.69247e-11
5.11030e+01	3.58064e-11
5.11690e+01	3.47224e-11
5.12349e+01	3.36718e-11
5.13009e+01	3.26534e-11
5.13669e+01	3.16663e-11
5.14329e+01	3.07095e-11
5.14989e+01	2.97819e-11
5.15649e+01	2.88828e-11
5.16308e+01	2.80112e-11
5.16968e+01	2.71663e-11
5.17628e+01	2.63472e-11
5.18288e+01	2.55531e-11
5.18948e+01	2.47833e-11
5.19607e+01	2.40370e-11
5.20267e+01	2.33134e-11
5.20927e+01	2.26118e-11
5.21587e+01	2.19317e-11
5.22247e+01	2.12723e-11
5.22907e+01	2.06329e-11
5.23566e+01	2.00130e-11
5.24226e+01	1.94120e-11
5.24886e+01	1.88293e-11
5.25546e+01	1.82642e-11
5.26206e+01	1.77164e-11
5.26865e+01	1.71852e-11
5.27525e+01	1.66701e-11
5.28185e+01	1.61707e-11
5.28845e+01	1.56864e-11
5.29505e+01	1.52168e-11
5.30165e+01	1.47615e-11
5.30824e+01	1.43199e-11
5.31484e+01	1.38918e-11
5.32144e+01	1.34766e-11
5.32804e+01	1.30739e-11
5.33464e+01	1.26835e-11
5.34123e+01	1.23049e-11
5.34783e+01	1.19377e-11
5.35443e+01	1.15816e-11
5.36103e+01	1.12363e-11
5.36763e+01	1.09014e-11
5.37423e+01	1.05766e-11
5.38082e+01	1.02616e-11
5.38742e+01	9.95618e-12
5.39402e+01	9.65992e-12
5.40062e+01	9.37261e-12
5.40722e+01	9.09395e-12
5.41381e+01	8.82369e-12
5.42041e+01	8.56157e-12
5.42701e+01	8.30734e-12
5.43361e+01	8.06077e-12
5.44021e+01	7.82161e-12
5.44681e+01	7.58965e-12
5.45340e+01	7.36466e-12
5.46000e+01	7.14644e-12
5.46660e+01	6.93477e-12
5.47320e+01	6.72945e-12
5.47980e+01	6.53030e-12
5.48639e+01	6.33712e-12
5.49299e+01	6.14973e-12
5.49959e+01	5.96796e-12
5.50619e+01	5.79163e-12
5.51279e+01	5.62059e-12
5.51939e+01	5.45466e-12
5.52598e+01	5.29370e-12
5.53258e+01	5.13756e-12
5.53918e+01	4.98608e-12
5.54578e+01	4.83913e-12
5.55238e+01	4.69657e-12
5.55897e+01	4.55826e-12
5.56557e+01	4.42408e-12
5.57217e+01	4.29391e-12
5.57877e+01	4.16762e-12
5.58537e+01	4.04510e-12
5.59197e+01	3.92623e-12
5.59856e+01	3.81090e-12
5.60516e+01	3.69900e-12
5.61176e+01	3.59044e-12
5.61836e+01	3.48511e-12
5.62496e+01	3.38290e-12
5.63155e+01	3.28374e-12
5.63815e+01	3.18753e-12
5.64475e+01	3.09417e-12
5.65135e+01	3.00358e-12
5.65795e+01	2.91568e-12
5.66455e+01	2.83039e-12
5.67114e+01	2.74762e-12
5.67774e+01	2.66731e-12
5.68434e+01	2.58938e-12
5.69094e+01	2.51375e-12
5.69754e+01	2.44036e-12
5.70414e+01	2.36914e-12
5.71073e+01	2.30003e-12
5.71733e+01	2.23296e-12
5.72393e+01	2.16787e-12
5.73053e+01	2.10470e-12
5.73713e+01	2.04339e-12
5.74372e+01	1.98389e-12
5.75032e+01	1.92615e-12
5.75692e+01	1.87011e-12
5.76352e+01	1.81572e-12
5.77012e+01	1.76292e-12
5.77672e+01	1.71169e-12
5.78331e+01	1.66195e-12
5.78991e+01	1.61368e-12
5.79651e+01	1.56683e-12
5.80311e+01	1.52135e-12
5.80971e+01	1.47721e-12
5.81630e+01	1.43436e-12
5.82290e+01	1.39276e-12
5.82950e+01	1.35239e-12
5.83610e+01	1.31319e-12
5.84270e+01	1.27515e-12
5.84930e+01	1.23821e-12
5.85589e+01	1.20236e-12
5.86249e+01	1.16755e-12
5.86909e+01	1.13375e-12
5.87569e+01	1.10095e-12
5.88229e+01	1.06910e-12
5.88888e+01	1.03817e-12
5.89548e+01	1.00815e-12
5.90208e+01	9.79000e-13
5.90868e+01	9.50698e-13
5.91528e+01	9.23219e-13
5.92188e+01	8.96537e-13
5.92847e+01	8.70629e-13
5.93507e+01	8.45472e-13
5.94167e+01	8.21044e-13
5.94827e+01	7.97324e-13
5.95487e+01	7.74289e-13
5.96146e+01	7.51920e-13
5.96806e+01	7.30198e-13
5.97466e+01	7.09102e-13
5.98126e+01	6.88615e-13
5.98786e+01	6.68719e-13
5.99446e+01	6.49395e-13
6.00105e+01	6.30627e-13
6.00765e+01	6.12395e-13
6.01425e+01	5.94683e-13
6.02085e+01	5.77477e-13
6.02745e+01	5.60761e-13
6.03404e+01	5.44519e-13
6.04064e+01	5.28739e-13
6.04724e+01	5.13405e-13
6.05384e+01	4.98506e-13
6.06044e+01	4.84028e-13
6.06704e+01	4.69958e-13
6.07363e+01	4.56285e-13
6.08023e+01	4.42996e-13
6.08683e+01	4.30081e-13
6.09343e+01	4.17528e-13
6.10003e+01	4.05326e-13
6.10662e+01	3.93465e-13
6.11322e+01	3.81934e-13
6.11982e+01	3.70725e-13
6.12642e+01	3.59826e-13
6.13302e+01	3.49230e-13
6.13962e+01	3.38926e-13
6.14621e+01	3.28906e-13
6.15281e+01	3.19162e-13
6.15941e+01	3.09685e-13
6.16601e+01	3.00467e-13
6.17261e+01	2.91501e-13
6.17920e+01	2.82779e-13
6.18580e+01	2.74293e-13
6.19240e+01	2.66036e-13
6.19900e+01	2.58002e-13
6.20560e+01	2.50183e-13
6.21220e+01	2.42573e-13
6.21879e+01	2.35166e-13
6.22539e+01	2.27956e-13
6.23199e+01	2.20935e-13
6.23859e+01	2.14100e-13
6.24519e+01	2.07443e-13
6.25178e+01	2.00959e-13
6.25838e+01	1.94643e-13
6.26498e+01	1.88490e-13
6.27158e+01	1.82494e-13
6.27818e+01	1.76651e-13
6.28478e+01	1.70955e-13
6.29137e+01	1.65403e-13
6.29797e+01	1.59988e-13
6.30457e+01	1.54708e-13
6.31117e+01	1.49558e-13
6.31777e+01	1.44533e-13
6.32436e+01	1.39629e-13
6.33096e+01	1.34843e-13
6.33756e+01	1.30170e-13
6.34416e+01	1.25606e-13
6.35076e+01	1.21149e-13
6.35736e+01	1.16794e-13
6.36395e+01	1.12538e-13
6.37055e+01	1.08378e-13
6.37715e+01	1.04309e-13
6.38375e+01	1.00330e-13
6.39035e+01	9.64364e-14
6.39694e+01	9.26255e-14
6.40354e+01	8.88944e-14
6.41014e+01	8.52401e-14
6.41674e+01	8.16597e-14
6.42334e+01	7.81506e-14
6.42994e+01	7.47101e-14
6.43653e+01	7.13355e-14
6.44313e+01	6.80245e-14
6.44973e+01	6.47746e-14
6.45633e+01	6.15832e-14
6.46293e+01	5.84482e-14
6.46953e+01	5.53671e-14
6.47612e+01	5.23378e-14
6.48272e+01	4.93580e-14
6.48932e+01	4.64258e-14
6.49592e+01	4.35390e-14
6.50252e+01	4.06957e-14
6.50911e+01	3.78940e-14
6.51571e+01	3.51322e-14
6.52231e+01	3.24084e-14
6.52891e+01	2.97210e-14
6.53551e+01	2.70683e-14
6.54211e+01	2.44489e-14
6.54870e+01	2.18613e-14
6.55530e+01	1.93042e-14
6.56190e+01	1.67762e-14
6.56850e+01	1.42762e-14
6.57510e+01	1.18030e-14
6.58169e+01	9.35584e-15
6.58829e+01	6.93368e-15
6.59489e+01	4.53580e-15
