# The ell = 0 distribution, the isotropy.
# E_N [Td]	7.50000e+01
# col_1: Electron Energy [eV], col_2: f0 [eV^(-3/2)]
eV	f0
1.96643e-02	6.00510e-02
5.89929e-02	5.99438e-02
9.83215e-02	5.98524e-02
1.37650e-01	5.97709e-02
1.76979e-01	5.96947e-02
2.16307e-01	5.96221e-02
2.55636e-01	5.95520e-02
2.94965e-01	5.94835e-02
3.34293e-01	5.94159e-02
3.73622e-01	5.93490e-02
4.12950e-01	5.92826e-02
4.52279e-01	5.92164e-02
4.91608e-01	5.91502e-02
5.30936e-01	5.90838e-02
5.70265e-01	5.90169e-02
6.09594e-01	5.89493e-02
6.48922e-01	5.88809e-02
6.88251e-01	5.88113e-02
7.27579e-01	5.87405e-02
7.66908e-01	5.86682e-02
8.06237e-01	5.85943e-02
8.45565e-01	5.85186e-02
8.84894e-01	5.84410e-02
9.24223e-01	5.83614e-02
9.63551e-01	5.82795e-02
1.00288e+00	5.81954e-02
1.04221e+00	5.81092e-02
1.08154e+00	5.80212e-02
1.12087e+00	5.79315e-02
1.16019e+00	5.78401e-02
1.19952e+00	5.77470e-02
1.23885e+00	5.76523e-02
1.27818e+00	5.75560e-02
1.31751e+00	5.74585e-02
1.35684e+00	5.73600e-02
1.39617e+00	5.72604e-02
1.43549e+00	5.71598e-02
1.47482e+00	5.70583e-02
1.51415e+00	5.69557e-02
1.55348e+00	5.68521e-02
1.59281e+00	5.67478e-02
1.63214e+00	5.66432e-02
1.67147e+00	5.65384e-02
1.71079e+00	5.64335e-02
1.75012e+00	5.63286e-02
1.78945e+00	5.62237e-02
1.82878e+00	5.61187e-02
1.86811e+00	5.60136e-02
1.90744e+00	5.59084e-02
1.94677e+00	5.58029e-02
1.98610e+00	5.56971e-02
2.02542e+00	5.55910e-02
2.06475e+00	5.54844e-02
2.10408e+00	5.53772e-02
2.14341e+00	5.52694e-02
2.18274e+00	5.51609e-02
2.22207e+00	5.50517e-02
2.26140e+00	5.49418e-02
2.30072e+00	5.48311e-02
2.34005e+00	5.47196e-02
2.37938e+00	5.46073e-02
2.41871e+00	5.44941e-02
2.45804e+00	5.43801e-02
2.49737e+00	5.42650e-02
2.53670e+00	5.41490e-02
2.57602e+00	5.40320e-02
2.61535e+00	5.39140e-02
2.65468e+00	5.37949e-02
2.69401e+00	5.36747e-02
2.73334e+00	5.35535e-02
2.77267e+00	5.34313e-02
2.81200e+00	5.33079e-02
2.85132e+00	5.31835e-02
2.89065e+00	5.30580e-02
2.92998e+00	5.29315e-02
2.96931e+00	5.28039e-02
3.00864e+00	5.26752e-02
3.04797e+00	5.25455e-02
3.08730e+00	5.24148e-02
3.12663e+00	5.22831e-02
3.16595e+00	5.21503e-02
3.20528e+00	5.20166e-02
3.24461e+00	5.18819e-02
3.28394e+00	5.17462e-02
3.32327e+00	5.16096e-02
3.36260e+00	5.14720e-02
3.40193e+00	5.13334e-02
3.44125e+00	5.11940e-02
3.48058e+00	5.10536e-02
3.51991e+00	5.09123e-02
3.55924e+00	5.07701e-02
3.59857e+00	5.06271e-02
3.63790e+00	5.04832e-02
3.67723e+00	5.03385e-02
3.71655e+00	5.01929e-02
3.75588e+00	5.00466e-02
3.79521e+00	4.98994e-02
3.83454e+00	4.97515e-02
3.87387e+00	4.96029e-02
3.91320e+00	4.94535e-02
3.95253e+00	4.93033e-02
3.99185e+00	4.91525e-02
4.03118e+00	4.90007e-02
4.07051e+00	4.88480e-02
4.10984e+00	4.86942e-02
4.14917e+00	4.85393e-02
4.18850e+00	4.83834e-02
4.22783e+00	4.82265e-02
4.26716e+00	4.80685e-02
4.30648e+00	4.79096e-02
4.34581e+00	4.77496e-02
4.38514e+00	4.75887e-02
4.42447e+00	4.74268e-02
4.46380e+00	4.72640e-02
4.50313e+00	4.71003e-02
4.54246e+00	4.69356e-02
4.58178e+00	4.67700e-02
4.62111e+00	4.66035e-02
4.66044e+00	4.64362e-02
4.69977e+00	4.62680e-02
4.73910e+00	4.60989e-02
4.77843e+00	4.59291e-02
4.81776e+00	4.57584e-02
4.85708e+00	4.55869e-02
4.89641e+00	4.54146e-02
4.93574e+00	4.52415e-02
4.97507e+00	4.50677e-02
5.01440e+00	4.48931e-02
5.05373e+00	4.47177e-02
5.09306e+00	4.45416e-02
5.13238e+00	4.43646e-02
5.17171e+00	4.41868e-02
5.21104e+00	4.40083e-02
5.25037e+00	4.38290e-02
5.28970e+00	4.36490e-02
5.32903e+00	4.34683e-02
5.36836e+00	4.32868e-02
5.40768e+00	4.31047e-02
5.44701e+00	4.29218e-02
5.48634e+00	4.27383e-02
5.52567e+00	4.25541e-02
5.56500e+00	4.23692e-02
5.60433e+00	4.21837e-02
5.64366e+00	4.19976e-02
5.68299e+00	4.18108e-02
5.72231e+00	4.16234e-02
5.76164e+00	4.14355e-02
5.80097e+00	4.12469e-02
5.84030e+00	4.10578e-02
5.87963e+00	4.08681e-02
5.91896e+00	4.06778e-02
5.95829e+00	4.04871e-02
5.99761e+00	4.02958e-02
6.03694e+00	4.01040e-02
6.07627e+00	3.99117e-02
6.11560e+00	3.97190e-02
6.15493e+00	3.95259e-02
6.19426e+00	3.93323e-02
6.23359e+00	3.91384e-02
6.27291e+00	3.89441e-02
6.31224e+00	3.87493e-02
6.35157e+00	3.85542e-02
6.39090e+00	3.83588e-02
6.43023e+00	3.81629e-02
6.46956e+00	3.79668e-02
6.50889e+00	3.77702e-02
6.54821e+00	3.75734e-02
6.58754e+00	3.73761e-02
6.62687e+00	3.71786e-02
6.66620e+00	3.69808e-02
6.70553e+00	3.67826e-02
6.74486e+00	3.65841e-02
6.78419e+00	3.63853e-02
6.82352e+00	3.61862e-02
6.86284e+00	3.59869e-02
6.90217e+00	3.57872e-02
6.94150e+00	3.55873e-02
6.98083e+00	3.53871e-02
7.02016e+00	3.51868e-02
7.05949e+00	3.49863e-02
7.09882e+00	3.47857e-02
7.13814e+00	3.45851e-02
7.17747e+00	3.43844e-02
7.21680e+00	3.41836e-02
7.25613e+00	3.39828e-02
7.29546e+00	3.37820e-02
7.33479e+00	3.35812e-02
7.37412e+00	3.33803e-02
7.41344e+00	3.31794e-02
7.45277e+00	3.29784e-02
7.49210e+00	3.27775e-02
7.53143e+00	3.25765e-02
7.57076e+00	3.23755e-02
7.61009e+00	3.21745e-02
7.64942e+00	3.19735e-02
7.68874e+00	3.17724e-02
7.72807e+00	3.15714e-02
7.76740e+00	3.13704e-02
7.80673e+00	3.11693e-02
7.84606e+00	3.09682e-02
7.88539e+00	3.07672e-02
7.92472e+00	3.05661e-02
7.96405e+00	3.03651e-02
8.00337e+00	3.01640e-02
8.04270e+00	2.99629e-02
8.08203e+00	2.97619e-02
8.12136e+00	2.95608e-02
8.16069e+00	2.93598e-02
8.20002e+00	2.91588e-02
8.23935e+00	2.89577e-02
8.27867e+00	2.87567e-02
8.31800e+00	2.85557e-02
8.35733e+00	2.83547e-02
8.39666e+00	2.81537e-02
8.43599e+00	2.79528e-02
8.47532e+00	2.77518e-02
8.51465e+00	2.75509e-02
8.55397e+00	2.73500e-02
8.59330e+00	2.71491e-02
8.63263e+00	2.69482e-02
8.67196e+00	2.67473e-02
8.71129e+00	2.65465e-02
8.75062e+00	2.63456e-02
8.78995e+00	2.61448e-02
8.82927e+00	2.59441e-02
8.86860e+00	2.57433e-02
8.90793e+00	2.55426e-02
8.94726e+00	2.53419e-02
8.98659e+00	2.51412e-02
9.02592e+00	2.49406e-02
9.06525e+00	2.47401e-02
9.10458e+00	2.45396e-02
9.14390e+00	2.43393e-02
9.18323e+00	2.41389e-02
9.22256e+00	2.39387e-02
9.26189e+00	2.37385e-02
9.30122e+00	2.35384e-02
9.34055e+00	2.33384e-02
9.37988e+00	2.31385e-02
9.41920e+00	2.29386e-02
9.45853e+00	2.27388e-02
9.49786e+00	2.25391e-02
9.53719e+00	2.23395e-02
9.57652e+00	2.21400e-02
9.61585e+00	2.19405e-02
9.65518e+00	2.17411e-02
9.69450e+00	2.15418e-02
9.73383e+00	2.13427e-02
9.77316e+00	2.11436e-02
9.81249e+00	2.09446e-02
9.85182e+00	2.07458e-02
9.89115e+00	2.05470e-02
9.93048e+00	2.03484e-02
9.96980e+00	2.01499e-02
1.00091e+01	1.99515e-02
1.00485e+01	1.97531e-02
1.00878e+01	1.95553e-02
1.01271e+01	1.93581e-02
1.01664e+01	1.91613e-02
1.02058e+01	1.89650e-02
1.02451e+01	1.87692e-02
1.02844e+01	1.85739e-02
1.03238e+01	1.83791e-02
1.03631e+01	1.81848e-02
1.04024e+01	1.79910e-02
1.04417e+01	1.77977e-02
1.04811e+01	1.76048e-02
1.05204e+01	1.74124e-02
1.05597e+01	1.72205e-02
1.05991e+01	1.70290e-02
1.06384e+01	1.68381e-02
1.06777e+01	1.66479e-02
1.07170e+01	1.64586e-02
1.07564e+01	1.62701e-02
1.07957e+01	1.60824e-02
1.08350e+01	1.58955e-02
1.08744e+01	1.57094e-02
1.09137e+01	1.55241e-02
1.09530e+01	1.53395e-02
1.09923e+01	1.51558e-02
1.10317e+01	1.49728e-02
1.10710e+01	1.47905e-02
1.11103e+01	1.46090e-02
1.11497e+01	1.44282e-02
1.11890e+01	1.42482e-02
1.12283e+01	1.40689e-02
1.12676e+01	1.38903e-02
1.13070e+01	1.37123e-02
1.13463e+01	1.35351e-02
1.13856e+01	1.33585e-02
1.14250e+01	1.31825e-02
1.14643e+01	1.30071e-02
1.15036e+01	1.28322e-02
1.15429e+01	1.26579e-02
1.15823e+01	1.24839e-02
1.16216e+01	1.23105e-02
1.16609e+01	1.21377e-02
1.17003e+01	1.19662e-02
1.17396e+01	1.17960e-02
1.17789e+01	1.16267e-02
1.18182e+01	1.14585e-02
1.18576e+01	1.12913e-02
1.18969e+01	1.11260e-02
1.19362e+01	1.09621e-02
1.19756e+01	1.07993e-02
1.20149e+01	1.06377e-02
1.20542e+01	1.04770e-02
1.20936e+01	1.03173e-02
1.21329e+01	1.01587e-02
1.21722e+01	1.00011e-02
1.22115e+01	9.84463e-03
1.22509e+01	9.68922e-03
1.22902e+01	9.53497e-03
1.23295e+01	9.38196e-03
1.23689e+01	9.23021e-03
1.24082e+01	9.07976e-03
1.24475e+01	8.93061e-03
1.24868e+01	8.78281e-03
1.25262e+01	8.63641e-03
1.25655e+01	8.49144e-03
1.26048e+01	8.34803e-03
1.26442e+01	8.20633e-03
1.26835e+01	8.06634e-03
1.27228e+01	7.92809e-03
1.27621e+01	7.79157e-03
1.28015e+01	7.65675e-03
1.28408e+01	7.52363e-03
1.28801e+01	7.39213e-03
1.29195e+01	7.26209e-03
1.29588e+01	7.13355e-03
1.29981e+01	7.00630e-03
1.30374e+01	6.88019e-03
1.30768e+01	6.75641e-03
1.31161e+01	6.63489e-03
1.31554e+01	6.51480e-03
1.31948e+01	6.39583e-03
1.32341e+01	6.27838e-03
1.32734e+01	6.16229e-03
1.33127e+01	6.04734e-03
1.33521e+01	5.93341e-03
1.33914e+01	5.82040e-03
1.34307e+01	5.70834e-03
1.34701e+01	5.59730e-03
1.35094e+01	5.48742e-03
1.35487e+01	5.37870e-03
1.35880e+01	5.27114e-03
1.36274e+01	5.16476e-03
1.36667e+01	5.05958e-03
1.37060e+01	4.95560e-03
1.37454e+01	4.85283e-03
1.37847e+01	4.75126e-03
1.38240e+01	4.65090e-03
1.38633e+01	4.55173e-03
1.39027e+01	4.45377e-03
1.39420e+01	4.35702e-03
1.39813e+01	4.26150e-03
1.40207e+01	4.16723e-03
1.40600e+01	4.07423e-03
1.40993e+01	3.98253e-03
1.41386e+01	3.89215e-03
1.41780e+01	3.80310e-03
1.42173e+01	3.71539e-03
1.42566e+01	3.62902e-03
1.42960e+01	3.54400e-03
1.43353e+01	3.46035e-03
1.43746e+01	3.37806e-03
1.44139e+01	3.29715e-03
1.44533e+01	3.21762e-03
1.44926e+01	3.13947e-03
1.45319e+01	3.06271e-03
1.45713e+01	2.98732e-03
1.46106e+01	2.91332e-03
1.46499e+01	2.84069e-03
1.46892e+01	2.76944e-03
1.47286e+01	2.69955e-03
1.47679e+01	2.63103e-03
1.48072e+01	2.56385e-03
1.48466e+01	2.49803e-03
1.48859e+01	2.43354e-03
1.49252e+01	2.37038e-03
1.49645e+01	2.30854e-03
1.50039e+01	2.24801e-03
1.50432e+01	2.18879e-03
1.50825e+01	2.13085e-03
1.51219e+01	2.07418e-03
1.51612e+01	2.01875e-03
1.52005e+01	1.96454e-03
1.52398e+01	1.91152e-03
1.52792e+01	1.85968e-03
1.53185e+01	1.80900e-03
1.53578e+01	1.75945e-03
1.53972e+01	1.71101e-03
1.54365e+01	1.66367e-03
1.54758e+01	1.61741e-03
1.55151e+01	1.57220e-03
1.55545e+01	1.52802e-03
1.55938e+01	1.48485e-03
1.56331e+01	1.44268e-03
1.56725e+01	1.40148e-03
1.57118e+01	1.36123e-03
1.57511e+01	1.32191e-03
1.57904e+01	1.28349e-03
1.58298e+01	1.24596e-03
1.58691e+01	1.20930e-03
1.59084e+01	1.17352e-03
1.59478e+01	1.13862e-03
1.59871e+01	1.10458e-03
1.60264e+01	1.07139e-03
1.60657e+01	1.03905e-03
1.61051e+01	1.00754e-03
1.61444e+01	9.76848e-04
1.61837e+01	9.46956e-04
1.62231e+01	9.17849e-04
1.62624e+01	8.89512e-04
1.63017e+01	8.61930e-04
1.63410e+01	8.35088e-04
1.63804e+01	8.08971e-04
1.64197e+01	7.83564e-04
1.64590e+01	7.58851e-04
1.64984e+01	7.34819e-04
1.65377e+01	7.11452e-04
1.65770e+01	6.88735e-04
1.66163e+01	6.66657e-04
1.66557e+01	6.45202e-04
1.66950e+01	6.24358e-04
1.67343e+01	6.04112e-04
1.67737e+01	5.84449e-04
1.68130e+01	5.65357e-04
1.68523e+01	5.46823e-04
1.68916e+01	5.28834e-04
1.69310e+01	5.11378e-04
1.69703e+01	4.94441e-04
1.70096e+01	4.78012e-04
1.70490e+01	4.62078e-04
1.70883e+01	4.46628e-04
1.71276e+01	4.31648e-04
1.71669e+01	4.17127e-04
1.72063e+01	4.03052e-04
1.72456e+01	3.89411e-04
1.72849e+01	3.76194e-04
1.73243e+01	3.63389e-04
1.73636e+01	3.50985e-04
1.74029e+01	3.38970e-04
1.74422e+01	3.27335e-04
1.74816e+01	3.16069e-04
1.75209e+01	3.05161e-04
1.75602e+01	2.94602e-04
1.75996e+01	2.84382e-04
1.76389e+01	2.74492e-04
1.76782e+01	2.64923e-04
1.77175e+01	2.55665e-04
1.77569e+01	2.46710e-04
1.77962e+01	2.38049e-04
1.78355e+01	2.29674e-04
1.78749e+01	2.21577e-04
1.79142e+01	2.13747e-04
1.79535e+01	2.06178e-04
1.79928e+01	1.98861e-04
1.80322e+01	1.91790e-04
1.80715e+01	1.84958e-04
1.81108e+01	1.78357e-04
1.81502e+01	1.71979e-04
1.81895e+01	1.65819e-04
1.82288e+01	1.59867e-04
1.82681e+01	1.54117e-04
1.83075e+01	1.48563e-04
1.83468e+01	1.43198e-04
1.83861e+01	1.38017e-04
1.84255e+01	1.33014e-04
1.84648e+01	1.28182e-04
1.85041e+01	1.23518e-04
1.85434e+01	1.19014e-04
1.85828e+01	1.14667e-04
1.86221e+01	1.10470e-04
1.86614e+01	1.06420e-04
1.87008e+01	1.02511e-04
1.87401e+01	9.87397e-05
1.87794e+01	9.51006e-05
1.88187e+01	9.15897e-05
1.88581e+01	8.82030e-05
1.88974e+01	8.49365e-05
1.89367e+01	8.17862e-05
1.89761e+01	7.87483e-05
1.90154e+01	7.58192e-05
1.90547e+01	7.29954e-05
1.90940e+01	7.02733e-05
1.91334e+01	6.76494e-05
1.91727e+01	6.51204e-05
1.92120e+01	6.26829e-05
1.92514e+01	6.03339e-05
1.92907e+01	5.80703e-05
1.93300e+01	5.58890e-05
1.93693e+01	5.37874e-05
1.94087e+01	5.17625e-05
1.94480e+01	4.98118e-05
1.94873e+01	4.79327e-05
1.95267e+01	4.61226e-05
1.95660e+01	4.43792e-05
1.96053e+01	4.27002e-05
1.96446e+01	4.10833e-05
1.96840e+01	3.95263e-05
1.97233e+01	3.80272e-05
1.97626e+01	3.65840e-05
1.98020e+01	3.51946e-05
1.98413e+01	3.38573e-05
1.98806e+01	3.25702e-05
1.99199e+01	3.13313e-05
1.99593e+01	3.01381e-05
1.99986e+01	2.89890e-05
2.00379e+01	2.78825e-05
2.00773e+01	2.68170e-05
2.01166e+01	2.57910e-05
2.01559e+01	2.48032e-05
2.01952e+01	2.38521e-05
2.02346e+01	2.29365e-05
2.02739e+01	2.20551e-05
2.03132e+01	2.12067e-05
2.03526e+01	2.03901e-05
2.03919e+01	1.96041e-05
2.04312e+01	1.88477e-05
2.04705e+01	1.81198e-05
2.05099e+01	1.74194e-05
2.05492e+01	1.67456e-05
2.05885e+01	1.60973e-05
2.06279e+01	1.54736e-05
2.06672e+01	1.48736e-05
2.07065e+01	1.42963e-05
2.07458e+01	1.37409e-05
2.07852e+01	1.32067e-05
2.08245e+01	1.26927e-05
2.08638e+01	1.21984e-05
2.09032e+01	1.17228e-05
2.09425e+01	1.12654e-05
2.09818e+01	1.08255e-05
2.10211e+01	1.04024e-05
2.10605e+01	9.99552e-06
2.10998e+01	9.60424e-06
2.11391e+01	9.22798e-06
2.11785e+01	8.86616e-06
2.12178e+01	8.51826e-06
2.12571e+01	8.18374e-06
2.12964e+01	7.86211e-06
2.13358e+01	7.55287e-06
2.13751e+01	7.25557e-06
2.14144e+01	6.96974e-06
2.14538e+01	6.69495e-06
2.14931e+01	6.43080e-06
2.15324e+01	6.17686e-06
2.15717e+01	5.93277e-06
2.16111e+01	5.69814e-06
2.16504e+01	5.47263e-06
2.16897e+01	5.25589e-06
2.17291e+01	5.04758e-06
2.17684e+01	4.84740e-06
2.18077e+01	4.65503e-06
2.18470e+01	4.47018e-06
2.18864e+01	4.29257e-06
2.19257e+01	4.12193e-06
2.19650e+01	3.95800e-06
2.20044e+01	3.80052e-06
2.20437e+01	3.64924e-06
2.20830e+01	3.50394e-06
2.21223e+01	3.36438e-06
2.21617e+01	3.23033e-06
2.22010e+01	3.10159e-06
2.22403e+01	2.97793e-06
2.22797e+01	2.85916e-06
2.23190e+01	2.74509e-06
2.23583e+01	2.63553e-06
2.23976e+01	2.53030e-06
2.24370e+01	2.42924e-06
2.24763e+01	2.33217e-06
2.25156e+01	2.23894e-06
2.25550e+01	2.14941e-06
2.25943e+01	2.06342e-06
2.26336e+01	1.98083e-06
2.26729e+01	1.90152e-06
2.27123e+01	1.82535e-06
2.27516e+01	1.75221e-06
2.27909e+01	1.68197e-06
2.28303e+01	1.61453e-06
2.28696e+01	1.54976e-06
2.29089e+01	1.48757e-06
2.29482e+01	1.42786e-06
2.29876e+01	1.37053e-06
2.30269e+01	1.31549e-06
2.30662e+01	1.26265e-06
2.31056e+01	1.21191e-06
2.31449e+01	1.16321e-06
2.31842e+01	1.11645e-06
2.32235e+01	1.07156e-06
2.32629e+01	1.02846e-06
2.33022e+01	9.87092e-07
2.33415e+01	9.47376e-07
2.33809e+01	9.09250e-07
2.34202e+01	8.72650e-07
2.34595e+01	8.37517e-07
2.34988e+01	8.03790e-07
2.35382e+01	7.71415e-07
2.35775e+01	7.40338e-07
2.36168e+01	7.10508e-07
2.36562e+01	6.81874e-07
2.36955e+01	6.54388e-07
2.37348e+01	6.28006e-07
2.37741e+01	6.02683e-07
2.38135e+01	5.78376e-07
2.38528e+01	5.55046e-07
2.38921e+01	5.32653e-07
2.39315e+01	5.11160e-07
2.39708e+01	4.90531e-07
2.40101e+01	4.70731e-07
2.40494e+01	4.51728e-07
2.40888e+01	4.33489e-07
2.41281e+01	4.15984e-07
2.41674e+01	3.99184e-07
2.42068e+01	3.83061e-07
2.42461e+01	3.67587e-07
2.42854e+01	3.52737e-07
2.43248e+01	3.38485e-07
2.43641e+01	3.24809e-07
2.44034e+01	3.11685e-07
2.44427e+01	2.99090e-07
2.44821e+01	2.87005e-07
2.45214e+01	2.75407e-07
2.45607e+01	2.64279e-07
2.46001e+01	2.53601e-07
2.46394e+01	2.43356e-07
2.46787e+01	2.33525e-07
2.47180e+01	2.24093e-07
2.47574e+01	2.15042e-07
2.47967e+01	2.06357e-07
2.48360e+01	1.98022e-07
2.48754e+01	1.90025e-07
2.49147e+01	1.82351e-07
2.49540e+01	1.74988e-07
2.49933e+01	1.67923e-07
2.50327e+01	1.61144e-07
2.50720e+01	1.54641e-07
2.51113e+01	1.48402e-07
2.51507e+01	1.42416e-07
2.51900e+01	1.36673e-07
2.52293e+01	1.31160e-07
2.52686e+01	1.25870e-07
2.53080e+01	1.20792e-07
2.53473e+01	1.15919e-07
2.53866e+01	1.11241e-07
2.54260e+01	1.06752e-07
2.54653e+01	1.02443e-07
2.55046e+01	9.83062e-08
2.55439e+01	9.43359e-08
2.55833e+01	9.05250e-08
2.56226e+01	8.68672e-08
2.56619e+01	8.33562e-08
2.57013e+01	7.99863e-08
2.57406e+01	7.67518e-08
2.57799e+01	7.36474e-08
2.58192e+01	7.06679e-08
2.58586e+01	6.78084e-08
2.58979e+01	6.50641e-08
2.59372e+01	6.24304e-08
2.59766e+01	5.99030e-08
2.60159e+01	5.74778e-08
2.60552e+01	5.51507e-08
2.60945e+01	5.29178e-08
2.61339e+01	5.07753e-08
2.61732e+01	4.87194e-08
2.62125e+01	4.67467e-08
2.62519e+01	4.48539e-08
2.62912e+01	4.30377e-08
2.63305e+01	4.12949e-08
2.63698e+01	3.96227e-08
2.64092e+01	3.80181e-08
2.64485e+01	3.64784e-08
2.64878e+01	3.50011e-08
2.65272e+01	3.35835e-08
2.65665e+01	3.22232e-08
2.66058e+01	3.09180e-08
2.66451e+01	2.96657e-08
2.66845e+01	2.84640e-08
2.67238e+01	2.73110e-08
2.67631e+01	2.62046e-08
2.68025e+01	2.51430e-08
2.68418e+01	2.41244e-08
2.68811e+01	2.31470e-08
2.69204e+01	2.22092e-08
2.69598e+01	2.13093e-08
2.69991e+01	2.04459e-08
2.70384e+01	1.96174e-08
2.70778e+01	1.88225e-08
2.71171e+01	1.80598e-08
2.71564e+01	1.73279e-08
2.71957e+01	1.66257e-08
2.72351e+01	1.59519e-08
2.72744e+01	1.53055e-08
2.73137e+01	1.46852e-08
2.73531e+01	1.40900e-08
2.73924e+01	1.35189e-08
2.74317e+01	1.29710e-08
2.74710e+01	1.24453e-08
2.75104e+01	1.19409e-08
2.75497e+01	1.14569e-08
2.75890e+01	1.09925e-08
2.76284e+01	1.05469e-08
2.76677e+01	1.01194e-08
2.77070e+01	9.70920e-09
2.77463e+01	9.31563e-09
2.77857e+01	8.93800e-09
2.78250e+01	8.57567e-09
2.78643e+01	8.22803e-09
2.79037e+01	7.89446e-09
2.79430e+01	7.57441e-09
2.79823e+01	7.26733e-09
2.80216e+01	6.97268e-09
2.80610e+01	6.68997e-09
2.81003e+01	6.41872e-09
2.81396e+01	6.15845e-09
2.81790e+01	5.90873e-09
2.82183e+01	5.66913e-09
2.82576e+01	5.43924e-09
2.82969e+01	5.21866e-09
2.83363e+01	5.00703e-09
2.83756e+01	4.80397e-09
2.84149e+01	4.60915e-09
2.84543e+01	4.42222e-09
2.84936e+01	4.24288e-09
2.85329e+01	4.07081e-09
2.85722e+01	3.90572e-09
2.86116e+01	3.74732e-09
2.86509e+01	3.59535e-09
2.86902e+01	3.44955e-09
2.87296e+01	3.30966e-09
2.87689e+01	3.17545e-09
2.88082e+01	3.04668e-09
2.88475e+01	2.92314e-09
2.88869e+01	2.80461e-09
2.89262e+01	2.69090e-09
2.89655e+01	2.58180e-09
2.90049e+01	2.47713e-09
2.90442e+01	2.37671e-09
2.90835e+01	2.28036e-09
2.91228e+01	2.18793e-09
2.91622e+01	2.09925e-09
2.92015e+01	2.01418e-09
2.92408e+01	1.93256e-09
2.92802e+01	1.85425e-09
2.93195e+01	1.77913e-09
2.93588e+01	1.70706e-09
2.93981e+01	1.63791e-09
2.94375e+01	1.57158e-09
2.94768e+01	1.50795e-09
2.95161e+01	1.44690e-09
2.95555e+01	1.38833e-09
2.95948e+01	1.33215e-09
2.96341e+01	1.27825e-09
2.96734e+01	1.22653e-09
2.97128e+01	1.17692e-09
2.97521e+01	1.12932e-09
2.97914e+01	1.08366e-09
2.98308e+01	1.03985e-09
2.98701e+01	9.97830e-10
2.99094e+01	9.57517e-10
2.99487e+01	9.18845e-10
2.99881e+01	8.81748e-10
3.00274e+01	8.46163e-10
3.00667e+01	8.12029e-10
3.01061e+01	7.79286e-10
3.01454e+01	7.47868e-10
3.01847e+01	7.17719e-10
3.02240e+01	6.88788e-10
3.02634e+01	6.61024e-10
3.03027e+01	6.34381e-10
3.03420e+01	6.08813e-10
3.03814e+01	5.84275e-10
3.04207e+01	5.60727e-10
3.04600e+01	5.38128e-10
3.04993e+01	5.16440e-10
3.05387e+01	4.95626e-10
3.05780e+01	4.75650e-10
3.06173e+01	4.56479e-10
3.06567e+01	4.38080e-10
3.06960e+01	4.20423e-10
3.07353e+01	4.03476e-10
3.07746e+01	3.87212e-10
3.08140e+01	3.71603e-10
3.08533e+01	3.56622e-10
3.08926e+01	3.42245e-10
3.09320e+01	3.28447e-10
3.09713e+01	3.15205e-10
3.10106e+01	3.02496e-10
3.10499e+01	2.90299e-10
3.10893e+01	2.78593e-10
3.11286e+01	2.67358e-10
3.11679e+01	2.56577e-10
3.12073e+01	2.46229e-10
3.12466e+01	2.36299e-10
3.12859e+01	2.26768e-10
3.13252e+01	2.17621e-10
3.13646e+01	2.08843e-10
3.14039e+01	2.00419e-10
3.14432e+01	1.92334e-10
3.14826e+01	1.84575e-10
3.15219e+01	1.77129e-10
3.15612e+01	1.69983e-10
3.16005e+01	1.63125e-10
3.16399e+01	1.56543e-10
3.16792e+01	1.50227e-10
3.17185e+01	1.44165e-10
3.17579e+01	1.38348e-10
3.17972e+01	1.32765e-10
3.18365e+01	1.27408e-10
3.18758e+01	1.22267e-10
3.19152e+01	1.17333e-10
3.19545e+01	1.12598e-10
3.19938e+01	1.08054e-10
3.20332e+01	1.03693e-10
3.20725e+01	9.95085e-11
3.21118e+01	9.54928e-11
3.21511e+01	9.16392e-11
3.21905e+01	8.79411e-11
3.22298e+01	8.43923e-11
3.22691e+01	8.09868e-11
3.23085e+01	7.77188e-11
3.23478e+01	7.45826e-11
3.23871e+01	7.15731e-11
3.24264e+01	6.86850e-11
3.24658e+01	6.59134e-11
3.25051e+01	6.32538e-11
3.25444e+01	6.07015e-11
3.25838e+01	5.82522e-11
3.26231e+01	5.59018e-11
3.26624e+01	5.36462e-11
3.27017e+01	5.14817e-11
3.27411e+01	4.94046e-11
3.27804e+01	4.74113e-11
3.28197e+01	4.54984e-11
3.28591e+01	4.36628e-11
3.28984e+01	4.19012e-11
3.29377e+01	4.02108e-11
3.29770e+01	3.85886e-11
3.30164e+01	3.70318e-11
3.30557e+01	3.55379e-11
3.30950e+01	3.41043e-11
3.31344e+01	3.27286e-11
3.31737e+01	3.14084e-11
3.32130e+01	3.01415e-11
3.32523e+01	2.89257e-11
3.32917e+01	2.77590e-11
3.33310e+01	2.66393e-11
3.33703e+01	2.55649e-11
3.34097e+01	2.45339e-11
3.34490e+01	2.35444e-11
3.34883e+01	2.25949e-11
3.35276e+01	2.16837e-11
3.35670e+01	2.08094e-11
3.36063e+01	1.99703e-11
3.36456e+01	1.91650e-11
3.36850e+01	1.83923e-11
3.37243e+01	1.76508e-11
3.37636e+01	1.69392e-11
3.38029e+01	1.62564e-11
3.38423e+01	1.56011e-11
3.38816e+01	1.49723e-11
3.39209e+01	1.43689e-11
3.39603e+01	1.37898e-11
3.39996e+01	1.32342e-11
3.40389e+01	1.27010e-11
3.40782e+01	1.21894e-11
3.41176e+01	1.16984e-11
3.41569e+01	1.12273e-11
3.41962e+01	1.07752e-11
3.42356e+01	1.03413e-11
3.42749e+01	9.92499e-12
3.43142e+01	9.52547e-12
3.43535e+01	9.14207e-12
3.43929e+01	8.77414e-12
3.44322e+01	8.42107e-12
3.44715e+01	8.08224e-12
3.45109e+01	7.75708e-12
3.45502e+01	7.44504e-12
3.45895e+01	7.14559e-12
3.46288e+01	6.85821e-12
3.46682e+01	6.58243e-12
3.47075e+01	6.31776e-12
3.47468e+01	6.06377e-12
3.47862e+01	5.82001e-12
3.48255e+01	5.58608e-12
3.48648e+01	5.36158e-12
3.49041e+01	5.14612e-12
3.49435e+01	4.93934e-12
3.49828e+01	4.74088e-12
3.50221e+01	4.55042e-12
3.50615e+01	4.36762e-12
3.51008e+01	4.19218e-12
3.51401e+01	4.02380e-12
3.51794e+01	3.86220e-12
3.52188e+01	3.70710e-12
3.52581e+01	3.55824e-12
3.52974e+01	3.41536e-12
3.53368e+01	3.27824e-12
3.53761e+01	3.14663e-12
3.54154e+01	3.02031e-12
3.54547e+01	2.89907e-12
3.54941e+01	2.78270e-12
3.55334e+01	2.67102e-12
3.55727e+01	2.56382e-12
3.56121e+01	2.46093e-12
3.56514e+01	2.36218e-12
3.56907e+01	2.26739e-12
3.57300e+01	2.17641e-12
3.57694e+01	2.08909e-12
3.58087e+01	2.00527e-12
3.58480e+01	1.92483e-12
3.58874e+01	1.84761e-12
3.59267e+01	1.77349e-12
3.59660e+01	1.70235e-12
3.60053e+01	1.63406e-12
3.60447e+01	1.56852e-12
3.60840e+01	1.50561e-12
3.61233e+01	1.44523e-12
3.61627e+01	1.38728e-12
3.62020e+01	1.33165e-12
3.62413e+01	1.27825e-12
3.62807e+01	1.22699e-12
3.63200e+01	1.17779e-12
3.63593e+01	1.13055e-12
3.63986e+01	1.08521e-12
3.64380e+01	1.04168e-12
3.64773e+01	9.99881e-13
3.65166e+01	9.59754e-13
3.65560e+01	9.21227e-13
3.65953e+01	8.84235e-13
3.66346e+01	8.48716e-13
3.66739e+01	8.14610e-13
3.67133e+01	7.81859e-13
3.67526e+01	7.50408e-13
3.67919e+01	7.20203e-13
3.68313e+01	6.91196e-13
3.68706e+01	6.63335e-13
3.69099e+01	6.36575e-13
3.69492e+01	6.10872e-13
3.69886e+01	5.86180e-13
3.70279e+01	5.62460e-13
3.70672e+01	5.39672e-13
3.71066e+01	5.17777e-13
3.71459e+01	4.96739e-13
3.71852e+01	4.76523e-13
3.72245e+01	4.57096e-13
3.72639e+01	4.38424e-13
3.73032e+01	4.20476e-13
3.73425e+01	4.03223e-13
3.73819e+01	3.86636e-13
3.74212e+01	3.70687e-13
3.74605e+01	3.55349e-13
3.74998e+01	3.40598e-13
3.75392e+01	3.26408e-13
3.75785e+01	3.12756e-13
3.76178e+01	2.99619e-13
3.76572e+01	2.86976e-13
3.76965e+01	2.74805e-13
3.77358e+01	2.63087e-13
3.77751e+01	2.51802e-13
3.78145e+01	2.40932e-13
3.78538e+01	2.30459e-13
3.78931e+01	2.20365e-13
3.79325e+01	2.10635e-13
3.79718e+01	2.01251e-13
3.80111e+01	1.92200e-13
3.80504e+01	1.83465e-13
3.80898e+01	1.75033e-13
3.81291e+01	1.66891e-13
3.81684e+01	1.59024e-13
3.82078e+01	1.51421e-13
3.82471e+01	1.44069e-13
3.82864e+01	1.36956e-13
3.83257e+01	1.30071e-13
3.83651e+01	1.23403e-13
3.84044e+01	1.16941e-13
3.84437e+01	1.10676e-13
3.84831e+01	1.04598e-13
3.85224e+01	9.86958e-14
3.85617e+01	9.29618e-14
3.86010e+01	8.73866e-14
3.86404e+01	8.19617e-14
3.86797e+01	7.66789e-14
3.87190e+01	7.15303e-14
3.87584e+01	6.65084e-14
3.87977e+01	6.16058e-14
3.88370e+01	5.68157e-14
3.88763e+01	5.21313e-14
3.89157e+01	4.75465e-14
3.89550e+01	4.30551e-14
3.89943e+01	3.86516e-14
3.90337e+01	3.43307e-14
3.90730e+01	3.00875e-14
3.91123e+01	2.59174e-14
3.91516e+01	2.18166e-14
3.91910e+01	1.77814e-14
3.92303e+01	1.38088e-14
3.92696e+01	9.89654e-15
3.93090e+01	6.04267e-15
