# The ell = 0 distribution, the isotropy.
# E_N [Td]	2.00000e+02
# col_1: Electron Energy [eV], col_2: f0 [eV^(-3/2)]
eV	f0
5.00501e-02	4.80678e-02
1.50150e-01	4.80461e-02
2.50250e-01	4.80232e-02
3.50350e-01	4.79957e-02
4.50450e-01	4.79616e-02
5.50551e-01	4.79196e-02
6.50651e-01	4.78687e-02
7.50751e-01	4.78077e-02
8.50851e-01	4.77357e-02
9.50951e-01	4.76519e-02
1.05105e+00	4.75557e-02
1.15115e+00	4.74481e-02
1.25125e+00	4.73295e-02
1.35135e+00	4.72002e-02
1.45145e+00	4.70613e-02
1.55155e+00	4.69131e-02
1.65165e+00	4.67556e-02
1.75175e+00	4.65904e-02
1.85185e+00	4.64184e-02
1.95195e+00	4.62400e-02
2.05205e+00	4.60553e-02
2.15215e+00	4.58638e-02
2.25225e+00	4.56659e-02
2.35235e+00	4.54617e-02
2.45245e+00	4.52515e-02
2.55255e+00	4.50355e-02
2.65265e+00	4.48137e-02
2.75275e+00	4.45864e-02
2.85285e+00	4.43540e-02
2.95295e+00	4.41167e-02
3.05305e+00	4.38750e-02
3.15315e+00	4.36291e-02
3.25325e+00	4.33793e-02
3.35335e+00	4.31259e-02
3.45345e+00	4.28691e-02
3.55355e+00	4.26091e-02
3.65365e+00	4.23463e-02
3.75375e+00	4.20806e-02
3.85385e+00	4.18124e-02
3.95395e+00	4.15417e-02
4.05405e+00	4.12685e-02
4.15415e+00	4.09918e-02
4.25425e+00	4.07114e-02
4.35435e+00	4.04275e-02
4.45445e+00	4.01401e-02
4.55455e+00	3.98493e-02
4.65465e+00	3.95551e-02
4.75475e+00	3.92576e-02
4.85485e+00	3.89567e-02
4.95495e+00	3.86526e-02
5.05506e+00	3.83452e-02
5.15516e+00	3.80344e-02
5.25526e+00	3.77200e-02
5.35536e+00	3.74022e-02
5.45546e+00	3.70809e-02
5.55556e+00	3.67563e-02
5.65566e+00	3.64283e-02
5.75576e+00	3.60971e-02
5.85586e+00	3.57626e-02
5.95596e+00	3.54249e-02
6.05606e+00	3.50842e-02
6.15616e+00	3.47406e-02
6.25626e+00	3.43944e-02
6.35636e+00	3.40455e-02
6.45646e+00	3.36941e-02
6.55656e+00	3.33402e-02
6.65666e+00	3.29838e-02
6.75676e+00	3.26250e-02
6.85686e+00	3.22640e-02
6.95696e+00	3.19006e-02
7.05706e+00	3.15355e-02
7.15716e+00	3.11688e-02
7.25726e+00	3.08010e-02
7.35736e+00	3.04321e-02
7.45746e+00	3.00622e-02
7.55756e+00	2.96913e-02
7.65766e+00	2.93196e-02
7.75776e+00	2.89470e-02
7.85786e+00	2.85736e-02
7.95796e+00	2.81995e-02
8.05806e+00	2.78248e-02
8.15816e+00	2.74493e-02
8.25826e+00	2.70733e-02
8.35836e+00	2.66967e-02
8.45846e+00	2.63196e-02
8.55856e+00	2.59420e-02
8.65866e+00	2.55640e-02
8.75876e+00	2.51855e-02
8.85886e+00	2.48067e-02
8.95896e+00	2.44275e-02
9.05906e+00	2.40481e-02
9.15916e+00	2.36687e-02
9.25926e+00	2.32892e-02
9.35936e+00	2.29096e-02
9.45946e+00	2.25301e-02
9.55956e+00	2.21506e-02
9.65966e+00	2.17712e-02
9.75976e+00	2.13918e-02
9.85986e+00	2.10127e-02
9.95996e+00	2.06338e-02
1.00601e+01	2.02551e-02
1.01602e+01	1.98782e-02
1.02603e+01	1.95034e-02
1.03604e+01	1.91306e-02
1.04605e+01	1.87600e-02
1.05606e+01	1.83913e-02
1.06607e+01	1.80247e-02
1.07608e+01	1.76616e-02
1.08609e+01	1.73022e-02
1.09610e+01	1.69464e-02
1.10611e+01	1.65941e-02
1.11612e+01	1.62451e-02
1.12613e+01	1.58996e-02
1.13614e+01	1.55572e-02
1.14615e+01	1.52179e-02
1.15616e+01	1.48815e-02
1.16617e+01	1.45479e-02
1.17618e+01	1.42179e-02
1.18619e+01	1.38913e-02
1.19620e+01	1.35692e-02
1.20621e+01	1.32507e-02
1.21622e+01	1.29357e-02
1.22623e+01	1.26240e-02
1.23624e+01	1.23159e-02
1.24625e+01	1.20114e-02
1.25626e+01	1.17107e-02
1.26627e+01	1.14145e-02
1.27628e+01	1.11233e-02
1.28629e+01	1.08372e-02
1.29630e+01	1.05559e-02
1.30631e+01	1.02788e-02
1.31632e+01	1.00079e-02
1.32633e+01	9.74114e-03
1.33634e+01	9.47872e-03
1.34635e+01	9.21983e-03
1.35636e+01	8.96464e-03
1.36637e+01	8.71325e-03
1.37638e+01	8.46571e-03
1.38639e+01	8.22204e-03
1.39640e+01	7.98223e-03
1.40641e+01	7.74635e-03
1.41642e+01	7.51462e-03
1.42643e+01	7.28719e-03
1.43644e+01	7.06415e-03
1.44645e+01	6.84560e-03
1.45646e+01	6.63164e-03
1.46647e+01	6.42234e-03
1.47648e+01	6.21774e-03
1.48649e+01	6.01789e-03
1.49650e+01	5.82280e-03
1.50651e+01	5.63252e-03
1.51652e+01	5.44703e-03
1.52653e+01	5.26625e-03
1.53654e+01	5.09009e-03
1.54655e+01	4.91845e-03
1.55656e+01	4.75124e-03
1.56657e+01	4.58837e-03
1.57658e+01	4.42973e-03
1.58659e+01	4.27515e-03
1.59660e+01	4.12462e-03
1.60661e+01	3.97821e-03
1.61662e+01	3.83593e-03
1.62663e+01	3.69774e-03
1.63664e+01	3.56360e-03
1.64665e+01	3.43346e-03
1.65666e+01	3.30725e-03
1.66667e+01	3.18491e-03
1.67668e+01	3.06638e-03
1.68669e+01	2.95162e-03
1.69670e+01	2.84055e-03
1.70671e+01	2.73312e-03
1.71672e+01	2.62925e-03
1.72673e+01	2.52887e-03
1.73674e+01	2.43191e-03
1.74675e+01	2.33827e-03
1.75676e+01	2.24790e-03
1.76677e+01	2.16069e-03
1.77678e+01	2.07658e-03
1.78679e+01	1.99549e-03
1.79680e+01	1.91732e-03
1.80681e+01	1.84198e-03
1.81682e+01	1.76940e-03
1.82683e+01	1.69949e-03
1.83684e+01	1.63214e-03
1.84685e+01	1.56727e-03
1.85686e+01	1.50481e-03
1.86687e+01	1.44468e-03
1.87688e+01	1.38680e-03
1.88689e+01	1.33112e-03
1.89690e+01	1.27756e-03
1.90691e+01	1.22607e-03
1.91692e+01	1.17657e-03
1.92693e+01	1.12900e-03
1.93694e+01	1.08331e-03
1.94695e+01	1.03941e-03
1.95696e+01	9.97256e-04
1.96697e+01	9.56784e-04
1.97698e+01	9.17939e-04
1.98699e+01	8.80666e-04
1.99700e+01	8.44891e-04
2.00701e+01	8.10508e-04
2.01702e+01	7.77469e-04
2.02703e+01	7.45727e-04
2.03704e+01	7.15234e-04
2.04705e+01	6.85947e-04
2.05706e+01	6.57826e-04
2.06707e+01	6.30828e-04
2.07708e+01	6.04904e-04
2.08709e+01	5.80012e-04
2.09710e+01	5.56112e-04
2.10711e+01	5.33168e-04
2.11712e+01	5.11145e-04
2.12713e+01	4.90005e-04
2.13714e+01	4.69717e-04
2.14715e+01	4.50246e-04
2.15716e+01	4.31560e-04
2.16717e+01	4.13631e-04
2.17718e+01	3.96428e-04
2.18719e+01	3.79926e-04
2.19720e+01	3.64097e-04
2.20721e+01	3.48919e-04
2.21722e+01	3.34367e-04
2.22723e+01	3.20417e-04
2.23724e+01	3.07044e-04
2.24725e+01	2.94223e-04
2.25726e+01	2.81932e-04
2.26727e+01	2.70148e-04
2.27728e+01	2.58852e-04
2.28729e+01	2.48024e-04
2.29730e+01	2.37645e-04
2.30731e+01	2.27698e-04
2.31732e+01	2.18166e-04
2.32733e+01	2.09031e-04
2.33734e+01	2.00278e-04
2.34735e+01	1.91891e-04
2.35736e+01	1.83854e-04
2.36737e+01	1.76154e-04
2.37738e+01	1.68777e-04
2.38739e+01	1.61709e-04
2.39740e+01	1.54937e-04
2.40741e+01	1.48450e-04
2.41742e+01	1.42236e-04
2.42743e+01	1.36284e-04
2.43744e+01	1.30583e-04
2.44745e+01	1.25123e-04
2.45746e+01	1.19894e-04
2.46747e+01	1.14887e-04
2.47748e+01	1.10093e-04
2.48749e+01	1.05501e-04
2.49750e+01	1.01104e-04
2.50751e+01	9.68923e-05
2.51752e+01	9.28602e-05
2.52753e+01	8.89972e-05
2.53754e+01	8.52949e-05
2.54755e+01	8.17465e-05
2.55756e+01	7.83451e-05
2.56757e+01	7.50847e-05
2.57758e+01	7.19593e-05
2.58759e+01	6.89635e-05
2.59760e+01	6.60921e-05
2.60761e+01	6.33403e-05
2.61762e+01	6.07035e-05
2.62763e+01	5.81768e-05
2.63764e+01	5.57557e-05
2.64765e+01	5.34357e-05
2.65766e+01	5.12124e-05
2.66767e+01	4.90820e-05
2.67768e+01	4.70404e-05
2.68769e+01	4.50839e-05
2.69770e+01	4.32091e-05
2.70771e+01	4.14124e-05
2.71772e+01	3.96906e-05
2.72773e+01	3.80406e-05
2.73774e+01	3.64594e-05
2.74775e+01	3.49441e-05
2.75776e+01	3.34920e-05
2.76777e+01	3.21004e-05
2.77778e+01	3.07668e-05
2.78779e+01	2.94888e-05
2.79780e+01	2.82641e-05
2.80781e+01	2.70904e-05
2.81782e+01	2.59656e-05
2.82783e+01	2.48877e-05
2.83784e+01	2.38547e-05
2.84785e+01	2.28648e-05
2.85786e+01	2.19163e-05
2.86787e+01	2.10073e-05
2.87788e+01	2.01364e-05
2.88789e+01	1.93019e-05
2.89790e+01	1.85023e-05
2.90791e+01	1.77362e-05
2.91792e+01	1.70022e-05
2.92793e+01	1.62991e-05
2.93794e+01	1.56254e-05
2.94795e+01	1.49801e-05
2.95796e+01	1.43620e-05
2.96797e+01	1.37698e-05
2.97798e+01	1.32025e-05
2.98799e+01	1.26591e-05
2.99800e+01	1.21386e-05
3.00801e+01	1.16402e-05
3.01802e+01	1.11626e-05
3.02803e+01	1.07047e-05
3.03804e+01	1.02658e-05
3.04805e+01	9.84497e-06
3.05806e+01	9.44149e-06
3.06807e+01	9.05462e-06
3.07808e+01	8.68367e-06
3.08809e+01	8.32796e-06
3.09810e+01	7.98688e-06
3.10811e+01	7.65980e-06
3.11812e+01	7.34616e-06
3.12813e+01	7.04539e-06
3.13814e+01	6.75696e-06
3.14815e+01	6.48036e-06
3.15816e+01	6.21511e-06
3.16817e+01	5.96074e-06
3.17818e+01	5.71681e-06
3.18819e+01	5.48289e-06
3.19820e+01	5.25856e-06
3.20821e+01	5.04343e-06
3.21822e+01	4.83714e-06
3.22823e+01	4.63931e-06
3.23824e+01	4.44961e-06
3.24825e+01	4.26770e-06
3.25826e+01	4.09325e-06
3.26827e+01	3.92596e-06
3.27828e+01	3.76553e-06
3.28829e+01	3.61168e-06
3.29830e+01	3.46415e-06
3.30831e+01	3.32267e-06
3.31832e+01	3.18699e-06
3.32833e+01	3.05688e-06
3.33834e+01	2.93211e-06
3.34835e+01	2.81245e-06
3.35836e+01	2.69770e-06
3.36837e+01	2.58766e-06
3.37838e+01	2.48214e-06
3.38839e+01	2.38095e-06
3.39840e+01	2.28391e-06
3.40841e+01	2.19087e-06
3.41842e+01	2.10165e-06
3.42843e+01	2.01610e-06
3.43844e+01	1.93407e-06
3.44845e+01	1.85540e-06
3.45846e+01	1.77997e-06
3.46847e+01	1.70763e-06
3.47848e+01	1.63826e-06
3.48849e+01	1.57174e-06
3.49850e+01	1.50795e-06
3.50851e+01	1.44677e-06
3.51852e+01	1.38810e-06
3.52853e+01	1.33183e-06
3.53854e+01	1.27787e-06
3.54855e+01	1.22612e-06
3.55856e+01	1.17648e-06
3.56857e+01	1.12888e-06
3.57858e+01	1.08323e-06
3.58859e+01	1.03945e-06
3.59860e+01	9.97468e-07
3.60861e+01	9.57207e-07
3.61862e+01	9.18604e-07
3.62863e+01	8.81590e-07
3.63864e+01	8.46097e-07
3.64865e+01	8.12062e-07
3.65866e+01	7.79425e-07
3.66867e+01	7.48125e-07
3.67868e+01	7.18109e-07
3.68869e+01	6.89322e-07
3.69870e+01	6.61714e-07
3.70871e+01	6.35235e-07
3.71872e+01	6.09838e-07
3.72873e+01	5.85480e-07
3.73874e+01	5.62117e-07
3.74875e+01	5.39708e-07
3.75876e+01	5.18213e-07
3.76877e+01	4.97595e-07
3.77878e+01	4.77816e-07
3.78879e+01	4.58843e-07
3.79880e+01	4.40643e-07
3.80881e+01	4.23182e-07
3.81882e+01	4.06431e-07
3.82883e+01	3.90362e-07
3.83884e+01	3.74945e-07
3.84885e+01	3.60156e-07
3.85886e+01	3.45969e-07
3.86887e+01	3.32359e-07
3.87888e+01	3.19302e-07
3.88889e+01	3.06774e-07
3.89890e+01	2.94755e-07
3.90891e+01	2.83223e-07
3.91892e+01	2.72158e-07
3.92893e+01	2.61542e-07
3.93894e+01	2.51355e-07
3.94895e+01	2.41581e-07
3.95896e+01	2.32202e-07
3.96897e+01	2.23203e-07
3.97898e+01	2.14569e-07
3.98899e+01	2.06284e-07
3.99900e+01	1.98336e-07
4.00901e+01	1.90705e-07
4.01902e+01	1.83376e-07
4.02903e+01	1.76336e-07
4.03904e+01	1.69574e-07
4.04905e+01	1.63078e-07
4.05906e+01	1.56837e-07
4.06907e+01	1.50841e-07
4.07908e+01	1.45080e-07
4.08909e+01	1.39544e-07
4.09910e+01	1.34223e-07
4.10911e+01	1.29111e-07
4.11912e+01	1.24197e-07
4.12913e+01	1.19475e-07
4.13914e+01	1.14935e-07
4.14915e+01	1.10572e-07
4.15916e+01	1.06378e-07
4.16917e+01	1.02347e-07
4.17918e+01	9.84708e-08
4.18919e+01	9.47447e-08
4.19920e+01	9.11624e-08
4.20921e+01	8.77182e-08
4.21922e+01	8.44067e-08
4.22923e+01	8.12227e-08
4.23924e+01	7.81611e-08
4.24925e+01	7.52172e-08
4.25926e+01	7.23863e-08
4.26927e+01	6.96641e-08
4.27928e+01	6.70462e-08
4.28929e+01	6.45287e-08
4.29930e+01	6.21077e-08
4.30931e+01	5.97794e-08
4.31932e+01	5.75401e-08
4.32933e+01	5.53864e-08
4.33934e+01	5.33150e-08
4.34935e+01	5.13227e-08
4.35936e+01	4.94063e-08
4.36937e+01	4.75629e-08
4.37938e+01	4.57897e-08
4.38939e+01	4.40840e-08
4.39940e+01	4.24432e-08
4.40941e+01	4.08647e-08
4.41942e+01	3.93462e-08
4.42943e+01	3.78852e-08
4.43944e+01	3.64796e-08
4.44945e+01	3.51272e-08
4.45946e+01	3.38260e-08
4.46947e+01	3.25740e-08
4.47948e+01	3.13693e-08
4.48949e+01	3.02101e-08
4.49950e+01	2.90946e-08
4.50951e+01	2.80211e-08
4.51952e+01	2.69881e-08
4.52953e+01	2.59939e-08
4.53954e+01	2.50371e-08
4.54955e+01	2.41163e-08
4.55956e+01	2.32301e-08
4.56957e+01	2.23771e-08
4.57958e+01	2.15561e-08
4.58959e+01	2.07659e-08
4.59960e+01	2.00053e-08
4.60961e+01	1.92733e-08
4.61962e+01	1.85687e-08
4.62963e+01	1.78905e-08
4.63964e+01	1.72377e-08
4.64965e+01	1.66093e-08
4.65966e+01	1.60043e-08
4.66967e+01	1.54219e-08
4.67968e+01	1.48612e-08
4.68969e+01	1.43214e-08
4.69970e+01	1.38016e-08
4.70971e+01	1.33012e-08
4.71972e+01	1.28194e-08
4.72973e+01	1.23554e-08
4.73974e+01	1.19087e-08
4.74975e+01	1.14784e-08
4.75976e+01	1.10641e-08
4.76977e+01	1.06652e-08
4.77978e+01	1.02810e-08
4.78979e+01	9.91091e-09
4.79980e+01	9.55452e-09
4.80981e+01	9.21127e-09
4.81982e+01	8.88066e-09
4.82983e+01	8.56222e-09
4.83984e+01	8.25549e-09
4.84985e+01	7.96003e-09
4.85986e+01	7.67542e-09
4.86987e+01	7.40125e-09
4.87988e+01	7.13713e-09
4.88989e+01	6.88269e-09
4.89990e+01	6.63756e-09
4.90991e+01	6.40140e-09
4.91992e+01	6.17388e-09
4.92993e+01	5.95467e-09
4.93994e+01	5.74347e-09
4.94995e+01	5.53996e-09
4.95996e+01	5.34386e-09
4.96997e+01	5.15488e-09
4.97998e+01	4.97276e-09
4.98999e+01	4.79724e-09
5.00000e+01	4.62809e-09
5.01001e+01	4.46506e-09
5.02002e+01	4.30794e-09
5.03003e+01	4.15650e-09
5.04004e+01	4.01051e-09
5.05005e+01	3.86977e-09
5.06006e+01	3.73407e-09
5.07007e+01	3.60323e-09
5.08008e+01	3.47707e-09
5.09009e+01	3.35542e-09
5.10010e+01	3.23811e-09
5.11011e+01	3.12499e-09
5.12012e+01	3.01590e-09
5.13013e+01	2.91069e-09
5.14014e+01	2.80923e-09
5.15015e+01	2.71137e-09
5.16016e+01	2.61699e-09
5.17017e+01	2.52596e-09
5.18018e+01	2.43815e-09
5.19019e+01	2.35344e-09
5.20020e+01	2.27174e-09
5.21021e+01	2.19291e-09
5.22022e+01	2.11687e-09
5.23023e+01	2.04351e-09
5.24024e+01	1.97274e-09
5.25025e+01	1.90447e-09
5.26026e+01	1.83859e-09
5.27027e+01	1.77504e-09
5.28028e+01	1.71372e-09
5.29029e+01	1.65456e-09
5.30030e+01	1.59748e-09
5.31031e+01	1.54240e-09
5.32032e+01	1.48925e-09
5.33033e+01	1.43797e-09
5.34034e+01	1.38848e-09
5.35035e+01	1.34073e-09
5.36036e+01	1.29464e-09
5.37037e+01	1.25018e-09
5.38038e+01	1.20726e-09
5.39039e+01	1.16585e-09
5.40040e+01	1.12588e-09
5.41041e+01	1.08731e-09
5.42042e+01	1.05008e-09
5.43043e+01	1.01415e-09
5.44044e+01	9.79471e-10
5.45045e+01	9.46000e-10
5.46046e+01	9.13694e-10
5.47047e+01	8.82512e-10
5.48048e+01	8.52413e-10
5.49049e+01	8.23359e-10
5.50050e+01	7.95314e-10
5.51051e+01	7.68241e-10
5.52052e+01	7.42107e-10
5.53053e+01	7.16878e-10
5.54054e+01	6.92523e-10
5.55055e+01	6.69011e-10
5.56056e+01	6.46312e-10
5.57057e+01	6.24397e-10
5.58058e+01	6.03240e-10
5.59059e+01	5.82813e-10
5.60060e+01	5.63091e-10
5.61061e+01	5.44050e-10
5.62062e+01	5.25665e-10
5.63063e+01	5.07914e-10
5.64064e+01	4.90774e-10
5.65065e+01	4.74223e-10
5.66066e+01	4.58242e-10
5.67067e+01	4.42809e-10
5.68068e+01	4.27907e-10
5.69069e+01	4.13516e-10
5.70070e+01	3.99619e-10
5.71071e+01	3.86198e-10
5.72072e+01	3.73236e-10
5.73073e+01	3.60719e-10
5.74074e+01	3.48629e-10
5.75075e+01	3.36953e-10
5.76076e+01	3.25676e-10
5.77077e+01	3.14784e-10
5.78078e+01	3.04264e-10
5.79079e+01	2.94103e-10
5.80080e+01	2.84288e-10
5.81081e+01	2.74807e-10
5.82082e+01	2.65649e-10
5.83083e+01	2.56803e-10
5.84084e+01	2.48257e-10
5.85085e+01	2.40002e-10
5.86086e+01	2.32027e-10
5.87087e+01	2.24323e-10
5.88088e+01	2.16880e-10
5.89089e+01	2.09689e-10
5.90090e+01	2.02743e-10
5.91091e+01	1.96031e-10
5.92092e+01	1.89547e-10
5.93093e+01	1.83282e-10
5.94094e+01	1.77229e-10
5.95095e+01	1.71380e-10
5.96096e+01	1.65729e-10
5.97097e+01	1.60269e-10
5.98098e+01	1.54993e-10
5.99099e+01	1.49895e-10
6.00100e+01	1.44970e-10
6.01101e+01	1.40209e-10
6.02102e+01	1.35607e-10
6.03103e+01	1.31160e-10
6.04104e+01	1.26860e-10
6.05105e+01	1.22704e-10
6.06106e+01	1.18687e-10
6.07107e+01	1.14803e-10
6.08108e+01	1.11049e-10
6.09109e+01	1.07419e-10
6.10110e+01	1.03910e-10
6.11111e+01	1.00518e-10
6.12112e+01	9.72381e-11
6.13113e+01	9.40670e-11
6.14114e+01	9.10010e-11
6.15115e+01	8.80366e-11
6.16116e+01	8.51703e-11
6.17117e+01	8.23988e-11
6.18118e+01	7.97190e-11
6.19119e+01	7.71277e-11
6.20120e+01	7.46220e-11
6.21121e+01	7.21990e-11
6.22122e+01	6.98559e-11
6.23123e+01	6.75901e-11
6.24124e+01	6.53990e-11
6.25125e+01	6.32800e-11
6.26126e+01	6.12307e-11
6.27127e+01	5.92489e-11
6.28128e+01	5.73323e-11
6.29129e+01	5.54786e-11
6.30130e+01	5.36858e-11
6.31131e+01	5.19519e-11
6.32132e+01	5.02749e-11
6.33133e+01	4.86529e-11
6.34134e+01	4.70841e-11
6.35135e+01	4.55667e-11
6.36136e+01	4.40990e-11
6.37137e+01	4.26793e-11
6.38138e+01	4.13061e-11
6.39139e+01	3.99778e-11
6.40140e+01	3.86929e-11
6.41141e+01	3.74501e-11
6.42142e+01	3.62478e-11
6.43143e+01	3.50848e-11
6.44144e+01	3.39598e-11
6.45145e+01	3.28715e-11
6.46146e+01	3.18189e-11
6.47147e+01	3.08006e-11
6.48148e+01	2.98155e-11
6.49149e+01	2.88626e-11
6.50150e+01	2.79407e-11
6.51151e+01	2.70488e-11
6.52152e+01	2.61859e-11
6.53153e+01	2.53511e-11
6.54154e+01	2.45435e-11
6.55155e+01	2.37620e-11
6.56156e+01	2.30059e-11
6.57157e+01	2.22744e-11
6.58158e+01	2.15666e-11
6.59159e+01	2.08817e-11
6.60160e+01	2.02189e-11
6.61161e+01	1.95776e-11
6.62162e+01	1.89571e-11
6.63163e+01	1.83566e-11
6.64164e+01	1.77755e-11
6.65165e+01	1.72132e-11
6.66166e+01	1.66690e-11
6.67167e+01	1.61423e-11
6.68168e+01	1.56327e-11
6.69169e+01	1.51394e-11
6.70170e+01	1.46620e-11
6.71171e+01	1.42000e-11
6.72172e+01	1.37528e-11
6.73173e+01	1.33200e-11
6.74174e+01	1.29011e-11
6.75175e+01	1.24956e-11
6.76176e+01	1.21031e-11
6.77177e+01	1.17233e-11
6.78178e+01	1.13556e-11
6.79179e+01	1.09996e-11
6.80180e+01	1.06551e-11
6.81181e+01	1.03216e-11
6.82182e+01	9.99877e-12
6.83183e+01	9.68626e-12
6.84184e+01	9.38373e-12
6.85185e+01	9.09087e-12
6.86186e+01	8.80736e-12
6.87187e+01	8.53290e-12
6.88188e+01	8.26721e-12
6.89189e+01	8.00999e-12
6.90190e+01	7.76097e-12
6.91191e+01	7.51988e-12
6.92192e+01	7.28646e-12
6.93193e+01	7.06046e-12
6.94194e+01	6.84163e-12
6.95195e+01	6.62976e-12
6.96196e+01	6.42462e-12
6.97197e+01	6.22599e-12
6.98198e+01	6.03366e-12
6.99199e+01	5.84744e-12
7.00200e+01	5.66714e-12
7.01201e+01	5.49256e-12
7.02202e+01	5.32352e-12
7.03203e+01	5.15981e-12
7.04204e+01	5.00122e-12
7.05205e+01	4.84759e-12
7.06206e+01	4.69877e-12
7.07207e+01	4.55459e-12
7.08208e+01	4.41491e-12
7.09209e+01	4.27958e-12
7.10210e+01	4.14848e-12
7.11211e+01	4.02145e-12
7.12212e+01	3.89837e-12
7.13213e+01	3.77912e-12
7.14214e+01	3.66357e-12
7.15215e+01	3.55161e-12
7.16216e+01	3.44312e-12
7.17217e+01	3.33799e-12
7.18218e+01	3.23612e-12
7.19219e+01	3.13739e-12
7.20220e+01	3.04173e-12
7.21221e+01	2.94901e-12
7.22222e+01	2.85916e-12
7.23223e+01	2.77209e-12
7.24224e+01	2.68770e-12
7.25225e+01	2.60591e-12
7.26226e+01	2.52665e-12
7.27227e+01	2.44983e-12
7.28228e+01	2.37537e-12
7.29229e+01	2.30320e-12
7.30230e+01	2.23325e-12
7.31231e+01	2.16546e-12
7.32232e+01	2.09975e-12
7.33233e+01	2.03606e-12
7.34234e+01	1.97432e-12
7.35235e+01	1.91448e-12
7.36236e+01	1.85647e-12
7.37237e+01	1.80025e-12
7.38238e+01	1.74574e-12
7.39239e+01	1.69291e-12
7.40240e+01	1.64170e-12
7.41241e+01	1.59205e-12
7.42242e+01	1.54392e-12
7.43243e+01	1.49727e-12
7.44244e+01	1.45204e-12
7.45245e+01	1.40819e-12
7.46246e+01	1.36568e-12
7.47247e+01	1.32447e-12
7.48248e+01	1.28452e-12
7.49249e+01	1.24579e-12
7.50250e+01	1.20824e-12
7.51251e+01	1.17184e-12
7.52252e+01	1.13654e-12
7.53253e+01	1.10232e-12
7.54254e+01	1.06914e-12
7.55255e+01	1.03697e-12
7.56256e+01	1.00578e-12
7.57257e+01	9.75542e-13
7.58258e+01	9.46221e-13
7.59259e+01	9.17791e-13
7.60260e+01	8.90225e-13
7.61261e+01	8.63497e-13
7.62262e+01	8.37580e-13
7.63263e+01	8.12449e-13
7.64264e+01	7.88081e-13
7.65265e+01	7.64452e-13
7.66266e+01	7.41539e-13
7.67267e+01	7.19321e-13
7.68268e+01	6.97776e-13
7.69269e+01	6.76884e-13
7.70270e+01	6.56623e-13
7.71271e+01	6.36976e-13
7.72272e+01	6.17924e-13
7.73273e+01	5.99447e-13
7.74274e+01	5.81529e-13
7.75275e+01	5.64153e-13
7.76276e+01	5.47301e-13
7.77277e+01	5.30959e-13
7.78278e+01	5.15109e-13
7.79279e+01	4.99738e-13
7.80280e+01	4.84830e-13
7.81281e+01	4.70373e-13
7.82282e+01	4.56351e-13
7.83283e+01	4.42753e-13
7.84284e+01	4.29564e-13
7.85285e+01	4.16773e-13
7.86286e+01	4.04368e-13
7.87287e+01	3.92336e-13
7.88288e+01	3.80667e-13
7.89289e+01	3.69350e-13
7.90290e+01	3.58373e-13
7.91291e+01	3.47729e-13
7.92292e+01	3.37406e-13
7.93293e+01	3.27395e-13
7.94294e+01	3.17686e-13
7.95295e+01	3.08269e-13
7.96296e+01	2.99137e-13
7.97297e+01	2.90279e-13
7.98298e+01	2.81688e-13
7.99299e+01	2.73356e-13
8.00300e+01	2.65273e-13
8.01301e+01	2.57434e-13
8.02302e+01	2.49829e-13
8.03303e+01	2.42453e-13
8.04304e+01	2.35298e-13
8.05305e+01	2.28357e-13
8.06306e+01	2.21624e-13
8.07307e+01	2.15092e-13
8.08308e+01	2.08756e-13
8.09309e+01	2.02609e-13
8.10310e+01	1.96646e-13
8.11311e+01	1.90862e-13
8.12312e+01	1.85250e-13
8.13313e+01	1.79806e-13
8.14314e+01	1.74525e-13
8.15315e+01	1.69401e-13
8.16316e+01	1.64430e-13
8.17317e+01	1.59608e-13
8.18318e+01	1.54929e-13
8.19319e+01	1.50389e-13
8.20320e+01	1.45985e-13
8.21321e+01	1.41712e-13
8.22322e+01	1.37566e-13
8.23323e+01	1.33543e-13
8.24324e+01	1.29639e-13
8.25325e+01	1.25852e-13
8.26326e+01	1.22177e-13
8.27327e+01	1.18611e-13
8.28328e+01	1.15151e-13
8.29329e+01	1.11793e-13
8.30330e+01	1.08535e-13
8.31331e+01	1.05373e-13
8.32332e+01	1.02305e-13
8.33333e+01	9.93274e-14
8.34334e+01	9.64380e-14
8.35335e+01	9.36340e-14
8.36336e+01	9.09127e-14
8.37337e+01	8.82718e-14
8.38338e+01	8.57088e-14
8.39339e+01	8.32214e-14
8.40340e+01	8.08073e-14
8.41341e+01	7.84643e-14
8.42342e+01	7.61903e-14
8.43343e+01	7.39832e-14
8.44344e+01	7.18411e-14
8.45345e+01	6.97619e-14
8.46346e+01	6.77439e-14
8.47347e+01	6.57852e-14
8.48348e+01	6.38840e-14
8.49349e+01	6.20386e-14
8.50350e+01	6.02474e-14
8.51351e+01	5.85087e-14
8.52352e+01	5.68210e-14
8.53353e+01	5.51828e-14
8.54354e+01	5.35925e-14
8.55355e+01	5.20488e-14
8.56356e+01	5.05503e-14
8.57357e+01	4.90956e-14
8.58358e+01	4.76834e-14
8.59359e+01	4.63125e-14
8.60360e+01	4.49816e-14
8.61361e+01	4.36896e-14
8.62362e+01	4.24353e-14
8.63363e+01	4.12176e-14
8.64364e+01	4.00354e-14
8.65365e+01	3.88876e-14
8.66366e+01	3.77732e-14
8.67367e+01	3.66912e-14
8.68368e+01	3.56407e-14
8.69369e+01	3.46208e-14
8.70370e+01	3.36304e-14
8.71371e+01	3.26689e-14
8.72372e+01	3.17352e-14
8.73373e+01	3.08286e-14
8.74374e+01	2.99483e-14
8.75375e+01	2.90935e-14
8.76376e+01	2.82634e-14
8.77377e+01	2.74574e-14
8.78378e+01	2.66747e-14
8.79379e+01	2.59146e-14
8.80380e+01	2.51765e-14
8.81381e+01	2.44597e-14
8.82382e+01	2.37636e-14
8.83383e+01	2.30877e-14
8.84384e+01	2.24313e-14
8.85385e+01	2.17938e-14
8.86386e+01	2.11747e-14
8.87387e+01	2.05735e-14
8.88388e+01	1.99896e-14
8.89389e+01	1.94225e-14
8.90390e+01	1.88718e-14
8.91391e+01	1.83368e-14
8.92392e+01	1.78173e-14
8.93393e+01	1.73126e-14
8.94394e+01	1.68224e-14
8.95395e+01	1.63463e-14
8.96396e+01	1.58838e-14
8.97397e+01	1.54346e-14
8.98398e+01	1.49981e-14
8.99399e+01	1.45741e-14
9.00400e+01	1.41620e-14
9.01401e+01	1.37617e-14
9.02402e+01	1.33727e-14
9.03403e+01	1.29947e-14
9.04404e+01	1.26274e-14
9.05405e+01	1.22705e-14
9.06406e+01	1.19236e-14
9.07407e+01	1.15865e-14
9.08408e+01	1.12588e-14
9.09409e+01	1.09404e-14
9.10410e+01	1.06309e-14
9.11411e+01	1.03300e-14
9.12412e+01	1.00376e-14
9.13413e+01	9.75337e-15
9.14414e+01	9.47703e-15
9.15415e+01	9.20839e-15
9.16416e+01	8.94720e-15
9.17417e+01	8.69326e-15
9.18418e+01	8.44635e-15
9.19419e+01	8.20626e-15
9.20420e+01	7.97280e-15
9.21421e+01	7.74577e-15
9.22422e+01	7.52498e-15
9.23423e+01	7.31025e-15
9.24424e+01	7.10140e-15
9.25425e+01	6.89826e-15
9.26426e+01	6.70065e-15
9.27427e+01	6.50843e-15
9.28428e+01	6.32142e-15
9.29429e+01	6.13948e-15
9.30430e+01	5.96246e-15
9.31431e+01	5.79020e-15
9.32432e+01	5.62258e-15
9.33433e+01	5.45945e-15
9.34434e+01	5.30068e-15
9.35435e+01	5.14615e-15
9.36436e+01	4.99571e-15
9.37437e+01	4.84927e-15
9.38438e+01	4.70668e-15
9.39439e+01	4.56785e-15
9.40440e+01	4.43265e-15
9.41441e+01	4.30098e-15
9.42442e+01	4.17274e-15
9.43443e+01	4.04781e-15
9.44444e+01	3.92610e-15
9.45445e+01	3.80752e-15
9.46446e+01	3.69196e-15
9.47447e+01	3.57933e-15
9.48448e+01	3.46955e-15
9.49449e+01	3.36253e-15
9.50450e+01	3.25818e-15
9.51451e+01	3.15642e-15
9.52452e+01	3.05717e-15
9.53453e+01	2.96035e-15
9.54454e+01	2.86589e-15
9.55455e+01	2.77370e-15
9.56456e+01	2.68373e-15
9.57457e+01	2.59589e-15
9.58458e+01	2.51013e-15
9.59459e+01	2.42637e-15
9.60460e+01	2.34454e-15
9.61461e+01	2.26460e-15
9.62462e+01	2.18646e-15
9.63463e+01	2.11008e-15
9.64464e+01	2.03540e-15
9.65465e+01	1.96236e-15
9.66466e+01	1.89090e-15
9.67467e+01	1.82096e-15
9.68468e+01	1.75251e-15
9.69469e+01	1.68548e-15
9.70470e+01	1.61983e-15
9.71471e+01	1.55550e-15
9.72472e+01	1.49246e-15
9.73473e+01	1.43065e-15
9.74474e+01	1.37003e-15
9.75475e+01	1.31055e-15
9.76476e+01	1.25217e-15
9.77477e+01	1.19486e-15
9.78478e+01	1.13856e-15
9.79479e+01	1.08325e-15
9.80480e+01	1.02888e-15
9.81481e+01	9.75418e-16
9.82482e+01	9.22825e-16
9.83483e+01	8.71066e-16
9.84484e+01	8.20108e-16
9.85485e+01	7.69919e-16
9.86486e+01	7.20466e-16
9.87487e+01	6.71718e-16
9.88488e+01	6.23647e-16
9.89489e+01	5.76223e-16
9.90490e+01	5.29420e-16
9.91491e+01	4.83211e-16
9.92492e+01	4.37571e-16
9.93493e+01	3.92476e-16
9.94494e+01	3.47905e-16
9.95495e+01	3.03837e-16
9.96496e+01	2.60250e-16
9.97497e+01	2.17122e-16
9.98498e+01	1.74435e-16
9.99499e+01	1.32176e-16
1.00050e+02	9.03313e-17
