# The average (mean) electron energy.
# col_1: E_N [Td], col_2: avg_en [eV]
E_N	avg_en
3.00000e+00	1.01413e+00
4.00000e+00	1.04084e+00
5.00000e+00	1.06477e+00
6.00000e+00	1.09100e+00
7.00000e+00	1.12334e+00
8.50000e+00	1.19818e+00
1.00000e+01	1.31972e+00
1.20000e+01	1.57398e+00
1.50000e+01	2.06982e+00
2.00000e+01	2.88638e+00
2.50000e+01	3.52220e+00
3.00000e+01	3.98171e+00
4.00000e+01	4.60504e+00
5.00000e+01	5.02234e+00
7.50000e+01	5.70063e+00
1.00000e+02	6.15642e+00
1.50000e+02	6.80385e+00
2.00000e+02	7.31896e+00
