# The ell = 1 distribution, the first anisotropy.
# E_N [Td]	3.50000e+00
# col_1: Electron Energy [eV], col_2: f1 [eV^(-3/2)]
eV	f1
1.64015e-02	2.30566e-05
3.28031e-02	4.14513e-05
4.92046e-02	5.32360e-05
6.56061e-02	5.94698e-05
8.20077e-02	6.28656e-05
9.84092e-02	6.42319e-05
1.14811e-01	6.33679e-05
1.31212e-01	6.16321e-05
1.47614e-01	5.97967e-05
1.64015e-01	5.79880e-05
1.80417e-01	5.61925e-05
1.96818e-01	5.45751e-05
2.13220e-01	5.30410e-05
2.29622e-01	5.14793e-05
2.46023e-01	4.98773e-05
2.62425e-01	4.83486e-05
2.78826e-01	4.70813e-05
2.95228e-01	4.62357e-05
3.11629e-01	4.55326e-05
3.28031e-01	4.46444e-05
3.44432e-01	4.36961e-05
3.60834e-01	4.27704e-05
3.77235e-01	4.19202e-05
3.93637e-01	4.11575e-05
4.10038e-01	4.04673e-05
4.26440e-01	3.98590e-05
4.42841e-01	3.93285e-05
4.59243e-01	3.88595e-05
4.75645e-01	3.84590e-05
4.92046e-01	3.81176e-05
5.08448e-01	3.78348e-05
5.24849e-01	3.76060e-05
5.41251e-01	3.74261e-05
5.57652e-01	3.73018e-05
5.74054e-01	3.72161e-05
5.90455e-01	3.71840e-05
6.06857e-01	3.71929e-05
6.23258e-01	3.72433e-05
6.39660e-01	3.73404e-05
6.56061e-01	3.74677e-05
6.72463e-01	3.76430e-05
6.88865e-01	3.78457e-05
7.05266e-01	3.80900e-05
7.21668e-01	3.83657e-05
7.38069e-01	3.86776e-05
7.54471e-01	3.90212e-05
7.70872e-01	3.94017e-05
7.87274e-01	3.98095e-05
8.03675e-01	4.02604e-05
8.20077e-01	4.07337e-05
8.36478e-01	4.12558e-05
8.52880e-01	4.17879e-05
8.69281e-01	4.23845e-05
8.85683e-01	4.29790e-05
9.02085e-01	4.36500e-05
9.18486e-01	4.43033e-05
9.34888e-01	4.50505e-05
9.51289e-01	4.57765e-05
9.67691e-01	4.64688e-05
9.84092e-01	4.76164e-05
1.00049e+00	4.81237e-05
1.01690e+00	4.88464e-05
1.03330e+00	4.95397e-05
1.04970e+00	5.02462e-05
1.06610e+00	5.09907e-05
1.08250e+00	5.17566e-05
1.09890e+00	5.25435e-05
1.11530e+00	5.33515e-05
1.13171e+00	5.41809e-05
1.14811e+00	5.50259e-05
1.16451e+00	5.59108e-05
1.18091e+00	5.67826e-05
1.19731e+00	5.76971e-05
1.21371e+00	5.86171e-05
1.23012e+00	5.95413e-05
1.24652e+00	6.04970e-05
1.26292e+00	6.14653e-05
1.27932e+00	6.24519e-05
1.29572e+00	6.34618e-05
1.31212e+00	6.44898e-05
1.32852e+00	6.55359e-05
1.34493e+00	6.66001e-05
1.36133e+00	6.76830e-05
1.37773e+00	6.87835e-05
1.39413e+00	6.99021e-05
1.41053e+00	7.10387e-05
1.42693e+00	7.21923e-05
1.44334e+00	7.33649e-05
1.45974e+00	7.45612e-05
1.47614e+00	7.57754e-05
1.49254e+00	7.69245e-05
1.50894e+00	7.82929e-05
1.52534e+00	7.95901e-05
1.54174e+00	8.09196e-05
1.55815e+00	8.22686e-05
1.57455e+00	8.36354e-05
1.59095e+00	8.50171e-05
1.60735e+00	8.64172e-05
1.62375e+00	8.78344e-05
1.64015e+00	8.92586e-05
1.65656e+00	9.07212e-05
1.67296e+00	9.22319e-05
1.68936e+00	9.35935e-05
1.70576e+00	9.50959e-05
1.72216e+00	9.65679e-05
1.73856e+00	9.79570e-05
1.75496e+00	9.94169e-05
1.77137e+00	1.00883e-04
1.78777e+00	1.02364e-04
1.80417e+00	1.03858e-04
1.82057e+00	1.05370e-04
1.83697e+00	1.06897e-04
1.85337e+00	1.08439e-04
1.86978e+00	1.09995e-04
1.88618e+00	1.11565e-04
1.90258e+00	1.13152e-04
1.91898e+00	1.14750e-04
1.93538e+00	1.16385e-04
1.95178e+00	1.17961e-04
1.96818e+00	1.19612e-04
1.98459e+00	1.21404e-04
2.00099e+00	1.23094e-04
2.01739e+00	1.24770e-04
2.03379e+00	1.26747e-04
2.05019e+00	1.28607e-04
2.06659e+00	1.30497e-04
2.08300e+00	1.32406e-04
2.09940e+00	1.34328e-04
2.11580e+00	1.36268e-04
2.13220e+00	1.38222e-04
2.14860e+00	1.40192e-04
2.16500e+00	1.42179e-04
2.18140e+00	1.44181e-04
2.19781e+00	1.46197e-04
2.21421e+00	1.48229e-04
2.23061e+00	1.50278e-04
2.24701e+00	1.52339e-04
2.26341e+00	1.54416e-04
2.27981e+00	1.56509e-04
2.29622e+00	1.58616e-04
2.31262e+00	1.60738e-04
2.32902e+00	1.62875e-04
2.34542e+00	1.65023e-04
2.36182e+00	1.67195e-04
2.37822e+00	1.69378e-04
2.39462e+00	1.71578e-04
2.41103e+00	1.73789e-04
2.42743e+00	1.76016e-04
2.44383e+00	1.78275e-04
2.46023e+00	1.80459e-04
2.47663e+00	1.82816e-04
2.49303e+00	1.85135e-04
2.50944e+00	1.87447e-04
2.52584e+00	1.89772e-04
2.54224e+00	1.92210e-04
2.55864e+00	1.94614e-04
2.57504e+00	1.97039e-04
2.59144e+00	1.99477e-04
2.60784e+00	2.01929e-04
2.62425e+00	2.04393e-04
2.64065e+00	2.06881e-04
2.65705e+00	2.09368e-04
2.67345e+00	2.11872e-04
2.68985e+00	2.14393e-04
2.70625e+00	2.16916e-04
2.72266e+00	2.19470e-04
2.73906e+00	2.22032e-04
2.75546e+00	2.24607e-04
2.77186e+00	2.27195e-04
2.78826e+00	2.29796e-04
2.80466e+00	2.32410e-04
2.82106e+00	2.35036e-04
2.83747e+00	2.37676e-04
2.85387e+00	2.40326e-04
2.87027e+00	2.42989e-04
2.88667e+00	2.45663e-04
2.90307e+00	2.48352e-04
2.91947e+00	2.51049e-04
2.93588e+00	2.53759e-04
2.95228e+00	2.56463e-04
2.96868e+00	2.59244e-04
2.98508e+00	2.61944e-04
3.00148e+00	2.64661e-04
3.01788e+00	2.67394e-04
3.03428e+00	2.70152e-04
3.05069e+00	2.72907e-04
3.06709e+00	2.75654e-04
3.08349e+00	2.78422e-04
3.09989e+00	2.81199e-04
3.11629e+00	2.83988e-04
3.13269e+00	2.86780e-04
3.14910e+00	2.89585e-04
3.16550e+00	2.92400e-04
3.18190e+00	2.95217e-04
3.19830e+00	2.98054e-04
3.21470e+00	3.00897e-04
3.23110e+00	3.03748e-04
3.24750e+00	3.06609e-04
3.26391e+00	3.09477e-04
3.28031e+00	3.12351e-04
3.29671e+00	3.15235e-04
3.31311e+00	3.18125e-04
3.32951e+00	3.21025e-04
3.34591e+00	3.23928e-04
3.36232e+00	3.26840e-04
3.37872e+00	3.29759e-04
3.39512e+00	3.32684e-04
3.41152e+00	3.35617e-04
3.42792e+00	3.38553e-04
3.44432e+00	3.41497e-04
3.46072e+00	3.44446e-04
3.47713e+00	3.47401e-04
3.49353e+00	3.50362e-04
3.50993e+00	3.53327e-04
3.52633e+00	3.56298e-04
3.54273e+00	3.59275e-04
3.55913e+00	3.62251e-04
3.57553e+00	3.65240e-04
3.59194e+00	3.68231e-04
3.60834e+00	3.71226e-04
3.62474e+00	3.74224e-04
3.64114e+00	3.77229e-04
3.65754e+00	3.80231e-04
3.67394e+00	3.83238e-04
3.69035e+00	3.86248e-04
3.70675e+00	3.89260e-04
3.72315e+00	3.92274e-04
3.73955e+00	3.95291e-04
3.75595e+00	3.98309e-04
3.77235e+00	4.01329e-04
3.78875e+00	4.04350e-04
3.80516e+00	4.07374e-04
3.82156e+00	4.10395e-04
3.83796e+00	4.13418e-04
3.85436e+00	4.16441e-04
3.87076e+00	4.19465e-04
3.88716e+00	4.22485e-04
3.90357e+00	4.25511e-04
3.91997e+00	4.28534e-04
3.93637e+00	4.31556e-04
3.95277e+00	4.34792e-04
3.96917e+00	4.37247e-04
3.98557e+00	4.40680e-04
4.00197e+00	4.44314e-04
4.01838e+00	4.47704e-04
4.03478e+00	4.51150e-04
4.05118e+00	4.54520e-04
4.06758e+00	4.57868e-04
4.08398e+00	4.61492e-04
4.10038e+00	4.64979e-04
4.11679e+00	4.68479e-04
4.13319e+00	4.71970e-04
4.14959e+00	4.75464e-04
4.16599e+00	4.78942e-04
4.18239e+00	4.82419e-04
4.19879e+00	4.85890e-04
4.21519e+00	4.89355e-04
4.23160e+00	4.92810e-04
4.24800e+00	4.96261e-04
4.26440e+00	4.99708e-04
4.28080e+00	5.03145e-04
4.29720e+00	5.06573e-04
4.31360e+00	5.09994e-04
4.33001e+00	5.13402e-04
4.34641e+00	5.16805e-04
4.36281e+00	5.20196e-04
4.37921e+00	5.23576e-04
4.39561e+00	5.26945e-04
4.41201e+00	5.30302e-04
4.42841e+00	5.33649e-04
4.44482e+00	5.36980e-04
4.46122e+00	5.40299e-04
4.47762e+00	5.43605e-04
4.49402e+00	5.46896e-04
4.51042e+00	5.50175e-04
4.52682e+00	5.53437e-04
4.54323e+00	5.56680e-04
4.55963e+00	5.59910e-04
4.57603e+00	5.63122e-04
4.59243e+00	5.66318e-04
4.60883e+00	5.69497e-04
4.62523e+00	5.72657e-04
4.64163e+00	5.75799e-04
4.65804e+00	5.78922e-04
4.67444e+00	5.82026e-04
4.69084e+00	5.85112e-04
4.70724e+00	5.88171e-04
4.72364e+00	5.91217e-04
4.74004e+00	5.94244e-04
4.75645e+00	5.97247e-04
4.77285e+00	6.00228e-04
4.78925e+00	6.03184e-04
4.80565e+00	6.06122e-04
4.82205e+00	6.09031e-04
4.83845e+00	6.11913e-04
4.85485e+00	6.14772e-04
4.87126e+00	6.17605e-04
4.88766e+00	6.20423e-04
4.90406e+00	6.23188e-04
4.92046e+00	6.25926e-04
4.93686e+00	6.28726e-04
4.95326e+00	6.31454e-04
4.96967e+00	6.34158e-04
4.98607e+00	6.36841e-04
5.00247e+00	6.39538e-04
5.01887e+00	6.41940e-04
5.03527e+00	6.44808e-04
5.05167e+00	6.47439e-04
5.06807e+00	6.50063e-04
5.08448e+00	6.52651e-04
5.10088e+00	6.55208e-04
5.11728e+00	6.57722e-04
5.13368e+00	6.60213e-04
5.15008e+00	6.62670e-04
5.16648e+00	6.65089e-04
5.18289e+00	6.67472e-04
5.19929e+00	6.69818e-04
5.21569e+00	6.72126e-04
5.23209e+00	6.74404e-04
5.24849e+00	6.76627e-04
5.26489e+00	6.78819e-04
5.28129e+00	6.80971e-04
5.29770e+00	6.83083e-04
5.31410e+00	6.85156e-04
5.33050e+00	6.87184e-04
5.34690e+00	6.89175e-04
5.36330e+00	6.91128e-04
5.37970e+00	6.93036e-04
5.39611e+00	6.94902e-04
5.41251e+00	6.96725e-04
5.42891e+00	6.98503e-04
5.44531e+00	7.00243e-04
5.46171e+00	7.01929e-04
5.47811e+00	7.03572e-04
5.49451e+00	7.05170e-04
5.51092e+00	7.06722e-04
5.52732e+00	7.08228e-04
5.54372e+00	7.09689e-04
5.56012e+00	7.11095e-04
5.57652e+00	7.12466e-04
5.59292e+00	7.13784e-04
5.60933e+00	7.15055e-04
5.62573e+00	7.16277e-04
5.64213e+00	7.17449e-04
5.65853e+00	7.18570e-04
5.67493e+00	7.19651e-04
5.69133e+00	7.20664e-04
5.70773e+00	7.21634e-04
5.72414e+00	7.22552e-04
5.74054e+00	7.23419e-04
5.75694e+00	7.24234e-04
5.77334e+00	7.24999e-04
5.78974e+00	7.25703e-04
5.80614e+00	7.26369e-04
5.82255e+00	7.26978e-04
5.83895e+00	7.27534e-04
5.85535e+00	7.28036e-04
5.87175e+00	7.28485e-04
5.88815e+00	7.28857e-04
5.90455e+00	7.29256e-04
5.92095e+00	7.29498e-04
5.93736e+00	7.29669e-04
5.95376e+00	7.29809e-04
5.97016e+00	7.29892e-04
5.98656e+00	7.29921e-04
6.00296e+00	7.29874e-04
6.01936e+00	7.29816e-04
6.03577e+00	7.29750e-04
6.05217e+00	7.29369e-04
6.06857e+00	7.29056e-04
6.08497e+00	7.28675e-04
6.10137e+00	7.28242e-04
6.11777e+00	7.27755e-04
6.13417e+00	7.27216e-04
6.15058e+00	7.26617e-04
6.16698e+00	7.25972e-04
6.18338e+00	7.25272e-04
6.19978e+00	7.24517e-04
6.21618e+00	7.23708e-04
6.23258e+00	7.22845e-04
6.24899e+00	7.21928e-04
6.26539e+00	7.20956e-04
6.28179e+00	7.19935e-04
6.29819e+00	7.18850e-04
6.31459e+00	7.17715e-04
6.33099e+00	7.16526e-04
6.34739e+00	7.15284e-04
6.36380e+00	7.13988e-04
6.38020e+00	7.12638e-04
6.39660e+00	7.11237e-04
6.41300e+00	7.09781e-04
6.42940e+00	7.08269e-04
6.44580e+00	7.06707e-04
6.46221e+00	7.05092e-04
6.47861e+00	7.03424e-04
6.49501e+00	7.01704e-04
6.51141e+00	6.99935e-04
6.52781e+00	6.98105e-04
6.54421e+00	6.96234e-04
6.56061e+00	6.94316e-04
6.57702e+00	6.92343e-04
6.59342e+00	6.90320e-04
6.60982e+00	6.88247e-04
6.62622e+00	6.86123e-04
6.64262e+00	6.83947e-04
6.65902e+00	6.81728e-04
6.67543e+00	6.79453e-04
6.69183e+00	6.77127e-04
6.70823e+00	6.74754e-04
6.72463e+00	6.72334e-04
6.74103e+00	6.69865e-04
6.75743e+00	6.67349e-04
6.77383e+00	6.64786e-04
6.79024e+00	6.62179e-04
6.80664e+00	6.59524e-04
6.82304e+00	6.56818e-04
6.83944e+00	6.54071e-04
6.85584e+00	6.51278e-04
6.87224e+00	6.48441e-04
6.88865e+00	6.45561e-04
6.90505e+00	6.42617e-04
6.92145e+00	6.39615e-04
6.93785e+00	6.36860e-04
6.95425e+00	6.33415e-04
6.97065e+00	6.30214e-04
6.98705e+00	6.26944e-04
7.00346e+00	6.23644e-04
7.01986e+00	6.20310e-04
7.03626e+00	6.16941e-04
7.05266e+00	6.13474e-04
7.06906e+00	6.10228e-04
7.08546e+00	6.06597e-04
7.10187e+00	6.02960e-04
7.11827e+00	5.99339e-04
7.13467e+00	5.95687e-04
7.15107e+00	5.92011e-04
7.16747e+00	5.88310e-04
7.18387e+00	5.84585e-04
7.20027e+00	5.80836e-04
7.21668e+00	5.77064e-04
7.23308e+00	5.73270e-04
7.24948e+00	5.69454e-04
7.26588e+00	5.65617e-04
7.28228e+00	5.61759e-04
7.29868e+00	5.57882e-04
7.31509e+00	5.53985e-04
7.33149e+00	5.50070e-04
7.34789e+00	5.46137e-04
7.36429e+00	5.42186e-04
7.38069e+00	5.38221e-04
7.39709e+00	5.34238e-04
7.41349e+00	5.30241e-04
7.42990e+00	5.26228e-04
7.44630e+00	5.22202e-04
7.46270e+00	5.18162e-04
7.47910e+00	5.14109e-04
7.49550e+00	5.10044e-04
7.51190e+00	5.05968e-04
7.52831e+00	5.01881e-04
7.54471e+00	4.97783e-04
7.56111e+00	4.93677e-04
7.57751e+00	4.89561e-04
7.59391e+00	4.85437e-04
7.61031e+00	4.81306e-04
7.62671e+00	4.77168e-04
7.64312e+00	4.73023e-04
7.65952e+00	4.68873e-04
7.67592e+00	4.64719e-04
7.69232e+00	4.60560e-04
7.70872e+00	4.56398e-04
7.72512e+00	4.52233e-04
7.74153e+00	4.48065e-04
7.75793e+00	4.43896e-04
7.77433e+00	4.39726e-04
7.79073e+00	4.35555e-04
7.80713e+00	4.31385e-04
7.82353e+00	4.27215e-04
7.83993e+00	4.23047e-04
7.85634e+00	4.18881e-04
7.87274e+00	4.14718e-04
7.88914e+00	4.10558e-04
7.90554e+00	4.06402e-04
7.92194e+00	4.02251e-04
7.93834e+00	3.98105e-04
7.95475e+00	3.93965e-04
7.97115e+00	3.89832e-04
7.98755e+00	3.85705e-04
8.00395e+00	3.81586e-04
8.02035e+00	3.77475e-04
8.03675e+00	3.73373e-04
8.05315e+00	3.69281e-04
8.06956e+00	3.65198e-04
8.08596e+00	3.61126e-04
8.10236e+00	3.57065e-04
8.11876e+00	3.53015e-04
8.13516e+00	3.48978e-04
8.15156e+00	3.44953e-04
8.16797e+00	3.40941e-04
8.18437e+00	3.36944e-04
8.20077e+00	3.32960e-04
8.21717e+00	3.28991e-04
8.23357e+00	3.25038e-04
8.24997e+00	3.21100e-04
8.26637e+00	3.17178e-04
8.28278e+00	3.13273e-04
8.29918e+00	3.09386e-04
8.31558e+00	3.05516e-04
8.33198e+00	3.01665e-04
8.34838e+00	2.97832e-04
8.36478e+00	2.94018e-04
8.38119e+00	2.90223e-04
8.39759e+00	2.86448e-04
8.41399e+00	2.82694e-04
8.43039e+00	2.78960e-04
8.44679e+00	2.75247e-04
8.46319e+00	2.71556e-04
8.47959e+00	2.67887e-04
8.49600e+00	2.64240e-04
8.51240e+00	2.60615e-04
8.52880e+00	2.57014e-04
8.54520e+00	2.53435e-04
8.56160e+00	2.49881e-04
8.57800e+00	2.46350e-04
8.59441e+00	2.42845e-04
8.61081e+00	2.39363e-04
8.62721e+00	2.35906e-04
8.64361e+00	2.32474e-04
8.66001e+00	2.29068e-04
8.67641e+00	2.25688e-04
8.69281e+00	2.22334e-04
8.70922e+00	2.19006e-04
8.72562e+00	2.15705e-04
8.74202e+00	2.12430e-04
8.75842e+00	2.09183e-04
8.77482e+00	2.05963e-04
8.79122e+00	2.02770e-04
8.80763e+00	1.99605e-04
8.82403e+00	1.96468e-04
8.84043e+00	1.93359e-04
8.85683e+00	1.90278e-04
8.87323e+00	1.87225e-04
8.88963e+00	1.84201e-04
8.90603e+00	1.81202e-04
8.92244e+00	1.78238e-04
8.93884e+00	1.75317e-04
8.95524e+00	1.72372e-04
8.97164e+00	1.69483e-04
8.98804e+00	1.66620e-04
9.00444e+00	1.63789e-04
9.02085e+00	1.60988e-04
9.03725e+00	1.58218e-04
9.05365e+00	1.55478e-04
9.07005e+00	1.52769e-04
9.08645e+00	1.50090e-04
9.10285e+00	1.47442e-04
9.11925e+00	1.44825e-04
9.13566e+00	1.42238e-04
9.15206e+00	1.39682e-04
9.16846e+00	1.37156e-04
9.18486e+00	1.34661e-04
9.20126e+00	1.32196e-04
9.21766e+00	1.29762e-04
9.23407e+00	1.27358e-04
9.25047e+00	1.24984e-04
9.26687e+00	1.22639e-04
9.28327e+00	1.20331e-04
9.29967e+00	1.18042e-04
9.31607e+00	1.15788e-04
9.33247e+00	1.13563e-04
9.34888e+00	1.11368e-04
9.36528e+00	1.09203e-04
9.38168e+00	1.07068e-04
9.39808e+00	1.04963e-04
9.41448e+00	1.02886e-04
9.43088e+00	1.00840e-04
9.44729e+00	9.88219e-05
9.46369e+00	9.68332e-05
9.48009e+00	9.48734e-05
9.49649e+00	9.29423e-05
9.51289e+00	9.10398e-05
9.52929e+00	8.91656e-05
9.54569e+00	8.73196e-05
9.56210e+00	8.55017e-05
9.57850e+00	8.37116e-05
9.59490e+00	8.19492e-05
9.61130e+00	8.02142e-05
9.62770e+00	7.85026e-05
9.64410e+00	7.68341e-05
9.66051e+00	7.51672e-05
9.67691e+00	7.35361e-05
9.69331e+00	7.19316e-05
9.70971e+00	7.03538e-05
9.72611e+00	6.88025e-05
9.74251e+00	6.72773e-05
9.75891e+00	6.57781e-05
9.77532e+00	6.43046e-05
9.79172e+00	6.28565e-05
9.80812e+00	6.14336e-05
9.82452e+00	6.00357e-05
9.84092e+00	5.86625e-05
9.85732e+00	5.73137e-05
9.87373e+00	5.59891e-05
9.89013e+00	5.46884e-05
9.90653e+00	5.34113e-05
9.92293e+00	5.21577e-05
9.93933e+00	5.09272e-05
9.95573e+00	4.97196e-05
9.97213e+00	4.85347e-05
9.98854e+00	4.73691e-05
1.00049e+01	4.62119e-05
1.00213e+01	4.51661e-05
1.00377e+01	4.39729e-05
1.00541e+01	4.28774e-05
1.00705e+01	4.17977e-05
1.00869e+01	4.07430e-05
1.01033e+01	3.97116e-05
1.01197e+01	3.87032e-05
1.01361e+01	3.77174e-05
1.01526e+01	3.67537e-05
1.01690e+01	3.58117e-05
1.01854e+01	3.48910e-05
1.02018e+01	3.39912e-05
1.02182e+01	3.31119e-05
1.02346e+01	3.22528e-05
1.02510e+01	3.14133e-05
1.02674e+01	3.05931e-05
1.02838e+01	2.97919e-05
1.03002e+01	2.90093e-05
1.03166e+01	2.82449e-05
1.03330e+01	2.74983e-05
1.03494e+01	2.67693e-05
1.03658e+01	2.60573e-05
1.03822e+01	2.53622e-05
1.03986e+01	2.46836e-05
1.04150e+01	2.40210e-05
1.04314e+01	2.33743e-05
1.04478e+01	2.27430e-05
1.04642e+01	2.21269e-05
1.04806e+01	2.15257e-05
1.04970e+01	2.09390e-05
1.05134e+01	2.03665e-05
1.05298e+01	1.98080e-05
1.05462e+01	1.92631e-05
1.05626e+01	1.87315e-05
1.05790e+01	1.82095e-05
1.05954e+01	1.77094e-05
1.06118e+01	1.72224e-05
1.06282e+01	1.67176e-05
1.06446e+01	1.62421e-05
1.06610e+01	1.57776e-05
1.06774e+01	1.53260e-05
1.06938e+01	1.48867e-05
1.07102e+01	1.44593e-05
1.07266e+01	1.40436e-05
1.07430e+01	1.36393e-05
1.07594e+01	1.32460e-05
1.07758e+01	1.28635e-05
1.07922e+01	1.24915e-05
1.08086e+01	1.21297e-05
1.08250e+01	1.17778e-05
1.08414e+01	1.14357e-05
1.08578e+01	1.11030e-05
1.08742e+01	1.07795e-05
1.08906e+01	1.04649e-05
1.09070e+01	1.01591e-05
1.09234e+01	9.86169e-06
1.09398e+01	9.57258e-06
1.09562e+01	9.29151e-06
1.09726e+01	9.01827e-06
1.09890e+01	8.75265e-06
1.10054e+01	8.49445e-06
1.10218e+01	8.24347e-06
1.10382e+01	7.99952e-06
1.10546e+01	7.76241e-06
1.10710e+01	7.53195e-06
1.10874e+01	7.30798e-06
1.11038e+01	7.09031e-06
1.11202e+01	6.87877e-06
1.11366e+01	6.67321e-06
1.11530e+01	6.47346e-06
1.11694e+01	6.27936e-06
1.11858e+01	6.09076e-06
1.12022e+01	5.90752e-06
1.12187e+01	5.72948e-06
1.12351e+01	5.55650e-06
1.12515e+01	5.38846e-06
1.12679e+01	5.22521e-06
1.12843e+01	5.06662e-06
1.13007e+01	4.91257e-06
1.13171e+01	4.76293e-06
1.13335e+01	4.61759e-06
1.13499e+01	4.47641e-06
1.13663e+01	4.33930e-06
1.13827e+01	4.20613e-06
1.13991e+01	4.07681e-06
1.14155e+01	3.95121e-06
1.14319e+01	3.82925e-06
1.14483e+01	3.71082e-06
1.14647e+01	3.59582e-06
1.14811e+01	3.48416e-06
1.14975e+01	3.37574e-06
1.15139e+01	3.27048e-06
1.15303e+01	3.16829e-06
1.15467e+01	3.06906e-06
1.15631e+01	2.96816e-06
1.15795e+01	2.86056e-06
1.15959e+01	2.74784e-06
1.16123e+01	2.63077e-06
1.16287e+01	2.50925e-06
1.16451e+01	2.37285e-06
1.16615e+01	2.22632e-06
1.16779e+01	2.08183e-06
1.16943e+01	1.94786e-06
1.17107e+01	1.82622e-06
1.17271e+01	1.71674e-06
1.17435e+01	1.61612e-06
1.17599e+01	1.52020e-06
1.17763e+01	1.42648e-06
1.17927e+01	1.33678e-06
1.18091e+01	1.25219e-06
1.18255e+01	1.17022e-06
1.18419e+01	1.08067e-06
1.18583e+01	9.84628e-07
1.18747e+01	8.99516e-07
1.18911e+01	8.27842e-07
1.19075e+01	7.65308e-07
1.19239e+01	7.09111e-07
1.19403e+01	6.58100e-07
1.19567e+01	6.11356e-07
1.19731e+01	5.68179e-07
1.19895e+01	5.28126e-07
1.20059e+01	4.90890e-07
1.20223e+01	4.56151e-07
1.20387e+01	4.23699e-07
1.20551e+01	3.93394e-07
1.20715e+01	3.65105e-07
1.20879e+01	3.38717e-07
1.21043e+01	3.14082e-07
1.21207e+01	2.91057e-07
1.21371e+01	2.69498e-07
1.21535e+01	2.49330e-07
1.21699e+01	2.30488e-07
1.21863e+01	2.12909e-07
1.22027e+01	1.96512e-07
1.22191e+01	1.81167e-07
1.22355e+01	1.66810e-07
1.22519e+01	1.53387e-07
1.22683e+01	1.40855e-07
1.22848e+01	1.29179e-07
1.23012e+01	1.18322e-07
1.23176e+01	1.08257e-07
1.23340e+01	9.89665e-08
1.23504e+01	9.03990e-08
1.23668e+01	8.25059e-08
1.23832e+01	7.52419e-08
1.23996e+01	6.85657e-08
1.24160e+01	6.24185e-08
1.24324e+01	5.67646e-08
1.24488e+01	5.15667e-08
1.24652e+01	4.67937e-08
1.24816e+01	4.24164e-08
1.24980e+01	3.84070e-08
1.25144e+01	3.47398e-08
1.25308e+01	3.13877e-08
1.25472e+01	2.83293e-08
1.25636e+01	2.55459e-08
1.25800e+01	2.29986e-08
1.25964e+01	2.06896e-08
1.26128e+01	1.85947e-08
1.26292e+01	1.66983e-08
1.26456e+01	1.49846e-08
1.26620e+01	1.34369e-08
1.26784e+01	1.20400e-08
1.26948e+01	1.07800e-08
1.27112e+01	9.64706e-09
1.27276e+01	8.62889e-09
1.27440e+01	7.71522e-09
1.27604e+01	6.89579e-09
1.27768e+01	6.16096e-09
1.27932e+01	5.50209e-09
1.28096e+01	4.91222e-09
1.28260e+01	4.38669e-09
1.28424e+01	3.91882e-09
1.28588e+01	3.50507e-09
1.28752e+01	3.14020e-09
1.28916e+01	2.81744e-09
1.29080e+01	2.52878e-09
1.29244e+01	2.26361e-09
1.29408e+01	2.02845e-09
1.29572e+01	1.82461e-09
1.29736e+01	1.64577e-09
1.29900e+01	1.48367e-09
1.30064e+01	1.33532e-09
1.30228e+01	1.18628e-09
1.30392e+01	1.03659e-09
1.30556e+01	8.95199e-10
1.30720e+01	7.77964e-10
1.30884e+01	6.82335e-10
1.31048e+01	6.04275e-10
1.31212e+01	5.39781e-10
1.31376e+01	4.85432e-10
1.31540e+01	4.36505e-10
1.31704e+01	3.91322e-10
1.31868e+01	3.48746e-10
1.32032e+01	3.09158e-10
1.32196e+01	2.74195e-10
1.32360e+01	2.44787e-10
1.32524e+01	2.19077e-10
1.32688e+01	1.96566e-10
1.32852e+01	1.76722e-10
1.33016e+01	1.59255e-10
1.33180e+01	1.43750e-10
1.33344e+01	1.29925e-10
1.33509e+01	1.17513e-10
1.33673e+01	1.06321e-10
1.33837e+01	9.61544e-11
1.34001e+01	8.68817e-11
1.34165e+01	7.84297e-11
1.34329e+01	7.06875e-11
1.34493e+01	6.35804e-11
1.34657e+01	5.70165e-11
1.34821e+01	5.10402e-11
1.34985e+01	4.56942e-11
1.35149e+01	4.09183e-11
1.35313e+01	3.66184e-11
1.35477e+01	3.27419e-11
1.35641e+01	2.92513e-11
1.35805e+01	2.61107e-11
1.35969e+01	2.32873e-11
1.36133e+01	2.07522e-11
1.36297e+01	1.84799e-11
1.36461e+01	1.64442e-11
1.36625e+01	1.46220e-11
1.36789e+01	1.29925e-11
1.36953e+01	1.15362e-11
1.37117e+01	1.02358e-11
1.37281e+01	9.07568e-12
1.37445e+01	8.04146e-12
1.37609e+01	7.12016e-12
1.37773e+01	6.30019e-12
1.37937e+01	5.57104e-12
1.38101e+01	4.92287e-12
1.38265e+01	4.34699e-12
1.38429e+01	3.83583e-12
1.38593e+01	3.38243e-12
1.38757e+01	2.98025e-12
1.38921e+01	2.62322e-12
1.39085e+01	2.30668e-12
1.39249e+01	2.02604e-12
1.39413e+01	1.77754e-12
1.39577e+01	1.55777e-12
1.39741e+01	1.36375e-12
1.39905e+01	1.19264e-12
1.40069e+01	1.04171e-12
1.40233e+01	9.08776e-13
1.40397e+01	7.92036e-13
1.40561e+01	6.89533e-13
1.40725e+01	5.99714e-13
1.40889e+01	5.21018e-13
1.41053e+01	4.52153e-13
1.41217e+01	3.91963e-13
1.41381e+01	3.39423e-13
1.41545e+01	2.93616e-13
1.41709e+01	2.53728e-13
1.41873e+01	2.19033e-13
1.42037e+01	1.88891e-13
1.42201e+01	1.62737e-13
1.42365e+01	1.40059e-13
1.42529e+01	1.20408e-13
1.42693e+01	1.03398e-13
1.42857e+01	8.86925e-14
1.43021e+01	7.59932e-14
1.43185e+01	6.50412e-14
1.43349e+01	5.56074e-14
1.43513e+01	4.74912e-14
1.43677e+01	4.05164e-14
1.43841e+01	3.45296e-14
1.44005e+01	2.93968e-14
1.44170e+01	2.50008e-14
1.44334e+01	2.12404e-14
1.44498e+01	1.80270e-14
1.44662e+01	1.52843e-14
1.44826e+01	1.29460e-14
1.44990e+01	1.09545e-14
1.45154e+01	9.26022e-15
1.45318e+01	7.82030e-15
1.45482e+01	6.59787e-15
1.45646e+01	5.56118e-15
1.45810e+01	4.68292e-15
1.45974e+01	3.93965e-15
1.46138e+01	3.31124e-15
1.46302e+01	2.78047e-15
1.46466e+01	2.33263e-15
1.46630e+01	1.95512e-15
1.46794e+01	1.63720e-15
1.46958e+01	1.36974e-15
1.47122e+01	1.14495e-15
1.47286e+01	9.56199e-16
1.47450e+01	7.97860e-16
1.47614e+01	6.65156e-16
1.47778e+01	5.54038e-16
1.47942e+01	4.61084e-16
1.48106e+01	3.83393e-16
1.48270e+01	3.18517e-16
1.48434e+01	2.64391e-16
1.48598e+01	2.19276e-16
1.48762e+01	1.81705e-16
1.48926e+01	1.50444e-16
1.49090e+01	1.24456e-16
1.49254e+01	1.02869e-16
1.49418e+01	8.49534e-17
1.49582e+01	7.00972e-17
1.49746e+01	5.77885e-17
1.49910e+01	4.76018e-17
1.50074e+01	3.91795e-17
1.50238e+01	3.22251e-17
1.50402e+01	2.64888e-17
1.50566e+01	2.17607e-17
1.50730e+01	1.78665e-17
1.50894e+01	1.46611e-17
1.51058e+01	1.20240e-17
1.51222e+01	9.85588e-18
1.51386e+01	8.07425e-18
1.51550e+01	6.61105e-18
1.51714e+01	5.41005e-18
1.51878e+01	4.42482e-18
1.52042e+01	3.61705e-18
1.52206e+01	2.95515e-18
1.52370e+01	2.41308e-18
1.52534e+01	1.96939e-18
1.52698e+01	1.60643e-18
1.52862e+01	1.30966e-18
1.53026e+01	1.06716e-18
1.53190e+01	8.69101e-19
1.53354e+01	7.07430e-19
1.53518e+01	5.75531e-19
1.53682e+01	4.67979e-19
1.53846e+01	3.80329e-19
1.54010e+01	3.08935e-19
1.54174e+01	2.50813e-19
1.54338e+01	2.03523e-19
1.54502e+01	1.65064e-19
1.54666e+01	1.33805e-19
1.54831e+01	1.08411e-19
1.54995e+01	8.77917e-20
1.55159e+01	7.10586e-20
1.55323e+01	5.74860e-20
1.55487e+01	4.64826e-20
1.55651e+01	3.75668e-20
1.55815e+01	3.03461e-20
1.55979e+01	2.45012e-20
1.56143e+01	1.97725e-20
1.56307e+01	1.59488e-20
1.56471e+01	1.28584e-20
1.56635e+01	1.03620e-20
1.56799e+01	8.34648e-21
1.56963e+01	6.72008e-21
1.57127e+01	5.40837e-21
1.57291e+01	4.35107e-21
1.57455e+01	3.49936e-21
1.57619e+01	2.81371e-21
1.57783e+01	2.26087e-21
1.57947e+01	1.81494e-21
1.58111e+01	1.45561e-21
1.58275e+01	1.16633e-21
1.58439e+01	9.33661e-22
1.58603e+01	7.46727e-22
1.58767e+01	5.96673e-22
1.58931e+01	4.76329e-22
1.59095e+01	3.79914e-22
1.59259e+01	3.02740e-22
1.59423e+01	2.41021e-22
1.59587e+01	1.91705e-22
1.59751e+01	1.52341e-22
1.59915e+01	1.20950e-22
1.60079e+01	9.59450e-23
1.60243e+01	7.60503e-23
1.60407e+01	6.02360e-23
1.60571e+01	4.76758e-23
1.60735e+01	3.77086e-23
1.60899e+01	2.98052e-23
1.61063e+01	2.35426e-23
1.61227e+01	1.85836e-23
1.61391e+01	1.46599e-23
1.61555e+01	1.15578e-23
1.61719e+01	9.10726e-24
1.61883e+01	7.17306e-24
1.62047e+01	5.64792e-24
1.62211e+01	4.44659e-24
1.62375e+01	3.50157e-24
1.62539e+01	2.75940e-24
1.62703e+01	2.17792e-24
1.62867e+01	1.72385e-24
1.63031e+01	1.37100e-24
1.63195e+01	1.09884e-24
1.63359e+01	8.91439e-25
1.63523e+01	7.36547e-25
1.63687e+01	6.24829e-25
1.63851e+01	5.49970e-25
1.64015e+01	5.02870e-25
