# The ell = 1 distribution, the first anisotropy.
# E_N [Td]	4.50000e+00
# col_1: Electron Energy [eV], col_2: f1 [eV^(-3/2)]
eV	f1
1.73033e-02	2.24729e-04
3.46067e-02	3.67400e-04
5.19100e-02	4.53512e-04
6.92134e-02	5.02345e-04
8.65167e-02	5.31594e-04
1.03820e-01	5.44434e-04
1.21123e-01	5.39675e-04
1.38427e-01	5.28458e-04
1.55730e-01	5.16303e-04
1.73033e-01	5.04015e-04
1.90337e-01	4.91846e-04
2.07640e-01	4.80338e-04
2.24943e-01	4.68295e-04
2.42247e-01	4.55369e-04
2.59550e-01	4.41886e-04
2.76853e-01	4.29844e-04
2.94157e-01	4.20872e-04
3.11460e-01	4.16261e-04
3.28763e-01	4.08421e-04
3.46067e-01	3.99004e-04
3.63370e-01	3.89133e-04
3.80673e-01	3.79551e-04
3.97977e-01	3.70414e-04
4.15280e-01	3.61770e-04
4.32583e-01	3.53608e-04
4.49887e-01	3.45881e-04
4.67190e-01	3.38548e-04
4.84494e-01	3.31584e-04
5.01797e-01	3.24970e-04
5.19100e-01	3.18675e-04
5.36404e-01	3.12672e-04
5.53707e-01	3.06937e-04
5.71010e-01	3.01455e-04
5.88314e-01	2.96238e-04
6.05617e-01	2.91267e-04
6.22920e-01	2.86524e-04
6.40224e-01	2.81993e-04
6.57527e-01	2.77647e-04
6.74830e-01	2.73483e-04
6.92134e-01	2.69472e-04
7.09437e-01	2.65600e-04
7.26740e-01	2.61860e-04
7.44044e-01	2.58243e-04
7.61347e-01	2.54747e-04
7.78650e-01	2.51368e-04
7.95954e-01	2.48104e-04
8.13257e-01	2.44955e-04
8.30560e-01	2.41916e-04
8.47864e-01	2.38977e-04
8.65167e-01	2.36149e-04
8.82470e-01	2.33407e-04
8.99774e-01	2.30780e-04
9.17077e-01	2.28219e-04
9.34380e-01	2.25786e-04
9.51684e-01	2.23408e-04
9.68987e-01	2.21059e-04
9.86290e-01	2.19159e-04
1.00359e+00	2.16708e-04
1.02090e+00	2.14630e-04
1.03820e+00	2.12494e-04
1.05550e+00	2.10471e-04
1.07281e+00	2.08519e-04
1.09011e+00	2.06635e-04
1.10741e+00	2.04820e-04
1.12472e+00	2.03070e-04
1.14202e+00	2.01383e-04
1.15932e+00	1.99768e-04
1.17663e+00	1.98206e-04
1.19393e+00	1.96708e-04
1.21123e+00	1.95275e-04
1.22854e+00	1.93883e-04
1.24584e+00	1.92560e-04
1.26314e+00	1.91288e-04
1.28045e+00	1.90072e-04
1.29775e+00	1.88914e-04
1.31505e+00	1.87807e-04
1.33236e+00	1.86753e-04
1.34966e+00	1.85753e-04
1.36696e+00	1.84805e-04
1.38427e+00	1.83910e-04
1.40157e+00	1.83064e-04
1.41887e+00	1.82267e-04
1.43618e+00	1.81516e-04
1.45348e+00	1.80814e-04
1.47078e+00	1.80183e-04
1.48809e+00	1.79494e-04
1.50539e+00	1.79029e-04
1.52269e+00	1.78544e-04
1.54000e+00	1.78105e-04
1.55730e+00	1.77709e-04
1.57460e+00	1.77352e-04
1.59191e+00	1.77033e-04
1.60921e+00	1.76753e-04
1.62651e+00	1.76512e-04
1.64382e+00	1.76293e-04
1.66112e+00	1.76169e-04
1.67842e+00	1.76011e-04
1.69573e+00	1.75840e-04
1.71303e+00	1.75833e-04
1.73033e+00	1.75684e-04
1.74764e+00	1.75627e-04
1.76494e+00	1.75600e-04
1.78224e+00	1.75601e-04
1.79955e+00	1.75634e-04
1.81685e+00	1.75697e-04
1.83415e+00	1.75792e-04
1.85146e+00	1.75916e-04
1.86876e+00	1.76068e-04
1.88606e+00	1.76247e-04
1.90337e+00	1.76457e-04
1.92067e+00	1.76690e-04
1.93797e+00	1.76975e-04
1.95528e+00	1.77193e-04
1.97258e+00	1.77570e-04
1.98988e+00	1.78003e-04
2.00719e+00	1.78290e-04
2.02449e+00	1.78831e-04
2.04179e+00	1.79377e-04
2.05910e+00	1.79925e-04
2.07640e+00	1.80504e-04
2.09370e+00	1.81106e-04
2.11101e+00	1.81732e-04
2.12831e+00	1.82383e-04
2.14561e+00	1.83057e-04
2.16292e+00	1.83755e-04
2.18022e+00	1.84475e-04
2.19752e+00	1.85217e-04
2.21483e+00	1.85982e-04
2.23213e+00	1.86770e-04
2.24943e+00	1.87578e-04
2.26674e+00	1.88408e-04
2.28404e+00	1.89260e-04
2.30134e+00	1.90131e-04
2.31865e+00	1.91025e-04
2.33595e+00	1.91935e-04
2.35325e+00	1.92871e-04
2.37056e+00	1.93827e-04
2.38786e+00	1.94802e-04
2.40516e+00	1.95797e-04
2.42247e+00	1.96809e-04
2.43977e+00	1.97857e-04
2.45707e+00	1.98860e-04
2.47438e+00	1.99982e-04
2.49168e+00	2.01100e-04
2.50898e+00	2.02215e-04
2.52629e+00	2.03355e-04
2.54359e+00	2.04574e-04
2.56089e+00	2.05782e-04
2.57820e+00	2.07011e-04
2.59550e+00	2.08258e-04
2.61280e+00	2.09522e-04
2.63011e+00	2.10803e-04
2.64741e+00	2.12105e-04
2.66471e+00	2.13416e-04
2.68202e+00	2.14748e-04
2.69932e+00	2.16092e-04
2.71662e+00	2.17457e-04
2.73393e+00	2.18842e-04
2.75123e+00	2.20241e-04
2.76853e+00	2.21656e-04
2.78584e+00	2.23087e-04
2.80314e+00	2.24534e-04
2.82044e+00	2.25996e-04
2.83775e+00	2.27474e-04
2.85505e+00	2.28966e-04
2.87235e+00	2.30473e-04
2.88966e+00	2.31995e-04
2.90696e+00	2.33533e-04
2.92426e+00	2.35084e-04
2.94157e+00	2.36646e-04
2.95887e+00	2.38224e-04
2.97617e+00	2.39844e-04
2.99348e+00	2.41402e-04
3.01078e+00	2.43005e-04
3.02808e+00	2.44618e-04
3.04539e+00	2.46256e-04
3.06269e+00	2.47878e-04
3.07999e+00	2.49524e-04
3.09730e+00	2.51182e-04
3.11460e+00	2.52855e-04
3.13190e+00	2.54536e-04
3.14921e+00	2.56231e-04
3.16651e+00	2.57939e-04
3.18381e+00	2.59653e-04
3.20112e+00	2.61389e-04
3.21842e+00	2.63134e-04
3.23572e+00	2.64889e-04
3.25303e+00	2.66658e-04
3.27033e+00	2.68436e-04
3.28763e+00	2.70225e-04
3.30494e+00	2.72025e-04
3.32224e+00	2.73837e-04
3.33954e+00	2.75659e-04
3.35685e+00	2.77490e-04
3.37415e+00	2.79333e-04
3.39145e+00	2.81185e-04
3.40876e+00	2.83049e-04
3.42606e+00	2.84920e-04
3.44336e+00	2.86802e-04
3.46067e+00	2.88693e-04
3.47797e+00	2.90594e-04
3.49527e+00	2.92504e-04
3.51258e+00	2.94424e-04
3.52988e+00	2.96353e-04
3.54718e+00	2.98291e-04
3.56449e+00	3.00234e-04
3.58179e+00	3.02193e-04
3.59909e+00	3.04157e-04
3.61640e+00	3.06130e-04
3.63370e+00	3.08112e-04
3.65100e+00	3.10100e-04
3.66831e+00	3.12095e-04
3.68561e+00	3.14099e-04
3.70291e+00	3.16110e-04
3.72022e+00	3.18128e-04
3.73752e+00	3.20153e-04
3.75482e+00	3.22186e-04
3.77213e+00	3.24225e-04
3.78943e+00	3.26270e-04
3.80673e+00	3.28324e-04
3.82404e+00	3.30381e-04
3.84134e+00	3.32446e-04
3.85864e+00	3.34516e-04
3.87595e+00	3.36593e-04
3.89325e+00	3.38673e-04
3.91055e+00	3.40763e-04
3.92786e+00	3.42857e-04
3.94516e+00	3.45025e-04
3.96246e+00	3.47067e-04
3.97977e+00	3.48936e-04
3.99707e+00	3.51700e-04
4.01437e+00	3.54067e-04
4.03168e+00	3.56506e-04
4.04898e+00	3.58915e-04
4.06628e+00	3.61275e-04
4.08359e+00	3.63871e-04
4.10089e+00	3.66368e-04
4.11819e+00	3.68882e-04
4.13550e+00	3.71400e-04
4.15280e+00	3.73923e-04
4.17010e+00	3.76445e-04
4.18741e+00	3.78973e-04
4.20471e+00	3.81504e-04
4.22201e+00	3.84040e-04
4.23932e+00	3.86573e-04
4.25662e+00	3.89117e-04
4.27392e+00	3.91661e-04
4.29123e+00	3.94207e-04
4.30853e+00	3.96755e-04
4.32583e+00	3.99303e-04
4.34314e+00	4.01854e-04
4.36044e+00	4.04407e-04
4.37774e+00	4.06960e-04
4.39505e+00	4.09513e-04
4.41235e+00	4.12067e-04
4.42965e+00	4.14621e-04
4.44696e+00	4.17173e-04
4.46426e+00	4.19725e-04
4.48156e+00	4.22277e-04
4.49887e+00	4.24826e-04
4.51617e+00	4.27377e-04
4.53347e+00	4.29921e-04
4.55078e+00	4.32465e-04
4.56808e+00	4.35006e-04
4.58538e+00	4.37544e-04
4.60269e+00	4.40080e-04
4.61999e+00	4.42612e-04
4.63729e+00	4.45140e-04
4.65460e+00	4.47665e-04
4.67190e+00	4.50185e-04
4.68920e+00	4.52703e-04
4.70651e+00	4.55210e-04
4.72381e+00	4.57719e-04
4.74111e+00	4.60224e-04
4.75842e+00	4.62721e-04
4.77572e+00	4.65213e-04
4.79303e+00	4.67697e-04
4.81033e+00	4.70180e-04
4.82763e+00	4.72647e-04
4.84494e+00	4.75109e-04
4.86224e+00	4.77564e-04
4.87954e+00	4.80011e-04
4.89685e+00	4.82467e-04
4.91415e+00	4.84837e-04
4.93145e+00	4.87331e-04
4.94876e+00	4.89762e-04
4.96606e+00	4.92190e-04
4.98336e+00	4.94611e-04
5.00067e+00	4.97064e-04
5.01797e+00	4.99295e-04
5.03527e+00	5.01894e-04
5.05258e+00	5.04328e-04
5.06988e+00	5.06769e-04
5.08718e+00	5.09196e-04
5.10449e+00	5.11613e-04
5.12179e+00	5.14007e-04
5.13909e+00	5.16403e-04
5.15640e+00	5.18779e-04
5.17370e+00	5.21143e-04
5.19100e+00	5.23491e-04
5.20831e+00	5.25823e-04
5.22561e+00	5.28147e-04
5.24291e+00	5.30445e-04
5.26022e+00	5.32728e-04
5.27752e+00	5.34996e-04
5.29482e+00	5.37248e-04
5.31213e+00	5.39483e-04
5.32943e+00	5.41698e-04
5.34673e+00	5.43897e-04
5.36404e+00	5.46081e-04
5.38134e+00	5.48245e-04
5.39864e+00	5.50391e-04
5.41595e+00	5.52516e-04
5.43325e+00	5.54622e-04
5.45055e+00	5.56711e-04
5.46786e+00	5.58772e-04
5.48516e+00	5.60816e-04
5.50246e+00	5.62838e-04
5.51977e+00	5.64838e-04
5.53707e+00	5.66818e-04
5.55437e+00	5.68771e-04
5.57168e+00	5.70707e-04
5.58898e+00	5.72620e-04
5.60628e+00	5.74509e-04
5.62359e+00	5.76374e-04
5.64089e+00	5.78215e-04
5.65819e+00	5.80030e-04
5.67550e+00	5.81828e-04
5.69280e+00	5.83587e-04
5.71010e+00	5.85326e-04
5.72741e+00	5.87038e-04
5.74471e+00	5.88724e-04
5.76201e+00	5.90384e-04
5.77932e+00	5.92016e-04
5.79662e+00	5.93619e-04
5.81392e+00	5.95202e-04
5.83123e+00	5.96754e-04
5.84853e+00	5.98277e-04
5.86583e+00	5.99772e-04
5.88314e+00	6.01226e-04
5.90044e+00	6.02687e-04
5.91774e+00	6.04092e-04
5.93505e+00	6.05405e-04
5.95235e+00	6.06722e-04
5.96965e+00	6.08005e-04
5.98696e+00	6.09257e-04
6.00426e+00	6.10450e-04
6.02156e+00	6.11701e-04
6.03887e+00	6.12843e-04
6.05617e+00	6.13841e-04
6.07347e+00	6.14873e-04
6.09078e+00	6.15866e-04
6.10808e+00	6.16828e-04
6.12538e+00	6.17758e-04
6.14269e+00	6.18654e-04
6.15999e+00	6.19518e-04
6.17729e+00	6.20353e-04
6.19460e+00	6.21152e-04
6.21190e+00	6.21918e-04
6.22920e+00	6.22651e-04
6.24651e+00	6.23349e-04
6.26381e+00	6.24013e-04
6.28111e+00	6.24646e-04
6.29842e+00	6.25235e-04
6.31572e+00	6.25793e-04
6.33302e+00	6.26316e-04
6.35033e+00	6.26803e-04
6.36763e+00	6.27255e-04
6.38493e+00	6.27671e-04
6.40224e+00	6.28054e-04
6.41954e+00	6.28395e-04
6.43684e+00	6.28701e-04
6.45415e+00	6.28972e-04
6.47145e+00	6.29205e-04
6.48875e+00	6.29402e-04
6.50606e+00	6.29564e-04
6.52336e+00	6.29684e-04
6.54066e+00	6.29768e-04
6.55797e+00	6.29826e-04
6.57527e+00	6.29840e-04
6.59257e+00	6.29818e-04
6.60988e+00	6.29758e-04
6.62718e+00	6.29659e-04
6.64448e+00	6.29521e-04
6.66179e+00	6.29352e-04
6.67909e+00	6.29134e-04
6.69639e+00	6.28879e-04
6.71370e+00	6.28587e-04
6.73100e+00	6.28257e-04
6.74830e+00	6.27887e-04
6.76561e+00	6.27479e-04
6.78291e+00	6.27031e-04
6.80021e+00	6.26551e-04
6.81752e+00	6.26020e-04
6.83482e+00	6.25455e-04
6.85212e+00	6.24851e-04
6.86943e+00	6.24208e-04
6.88673e+00	6.23526e-04
6.90403e+00	6.22779e-04
6.92134e+00	6.22015e-04
6.93864e+00	6.21402e-04
6.95594e+00	6.20206e-04
6.97325e+00	6.19212e-04
6.99055e+00	6.18154e-04
7.00785e+00	6.17064e-04
7.02516e+00	6.15939e-04
7.04246e+00	6.14757e-04
7.05976e+00	6.13561e-04
7.07707e+00	6.12463e-04
7.09437e+00	6.10932e-04
7.11167e+00	6.09543e-04
7.12898e+00	6.08101e-04
7.14628e+00	6.06630e-04
7.16358e+00	6.05126e-04
7.18089e+00	6.03591e-04
7.19819e+00	6.02024e-04
7.21549e+00	6.00425e-04
7.23280e+00	5.98795e-04
7.25010e+00	5.97134e-04
7.26740e+00	5.95442e-04
7.28471e+00	5.93718e-04
7.30201e+00	5.91965e-04
7.31931e+00	5.90180e-04
7.33662e+00	5.88366e-04
7.35392e+00	5.86519e-04
7.37122e+00	5.84646e-04
7.38853e+00	5.82743e-04
7.40583e+00	5.80810e-04
7.42313e+00	5.78847e-04
7.44044e+00	5.76856e-04
7.45774e+00	5.74835e-04
7.47504e+00	5.72786e-04
7.49235e+00	5.70709e-04
7.50965e+00	5.68603e-04
7.52695e+00	5.66470e-04
7.54426e+00	5.64309e-04
7.56156e+00	5.62121e-04
7.57886e+00	5.59905e-04
7.59617e+00	5.57663e-04
7.61347e+00	5.55394e-04
7.63077e+00	5.53100e-04
7.64808e+00	5.50778e-04
7.66538e+00	5.48432e-04
7.68268e+00	5.46060e-04
7.69999e+00	5.43664e-04
7.71729e+00	5.41242e-04
7.73459e+00	5.38796e-04
7.75190e+00	5.36326e-04
7.76920e+00	5.33832e-04
7.78650e+00	5.31315e-04
7.80381e+00	5.28774e-04
7.82111e+00	5.26211e-04
7.83841e+00	5.23625e-04
7.85572e+00	5.21017e-04
7.87302e+00	5.18387e-04
7.89032e+00	5.15736e-04
7.90763e+00	5.13063e-04
7.92493e+00	5.10370e-04
7.94223e+00	5.07656e-04
7.95954e+00	5.04922e-04
7.97684e+00	5.02169e-04
7.99414e+00	4.99396e-04
8.01145e+00	4.96605e-04
8.02875e+00	4.93795e-04
8.04605e+00	4.90966e-04
8.06336e+00	4.88120e-04
8.08066e+00	4.85257e-04
8.09796e+00	4.82377e-04
8.11527e+00	4.79480e-04
8.13257e+00	4.76566e-04
8.14987e+00	4.73637e-04
8.16718e+00	4.70693e-04
8.18448e+00	4.67734e-04
8.20178e+00	4.64760e-04
8.21909e+00	4.61771e-04
8.23639e+00	4.58769e-04
8.25369e+00	4.55754e-04
8.27100e+00	4.52725e-04
8.28830e+00	4.49685e-04
8.30560e+00	4.46633e-04
8.32291e+00	4.43568e-04
8.34021e+00	4.40493e-04
8.35751e+00	4.37406e-04
8.37482e+00	4.34309e-04
8.39212e+00	4.31203e-04
8.40942e+00	4.28086e-04
8.42673e+00	4.24960e-04
8.44403e+00	4.21826e-04
8.46133e+00	4.18683e-04
8.47864e+00	4.15533e-04
8.49594e+00	4.12375e-04
8.51324e+00	4.09210e-04
8.53055e+00	4.06038e-04
8.54785e+00	4.02860e-04
8.56515e+00	3.99677e-04
8.58246e+00	3.96488e-04
8.59976e+00	3.93295e-04
8.61706e+00	3.90096e-04
8.63437e+00	3.86894e-04
8.65167e+00	3.83688e-04
8.66897e+00	3.80479e-04
8.68628e+00	3.77267e-04
8.70358e+00	3.74053e-04
8.72088e+00	3.70837e-04
8.73819e+00	3.67620e-04
8.75549e+00	3.64402e-04
8.77279e+00	3.61183e-04
8.79010e+00	3.57964e-04
8.80740e+00	3.54745e-04
8.82470e+00	3.51527e-04
8.84201e+00	3.48310e-04
8.85931e+00	3.45095e-04
8.87661e+00	3.41882e-04
8.89392e+00	3.38670e-04
8.91122e+00	3.35446e-04
8.92852e+00	3.32285e-04
8.94583e+00	3.29047e-04
8.96313e+00	3.25808e-04
8.98043e+00	3.22591e-04
8.99774e+00	3.19378e-04
9.01504e+00	3.16171e-04
9.03234e+00	3.12972e-04
9.04965e+00	3.09780e-04
9.06695e+00	3.06596e-04
9.08425e+00	3.03419e-04
9.10156e+00	3.00251e-04
9.11886e+00	2.97092e-04
9.13616e+00	2.93941e-04
9.15347e+00	2.90801e-04
9.17077e+00	2.87669e-04
9.18807e+00	2.84548e-04
9.20538e+00	2.81438e-04
9.22268e+00	2.78338e-04
9.23998e+00	2.75249e-04
9.25729e+00	2.72169e-04
9.27459e+00	2.69107e-04
9.29189e+00	2.66052e-04
9.30920e+00	2.63003e-04
9.32650e+00	2.59971e-04
9.34380e+00	2.56951e-04
9.36111e+00	2.53945e-04
9.37841e+00	2.50952e-04
9.39571e+00	2.47973e-04
9.41302e+00	2.45009e-04
9.43032e+00	2.42059e-04
9.44762e+00	2.39124e-04
9.46493e+00	2.36204e-04
9.48223e+00	2.33299e-04
9.49953e+00	2.30410e-04
9.51684e+00	2.27536e-04
9.53414e+00	2.24679e-04
9.55144e+00	2.21837e-04
9.56875e+00	2.19012e-04
9.58605e+00	2.16204e-04
9.60335e+00	2.13413e-04
9.62066e+00	2.10632e-04
9.63796e+00	2.07892e-04
9.65526e+00	2.05142e-04
9.67257e+00	2.02399e-04
9.68987e+00	1.99685e-04
9.70717e+00	1.96989e-04
9.72448e+00	1.94312e-04
9.74178e+00	1.91654e-04
9.75908e+00	1.89015e-04
9.77639e+00	1.86396e-04
9.79369e+00	1.83797e-04
9.81099e+00	1.81217e-04
9.82830e+00	1.78658e-04
9.84560e+00	1.76118e-04
9.86290e+00	1.73599e-04
9.88021e+00	1.71100e-04
9.89751e+00	1.68622e-04
9.91481e+00	1.66164e-04
9.93212e+00	1.63726e-04
9.94942e+00	1.61309e-04
9.96672e+00	1.58913e-04
9.98403e+00	1.56538e-04
1.00013e+01	1.54100e-04
1.00186e+01	1.52035e-04
1.00359e+01	1.49419e-04
1.00532e+01	1.47048e-04
1.00705e+01	1.44687e-04
1.00878e+01	1.42358e-04
1.01052e+01	1.40057e-04
1.01225e+01	1.37785e-04
1.01398e+01	1.35541e-04
1.01571e+01	1.33325e-04
1.01744e+01	1.31137e-04
1.01917e+01	1.28977e-04
1.02090e+01	1.26844e-04
1.02263e+01	1.24739e-04
1.02436e+01	1.22661e-04
1.02609e+01	1.20609e-04
1.02782e+01	1.18585e-04
1.02955e+01	1.16586e-04
1.03128e+01	1.14614e-04
1.03301e+01	1.12668e-04
1.03474e+01	1.10748e-04
1.03647e+01	1.08853e-04
1.03820e+01	1.06984e-04
1.03993e+01	1.05140e-04
1.04166e+01	1.03320e-04
1.04339e+01	1.01526e-04
1.04512e+01	9.97555e-05
1.04685e+01	9.80096e-05
1.04858e+01	9.62878e-05
1.05031e+01	9.45898e-05
1.05204e+01	9.29153e-05
1.05377e+01	9.12643e-05
1.05550e+01	8.96365e-05
1.05723e+01	8.80276e-05
1.05896e+01	8.64210e-05
1.06069e+01	8.49663e-05
1.06243e+01	8.32883e-05
1.06416e+01	8.17413e-05
1.06589e+01	8.02080e-05
1.06762e+01	7.87022e-05
1.06935e+01	7.72217e-05
1.07108e+01	7.57663e-05
1.07281e+01	7.43356e-05
1.07454e+01	7.29291e-05
1.07627e+01	7.15466e-05
1.07800e+01	7.01876e-05
1.07973e+01	6.88519e-05
1.08146e+01	6.75390e-05
1.08319e+01	6.62486e-05
1.08492e+01	6.49804e-05
1.08665e+01	6.37339e-05
1.08838e+01	6.25090e-05
1.09011e+01	6.13052e-05
1.09184e+01	6.01222e-05
1.09357e+01	5.89597e-05
1.09530e+01	5.78174e-05
1.09703e+01	5.66950e-05
1.09876e+01	5.55921e-05
1.10049e+01	5.45084e-05
1.10222e+01	5.34437e-05
1.10395e+01	5.23976e-05
1.10568e+01	5.13699e-05
1.10741e+01	5.03602e-05
1.10914e+01	4.93683e-05
1.11087e+01	4.83939e-05
1.11260e+01	4.74368e-05
1.11434e+01	4.64965e-05
1.11607e+01	4.55729e-05
1.11780e+01	4.46657e-05
1.11953e+01	4.37747e-05
1.12126e+01	4.28995e-05
1.12299e+01	4.20400e-05
1.12472e+01	4.11958e-05
1.12645e+01	4.03668e-05
1.12818e+01	3.95526e-05
1.12991e+01	3.87531e-05
1.13164e+01	3.79679e-05
1.13337e+01	3.71969e-05
1.13510e+01	3.64399e-05
1.13683e+01	3.56965e-05
1.13856e+01	3.49666e-05
1.14029e+01	3.42500e-05
1.14202e+01	3.35464e-05
1.14375e+01	3.28557e-05
1.14548e+01	3.21775e-05
1.14721e+01	3.15118e-05
1.14894e+01	3.08582e-05
1.15067e+01	3.02166e-05
1.15240e+01	2.95869e-05
1.15413e+01	2.89687e-05
1.15586e+01	2.83509e-05
1.15759e+01	2.76568e-05
1.15932e+01	2.68995e-05
1.16105e+01	2.60856e-05
1.16278e+01	2.52086e-05
1.16451e+01	2.41804e-05
1.16625e+01	2.30275e-05
1.16798e+01	2.18702e-05
1.16971e+01	2.07873e-05
1.17144e+01	1.97980e-05
1.17317e+01	1.89016e-05
1.17490e+01	1.80578e-05
1.17663e+01	1.72220e-05
1.17836e+01	1.63946e-05
1.18009e+01	1.55947e-05
1.18182e+01	1.48175e-05
1.18355e+01	1.40243e-05
1.18528e+01	1.30242e-05
1.18701e+01	1.20980e-05
1.18874e+01	1.13181e-05
1.19047e+01	1.06397e-05
1.19220e+01	1.00253e-05
1.19393e+01	9.46099e-06
1.19566e+01	8.93719e-06
1.19739e+01	8.44604e-06
1.19912e+01	7.98311e-06
1.20085e+01	7.54539e-06
1.20258e+01	7.12991e-06
1.20431e+01	6.73497e-06
1.20604e+01	6.35966e-06
1.20777e+01	6.00316e-06
1.20950e+01	5.66474e-06
1.21123e+01	5.34273e-06
1.21296e+01	5.03575e-06
1.21469e+01	4.74290e-06
1.21642e+01	4.46386e-06
1.21816e+01	4.19836e-06
1.21989e+01	3.94602e-06
1.22162e+01	3.70512e-06
1.22335e+01	3.47504e-06
1.22508e+01	3.25537e-06
1.22681e+01	3.04591e-06
1.22854e+01	2.84659e-06
1.23027e+01	2.65730e-06
1.23200e+01	2.47823e-06
1.23373e+01	2.30952e-06
1.23546e+01	2.15072e-06
1.23719e+01	2.00138e-06
1.23892e+01	1.86109e-06
1.24065e+01	1.72933e-06
1.24238e+01	1.60540e-06
1.24411e+01	1.48892e-06
1.24584e+01	1.37952e-06
1.24757e+01	1.27689e-06
1.24930e+01	1.18073e-06
1.25103e+01	1.09074e-06
1.25276e+01	1.00659e-06
1.25449e+01	9.28006e-07
1.25622e+01	8.54898e-07
1.25795e+01	7.86351e-07
1.25968e+01	7.22783e-07
1.26141e+01	6.63769e-07
1.26314e+01	6.09121e-07
1.26487e+01	5.58601e-07
1.26660e+01	5.11923e-07
1.26833e+01	4.68815e-07
1.27007e+01	4.29062e-07
1.27180e+01	3.92505e-07
1.27353e+01	3.58911e-07
1.27526e+01	3.28088e-07
1.27699e+01	2.99811e-07
1.27872e+01	2.73874e-07
1.28045e+01	2.50097e-07
1.28218e+01	2.28418e-07
1.28391e+01	2.08686e-07
1.28564e+01	1.90837e-07
1.28737e+01	1.74773e-07
1.28910e+01	1.60287e-07
1.29083e+01	1.47050e-07
1.29256e+01	1.34581e-07
1.29429e+01	1.23324e-07
1.29602e+01	1.13402e-07
1.29775e+01	1.04442e-07
1.29948e+01	9.61120e-08
1.30121e+01	8.81502e-08
1.30294e+01	7.96530e-08
1.30467e+01	7.08878e-08
1.30640e+01	6.28817e-08
1.30813e+01	5.63549e-08
1.30986e+01	5.09112e-08
1.31159e+01	4.63744e-08
1.31332e+01	4.25502e-08
1.31505e+01	3.91035e-08
1.31678e+01	3.58513e-08
1.31851e+01	3.26990e-08
1.32024e+01	2.96781e-08
1.32198e+01	2.69393e-08
1.32371e+01	2.46001e-08
1.32544e+01	2.25204e-08
1.32717e+01	2.06617e-08
1.32890e+01	1.89961e-08
1.33063e+01	1.74992e-08
1.33236e+01	1.61435e-08
1.33409e+01	1.49074e-08
1.33582e+01	1.37747e-08
1.33755e+01	1.27281e-08
1.33928e+01	1.17525e-08
1.34101e+01	1.08425e-08
1.34274e+01	9.99190e-09
1.34447e+01	9.19129e-09
1.34620e+01	8.43477e-09
1.34793e+01	7.72504e-09
1.34966e+01	7.07416e-09
1.35139e+01	6.47994e-09
1.35312e+01	5.93238e-09
1.35485e+01	5.42691e-09
1.35658e+01	4.96082e-09
1.35831e+01	4.53135e-09
1.36004e+01	4.13589e-09
1.36177e+01	3.77235e-09
1.36350e+01	3.43858e-09
1.36523e+01	3.13231e-09
1.36696e+01	2.85152e-09
1.36869e+01	2.59427e-09
1.37042e+01	2.35874e-09
1.37215e+01	2.14329e-09
1.37389e+01	1.94635e-09
1.37562e+01	1.76644e-09
1.37735e+01	1.60222e-09
1.37908e+01	1.45246e-09
1.38081e+01	1.31591e-09
1.38254e+01	1.19147e-09
1.38427e+01	1.07814e-09
1.38600e+01	9.75001e-10
1.38773e+01	8.81100e-10
1.38946e+01	7.95526e-10
1.39119e+01	7.17633e-10
1.39292e+01	6.46703e-10
1.39465e+01	5.82204e-10
1.39638e+01	5.23617e-10
1.39811e+01	4.70509e-10
1.39984e+01	4.22349e-10
1.40157e+01	3.78707e-10
1.40330e+01	3.39251e-10
1.40503e+01	3.03623e-10
1.40676e+01	2.71493e-10
1.40849e+01	2.42533e-10
1.41022e+01	2.16452e-10
1.41195e+01	1.92988e-10
1.41368e+01	1.71904e-10
1.41541e+01	1.52981e-10
1.41714e+01	1.36017e-10
1.41887e+01	1.20823e-10
1.42060e+01	1.07231e-10
1.42233e+01	9.50854e-11
1.42406e+01	8.42364e-11
1.42580e+01	7.45511e-11
1.42753e+01	6.59139e-11
1.42926e+01	5.82195e-11
1.43099e+01	5.13726e-11
1.43272e+01	4.52872e-11
1.43445e+01	3.98846e-11
1.43618e+01	3.50932e-11
1.43791e+01	3.08484e-11
1.43964e+01	2.70919e-11
1.44137e+01	2.37707e-11
1.44310e+01	2.08377e-11
1.44483e+01	1.82498e-11
1.44656e+01	1.59689e-11
1.44829e+01	1.39608e-11
1.45002e+01	1.21944e-11
1.45175e+01	1.06422e-11
1.45348e+01	9.27947e-12
1.45521e+01	8.08429e-12
1.45694e+01	7.03706e-12
1.45867e+01	6.12034e-12
1.46040e+01	5.31860e-12
1.46213e+01	4.61804e-12
1.46386e+01	4.00646e-12
1.46559e+01	3.47304e-12
1.46732e+01	3.00818e-12
1.46905e+01	2.60344e-12
1.47078e+01	2.25137e-12
1.47251e+01	1.94537e-12
1.47424e+01	1.67964e-12
1.47597e+01	1.44908e-12
1.47771e+01	1.24920e-12
1.47944e+01	1.07606e-12
1.48117e+01	9.26198e-13
1.48290e+01	7.96598e-13
1.48463e+01	6.84608e-13
1.48636e+01	5.87914e-13
1.48809e+01	5.04496e-13
1.48982e+01	4.32586e-13
1.49155e+01	3.70644e-13
1.49328e+01	3.17328e-13
1.49501e+01	2.71470e-13
1.49674e+01	2.32058e-13
1.49847e+01	1.98216e-13
1.50020e+01	1.69188e-13
1.50193e+01	1.44315e-13
1.50366e+01	1.23031e-13
1.50539e+01	1.04830e-13
1.50712e+01	8.92777e-14
1.50885e+01	7.59949e-14
1.51058e+01	6.46568e-14
1.51231e+01	5.49835e-14
1.51404e+01	4.67347e-14
1.51577e+01	3.97041e-14
1.51750e+01	3.37149e-14
1.51923e+01	2.86154e-14
1.52096e+01	2.42756e-14
1.52269e+01	2.05842e-14
1.52442e+01	1.74458e-14
1.52615e+01	1.47790e-14
1.52788e+01	1.25140e-14
1.52962e+01	1.05911e-14
1.53135e+01	8.95957e-15
1.53308e+01	7.57584e-15
1.53481e+01	6.40285e-15
1.53654e+01	5.40897e-15
1.53827e+01	4.56727e-15
1.54000e+01	3.85478e-15
1.54173e+01	3.25196e-15
1.54346e+01	2.74218e-15
1.54519e+01	2.31126e-15
1.54692e+01	1.94720e-15
1.54865e+01	1.63974e-15
1.55038e+01	1.38022e-15
1.55211e+01	1.16126e-15
1.55384e+01	9.76611e-16
1.55557e+01	8.20962e-16
1.55730e+01	6.89820e-16
1.55903e+01	5.79377e-16
1.56076e+01	4.86411e-16
1.56249e+01	4.08191e-16
1.56422e+01	3.42409e-16
1.56595e+01	2.87114e-16
1.56768e+01	2.40655e-16
1.56941e+01	2.01640e-16
1.57114e+01	1.68893e-16
1.57287e+01	1.41420e-16
1.57460e+01	1.18386e-16
1.57633e+01	9.90855e-17
1.57806e+01	8.28777e-17
1.57979e+01	6.92636e-17
1.58153e+01	5.78381e-17
1.58326e+01	4.82571e-17
1.58499e+01	4.02302e-17
1.58672e+01	3.35113e-17
1.58845e+01	2.78917e-17
1.59018e+01	2.31955e-17
1.59191e+01	1.92746e-17
1.59364e+01	1.60034e-17
1.59537e+01	1.32763e-17
1.59710e+01	1.10049e-17
1.59883e+01	9.11471e-18
1.60056e+01	7.54336e-18
1.60229e+01	6.23851e-18
1.60402e+01	5.15594e-18
1.60575e+01	4.25850e-18
1.60748e+01	3.51510e-18
1.60921e+01	2.89972e-18
1.61094e+01	2.39062e-18
1.61267e+01	1.96969e-18
1.61440e+01	1.62189e-18
1.61613e+01	1.33470e-18
1.61786e+01	1.09771e-18
1.61959e+01	9.02261e-19
1.62132e+01	7.41180e-19
1.62305e+01	6.08499e-19
1.62478e+01	4.99272e-19
1.62651e+01	4.09410e-19
1.62824e+01	3.35527e-19
1.62997e+01	2.74822e-19
1.63170e+01	2.24970e-19
1.63344e+01	1.84052e-19
1.63517e+01	1.50491e-19
1.63690e+01	1.22981e-19
1.63863e+01	1.00441e-19
1.64036e+01	8.19872e-20
1.64209e+01	6.68870e-20
1.64382e+01	5.45367e-20
1.64555e+01	4.44422e-20
1.64728e+01	3.61970e-20
1.64901e+01	2.94653e-20
1.65074e+01	2.39724e-20
1.65247e+01	1.94925e-20
1.65420e+01	1.58408e-20
1.65593e+01	1.28656e-20
1.65766e+01	1.04432e-20
1.65939e+01	8.47221e-21
1.66112e+01	6.86934e-21
1.66285e+01	5.56660e-21
1.66458e+01	4.50836e-21
1.66631e+01	3.64921e-21
1.66804e+01	2.95215e-21
1.66977e+01	2.38691e-21
1.67150e+01	1.92884e-21
1.67323e+01	1.55783e-21
1.67496e+01	1.25749e-21
1.67669e+01	1.01450e-21
1.67842e+01	8.18017e-22
1.68015e+01	6.59236e-22
1.68188e+01	5.30986e-22
1.68361e+01	4.27455e-22
1.68535e+01	3.43926e-22
1.68708e+01	2.76572e-22
1.68881e+01	2.22293e-22
1.69054e+01	1.78573e-22
1.69227e+01	1.43377e-22
1.69400e+01	1.15057e-22
1.69573e+01	9.22840e-23
1.69746e+01	7.39810e-23
1.69919e+01	5.92789e-23
1.70092e+01	4.74769e-23
1.70265e+01	3.80089e-23
1.70438e+01	3.04180e-23
1.70611e+01	2.43361e-23
1.70784e+01	1.94669e-23
1.70957e+01	1.55720e-23
1.71130e+01	1.24595e-23
1.71303e+01	9.97564e-24
1.71476e+01	7.99685e-24
1.71649e+01	6.42436e-24
1.71822e+01	5.17934e-24
1.71995e+01	4.19906e-24
1.72168e+01	3.43385e-24
1.72341e+01	2.84469e-24
1.72514e+01	2.40130e-24
1.72687e+01	2.08060e-24
1.72860e+01	1.86682e-24
1.73033e+01	1.73929e-24
