# The ell = 1 distribution, the first anisotropy.
# E_N [Td]	5.00000e+00
# col_1: Electron Energy [eV], col_2: f1 [eV^(-3/2)]
eV	f1
1.76415e-02	2.76331e-04
3.52830e-02	5.93255e-04
5.29245e-02	8.04193e-04
7.05661e-02	9.17018e-04
8.82076e-02	9.71881e-04
1.05849e-01	9.78568e-04
1.23491e-01	9.62412e-04
1.41132e-01	9.39150e-04
1.58774e-01	9.16111e-04
1.76415e-01	8.93969e-04
1.94057e-01	8.72673e-04
2.11698e-01	8.53202e-04
2.29340e-01	8.32839e-04
2.46981e-01	8.10658e-04
2.64623e-01	7.89646e-04
2.82264e-01	7.74471e-04
2.99906e-01	7.65945e-04
3.17547e-01	7.51136e-04
3.35189e-01	7.33621e-04
3.52830e-01	7.15586e-04
3.70472e-01	6.98105e-04
3.88113e-01	6.81409e-04
4.05755e-01	6.65693e-04
4.23396e-01	6.50886e-04
4.41038e-01	6.36879e-04
4.58679e-01	6.23587e-04
4.76321e-01	6.10954e-04
4.93962e-01	5.98933e-04
5.11604e-01	5.87484e-04
5.29245e-01	5.76556e-04
5.46887e-01	5.66105e-04
5.64528e-01	5.56104e-04
5.82170e-01	5.46549e-04
5.99812e-01	5.37427e-04
6.17453e-01	5.28713e-04
6.35095e-01	5.20363e-04
6.52736e-01	5.12342e-04
6.70378e-01	5.04635e-04
6.88019e-01	4.97196e-04
7.05661e-01	4.89972e-04
7.23302e-01	4.82947e-04
7.40944e-01	4.76110e-04
7.58585e-01	4.69454e-04
7.76227e-01	4.62973e-04
7.93868e-01	4.56666e-04
8.11510e-01	4.50532e-04
8.29151e-01	4.44562e-04
8.46793e-01	4.38746e-04
8.64434e-01	4.33087e-04
8.82076e-01	4.27561e-04
8.99717e-01	4.22191e-04
9.17359e-01	4.16933e-04
9.35000e-01	4.11840e-04
9.52642e-01	4.06839e-04
9.70283e-01	4.01949e-04
9.87925e-01	3.97427e-04
1.00557e+00	3.92529e-04
1.02321e+00	3.87979e-04
1.04085e+00	3.83433e-04
1.05849e+00	3.79031e-04
1.07613e+00	3.74732e-04
1.09377e+00	3.70538e-04
1.11142e+00	3.66449e-04
1.12906e+00	3.62461e-04
1.14670e+00	3.58567e-04
1.16434e+00	3.54782e-04
1.18198e+00	3.51073e-04
1.19962e+00	3.47481e-04
1.21726e+00	3.43971e-04
1.23491e+00	3.40557e-04
1.25255e+00	3.37235e-04
1.27019e+00	3.34000e-04
1.28783e+00	3.30851e-04
1.30547e+00	3.27788e-04
1.32311e+00	3.24806e-04
1.34076e+00	3.21908e-04
1.35840e+00	3.19097e-04
1.37604e+00	3.16372e-04
1.39368e+00	3.13730e-04
1.41132e+00	3.11169e-04
1.42896e+00	3.08692e-04
1.44660e+00	3.06296e-04
1.46425e+00	3.03999e-04
1.48189e+00	3.01741e-04
1.49953e+00	2.99629e-04
1.51717e+00	2.97600e-04
1.53481e+00	2.95610e-04
1.55245e+00	2.93690e-04
1.57009e+00	2.91832e-04
1.58774e+00	2.90037e-04
1.60538e+00	2.88307e-04
1.62302e+00	2.86641e-04
1.64066e+00	2.85027e-04
1.65830e+00	2.83508e-04
1.67594e+00	2.82021e-04
1.69359e+00	2.80524e-04
1.71123e+00	2.79193e-04
1.72887e+00	2.77789e-04
1.74651e+00	2.76470e-04
1.76415e+00	2.75208e-04
1.78179e+00	2.73995e-04
1.79943e+00	2.72833e-04
1.81708e+00	2.71720e-04
1.83472e+00	2.70657e-04
1.85236e+00	2.69641e-04
1.87000e+00	2.68671e-04
1.88764e+00	2.67745e-04
1.90528e+00	2.66866e-04
1.92293e+00	2.66027e-04
1.94057e+00	2.65256e-04
1.95821e+00	2.64421e-04
1.97585e+00	2.63796e-04
1.99349e+00	2.63202e-04
2.01113e+00	2.62456e-04
2.02877e+00	2.62069e-04
2.04642e+00	2.61596e-04
2.06406e+00	2.61174e-04
2.08170e+00	2.60791e-04
2.09934e+00	2.60444e-04
2.11698e+00	2.60132e-04
2.13462e+00	2.59856e-04
2.15226e+00	2.59614e-04
2.16991e+00	2.59408e-04
2.18755e+00	2.59233e-04
2.20519e+00	2.59091e-04
2.22283e+00	2.58983e-04
2.24047e+00	2.58904e-04
2.25811e+00	2.58857e-04
2.27576e+00	2.58842e-04
2.29340e+00	2.58856e-04
2.31104e+00	2.58899e-04
2.32868e+00	2.58972e-04
2.34632e+00	2.59072e-04
2.36396e+00	2.59205e-04
2.38160e+00	2.59363e-04
2.39925e+00	2.59552e-04
2.41689e+00	2.59763e-04
2.43453e+00	2.60012e-04
2.45217e+00	2.60253e-04
2.46981e+00	2.60562e-04
2.48745e+00	2.60913e-04
2.50510e+00	2.61275e-04
2.52274e+00	2.61632e-04
2.54038e+00	2.62099e-04
2.55802e+00	2.62555e-04
2.57566e+00	2.63039e-04
2.59330e+00	2.63546e-04
2.61094e+00	2.64077e-04
2.62859e+00	2.64630e-04
2.64623e+00	2.65210e-04
2.66387e+00	2.65804e-04
2.68151e+00	2.66425e-04
2.69915e+00	2.67064e-04
2.71679e+00	2.67728e-04
2.73443e+00	2.68416e-04
2.75208e+00	2.69124e-04
2.76972e+00	2.69852e-04
2.78736e+00	2.70601e-04
2.80500e+00	2.71370e-04
2.82264e+00	2.72160e-04
2.84028e+00	2.72969e-04
2.85793e+00	2.73797e-04
2.87557e+00	2.74644e-04
2.89321e+00	2.75510e-04
2.91085e+00	2.76395e-04
2.92849e+00	2.77298e-04
2.94613e+00	2.78212e-04
2.96377e+00	2.79167e-04
2.98142e+00	2.80118e-04
2.99906e+00	2.81061e-04
3.01670e+00	2.82033e-04
3.03434e+00	2.83031e-04
3.05198e+00	2.84034e-04
3.06962e+00	2.85046e-04
3.08727e+00	2.86080e-04
3.10491e+00	2.87130e-04
3.12255e+00	2.88194e-04
3.14019e+00	2.89273e-04
3.15783e+00	2.90369e-04
3.17547e+00	2.91478e-04
3.19311e+00	2.92604e-04
3.21076e+00	2.93748e-04
3.22840e+00	2.94904e-04
3.24604e+00	2.96076e-04
3.26368e+00	2.97261e-04
3.28132e+00	2.98460e-04
3.29896e+00	2.99673e-04
3.31660e+00	3.00899e-04
3.33425e+00	3.02140e-04
3.35189e+00	3.03393e-04
3.36953e+00	3.04659e-04
3.38717e+00	3.05938e-04
3.40481e+00	3.07231e-04
3.42245e+00	3.08534e-04
3.44010e+00	3.09851e-04
3.45774e+00	3.11180e-04
3.47538e+00	3.12521e-04
3.49302e+00	3.13874e-04
3.51066e+00	3.15238e-04
3.52830e+00	3.16615e-04
3.54594e+00	3.18003e-04
3.56359e+00	3.19399e-04
3.58123e+00	3.20813e-04
3.59887e+00	3.22234e-04
3.61651e+00	3.23667e-04
3.63415e+00	3.25111e-04
3.65179e+00	3.26565e-04
3.66944e+00	3.28027e-04
3.68708e+00	3.29500e-04
3.70472e+00	3.30983e-04
3.72236e+00	3.32476e-04
3.74000e+00	3.33978e-04
3.75764e+00	3.35490e-04
3.77528e+00	3.37010e-04
3.79293e+00	3.38540e-04
3.81057e+00	3.40079e-04
3.82821e+00	3.41626e-04
3.84585e+00	3.43181e-04
3.86349e+00	3.44745e-04
3.88113e+00	3.46317e-04
3.89877e+00	3.47897e-04
3.91642e+00	3.49487e-04
3.93406e+00	3.51083e-04
3.95170e+00	3.52827e-04
3.96934e+00	3.54050e-04
3.98698e+00	3.56019e-04
4.00462e+00	3.57991e-04
4.02227e+00	3.59870e-04
4.03991e+00	3.61809e-04
4.05755e+00	3.63600e-04
4.07519e+00	3.65627e-04
4.09283e+00	3.67623e-04
4.11047e+00	3.69612e-04
4.12811e+00	3.71610e-04
4.14576e+00	3.73617e-04
4.16340e+00	3.75626e-04
4.18104e+00	3.77642e-04
4.19868e+00	3.79665e-04
4.21632e+00	3.81695e-04
4.23396e+00	3.83727e-04
4.25161e+00	3.85769e-04
4.26925e+00	3.87816e-04
4.28689e+00	3.89868e-04
4.30453e+00	3.91924e-04
4.32217e+00	3.93985e-04
4.33981e+00	3.96051e-04
4.35745e+00	3.98121e-04
4.37510e+00	4.00195e-04
4.39274e+00	4.02273e-04
4.41038e+00	4.04354e-04
4.42802e+00	4.06439e-04
4.44566e+00	4.08525e-04
4.46330e+00	4.10615e-04
4.48094e+00	4.12707e-04
4.49859e+00	4.14800e-04
4.51623e+00	4.16899e-04
4.53387e+00	4.18994e-04
4.55151e+00	4.21092e-04
4.56915e+00	4.23192e-04
4.58679e+00	4.25292e-04
4.60444e+00	4.27393e-04
4.62208e+00	4.29495e-04
4.63972e+00	4.31596e-04
4.65736e+00	4.33698e-04
4.67500e+00	4.35799e-04
4.69264e+00	4.37901e-04
4.71028e+00	4.39997e-04
4.72793e+00	4.42100e-04
4.74557e+00	4.44200e-04
4.76321e+00	4.46298e-04
4.78085e+00	4.48394e-04
4.79849e+00	4.50488e-04
4.81613e+00	4.52583e-04
4.83378e+00	4.54667e-04
4.85142e+00	4.56752e-04
4.86906e+00	4.58832e-04
4.88670e+00	4.60918e-04
4.90434e+00	4.62975e-04
4.92198e+00	4.65047e-04
4.93962e+00	4.67154e-04
4.95727e+00	4.69235e-04
4.97491e+00	4.71314e-04
4.99255e+00	4.73420e-04
5.01019e+00	4.75404e-04
5.02783e+00	4.77527e-04
5.04547e+00	4.79688e-04
5.06311e+00	4.81802e-04
5.08076e+00	4.83914e-04
5.09840e+00	4.86019e-04
5.11604e+00	4.88112e-04
5.13368e+00	4.90204e-04
5.15132e+00	4.92289e-04
5.16896e+00	4.94364e-04
5.18661e+00	4.96431e-04
5.20425e+00	4.98488e-04
5.22189e+00	5.00540e-04
5.23953e+00	5.02577e-04
5.25717e+00	5.04603e-04
5.27481e+00	5.06620e-04
5.29245e+00	5.08626e-04
5.31010e+00	5.10622e-04
5.32774e+00	5.12606e-04
5.34538e+00	5.14579e-04
5.36302e+00	5.16544e-04
5.38066e+00	5.18495e-04
5.39830e+00	5.20434e-04
5.41595e+00	5.22360e-04
5.43359e+00	5.24273e-04
5.45123e+00	5.26175e-04
5.46887e+00	5.28057e-04
5.48651e+00	5.29928e-04
5.50415e+00	5.31785e-04
5.52179e+00	5.33626e-04
5.53944e+00	5.35454e-04
5.55708e+00	5.37263e-04
5.57472e+00	5.39062e-04
5.59236e+00	5.40845e-04
5.61000e+00	5.42610e-04
5.62764e+00	5.44360e-04
5.64528e+00	5.46091e-04
5.66293e+00	5.47807e-04
5.68057e+00	5.49507e-04
5.69821e+00	5.51182e-04
5.71585e+00	5.52841e-04
5.73349e+00	5.54482e-04
5.75113e+00	5.56105e-04
5.76878e+00	5.57709e-04
5.78642e+00	5.59289e-04
5.80406e+00	5.60857e-04
5.82170e+00	5.62405e-04
5.83934e+00	5.63931e-04
5.85698e+00	5.65437e-04
5.87462e+00	5.66921e-04
5.89227e+00	5.68363e-04
5.90991e+00	5.69875e-04
5.92755e+00	5.71210e-04
5.94519e+00	5.72585e-04
5.96283e+00	5.73929e-04
5.98047e+00	5.75253e-04
5.99812e+00	5.76544e-04
6.01576e+00	5.77812e-04
6.03340e+00	5.79155e-04
6.05104e+00	5.80229e-04
6.06868e+00	5.81384e-04
6.08632e+00	5.82502e-04
6.10396e+00	5.83598e-04
6.12161e+00	5.84670e-04
6.13925e+00	5.85717e-04
6.15689e+00	5.86738e-04
6.17453e+00	5.87739e-04
6.19217e+00	5.88713e-04
6.20981e+00	5.89662e-04
6.22745e+00	5.90584e-04
6.24510e+00	5.91481e-04
6.26274e+00	5.92351e-04
6.28038e+00	5.93198e-04
6.29802e+00	5.94010e-04
6.31566e+00	5.94798e-04
6.33330e+00	5.95559e-04
6.35095e+00	5.96293e-04
6.36859e+00	5.96999e-04
6.38623e+00	5.97676e-04
6.40387e+00	5.98329e-04
6.42151e+00	5.98948e-04
6.43915e+00	5.99540e-04
6.45679e+00	6.00103e-04
6.47444e+00	6.00638e-04
6.49208e+00	6.01143e-04
6.50972e+00	6.01621e-04
6.52736e+00	6.02062e-04
6.54500e+00	6.02484e-04
6.56264e+00	6.02877e-04
6.58029e+00	6.03238e-04
6.59793e+00	6.03569e-04
6.61557e+00	6.03869e-04
6.63321e+00	6.04138e-04
6.65085e+00	6.04377e-04
6.66849e+00	6.04588e-04
6.68613e+00	6.04759e-04
6.70378e+00	6.04902e-04
6.72142e+00	6.05014e-04
6.73906e+00	6.05094e-04
6.75670e+00	6.05142e-04
6.77434e+00	6.05158e-04
6.79198e+00	6.05145e-04
6.80962e+00	6.05096e-04
6.82727e+00	6.05012e-04
6.84491e+00	6.04898e-04
6.86255e+00	6.04751e-04
6.88019e+00	6.04572e-04
6.89783e+00	6.04361e-04
6.91547e+00	6.04016e-04
6.93312e+00	6.04048e-04
6.95076e+00	6.03390e-04
6.96840e+00	6.02919e-04
6.98604e+00	6.02407e-04
7.00368e+00	6.01866e-04
7.02132e+00	6.01294e-04
7.03896e+00	6.00685e-04
7.05661e+00	5.99999e-04
7.07425e+00	5.99546e-04
7.09189e+00	5.98567e-04
7.10953e+00	5.97762e-04
7.12717e+00	5.96903e-04
7.14481e+00	5.96019e-04
7.16246e+00	5.95106e-04
7.18010e+00	5.94164e-04
7.19774e+00	5.93194e-04
7.21538e+00	5.92195e-04
7.23302e+00	5.91168e-04
7.25066e+00	5.90113e-04
7.26830e+00	5.89029e-04
7.28595e+00	5.87916e-04
7.30359e+00	5.86776e-04
7.32123e+00	5.85607e-04
7.33887e+00	5.84411e-04
7.35651e+00	5.83184e-04
7.37415e+00	5.81934e-04
7.39179e+00	5.80654e-04
7.40944e+00	5.79346e-04
7.42708e+00	5.78011e-04
7.44472e+00	5.76648e-04
7.46236e+00	5.75257e-04
7.48000e+00	5.73839e-04
7.49764e+00	5.72394e-04
7.51529e+00	5.70921e-04
7.53293e+00	5.69421e-04
7.55057e+00	5.67895e-04
7.56821e+00	5.66341e-04
7.58585e+00	5.64761e-04
7.60349e+00	5.63154e-04
7.62113e+00	5.61521e-04
7.63878e+00	5.59862e-04
7.65642e+00	5.58176e-04
7.67406e+00	5.56466e-04
7.69170e+00	5.54729e-04
7.70934e+00	5.52966e-04
7.72698e+00	5.51178e-04
7.74463e+00	5.49365e-04
7.76227e+00	5.47527e-04
7.77991e+00	5.45663e-04
7.79755e+00	5.43775e-04
7.81519e+00	5.41863e-04
7.83283e+00	5.39926e-04
7.85047e+00	5.37964e-04
7.86812e+00	5.35979e-04
7.88576e+00	5.33970e-04
7.90340e+00	5.31938e-04
7.92104e+00	5.29882e-04
7.93868e+00	5.27804e-04
7.95632e+00	5.25702e-04
7.97396e+00	5.23578e-04
7.99161e+00	5.21431e-04
8.00925e+00	5.19262e-04
8.02689e+00	5.17071e-04
8.04453e+00	5.14859e-04
8.06217e+00	5.12625e-04
8.07981e+00	5.10370e-04
8.09746e+00	5.08094e-04
8.11510e+00	5.05797e-04
8.13274e+00	5.03480e-04
8.15038e+00	5.01143e-04
8.16802e+00	4.98786e-04
8.18566e+00	4.96410e-04
8.20330e+00	4.94014e-04
8.22095e+00	4.91599e-04
8.23859e+00	4.89166e-04
8.25623e+00	4.86714e-04
8.27387e+00	4.84243e-04
8.29151e+00	4.81756e-04
8.30915e+00	4.79251e-04
8.32680e+00	4.76728e-04
8.34444e+00	4.74189e-04
8.36208e+00	4.71633e-04
8.37972e+00	4.69060e-04
8.39736e+00	4.66472e-04
8.41500e+00	4.63868e-04
8.43264e+00	4.61248e-04
8.45029e+00	4.58614e-04
8.46793e+00	4.55965e-04
8.48557e+00	4.53301e-04
8.50321e+00	4.50623e-04
8.52085e+00	4.47931e-04
8.53849e+00	4.45227e-04
8.55613e+00	4.42508e-04
8.57378e+00	4.39777e-04
8.59142e+00	4.37035e-04
8.60906e+00	4.34279e-04
8.62670e+00	4.31512e-04
8.64434e+00	4.28733e-04
8.66198e+00	4.25943e-04
8.67963e+00	4.23143e-04
8.69727e+00	4.20332e-04
8.71491e+00	4.17511e-04
8.73255e+00	4.14681e-04
8.75019e+00	4.11842e-04
8.76783e+00	4.08993e-04
8.78547e+00	4.06136e-04
8.80312e+00	4.03271e-04
8.82076e+00	4.00398e-04
8.83840e+00	3.97517e-04
8.85604e+00	3.94630e-04
8.87368e+00	3.91735e-04
8.89132e+00	3.88835e-04
8.90897e+00	3.85913e-04
8.92661e+00	3.83038e-04
8.94425e+00	3.80096e-04
8.96189e+00	3.77121e-04
8.97953e+00	3.74167e-04
8.99717e+00	3.71207e-04
9.01481e+00	3.68244e-04
9.03246e+00	3.65280e-04
9.05010e+00	3.62314e-04
9.06774e+00	3.59346e-04
9.08538e+00	3.56377e-04
9.10302e+00	3.53408e-04
9.12066e+00	3.50438e-04
9.13830e+00	3.47468e-04
9.15595e+00	3.44498e-04
9.17359e+00	3.41529e-04
9.19123e+00	3.38561e-04
9.20887e+00	3.35594e-04
9.22651e+00	3.32628e-04
9.24415e+00	3.29665e-04
9.26180e+00	3.26701e-04
9.27944e+00	3.23751e-04
9.29708e+00	3.20787e-04
9.31472e+00	3.17829e-04
9.33236e+00	3.14876e-04
9.35000e+00	3.11926e-04
9.36764e+00	3.08982e-04
9.38529e+00	3.06042e-04
9.40293e+00	3.03107e-04
9.42057e+00	3.00178e-04
9.43821e+00	2.97254e-04
9.45585e+00	2.94337e-04
9.47349e+00	2.91425e-04
9.49114e+00	2.88521e-04
9.50878e+00	2.85623e-04
9.52642e+00	2.82732e-04
9.54406e+00	2.79849e-04
9.56170e+00	2.76974e-04
9.57934e+00	2.74107e-04
9.59698e+00	2.71248e-04
9.61463e+00	2.68394e-04
9.63227e+00	2.65555e-04
9.64991e+00	2.62738e-04
9.66755e+00	2.59878e-04
9.68519e+00	2.57052e-04
9.70283e+00	2.54235e-04
9.72047e+00	2.51429e-04
9.73812e+00	2.48635e-04
9.75576e+00	2.45852e-04
9.77340e+00	2.43081e-04
9.79104e+00	2.40323e-04
9.80868e+00	2.37576e-04
9.82632e+00	2.34842e-04
9.84397e+00	2.32121e-04
9.86161e+00	2.29413e-04
9.87925e+00	2.26718e-04
9.89689e+00	2.24036e-04
9.91453e+00	2.21368e-04
9.93217e+00	2.18714e-04
9.94981e+00	2.16074e-04
9.96746e+00	2.13448e-04
9.98510e+00	2.10829e-04
1.00027e+01	2.08152e-04
1.00204e+01	2.05876e-04
1.00380e+01	2.02911e-04
1.00557e+01	2.00262e-04
1.00733e+01	1.97603e-04
1.00909e+01	1.94972e-04
1.01086e+01	1.92366e-04
1.01262e+01	1.89784e-04
1.01439e+01	1.87225e-04
1.01615e+01	1.84691e-04
1.01792e+01	1.82181e-04
1.01968e+01	1.79695e-04
1.02144e+01	1.77232e-04
1.02321e+01	1.74794e-04
1.02497e+01	1.72379e-04
1.02674e+01	1.69987e-04
1.02850e+01	1.67619e-04
1.03026e+01	1.65274e-04
1.03203e+01	1.62953e-04
1.03379e+01	1.60655e-04
1.03556e+01	1.58380e-04
1.03732e+01	1.56128e-04
1.03909e+01	1.53898e-04
1.04085e+01	1.51692e-04
1.04261e+01	1.49508e-04
1.04438e+01	1.47347e-04
1.04614e+01	1.45209e-04
1.04791e+01	1.43092e-04
1.04967e+01	1.40998e-04
1.05143e+01	1.38927e-04
1.05320e+01	1.36877e-04
1.05496e+01	1.34849e-04
1.05673e+01	1.32843e-04
1.05849e+01	1.30810e-04
1.06026e+01	1.28996e-04
1.06202e+01	1.26899e-04
1.06378e+01	1.24909e-04
1.06555e+01	1.22953e-04
1.06731e+01	1.21022e-04
1.06908e+01	1.19118e-04
1.07084e+01	1.17241e-04
1.07260e+01	1.15388e-04
1.07437e+01	1.13562e-04
1.07613e+01	1.11760e-04
1.07790e+01	1.09983e-04
1.07966e+01	1.08230e-04
1.08142e+01	1.06502e-04
1.08319e+01	1.04798e-04
1.08495e+01	1.03117e-04
1.08672e+01	1.01459e-04
1.08848e+01	9.98251e-05
1.09025e+01	9.82136e-05
1.09201e+01	9.66246e-05
1.09377e+01	9.50579e-05
1.09554e+01	9.35132e-05
1.09730e+01	9.19902e-05
1.09907e+01	9.04887e-05
1.10083e+01	8.90084e-05
1.10259e+01	8.75491e-05
1.10436e+01	8.61105e-05
1.10612e+01	8.46923e-05
1.10789e+01	8.32943e-05
1.10965e+01	8.19162e-05
1.11142e+01	8.05579e-05
1.11318e+01	7.92190e-05
1.11494e+01	7.78993e-05
1.11671e+01	7.65986e-05
1.11847e+01	7.53166e-05
1.12024e+01	7.40532e-05
1.12200e+01	7.28080e-05
1.12376e+01	7.15809e-05
1.12553e+01	7.03716e-05
1.12729e+01	6.91799e-05
1.12906e+01	6.80056e-05
1.13082e+01	6.68485e-05
1.13259e+01	6.57083e-05
1.13435e+01	6.45848e-05
1.13611e+01	6.34778e-05
1.13788e+01	6.23871e-05
1.13964e+01	6.13125e-05
1.14141e+01	6.02538e-05
1.14317e+01	5.92108e-05
1.14493e+01	5.81832e-05
1.14670e+01	5.71710e-05
1.14846e+01	5.61738e-05
1.15023e+01	5.51914e-05
1.15199e+01	5.42238e-05
1.15376e+01	5.32708e-05
1.15552e+01	5.23314e-05
1.15728e+01	5.12644e-05
1.15905e+01	5.00768e-05
1.16081e+01	4.87804e-05
1.16258e+01	4.73634e-05
1.16434e+01	4.56947e-05
1.16610e+01	4.37747e-05
1.16787e+01	4.18052e-05
1.16963e+01	3.99493e-05
1.17140e+01	3.82477e-05
1.17316e+01	3.67030e-05
1.17492e+01	3.52429e-05
1.17669e+01	3.37841e-05
1.17845e+01	3.23296e-05
1.18022e+01	3.09161e-05
1.18198e+01	2.95295e-05
1.18375e+01	2.80731e-05
1.18551e+01	2.62461e-05
1.18727e+01	2.45654e-05
1.18904e+01	2.31540e-05
1.19080e+01	2.19138e-05
1.19257e+01	2.07821e-05
1.19433e+01	1.97369e-05
1.19609e+01	1.87591e-05
1.19786e+01	1.78349e-05
1.19962e+01	1.69584e-05
1.20139e+01	1.61235e-05
1.20315e+01	1.53256e-05
1.20492e+01	1.45624e-05
1.20668e+01	1.38328e-05
1.20844e+01	1.31354e-05
1.21021e+01	1.24686e-05
1.21197e+01	1.18297e-05
1.21374e+01	1.12158e-05
1.21550e+01	1.06265e-05
1.21726e+01	1.00614e-05
1.21903e+01	9.52022e-06
1.22079e+01	9.00131e-06
1.22256e+01	8.50204e-06
1.22432e+01	8.02145e-06
1.22609e+01	7.55940e-06
1.22785e+01	7.11593e-06
1.22961e+01	6.69130e-06
1.23138e+01	6.28533e-06
1.23314e+01	5.89991e-06
1.23491e+01	5.53425e-06
1.23667e+01	5.18765e-06
1.23843e+01	4.85943e-06
1.24020e+01	4.54898e-06
1.24196e+01	4.25456e-06
1.24373e+01	3.97563e-06
1.24549e+01	3.71147e-06
1.24726e+01	3.46158e-06
1.24902e+01	3.22546e-06
1.25078e+01	3.00262e-06
1.25255e+01	2.79251e-06
1.25431e+01	2.59451e-06
1.25608e+01	2.40896e-06
1.25784e+01	2.23328e-06
1.25960e+01	2.06901e-06
1.26137e+01	1.91520e-06
1.26313e+01	1.77155e-06
1.26490e+01	1.63764e-06
1.26666e+01	1.51285e-06
1.26842e+01	1.39664e-06
1.27019e+01	1.28858e-06
1.27195e+01	1.18838e-06
1.27372e+01	1.09554e-06
1.27548e+01	1.00965e-06
1.27725e+01	9.30197e-07
1.27901e+01	8.56709e-07
1.28077e+01	7.88795e-07
1.28254e+01	7.26439e-07
1.28430e+01	6.69250e-07
1.28607e+01	6.17237e-07
1.28783e+01	5.70105e-07
1.28959e+01	5.27127e-07
1.29136e+01	4.87428e-07
1.29312e+01	4.49686e-07
1.29489e+01	4.15787e-07
1.29665e+01	3.85747e-07
1.29842e+01	3.57910e-07
1.30018e+01	3.31729e-07
1.30194e+01	3.04857e-07
1.30371e+01	2.76118e-07
1.30547e+01	2.47117e-07
1.30724e+01	2.22380e-07
1.30900e+01	2.01813e-07
1.31076e+01	1.84708e-07
1.31253e+01	1.70353e-07
1.31429e+01	1.57869e-07
1.31606e+01	1.46041e-07
1.31782e+01	1.34597e-07
1.31959e+01	1.23428e-07
1.32135e+01	1.12833e-07
1.32311e+01	1.03741e-07
1.32488e+01	9.56492e-08
1.32664e+01	8.84253e-08
1.32841e+01	8.18871e-08
1.33017e+01	7.59975e-08
1.33193e+01	7.06349e-08
1.33370e+01	6.57234e-08
1.33546e+01	6.11924e-08
1.33723e+01	5.69802e-08
1.33899e+01	5.30278e-08
1.34076e+01	4.93104e-08
1.34252e+01	4.58107e-08
1.34428e+01	4.24862e-08
1.34605e+01	3.93190e-08
1.34781e+01	3.63135e-08
1.34958e+01	3.35312e-08
1.35134e+01	3.09710e-08
1.35310e+01	2.85918e-08
1.35487e+01	2.63762e-08
1.35663e+01	2.43153e-08
1.35840e+01	2.23994e-08
1.36016e+01	2.06197e-08
1.36192e+01	1.89693e-08
1.36369e+01	1.74406e-08
1.36545e+01	1.60253e-08
1.36722e+01	1.47162e-08
1.36898e+01	1.35061e-08
1.37075e+01	1.23883e-08
1.37251e+01	1.13565e-08
1.37427e+01	1.04048e-08
1.37604e+01	9.52756e-09
1.37780e+01	8.71956e-09
1.37957e+01	7.97590e-09
1.38133e+01	7.29157e-09
1.38309e+01	6.66208e-09
1.38486e+01	6.08357e-09
1.38662e+01	5.55202e-09
1.38839e+01	5.06305e-09
1.39015e+01	4.61328e-09
1.39192e+01	4.19973e-09
1.39368e+01	3.81961e-09
1.39544e+01	3.47062e-09
1.39721e+01	3.15071e-09
1.39897e+01	2.85783e-09
1.40074e+01	2.58947e-09
1.40250e+01	2.34397e-09
1.40426e+01	2.12000e-09
1.40603e+01	1.91570e-09
1.40779e+01	1.72964e-09
1.40956e+01	1.56020e-09
1.41132e+01	1.40607e-09
1.41309e+01	1.26603e-09
1.41485e+01	1.13893e-09
1.41661e+01	1.02369e-09
1.41838e+01	9.19330e-10
1.42014e+01	8.24904e-10
1.42191e+01	7.39568e-10
1.42367e+01	6.62484e-10
1.42543e+01	5.92885e-10
1.42720e+01	5.30099e-10
1.42896e+01	4.73519e-10
1.43073e+01	4.22581e-10
1.43249e+01	3.76780e-10
1.43426e+01	3.35639e-10
1.43602e+01	2.98723e-10
1.43778e+01	2.65631e-10
1.43955e+01	2.35997e-10
1.44131e+01	2.09486e-10
1.44308e+01	1.85793e-10
1.44484e+01	1.64636e-10
1.44660e+01	1.45765e-10
1.44837e+01	1.28950e-10
1.45013e+01	1.13979e-10
1.45190e+01	1.00663e-10
1.45366e+01	8.88299e-11
1.45543e+01	7.83243e-11
1.45719e+01	6.90057e-11
1.45895e+01	6.07476e-11
1.46072e+01	5.34357e-11
1.46248e+01	4.69671e-11
1.46425e+01	4.12496e-11
1.46601e+01	3.62001e-11
1.46777e+01	3.17444e-11
1.46954e+01	2.78160e-11
1.47130e+01	2.43555e-11
1.47307e+01	2.13096e-11
1.47483e+01	1.86309e-11
1.47659e+01	1.62769e-11
1.47836e+01	1.42099e-11
1.48012e+01	1.23964e-11
1.48189e+01	1.08065e-11
1.48365e+01	9.41363e-12
1.48542e+01	8.19437e-12
1.48718e+01	7.12791e-12
1.48894e+01	6.19580e-12
1.49071e+01	5.38172e-12
1.49247e+01	4.67121e-12
1.49424e+01	4.05153e-12
1.49600e+01	3.51146e-12
1.49776e+01	3.04114e-12
1.49953e+01	2.63198e-12
1.50129e+01	2.27635e-12
1.50306e+01	1.96771e-12
1.50482e+01	1.70005e-12
1.50659e+01	1.46810e-12
1.50835e+01	1.26721e-12
1.51011e+01	1.09330e-12
1.51188e+01	9.42821e-13
1.51364e+01	8.12685e-13
1.51541e+01	7.00190e-13
1.51717e+01	6.02993e-13
1.51893e+01	5.19052e-13
1.52070e+01	4.46595e-13
1.52246e+01	3.84081e-13
1.52423e+01	3.30170e-13
1.52599e+01	2.83700e-13
1.52776e+01	2.43663e-13
1.52952e+01	2.09184e-13
1.53128e+01	1.79505e-13
1.53305e+01	1.53970e-13
1.53481e+01	1.32010e-13
1.53658e+01	1.13132e-13
1.53834e+01	9.69118e-14
1.54010e+01	8.29816e-14
1.54187e+01	7.10233e-14
1.54363e+01	6.07625e-14
1.54540e+01	5.19621e-14
1.54716e+01	4.44175e-14
1.54893e+01	3.79525e-14
1.55069e+01	3.24149e-14
1.55245e+01	2.76739e-14
1.55422e+01	2.36165e-14
1.55598e+01	2.01458e-14
1.55775e+01	1.71782e-14
1.55951e+01	1.46418e-14
1.56127e+01	1.24751e-14
1.56304e+01	1.06248e-14
1.56480e+01	9.04561e-15
1.56657e+01	7.69830e-15
1.56833e+01	6.54938e-15
1.57009e+01	5.57011e-15
1.57186e+01	4.73584e-15
1.57362e+01	4.02547e-15
1.57539e+01	3.42095e-15
1.57715e+01	2.90647e-15
1.57892e+01	2.46739e-15
1.58068e+01	2.09302e-15
1.58244e+01	1.77406e-15
1.58421e+01	1.50253e-15
1.58597e+01	1.27159e-15
1.58774e+01	1.07531e-15
1.58950e+01	9.08628e-16
1.59126e+01	7.67198e-16
1.59303e+01	6.47286e-16
1.59479e+01	5.45690e-16
1.59656e+01	4.59680e-16
1.59832e+01	3.86928e-16
1.60009e+01	3.25448e-16
1.60185e+01	2.73550e-16
1.60361e+01	2.29783e-16
1.60538e+01	1.92901e-16
1.60714e+01	1.61844e-16
1.60891e+01	1.35710e-16
1.61067e+01	1.13731e-16
1.61243e+01	9.52557e-17
1.61420e+01	7.97365e-17
1.61596e+01	6.67080e-17
1.61773e+01	5.57766e-17
1.61949e+01	4.66106e-17
1.62126e+01	3.89294e-17
1.62302e+01	3.24961e-17
1.62478e+01	2.71107e-17
1.62655e+01	2.26052e-17
1.62831e+01	1.88382e-17
1.63008e+01	1.56906e-17
1.63184e+01	1.30618e-17
1.63360e+01	1.08674e-17
1.63537e+01	9.03686e-18
1.63713e+01	7.51067e-18
1.63890e+01	6.23881e-18
1.64066e+01	5.17966e-18
1.64243e+01	4.29808e-18
1.64419e+01	3.56463e-18
1.64595e+01	2.95482e-18
1.64772e+01	2.44812e-18
1.64948e+01	2.02725e-18
1.65125e+01	1.67787e-18
1.65301e+01	1.38796e-18
1.65477e+01	1.14752e-18
1.65654e+01	9.48209e-19
1.65830e+01	7.83100e-19
1.66007e+01	6.46401e-19
1.66183e+01	5.33283e-19
1.66359e+01	4.39726e-19
1.66536e+01	3.62388e-19
1.66712e+01	2.98494e-19
1.66889e+01	2.45736e-19
1.67065e+01	2.02198e-19
1.67242e+01	1.66289e-19
1.67418e+01	1.36686e-19
1.67594e+01	1.12295e-19
1.67771e+01	9.22092e-20
1.67947e+01	7.56778e-20
1.68124e+01	6.20785e-20
1.68300e+01	5.08968e-20
1.68476e+01	4.17081e-20
1.68653e+01	3.41611e-20
1.68829e+01	2.79658e-20
1.69006e+01	2.28828e-20
1.69182e+01	1.87143e-20
1.69359e+01	1.52974e-20
1.69535e+01	1.24982e-20
1.69711e+01	1.02061e-20
1.69888e+01	8.33028e-21
1.70064e+01	6.79592e-21
1.70241e+01	5.54158e-21
1.70417e+01	4.51667e-21
1.70593e+01	3.67964e-21
1.70770e+01	2.99641e-21
1.70946e+01	2.43898e-21
1.71123e+01	1.98439e-21
1.71299e+01	1.61384e-21
1.71476e+01	1.31192e-21
1.71652e+01	1.06603e-21
1.71828e+01	8.65846e-22
1.72005e+01	7.02958e-22
1.72181e+01	5.70473e-22
1.72358e+01	4.62765e-22
1.72534e+01	3.75238e-22
1.72710e+01	3.04144e-22
1.72887e+01	2.46423e-22
1.73063e+01	1.99581e-22
1.73240e+01	1.61583e-22
1.73416e+01	1.30775e-22
1.73593e+01	1.05808e-22
1.73769e+01	8.55858e-23
1.73945e+01	6.92172e-23
1.74122e+01	5.59770e-23
1.74298e+01	4.52763e-23
1.74475e+01	3.66371e-23
1.74651e+01	2.96719e-23
1.74827e+01	2.40672e-23
1.75004e+01	1.95696e-23
1.75180e+01	1.59748e-23
1.75357e+01	1.31190e-23
1.75533e+01	1.08709e-23
1.75709e+01	9.12695e-24
1.75886e+01	7.80631e-24
1.76062e+01	6.84698e-24
1.76239e+01	6.20653e-24
1.76415e+01	5.82941e-24
