# The ell = 1 distribution, the first anisotropy.
# E_N [Td]	1.50000e+01
# col_1: Electron Energy [eV], col_2: f1 [eV^(-3/2)]
eV	f1
2.12487e-02	2.36410e-04
4.24975e-02	4.10564e-04
6.37462e-02	5.17734e-04
8.49949e-02	5.96818e-04
1.06244e-01	6.61029e-04
1.27492e-01	7.13530e-04
1.48741e-01	7.63258e-04
1.69990e-01	8.12321e-04
1.91239e-01	8.60939e-04
2.12487e-01	9.11036e-04
2.33736e-01	9.62639e-04
2.54985e-01	1.01631e-03
2.76233e-01	1.07525e-03
2.97482e-01	1.14182e-03
3.18731e-01	1.21758e-03
3.39980e-01	1.29756e-03
3.61228e-01	1.38502e-03
3.82477e-01	1.48808e-03
4.03726e-01	1.61089e-03
4.24975e-01	1.75113e-03
4.46223e-01	1.91347e-03
4.67472e-01	2.09372e-03
4.88721e-01	2.29570e-03
5.09969e-01	2.51550e-03
5.31218e-01	2.75661e-03
5.52467e-01	3.03323e-03
5.73716e-01	3.34036e-03
5.94964e-01	3.68239e-03
6.16213e-01	4.05967e-03
6.37462e-01	4.47339e-03
6.58711e-01	4.94868e-03
6.79959e-01	5.47835e-03
7.01208e-01	6.05405e-03
7.22457e-01	6.70057e-03
7.43705e-01	7.40590e-03
7.64954e-01	8.13390e-03
7.86203e-01	8.88378e-03
8.07452e-01	9.65138e-03
8.28700e-01	1.04304e-02
8.49949e-01	1.12221e-02
8.71198e-01	1.20249e-02
8.92447e-01	1.28664e-02
9.13695e-01	1.37610e-02
9.34944e-01	1.47033e-02
9.56193e-01	1.57038e-02
9.77441e-01	1.67796e-02
9.98690e-01	1.79221e-02
1.01994e+00	1.91219e-02
1.04119e+00	2.03636e-02
1.06244e+00	2.16413e-02
1.08369e+00	2.29661e-02
1.10493e+00	2.42659e-02
1.12618e+00	2.55387e-02
1.14743e+00	2.67832e-02
1.16868e+00	2.80209e-02
1.18993e+00	2.92469e-02
1.21118e+00	3.04611e-02
1.23243e+00	3.16771e-02
1.25367e+00	3.29150e-02
1.27492e+00	3.41723e-02
1.29617e+00	3.54467e-02
1.31742e+00	3.67955e-02
1.33867e+00	3.82093e-02
1.35992e+00	3.96817e-02
1.38117e+00	4.12141e-02
1.40242e+00	4.26684e-02
1.42366e+00	4.40350e-02
1.44491e+00	4.53189e-02
1.46616e+00	4.65474e-02
1.48741e+00	4.77087e-02
1.50866e+00	4.88277e-02
1.52991e+00	4.99046e-02
1.55116e+00	5.10047e-02
1.57241e+00	5.22189e-02
1.59365e+00	5.35433e-02
1.61490e+00	5.49649e-02
1.63615e+00	5.64519e-02
1.65740e+00	5.79514e-02
1.67865e+00	5.94541e-02
1.69990e+00	6.09483e-02
1.72115e+00	6.24324e-02
1.74240e+00	6.37133e-02
1.76364e+00	6.47557e-02
1.78489e+00	6.55474e-02
1.80614e+00	6.60863e-02
1.82739e+00	6.64612e-02
1.84864e+00	6.67117e-02
1.86989e+00	6.67511e-02
1.89114e+00	6.64961e-02
1.91239e+00	6.59315e-02
1.93363e+00	6.50294e-02
1.95488e+00	6.38466e-02
1.97613e+00	6.24795e-02
1.99738e+00	6.09438e-02
2.01863e+00	5.92446e-02
2.03988e+00	5.74838e-02
2.06113e+00	5.57932e-02
2.08238e+00	5.41607e-02
2.10362e+00	5.25810e-02
2.12487e+00	5.09601e-02
2.14612e+00	4.92651e-02
2.16737e+00	4.75370e-02
2.18862e+00	4.58202e-02
2.20987e+00	4.41151e-02
2.23112e+00	4.24690e-02
2.25236e+00	4.08725e-02
2.27361e+00	3.93353e-02
2.29486e+00	3.78618e-02
2.31611e+00	3.64328e-02
2.33736e+00	3.50379e-02
2.35861e+00	3.36789e-02
2.37986e+00	3.23342e-02
2.40111e+00	3.10071e-02
2.42235e+00	2.97839e-02
2.44360e+00	2.85581e-02
2.46485e+00	2.72953e-02
2.48610e+00	2.60361e-02
2.50735e+00	2.48322e-02
2.52860e+00	2.36832e-02
2.54985e+00	2.26122e-02
2.57110e+00	2.16226e-02
2.59234e+00	2.07139e-02
2.61359e+00	1.98511e-02
2.63484e+00	1.90023e-02
2.65609e+00	1.81647e-02
2.67734e+00	1.73540e-02
2.69859e+00	1.65638e-02
2.71984e+00	1.58129e-02
2.74109e+00	1.51484e-02
2.76233e+00	1.45649e-02
2.78358e+00	1.40099e-02
2.80483e+00	1.34735e-02
2.82608e+00	1.29524e-02
2.84733e+00	1.24212e-02
2.86858e+00	1.18793e-02
2.88983e+00	1.13152e-02
2.91108e+00	1.07943e-02
2.93232e+00	1.03175e-02
2.95357e+00	9.88622e-03
2.97482e+00	9.49968e-03
2.99607e+00	9.15927e-03
3.01732e+00	8.84483e-03
3.03857e+00	8.53449e-03
3.05982e+00	8.22679e-03
3.08107e+00	7.92415e-03
3.10231e+00	7.62688e-03
3.12356e+00	7.34579e-03
3.14481e+00	7.08537e-03
3.16606e+00	6.84414e-03
3.18731e+00	6.61133e-03
3.20856e+00	6.38588e-03
3.22981e+00	6.16762e-03
3.25106e+00	5.95594e-03
3.27230e+00	5.75055e-03
3.29355e+00	5.55670e-03
3.31480e+00	5.37597e-03
3.33605e+00	5.21008e-03
3.35730e+00	5.05597e-03
3.37855e+00	4.91346e-03
3.39980e+00	4.78062e-03
3.42104e+00	4.65706e-03
3.44229e+00	4.53764e-03
3.46354e+00	4.42336e-03
3.48479e+00	4.31421e-03
3.50604e+00	4.21071e-03
3.52729e+00	4.11190e-03
3.54854e+00	4.01718e-03
3.56979e+00	3.92537e-03
3.59103e+00	3.83644e-03
3.61228e+00	3.75036e-03
3.63353e+00	3.66755e-03
3.65478e+00	3.58780e-03
3.67603e+00	3.51114e-03
3.69728e+00	3.43779e-03
3.71853e+00	3.36757e-03
3.73978e+00	3.30134e-03
3.76102e+00	3.23942e-03
3.78227e+00	3.18172e-03
3.80352e+00	3.12845e-03
3.82477e+00	3.07938e-03
3.84602e+00	3.03445e-03
3.86727e+00	2.99331e-03
3.88852e+00	2.95408e-03
3.90977e+00	2.91653e-03
3.93101e+00	2.88052e-03
3.95226e+00	2.84606e-03
3.97351e+00	2.81302e-03
3.99476e+00	2.78173e-03
4.01601e+00	2.75147e-03
4.03726e+00	2.72210e-03
4.05851e+00	2.69295e-03
4.07976e+00	2.66408e-03
4.10100e+00	2.63541e-03
4.12225e+00	2.60697e-03
4.14350e+00	2.57871e-03
4.16475e+00	2.55063e-03
4.18600e+00	2.52270e-03
4.20725e+00	2.49493e-03
4.22850e+00	2.46728e-03
4.24975e+00	2.43975e-03
4.27099e+00	2.41218e-03
4.29224e+00	2.38457e-03
4.31349e+00	2.35691e-03
4.33474e+00	2.32921e-03
4.35599e+00	2.30146e-03
4.37724e+00	2.27368e-03
4.39849e+00	2.24593e-03
4.41974e+00	2.21819e-03
4.44098e+00	2.19060e-03
4.46223e+00	2.16316e-03
4.48348e+00	2.13591e-03
4.50473e+00	2.10883e-03
4.52598e+00	2.08193e-03
4.54723e+00	2.05531e-03
4.56848e+00	2.02928e-03
4.58972e+00	2.00384e-03
4.61097e+00	1.97899e-03
4.63222e+00	1.95481e-03
4.65347e+00	1.93150e-03
4.67472e+00	1.90904e-03
4.69597e+00	1.88743e-03
4.71722e+00	1.86666e-03
4.73847e+00	1.84671e-03
4.75971e+00	1.82758e-03
4.78096e+00	1.80925e-03
4.80221e+00	1.79171e-03
4.82346e+00	1.77495e-03
4.84471e+00	1.75921e-03
4.86596e+00	1.74444e-03
4.88721e+00	1.73064e-03
4.90846e+00	1.71778e-03
4.92970e+00	1.70578e-03
4.95095e+00	1.69440e-03
4.97220e+00	1.68357e-03
4.99345e+00	1.67326e-03
5.01470e+00	1.66341e-03
5.03595e+00	1.65404e-03
5.05720e+00	1.64501e-03
5.07845e+00	1.63633e-03
5.09969e+00	1.62800e-03
5.12094e+00	1.61996e-03
5.14219e+00	1.61198e-03
5.16344e+00	1.60406e-03
5.18469e+00	1.59618e-03
5.20594e+00	1.58837e-03
5.22719e+00	1.58060e-03
5.24844e+00	1.57289e-03
5.26968e+00	1.56523e-03
5.29093e+00	1.55762e-03
5.31218e+00	1.55007e-03
5.33343e+00	1.54256e-03
5.35468e+00	1.53511e-03
5.37593e+00	1.52771e-03
5.39718e+00	1.52036e-03
5.41843e+00	1.51306e-03
5.43967e+00	1.50581e-03
5.46092e+00	1.49861e-03
5.48217e+00	1.49146e-03
5.50342e+00	1.48436e-03
5.52467e+00	1.47731e-03
5.54592e+00	1.47030e-03
5.56717e+00	1.46335e-03
5.58841e+00	1.45644e-03
5.60966e+00	1.44958e-03
5.63091e+00	1.44277e-03
5.65216e+00	1.43601e-03
5.67341e+00	1.42929e-03
5.69466e+00	1.42261e-03
5.71591e+00	1.41599e-03
5.73716e+00	1.40941e-03
5.75840e+00	1.40288e-03
5.77965e+00	1.39640e-03
5.80090e+00	1.38996e-03
5.82215e+00	1.38357e-03
5.84340e+00	1.37722e-03
5.86465e+00	1.37092e-03
5.88590e+00	1.36466e-03
5.90715e+00	1.35845e-03
5.92839e+00	1.35228e-03
5.94964e+00	1.34615e-03
5.97089e+00	1.34007e-03
5.99214e+00	1.33403e-03
6.01339e+00	1.32804e-03
6.03464e+00	1.32210e-03
6.05589e+00	1.31617e-03
6.07714e+00	1.31030e-03
6.09838e+00	1.30447e-03
6.11963e+00	1.29869e-03
6.14088e+00	1.29294e-03
6.16213e+00	1.28724e-03
6.18338e+00	1.28158e-03
6.20463e+00	1.27596e-03
6.22588e+00	1.27038e-03
6.24713e+00	1.26485e-03
6.26837e+00	1.25935e-03
6.28962e+00	1.25390e-03
6.31087e+00	1.24848e-03
6.33212e+00	1.24311e-03
6.35337e+00	1.23777e-03
6.37462e+00	1.23247e-03
6.39587e+00	1.22722e-03
6.41712e+00	1.22200e-03
6.43836e+00	1.21681e-03
6.45961e+00	1.21167e-03
6.48086e+00	1.20657e-03
6.50211e+00	1.20150e-03
6.52336e+00	1.19647e-03
6.54461e+00	1.19148e-03
6.56586e+00	1.18653e-03
6.58711e+00	1.18161e-03
6.60835e+00	1.17673e-03
6.62960e+00	1.17189e-03
6.65085e+00	1.16708e-03
6.67210e+00	1.16231e-03
6.69335e+00	1.15757e-03
6.71460e+00	1.15287e-03
6.73585e+00	1.14820e-03
6.75709e+00	1.14356e-03
6.77834e+00	1.13893e-03
6.79959e+00	1.13433e-03
6.82084e+00	1.12975e-03
6.84209e+00	1.12519e-03
6.86334e+00	1.12065e-03
6.88459e+00	1.11614e-03
6.90584e+00	1.11162e-03
6.92708e+00	1.10718e-03
6.94833e+00	1.10269e-03
6.96958e+00	1.09822e-03
6.99083e+00	1.09379e-03
7.01208e+00	1.08937e-03
7.03333e+00	1.08499e-03
7.05458e+00	1.08063e-03
7.07583e+00	1.07632e-03
7.09707e+00	1.07197e-03
7.11832e+00	1.06768e-03
7.13957e+00	1.06340e-03
7.16082e+00	1.05916e-03
7.18207e+00	1.05494e-03
7.20332e+00	1.05075e-03
7.22457e+00	1.04659e-03
7.24582e+00	1.04246e-03
7.26706e+00	1.03837e-03
7.28831e+00	1.03431e-03
7.30956e+00	1.03028e-03
7.33081e+00	1.02629e-03
7.35206e+00	1.02234e-03
7.37331e+00	1.01841e-03
7.39456e+00	1.01447e-03
7.41581e+00	1.01052e-03
7.43705e+00	1.00656e-03
7.45830e+00	1.00259e-03
7.47955e+00	9.98607e-04
7.50080e+00	9.94621e-04
7.52205e+00	9.90630e-04
7.54330e+00	9.86630e-04
7.56455e+00	9.82618e-04
7.58580e+00	9.78595e-04
7.60704e+00	9.74561e-04
7.62829e+00	9.70516e-04
7.64954e+00	9.66458e-04
7.67079e+00	9.62390e-04
7.69204e+00	9.58312e-04
7.71329e+00	9.54224e-04
7.73454e+00	9.50128e-04
7.75579e+00	9.46021e-04
7.77703e+00	9.41858e-04
7.79828e+00	9.37630e-04
7.81953e+00	9.33318e-04
7.84078e+00	9.28914e-04
7.86203e+00	9.24412e-04
7.88328e+00	9.19814e-04
7.90453e+00	9.15122e-04
7.92577e+00	9.10337e-04
7.94702e+00	9.05464e-04
7.96827e+00	9.00506e-04
7.98952e+00	8.95463e-04
8.01077e+00	8.90329e-04
8.03202e+00	8.85107e-04
8.05327e+00	8.79785e-04
8.07452e+00	8.74368e-04
8.09576e+00	8.68857e-04
8.11701e+00	8.63257e-04
8.13826e+00	8.57575e-04
8.15951e+00	8.51809e-04
8.18076e+00	8.45966e-04
8.20201e+00	8.40048e-04
8.22326e+00	8.34058e-04
8.24451e+00	8.27967e-04
8.26575e+00	8.21767e-04
8.28700e+00	8.15465e-04
8.30825e+00	8.09056e-04
8.32950e+00	8.02530e-04
8.35075e+00	7.95888e-04
8.37200e+00	7.89130e-04
8.39325e+00	7.82263e-04
8.41450e+00	7.75292e-04
8.43574e+00	7.68222e-04
8.45699e+00	7.61057e-04
8.47824e+00	7.53741e-04
8.49949e+00	7.46258e-04
8.52074e+00	7.38668e-04
8.54199e+00	7.30982e-04
8.56324e+00	7.23227e-04
8.58449e+00	7.15421e-04
8.60573e+00	7.07567e-04
8.62698e+00	6.99670e-04
8.64823e+00	6.91734e-04
8.66948e+00	6.83762e-04
8.69073e+00	6.75759e-04
8.71198e+00	6.67729e-04
8.73323e+00	6.59677e-04
8.75448e+00	6.51603e-04
8.77572e+00	6.43509e-04
8.79697e+00	6.35400e-04
8.81822e+00	6.27278e-04
8.83947e+00	6.19146e-04
8.86072e+00	6.11009e-04
8.88197e+00	6.02868e-04
8.90322e+00	5.94725e-04
8.92447e+00	5.86594e-04
8.94571e+00	5.78457e-04
8.96696e+00	5.70325e-04
8.98821e+00	5.62212e-04
9.00946e+00	5.54132e-04
9.03071e+00	5.46098e-04
9.05196e+00	5.38134e-04
9.07321e+00	5.30245e-04
9.09445e+00	5.22431e-04
9.11570e+00	5.14692e-04
9.13695e+00	5.07030e-04
9.15820e+00	4.99444e-04
9.17945e+00	4.91934e-04
9.20070e+00	4.84501e-04
9.22195e+00	4.77144e-04
9.24320e+00	4.69863e-04
9.26444e+00	4.62658e-04
9.28569e+00	4.55531e-04
9.30694e+00	4.48478e-04
9.32819e+00	4.41502e-04
9.34944e+00	4.34602e-04
9.37069e+00	4.27778e-04
9.39194e+00	4.21031e-04
9.41319e+00	4.14359e-04
9.43443e+00	4.07764e-04
9.45568e+00	4.01244e-04
9.47693e+00	3.94800e-04
9.49818e+00	3.88432e-04
9.51943e+00	3.82140e-04
9.54068e+00	3.75923e-04
9.56193e+00	3.69781e-04
9.58318e+00	3.63713e-04
9.60442e+00	3.57713e-04
9.62567e+00	3.51782e-04
9.64692e+00	3.45925e-04
9.66817e+00	3.40127e-04
9.68942e+00	3.34400e-04
9.71067e+00	3.28737e-04
9.73192e+00	3.23138e-04
9.75317e+00	3.17604e-04
9.77441e+00	3.12135e-04
9.79566e+00	3.06729e-04
9.81691e+00	3.01388e-04
9.83816e+00	2.96110e-04
9.85941e+00	2.90897e-04
9.88066e+00	2.85747e-04
9.90191e+00	2.80662e-04
9.92316e+00	2.75641e-04
9.94440e+00	2.70684e-04
9.96565e+00	2.65790e-04
9.98690e+00	2.60952e-04
1.00082e+01	2.56218e-04
1.00294e+01	2.51524e-04
1.00506e+01	2.46886e-04
1.00719e+01	2.42346e-04
1.00931e+01	2.37883e-04
1.01144e+01	2.33501e-04
1.01356e+01	2.29198e-04
1.01569e+01	2.24972e-04
1.01781e+01	2.20822e-04
1.01994e+01	2.16746e-04
1.02206e+01	2.12744e-04
1.02419e+01	2.08813e-04
1.02631e+01	2.04952e-04
1.02844e+01	2.01161e-04
1.03056e+01	1.97438e-04
1.03269e+01	1.93782e-04
1.03481e+01	1.90193e-04
1.03694e+01	1.86669e-04
1.03906e+01	1.83209e-04
1.04119e+01	1.79812e-04
1.04331e+01	1.76478e-04
1.04544e+01	1.73205e-04
1.04756e+01	1.69992e-04
1.04969e+01	1.66839e-04
1.05181e+01	1.63744e-04
1.05394e+01	1.60707e-04
1.05606e+01	1.57726e-04
1.05819e+01	1.54791e-04
1.06031e+01	1.51948e-04
1.06244e+01	1.49095e-04
1.06456e+01	1.46320e-04
1.06669e+01	1.43594e-04
1.06881e+01	1.40921e-04
1.07094e+01	1.38299e-04
1.07306e+01	1.35728e-04
1.07519e+01	1.33205e-04
1.07731e+01	1.30731e-04
1.07944e+01	1.28305e-04
1.08156e+01	1.25927e-04
1.08369e+01	1.23594e-04
1.08581e+01	1.21307e-04
1.08793e+01	1.19064e-04
1.09006e+01	1.16866e-04
1.09218e+01	1.14711e-04
1.09431e+01	1.12599e-04
1.09643e+01	1.10529e-04
1.09856e+01	1.08501e-04
1.10068e+01	1.06513e-04
1.10281e+01	1.04566e-04
1.10493e+01	1.02658e-04
1.10706e+01	1.00789e-04
1.10918e+01	9.89596e-05
1.11131e+01	9.71678e-05
1.11343e+01	9.54134e-05
1.11556e+01	9.36959e-05
1.11768e+01	9.20145e-05
1.11981e+01	9.03687e-05
1.12193e+01	8.87555e-05
1.12406e+01	8.71742e-05
1.12618e+01	8.56244e-05
1.12831e+01	8.41058e-05
1.13043e+01	8.26179e-05
1.13256e+01	8.11603e-05
1.13468e+01	7.97326e-05
1.13681e+01	7.83345e-05
1.13893e+01	7.69654e-05
1.14106e+01	7.56251e-05
1.14318e+01	7.43132e-05
1.14531e+01	7.30291e-05
1.14743e+01	7.17727e-05
1.14956e+01	7.05435e-05
1.15168e+01	6.93411e-05
1.15381e+01	6.81652e-05
1.15593e+01	6.70131e-05
1.15806e+01	6.58262e-05
1.16018e+01	6.46088e-05
1.16231e+01	6.33559e-05
1.16443e+01	6.20176e-05
1.16656e+01	6.05687e-05
1.16868e+01	5.91194e-05
1.17080e+01	5.77318e-05
1.17293e+01	5.64197e-05
1.17505e+01	5.51554e-05
1.17718e+01	5.38896e-05
1.17930e+01	5.26278e-05
1.18143e+01	5.13842e-05
1.18355e+01	5.01208e-05
1.18568e+01	4.86327e-05
1.18780e+01	4.72333e-05
1.18993e+01	4.59365e-05
1.19205e+01	4.46527e-05
1.19418e+01	4.34350e-05
1.19630e+01	4.22705e-05
1.19843e+01	4.11476e-05
1.20055e+01	4.00605e-05
1.20268e+01	3.90027e-05
1.20480e+01	3.79708e-05
1.20693e+01	3.69633e-05
1.20905e+01	3.59797e-05
1.21118e+01	3.50183e-05
1.21330e+01	3.40762e-05
1.21543e+01	3.31520e-05
1.21755e+01	3.22460e-05
1.21968e+01	3.13581e-05
1.22180e+01	3.04853e-05
1.22393e+01	2.96256e-05
1.22605e+01	2.87785e-05
1.22818e+01	2.79442e-05
1.23030e+01	2.71236e-05
1.23243e+01	2.63185e-05
1.23455e+01	2.55307e-05
1.23668e+01	2.47600e-05
1.23880e+01	2.40064e-05
1.24093e+01	2.32693e-05
1.24305e+01	2.25469e-05
1.24518e+01	2.18390e-05
1.24730e+01	2.11453e-05
1.24943e+01	2.04659e-05
1.25155e+01	1.98006e-05
1.25367e+01	1.91486e-05
1.25580e+01	1.85122e-05
1.25792e+01	1.78862e-05
1.26005e+01	1.72756e-05
1.26217e+01	1.66798e-05
1.26430e+01	1.60999e-05
1.26642e+01	1.55356e-05
1.26855e+01	1.49868e-05
1.27067e+01	1.44538e-05
1.27280e+01	1.39373e-05
1.27492e+01	1.34373e-05
1.27705e+01	1.29537e-05
1.27917e+01	1.24858e-05
1.28130e+01	1.20339e-05
1.28342e+01	1.15997e-05
1.28555e+01	1.11842e-05
1.28767e+01	1.07894e-05
1.28980e+01	1.04127e-05
1.29192e+01	1.00449e-05
1.29405e+01	9.68794e-06
1.29617e+01	9.35458e-06
1.29830e+01	9.03566e-06
1.30042e+01	8.72267e-06
1.30255e+01	8.38566e-06
1.30467e+01	8.01463e-06
1.30680e+01	7.65554e-06
1.30892e+01	7.34156e-06
1.31105e+01	7.06458e-06
1.31317e+01	6.81841e-06
1.31530e+01	6.58546e-06
1.31742e+01	6.35389e-06
1.31955e+01	6.11903e-06
1.32167e+01	5.88770e-06
1.32380e+01	5.67828e-06
1.32592e+01	5.48202e-06
1.32805e+01	5.29627e-06
1.33017e+01	5.12126e-06
1.33230e+01	4.95485e-06
1.33442e+01	4.79556e-06
1.33654e+01	4.64222e-06
1.33867e+01	4.49313e-06
1.34079e+01	4.34740e-06
1.34292e+01	4.20468e-06
1.34504e+01	4.06387e-06
1.34717e+01	3.92413e-06
1.34929e+01	3.78815e-06
1.35142e+01	3.65727e-06
1.35354e+01	3.53020e-06
1.35567e+01	3.40660e-06
1.35779e+01	3.28644e-06
1.35992e+01	3.16965e-06
1.36204e+01	3.05625e-06
1.36417e+01	2.94624e-06
1.36629e+01	2.83954e-06
1.36842e+01	2.73610e-06
1.37054e+01	2.63584e-06
1.37267e+01	2.53870e-06
1.37479e+01	2.44462e-06
1.37692e+01	2.35353e-06
1.37904e+01	2.26537e-06
1.38117e+01	2.18004e-06
1.38329e+01	2.09744e-06
1.38542e+01	2.01751e-06
1.38754e+01	1.94013e-06
1.38967e+01	1.86506e-06
1.39179e+01	1.79226e-06
1.39392e+01	1.72162e-06
1.39604e+01	1.65311e-06
1.39817e+01	1.58677e-06
1.40029e+01	1.52247e-06
1.40242e+01	1.46016e-06
1.40454e+01	1.39990e-06
1.40667e+01	1.34165e-06
1.40879e+01	1.28535e-06
1.41092e+01	1.23094e-06
1.41304e+01	1.17840e-06
1.41517e+01	1.12768e-06
1.41729e+01	1.07876e-06
1.41941e+01	1.03159e-06
1.42154e+01	9.86141e-07
1.42366e+01	9.42329e-07
1.42579e+01	9.00091e-07
1.42791e+01	8.59385e-07
1.43004e+01	8.20174e-07
1.43216e+01	7.82430e-07
1.43429e+01	7.46118e-07
1.43641e+01	7.11205e-07
1.43854e+01	6.77653e-07
1.44066e+01	6.45429e-07
1.44279e+01	6.14493e-07
1.44491e+01	5.84811e-07
1.44704e+01	5.56348e-07
1.44916e+01	5.29072e-07
1.45129e+01	5.02944e-07
1.45341e+01	4.77928e-07
1.45554e+01	4.53991e-07
1.45766e+01	4.31096e-07
1.45979e+01	4.09210e-07
1.46191e+01	3.88296e-07
1.46404e+01	3.68321e-07
1.46616e+01	3.49251e-07
1.46829e+01	3.31052e-07
1.47041e+01	3.13693e-07
1.47254e+01	2.97143e-07
1.47466e+01	2.81370e-07
1.47679e+01	2.66343e-07
1.47891e+01	2.52032e-07
1.48104e+01	2.38410e-07
1.48316e+01	2.25446e-07
1.48529e+01	2.13115e-07
1.48741e+01	2.01390e-07
1.48954e+01	1.90245e-07
1.49166e+01	1.79656e-07
1.49379e+01	1.69597e-07
1.49591e+01	1.60047e-07
1.49804e+01	1.50983e-07
1.50016e+01	1.42387e-07
1.50228e+01	1.34243e-07
1.50441e+01	1.26537e-07
1.50653e+01	1.19248e-07
1.50866e+01	1.12356e-07
1.51078e+01	1.05841e-07
1.51291e+01	9.96846e-08
1.51503e+01	9.38676e-08
1.51716e+01	8.83726e-08
1.51928e+01	8.31831e-08
1.52141e+01	7.82833e-08
1.52353e+01	7.36580e-08
1.52566e+01	6.92929e-08
1.52778e+01	6.51742e-08
1.52991e+01	6.12889e-08
1.53203e+01	5.76246e-08
1.53416e+01	5.41695e-08
1.53628e+01	5.09122e-08
1.53841e+01	4.78423e-08
1.54053e+01	4.49495e-08
1.54266e+01	4.22242e-08
1.54478e+01	3.96575e-08
1.54691e+01	3.72405e-08
1.54903e+01	3.49650e-08
1.55116e+01	3.28232e-08
1.55328e+01	3.08078e-08
1.55541e+01	2.89117e-08
1.55753e+01	2.71283e-08
1.55966e+01	2.54512e-08
1.56178e+01	2.38743e-08
1.56391e+01	2.23920e-08
1.56603e+01	2.09991e-08
1.56816e+01	1.96904e-08
1.57028e+01	1.84611e-08
1.57241e+01	1.73069e-08
1.57453e+01	1.62233e-08
1.57666e+01	1.52063e-08
1.57878e+01	1.42487e-08
1.58091e+01	1.33466e-08
1.58303e+01	1.24972e-08
1.58515e+01	1.16976e-08
1.58728e+01	1.09453e-08
1.58940e+01	1.02378e-08
1.59153e+01	9.57260e-09
1.59365e+01	8.94750e-09
1.59578e+01	8.36021e-09
1.59790e+01	7.80873e-09
1.60003e+01	7.29117e-09
1.60215e+01	6.80585e-09
1.60428e+01	6.35108e-09
1.60640e+01	5.92512e-09
1.60853e+01	5.52635e-09
1.61065e+01	5.15311e-09
1.61278e+01	4.80386e-09
1.61490e+01	4.47717e-09
1.61703e+01	4.17165e-09
1.61915e+01	3.88603e-09
1.62128e+01	3.61909e-09
1.62340e+01	3.36967e-09
1.62553e+01	3.13667e-09
1.62765e+01	2.91909e-09
1.62978e+01	2.71596e-09
1.63190e+01	2.52638e-09
1.63403e+01	2.34946e-09
1.63615e+01	2.18444e-09
1.63828e+01	2.03053e-09
1.64040e+01	1.88703e-09
1.64253e+01	1.75328e-09
1.64465e+01	1.62864e-09
1.64678e+01	1.51253e-09
1.64890e+01	1.40438e-09
1.65103e+01	1.30368e-09
1.65315e+01	1.20992e-09
1.65528e+01	1.12263e-09
1.65740e+01	1.04139e-09
1.65953e+01	9.65811e-10
1.66165e+01	8.95510e-10
1.66378e+01	8.30133e-10
1.66590e+01	7.69350e-10
1.66803e+01	7.12853e-10
1.67015e+01	6.60354e-10
1.67227e+01	6.11585e-10
1.67440e+01	5.66290e-10
1.67652e+01	5.24232e-10
1.67865e+01	4.85189e-10
1.68077e+01	4.48954e-10
1.68290e+01	4.15332e-10
1.68502e+01	3.84143e-10
1.68715e+01	3.55218e-10
1.68927e+01	3.28399e-10
1.69140e+01	3.03540e-10
1.69352e+01	2.80500e-10
1.69565e+01	2.59152e-10
1.69777e+01	2.39378e-10
1.69990e+01	2.21064e-10
1.70202e+01	2.04111e-10
1.70415e+01	1.88420e-10
1.70627e+01	1.73901e-10
1.70840e+01	1.60471e-10
1.71052e+01	1.48051e-10
1.71265e+01	1.36567e-10
1.71477e+01	1.25951e-10
1.71690e+01	1.16140e-10
1.71902e+01	1.07073e-10
1.72115e+01	9.86956e-11
1.72327e+01	9.09580e-11
1.72540e+01	8.38122e-11
1.72752e+01	7.72143e-11
1.72965e+01	7.11236e-11
1.73177e+01	6.55021e-11
1.73390e+01	6.03144e-11
1.73602e+01	5.55280e-11
1.73815e+01	5.11128e-11
1.74027e+01	4.70407e-11
1.74240e+01	4.32857e-11
1.74452e+01	3.98239e-11
1.74665e+01	3.66327e-11
1.74877e+01	3.36916e-11
1.75090e+01	3.09814e-11
1.75302e+01	2.84844e-11
1.75514e+01	2.61843e-11
1.75727e+01	2.40657e-11
1.75939e+01	2.21147e-11
1.76152e+01	2.03184e-11
1.76364e+01	1.86648e-11
1.76577e+01	1.71428e-11
1.76789e+01	1.57423e-11
1.77002e+01	1.44537e-11
1.77214e+01	1.32684e-11
1.77427e+01	1.21782e-11
1.77639e+01	1.11757e-11
1.77852e+01	1.02540e-11
1.78064e+01	9.40673e-12
1.78277e+01	8.62793e-12
1.78489e+01	7.91233e-12
1.78702e+01	7.25483e-12
1.78914e+01	6.65084e-12
1.79127e+01	6.09608e-12
1.79339e+01	5.58662e-12
1.79552e+01	5.11885e-12
1.79764e+01	4.68945e-12
1.79977e+01	4.29539e-12
1.80189e+01	3.93384e-12
1.80402e+01	3.60220e-12
1.80614e+01	3.29806e-12
1.80827e+01	3.01918e-12
1.81039e+01	2.76352e-12
1.81252e+01	2.52917e-12
1.81464e+01	2.31438e-12
1.81677e+01	2.11757e-12
1.81889e+01	1.93723e-12
1.82102e+01	1.77202e-12
1.82314e+01	1.62067e-12
1.82527e+01	1.48206e-12
1.82739e+01	1.35512e-12
1.82952e+01	1.23889e-12
1.83164e+01	1.13248e-12
1.83377e+01	1.03508e-12
1.83589e+01	9.45941e-13
1.83801e+01	8.64363e-13
1.84014e+01	7.89719e-13
1.84226e+01	7.21428e-13
1.84439e+01	6.58961e-13
1.84651e+01	6.01829e-13
1.84864e+01	5.49583e-13
1.85076e+01	5.01809e-13
1.85289e+01	4.58130e-13
1.85501e+01	4.18200e-13
1.85714e+01	3.81702e-13
1.85926e+01	3.48344e-13
1.86139e+01	3.17861e-13
1.86351e+01	2.90009e-13
1.86564e+01	2.64564e-13
1.86776e+01	2.41321e-13
1.86989e+01	2.20092e-13
1.87201e+01	2.00705e-13
1.87414e+01	1.83004e-13
1.87626e+01	1.66842e-13
1.87839e+01	1.52089e-13
1.88051e+01	1.38623e-13
1.88264e+01	1.26334e-13
1.88476e+01	1.15120e-13
1.88689e+01	1.04889e-13
1.88901e+01	9.55551e-14
1.89114e+01	8.70411e-14
1.89326e+01	7.92758e-14
1.89539e+01	7.21944e-14
1.89751e+01	6.57376e-14
1.89964e+01	5.98511e-14
1.90176e+01	5.44858e-14
1.90389e+01	4.95963e-14
1.90601e+01	4.51409e-14
1.90814e+01	4.10818e-14
1.91026e+01	3.73844e-14
1.91239e+01	3.40165e-14
1.91451e+01	3.09491e-14
1.91664e+01	2.81557e-14
1.91876e+01	2.56121e-14
1.92088e+01	2.32961e-14
1.92301e+01	2.11876e-14
1.92513e+01	1.92683e-14
1.92726e+01	1.75212e-14
1.92938e+01	1.59312e-14
1.93151e+01	1.44841e-14
1.93363e+01	1.31673e-14
1.93576e+01	1.19691e-14
1.93788e+01	1.08791e-14
1.94001e+01	9.88742e-15
1.94213e+01	8.98540e-15
1.94426e+01	8.16497e-15
1.94638e+01	7.41882e-15
1.94851e+01	6.74027e-15
1.95063e+01	6.12327e-15
1.95276e+01	5.56229e-15
1.95488e+01	5.05229e-15
1.95701e+01	4.58867e-15
1.95913e+01	4.16724e-15
1.96126e+01	3.78420e-15
1.96338e+01	3.43607e-15
1.96551e+01	3.11971e-15
1.96763e+01	2.83223e-15
1.96976e+01	2.57103e-15
1.97188e+01	2.33373e-15
1.97401e+01	2.11816e-15
1.97613e+01	1.92234e-15
1.97826e+01	1.74448e-15
1.98038e+01	1.58294e-15
1.98251e+01	1.43623e-15
1.98463e+01	1.30301e-15
1.98676e+01	1.18203e-15
1.98888e+01	1.07218e-15
1.99101e+01	9.72463e-16
1.99313e+01	8.81919e-16
1.99526e+01	7.99727e-16
1.99738e+01	7.25124e-16
1.99951e+01	6.57417e-16
2.00163e+01	5.95979e-16
2.00375e+01	5.40232e-16
2.00588e+01	4.89654e-16
2.00800e+01	4.43771e-16
2.01013e+01	4.02151e-16
2.01225e+01	3.64402e-16
2.01438e+01	3.30167e-16
2.01650e+01	2.99123e-16
2.01863e+01	2.70974e-16
2.02075e+01	2.45454e-16
2.02288e+01	2.22320e-16
2.02500e+01	2.01349e-16
2.02713e+01	1.82342e-16
2.02925e+01	1.65117e-16
2.03138e+01	1.49506e-16
2.03350e+01	1.35361e-16
2.03563e+01	1.22545e-16
2.03775e+01	1.10933e-16
2.03988e+01	1.00415e-16
2.04200e+01	9.08865e-17
2.04413e+01	8.22565e-17
2.04625e+01	7.44408e-17
2.04838e+01	6.73632e-17
2.05050e+01	6.09554e-17
2.05263e+01	5.51552e-17
2.05475e+01	4.99054e-17
2.05688e+01	4.51543e-17
2.05900e+01	4.08550e-17
2.06113e+01	3.69651e-17
2.06325e+01	3.34463e-17
2.06538e+01	3.02635e-17
2.06750e+01	2.73852e-17
2.06963e+01	2.47828e-17
2.07175e+01	2.24303e-17
2.07388e+01	2.03044e-17
2.07600e+01	1.83839e-17
2.07813e+01	1.66495e-17
2.08025e+01	1.50840e-17
2.08238e+01	1.36716e-17
2.08450e+01	1.23981e-17
2.08662e+01	1.12508e-17
2.08875e+01	1.02182e-17
2.09087e+01	9.28976e-18
2.09300e+01	8.45619e-18
2.09512e+01	7.70906e-18
2.09725e+01	7.04079e-18
2.09937e+01	6.44474e-18
2.10150e+01	5.91487e-18
2.10362e+01	5.44581e-18
2.10575e+01	5.03276e-18
2.10787e+01	4.67149e-18
2.11000e+01	4.35829e-18
2.11212e+01	4.08992e-18
2.11425e+01	3.86355e-18
2.11637e+01	3.67679e-18
2.11850e+01	3.52757e-18
2.12062e+01	3.41407e-18
2.12275e+01	3.33519e-18
2.12487e+01	3.28470e-18
