# The ell = 1 distribution, the first anisotropy.
# E_N [Td]	2.00000e+02
# col_1: Electron Energy [eV], col_2: f1 [eV^(-3/2)]
eV	f1
1.00100e-01	1.31293e-03
2.00200e-01	1.86103e-03
3.00300e-01	2.35251e-03
4.00400e-01	2.83220e-03
5.00501e-01	3.29116e-03
6.00601e-01	3.78348e-03
7.00701e-01	4.30950e-03
8.00801e-01	4.86573e-03
9.00901e-01	5.41701e-03
1.00100e+00	5.96868e-03
1.10110e+00	6.53383e-03
1.20120e+00	7.08992e-03
1.30130e+00	7.62158e-03
1.40140e+00	8.08228e-03
1.50150e+00	8.47145e-03
1.60160e+00	8.88270e-03
1.70170e+00	9.28688e-03
1.80180e+00	9.61831e-03
1.90190e+00	9.85589e-03
2.00200e+00	9.93040e-03
2.10210e+00	9.89872e-03
2.20220e+00	9.81938e-03
2.30230e+00	9.72594e-03
2.40240e+00	9.62643e-03
2.50250e+00	9.50202e-03
2.60260e+00	9.39551e-03
2.70270e+00	9.29809e-03
2.80280e+00	9.23064e-03
2.90290e+00	9.15408e-03
3.00300e+00	9.09158e-03
3.10310e+00	9.04249e-03
3.20320e+00	8.99876e-03
3.30330e+00	8.95403e-03
3.40340e+00	8.91611e-03
3.50350e+00	8.88033e-03
3.60360e+00	8.84357e-03
3.70370e+00	8.80452e-03
3.80380e+00	8.76476e-03
3.90390e+00	8.72573e-03
4.00400e+00	8.68453e-03
4.10410e+00	8.64057e-03
4.20420e+00	8.59313e-03
4.30430e+00	8.54242e-03
4.40440e+00	8.48855e-03
4.50450e+00	8.43199e-03
4.60460e+00	8.37327e-03
4.70470e+00	8.31337e-03
4.80480e+00	8.25272e-03
4.90490e+00	8.19165e-03
5.00501e+00	8.13030e-03
5.10511e+00	8.06832e-03
5.20521e+00	8.00546e-03
5.30531e+00	7.94154e-03
5.40541e+00	7.87671e-03
5.50551e+00	7.81113e-03
5.60561e+00	7.74492e-03
5.70571e+00	7.67818e-03
5.80581e+00	7.61104e-03
5.90591e+00	7.54361e-03
6.00601e+00	7.47596e-03
6.10611e+00	7.40817e-03
6.20621e+00	7.34034e-03
6.30631e+00	7.27251e-03
6.40641e+00	7.20475e-03
6.50651e+00	7.13713e-03
6.60661e+00	7.06969e-03
6.70671e+00	7.00248e-03
6.80681e+00	6.93554e-03
6.90691e+00	6.86891e-03
7.00701e+00	6.80261e-03
7.10711e+00	6.73670e-03
7.20721e+00	6.67121e-03
7.30731e+00	6.60618e-03
7.40741e+00	6.54163e-03
7.50751e+00	6.47747e-03
7.60761e+00	6.41372e-03
7.70771e+00	6.35039e-03
7.80781e+00	6.28748e-03
7.90791e+00	6.22480e-03
8.00801e+00	6.16230e-03
8.10811e+00	6.09996e-03
8.20821e+00	6.03778e-03
8.30831e+00	5.97570e-03
8.40841e+00	5.91359e-03
8.50851e+00	5.85141e-03
8.60861e+00	5.78905e-03
8.70871e+00	5.72676e-03
8.80881e+00	5.66458e-03
8.90891e+00	5.60254e-03
9.00901e+00	5.54064e-03
9.10911e+00	5.47914e-03
9.20921e+00	5.41819e-03
9.30931e+00	5.35781e-03
9.40941e+00	5.29801e-03
9.50951e+00	5.23880e-03
9.60961e+00	5.18020e-03
9.70971e+00	5.12216e-03
9.80981e+00	5.06466e-03
9.90991e+00	5.00771e-03
1.00100e+01	4.95132e-03
1.01101e+01	4.89557e-03
1.02102e+01	4.84066e-03
1.03103e+01	4.78653e-03
1.04104e+01	4.73319e-03
1.05105e+01	4.68064e-03
1.06106e+01	4.62883e-03
1.07107e+01	4.57774e-03
1.08108e+01	4.52741e-03
1.09109e+01	4.47783e-03
1.10110e+01	4.42900e-03
1.11111e+01	4.38091e-03
1.12112e+01	4.33357e-03
1.13113e+01	4.28691e-03
1.14114e+01	4.24091e-03
1.15115e+01	4.19555e-03
1.16116e+01	4.15047e-03
1.17117e+01	4.10147e-03
1.18118e+01	4.05358e-03
1.19119e+01	4.00181e-03
1.20120e+01	3.95266e-03
1.21121e+01	3.90418e-03
1.22122e+01	3.85569e-03
1.23123e+01	3.80666e-03
1.24124e+01	3.75719e-03
1.25125e+01	3.70731e-03
1.26126e+01	3.65679e-03
1.27127e+01	3.60605e-03
1.28128e+01	3.55565e-03
1.29129e+01	3.50660e-03
1.30130e+01	3.45931e-03
1.31131e+01	3.40678e-03
1.32132e+01	3.36083e-03
1.33133e+01	3.31637e-03
1.34134e+01	3.27364e-03
1.35135e+01	3.22973e-03
1.36136e+01	3.18574e-03
1.37137e+01	3.14145e-03
1.38138e+01	3.09691e-03
1.39139e+01	3.05203e-03
1.40140e+01	3.00638e-03
1.41141e+01	2.95994e-03
1.42142e+01	2.91275e-03
1.43143e+01	2.86479e-03
1.44144e+01	2.81603e-03
1.45145e+01	2.76657e-03
1.46146e+01	2.71655e-03
1.47147e+01	2.66608e-03
1.48148e+01	2.61526e-03
1.49149e+01	2.56416e-03
1.50150e+01	2.51288e-03
1.51151e+01	2.46178e-03
1.52152e+01	2.41106e-03
1.53153e+01	2.36075e-03
1.54154e+01	2.31089e-03
1.55155e+01	2.26152e-03
1.56156e+01	2.21267e-03
1.57157e+01	2.16435e-03
1.58158e+01	2.11654e-03
1.59159e+01	2.06857e-03
1.60160e+01	2.02054e-03
1.61161e+01	1.97268e-03
1.62162e+01	1.92515e-03
1.63163e+01	1.87799e-03
1.64164e+01	1.83124e-03
1.65165e+01	1.78496e-03
1.66166e+01	1.73913e-03
1.67167e+01	1.69379e-03
1.68168e+01	1.64897e-03
1.69169e+01	1.60469e-03
1.70170e+01	1.56101e-03
1.71171e+01	1.51796e-03
1.72172e+01	1.47562e-03
1.73173e+01	1.43398e-03
1.74174e+01	1.39308e-03
1.75175e+01	1.35291e-03
1.76176e+01	1.31347e-03
1.77177e+01	1.27475e-03
1.78178e+01	1.23678e-03
1.79179e+01	1.19954e-03
1.80180e+01	1.16307e-03
1.81181e+01	1.12739e-03
1.82182e+01	1.09254e-03
1.83183e+01	1.05850e-03
1.84184e+01	1.02528e-03
1.85185e+01	9.92862e-04
1.86186e+01	9.61232e-04
1.87187e+01	9.30378e-04
1.88188e+01	9.00293e-04
1.89189e+01	8.70968e-04
1.90190e+01	8.42396e-04
1.91191e+01	8.14592e-04
1.92192e+01	7.87556e-04
1.93193e+01	7.61274e-04
1.94194e+01	7.35729e-04
1.95195e+01	7.10908e-04
1.96196e+01	6.86795e-04
1.97197e+01	6.63374e-04
1.98198e+01	6.40631e-04
1.99199e+01	6.18551e-04
2.00200e+01	5.97118e-04
2.01201e+01	5.76325e-04
2.02202e+01	5.56161e-04
2.03203e+01	5.36617e-04
2.04204e+01	5.17675e-04
2.05205e+01	4.99321e-04
2.06206e+01	4.81556e-04
2.07207e+01	4.64368e-04
2.08208e+01	4.47741e-04
2.09209e+01	4.31658e-04
2.10210e+01	4.16106e-04
2.11211e+01	4.01073e-04
2.12212e+01	3.86545e-04
2.13213e+01	3.72508e-04
2.14214e+01	3.58946e-04
2.15215e+01	3.45845e-04
2.16216e+01	3.33187e-04
2.17217e+01	3.20958e-04
2.18218e+01	3.09145e-04
2.19219e+01	2.97735e-04
2.20220e+01	2.86718e-04
2.21221e+01	2.76089e-04
2.22222e+01	2.65843e-04
2.23223e+01	2.55967e-04
2.24224e+01	2.46447e-04
2.25225e+01	2.37272e-04
2.26226e+01	2.28427e-04
2.27227e+01	2.19899e-04
2.28228e+01	2.11679e-04
2.29229e+01	2.03754e-04
2.30230e+01	1.96115e-04
2.31231e+01	1.88755e-04
2.32232e+01	1.81665e-04
2.33233e+01	1.74835e-04
2.34234e+01	1.68257e-04
2.35235e+01	1.61920e-04
2.36236e+01	1.55817e-04
2.37237e+01	1.49939e-04
2.38238e+01	1.44278e-04
2.39239e+01	1.38826e-04
2.40240e+01	1.33576e-04
2.41241e+01	1.28520e-04
2.42242e+01	1.23650e-04
2.43243e+01	1.18960e-04
2.44244e+01	1.14444e-04
2.45245e+01	1.10095e-04
2.46246e+01	1.05906e-04
2.47247e+01	1.01873e-04
2.48248e+01	9.79887e-05
2.49249e+01	9.42487e-05
2.50250e+01	9.06482e-05
2.51251e+01	8.71826e-05
2.52252e+01	8.38482e-05
2.53253e+01	8.06401e-05
2.54254e+01	7.75535e-05
2.55255e+01	7.45832e-05
2.56256e+01	7.17245e-05
2.57257e+01	6.89726e-05
2.58258e+01	6.63235e-05
2.59259e+01	6.37733e-05
2.60260e+01	6.13185e-05
2.61261e+01	5.89574e-05
2.62262e+01	5.66865e-05
2.63263e+01	5.45026e-05
2.64264e+01	5.24024e-05
2.65265e+01	5.03827e-05
2.66266e+01	4.84405e-05
2.67267e+01	4.65728e-05
2.68268e+01	4.47768e-05
2.69269e+01	4.30498e-05
2.70270e+01	4.13892e-05
2.71271e+01	3.97924e-05
2.72272e+01	3.82569e-05
2.73273e+01	3.67805e-05
2.74274e+01	3.53609e-05
2.75275e+01	3.39960e-05
2.76276e+01	3.26835e-05
2.77277e+01	3.14216e-05
2.78278e+01	3.02083e-05
2.79279e+01	2.90417e-05
2.80280e+01	2.79200e-05
2.81281e+01	2.68414e-05
2.82282e+01	2.58042e-05
2.83283e+01	2.48068e-05
2.84284e+01	2.38477e-05
2.85285e+01	2.29254e-05
2.86286e+01	2.20385e-05
2.87287e+01	2.11858e-05
2.88288e+01	2.03657e-05
2.89289e+01	1.95772e-05
2.90290e+01	1.88190e-05
2.91291e+01	1.80899e-05
2.92292e+01	1.73888e-05
2.93293e+01	1.67147e-05
2.94294e+01	1.60664e-05
2.95295e+01	1.54430e-05
2.96296e+01	1.48436e-05
2.97297e+01	1.42672e-05
2.98298e+01	1.37129e-05
2.99299e+01	1.31799e-05
3.00300e+01	1.26674e-05
3.01301e+01	1.21747e-05
3.02302e+01	1.17010e-05
3.03303e+01	1.12458e-05
3.04304e+01	1.08082e-05
3.05305e+01	1.03875e-05
3.06306e+01	9.98321e-06
3.07307e+01	9.59458e-06
3.08308e+01	9.22103e-06
3.09309e+01	8.86197e-06
3.10310e+01	8.51684e-06
3.11311e+01	8.18511e-06
3.12312e+01	7.86626e-06
3.13313e+01	7.55978e-06
3.14314e+01	7.26519e-06
3.15315e+01	6.98205e-06
3.16316e+01	6.70990e-06
3.17317e+01	6.44833e-06
3.18318e+01	6.19692e-06
3.19319e+01	5.95528e-06
3.20320e+01	5.72303e-06
3.21321e+01	5.49983e-06
3.22322e+01	5.28533e-06
3.23323e+01	5.07919e-06
3.24324e+01	4.88109e-06
3.25325e+01	4.69072e-06
3.26326e+01	4.50777e-06
3.27327e+01	4.33197e-06
3.28328e+01	4.16301e-06
3.29329e+01	4.00066e-06
3.30330e+01	3.84463e-06
3.31331e+01	3.69470e-06
3.32332e+01	3.55061e-06
3.33333e+01	3.41214e-06
3.34334e+01	3.27908e-06
3.35335e+01	3.15120e-06
3.36336e+01	3.02832e-06
3.37337e+01	2.91023e-06
3.38338e+01	2.79675e-06
3.39339e+01	2.68769e-06
3.40340e+01	2.58290e-06
3.41341e+01	2.48222e-06
3.42342e+01	2.38549e-06
3.43343e+01	2.29255e-06
3.44344e+01	2.20326e-06
3.45345e+01	2.11746e-06
3.46346e+01	2.03504e-06
3.47347e+01	1.95584e-06
3.48348e+01	1.87975e-06
3.49349e+01	1.80664e-06
3.50350e+01	1.73639e-06
3.51351e+01	1.66889e-06
3.52352e+01	1.60403e-06
3.53353e+01	1.54170e-06
3.54354e+01	1.48180e-06
3.55355e+01	1.42424e-06
3.56356e+01	1.36893e-06
3.57357e+01	1.31577e-06
3.58358e+01	1.26469e-06
3.59359e+01	1.21560e-06
3.60360e+01	1.16842e-06
3.61361e+01	1.12309e-06
3.62362e+01	1.07956e-06
3.63363e+01	1.03773e-06
3.64364e+01	9.97556e-07
3.65365e+01	9.58959e-07
3.66366e+01	9.21880e-07
3.67367e+01	8.86257e-07
3.68368e+01	8.52033e-07
3.69369e+01	8.19152e-07
3.70370e+01	7.87559e-07
3.71371e+01	7.57205e-07
3.72372e+01	7.28040e-07
3.73373e+01	7.00018e-07
3.74374e+01	6.73095e-07
3.75375e+01	6.47226e-07
3.76376e+01	6.22369e-07
3.77377e+01	5.98484e-07
3.78378e+01	5.75531e-07
3.79379e+01	5.53474e-07
3.80380e+01	5.32278e-07
3.81381e+01	5.11907e-07
3.82382e+01	4.92329e-07
3.83383e+01	4.73512e-07
3.84384e+01	4.55429e-07
3.85385e+01	4.38052e-07
3.86386e+01	4.21354e-07
3.87387e+01	4.05307e-07
3.88388e+01	3.89885e-07
3.89389e+01	3.75063e-07
3.90390e+01	3.60817e-07
3.91391e+01	3.47124e-07
3.92392e+01	3.33962e-07
3.93393e+01	3.21310e-07
3.94394e+01	3.09147e-07
3.95395e+01	2.97454e-07
3.96396e+01	2.86211e-07
3.97397e+01	2.75401e-07
3.98398e+01	2.65007e-07
3.99399e+01	2.55011e-07
4.00400e+01	2.45398e-07
4.01401e+01	2.36154e-07
4.02402e+01	2.27266e-07
4.03403e+01	2.18718e-07
4.04404e+01	2.10498e-07
4.05405e+01	2.02593e-07
4.06406e+01	1.94990e-07
4.07407e+01	1.87678e-07
4.08408e+01	1.80645e-07
4.09409e+01	1.73880e-07
4.10410e+01	1.67373e-07
4.11411e+01	1.61114e-07
4.12412e+01	1.55093e-07
4.13413e+01	1.49301e-07
4.14414e+01	1.43729e-07
4.15415e+01	1.38369e-07
4.16416e+01	1.33212e-07
4.17417e+01	1.28251e-07
4.18418e+01	1.23477e-07
4.19419e+01	1.18884e-07
4.20420e+01	1.14465e-07
4.21421e+01	1.10213e-07
4.22422e+01	1.06122e-07
4.23423e+01	1.02185e-07
4.24424e+01	9.83972e-08
4.25425e+01	9.47517e-08
4.26426e+01	9.12436e-08
4.27427e+01	8.78676e-08
4.28428e+01	8.46186e-08
4.29429e+01	8.14920e-08
4.30430e+01	7.84831e-08
4.31431e+01	7.55874e-08
4.32432e+01	7.28005e-08
4.33433e+01	7.01183e-08
4.34434e+01	6.75368e-08
4.35435e+01	6.50521e-08
4.36436e+01	6.26605e-08
4.37437e+01	6.03586e-08
4.38438e+01	5.81429e-08
4.39439e+01	5.60101e-08
4.40440e+01	5.39570e-08
4.41441e+01	5.19807e-08
4.42442e+01	5.00782e-08
4.43443e+01	4.82467e-08
4.44444e+01	4.64835e-08
4.45445e+01	4.47860e-08
4.46446e+01	4.31518e-08
4.47447e+01	4.15783e-08
4.48448e+01	4.00633e-08
4.49449e+01	3.86046e-08
4.50450e+01	3.72001e-08
4.51451e+01	3.58476e-08
4.52452e+01	3.45453e-08
4.53453e+01	3.32911e-08
4.54454e+01	3.20834e-08
4.55455e+01	3.09203e-08
4.56456e+01	2.98001e-08
4.57457e+01	2.87213e-08
4.58458e+01	2.76823e-08
4.59459e+01	2.66816e-08
4.60460e+01	2.57180e-08
4.61461e+01	2.47900e-08
4.62462e+01	2.38962e-08
4.63463e+01	2.30355e-08
4.64464e+01	2.22064e-08
4.65465e+01	2.14079e-08
4.66466e+01	2.06388e-08
4.67467e+01	1.98979e-08
4.68468e+01	1.91843e-08
4.69469e+01	1.84968e-08
4.70470e+01	1.78346e-08
4.71471e+01	1.71966e-08
4.72472e+01	1.65820e-08
4.73473e+01	1.59898e-08
4.74474e+01	1.54193e-08
4.75475e+01	1.48697e-08
4.76476e+01	1.43400e-08
4.77477e+01	1.38297e-08
4.78478e+01	1.33380e-08
4.79479e+01	1.28642e-08
4.80480e+01	1.24076e-08
4.81481e+01	1.19675e-08
4.82482e+01	1.15435e-08
4.83483e+01	1.11348e-08
4.84484e+01	1.07410e-08
4.85485e+01	1.03614e-08
4.86486e+01	9.99553e-09
4.87487e+01	9.64289e-09
4.88488e+01	9.30298e-09
4.89489e+01	8.97533e-09
4.90490e+01	8.65949e-09
4.91491e+01	8.35502e-09
4.92492e+01	8.06151e-09
4.93493e+01	7.77853e-09
4.94494e+01	7.50572e-09
4.95495e+01	7.24269e-09
4.96496e+01	6.98908e-09
4.97497e+01	6.74455e-09
4.98498e+01	6.50876e-09
4.99499e+01	6.28139e-09
5.00501e+01	6.06214e-09
5.01502e+01	5.85070e-09
5.02503e+01	5.64679e-09
5.03504e+01	5.45013e-09
5.04505e+01	5.26046e-09
5.05506e+01	5.07753e-09
5.06507e+01	4.90108e-09
5.07508e+01	4.73089e-09
5.08509e+01	4.56672e-09
5.09510e+01	4.40837e-09
5.10511e+01	4.25561e-09
5.11512e+01	4.10826e-09
5.12513e+01	3.96611e-09
5.13514e+01	3.82897e-09
5.14515e+01	3.69668e-09
5.15516e+01	3.56904e-09
5.16517e+01	3.44591e-09
5.17518e+01	3.32710e-09
5.18519e+01	3.21247e-09
5.19520e+01	3.10185e-09
5.20521e+01	2.99511e-09
5.21522e+01	2.89211e-09
5.22523e+01	2.79271e-09
5.23524e+01	2.69678e-09
5.24525e+01	2.60422e-09
5.25526e+01	2.51488e-09
5.26527e+01	2.42867e-09
5.27528e+01	2.34546e-09
5.28529e+01	2.26515e-09
5.29530e+01	2.18764e-09
5.30531e+01	2.11284e-09
5.31532e+01	2.04063e-09
5.32533e+01	1.97094e-09
5.33534e+01	1.90367e-09
5.34535e+01	1.83874e-09
5.35536e+01	1.77606e-09
5.36537e+01	1.71556e-09
5.37538e+01	1.65715e-09
5.38539e+01	1.60077e-09
5.39540e+01	1.54635e-09
5.40541e+01	1.49381e-09
5.41542e+01	1.44308e-09
5.42543e+01	1.39411e-09
5.43544e+01	1.34684e-09
5.44545e+01	1.30119e-09
5.45546e+01	1.25712e-09
5.46547e+01	1.21458e-09
5.47548e+01	1.17349e-09
5.48549e+01	1.13383e-09
5.49550e+01	1.09553e-09
5.50551e+01	1.05854e-09
5.51552e+01	1.02283e-09
5.52553e+01	9.88350e-10
5.53554e+01	9.55051e-10
5.54555e+01	9.22894e-10
5.55556e+01	8.91840e-10
5.56557e+01	8.61851e-10
5.57558e+01	8.32889e-10
5.58559e+01	8.04919e-10
5.59560e+01	7.77907e-10
5.60561e+01	7.51819e-10
5.61562e+01	7.26624e-10
5.62563e+01	7.02289e-10
5.63564e+01	6.78786e-10
5.64565e+01	6.56085e-10
5.65566e+01	6.34158e-10
5.66567e+01	6.12978e-10
5.67568e+01	5.92520e-10
5.68569e+01	5.72758e-10
5.69570e+01	5.53669e-10
5.70571e+01	5.35228e-10
5.71572e+01	5.17414e-10
5.72573e+01	5.00205e-10
5.73574e+01	4.83579e-10
5.74575e+01	4.67518e-10
5.75576e+01	4.52000e-10
5.76577e+01	4.37008e-10
5.77578e+01	4.22524e-10
5.78579e+01	4.08529e-10
5.79580e+01	3.95007e-10
5.80581e+01	3.81942e-10
5.81582e+01	3.69317e-10
5.82583e+01	3.57119e-10
5.83584e+01	3.45331e-10
5.84585e+01	3.33941e-10
5.85586e+01	3.22933e-10
5.86587e+01	3.12296e-10
5.87588e+01	3.02017e-10
5.88589e+01	2.92082e-10
5.89590e+01	2.82481e-10
5.90591e+01	2.73202e-10
5.91592e+01	2.64234e-10
5.92593e+01	2.55566e-10
5.93594e+01	2.47189e-10
5.94595e+01	2.39091e-10
5.95596e+01	2.31264e-10
5.96597e+01	2.23697e-10
5.97598e+01	2.16384e-10
5.98599e+01	2.09314e-10
5.99600e+01	2.02479e-10
6.00601e+01	1.95872e-10
6.01602e+01	1.89484e-10
6.02603e+01	1.83308e-10
6.03604e+01	1.77337e-10
6.04605e+01	1.71563e-10
6.05606e+01	1.65981e-10
6.06607e+01	1.60583e-10
6.07608e+01	1.55363e-10
6.08609e+01	1.50316e-10
6.09610e+01	1.45435e-10
6.10611e+01	1.40716e-10
6.11612e+01	1.36152e-10
6.12613e+01	1.31739e-10
6.13614e+01	1.27470e-10
6.14615e+01	1.23343e-10
6.15616e+01	1.19351e-10
6.16617e+01	1.15490e-10
6.17618e+01	1.11757e-10
6.18619e+01	1.08146e-10
6.19620e+01	1.04653e-10
6.20621e+01	1.01275e-10
6.21622e+01	9.80080e-11
6.22623e+01	9.48479e-11
6.23624e+01	9.17913e-11
6.24625e+01	8.88348e-11
6.25626e+01	8.59751e-11
6.26627e+01	8.32089e-11
6.27628e+01	8.05330e-11
6.28629e+01	7.79447e-11
6.29630e+01	7.54408e-11
6.30631e+01	7.30186e-11
6.31632e+01	7.06754e-11
6.32633e+01	6.84087e-11
6.33634e+01	6.62157e-11
6.34635e+01	6.40942e-11
6.35636e+01	6.20417e-11
6.36637e+01	6.00560e-11
6.37638e+01	5.81349e-11
6.38639e+01	5.62761e-11
6.39640e+01	5.44778e-11
6.40641e+01	5.27378e-11
6.41642e+01	5.10542e-11
6.42643e+01	4.94252e-11
6.43644e+01	4.78491e-11
6.44645e+01	4.63241e-11
6.45646e+01	4.48488e-11
6.46647e+01	4.34213e-11
6.47648e+01	4.20401e-11
6.48649e+01	4.07038e-11
6.49650e+01	3.94107e-11
6.50651e+01	3.81595e-11
6.51652e+01	3.69488e-11
6.52653e+01	3.57773e-11
6.53654e+01	3.46436e-11
6.54655e+01	3.35465e-11
6.55656e+01	3.24849e-11
6.56657e+01	3.14575e-11
6.57658e+01	3.04632e-11
6.58659e+01	2.95010e-11
6.59660e+01	2.85697e-11
6.60661e+01	2.76684e-11
6.61662e+01	2.67961e-11
6.62663e+01	2.59518e-11
6.63664e+01	2.51347e-11
6.64665e+01	2.43437e-11
6.65666e+01	2.35782e-11
6.66667e+01	2.28371e-11
6.67668e+01	2.21199e-11
6.68669e+01	2.14255e-11
6.69670e+01	2.07534e-11
6.70671e+01	2.01028e-11
6.71672e+01	1.94729e-11
6.72673e+01	1.88632e-11
6.73674e+01	1.82729e-11
6.74675e+01	1.77015e-11
6.75676e+01	1.71482e-11
6.76677e+01	1.66126e-11
6.77678e+01	1.60940e-11
6.78679e+01	1.55919e-11
6.79680e+01	1.51058e-11
6.80681e+01	1.46351e-11
6.81682e+01	1.41794e-11
6.82683e+01	1.37381e-11
6.83684e+01	1.33108e-11
6.84685e+01	1.28970e-11
6.85686e+01	1.24963e-11
6.86687e+01	1.21083e-11
6.87688e+01	1.17325e-11
6.88689e+01	1.13686e-11
6.89690e+01	1.10162e-11
6.90691e+01	1.06749e-11
6.91692e+01	1.03444e-11
6.92693e+01	1.00242e-11
6.93694e+01	9.71415e-12
6.94695e+01	9.41382e-12
6.95696e+01	9.12292e-12
6.96697e+01	8.84115e-12
6.97698e+01	8.56821e-12
6.98699e+01	8.30383e-12
6.99700e+01	8.04772e-12
7.00701e+01	7.79961e-12
7.01702e+01	7.55926e-12
7.02703e+01	7.32641e-12
7.03704e+01	7.10082e-12
7.04705e+01	6.88227e-12
7.05706e+01	6.67052e-12
7.06707e+01	6.46537e-12
7.07708e+01	6.26660e-12
7.08709e+01	6.07402e-12
7.09710e+01	5.88744e-12
7.10711e+01	5.70666e-12
7.11712e+01	5.53150e-12
7.12713e+01	5.36179e-12
7.13714e+01	5.19734e-12
7.14715e+01	5.03800e-12
7.15716e+01	4.88361e-12
7.16717e+01	4.73401e-12
7.17718e+01	4.58904e-12
7.18719e+01	4.44857e-12
7.19720e+01	4.31244e-12
7.20721e+01	4.18054e-12
7.21722e+01	4.05271e-12
7.22723e+01	3.92884e-12
7.23724e+01	3.80880e-12
7.24725e+01	3.69247e-12
7.25726e+01	3.57973e-12
7.26727e+01	3.47048e-12
7.27728e+01	3.36460e-12
7.28729e+01	3.26199e-12
7.29730e+01	3.16254e-12
7.30731e+01	3.06616e-12
7.31732e+01	2.97275e-12
7.32733e+01	2.88222e-12
7.33734e+01	2.79448e-12
7.34735e+01	2.70945e-12
7.35736e+01	2.62703e-12
7.36737e+01	2.54714e-12
7.37738e+01	2.46972e-12
7.38739e+01	2.39467e-12
7.39740e+01	2.32194e-12
7.40741e+01	2.25143e-12
7.41742e+01	2.18310e-12
7.42743e+01	2.11686e-12
7.43744e+01	2.05265e-12
7.44745e+01	1.99042e-12
7.45746e+01	1.93009e-12
7.46747e+01	1.87161e-12
7.47748e+01	1.81493e-12
7.48749e+01	1.75998e-12
7.49750e+01	1.70671e-12
7.50751e+01	1.65508e-12
7.51752e+01	1.60502e-12
7.52753e+01	1.55650e-12
7.53754e+01	1.50945e-12
7.54755e+01	1.46385e-12
7.55756e+01	1.41964e-12
7.56757e+01	1.37678e-12
7.57758e+01	1.33523e-12
7.58759e+01	1.29495e-12
7.59760e+01	1.25590e-12
7.60761e+01	1.21803e-12
7.61762e+01	1.18133e-12
7.62763e+01	1.14574e-12
7.63764e+01	1.11123e-12
7.64765e+01	1.07778e-12
7.65766e+01	1.04534e-12
7.66767e+01	1.01390e-12
7.67768e+01	9.83405e-13
7.68769e+01	9.53841e-13
7.69770e+01	9.25175e-13
7.70771e+01	8.97381e-13
7.71772e+01	8.70432e-13
7.72773e+01	8.44300e-13
7.73774e+01	8.18963e-13
7.74775e+01	7.94394e-13
7.75776e+01	7.70570e-13
7.76777e+01	7.47469e-13
7.77778e+01	7.25068e-13
7.78779e+01	7.03347e-13
7.79780e+01	6.82283e-13
7.80781e+01	6.61857e-13
7.81782e+01	6.42050e-13
7.82783e+01	6.22842e-13
7.83784e+01	6.04215e-13
7.84785e+01	5.86151e-13
7.85786e+01	5.68634e-13
7.86787e+01	5.51646e-13
7.87788e+01	5.35171e-13
7.88789e+01	5.19193e-13
7.89790e+01	5.03698e-13
7.90791e+01	4.88672e-13
7.91792e+01	4.74103e-13
7.92793e+01	4.59975e-13
7.93794e+01	4.46276e-13
7.94795e+01	4.32992e-13
7.95796e+01	4.20110e-13
7.96797e+01	4.07618e-13
7.97798e+01	3.95504e-13
7.98799e+01	3.83756e-13
7.99800e+01	3.72364e-13
8.00801e+01	3.61315e-13
8.01802e+01	3.50600e-13
8.02803e+01	3.40209e-13
8.03804e+01	3.30131e-13
8.04805e+01	3.20356e-13
8.05806e+01	3.10877e-13
8.06807e+01	3.01683e-13
8.07808e+01	2.92765e-13
8.08809e+01	2.84116e-13
8.09810e+01	2.75727e-13
8.10811e+01	2.67591e-13
8.11812e+01	2.59698e-13
8.12813e+01	2.52043e-13
8.13814e+01	2.44618e-13
8.14815e+01	2.37415e-13
8.15816e+01	2.30428e-13
8.16817e+01	2.23651e-13
8.17818e+01	2.17076e-13
8.18819e+01	2.10699e-13
8.19820e+01	2.04512e-13
8.20821e+01	1.98510e-13
8.21822e+01	1.92688e-13
8.22823e+01	1.87039e-13
8.23824e+01	1.81560e-13
8.24825e+01	1.76243e-13
8.25826e+01	1.71085e-13
8.26827e+01	1.66081e-13
8.27828e+01	1.61226e-13
8.28829e+01	1.56516e-13
8.29830e+01	1.51946e-13
8.30831e+01	1.47511e-13
8.31832e+01	1.43209e-13
8.32833e+01	1.39034e-13
8.33834e+01	1.34983e-13
8.34835e+01	1.31052e-13
8.35836e+01	1.27238e-13
8.36837e+01	1.23537e-13
8.37838e+01	1.19946e-13
8.38839e+01	1.16461e-13
8.39840e+01	1.13079e-13
8.40841e+01	1.09797e-13
8.41842e+01	1.06612e-13
8.42843e+01	1.03522e-13
8.43844e+01	1.00522e-13
8.44845e+01	9.76110e-14
8.45846e+01	9.47857e-14
8.46847e+01	9.20437e-14
8.47848e+01	8.93825e-14
8.48849e+01	8.67996e-14
8.49850e+01	8.42928e-14
8.50851e+01	8.18596e-14
8.51852e+01	7.94980e-14
8.52853e+01	7.72058e-14
8.53854e+01	7.49810e-14
8.54855e+01	7.28214e-14
8.55856e+01	7.07252e-14
8.56857e+01	6.86905e-14
8.57858e+01	6.67154e-14
8.58859e+01	6.47982e-14
8.59860e+01	6.29371e-14
8.60861e+01	6.11304e-14
8.61862e+01	5.93766e-14
8.62863e+01	5.76741e-14
8.63864e+01	5.60215e-14
8.64865e+01	5.44171e-14
8.65866e+01	5.28597e-14
8.66867e+01	5.13477e-14
8.67868e+01	4.98798e-14
8.68869e+01	4.84548e-14
8.69870e+01	4.70713e-14
8.70871e+01	4.57282e-14
8.71872e+01	4.44241e-14
8.72873e+01	4.31581e-14
8.73874e+01	4.19288e-14
8.74875e+01	4.07354e-14
8.75876e+01	3.95766e-14
8.76877e+01	3.84515e-14
8.77878e+01	3.73591e-14
8.78879e+01	3.62984e-14
8.79880e+01	3.52685e-14
8.80881e+01	3.42684e-14
8.81882e+01	3.32972e-14
8.82883e+01	3.23542e-14
8.83884e+01	3.14383e-14
8.84885e+01	3.05491e-14
8.85886e+01	2.96855e-14
8.86887e+01	2.88471e-14
8.87888e+01	2.80329e-14
8.88889e+01	2.72423e-14
8.89890e+01	2.64746e-14
8.90891e+01	2.57292e-14
8.91892e+01	2.50053e-14
8.92893e+01	2.43024e-14
8.93894e+01	2.36198e-14
8.94895e+01	2.29569e-14
8.95896e+01	2.23132e-14
8.96897e+01	2.16881e-14
8.97898e+01	2.10810e-14
8.98899e+01	2.04914e-14
8.99900e+01	1.99189e-14
9.00901e+01	1.93629e-14
9.01902e+01	1.88229e-14
9.02903e+01	1.82985e-14
9.03904e+01	1.77892e-14
9.04905e+01	1.72946e-14
9.05906e+01	1.68142e-14
9.06907e+01	1.63477e-14
9.07908e+01	1.58947e-14
9.08909e+01	1.54547e-14
9.09910e+01	1.50275e-14
9.10911e+01	1.46125e-14
9.11912e+01	1.42095e-14
9.12913e+01	1.38182e-14
9.13914e+01	1.34381e-14
9.14915e+01	1.30691e-14
9.15916e+01	1.27106e-14
9.16917e+01	1.23626e-14
9.17918e+01	1.20246e-14
9.18919e+01	1.16964e-14
9.19920e+01	1.13776e-14
9.20921e+01	1.10682e-14
9.21922e+01	1.07676e-14
9.22923e+01	1.04759e-14
9.23924e+01	1.01925e-14
9.24925e+01	9.91746e-15
9.25926e+01	9.65039e-15
9.26927e+01	9.39110e-15
9.27928e+01	9.13937e-15
9.28929e+01	8.89500e-15
9.29930e+01	8.65777e-15
9.30931e+01	8.42750e-15
9.31932e+01	8.20399e-15
9.32933e+01	7.98704e-15
9.33934e+01	7.77649e-15
9.34935e+01	7.57215e-15
9.35936e+01	7.37385e-15
9.36937e+01	7.18143e-15
9.37938e+01	6.99474e-15
9.38939e+01	6.81360e-15
9.39940e+01	6.63787e-15
9.40941e+01	6.46741e-15
9.41942e+01	6.30208e-15
9.42943e+01	6.14173e-15
9.43944e+01	5.98623e-15
9.44945e+01	5.83546e-15
9.45946e+01	5.68928e-15
9.46947e+01	5.54759e-15
9.47948e+01	5.41025e-15
9.48949e+01	5.27716e-15
9.49950e+01	5.14820e-15
9.50951e+01	5.02327e-15
9.51952e+01	4.90227e-15
9.52953e+01	4.78509e-15
9.53954e+01	4.67164e-15
9.54955e+01	4.56182e-15
9.55956e+01	4.45554e-15
9.56957e+01	4.35272e-15
9.57958e+01	4.25326e-15
9.58959e+01	4.15709e-15
9.59960e+01	4.06412e-15
9.60961e+01	3.97428e-15
9.61962e+01	3.88749e-15
9.62963e+01	3.80369e-15
9.63964e+01	3.72279e-15
9.64965e+01	3.64473e-15
9.65966e+01	3.56945e-15
9.66967e+01	3.49689e-15
9.67968e+01	3.42697e-15
9.68969e+01	3.35965e-15
9.69970e+01	3.29487e-15
9.70971e+01	3.23257e-15
9.71972e+01	3.17269e-15
9.72973e+01	3.11519e-15
9.73974e+01	3.06002e-15
9.74975e+01	3.00713e-15
9.75976e+01	2.95648e-15
9.76977e+01	2.90801e-15
9.77978e+01	2.86169e-15
9.78979e+01	2.81748e-15
9.79980e+01	2.77533e-15
9.80981e+01	2.73521e-15
9.81982e+01	2.69709e-15
9.82983e+01	2.66092e-15
9.83984e+01	2.62668e-15
9.84985e+01	2.59432e-15
9.85986e+01	2.56383e-15
9.86987e+01	2.53517e-15
9.87988e+01	2.50831e-15
9.88989e+01	2.48323e-15
9.89990e+01	2.45989e-15
9.90991e+01	2.43828e-15
9.91992e+01	2.41836e-15
9.92993e+01	2.40012e-15
9.93994e+01	2.38354e-15
9.94995e+01	2.36858e-15
9.95996e+01	2.35524e-15
9.96997e+01	2.34349e-15
9.97998e+01	2.33330e-15
9.98999e+01	2.32468e-15
1.00000e+02	2.31759e-15
1.00100e+02	2.31198e-15
