# The ell = 1 distribution, the first anisotropy.
# E_N [Td]	2.00000e+00
# col_1: Electron Energy [eV], col_2: f1 [eV^(-3/2)]
eV	f1
8.26652e-03	8.19609e-05
1.65330e-02	1.25085e-04
2.47996e-02	1.73732e-04
3.30661e-02	2.10322e-04
4.13326e-02	2.58749e-04
4.95991e-02	2.83517e-04
5.78657e-02	3.19061e-04
6.61322e-02	3.39907e-04
7.43987e-02	3.67670e-04
8.26652e-02	3.87694e-04
9.09318e-02	4.08207e-04
9.91983e-02	4.28722e-04
1.07465e-01	4.44746e-04
1.15731e-01	4.65732e-04
1.23998e-01	4.78917e-04
1.32264e-01	4.98570e-04
1.40531e-01	5.13719e-04
1.48797e-01	5.29898e-04
1.57064e-01	5.46827e-04
1.65330e-01	5.60531e-04
1.73597e-01	5.78548e-04
1.81864e-01	5.93221e-04
1.90130e-01	6.09672e-04
1.98397e-01	6.26075e-04
2.06663e-01	6.40622e-04
2.14930e-01	6.58113e-04
2.23196e-01	6.73405e-04
2.31463e-01	6.89738e-04
2.39729e-01	7.06529e-04
2.47996e-01	7.21347e-04
2.56262e-01	7.38680e-04
2.64529e-01	7.54686e-04
2.72795e-01	7.70799e-04
2.81062e-01	7.87627e-04
2.89328e-01	8.03383e-04
2.97595e-01	8.18326e-04
3.05861e-01	8.31382e-04
3.14128e-01	8.42101e-04
3.22394e-01	8.51619e-04
3.30661e-01	8.59704e-04
3.38928e-01	8.67269e-04
3.47194e-01	8.75497e-04
3.55461e-01	8.83026e-04
3.63727e-01	8.90379e-04
3.71994e-01	8.98269e-04
3.80260e-01	9.05985e-04
3.88527e-01	9.14001e-04
3.96793e-01	9.22312e-04
4.05060e-01	9.30645e-04
4.13326e-01	9.39141e-04
4.21593e-01	9.48122e-04
4.29859e-01	9.57818e-04
4.38126e-01	9.68295e-04
4.46392e-01	9.79385e-04
4.54659e-01	9.90838e-04
4.62925e-01	1.00273e-03
4.71192e-01	1.01527e-03
4.79458e-01	1.02884e-03
4.87725e-01	1.04331e-03
4.95991e-01	1.05849e-03
5.04258e-01	1.07421e-03
5.12525e-01	1.09035e-03
5.20791e-01	1.10704e-03
5.29058e-01	1.12625e-03
5.37324e-01	1.14760e-03
5.45591e-01	1.17056e-03
5.53857e-01	1.19469e-03
5.62124e-01	1.22057e-03
5.70390e-01	1.24621e-03
5.78657e-01	1.27455e-03
5.86923e-01	1.30614e-03
5.95190e-01	1.34015e-03
6.03456e-01	1.37595e-03
6.11723e-01	1.41334e-03
6.19989e-01	1.45226e-03
6.28256e-01	1.49079e-03
6.36522e-01	1.53404e-03
6.44789e-01	1.58089e-03
6.53055e-01	1.63044e-03
6.61322e-01	1.68217e-03
6.69589e-01	1.73555e-03
6.77855e-01	1.79006e-03
6.86122e-01	1.84771e-03
6.94388e-01	1.92038e-03
7.02655e-01	2.00581e-03
7.10921e-01	2.10160e-03
7.19188e-01	2.20556e-03
7.27454e-01	2.31626e-03
7.35721e-01	2.43314e-03
7.43987e-01	2.55252e-03
7.52254e-01	2.69569e-03
7.60520e-01	2.85672e-03
7.68787e-01	3.03202e-03
7.77053e-01	3.21816e-03
7.85320e-01	3.41214e-03
7.93586e-01	3.61121e-03
8.01853e-01	3.81500e-03
8.10119e-01	4.02681e-03
8.18386e-01	4.24526e-03
8.26652e-01	4.46818e-03
8.34919e-01	4.69408e-03
8.43186e-01	4.92119e-03
8.51452e-01	5.14830e-03
8.59719e-01	5.37417e-03
8.67985e-01	5.60651e-03
8.76252e-01	5.85562e-03
8.84518e-01	6.11855e-03
8.92785e-01	6.39248e-03
9.01051e-01	6.67530e-03
9.09318e-01	6.96441e-03
9.17584e-01	7.25785e-03
9.25851e-01	7.55370e-03
9.34117e-01	7.86702e-03
9.42384e-01	8.20710e-03
9.50650e-01	8.56966e-03
9.58917e-01	8.95003e-03
9.67183e-01	9.34471e-03
9.75450e-01	9.74890e-03
9.83716e-01	1.01585e-02
9.91983e-01	1.05764e-02
1.00025e+00	1.10101e-02
1.00852e+00	1.14905e-02
1.01678e+00	1.20055e-02
1.02505e+00	1.25490e-02
1.03332e+00	1.31107e-02
1.04158e+00	1.36861e-02
1.04985e+00	1.42685e-02
1.05812e+00	1.48538e-02
1.06638e+00	1.54388e-02
1.07465e+00	1.60501e-02
1.08291e+00	1.66885e-02
1.09118e+00	1.73462e-02
1.09945e+00	1.80165e-02
1.10771e+00	1.86940e-02
1.11598e+00	1.93737e-02
1.12425e+00	2.00517e-02
1.13251e+00	2.07245e-02
1.14078e+00	2.13887e-02
1.14905e+00	2.20534e-02
1.15731e+00	2.27328e-02
1.16558e+00	2.34235e-02
1.17385e+00	2.41223e-02
1.18211e+00	2.48259e-02
1.19038e+00	2.55320e-02
1.19865e+00	2.62386e-02
1.20691e+00	2.69387e-02
1.21518e+00	2.76369e-02
1.22345e+00	2.83413e-02
1.23171e+00	2.90862e-02
1.23998e+00	2.98647e-02
1.24825e+00	3.06695e-02
1.25651e+00	3.14935e-02
1.26478e+00	3.23300e-02
1.27304e+00	3.31725e-02
1.28131e+00	3.40148e-02
1.28958e+00	3.48511e-02
1.29784e+00	3.56729e-02
1.30611e+00	3.65843e-02
1.31438e+00	3.75797e-02
1.32264e+00	3.86402e-02
1.33091e+00	3.97483e-02
1.33918e+00	4.08885e-02
1.34744e+00	4.20464e-02
1.35571e+00	4.32099e-02
1.36398e+00	4.43673e-02
1.37224e+00	4.55091e-02
1.38051e+00	4.66418e-02
1.38878e+00	4.77304e-02
1.39704e+00	4.87762e-02
1.40531e+00	4.97801e-02
1.41358e+00	5.07432e-02
1.42184e+00	5.16664e-02
1.43011e+00	5.25506e-02
1.43838e+00	5.33954e-02
1.44664e+00	5.42015e-02
1.45491e+00	5.49698e-02
1.46317e+00	5.57507e-02
1.47144e+00	5.65531e-02
1.47971e+00	5.73740e-02
1.48797e+00	5.82094e-02
1.49624e+00	5.90553e-02
1.50451e+00	5.99086e-02
1.51277e+00	6.07603e-02
1.52104e+00	6.16062e-02
1.52931e+00	6.24430e-02
1.53757e+00	6.32538e-02
1.54584e+00	6.40853e-02
1.55411e+00	6.50373e-02
1.56237e+00	6.60941e-02
1.57064e+00	6.72325e-02
1.57891e+00	6.84294e-02
1.58717e+00	6.96606e-02
1.59544e+00	7.09031e-02
1.60371e+00	7.21400e-02
1.61197e+00	7.33573e-02
1.62024e+00	7.45413e-02
1.62851e+00	7.56803e-02
1.63677e+00	7.67498e-02
1.64504e+00	7.76986e-02
1.65330e+00	7.85286e-02
1.66157e+00	7.92439e-02
1.66984e+00	7.98307e-02
1.67810e+00	8.02848e-02
1.68637e+00	8.06149e-02
1.69464e+00	8.08290e-02
1.70290e+00	8.09347e-02
1.71117e+00	8.09401e-02
1.71944e+00	8.08428e-02
1.72770e+00	8.06344e-02
1.73597e+00	8.02742e-02
1.74424e+00	7.97830e-02
1.75250e+00	7.91358e-02
1.76077e+00	7.83218e-02
1.76904e+00	7.73607e-02
1.77730e+00	7.62710e-02
1.78557e+00	7.50700e-02
1.79384e+00	7.37549e-02
1.80210e+00	7.23149e-02
1.81037e+00	7.07690e-02
1.81864e+00	6.91345e-02
1.82690e+00	6.74405e-02
1.83517e+00	6.56909e-02
1.84344e+00	6.37865e-02
1.85170e+00	6.17549e-02
1.85997e+00	5.96088e-02
1.86823e+00	5.73649e-02
1.87650e+00	5.49779e-02
1.88477e+00	5.24669e-02
1.89303e+00	4.98661e-02
1.90130e+00	4.72056e-02
1.90957e+00	4.45178e-02
1.91783e+00	4.18210e-02
1.92610e+00	3.91544e-02
1.93437e+00	3.65547e-02
1.94263e+00	3.40288e-02
1.95090e+00	3.15896e-02
1.95917e+00	2.92702e-02
1.96743e+00	2.70693e-02
1.97570e+00	2.49847e-02
1.98397e+00	2.30133e-02
1.99223e+00	2.11515e-02
2.00050e+00	1.93959e-02
2.00877e+00	1.77394e-02
2.01703e+00	1.61840e-02
2.02530e+00	1.47645e-02
2.03357e+00	1.34648e-02
2.04183e+00	1.22908e-02
2.05010e+00	1.12297e-02
2.05836e+00	1.02707e-02
2.06663e+00	9.40356e-03
2.07490e+00	8.61741e-03
2.08316e+00	7.90622e-03
2.09143e+00	7.26315e-03
2.09970e+00	6.68095e-03
2.10796e+00	6.15425e-03
2.11623e+00	5.66474e-03
2.12450e+00	5.20311e-03
2.13276e+00	4.77007e-03
2.14103e+00	4.36376e-03
2.14930e+00	3.98335e-03
2.15756e+00	3.63155e-03
2.16583e+00	3.30738e-03
2.17410e+00	3.00892e-03
2.18236e+00	2.73436e-03
2.19063e+00	2.48199e-03
2.19890e+00	2.25015e-03
2.20716e+00	2.03815e-03
2.21543e+00	1.84475e-03
2.22370e+00	1.66877e-03
2.23196e+00	1.50950e-03
2.24023e+00	1.36491e-03
2.24849e+00	1.23483e-03
2.25676e+00	1.11734e-03
2.26503e+00	1.01125e-03
2.27329e+00	9.15405e-04
2.28156e+00	8.28962e-04
2.28983e+00	7.51077e-04
2.29809e+00	6.80884e-04
2.30636e+00	6.17138e-04
2.31463e+00	5.59187e-04
2.32289e+00	5.06644e-04
2.33116e+00	4.58989e-04
2.33943e+00	4.15710e-04
2.34769e+00	3.76371e-04
2.35596e+00	3.40855e-04
2.36423e+00	3.08534e-04
2.37249e+00	2.79229e-04
2.38076e+00	2.52645e-04
2.38903e+00	2.28532e-04
2.39729e+00	2.06700e-04
2.40556e+00	1.87309e-04
2.41383e+00	1.70102e-04
2.42209e+00	1.54697e-04
2.43036e+00	1.40628e-04
2.43862e+00	1.27731e-04
2.44689e+00	1.15919e-04
2.45516e+00	1.05095e-04
2.46342e+00	9.52654e-05
2.47169e+00	8.61891e-05
2.47996e+00	7.79570e-05
2.48822e+00	7.04603e-05
2.49649e+00	6.36999e-05
2.50476e+00	5.76169e-05
2.51302e+00	5.21212e-05
2.52129e+00	4.71274e-05
2.52956e+00	4.25915e-05
2.53782e+00	3.85244e-05
2.54609e+00	3.48746e-05
2.55436e+00	3.15929e-05
2.56262e+00	2.86330e-05
2.57089e+00	2.59626e-05
2.57916e+00	2.35475e-05
2.58742e+00	2.13722e-05
2.59569e+00	1.94398e-05
2.60396e+00	1.76840e-05
2.61222e+00	1.60861e-05
2.62049e+00	1.46334e-05
2.62875e+00	1.33104e-05
2.63702e+00	1.21016e-05
2.64529e+00	1.09999e-05
2.65355e+00	1.00013e-05
2.66182e+00	9.09602e-06
2.67009e+00	8.27501e-06
2.67835e+00	7.53025e-06
2.68662e+00	6.85080e-06
2.69489e+00	6.23247e-06
2.70315e+00	5.66919e-06
2.71142e+00	5.16769e-06
2.71969e+00	4.71391e-06
2.72795e+00	4.31109e-06
2.73622e+00	3.95104e-06
2.74449e+00	3.62963e-06
2.75275e+00	3.34235e-06
2.76102e+00	3.08455e-06
2.76929e+00	2.84787e-06
2.77755e+00	2.62974e-06
2.78582e+00	2.42854e-06
2.79409e+00	2.24416e-06
2.80235e+00	2.07514e-06
2.81062e+00	1.92019e-06
2.81888e+00	1.77700e-06
2.82715e+00	1.64355e-06
2.83542e+00	1.51892e-06
2.84368e+00	1.40239e-06
2.85195e+00	1.29409e-06
2.86022e+00	1.19273e-06
2.86848e+00	1.09730e-06
2.87675e+00	1.00734e-06
2.88502e+00	9.23809e-07
2.89328e+00	8.47740e-07
2.90155e+00	7.78552e-07
2.90982e+00	7.15624e-07
2.91808e+00	6.58365e-07
2.92635e+00	6.06246e-07
2.93462e+00	5.58860e-07
2.94288e+00	5.15795e-07
2.95115e+00	4.76621e-07
2.95942e+00	4.40964e-07
2.96768e+00	4.08650e-07
2.97595e+00	3.79396e-07
2.98422e+00	3.53043e-07
2.99248e+00	3.29003e-07
3.00075e+00	3.06990e-07
3.00902e+00	2.86811e-07
3.01728e+00	2.68000e-07
3.02555e+00	2.50417e-07
3.03381e+00	2.33980e-07
3.04208e+00	2.18609e-07
3.05035e+00	2.04217e-07
3.05861e+00	1.90760e-07
3.06688e+00	1.78192e-07
3.07515e+00	1.66451e-07
3.08341e+00	1.55472e-07
3.09168e+00	1.45204e-07
3.09995e+00	1.35657e-07
3.10821e+00	1.26818e-07
3.11648e+00	1.18652e-07
3.12475e+00	1.11073e-07
3.13301e+00	1.04071e-07
3.14128e+00	9.76115e-08
3.14955e+00	9.16397e-08
3.15781e+00	8.61119e-08
3.16608e+00	8.09457e-08
3.17435e+00	7.61050e-08
3.18261e+00	7.15649e-08
3.19088e+00	6.73055e-08
3.19915e+00	6.33091e-08
3.20741e+00	5.95589e-08
3.21568e+00	5.60328e-08
3.22394e+00	5.27258e-08
3.23221e+00	4.96204e-08
3.24048e+00	4.66993e-08
3.24874e+00	4.39495e-08
3.25701e+00	4.13587e-08
3.26528e+00	3.89192e-08
3.27354e+00	3.66348e-08
3.28181e+00	3.44957e-08
3.29008e+00	3.24959e-08
3.29834e+00	3.06274e-08
3.30661e+00	2.88827e-08
3.31488e+00	2.72540e-08
3.32314e+00	2.57405e-08
3.33141e+00	2.43298e-08
3.33968e+00	2.30100e-08
3.34794e+00	2.17750e-08
3.35621e+00	2.06197e-08
3.36448e+00	1.95392e-08
3.37274e+00	1.85286e-08
3.38101e+00	1.75810e-08
3.38928e+00	1.66919e-08
3.39754e+00	1.58579e-08
3.40581e+00	1.50753e-08
3.41407e+00	1.43403e-08
3.42234e+00	1.36460e-08
3.43061e+00	1.29868e-08
3.43887e+00	1.23628e-08
3.44714e+00	1.17727e-08
3.45541e+00	1.12146e-08
3.46367e+00	1.06867e-08
3.47194e+00	1.01873e-08
3.48021e+00	9.71521e-09
3.48847e+00	9.26893e-09
3.49674e+00	8.84777e-09
3.50501e+00	8.45035e-09
3.51327e+00	8.07391e-09
3.52154e+00	7.71724e-09
3.52981e+00	7.37930e-09
3.53807e+00	7.05909e-09
3.54634e+00	6.75494e-09
3.55461e+00	6.46601e-09
3.56287e+00	6.19045e-09
3.57114e+00	5.92724e-09
3.57941e+00	5.67590e-09
3.58767e+00	5.43535e-09
3.59594e+00	5.20537e-09
3.60420e+00	4.98574e-09
3.61247e+00	4.77632e-09
3.62074e+00	4.57636e-09
3.62900e+00	4.38536e-09
3.63727e+00	4.20289e-09
3.64554e+00	4.02856e-09
3.65380e+00	3.86196e-09
3.66207e+00	3.70277e-09
3.67034e+00	3.55074e-09
3.67860e+00	3.40563e-09
3.68687e+00	3.26707e-09
3.69514e+00	3.13475e-09
3.70340e+00	3.00834e-09
3.71167e+00	2.88758e-09
3.71994e+00	2.77251e-09
3.72820e+00	2.66274e-09
3.73647e+00	2.55832e-09
3.74474e+00	2.45886e-09
3.75300e+00	2.36420e-09
3.76127e+00	2.27408e-09
3.76954e+00	2.18827e-09
3.77780e+00	2.10673e-09
3.78607e+00	2.02925e-09
3.79433e+00	1.95567e-09
3.80260e+00	1.88577e-09
3.81087e+00	1.81937e-09
3.81913e+00	1.75630e-09
3.82740e+00	1.69643e-09
3.83567e+00	1.63960e-09
3.84393e+00	1.58569e-09
3.85220e+00	1.53447e-09
3.86047e+00	1.48580e-09
3.86873e+00	1.43926e-09
3.87700e+00	1.39446e-09
3.88527e+00	1.35138e-09
3.89353e+00	1.30978e-09
3.90180e+00	1.26993e-09
3.91007e+00	1.23149e-09
3.91833e+00	1.19450e-09
3.92660e+00	1.15888e-09
3.93487e+00	1.12457e-09
3.94313e+00	1.09154e-09
3.95140e+00	1.05975e-09
3.95967e+00	1.02916e-09
3.96793e+00	9.99778e-10
3.97620e+00	9.71356e-10
3.98446e+00	9.44159e-10
3.99273e+00	9.17953e-10
4.00100e+00	8.92621e-10
4.00926e+00	8.68170e-10
4.01753e+00	8.44564e-10
4.02580e+00	8.21752e-10
4.03406e+00	7.99605e-10
4.04233e+00	7.78067e-10
4.05060e+00	7.57121e-10
4.05886e+00	7.36758e-10
4.06713e+00	7.16940e-10
4.07540e+00	6.97709e-10
4.08366e+00	6.78990e-10
4.09193e+00	6.60788e-10
4.10020e+00	6.43085e-10
4.10846e+00	6.25868e-10
4.11673e+00	6.09124e-10
4.12500e+00	5.92838e-10
4.13326e+00	5.76994e-10
4.14153e+00	5.61577e-10
4.14980e+00	5.46576e-10
4.15806e+00	5.31979e-10
4.16633e+00	5.17775e-10
4.17460e+00	5.03954e-10
4.18286e+00	4.90505e-10
4.19113e+00	4.77417e-10
4.19939e+00	4.64678e-10
4.20766e+00	4.52278e-10
4.21593e+00	4.40206e-10
4.22419e+00	4.28455e-10
4.23246e+00	4.17014e-10
4.24073e+00	4.05876e-10
4.24899e+00	3.95035e-10
4.25726e+00	3.84474e-10
4.26553e+00	3.74185e-10
4.27379e+00	3.64159e-10
4.28206e+00	3.54388e-10
4.29033e+00	3.44864e-10
4.29859e+00	3.35581e-10
4.30686e+00	3.26533e-10
4.31513e+00	3.17712e-10
4.32339e+00	3.09114e-10
4.33166e+00	3.00733e-10
4.33993e+00	2.92562e-10
4.34819e+00	2.84596e-10
4.35646e+00	2.76830e-10
4.36473e+00	2.69260e-10
4.37299e+00	2.61883e-10
4.38126e+00	2.54694e-10
4.38952e+00	2.47687e-10
4.39779e+00	2.40858e-10
4.40606e+00	2.34205e-10
4.41432e+00	2.27727e-10
4.42259e+00	2.21414e-10
4.43086e+00	2.15261e-10
4.43912e+00	2.09281e-10
4.44739e+00	2.03450e-10
4.45566e+00	1.97772e-10
4.46392e+00	1.92242e-10
4.47219e+00	1.86855e-10
4.48046e+00	1.81607e-10
4.48872e+00	1.76494e-10
4.49699e+00	1.71512e-10
4.50526e+00	1.66656e-10
4.51352e+00	1.61925e-10
4.52179e+00	1.57313e-10
4.53006e+00	1.52817e-10
4.53832e+00	1.48448e-10
4.54659e+00	1.44207e-10
4.55486e+00	1.40093e-10
4.56312e+00	1.36104e-10
4.57139e+00	1.32235e-10
4.57965e+00	1.28482e-10
4.58792e+00	1.24842e-10
4.59619e+00	1.21311e-10
4.60445e+00	1.17886e-10
4.61272e+00	1.14563e-10
4.62099e+00	1.11340e-10
4.62925e+00	1.08214e-10
4.63752e+00	1.05189e-10
4.64579e+00	1.02262e-10
4.65405e+00	9.94296e-11
4.66232e+00	9.66882e-11
4.67059e+00	9.40354e-11
4.67885e+00	9.14684e-11
4.68712e+00	8.89844e-11
4.69539e+00	8.65808e-11
4.70365e+00	8.42552e-11
4.71192e+00	8.20050e-11
4.72019e+00	7.98280e-11
4.72845e+00	7.77221e-11
4.73672e+00	7.56848e-11
4.74499e+00	7.37141e-11
4.75325e+00	7.18081e-11
4.76152e+00	6.99646e-11
4.76978e+00	6.81818e-11
4.77805e+00	6.64579e-11
4.78632e+00	6.47911e-11
4.79458e+00	6.31798e-11
4.80285e+00	6.16222e-11
4.81112e+00	6.01166e-11
4.81938e+00	5.86613e-11
4.82765e+00	5.72580e-11
4.83592e+00	5.59060e-11
4.84418e+00	5.46046e-11
4.85245e+00	5.33521e-11
4.86072e+00	5.21471e-11
4.86898e+00	5.09882e-11
4.87725e+00	4.98739e-11
4.88552e+00	4.88027e-11
4.89378e+00	4.77734e-11
4.90205e+00	4.67848e-11
4.91032e+00	4.58362e-11
4.91858e+00	4.49217e-11
4.92685e+00	4.40404e-11
4.93512e+00	4.31860e-11
4.94338e+00	4.23591e-11
4.95165e+00	4.15585e-11
4.95991e+00	4.07819e-11
4.96818e+00	4.00287e-11
4.97645e+00	3.92983e-11
4.98471e+00	3.85901e-11
4.99298e+00	3.79031e-11
5.00125e+00	3.72369e-11
5.00951e+00	3.65915e-11
5.01778e+00	3.59614e-11
5.02605e+00	3.53508e-11
5.03431e+00	3.47587e-11
5.04258e+00	3.41807e-11
5.05085e+00	3.36178e-11
5.05911e+00	3.30696e-11
5.06738e+00	3.25357e-11
5.07565e+00	3.20157e-11
5.08391e+00	3.15092e-11
5.09218e+00	3.10158e-11
5.10045e+00	3.05353e-11
5.10871e+00	3.00664e-11
5.11698e+00	2.96072e-11
5.12525e+00	2.91545e-11
5.13351e+00	2.87087e-11
5.14178e+00	2.82693e-11
5.15004e+00	2.78362e-11
5.15831e+00	2.74094e-11
5.16658e+00	2.69889e-11
5.17484e+00	2.65744e-11
5.18311e+00	2.61659e-11
5.19138e+00	2.57634e-11
5.19964e+00	2.53668e-11
5.20791e+00	2.49759e-11
5.21618e+00	2.45907e-11
5.22444e+00	2.42111e-11
5.23271e+00	2.38372e-11
5.24098e+00	2.34685e-11
5.24924e+00	2.31054e-11
5.25751e+00	2.27475e-11
5.26578e+00	2.23949e-11
5.27404e+00	2.20474e-11
5.28231e+00	2.17051e-11
5.29058e+00	2.13678e-11
5.29884e+00	2.10354e-11
5.30711e+00	2.07080e-11
5.31538e+00	2.03853e-11
5.32364e+00	2.00674e-11
5.33191e+00	1.97543e-11
5.34018e+00	1.94457e-11
5.34844e+00	1.91417e-11
5.35671e+00	1.88422e-11
5.36497e+00	1.85471e-11
5.37324e+00	1.82565e-11
5.38151e+00	1.79701e-11
5.38977e+00	1.76880e-11
5.39804e+00	1.74100e-11
5.40631e+00	1.71362e-11
5.41457e+00	1.68665e-11
5.42284e+00	1.66008e-11
5.43111e+00	1.63390e-11
5.43937e+00	1.60812e-11
5.44764e+00	1.58272e-11
5.45591e+00	1.55770e-11
5.46417e+00	1.53305e-11
5.47244e+00	1.50878e-11
5.48071e+00	1.48486e-11
5.48897e+00	1.46131e-11
5.49724e+00	1.43811e-11
5.50551e+00	1.41525e-11
5.51377e+00	1.39274e-11
5.52204e+00	1.37057e-11
5.53031e+00	1.34874e-11
5.53857e+00	1.32723e-11
5.54684e+00	1.30605e-11
5.55510e+00	1.28519e-11
5.56337e+00	1.26463e-11
5.57164e+00	1.24440e-11
5.57990e+00	1.22447e-11
5.58817e+00	1.20484e-11
5.59644e+00	1.18551e-11
5.60470e+00	1.16648e-11
5.61297e+00	1.14773e-11
5.62124e+00	1.12927e-11
5.62950e+00	1.11109e-11
5.63777e+00	1.09318e-11
5.64604e+00	1.07555e-11
5.65430e+00	1.05819e-11
5.66257e+00	1.04109e-11
5.67084e+00	1.02425e-11
5.67910e+00	1.00768e-11
5.68737e+00	9.91346e-12
5.69564e+00	9.75271e-12
5.70390e+00	9.59442e-12
5.71217e+00	9.43856e-12
5.72044e+00	9.28509e-12
5.72870e+00	9.13399e-12
5.73697e+00	8.98521e-12
5.74523e+00	8.83872e-12
5.75350e+00	8.69449e-12
5.76177e+00	8.55249e-12
5.77003e+00	8.41268e-12
5.77830e+00	8.27504e-12
5.78657e+00	8.13953e-12
5.79483e+00	8.00608e-12
5.80310e+00	7.87476e-12
5.81137e+00	7.74546e-12
5.81963e+00	7.61816e-12
5.82790e+00	7.49284e-12
5.83617e+00	7.36948e-12
5.84443e+00	7.24803e-12
5.85270e+00	7.12848e-12
5.86097e+00	7.01079e-12
5.86923e+00	6.89494e-12
5.87750e+00	6.78090e-12
5.88577e+00	6.66864e-12
5.89403e+00	6.55814e-12
5.90230e+00	6.44933e-12
5.91057e+00	6.34237e-12
5.91883e+00	6.23696e-12
5.92710e+00	6.13312e-12
5.93536e+00	6.03100e-12
5.94363e+00	5.93047e-12
5.95190e+00	5.83153e-12
5.96016e+00	5.73416e-12
5.96843e+00	5.63832e-12
5.97670e+00	5.54400e-12
5.98496e+00	5.45117e-12
5.99323e+00	5.35982e-12
6.00150e+00	5.26991e-12
6.00976e+00	5.18143e-12
6.01803e+00	5.09435e-12
6.02630e+00	5.00844e-12
6.03456e+00	4.92482e-12
6.04283e+00	4.84117e-12
6.05110e+00	4.75944e-12
6.05936e+00	4.67896e-12
6.06763e+00	4.59978e-12
6.07590e+00	4.52187e-12
6.08416e+00	4.44521e-12
6.09243e+00	4.36978e-12
6.10070e+00	4.29557e-12
6.10896e+00	4.22256e-12
6.11723e+00	4.15072e-12
6.12549e+00	4.08004e-12
6.13376e+00	4.01050e-12
6.14203e+00	3.94208e-12
6.15029e+00	3.87477e-12
6.15856e+00	3.80854e-12
6.16683e+00	3.74341e-12
6.17509e+00	3.67932e-12
6.18336e+00	3.61627e-12
6.19163e+00	3.55424e-12
6.19989e+00	3.49323e-12
6.20816e+00	3.43320e-12
6.21643e+00	3.37416e-12
6.22469e+00	3.31607e-12
6.23296e+00	3.25893e-12
6.24123e+00	3.20273e-12
6.24949e+00	3.14744e-12
6.25776e+00	3.09306e-12
6.26603e+00	3.03957e-12
6.27429e+00	2.98695e-12
6.28256e+00	2.93521e-12
6.29083e+00	2.88430e-12
6.29909e+00	2.83423e-12
6.30736e+00	2.78498e-12
6.31562e+00	2.73654e-12
6.32389e+00	2.68890e-12
6.33216e+00	2.64205e-12
6.34042e+00	2.59597e-12
6.34869e+00	2.55065e-12
6.35696e+00	2.50608e-12
6.36522e+00	2.46224e-12
6.37349e+00	2.41914e-12
6.38176e+00	2.37674e-12
6.39002e+00	2.33505e-12
6.39829e+00	2.29405e-12
6.40656e+00	2.25374e-12
6.41482e+00	2.21409e-12
6.42309e+00	2.17510e-12
6.43136e+00	2.13676e-12
6.43962e+00	2.09906e-12
6.44789e+00	2.06199e-12
6.45616e+00	2.02554e-12
6.46442e+00	1.98970e-12
6.47269e+00	1.95446e-12
6.48096e+00	1.91981e-12
6.48922e+00	1.88574e-12
6.49749e+00	1.85225e-12
6.50576e+00	1.81931e-12
6.51402e+00	1.78693e-12
6.52229e+00	1.75510e-12
6.53055e+00	1.72380e-12
6.53882e+00	1.69301e-12
6.54709e+00	1.66278e-12
6.55535e+00	1.63304e-12
6.56362e+00	1.60380e-12
6.57189e+00	1.57506e-12
6.58015e+00	1.54681e-12
6.58842e+00	1.51904e-12
6.59669e+00	1.49173e-12
6.60495e+00	1.46489e-12
6.61322e+00	1.43851e-12
6.62149e+00	1.41258e-12
6.62975e+00	1.38709e-12
6.63802e+00	1.36203e-12
6.64629e+00	1.33740e-12
6.65455e+00	1.31319e-12
6.66282e+00	1.28940e-12
6.67109e+00	1.26601e-12
6.67935e+00	1.24303e-12
6.68762e+00	1.22044e-12
6.69589e+00	1.19825e-12
6.70415e+00	1.17643e-12
6.71242e+00	1.15499e-12
6.72068e+00	1.13391e-12
6.72895e+00	1.11321e-12
6.73722e+00	1.09284e-12
6.74548e+00	1.07281e-12
6.75375e+00	1.05311e-12
6.76202e+00	1.03374e-12
6.77028e+00	1.01470e-12
6.77855e+00	9.95966e-13
6.78682e+00	9.77549e-13
6.79508e+00	9.59438e-13
6.80335e+00	9.41638e-13
6.81162e+00	9.24127e-13
6.81988e+00	9.06915e-13
6.82815e+00	8.89993e-13
6.83642e+00	8.73357e-13
6.84468e+00	8.57003e-13
6.85295e+00	8.40926e-13
6.86122e+00	8.25123e-13
6.86948e+00	8.09589e-13
6.87775e+00	7.94321e-13
6.88602e+00	7.79313e-13
6.89428e+00	7.64563e-13
6.90255e+00	7.50066e-13
6.91081e+00	7.35819e-13
6.91908e+00	7.21816e-13
6.92735e+00	7.08012e-13
6.93561e+00	6.94605e-13
6.94388e+00	6.81284e-13
6.95215e+00	6.68111e-13
6.96041e+00	6.55250e-13
6.96868e+00	6.42609e-13
6.97695e+00	6.30192e-13
6.98521e+00	6.17997e-13
6.99348e+00	6.06018e-13
7.00175e+00	5.94253e-13
7.01001e+00	5.82700e-13
7.01828e+00	5.71357e-13
7.02655e+00	5.60219e-13
7.03481e+00	5.49283e-13
7.04308e+00	5.38547e-13
7.05135e+00	5.28006e-13
7.05961e+00	5.17656e-13
7.06788e+00	5.07462e-13
7.07615e+00	4.97599e-13
7.08441e+00	4.87716e-13
7.09268e+00	4.78073e-13
7.10094e+00	4.68618e-13
7.10921e+00	4.59337e-13
7.11748e+00	4.50228e-13
7.12574e+00	4.41289e-13
7.13401e+00	4.32517e-13
7.14228e+00	4.23908e-13
7.15054e+00	4.15460e-13
7.15881e+00	4.07169e-13
7.16708e+00	3.99035e-13
7.17534e+00	3.91052e-13
7.18361e+00	3.83220e-13
7.19188e+00	3.75535e-13
7.20014e+00	3.67995e-13
7.20841e+00	3.60596e-13
7.21668e+00	3.53338e-13
7.22494e+00	3.46217e-13
7.23321e+00	3.39232e-13
7.24148e+00	3.32382e-13
7.24974e+00	3.25663e-13
7.25801e+00	3.19074e-13
7.26628e+00	3.12611e-13
7.27454e+00	3.06274e-13
7.28281e+00	3.00058e-13
7.29107e+00	2.93962e-13
7.29934e+00	2.87985e-13
7.30761e+00	2.82122e-13
7.31587e+00	2.76373e-13
7.32414e+00	2.70735e-13
7.33241e+00	2.65207e-13
7.34067e+00	2.59785e-13
7.34894e+00	2.54469e-13
7.35721e+00	2.49256e-13
7.36547e+00	2.44143e-13
7.37374e+00	2.39117e-13
7.38201e+00	2.34177e-13
7.39027e+00	2.29323e-13
7.39854e+00	2.24552e-13
7.40681e+00	2.19864e-13
7.41507e+00	2.15259e-13
7.42334e+00	2.10734e-13
7.43161e+00	2.06290e-13
7.43987e+00	2.01925e-13
7.44814e+00	1.97638e-13
7.45641e+00	1.93428e-13
7.46467e+00	1.89294e-13
7.47294e+00	1.85236e-13
7.48120e+00	1.81252e-13
7.48947e+00	1.77341e-13
7.49774e+00	1.73503e-13
7.50600e+00	1.69736e-13
7.51427e+00	1.66041e-13
7.52254e+00	1.62414e-13
7.53080e+00	1.58855e-13
7.53907e+00	1.55363e-13
7.54734e+00	1.51936e-13
7.55560e+00	1.48574e-13
7.56387e+00	1.45276e-13
7.57214e+00	1.42040e-13
7.58040e+00	1.38866e-13
7.58867e+00	1.35753e-13
7.59694e+00	1.32700e-13
7.60520e+00	1.29705e-13
7.61347e+00	1.26769e-13
7.62174e+00	1.23891e-13
7.63000e+00	1.21068e-13
7.63827e+00	1.18302e-13
7.64654e+00	1.15590e-13
7.65480e+00	1.12932e-13
7.66307e+00	1.10327e-13
7.67133e+00	1.07775e-13
7.67960e+00	1.05274e-13
7.68787e+00	1.02824e-13
7.69613e+00	1.00423e-13
7.70440e+00	9.80726e-14
7.71267e+00	9.57703e-14
7.72093e+00	9.35158e-14
7.72920e+00	9.13084e-14
7.73747e+00	8.91472e-14
7.74573e+00	8.70315e-14
7.75400e+00	8.49576e-14
7.76227e+00	8.29234e-14
7.77053e+00	8.09285e-14
7.77880e+00	7.89721e-14
7.78707e+00	7.70533e-14
7.79533e+00	7.51715e-14
7.80360e+00	7.33248e-14
7.81187e+00	7.15129e-14
7.82013e+00	6.97358e-14
7.82840e+00	6.79929e-14
7.83667e+00	6.62833e-14
7.84493e+00	6.46068e-14
7.85320e+00	6.29632e-14
7.86147e+00	6.13524e-14
7.86973e+00	5.97741e-14
7.87800e+00	5.82279e-14
7.88626e+00	5.67137e-14
7.89453e+00	5.52312e-14
7.90280e+00	5.37801e-14
7.91106e+00	5.23603e-14
7.91933e+00	5.09713e-14
7.92760e+00	4.96131e-14
7.93586e+00	4.82851e-14
7.94413e+00	4.69872e-14
7.95240e+00	4.57190e-14
7.96066e+00	4.44802e-14
7.96893e+00	4.32705e-14
7.97720e+00	4.20894e-14
7.98546e+00	4.09364e-14
7.99373e+00	3.98120e-14
8.00200e+00	3.87159e-14
8.01026e+00	3.76477e-14
8.01853e+00	3.66071e-14
8.02680e+00	3.55932e-14
8.03506e+00	3.46056e-14
8.04333e+00	3.36440e-14
8.05160e+00	3.27080e-14
8.05986e+00	3.17972e-14
8.06813e+00	3.09112e-14
8.07639e+00	3.00497e-14
8.08466e+00	2.92124e-14
8.09293e+00	2.83988e-14
8.10119e+00	2.76085e-14
8.10946e+00	2.68413e-14
8.11773e+00	2.60966e-14
8.12599e+00	2.53745e-14
8.13426e+00	2.46740e-14
8.14253e+00	2.39951e-14
8.15079e+00	2.33373e-14
8.15906e+00	2.27003e-14
8.16733e+00	2.20837e-14
8.17559e+00	2.14871e-14
8.18386e+00	2.09102e-14
8.19213e+00	2.03525e-14
8.20039e+00	1.98138e-14
8.20866e+00	1.92938e-14
8.21693e+00	1.87919e-14
8.22519e+00	1.83080e-14
8.23346e+00	1.78418e-14
8.24173e+00	1.73936e-14
8.24999e+00	1.69640e-14
8.25826e+00	1.65902e-14
8.26652e+00	1.59989e-14
