# The ell = 1 distribution, the first anisotropy.
# E_N [Td]	8.00000e+00
# col_1: Electron Energy [eV], col_2: f1 [eV^(-3/2)]
eV	f1
1.76415e-02	2.54217e-05
3.52830e-02	5.44916e-05
5.29245e-02	8.23129e-05
7.05661e-02	1.04822e-04
8.82076e-02	1.25220e-04
1.05849e-01	1.44059e-04
1.23491e-01	1.62118e-04
1.41132e-01	1.80201e-04
1.58774e-01	1.98082e-04
1.76415e-01	2.16817e-04
1.94057e-01	2.35839e-04
2.11698e-01	2.56205e-04
2.29340e-01	2.77631e-04
2.46981e-01	3.00786e-04
2.64623e-01	3.27562e-04
2.82264e-01	3.56973e-04
2.99906e-01	3.90192e-04
3.17547e-01	4.25914e-04
3.35189e-01	4.64200e-04
3.52830e-01	5.10858e-04
3.70472e-01	5.63990e-04
3.88113e-01	6.29024e-04
4.05755e-01	7.10819e-04
4.23396e-01	8.05656e-04
4.41038e-01	9.19806e-04
4.58679e-01	1.05137e-03
4.76321e-01	1.19719e-03
4.93962e-01	1.36696e-03
5.11604e-01	1.55599e-03
5.29245e-01	1.76664e-03
5.46887e-01	2.01766e-03
5.64528e-01	2.30157e-03
5.82170e-01	2.62083e-03
5.99812e-01	2.97948e-03
6.17453e-01	3.37044e-03
6.35095e-01	3.79830e-03
6.52736e-01	4.29705e-03
6.70378e-01	4.85482e-03
6.88019e-01	5.46944e-03
7.05661e-01	6.17681e-03
7.23302e-01	6.96294e-03
7.40944e-01	7.81365e-03
7.58585e-01	8.72682e-03
7.76227e-01	9.69518e-03
7.93868e-01	1.07067e-02
8.11510e-01	1.17532e-02
8.29151e-01	1.28237e-02
8.46793e-01	1.39118e-02
8.64434e-01	1.50133e-02
8.82076e-01	1.61629e-02
8.99717e-01	1.73869e-02
9.17359e-01	1.86725e-02
9.35000e-01	2.00219e-02
9.52642e-01	2.14725e-02
9.70283e-01	2.30316e-02
9.87925e-01	2.46820e-02
1.00557e+00	2.64452e-02
1.02321e+00	2.83121e-02
1.04085e+00	3.02684e-02
1.05849e+00	3.22965e-02
1.07613e+00	3.44515e-02
1.09377e+00	3.66347e-02
1.11142e+00	3.88104e-02
1.12906e+00	4.09725e-02
1.14670e+00	4.31322e-02
1.16434e+00	4.52948e-02
1.18198e+00	4.74437e-02
1.19962e+00	4.95744e-02
1.21726e+00	5.16936e-02
1.23491e+00	5.38548e-02
1.25255e+00	5.60442e-02
1.27019e+00	5.82522e-02
1.28783e+00	6.04693e-02
1.30547e+00	6.27665e-02
1.32311e+00	6.52012e-02
1.34076e+00	6.77526e-02
1.35840e+00	7.04006e-02
1.37604e+00	7.30593e-02
1.39368e+00	7.55203e-02
1.41132e+00	7.78452e-02
1.42896e+00	8.00427e-02
1.44660e+00	8.21202e-02
1.46425e+00	8.40491e-02
1.48189e+00	8.58657e-02
1.49953e+00	8.76139e-02
1.51717e+00	8.92968e-02
1.53481e+00	9.09132e-02
1.55245e+00	9.24860e-02
1.57009e+00	9.42395e-02
1.58774e+00	9.62181e-02
1.60538e+00	9.83859e-02
1.62302e+00	1.00714e-01
1.64066e+00	1.03229e-01
1.65830e+00	1.05777e-01
1.67594e+00	1.08264e-01
1.69359e+00	1.10665e-01
1.71123e+00	1.12976e-01
1.72887e+00	1.15200e-01
1.74651e+00	1.17161e-01
1.76415e+00	1.18616e-01
1.78179e+00	1.19573e-01
1.79943e+00	1.20052e-01
1.81708e+00	1.20032e-01
1.83472e+00	1.19478e-01
1.85236e+00	1.18588e-01
1.87000e+00	1.17300e-01
1.88764e+00	1.15465e-01
1.90528e+00	1.13087e-01
1.92293e+00	1.10213e-01
1.94057e+00	1.06959e-01
1.95821e+00	1.03365e-01
1.97585e+00	9.95855e-02
1.99349e+00	9.56456e-02
2.01113e+00	9.15566e-02
2.02877e+00	8.75182e-02
2.04642e+00	8.37056e-02
2.06406e+00	8.01285e-02
2.08170e+00	7.67560e-02
2.09934e+00	7.35794e-02
2.11698e+00	7.05542e-02
2.13462e+00	6.73563e-02
2.15226e+00	6.40782e-02
2.16991e+00	6.08710e-02
2.18755e+00	5.77548e-02
2.20519e+00	5.47263e-02
2.22283e+00	5.18346e-02
2.24047e+00	4.90971e-02
2.25811e+00	4.65400e-02
2.27576e+00	4.41212e-02
2.29340e+00	4.18447e-02
2.31104e+00	3.96886e-02
2.32868e+00	3.76266e-02
2.34632e+00	3.56594e-02
2.36396e+00	3.37957e-02
2.38160e+00	3.20071e-02
2.39925e+00	3.02921e-02
2.41689e+00	2.87259e-02
2.43453e+00	2.72420e-02
2.45217e+00	2.57760e-02
2.46981e+00	2.43212e-02
2.48745e+00	2.28910e-02
2.50510e+00	2.15442e-02
2.52274e+00	2.02770e-02
2.54038e+00	1.90869e-02
2.55802e+00	1.79959e-02
2.57566e+00	1.69840e-02
2.59330e+00	1.60622e-02
2.61094e+00	1.52168e-02
2.62859e+00	1.44066e-02
2.64623e+00	1.36223e-02
2.66387e+00	1.28782e-02
2.68151e+00	1.21727e-02
2.69915e+00	1.14987e-02
2.71679e+00	1.08673e-02
2.73443e+00	1.02953e-02
2.75208e+00	9.78915e-03
2.76972e+00	9.33100e-03
2.78736e+00	8.89051e-03
2.80500e+00	8.47256e-03
2.82264e+00	8.07346e-03
2.84028e+00	7.67626e-03
2.85793e+00	7.28260e-03
2.87557e+00	6.88481e-03
2.89321e+00	6.49475e-03
2.91085e+00	6.13550e-03
2.92849e+00	5.80615e-03
2.94613e+00	5.50629e-03
2.96377e+00	5.23400e-03
2.98142e+00	4.99114e-03
2.99906e+00	4.77447e-03
3.01670e+00	4.57353e-03
3.03434e+00	4.37811e-03
3.05198e+00	4.18733e-03
3.06962e+00	4.00180e-03
3.08727e+00	3.82171e-03
3.10491e+00	3.64841e-03
3.12255e+00	3.48536e-03
3.14019e+00	3.33258e-03
3.15783e+00	3.19160e-03
3.17547e+00	3.05787e-03
3.19311e+00	2.92920e-03
3.21076e+00	2.80547e-03
3.22840e+00	2.68643e-03
3.24604e+00	2.57179e-03
3.26368e+00	2.46099e-03
3.28132e+00	2.35538e-03
3.29896e+00	2.25608e-03
3.31660e+00	2.16347e-03
3.33425e+00	2.07815e-03
3.35189e+00	1.99860e-03
3.36953e+00	1.92463e-03
3.38717e+00	1.85576e-03
3.40481e+00	1.79135e-03
3.42245e+00	1.73113e-03
3.44010e+00	1.67330e-03
3.45774e+00	1.61809e-03
3.47538e+00	1.56541e-03
3.49302e+00	1.51530e-03
3.51066e+00	1.46792e-03
3.52830e+00	1.42267e-03
3.54594e+00	1.37943e-03
3.56359e+00	1.33777e-03
3.58123e+00	1.29709e-03
3.59887e+00	1.25747e-03
3.61651e+00	1.21937e-03
3.63415e+00	1.18272e-03
3.65179e+00	1.14747e-03
3.66944e+00	1.11360e-03
3.68708e+00	1.08117e-03
3.70472e+00	1.05015e-03
3.72236e+00	1.02053e-03
3.74000e+00	9.92493e-04
3.75764e+00	9.66081e-04
3.77528e+00	9.41329e-04
3.79293e+00	9.18323e-04
3.81057e+00	8.97003e-04
3.82821e+00	8.77298e-04
3.84585e+00	8.59175e-04
3.86349e+00	8.42501e-04
3.88113e+00	8.26704e-04
3.89877e+00	8.11569e-04
3.91642e+00	7.97084e-04
3.93406e+00	7.83211e-04
3.95170e+00	7.69949e-04
3.96934e+00	7.57247e-04
3.98698e+00	7.45221e-04
4.00462e+00	7.33677e-04
4.02227e+00	7.22550e-04
4.03991e+00	7.11702e-04
4.05755e+00	7.00968e-04
4.07519e+00	6.90387e-04
4.09283e+00	6.79940e-04
4.11047e+00	6.69612e-04
4.12811e+00	6.59404e-04
4.14576e+00	6.49301e-04
4.16340e+00	6.39296e-04
4.18104e+00	6.29389e-04
4.19868e+00	6.19576e-04
4.21632e+00	6.09846e-04
4.23396e+00	6.00196e-04
4.25161e+00	5.90627e-04
4.26925e+00	5.81128e-04
4.28689e+00	5.71655e-04
4.30453e+00	5.62203e-04
4.32217e+00	5.52772e-04
4.33981e+00	5.43362e-04
4.35745e+00	5.33973e-04
4.37510e+00	5.24612e-04
4.39274e+00	5.15290e-04
4.41038e+00	5.06009e-04
4.42802e+00	4.96780e-04
4.44566e+00	4.87652e-04
4.46330e+00	4.78601e-04
4.48094e+00	4.69637e-04
4.49859e+00	4.60755e-04
4.51623e+00	4.51953e-04
4.53387e+00	4.43230e-04
4.55151e+00	4.34673e-04
4.56915e+00	4.26325e-04
4.58679e+00	4.18183e-04
4.60444e+00	4.10245e-04
4.62208e+00	4.02508e-04
4.63972e+00	3.94972e-04
4.65736e+00	3.87720e-04
4.67500e+00	3.80747e-04
4.69264e+00	3.74049e-04
4.71028e+00	3.67621e-04
4.72793e+00	3.61459e-04
4.74557e+00	3.55558e-04
4.76321e+00	3.49915e-04
4.78085e+00	3.44525e-04
4.79849e+00	3.39384e-04
4.81613e+00	3.34488e-04
4.83378e+00	3.29837e-04
4.85142e+00	3.25479e-04
4.86906e+00	3.21422e-04
4.88670e+00	3.17659e-04
4.90434e+00	3.14183e-04
4.92198e+00	3.10987e-04
4.93962e+00	3.07986e-04
4.95727e+00	3.05161e-04
4.97491e+00	3.02492e-04
4.99255e+00	2.99979e-04
5.01019e+00	2.97603e-04
5.02783e+00	2.95364e-04
5.04547e+00	2.93242e-04
5.06311e+00	2.91218e-04
5.08076e+00	2.89295e-04
5.09840e+00	2.87468e-04
5.11604e+00	2.85728e-04
5.13368e+00	2.84011e-04
5.15132e+00	2.82306e-04
5.16896e+00	2.80613e-04
5.18661e+00	2.78932e-04
5.20425e+00	2.77262e-04
5.22189e+00	2.75603e-04
5.23953e+00	2.73956e-04
5.25717e+00	2.72319e-04
5.27481e+00	2.70694e-04
5.29245e+00	2.69080e-04
5.31010e+00	2.67477e-04
5.32774e+00	2.65885e-04
5.34538e+00	2.64304e-04
5.36302e+00	2.62734e-04
5.38066e+00	2.61174e-04
5.39830e+00	2.59625e-04
5.41595e+00	2.58087e-04
5.43359e+00	2.56560e-04
5.45123e+00	2.55043e-04
5.46887e+00	2.53535e-04
5.48651e+00	2.52039e-04
5.50415e+00	2.50552e-04
5.52179e+00	2.49076e-04
5.53944e+00	2.47610e-04
5.55708e+00	2.46154e-04
5.57472e+00	2.44709e-04
5.59236e+00	2.43273e-04
5.61000e+00	2.41847e-04
5.62764e+00	2.40431e-04
5.64528e+00	2.39024e-04
5.66293e+00	2.37627e-04
5.68057e+00	2.36240e-04
5.69821e+00	2.34862e-04
5.71585e+00	2.33494e-04
5.73349e+00	2.32136e-04
5.75113e+00	2.30787e-04
5.76878e+00	2.29448e-04
5.78642e+00	2.28118e-04
5.80406e+00	2.26798e-04
5.82170e+00	2.25488e-04
5.83934e+00	2.24187e-04
5.85698e+00	2.22895e-04
5.87462e+00	2.21612e-04
5.89227e+00	2.20337e-04
5.90991e+00	2.19075e-04
5.92755e+00	2.17816e-04
5.94519e+00	2.16569e-04
5.96283e+00	2.15330e-04
5.98047e+00	2.14101e-04
5.99812e+00	2.12880e-04
6.01576e+00	2.11668e-04
6.03340e+00	2.10472e-04
6.05104e+00	2.09268e-04
6.06868e+00	2.08080e-04
6.08632e+00	2.06899e-04
6.10396e+00	2.05728e-04
6.12161e+00	2.04565e-04
6.13925e+00	2.03411e-04
6.15689e+00	2.02265e-04
6.17453e+00	2.01128e-04
6.19217e+00	1.99999e-04
6.20981e+00	1.98879e-04
6.22745e+00	1.97767e-04
6.24510e+00	1.96663e-04
6.26274e+00	1.95567e-04
6.28038e+00	1.94480e-04
6.29802e+00	1.93400e-04
6.31566e+00	1.92328e-04
6.33330e+00	1.91264e-04
6.35095e+00	1.90207e-04
6.36859e+00	1.89159e-04
6.38623e+00	1.88118e-04
6.40387e+00	1.87085e-04
6.42151e+00	1.86059e-04
6.43915e+00	1.85040e-04
6.45679e+00	1.84030e-04
6.47444e+00	1.83027e-04
6.49208e+00	1.82031e-04
6.50972e+00	1.81043e-04
6.52736e+00	1.80062e-04
6.54500e+00	1.79089e-04
6.56264e+00	1.78123e-04
6.58029e+00	1.77164e-04
6.59793e+00	1.76213e-04
6.61557e+00	1.75268e-04
6.63321e+00	1.74330e-04
6.65085e+00	1.73399e-04
6.66849e+00	1.72474e-04
6.68613e+00	1.71557e-04
6.70378e+00	1.70647e-04
6.72142e+00	1.69744e-04
6.73906e+00	1.68846e-04
6.75670e+00	1.67952e-04
6.77434e+00	1.67061e-04
6.79198e+00	1.66174e-04
6.80962e+00	1.65290e-04
6.82727e+00	1.64409e-04
6.84491e+00	1.63532e-04
6.86255e+00	1.62658e-04
6.88019e+00	1.61787e-04
6.89783e+00	1.60920e-04
6.91547e+00	1.60051e-04
6.93312e+00	1.59208e-04
6.95076e+00	1.58332e-04
6.96840e+00	1.57472e-04
6.98604e+00	1.56616e-04
7.00368e+00	1.55765e-04
7.02132e+00	1.54918e-04
7.03896e+00	1.54076e-04
7.05661e+00	1.53237e-04
7.07425e+00	1.52416e-04
7.09189e+00	1.51575e-04
7.10953e+00	1.50749e-04
7.12717e+00	1.49927e-04
7.14481e+00	1.49110e-04
7.16246e+00	1.48299e-04
7.18010e+00	1.47492e-04
7.19774e+00	1.46690e-04
7.21538e+00	1.45893e-04
7.23302e+00	1.45101e-04
7.25066e+00	1.44315e-04
7.26830e+00	1.43536e-04
7.28595e+00	1.42764e-04
7.30359e+00	1.41998e-04
7.32123e+00	1.41239e-04
7.33887e+00	1.40486e-04
7.35651e+00	1.39740e-04
7.37415e+00	1.38997e-04
7.39179e+00	1.38250e-04
7.40944e+00	1.37501e-04
7.42708e+00	1.36748e-04
7.44472e+00	1.35993e-04
7.46236e+00	1.35236e-04
7.48000e+00	1.34476e-04
7.49764e+00	1.33714e-04
7.51529e+00	1.32950e-04
7.53293e+00	1.32185e-04
7.55057e+00	1.31417e-04
7.56821e+00	1.30647e-04
7.58585e+00	1.29875e-04
7.60349e+00	1.29100e-04
7.62113e+00	1.28323e-04
7.63878e+00	1.27543e-04
7.65642e+00	1.26762e-04
7.67406e+00	1.25979e-04
7.69170e+00	1.25194e-04
7.70934e+00	1.24407e-04
7.72698e+00	1.23619e-04
7.74463e+00	1.22830e-04
7.76227e+00	1.22036e-04
7.77991e+00	1.21231e-04
7.79755e+00	1.20414e-04
7.81519e+00	1.19582e-04
7.83283e+00	1.18734e-04
7.85047e+00	1.17870e-04
7.86812e+00	1.16989e-04
7.88576e+00	1.16091e-04
7.90340e+00	1.15179e-04
7.92104e+00	1.14252e-04
7.93868e+00	1.13311e-04
7.95632e+00	1.12357e-04
7.97396e+00	1.11390e-04
7.99161e+00	1.10412e-04
8.00925e+00	1.09420e-04
8.02689e+00	1.08417e-04
8.04453e+00	1.07400e-04
8.06217e+00	1.06370e-04
8.07981e+00	1.05327e-04
8.09746e+00	1.04274e-04
8.11510e+00	1.03209e-04
8.13274e+00	1.02136e-04
8.15038e+00	1.01053e-04
8.16802e+00	9.99627e-05
8.18566e+00	9.88648e-05
8.20330e+00	9.77605e-05
8.22095e+00	9.66503e-05
8.23859e+00	9.55302e-05
8.25623e+00	9.43988e-05
8.27387e+00	9.32572e-05
8.29151e+00	9.21065e-05
8.30915e+00	9.09453e-05
8.32680e+00	8.97734e-05
8.34444e+00	8.85911e-05
8.36208e+00	8.73989e-05
8.37972e+00	8.61978e-05
8.39736e+00	8.49889e-05
8.41500e+00	8.37732e-05
8.43264e+00	8.25517e-05
8.45029e+00	8.13253e-05
8.46793e+00	8.00904e-05
8.48557e+00	7.88402e-05
8.50321e+00	7.75786e-05
8.52085e+00	7.63128e-05
8.53849e+00	7.50440e-05
8.55613e+00	7.37754e-05
8.57378e+00	7.25103e-05
8.59142e+00	7.12494e-05
8.60906e+00	6.99932e-05
8.62670e+00	6.87424e-05
8.64434e+00	6.74976e-05
8.66198e+00	6.62593e-05
8.67963e+00	6.50280e-05
8.69727e+00	6.38045e-05
8.71491e+00	6.25893e-05
8.73255e+00	6.13829e-05
8.75019e+00	6.01853e-05
8.76783e+00	5.89968e-05
8.78547e+00	5.78178e-05
8.80312e+00	5.66488e-05
8.82076e+00	5.54901e-05
8.83840e+00	5.43420e-05
8.85604e+00	5.32049e-05
8.87368e+00	5.20791e-05
8.89132e+00	5.09648e-05
8.90897e+00	4.98620e-05
8.92661e+00	4.87724e-05
8.94425e+00	4.76938e-05
8.96189e+00	4.66270e-05
8.97953e+00	4.55736e-05
8.99717e+00	4.45341e-05
9.01481e+00	4.35106e-05
9.03246e+00	4.25036e-05
9.05010e+00	4.15150e-05
9.06774e+00	4.05450e-05
9.08538e+00	3.95935e-05
9.10302e+00	3.86600e-05
9.12066e+00	3.77445e-05
9.13830e+00	3.68468e-05
9.15595e+00	3.59666e-05
9.17359e+00	3.51037e-05
9.19123e+00	3.42580e-05
9.20887e+00	3.34290e-05
9.22651e+00	3.26167e-05
9.24415e+00	3.18207e-05
9.26180e+00	3.10408e-05
9.27944e+00	3.02771e-05
9.29708e+00	2.95287e-05
9.31472e+00	2.87959e-05
9.33236e+00	2.80783e-05
9.35000e+00	2.73758e-05
9.36764e+00	2.66881e-05
9.38529e+00	2.60149e-05
9.40293e+00	2.53562e-05
9.42057e+00	2.47115e-05
9.43821e+00	2.40808e-05
9.45585e+00	2.34637e-05
9.47349e+00	2.28602e-05
9.49114e+00	2.22699e-05
9.50878e+00	2.16926e-05
9.52642e+00	2.11283e-05
9.54406e+00	2.05765e-05
9.56170e+00	2.00372e-05
9.57934e+00	1.95099e-05
9.59698e+00	1.89943e-05
9.61463e+00	1.84900e-05
9.63227e+00	1.79972e-05
9.64991e+00	1.75155e-05
9.66755e+00	1.70441e-05
9.68519e+00	1.65836e-05
9.70283e+00	1.61332e-05
9.72047e+00	1.56930e-05
9.73812e+00	1.52628e-05
9.75576e+00	1.48423e-05
9.77340e+00	1.44314e-05
9.79104e+00	1.40299e-05
9.80868e+00	1.36377e-05
9.82632e+00	1.32546e-05
9.84397e+00	1.28805e-05
9.86161e+00	1.25151e-05
9.87925e+00	1.21585e-05
9.89689e+00	1.18103e-05
9.91453e+00	1.14704e-05
9.93217e+00	1.11388e-05
9.94981e+00	1.08151e-05
9.96746e+00	1.04994e-05
9.98510e+00	1.01915e-05
1.00027e+01	9.89079e-06
1.00204e+01	9.60203e-06
1.00380e+01	9.31437e-06
1.00557e+01	9.03766e-06
1.00733e+01	8.76851e-06
1.00909e+01	8.50707e-06
1.01086e+01	8.25313e-06
1.01262e+01	8.00652e-06
1.01439e+01	7.76704e-06
1.01615e+01	7.53446e-06
1.01792e+01	7.30860e-06
1.01968e+01	7.08926e-06
1.02144e+01	6.87626e-06
1.02321e+01	6.66940e-06
1.02497e+01	6.46852e-06
1.02674e+01	6.27345e-06
1.02850e+01	6.08405e-06
1.03026e+01	5.90014e-06
1.03203e+01	5.72159e-06
1.03379e+01	5.54825e-06
1.03556e+01	5.37997e-06
1.03732e+01	5.21661e-06
1.03909e+01	5.05804e-06
1.04085e+01	4.90413e-06
1.04261e+01	4.75476e-06
1.04438e+01	4.60978e-06
1.04614e+01	4.46909e-06
1.04791e+01	4.33257e-06
1.04967e+01	4.20010e-06
1.05143e+01	4.07155e-06
1.05320e+01	3.94683e-06
1.05496e+01	3.82582e-06
1.05673e+01	3.70840e-06
1.05849e+01	3.59416e-06
1.06026e+01	3.48463e-06
1.06202e+01	3.37638e-06
1.06378e+01	3.27193e-06
1.06555e+01	3.17070e-06
1.06731e+01	3.07254e-06
1.06908e+01	2.97736e-06
1.07084e+01	2.88509e-06
1.07260e+01	2.79563e-06
1.07437e+01	2.70891e-06
1.07613e+01	2.62484e-06
1.07790e+01	2.54335e-06
1.07966e+01	2.46436e-06
1.08142e+01	2.38780e-06
1.08319e+01	2.31360e-06
1.08495e+01	2.24169e-06
1.08672e+01	2.17201e-06
1.08848e+01	2.10449e-06
1.09025e+01	2.03906e-06
1.09201e+01	1.97567e-06
1.09377e+01	1.91425e-06
1.09554e+01	1.85476e-06
1.09730e+01	1.79714e-06
1.09907e+01	1.74133e-06
1.10083e+01	1.68727e-06
1.10259e+01	1.63492e-06
1.10436e+01	1.58422e-06
1.10612e+01	1.53515e-06
1.10789e+01	1.48764e-06
1.10965e+01	1.44166e-06
1.11142e+01	1.39715e-06
1.11318e+01	1.35408e-06
1.11494e+01	1.31240e-06
1.11671e+01	1.27207e-06
1.11847e+01	1.23305e-06
1.12024e+01	1.19529e-06
1.12200e+01	1.15872e-06
1.12376e+01	1.12330e-06
1.12553e+01	1.08900e-06
1.12729e+01	1.05580e-06
1.12906e+01	1.02366e-06
1.13082e+01	9.92552e-07
1.13259e+01	9.62450e-07
1.13435e+01	9.33325e-07
1.13611e+01	9.05150e-07
1.13788e+01	8.77899e-07
1.13964e+01	8.51547e-07
1.14141e+01	8.26069e-07
1.14317e+01	8.01443e-07
1.14493e+01	7.77641e-07
1.14670e+01	7.54645e-07
1.14846e+01	7.32432e-07
1.15023e+01	7.10980e-07
1.15199e+01	6.90269e-07
1.15376e+01	6.70276e-07
1.15552e+01	6.50976e-07
1.15728e+01	6.31640e-07
1.15905e+01	6.12272e-07
1.16081e+01	5.92894e-07
1.16258e+01	5.73412e-07
1.16434e+01	5.53119e-07
1.16610e+01	5.31969e-07
1.16787e+01	5.10961e-07
1.16963e+01	4.90925e-07
1.17140e+01	4.72069e-07
1.17316e+01	4.54402e-07
1.17492e+01	4.37537e-07
1.17669e+01	4.21012e-07
1.17845e+01	4.04824e-07
1.18022e+01	3.89154e-07
1.18198e+01	3.73906e-07
1.18375e+01	3.58517e-07
1.18551e+01	3.41262e-07
1.18727e+01	3.25027e-07
1.18904e+01	3.10352e-07
1.19080e+01	2.96336e-07
1.19257e+01	2.82902e-07
1.19433e+01	2.70299e-07
1.19609e+01	2.58401e-07
1.19786e+01	2.47106e-07
1.19962e+01	2.36363e-07
1.20139e+01	2.26102e-07
1.20315e+01	2.16287e-07
1.20492e+01	2.06878e-07
1.20668e+01	1.97861e-07
1.20844e+01	1.89220e-07
1.21021e+01	1.80936e-07
1.21197e+01	1.72984e-07
1.21374e+01	1.65339e-07
1.21550e+01	1.57991e-07
1.21726e+01	1.50930e-07
1.21903e+01	1.44149e-07
1.22079e+01	1.37631e-07
1.22256e+01	1.31350e-07
1.22432e+01	1.25296e-07
1.22609e+01	1.19462e-07
1.22785e+01	1.13842e-07
1.22961e+01	1.08436e-07
1.23138e+01	1.03237e-07
1.23314e+01	9.82589e-08
1.23491e+01	9.34922e-08
1.23667e+01	8.89297e-08
1.23843e+01	8.45644e-08
1.24020e+01	8.03899e-08
1.24196e+01	7.63903e-08
1.24373e+01	7.25597e-08
1.24549e+01	6.88909e-08
1.24726e+01	6.53786e-08
1.24902e+01	6.20177e-08
1.25078e+01	5.88031e-08
1.25255e+01	5.57275e-08
1.25431e+01	5.27854e-08
1.25608e+01	4.99810e-08
1.25784e+01	4.72885e-08
1.25960e+01	4.47244e-08
1.26137e+01	4.22802e-08
1.26313e+01	3.99542e-08
1.26490e+01	3.77431e-08
1.26666e+01	3.56417e-08
1.26842e+01	3.36452e-08
1.27019e+01	3.17503e-08
1.27195e+01	2.99552e-08
1.27372e+01	2.82554e-08
1.27548e+01	2.66477e-08
1.27725e+01	2.51272e-08
1.27901e+01	2.36891e-08
1.28077e+01	2.23298e-08
1.28254e+01	2.10510e-08
1.28430e+01	1.98488e-08
1.28607e+01	1.87254e-08
1.28783e+01	1.76783e-08
1.28959e+01	1.66980e-08
1.29136e+01	1.57721e-08
1.29312e+01	1.48800e-08
1.29489e+01	1.40535e-08
1.29665e+01	1.32948e-08
1.29842e+01	1.25764e-08
1.30018e+01	1.18889e-08
1.30194e+01	1.11886e-08
1.30371e+01	1.04509e-08
1.30547e+01	9.70431e-09
1.30724e+01	9.03838e-09
1.30900e+01	8.45527e-09
1.31076e+01	7.94388e-09
1.31253e+01	7.49182e-09
1.31429e+01	7.08199e-09
1.31606e+01	6.68848e-09
1.31782e+01	6.30505e-09
1.31959e+01	5.92902e-09
1.32135e+01	5.56729e-09
1.32311e+01	5.24262e-09
1.32488e+01	4.94382e-09
1.32664e+01	4.66826e-09
1.32841e+01	4.41181e-09
1.33017e+01	4.17391e-09
1.33193e+01	3.95168e-09
1.33370e+01	3.74329e-09
1.33546e+01	3.54700e-09
1.33723e+01	3.36116e-09
1.33899e+01	3.18415e-09
1.34076e+01	3.01525e-09
1.34252e+01	2.85393e-09
1.34428e+01	2.69891e-09
1.34605e+01	2.54959e-09
1.34781e+01	2.40607e-09
1.34958e+01	2.27041e-09
1.35134e+01	2.14269e-09
1.35310e+01	2.02163e-09
1.35487e+01	1.90670e-09
1.35663e+01	1.79767e-09
1.35840e+01	1.69427e-09
1.36016e+01	1.59623e-09
1.36192e+01	1.50338e-09
1.36369e+01	1.41550e-09
1.36545e+01	1.33234e-09
1.36722e+01	1.25370e-09
1.36898e+01	1.17935e-09
1.37075e+01	1.10908e-09
1.37251e+01	1.04269e-09
1.37427e+01	9.80007e-10
1.37604e+01	9.20827e-10
1.37780e+01	8.64984e-10
1.37957e+01	8.12311e-10
1.38133e+01	7.62627e-10
1.38309e+01	7.15768e-10
1.38486e+01	6.71596e-10
1.38662e+01	6.29956e-10
1.38839e+01	5.90662e-10
1.39015e+01	5.53576e-10
1.39192e+01	5.18577e-10
1.39368e+01	4.85548e-10
1.39544e+01	4.54400e-10
1.39721e+01	4.25051e-10
1.39897e+01	3.97418e-10
1.40074e+01	3.71379e-10
1.40250e+01	3.46863e-10
1.40426e+01	3.23823e-10
1.40603e+01	3.02172e-10
1.40779e+01	2.81847e-10
1.40956e+01	2.62762e-10
1.41132e+01	2.44853e-10
1.41309e+01	2.28057e-10
1.41485e+01	2.12317e-10
1.41661e+01	1.97574e-10
1.41838e+01	1.83772e-10
1.42014e+01	1.70860e-10
1.42191e+01	1.58784e-10
1.42367e+01	1.47491e-10
1.42543e+01	1.36931e-10
1.42720e+01	1.27061e-10
1.42896e+01	1.17840e-10
1.43073e+01	1.09233e-10
1.43249e+01	1.01202e-10
1.43426e+01	9.37146e-11
1.43602e+01	8.67379e-11
1.43778e+01	8.02405e-11
1.43955e+01	7.41933e-11
1.44131e+01	6.85683e-11
1.44308e+01	6.33388e-11
1.44484e+01	5.84798e-11
1.44660e+01	5.39676e-11
1.44837e+01	4.97805e-11
1.45013e+01	4.58969e-11
1.45190e+01	4.22966e-11
1.45366e+01	3.89610e-11
1.45543e+01	3.58723e-11
1.45719e+01	3.30136e-11
1.45895e+01	3.03694e-11
1.46072e+01	2.79246e-11
1.46248e+01	2.56655e-11
1.46425e+01	2.35789e-11
1.46601e+01	2.16526e-11
1.46777e+01	1.98752e-11
1.46954e+01	1.82359e-11
1.47130e+01	1.67248e-11
1.47307e+01	1.53325e-11
1.47483e+01	1.40503e-11
1.47659e+01	1.28700e-11
1.47836e+01	1.17839e-11
1.48012e+01	1.07851e-11
1.48189e+01	9.86678e-12
1.48365e+01	9.02296e-12
1.48542e+01	8.24789e-12
1.48718e+01	7.53630e-12
1.48894e+01	6.88327e-12
1.49071e+01	6.28423e-12
1.49247e+01	5.73493e-12
1.49424e+01	5.23143e-12
1.49600e+01	4.77012e-12
1.49776e+01	4.34765e-12
1.49953e+01	3.96102e-12
1.50129e+01	3.60742e-12
1.50306e+01	3.28440e-12
1.50482e+01	2.98947e-12
1.50659e+01	2.72031e-12
1.50835e+01	2.47475e-12
1.51011e+01	2.25079e-12
1.51188e+01	2.04658e-12
1.51364e+01	1.86043e-12
1.51541e+01	1.69078e-12
1.51717e+01	1.53623e-12
1.51893e+01	1.39545e-12
1.52070e+01	1.26726e-12
1.52246e+01	1.15057e-12
1.52423e+01	1.04436e-12
1.52599e+01	9.47730e-13
1.52776e+01	8.59832e-13
1.52952e+01	7.79898e-13
1.53128e+01	7.07225e-13
1.53305e+01	6.41171e-13
1.53481e+01	5.81148e-13
1.53658e+01	5.26619e-13
1.53834e+01	4.77094e-13
1.54010e+01	4.32125e-13
1.54187e+01	3.91304e-13
1.54363e+01	3.54258e-13
1.54540e+01	3.20646e-13
1.54716e+01	2.90157e-13
1.54893e+01	2.62509e-13
1.55069e+01	2.37442e-13
1.55245e+01	2.14722e-13
1.55422e+01	1.94134e-13
1.55598e+01	1.75482e-13
1.55775e+01	1.58589e-13
1.55951e+01	1.43293e-13
1.56127e+01	1.29446e-13
1.56304e+01	1.16913e-13
1.56480e+01	1.05573e-13
1.56657e+01	9.53162e-14
1.56833e+01	8.60405e-14
1.57009e+01	7.76550e-14
1.57186e+01	7.00765e-14
1.57362e+01	6.32295e-14
1.57539e+01	5.70456e-14
1.57715e+01	5.14592e-14
1.57892e+01	4.63990e-14
1.58068e+01	4.18182e-14
1.58244e+01	3.76731e-14
1.58421e+01	3.39239e-14
1.58597e+01	3.05347e-14
1.58774e+01	2.74722e-14
1.58950e+01	2.47060e-14
1.59126e+01	2.22089e-14
1.59303e+01	1.99555e-14
1.59479e+01	1.79229e-14
1.59656e+01	1.60902e-14
1.59832e+01	1.44387e-14
1.60009e+01	1.29513e-14
1.60185e+01	1.16128e-14
1.60361e+01	1.04089e-14
1.60538e+01	9.32673e-15
1.60714e+01	8.35433e-15
1.60891e+01	7.48097e-15
1.61067e+01	6.69678e-15
1.61243e+01	5.99287e-15
1.61420e+01	5.36126e-15
1.61596e+01	4.79472e-15
1.61773e+01	4.28670e-15
1.61949e+01	3.83134e-15
1.62126e+01	3.42330e-15
1.62302e+01	3.05779e-15
1.62478e+01	2.73046e-15
1.62655e+01	2.43743e-15
1.62831e+01	2.17519e-15
1.63008e+01	1.94060e-15
1.63184e+01	1.73079e-15
1.63360e+01	1.54319e-15
1.63537e+01	1.37553e-15
1.63713e+01	1.22572e-15
1.63890e+01	1.09191e-15
1.64066e+01	9.72426e-16
1.64243e+01	8.65773e-16
1.64419e+01	7.70591e-16
1.64595e+01	6.85682e-16
1.64772e+01	6.09963e-16
1.64948e+01	5.42452e-16
1.65125e+01	4.82276e-16
1.65301e+01	4.28651e-16
1.65477e+01	3.80875e-16
1.65654e+01	3.38321e-16
1.65830e+01	3.00435e-16
1.66007e+01	2.66715e-16
1.66183e+01	2.36711e-16
1.66359e+01	2.10021e-16
1.66536e+01	1.86286e-16
1.66712e+01	1.65185e-16
1.66889e+01	1.46433e-16
1.67065e+01	1.29773e-16
1.67242e+01	1.14976e-16
1.67418e+01	1.01837e-16
1.67594e+01	9.01745e-17
1.67771e+01	7.98254e-17
1.67947e+01	7.06444e-17
1.68124e+01	6.25020e-17
1.68300e+01	5.52826e-17
1.68476e+01	4.88836e-17
1.68653e+01	4.32135e-17
1.68829e+01	3.81907e-17
1.69006e+01	3.37427e-17
1.69182e+01	2.98047e-17
1.69359e+01	2.63190e-17
1.69535e+01	2.32347e-17
1.69711e+01	2.05064e-17
1.69888e+01	1.80936e-17
1.70064e+01	1.59606e-17
1.70241e+01	1.40756e-17
1.70417e+01	1.24101e-17
1.70593e+01	1.09392e-17
1.70770e+01	9.64036e-18
1.70946e+01	8.49391e-18
1.71123e+01	7.48220e-18
1.71299e+01	6.58965e-18
1.71476e+01	5.80242e-18
1.71652e+01	5.10824e-18
1.71828e+01	4.49631e-18
1.72005e+01	3.95704e-18
1.72181e+01	3.48195e-18
1.72358e+01	3.06355e-18
1.72534e+01	2.69520e-18
1.72710e+01	2.37104e-18
1.72887e+01	2.08590e-18
1.73063e+01	1.83521e-18
1.73240e+01	1.61491e-18
1.73416e+01	1.42145e-18
1.73593e+01	1.25170e-18
1.73769e+01	1.10289e-18
1.73945e+01	9.72611e-19
1.74122e+01	8.58723e-19
1.74298e+01	7.59354e-19
1.74475e+01	6.72862e-19
1.74651e+01	5.97812e-19
1.74827e+01	5.32958e-19
1.75004e+01	4.77219e-19
1.75180e+01	4.29663e-19
1.75357e+01	3.89491e-19
1.75533e+01	3.56024e-19
1.75709e+01	3.28698e-19
1.75886e+01	3.07046e-19
1.76062e+01	2.90685e-19
1.76239e+01	2.79442e-19
1.76415e+01	2.71853e-19
