# The ell = 1 distribution, the first anisotropy.
# E_N [Td]	9.00000e+00
# col_1: Electron Energy [eV], col_2: f1 [eV^(-3/2)]
eV	f1
1.82051e-02	3.91351e-05
3.64103e-02	7.63534e-05
5.46154e-02	1.06950e-04
7.28206e-02	1.33332e-04
9.10257e-02	1.57327e-04
1.09231e-01	1.80216e-04
1.27436e-01	2.02776e-04
1.45641e-01	2.25506e-04
1.63846e-01	2.48657e-04
1.82051e-01	2.72602e-04
2.00257e-01	2.97309e-04
2.18462e-01	3.23785e-04
2.36667e-01	3.51325e-04
2.54872e-01	3.82364e-04
2.73077e-01	4.17082e-04
2.91282e-01	4.55451e-04
3.09487e-01	4.98325e-04
3.27693e-01	5.44494e-04
3.45898e-01	5.99970e-04
3.64103e-01	6.63051e-04
3.82308e-01	7.38391e-04
4.00513e-01	8.32692e-04
4.18718e-01	9.42170e-04
4.36923e-01	1.06894e-03
4.55129e-01	1.21505e-03
4.73334e-01	1.37634e-03
4.91539e-01	1.56108e-03
5.09744e-01	1.76629e-03
5.27949e-01	1.98915e-03
5.46154e-01	2.25427e-03
5.64359e-01	2.55471e-03
5.82565e-01	2.88407e-03
6.00770e-01	3.25539e-03
6.18975e-01	3.66213e-03
6.37180e-01	4.09981e-03
6.55385e-01	4.61152e-03
6.73590e-01	5.18599e-03
6.91795e-01	5.81517e-03
7.10001e-01	6.53250e-03
7.28206e-01	7.33100e-03
7.46411e-01	8.19454e-03
7.64616e-01	9.10805e-03
7.82821e-01	1.00715e-02
8.01026e-01	1.10746e-02
8.19231e-01	1.21127e-02
8.37437e-01	1.31736e-02
8.55642e-01	1.42509e-02
8.73847e-01	1.53418e-02
8.92052e-01	1.65032e-02
9.10257e-01	1.77339e-02
9.28462e-01	1.90228e-02
9.46667e-01	2.03904e-02
9.64873e-01	2.18718e-02
9.83078e-01	2.34512e-02
1.00128e+00	2.51116e-02
1.01949e+00	2.68952e-02
1.03769e+00	2.87655e-02
1.05590e+00	3.07071e-02
1.07410e+00	3.27101e-02
1.09231e+00	3.47646e-02
1.11051e+00	3.68096e-02
1.12872e+00	3.88404e-02
1.14692e+00	4.08677e-02
1.16513e+00	4.28873e-02
1.18333e+00	4.48956e-02
1.20154e+00	4.68891e-02
1.21974e+00	4.88930e-02
1.23795e+00	5.09293e-02
1.25615e+00	5.29940e-02
1.27436e+00	5.50789e-02
1.29257e+00	5.71904e-02
1.31077e+00	5.94775e-02
1.32898e+00	6.18777e-02
1.34718e+00	6.43738e-02
1.36539e+00	6.69494e-02
1.38359e+00	6.94618e-02
1.40180e+00	7.18284e-02
1.42000e+00	7.40601e-02
1.43821e+00	7.61655e-02
1.45641e+00	7.81408e-02
1.47462e+00	7.99595e-02
1.49282e+00	8.17062e-02
1.51103e+00	8.33863e-02
1.52923e+00	8.49978e-02
1.54744e+00	8.65332e-02
1.56564e+00	8.82881e-02
1.58385e+00	9.02436e-02
1.60205e+00	9.23706e-02
1.62026e+00	9.46423e-02
1.63846e+00	9.70865e-02
1.65667e+00	9.95079e-02
1.67487e+00	1.01886e-01
1.69308e+00	1.04196e-01
1.71128e+00	1.06435e-01
1.72949e+00	1.08622e-01
1.74769e+00	1.10391e-01
1.76590e+00	1.11707e-01
1.78410e+00	1.12579e-01
1.80231e+00	1.13013e-01
1.82051e+00	1.12987e-01
1.83872e+00	1.12710e-01
1.85692e+00	1.12073e-01
1.87513e+00	1.11048e-01
1.89333e+00	1.09480e-01
1.91154e+00	1.07412e-01
1.92975e+00	1.04864e-01
1.94795e+00	1.01926e-01
1.96616e+00	9.87195e-02
1.98436e+00	9.53252e-02
2.00257e+00	9.17599e-02
2.02077e+00	8.80356e-02
2.03898e+00	8.44521e-02
2.05718e+00	8.10743e-02
2.07539e+00	7.78830e-02
2.09359e+00	7.48613e-02
2.11180e+00	7.19892e-02
2.13000e+00	6.90004e-02
2.14821e+00	6.59432e-02
2.16641e+00	6.29100e-02
2.18462e+00	5.99478e-02
2.20282e+00	5.70558e-02
2.22103e+00	5.42730e-02
2.23923e+00	5.16277e-02
2.25744e+00	4.91274e-02
2.27564e+00	4.67529e-02
2.29385e+00	4.45093e-02
2.31205e+00	4.23731e-02
2.33026e+00	4.03209e-02
2.34846e+00	3.83568e-02
2.36667e+00	3.64723e-02
2.38487e+00	3.46528e-02
2.40308e+00	3.29076e-02
2.42128e+00	3.13209e-02
2.43949e+00	2.97717e-02
2.45769e+00	2.82328e-02
2.47590e+00	2.66921e-02
2.49410e+00	2.52063e-02
2.51231e+00	2.38166e-02
2.53051e+00	2.24924e-02
2.54872e+00	2.12674e-02
2.56693e+00	2.01370e-02
2.58513e+00	1.90893e-02
2.60334e+00	1.81442e-02
2.62154e+00	1.72299e-02
2.63975e+00	1.63453e-02
2.65795e+00	1.54945e-02
2.67616e+00	1.46843e-02
2.69436e+00	1.39066e-02
2.71257e+00	1.31680e-02
2.73077e+00	1.24985e-02
2.74898e+00	1.19058e-02
2.76718e+00	1.13755e-02
2.78539e+00	1.08651e-02
2.80359e+00	1.03779e-02
2.82180e+00	9.91233e-03
2.84000e+00	9.44685e-03
2.85821e+00	8.98313e-03
2.87641e+00	8.51170e-03
2.89462e+00	8.04977e-03
2.91282e+00	7.62407e-03
2.93103e+00	7.23355e-03
2.94923e+00	6.87834e-03
2.96744e+00	6.55649e-03
2.98564e+00	6.27115e-03
3.00385e+00	6.01266e-03
3.02205e+00	5.76903e-03
3.04026e+00	5.53074e-03
3.05846e+00	5.29720e-03
3.07667e+00	5.06985e-03
3.09487e+00	4.84823e-03
3.11308e+00	4.63754e-03
3.13128e+00	4.43924e-03
3.14949e+00	4.25591e-03
3.16769e+00	4.08443e-03
3.18590e+00	3.91957e-03
3.20411e+00	3.76066e-03
3.22231e+00	3.60730e-03
3.24052e+00	3.45972e-03
3.25872e+00	3.31683e-03
3.27693e+00	3.17974e-03
3.29513e+00	3.05054e-03
3.31334e+00	2.92983e-03
3.33154e+00	2.81842e-03
3.34975e+00	2.71471e-03
3.36795e+00	2.61822e-03
3.38616e+00	2.52844e-03
3.40436e+00	2.44444e-03
3.42257e+00	2.36590e-03
3.44077e+00	2.29017e-03
3.45898e+00	2.21777e-03
3.47718e+00	2.14864e-03
3.49539e+00	2.08283e-03
3.51359e+00	2.02051e-03
3.53180e+00	1.96090e-03
3.55000e+00	1.90376e-03
3.56821e+00	1.84849e-03
3.58641e+00	1.79476e-03
3.60462e+00	1.74266e-03
3.62282e+00	1.69263e-03
3.64103e+00	1.64445e-03
3.65923e+00	1.59808e-03
3.67744e+00	1.55357e-03
3.69564e+00	1.51097e-03
3.71385e+00	1.47013e-03
3.73205e+00	1.43139e-03
3.75026e+00	1.39493e-03
3.76846e+00	1.36075e-03
3.78667e+00	1.32889e-03
3.80487e+00	1.29937e-03
3.82308e+00	1.27207e-03
3.84128e+00	1.24695e-03
3.85949e+00	1.22387e-03
3.87770e+00	1.20223e-03
3.89590e+00	1.18147e-03
3.91411e+00	1.16160e-03
3.93231e+00	1.14256e-03
3.95052e+00	1.12436e-03
3.96872e+00	1.10692e-03
3.98693e+00	1.09040e-03
4.00513e+00	1.07454e-03
4.02334e+00	1.05925e-03
4.04154e+00	1.04430e-03
4.05975e+00	1.02950e-03
4.07795e+00	1.01490e-03
4.09616e+00	1.00045e-03
4.11436e+00	9.86148e-04
4.13257e+00	9.72000e-04
4.15077e+00	9.57980e-04
4.16898e+00	9.44082e-04
4.18718e+00	9.30307e-04
4.20539e+00	9.16646e-04
4.22359e+00	9.03085e-04
4.24180e+00	8.89622e-04
4.26000e+00	8.76238e-04
4.27821e+00	8.62884e-04
4.29641e+00	8.49547e-04
4.31462e+00	8.36226e-04
4.33282e+00	8.22922e-04
4.35103e+00	8.09634e-04
4.36923e+00	7.96367e-04
4.38744e+00	7.83140e-04
4.40564e+00	7.69960e-04
4.42385e+00	7.56826e-04
4.44205e+00	7.43828e-04
4.46026e+00	7.30927e-04
4.47846e+00	7.18142e-04
4.49667e+00	7.05464e-04
4.51488e+00	6.92892e-04
4.53308e+00	6.80424e-04
4.55129e+00	6.68179e-04
4.56949e+00	6.56224e-04
4.58770e+00	6.44559e-04
4.60590e+00	6.33179e-04
4.62411e+00	6.22082e-04
4.64231e+00	6.11350e-04
4.66052e+00	6.01021e-04
4.67872e+00	5.91088e-04
4.69693e+00	5.81546e-04
4.71513e+00	5.72388e-04
4.73334e+00	5.63609e-04
4.75154e+00	5.55203e-04
4.76975e+00	5.47164e-04
4.78795e+00	5.39488e-04
4.80616e+00	5.32165e-04
4.82436e+00	5.25198e-04
4.84257e+00	5.18657e-04
4.86077e+00	5.12553e-04
4.87898e+00	5.06880e-04
4.89718e+00	5.01629e-04
4.91539e+00	4.96785e-04
4.93359e+00	4.92278e-04
4.95180e+00	4.88032e-04
4.97000e+00	4.84020e-04
4.98821e+00	4.80236e-04
5.00641e+00	4.76658e-04
5.02462e+00	4.73277e-04
5.04282e+00	4.70080e-04
5.06103e+00	4.67024e-04
5.07923e+00	4.64115e-04
5.09744e+00	4.61349e-04
5.11564e+00	4.58711e-04
5.13385e+00	4.56110e-04
5.15206e+00	4.53527e-04
5.17026e+00	4.50962e-04
5.18847e+00	4.48414e-04
5.20667e+00	4.45883e-04
5.22488e+00	4.43370e-04
5.24308e+00	4.40873e-04
5.26129e+00	4.38393e-04
5.27949e+00	4.35929e-04
5.29770e+00	4.33483e-04
5.31590e+00	4.31052e-04
5.33411e+00	4.28638e-04
5.35231e+00	4.26241e-04
5.37052e+00	4.23860e-04
5.38872e+00	4.21495e-04
5.40693e+00	4.19146e-04
5.42513e+00	4.16812e-04
5.44334e+00	4.14495e-04
5.46154e+00	4.12193e-04
5.47975e+00	4.09907e-04
5.49795e+00	4.07636e-04
5.51616e+00	4.05380e-04
5.53436e+00	4.03140e-04
5.55257e+00	4.00914e-04
5.57077e+00	3.98704e-04
5.58898e+00	3.96509e-04
5.60718e+00	3.94329e-04
5.62539e+00	3.92164e-04
5.64359e+00	3.90013e-04
5.66180e+00	3.87877e-04
5.68000e+00	3.85755e-04
5.69821e+00	3.83647e-04
5.71641e+00	3.81554e-04
5.73462e+00	3.79476e-04
5.75282e+00	3.77412e-04
5.77103e+00	3.75363e-04
5.78924e+00	3.73327e-04
5.80744e+00	3.71307e-04
5.82565e+00	3.69301e-04
5.84385e+00	3.67309e-04
5.86206e+00	3.65330e-04
5.88026e+00	3.63365e-04
5.89847e+00	3.61415e-04
5.91667e+00	3.59478e-04
5.93488e+00	3.57551e-04
5.95308e+00	3.55640e-04
5.97129e+00	3.53742e-04
5.98949e+00	3.51858e-04
6.00770e+00	3.49985e-04
6.02590e+00	3.48139e-04
6.04411e+00	3.46285e-04
6.06231e+00	3.44448e-04
6.08052e+00	3.42626e-04
6.09872e+00	3.40817e-04
6.11693e+00	3.39021e-04
6.13513e+00	3.37238e-04
6.15334e+00	3.35468e-04
6.17154e+00	3.33711e-04
6.18975e+00	3.31966e-04
6.20795e+00	3.30234e-04
6.22616e+00	3.28515e-04
6.24436e+00	3.26809e-04
6.26257e+00	3.25115e-04
6.28077e+00	3.23433e-04
6.29898e+00	3.21763e-04
6.31718e+00	3.20105e-04
6.33539e+00	3.18459e-04
6.35359e+00	3.16825e-04
6.37180e+00	3.15203e-04
6.39000e+00	3.13592e-04
6.40821e+00	3.11993e-04
6.42642e+00	3.10405e-04
6.44462e+00	3.08829e-04
6.46283e+00	3.07264e-04
6.48103e+00	3.05711e-04
6.49924e+00	3.04170e-04
6.51744e+00	3.02640e-04
6.53565e+00	3.01120e-04
6.55385e+00	2.99613e-04
6.57206e+00	2.98117e-04
6.59026e+00	2.96631e-04
6.60847e+00	2.95156e-04
6.62667e+00	2.93692e-04
6.64488e+00	2.92239e-04
6.66308e+00	2.90795e-04
6.68129e+00	2.89362e-04
6.69949e+00	2.87940e-04
6.71770e+00	2.86529e-04
6.73590e+00	2.85128e-04
6.75411e+00	2.83732e-04
6.77231e+00	2.82341e-04
6.79052e+00	2.80955e-04
6.80872e+00	2.79575e-04
6.82693e+00	2.78199e-04
6.84513e+00	2.76829e-04
6.86334e+00	2.75464e-04
6.88154e+00	2.74105e-04
6.89975e+00	2.72750e-04
6.91795e+00	2.71396e-04
6.93616e+00	2.70073e-04
6.95436e+00	2.68704e-04
6.97257e+00	2.67363e-04
6.99077e+00	2.66026e-04
7.00898e+00	2.64696e-04
7.02718e+00	2.63374e-04
7.04539e+00	2.62056e-04
7.06360e+00	2.60757e-04
7.08180e+00	2.59455e-04
7.10001e+00	2.58149e-04
7.11821e+00	2.56858e-04
7.13642e+00	2.55574e-04
7.15462e+00	2.54298e-04
7.17283e+00	2.53029e-04
7.19103e+00	2.51768e-04
7.20924e+00	2.50515e-04
7.22744e+00	2.49268e-04
7.24565e+00	2.48033e-04
7.26385e+00	2.46808e-04
7.28206e+00	2.45594e-04
7.30026e+00	2.44390e-04
7.31847e+00	2.43196e-04
7.33667e+00	2.42011e-04
7.35488e+00	2.40837e-04
7.37308e+00	2.39669e-04
7.39129e+00	2.38496e-04
7.40949e+00	2.37317e-04
7.42770e+00	2.36134e-04
7.44590e+00	2.34946e-04
7.46411e+00	2.33753e-04
7.48231e+00	2.32557e-04
7.50052e+00	2.31358e-04
7.51872e+00	2.30156e-04
7.53693e+00	2.28950e-04
7.55513e+00	2.27741e-04
7.57334e+00	2.26526e-04
7.59154e+00	2.25308e-04
7.60975e+00	2.24085e-04
7.62795e+00	2.22859e-04
7.64616e+00	2.21628e-04
7.66436e+00	2.20393e-04
7.68257e+00	2.19155e-04
7.70078e+00	2.17914e-04
7.71898e+00	2.16670e-04
7.73719e+00	2.15424e-04
7.75539e+00	2.14174e-04
7.77360e+00	2.12906e-04
7.79180e+00	2.11619e-04
7.81001e+00	2.10308e-04
7.82821e+00	2.08972e-04
7.84642e+00	2.07607e-04
7.86462e+00	2.06214e-04
7.88283e+00	2.04794e-04
7.90103e+00	2.03347e-04
7.91924e+00	2.01874e-04
7.93744e+00	2.00377e-04
7.95565e+00	1.98858e-04
7.97385e+00	1.97316e-04
7.99206e+00	1.95752e-04
8.01026e+00	1.94165e-04
8.02847e+00	1.92557e-04
8.04667e+00	1.90924e-04
8.06488e+00	1.89268e-04
8.08308e+00	1.87589e-04
8.10129e+00	1.85889e-04
8.11949e+00	1.84170e-04
8.13770e+00	1.82433e-04
8.15590e+00	1.80679e-04
8.17411e+00	1.78909e-04
8.19231e+00	1.77125e-04
8.21052e+00	1.75328e-04
8.22872e+00	1.73517e-04
8.24693e+00	1.71683e-04
8.26513e+00	1.69828e-04
8.28334e+00	1.67953e-04
8.30154e+00	1.66059e-04
8.31975e+00	1.64142e-04
8.33796e+00	1.62205e-04
8.35616e+00	1.60246e-04
8.37437e+00	1.58267e-04
8.39257e+00	1.56271e-04
8.41078e+00	1.54258e-04
8.42898e+00	1.52231e-04
8.44719e+00	1.50191e-04
8.46539e+00	1.48135e-04
8.48360e+00	1.46048e-04
8.50180e+00	1.43934e-04
8.52001e+00	1.41808e-04
8.53821e+00	1.39671e-04
8.55642e+00	1.37530e-04
8.57462e+00	1.35390e-04
8.59283e+00	1.33253e-04
8.61103e+00	1.31118e-04
8.62924e+00	1.28988e-04
8.64744e+00	1.26863e-04
8.66565e+00	1.24745e-04
8.68385e+00	1.22635e-04
8.70206e+00	1.20533e-04
8.72026e+00	1.18440e-04
8.73847e+00	1.16358e-04
8.75667e+00	1.14287e-04
8.77488e+00	1.12226e-04
8.79308e+00	1.10178e-04
8.81129e+00	1.08143e-04
8.82949e+00	1.06120e-04
8.84770e+00	1.04112e-04
8.86590e+00	1.02119e-04
8.88411e+00	1.00141e-04
8.90231e+00	9.81789e-05
8.92052e+00	9.62335e-05
8.93872e+00	9.43060e-05
8.95693e+00	9.23919e-05
8.97514e+00	9.04975e-05
8.99334e+00	8.86230e-05
9.01155e+00	8.67720e-05
9.02975e+00	8.49460e-05
9.04796e+00	8.31488e-05
9.06616e+00	8.13815e-05
9.08437e+00	7.96437e-05
9.10257e+00	7.79351e-05
9.12078e+00	7.62555e-05
9.13898e+00	7.46047e-05
9.15719e+00	7.29823e-05
9.17539e+00	7.13882e-05
9.19360e+00	6.98220e-05
9.21180e+00	6.82834e-05
9.23001e+00	6.67721e-05
9.24821e+00	6.52878e-05
9.26642e+00	6.38302e-05
9.28462e+00	6.23993e-05
9.30283e+00	6.09937e-05
9.32103e+00	5.96143e-05
9.33924e+00	5.82604e-05
9.35744e+00	5.69317e-05
9.37565e+00	5.56279e-05
9.39385e+00	5.43486e-05
9.41206e+00	5.30937e-05
9.43026e+00	5.18627e-05
9.44847e+00	5.06555e-05
9.46667e+00	4.94715e-05
9.48488e+00	4.83107e-05
9.50308e+00	4.71727e-05
9.52129e+00	4.60572e-05
9.53949e+00	4.49639e-05
9.55770e+00	4.38925e-05
9.57590e+00	4.28424e-05
9.59411e+00	4.18128e-05
9.61232e+00	4.08034e-05
9.63052e+00	3.98140e-05
9.64873e+00	3.88449e-05
9.66693e+00	3.78936e-05
9.68514e+00	3.69619e-05
9.70334e+00	3.60485e-05
9.72155e+00	3.51531e-05
9.73975e+00	3.42756e-05
9.75796e+00	3.34157e-05
9.77616e+00	3.25732e-05
9.79437e+00	3.17478e-05
9.81257e+00	3.09393e-05
9.83078e+00	3.01474e-05
9.84898e+00	2.93718e-05
9.86719e+00	2.86125e-05
9.88539e+00	2.78692e-05
9.90360e+00	2.71415e-05
9.92180e+00	2.64294e-05
9.94001e+00	2.57325e-05
9.95821e+00	2.50507e-05
9.97642e+00	2.43837e-05
9.99462e+00	2.37301e-05
1.00128e+01	2.30982e-05
1.00310e+01	2.24741e-05
1.00492e+01	2.18648e-05
1.00674e+01	2.12729e-05
1.00856e+01	2.06961e-05
1.01039e+01	2.01343e-05
1.01221e+01	1.95873e-05
1.01403e+01	1.90546e-05
1.01585e+01	1.85358e-05
1.01767e+01	1.80307e-05
1.01949e+01	1.75388e-05
1.02131e+01	1.70598e-05
1.02313e+01	1.65933e-05
1.02495e+01	1.61391e-05
1.02677e+01	1.56968e-05
1.02859e+01	1.52661e-05
1.03041e+01	1.48468e-05
1.03223e+01	1.44386e-05
1.03405e+01	1.40412e-05
1.03587e+01	1.36543e-05
1.03769e+01	1.32777e-05
1.03951e+01	1.29111e-05
1.04133e+01	1.25544e-05
1.04315e+01	1.22071e-05
1.04498e+01	1.18692e-05
1.04680e+01	1.15403e-05
1.04862e+01	1.12203e-05
1.05044e+01	1.09089e-05
1.05226e+01	1.06060e-05
1.05408e+01	1.03112e-05
1.05590e+01	1.00243e-05
1.05772e+01	9.74478e-06
1.05954e+01	9.47421e-06
1.06136e+01	9.20985e-06
1.06318e+01	8.95075e-06
1.06500e+01	8.69993e-06
1.06682e+01	8.45589e-06
1.06864e+01	8.21862e-06
1.07046e+01	7.98792e-06
1.07228e+01	7.76362e-06
1.07410e+01	7.54555e-06
1.07592e+01	7.33355e-06
1.07774e+01	7.12746e-06
1.07956e+01	6.92713e-06
1.08139e+01	6.73241e-06
1.08321e+01	6.54315e-06
1.08503e+01	6.35921e-06
1.08685e+01	6.18045e-06
1.08867e+01	6.00673e-06
1.09049e+01	5.83793e-06
1.09231e+01	5.67392e-06
1.09413e+01	5.51457e-06
1.09595e+01	5.35978e-06
1.09777e+01	5.20943e-06
1.09959e+01	5.06338e-06
1.10141e+01	4.92152e-06
1.10323e+01	4.78376e-06
1.10505e+01	4.64999e-06
1.10687e+01	4.52012e-06
1.10869e+01	4.39406e-06
1.11051e+01	4.27170e-06
1.11233e+01	4.15294e-06
1.11415e+01	4.03768e-06
1.11598e+01	3.92584e-06
1.11780e+01	3.81732e-06
1.11962e+01	3.71204e-06
1.12144e+01	3.60978e-06
1.12326e+01	3.51045e-06
1.12508e+01	3.41399e-06
1.12690e+01	3.32033e-06
1.12872e+01	3.22940e-06
1.13054e+01	3.14114e-06
1.13236e+01	3.05547e-06
1.13418e+01	2.97234e-06
1.13600e+01	2.89168e-06
1.13782e+01	2.81344e-06
1.13964e+01	2.73756e-06
1.14146e+01	2.66397e-06
1.14328e+01	2.59264e-06
1.14510e+01	2.52348e-06
1.14692e+01	2.45647e-06
1.14874e+01	2.39155e-06
1.15056e+01	2.32866e-06
1.15239e+01	2.26776e-06
1.15421e+01	2.20879e-06
1.15603e+01	2.15126e-06
1.15785e+01	2.09314e-06
1.15967e+01	2.03466e-06
1.16149e+01	1.97576e-06
1.16331e+01	1.91646e-06
1.16513e+01	1.85295e-06
1.16695e+01	1.78680e-06
1.16877e+01	1.72280e-06
1.17059e+01	1.66212e-06
1.17241e+01	1.60512e-06
1.17423e+01	1.55112e-06
1.17605e+01	1.49862e-06
1.17787e+01	1.44670e-06
1.17969e+01	1.39600e-06
1.18151e+01	1.34667e-06
1.18333e+01	1.29753e-06
1.18515e+01	1.24158e-06
1.18698e+01	1.18748e-06
1.18880e+01	1.13864e-06
1.19062e+01	1.09198e-06
1.19244e+01	1.04692e-06
1.19426e+01	1.00452e-06
1.19608e+01	9.64358e-07
1.19790e+01	9.26100e-07
1.19972e+01	8.89563e-07
1.20154e+01	8.54524e-07
1.20336e+01	8.20855e-07
1.20518e+01	7.88446e-07
1.20700e+01	7.57251e-07
1.20882e+01	7.27228e-07
1.21064e+01	6.98311e-07
1.21246e+01	6.70421e-07
1.21428e+01	6.43480e-07
1.21610e+01	6.17467e-07
1.21792e+01	5.92361e-07
1.21974e+01	5.68143e-07
1.22157e+01	5.44715e-07
1.22339e+01	5.22028e-07
1.22521e+01	5.00050e-07
1.22703e+01	4.78768e-07
1.22885e+01	4.58180e-07
1.23067e+01	4.38274e-07
1.23249e+01	4.19092e-07
1.23431e+01	4.00631e-07
1.23613e+01	3.82872e-07
1.23795e+01	3.65793e-07
1.23977e+01	3.49378e-07
1.24159e+01	3.33576e-07
1.24341e+01	3.18363e-07
1.24523e+01	3.03716e-07
1.24705e+01	2.89618e-07
1.24887e+01	2.76056e-07
1.25069e+01	2.63015e-07
1.25251e+01	2.50470e-07
1.25433e+01	2.38407e-07
1.25615e+01	2.26840e-07
1.25798e+01	2.15679e-07
1.25980e+01	2.04991e-07
1.26162e+01	1.94750e-07
1.26344e+01	1.84953e-07
1.26526e+01	1.75590e-07
1.26708e+01	1.66644e-07
1.26890e+01	1.58099e-07
1.27072e+01	1.49951e-07
1.27254e+01	1.42192e-07
1.27436e+01	1.34809e-07
1.27618e+01	1.27789e-07
1.27800e+01	1.21115e-07
1.27982e+01	1.14770e-07
1.28164e+01	1.08755e-07
1.28346e+01	1.03069e-07
1.28528e+01	9.77108e-08
1.28710e+01	9.26901e-08
1.28892e+01	8.79864e-08
1.29074e+01	8.35326e-08
1.29257e+01	7.92182e-08
1.29439e+01	7.51654e-08
1.29621e+01	7.14286e-08
1.29803e+01	6.79040e-08
1.29985e+01	6.45148e-08
1.30167e+01	6.11026e-08
1.30349e+01	5.74598e-08
1.30531e+01	5.36982e-08
1.30713e+01	5.02995e-08
1.30895e+01	4.73194e-08
1.31077e+01	4.47007e-08
1.31259e+01	4.23806e-08
1.31441e+01	4.02651e-08
1.31623e+01	3.82193e-08
1.31805e+01	3.62088e-08
1.31987e+01	3.42271e-08
1.32169e+01	3.23309e-08
1.32351e+01	3.06300e-08
1.32533e+01	2.90501e-08
1.32715e+01	2.75815e-08
1.32898e+01	2.62124e-08
1.33080e+01	2.49328e-08
1.33262e+01	2.37308e-08
1.33444e+01	2.25956e-08
1.33626e+01	2.15200e-08
1.33808e+01	2.04935e-08
1.33990e+01	1.95085e-08
1.34172e+01	1.85635e-08
1.34354e+01	1.76522e-08
1.34536e+01	1.67713e-08
1.34718e+01	1.59154e-08
1.34900e+01	1.50981e-08
1.35082e+01	1.43246e-08
1.35264e+01	1.35890e-08
1.35446e+01	1.28868e-08
1.35628e+01	1.22166e-08
1.35810e+01	1.15774e-08
1.35992e+01	1.09679e-08
1.36174e+01	1.03872e-08
1.36357e+01	9.83451e-09
1.36539e+01	9.30849e-09
1.36721e+01	8.80813e-09
1.36903e+01	8.33234e-09
1.37085e+01	7.88005e-09
1.37267e+01	7.45031e-09
1.37449e+01	7.04212e-09
1.37631e+01	6.65453e-09
1.37813e+01	6.28667e-09
1.37995e+01	5.93763e-09
1.38177e+01	5.60643e-09
1.38359e+01	5.29222e-09
1.38541e+01	4.99428e-09
1.38723e+01	4.71169e-09
1.38905e+01	4.44322e-09
1.39087e+01	4.18831e-09
1.39269e+01	3.94618e-09
1.39451e+01	3.71630e-09
1.39633e+01	3.49818e-09
1.39815e+01	3.29148e-09
1.39998e+01	3.09548e-09
1.40180e+01	2.90965e-09
1.40362e+01	2.73378e-09
1.40544e+01	2.56740e-09
1.40726e+01	2.41016e-09
1.40908e+01	2.26152e-09
1.41090e+01	2.12108e-09
1.41272e+01	1.98848e-09
1.41454e+01	1.86335e-09
1.41636e+01	1.74534e-09
1.41818e+01	1.63412e-09
1.42000e+01	1.52933e-09
1.42182e+01	1.43066e-09
1.42364e+01	1.33775e-09
1.42546e+01	1.25026e-09
1.42728e+01	1.16791e-09
1.42910e+01	1.09044e-09
1.43092e+01	1.01761e-09
1.43274e+01	9.49180e-10
1.43457e+01	8.84928e-10
1.43639e+01	8.24633e-10
1.43821e+01	7.68082e-10
1.44003e+01	7.15074e-10
1.44185e+01	6.65412e-10
1.44367e+01	6.18913e-10
1.44549e+01	5.75396e-10
1.44731e+01	5.34698e-10
1.44913e+01	4.96658e-10
1.45095e+01	4.61120e-10
1.45277e+01	4.27936e-10
1.45459e+01	3.96969e-10
1.45641e+01	3.68085e-10
1.45823e+01	3.41158e-10
1.46005e+01	3.16068e-10
1.46187e+01	2.92701e-10
1.46369e+01	2.70949e-10
1.46551e+01	2.50710e-10
1.46733e+01	2.31888e-10
1.46915e+01	2.14392e-10
1.47098e+01	1.98136e-10
1.47280e+01	1.83039e-10
1.47462e+01	1.69026e-10
1.47644e+01	1.56023e-10
1.47826e+01	1.43964e-10
1.48008e+01	1.32784e-10
1.48190e+01	1.22423e-10
1.48372e+01	1.12827e-10
1.48554e+01	1.03941e-10
1.48736e+01	9.57178e-11
1.48918e+01	8.81100e-11
1.49100e+01	8.10747e-11
1.49282e+01	7.45713e-11
1.49464e+01	6.85619e-11
1.49646e+01	6.30110e-11
1.49828e+01	5.78865e-11
1.50010e+01	5.31588e-11
1.50192e+01	4.88009e-11
1.50374e+01	4.47880e-11
1.50557e+01	4.10944e-11
1.50739e+01	3.76961e-11
1.50921e+01	3.45705e-11
1.51103e+01	3.16964e-11
1.51285e+01	2.90543e-11
1.51467e+01	2.66261e-11
1.51649e+01	2.43950e-11
1.51831e+01	2.23456e-11
1.52013e+01	2.04635e-11
1.52195e+01	1.87355e-11
1.52377e+01	1.71495e-11
1.52559e+01	1.56942e-11
1.52741e+01	1.43590e-11
1.52923e+01	1.31344e-11
1.53105e+01	1.20115e-11
1.53287e+01	1.09821e-11
1.53469e+01	1.00387e-11
1.53651e+01	9.17424e-12
1.53833e+01	8.38236e-12
1.54016e+01	7.65713e-12
1.54198e+01	6.99311e-12
1.54380e+01	6.38529e-12
1.54562e+01	5.82905e-12
1.54744e+01	5.32012e-12
1.54926e+01	4.85461e-12
1.55108e+01	4.42891e-12
1.55290e+01	4.03971e-12
1.55472e+01	3.68396e-12
1.55654e+01	3.35888e-12
1.55836e+01	3.06190e-12
1.56018e+01	2.79063e-12
1.56200e+01	2.54291e-12
1.56382e+01	2.31676e-12
1.56564e+01	2.11036e-12
1.56746e+01	1.92202e-12
1.56928e+01	1.75022e-12
1.57110e+01	1.59356e-12
1.57292e+01	1.45073e-12
1.57474e+01	1.32057e-12
1.57657e+01	1.20198e-12
1.57839e+01	1.09364e-12
1.58021e+01	9.94651e-13
1.58203e+01	9.04242e-13
1.58385e+01	8.21704e-13
1.58567e+01	7.46392e-13
1.58749e+01	6.77702e-13
1.58931e+01	6.15076e-13
1.59113e+01	5.58008e-13
1.59295e+01	5.06027e-13
1.59477e+01	4.58694e-13
1.59659e+01	4.15614e-13
1.59841e+01	3.76425e-13
1.60023e+01	3.40797e-13
1.60205e+01	3.08431e-13
1.60387e+01	2.79047e-13
1.60569e+01	2.52381e-13
1.60751e+01	2.28194e-13
1.60933e+01	2.06262e-13
1.61116e+01	1.86382e-13
1.61298e+01	1.68367e-13
1.61480e+01	1.52048e-13
1.61662e+01	1.37270e-13
1.61844e+01	1.23891e-13
1.62026e+01	1.11784e-13
1.62208e+01	1.00830e-13
1.62390e+01	9.09239e-14
1.62572e+01	8.19666e-14
1.62754e+01	7.38706e-14
1.62936e+01	6.65555e-14
1.63118e+01	5.99481e-14
1.63300e+01	5.39808e-14
1.63482e+01	4.85940e-14
1.63664e+01	4.37327e-14
1.63846e+01	3.93466e-14
1.64028e+01	3.53907e-14
1.64210e+01	3.18240e-14
1.64392e+01	2.86088e-14
1.64574e+01	2.57115e-14
1.64757e+01	2.31017e-14
1.64939e+01	2.07512e-14
1.65121e+01	1.86349e-14
1.65303e+01	1.67297e-14
1.65485e+01	1.50151e-14
1.65667e+01	1.34723e-14
1.65849e+01	1.20847e-14
1.66031e+01	1.08371e-14
1.66213e+01	9.71555e-15
1.66395e+01	8.70769e-15
1.66577e+01	7.80221e-15
1.66759e+01	6.98897e-15
1.66941e+01	6.25878e-15
1.67123e+01	5.60339e-15
1.67305e+01	5.01529e-15
1.67487e+01	4.48770e-15
1.67669e+01	4.01454e-15
1.67851e+01	3.59032e-15
1.68033e+01	3.21007e-15
1.68216e+01	2.86934e-15
1.68398e+01	2.56409e-15
1.68580e+01	2.29072e-15
1.68762e+01	2.04595e-15
1.68944e+01	1.82688e-15
1.69126e+01	1.63084e-15
1.69308e+01	1.45545e-15
1.69490e+01	1.29859e-15
1.69672e+01	1.15833e-15
1.69854e+01	1.03296e-15
1.70036e+01	9.20927e-16
1.70218e+01	8.20846e-16
1.70400e+01	7.31466e-16
1.70582e+01	6.51666e-16
1.70764e+01	5.80440e-16
1.70946e+01	5.16885e-16
1.71128e+01	4.60187e-16
1.71310e+01	4.09620e-16
1.71492e+01	3.64530e-16
1.71674e+01	3.24331e-16
1.71857e+01	2.88503e-16
1.72039e+01	2.56576e-16
1.72221e+01	2.28134e-16
1.72403e+01	2.02802e-16
1.72585e+01	1.80244e-16
1.72767e+01	1.60163e-16
1.72949e+01	1.42289e-16
1.73131e+01	1.26384e-16
1.73313e+01	1.12233e-16
1.73495e+01	9.96456e-17
1.73677e+01	8.84520e-17
1.73859e+01	7.84999e-17
1.74041e+01	6.96534e-17
1.74223e+01	6.17915e-17
1.74405e+01	5.48061e-17
1.74587e+01	4.86006e-17
1.74769e+01	4.30891e-17
1.74951e+01	3.81950e-17
1.75133e+01	3.38501e-17
1.75316e+01	2.99936e-17
1.75498e+01	2.65712e-17
1.75680e+01	2.35347e-17
1.75862e+01	2.08410e-17
1.76044e+01	1.84521e-17
1.76226e+01	1.63338e-17
1.76408e+01	1.44561e-17
1.76590e+01	1.27919e-17
1.76772e+01	1.13173e-17
1.76954e+01	1.00111e-17
1.77136e+01	8.85427e-18
1.77318e+01	7.83005e-18
1.77500e+01	6.92347e-18
1.77682e+01	6.12127e-18
1.77864e+01	5.41163e-18
1.78046e+01	4.78409e-18
1.78228e+01	4.22931e-18
1.78410e+01	3.73914e-18
1.78592e+01	3.30624e-18
1.78774e+01	2.92414e-18
1.78957e+01	2.58713e-18
1.79139e+01	2.29011e-18
1.79321e+01	2.02861e-18
1.79503e+01	1.79869e-18
1.79685e+01	1.59688e-18
1.79867e+01	1.42010e-18
1.80049e+01	1.26566e-18
1.80231e+01	1.13119e-18
1.80413e+01	1.01461e-18
1.80595e+01	9.14126e-19
1.80777e+01	8.28171e-19
1.80959e+01	7.55400e-19
1.81141e+01	6.94672e-19
1.81323e+01	6.45029e-19
1.81505e+01	6.05674e-19
1.81687e+01	5.75947e-19
1.81869e+01	5.55519e-19
1.82051e+01	5.41970e-19
