# The ell = 0 distribution, the isotropy.
# E_N [Td]	3.00000e+00
# col_1: Electron Energy [eV], col_2: f0 [eV^(-3/2)]
eV	f0
5.33567e-03	6.75580e-01
1.60070e-02	6.75595e-01
2.66783e-02	6.75604e-01
3.73497e-02	6.75612e-01
4.80210e-02	6.75617e-01
5.86923e-02	6.75623e-01
6.93637e-02	6.75629e-01
8.00350e-02	6.75636e-01
9.07063e-02	6.75644e-01
1.01378e-01	6.75652e-01
1.12049e-01	6.75660e-01
1.22720e-01	6.75669e-01
1.33392e-01	6.75678e-01
1.44063e-01	6.75688e-01
1.54734e-01	6.75697e-01
1.65406e-01	6.75706e-01
1.76077e-01	6.75715e-01
1.86748e-01	6.75724e-01
1.97420e-01	6.75733e-01
2.08091e-01	6.75742e-01
2.18762e-01	6.75750e-01
2.29434e-01	6.75757e-01
2.40105e-01	6.75765e-01
2.50776e-01	6.75771e-01
2.61448e-01	6.75778e-01
2.72119e-01	6.75783e-01
2.82790e-01	6.75788e-01
2.93462e-01	6.75793e-01
3.04133e-01	6.75797e-01
3.14804e-01	6.75801e-01
3.25476e-01	6.75804e-01
3.36147e-01	6.75807e-01
3.46818e-01	6.75810e-01
3.57490e-01	6.75813e-01
3.68161e-01	6.75817e-01
3.78832e-01	6.75820e-01
3.89504e-01	6.75823e-01
4.00175e-01	6.75826e-01
4.10846e-01	6.75830e-01
4.21518e-01	6.75833e-01
4.32189e-01	6.75837e-01
4.42860e-01	6.75840e-01
4.53532e-01	6.75844e-01
4.64203e-01	6.75848e-01
4.74874e-01	6.75852e-01
4.85546e-01	6.75855e-01
4.96217e-01	6.75859e-01
5.06888e-01	6.75863e-01
5.17560e-01	6.75866e-01
5.28231e-01	6.75869e-01
5.38902e-01	6.75872e-01
5.49574e-01	6.75874e-01
5.60245e-01	6.75875e-01
5.70916e-01	6.75875e-01
5.81588e-01	6.75874e-01
5.92259e-01	6.75872e-01
6.02930e-01	6.75868e-01
6.13602e-01	6.75862e-01
6.24273e-01	6.75854e-01
6.34944e-01	6.75844e-01
6.45616e-01	6.75832e-01
6.56287e-01	6.75818e-01
6.66958e-01	6.75800e-01
6.77630e-01	6.75779e-01
6.88301e-01	6.75755e-01
6.98972e-01	6.75727e-01
7.09644e-01	6.75692e-01
7.20315e-01	6.75647e-01
7.30986e-01	6.75593e-01
7.41658e-01	6.75527e-01
7.52329e-01	6.75450e-01
7.63000e-01	6.75358e-01
7.73672e-01	6.75247e-01
7.84343e-01	6.75115e-01
7.95014e-01	6.74960e-01
8.05686e-01	6.74782e-01
8.16357e-01	6.74580e-01
8.27028e-01	6.74352e-01
8.37700e-01	6.74100e-01
8.48371e-01	6.73822e-01
8.59042e-01	6.73521e-01
8.69714e-01	6.73197e-01
8.80385e-01	6.72850e-01
8.91056e-01	6.72475e-01
9.01728e-01	6.72071e-01
9.12399e-01	6.71637e-01
9.23070e-01	6.71171e-01
9.33742e-01	6.70676e-01
9.44413e-01	6.70148e-01
9.55084e-01	6.69581e-01
9.65756e-01	6.68971e-01
9.76427e-01	6.68313e-01
9.87098e-01	6.67607e-01
9.97770e-01	6.66852e-01
1.00844e+00	6.66052e-01
1.01911e+00	6.65195e-01
1.02978e+00	6.64272e-01
1.04045e+00	6.63277e-01
1.05113e+00	6.62205e-01
1.06180e+00	6.61056e-01
1.07247e+00	6.59829e-01
1.08314e+00	6.58521e-01
1.09381e+00	6.57123e-01
1.10448e+00	6.55632e-01
1.11515e+00	6.54044e-01
1.12583e+00	6.52359e-01
1.13650e+00	6.50577e-01
1.14717e+00	6.48700e-01
1.15784e+00	6.46724e-01
1.16851e+00	6.44647e-01
1.17918e+00	6.42469e-01
1.18985e+00	6.40190e-01
1.20052e+00	6.37812e-01
1.21120e+00	6.35338e-01
1.22187e+00	6.32771e-01
1.23254e+00	6.30100e-01
1.24321e+00	6.27317e-01
1.25388e+00	6.24419e-01
1.26455e+00	6.21403e-01
1.27522e+00	6.18272e-01
1.28590e+00	6.15027e-01
1.29657e+00	6.11676e-01
1.30724e+00	6.08196e-01
1.31791e+00	6.04562e-01
1.32858e+00	6.00755e-01
1.33925e+00	5.96761e-01
1.34992e+00	5.92567e-01
1.36059e+00	5.88168e-01
1.37127e+00	5.83557e-01
1.38194e+00	5.78736e-01
1.39261e+00	5.73720e-01
1.40328e+00	5.68522e-01
1.41395e+00	5.63151e-01
1.42462e+00	5.57619e-01
1.43529e+00	5.51933e-01
1.44597e+00	5.46104e-01
1.45664e+00	5.40140e-01
1.46731e+00	5.34056e-01
1.47798e+00	5.27845e-01
1.48865e+00	5.21507e-01
1.49932e+00	5.15038e-01
1.50999e+00	5.08437e-01
1.52066e+00	5.01706e-01
1.53134e+00	4.94851e-01
1.54201e+00	4.87880e-01
1.55268e+00	4.80794e-01
1.56335e+00	4.73540e-01
1.57402e+00	4.66078e-01
1.58469e+00	4.58380e-01
1.59536e+00	4.50421e-01
1.60604e+00	4.42185e-01
1.61671e+00	4.33659e-01
1.62738e+00	4.24834e-01
1.63805e+00	4.15697e-01
1.64872e+00	4.06251e-01
1.65939e+00	3.96515e-01
1.67006e+00	3.86507e-01
1.68073e+00	3.76249e-01
1.69141e+00	3.65763e-01
1.70208e+00	3.55066e-01
1.71275e+00	3.44169e-01
1.72342e+00	3.33078e-01
1.73409e+00	3.21794e-01
1.74476e+00	3.10359e-01
1.75543e+00	2.98803e-01
1.76611e+00	2.87173e-01
1.77678e+00	2.75511e-01
1.78745e+00	2.63850e-01
1.79812e+00	2.52213e-01
1.80879e+00	2.40634e-01
1.81946e+00	2.29146e-01
1.83013e+00	2.17771e-01
1.84080e+00	2.06483e-01
1.85148e+00	1.95316e-01
1.86215e+00	1.84307e-01
1.87282e+00	1.73485e-01
1.88349e+00	1.62894e-01
1.89416e+00	1.52600e-01
1.90483e+00	1.42654e-01
1.91550e+00	1.33096e-01
1.92618e+00	1.23981e-01
1.93685e+00	1.15356e-01
1.94752e+00	1.07227e-01
1.95819e+00	9.96024e-02
1.96886e+00	9.24635e-02
1.97953e+00	8.57909e-02
1.99020e+00	7.95681e-02
2.00087e+00	7.37824e-02
2.01155e+00	6.84242e-02
2.02222e+00	6.35025e-02
2.03289e+00	5.89698e-02
2.04356e+00	5.47906e-02
2.05423e+00	5.09235e-02
2.06490e+00	4.73335e-02
2.07557e+00	4.39901e-02
2.08625e+00	4.08693e-02
2.09692e+00	3.79469e-02
2.10759e+00	3.52007e-02
2.11826e+00	3.26023e-02
2.12893e+00	3.01559e-02
2.13960e+00	2.78609e-02
2.15027e+00	2.57163e-02
2.16094e+00	2.37218e-02
2.17162e+00	2.18688e-02
2.18229e+00	2.01492e-02
2.19296e+00	1.85554e-02
2.20363e+00	1.70807e-02
2.21430e+00	1.57187e-02
2.22497e+00	1.44622e-02
2.23564e+00	1.33023e-02
2.24632e+00	1.22360e-02
2.25699e+00	1.12595e-02
2.26766e+00	1.03650e-02
2.27833e+00	9.54570e-03
2.28900e+00	8.79502e-03
2.29967e+00	8.10640e-03
2.31034e+00	7.47370e-03
2.32101e+00	6.89359e-03
2.33169e+00	6.36185e-03
2.34236e+00	5.87486e-03
2.35303e+00	5.42941e-03
2.36370e+00	5.01831e-03
2.37437e+00	4.63831e-03
2.38504e+00	4.28708e-03
2.39571e+00	3.96267e-03
2.40639e+00	3.66323e-03
2.41706e+00	3.38550e-03
2.42773e+00	3.12591e-03
2.43840e+00	2.88345e-03
2.44907e+00	2.65760e-03
2.45974e+00	2.44766e-03
2.47041e+00	2.25277e-03
2.48108e+00	2.07408e-03
2.49176e+00	1.91098e-03
2.50243e+00	1.76234e-03
2.51310e+00	1.62665e-03
2.52377e+00	1.50280e-03
2.53444e+00	1.39007e-03
2.54511e+00	1.28738e-03
2.55578e+00	1.19364e-03
2.56646e+00	1.10799e-03
2.57713e+00	1.02967e-03
2.58780e+00	9.58194e-04
2.59847e+00	8.92463e-04
2.60914e+00	8.31385e-04
2.61981e+00	7.74667e-04
2.63048e+00	7.21996e-04
2.64115e+00	6.73135e-04
2.65183e+00	6.27887e-04
2.66250e+00	5.85963e-04
2.67317e+00	5.47096e-04
2.68384e+00	5.11037e-04
2.69451e+00	4.77626e-04
2.70518e+00	4.46710e-04
2.71585e+00	4.18068e-04
2.72653e+00	3.91609e-04
2.73720e+00	3.67145e-04
2.74787e+00	3.44441e-04
2.75854e+00	3.23269e-04
2.76921e+00	3.03438e-04
2.77988e+00	2.84878e-04
2.79055e+00	2.67541e-04
2.80122e+00	2.51342e-04
2.81190e+00	2.36190e-04
2.82257e+00	2.21993e-04
2.83324e+00	2.08710e-04
2.84391e+00	1.96316e-04
2.85458e+00	1.84754e-04
2.86525e+00	1.73961e-04
2.87592e+00	1.63926e-04
2.88660e+00	1.54661e-04
2.89727e+00	1.46104e-04
2.90794e+00	1.38183e-04
2.91861e+00	1.30832e-04
2.92928e+00	1.24000e-04
2.93995e+00	1.17637e-04
2.95062e+00	1.11700e-04
2.96129e+00	1.06152e-04
2.97197e+00	1.00954e-04
2.98264e+00	9.60701e-05
2.99331e+00	9.14577e-05
3.00398e+00	8.70945e-05
3.01465e+00	8.29563e-05
3.02532e+00	7.90344e-05
3.03599e+00	7.53220e-05
3.04667e+00	7.18112e-05
3.05734e+00	6.84943e-05
3.06801e+00	6.53625e-05
3.07868e+00	6.24065e-05
3.08935e+00	5.96181e-05
3.10002e+00	5.69904e-05
3.11069e+00	5.45128e-05
3.12136e+00	5.21733e-05
3.13204e+00	4.99635e-05
3.14271e+00	4.78738e-05
3.15338e+00	4.58937e-05
3.16405e+00	4.40136e-05
3.17472e+00	4.22282e-05
3.18539e+00	4.05333e-05
3.19606e+00	3.89250e-05
3.20674e+00	3.73988e-05
3.21741e+00	3.59507e-05
3.22808e+00	3.45769e-05
3.23875e+00	3.32734e-05
3.24942e+00	3.20368e-05
3.26009e+00	3.08644e-05
3.27076e+00	2.97537e-05
3.28143e+00	2.87007e-05
3.29211e+00	2.77019e-05
3.30278e+00	2.67538e-05
3.31345e+00	2.58531e-05
3.32412e+00	2.49966e-05
3.33479e+00	2.41806e-05
3.34546e+00	2.34027e-05
3.35613e+00	2.26604e-05
3.36681e+00	2.19516e-05
3.37748e+00	2.12741e-05
3.38815e+00	2.06258e-05
3.39882e+00	2.00052e-05
3.40949e+00	1.94104e-05
3.42016e+00	1.88397e-05
3.43083e+00	1.82917e-05
3.44150e+00	1.77659e-05
3.45218e+00	1.72612e-05
3.46285e+00	1.67765e-05
3.47352e+00	1.63110e-05
3.48419e+00	1.58637e-05
3.49486e+00	1.54337e-05
3.50553e+00	1.50200e-05
3.51620e+00	1.46217e-05
3.52688e+00	1.42381e-05
3.53755e+00	1.38684e-05
3.54822e+00	1.35121e-05
3.55889e+00	1.31684e-05
3.56956e+00	1.28369e-05
3.58023e+00	1.25173e-05
3.59090e+00	1.22091e-05
3.60157e+00	1.19119e-05
3.61225e+00	1.16252e-05
3.62292e+00	1.13488e-05
3.63359e+00	1.10820e-05
3.64426e+00	1.08246e-05
3.65493e+00	1.05763e-05
3.66560e+00	1.03366e-05
3.67627e+00	1.01052e-05
3.68695e+00	9.88187e-06
3.69762e+00	9.66617e-06
3.70829e+00	9.45783e-06
3.71896e+00	9.25658e-06
3.72963e+00	9.06211e-06
3.74030e+00	8.87408e-06
3.75097e+00	8.69218e-06
3.76164e+00	8.51609e-06
3.77232e+00	8.34555e-06
3.78299e+00	8.18027e-06
3.79366e+00	8.01996e-06
3.80433e+00	7.86434e-06
3.81500e+00	7.71317e-06
3.82567e+00	7.56620e-06
3.83634e+00	7.42318e-06
3.84702e+00	7.28387e-06
3.85769e+00	7.14804e-06
3.86836e+00	7.01544e-06
3.87903e+00	6.88598e-06
3.88970e+00	6.75959e-06
3.90037e+00	6.63618e-06
3.91104e+00	6.51562e-06
3.92171e+00	6.39783e-06
3.93239e+00	6.28271e-06
3.94306e+00	6.17018e-06
3.95373e+00	6.06014e-06
3.96440e+00	5.95249e-06
3.97507e+00	5.84715e-06
3.98574e+00	5.74404e-06
3.99641e+00	5.64299e-06
4.00709e+00	5.54394e-06
4.01776e+00	5.44683e-06
4.02843e+00	5.35158e-06
4.03910e+00	5.25815e-06
4.04977e+00	5.16652e-06
4.06044e+00	5.07666e-06
4.07111e+00	4.98855e-06
4.08178e+00	4.90213e-06
4.09246e+00	4.81739e-06
4.10313e+00	4.73428e-06
4.11380e+00	4.65277e-06
4.12447e+00	4.57285e-06
4.13514e+00	4.49447e-06
4.14581e+00	4.41761e-06
4.15648e+00	4.34225e-06
4.16716e+00	4.26835e-06
4.17783e+00	4.19589e-06
4.18850e+00	4.12484e-06
4.19917e+00	4.05519e-06
4.20984e+00	3.98689e-06
4.22051e+00	3.91994e-06
4.23118e+00	3.85431e-06
4.24185e+00	3.78997e-06
4.25253e+00	3.72690e-06
4.26320e+00	3.66508e-06
4.27387e+00	3.60450e-06
4.28454e+00	3.54512e-06
4.29521e+00	3.48695e-06
4.30588e+00	3.42995e-06
4.31655e+00	3.37412e-06
4.32723e+00	3.31944e-06
4.33790e+00	3.26588e-06
4.34857e+00	3.21345e-06
4.35924e+00	3.16211e-06
4.36991e+00	3.11185e-06
4.38058e+00	3.06267e-06
4.39125e+00	3.01454e-06
4.40192e+00	2.96744e-06
4.41260e+00	2.92137e-06
4.42327e+00	2.87630e-06
4.43394e+00	2.83222e-06
4.44461e+00	2.78911e-06
4.45528e+00	2.74696e-06
4.46595e+00	2.70574e-06
4.47662e+00	2.66544e-06
4.48730e+00	2.62605e-06
4.49797e+00	2.58755e-06
4.50864e+00	2.54993e-06
4.51931e+00	2.51317e-06
4.52998e+00	2.47727e-06
4.54065e+00	2.44221e-06
4.55132e+00	2.40798e-06
4.56199e+00	2.37455e-06
4.57267e+00	2.34189e-06
4.58334e+00	2.31000e-06
4.59401e+00	2.27885e-06
4.60468e+00	2.24842e-06
4.61535e+00	2.21870e-06
4.62602e+00	2.18968e-06
4.63669e+00	2.16132e-06
4.64737e+00	2.13362e-06
4.65804e+00	2.10656e-06
4.66871e+00	2.08010e-06
4.67938e+00	2.05424e-06
4.69005e+00	2.02896e-06
4.70072e+00	2.00423e-06
4.71139e+00	1.98004e-06
4.72206e+00	1.95638e-06
4.73274e+00	1.93322e-06
4.74341e+00	1.91055e-06
4.75408e+00	1.88836e-06
4.76475e+00	1.86662e-06
4.77542e+00	1.84533e-06
4.78609e+00	1.82447e-06
4.79676e+00	1.80402e-06
4.80744e+00	1.78397e-06
4.81811e+00	1.76431e-06
4.82878e+00	1.74502e-06
4.83945e+00	1.72609e-06
4.85012e+00	1.70749e-06
4.86079e+00	1.68923e-06
4.87146e+00	1.67127e-06
4.88213e+00	1.65361e-06
4.89281e+00	1.63622e-06
4.90348e+00	1.61910e-06
4.91415e+00	1.60223e-06
4.92482e+00	1.58559e-06
4.93549e+00	1.56918e-06
4.94616e+00	1.55298e-06
4.95683e+00	1.53699e-06
4.96751e+00	1.52121e-06
4.97818e+00	1.50561e-06
4.98885e+00	1.49021e-06
4.99952e+00	1.47498e-06
5.01019e+00	1.45993e-06
5.02086e+00	1.44504e-06
5.03153e+00	1.43031e-06
5.04220e+00	1.41574e-06
5.05288e+00	1.40131e-06
5.06355e+00	1.38702e-06
5.07422e+00	1.37288e-06
5.08489e+00	1.35887e-06
5.09556e+00	1.34498e-06
5.10623e+00	1.33123e-06
5.11690e+00	1.31759e-06
5.12758e+00	1.30406e-06
5.13825e+00	1.29066e-06
5.14892e+00	1.27737e-06
5.15959e+00	1.26420e-06
5.17026e+00	1.25115e-06
5.18093e+00	1.23822e-06
5.19160e+00	1.22539e-06
5.20227e+00	1.21269e-06
5.21295e+00	1.20009e-06
5.22362e+00	1.18761e-06
5.23429e+00	1.17524e-06
5.24496e+00	1.16298e-06
5.25563e+00	1.15083e-06
5.26630e+00	1.13878e-06
5.27697e+00	1.12685e-06
5.28765e+00	1.11503e-06
5.29832e+00	1.10331e-06
5.30899e+00	1.09169e-06
5.31966e+00	1.08019e-06
5.33033e+00	1.06878e-06
5.34100e+00	1.05748e-06
5.35167e+00	1.04628e-06
5.36234e+00	1.03519e-06
5.37302e+00	1.02419e-06
5.38369e+00	1.01330e-06
5.39436e+00	1.00250e-06
5.40503e+00	9.91805e-07
5.41570e+00	9.81206e-07
5.42637e+00	9.70704e-07
5.43704e+00	9.60299e-07
5.44771e+00	9.49990e-07
5.45839e+00	9.39775e-07
5.46906e+00	9.29654e-07
5.47973e+00	9.19627e-07
5.49040e+00	9.09693e-07
5.50107e+00	8.99851e-07
5.51174e+00	8.90099e-07
5.52241e+00	8.80439e-07
5.53309e+00	8.70868e-07
5.54376e+00	8.61386e-07
5.55443e+00	8.51993e-07
5.56510e+00	8.42687e-07
5.57577e+00	8.33468e-07
5.58644e+00	8.24335e-07
5.59711e+00	8.15288e-07
5.60778e+00	8.06326e-07
5.61846e+00	7.97448e-07
5.62913e+00	7.88653e-07
5.63980e+00	7.79941e-07
5.65047e+00	7.71311e-07
5.66114e+00	7.62763e-07
5.67181e+00	7.54295e-07
5.68248e+00	7.45907e-07
5.69316e+00	7.37599e-07
5.70383e+00	7.29370e-07
5.71450e+00	7.21219e-07
5.72517e+00	7.13145e-07
5.73584e+00	7.05149e-07
5.74651e+00	6.97228e-07
5.75718e+00	6.89383e-07
5.76785e+00	6.81613e-07
5.77853e+00	6.73917e-07
5.78920e+00	6.66296e-07
5.79987e+00	6.58747e-07
5.81054e+00	6.51270e-07
5.82121e+00	6.43866e-07
5.83188e+00	6.36532e-07
5.84255e+00	6.29270e-07
5.85323e+00	6.22077e-07
5.86390e+00	6.14954e-07
5.87457e+00	6.07899e-07
5.88524e+00	6.00913e-07
5.89591e+00	5.93994e-07
5.90658e+00	5.87143e-07
5.91725e+00	5.80358e-07
5.92792e+00	5.73639e-07
5.93860e+00	5.66986e-07
5.94927e+00	5.60397e-07
5.95994e+00	5.53873e-07
5.97061e+00	5.47413e-07
5.98128e+00	5.41017e-07
5.99195e+00	5.34683e-07
6.00262e+00	5.28411e-07
6.01330e+00	5.22201e-07
6.02397e+00	5.16053e-07
6.03464e+00	5.09964e-07
6.04531e+00	5.03935e-07
6.05598e+00	4.97967e-07
6.06665e+00	4.92059e-07
6.07732e+00	4.86209e-07
6.08799e+00	4.80419e-07
6.09867e+00	4.74686e-07
6.10934e+00	4.69010e-07
6.12001e+00	4.63392e-07
6.13068e+00	4.57830e-07
6.14135e+00	4.52324e-07
6.15202e+00	4.46873e-07
6.16269e+00	4.41477e-07
6.17337e+00	4.36135e-07
6.18404e+00	4.30848e-07
6.19471e+00	4.25613e-07
6.20538e+00	4.20432e-07
6.21605e+00	4.15303e-07
6.22672e+00	4.10226e-07
6.23739e+00	4.05200e-07
6.24806e+00	4.00225e-07
6.25874e+00	3.95301e-07
6.26941e+00	3.90427e-07
6.28008e+00	3.85602e-07
6.29075e+00	3.80827e-07
6.30142e+00	3.76100e-07
6.31209e+00	3.71421e-07
6.32276e+00	3.66790e-07
6.33344e+00	3.62207e-07
6.34411e+00	3.57670e-07
6.35478e+00	3.53179e-07
6.36545e+00	3.48735e-07
6.37612e+00	3.44336e-07
6.38679e+00	3.39983e-07
6.39746e+00	3.35674e-07
6.40813e+00	3.31409e-07
6.41881e+00	3.27189e-07
6.42948e+00	3.23011e-07
6.44015e+00	3.18877e-07
6.45082e+00	3.14786e-07
6.46149e+00	3.10736e-07
6.47216e+00	3.06729e-07
6.48283e+00	3.02763e-07
6.49351e+00	2.98838e-07
6.50418e+00	2.94954e-07
6.51485e+00	2.91110e-07
6.52552e+00	2.87306e-07
6.53619e+00	2.83542e-07
6.54686e+00	2.79817e-07
6.55753e+00	2.76130e-07
6.56820e+00	2.72482e-07
6.57888e+00	2.68872e-07
6.58955e+00	2.65299e-07
6.60022e+00	2.61764e-07
6.61089e+00	2.58266e-07
6.62156e+00	2.54804e-07
6.63223e+00	2.51379e-07
6.64290e+00	2.47989e-07
6.65358e+00	2.44635e-07
6.66425e+00	2.41316e-07
6.67492e+00	2.38032e-07
6.68559e+00	2.34783e-07
6.69626e+00	2.31568e-07
6.70693e+00	2.28386e-07
6.71760e+00	2.25238e-07
6.72827e+00	2.22123e-07
6.73895e+00	2.19041e-07
6.74962e+00	2.15992e-07
6.76029e+00	2.12975e-07
6.77096e+00	2.09990e-07
6.78163e+00	2.07037e-07
6.79230e+00	2.04116e-07
6.80297e+00	2.01225e-07
6.81365e+00	1.98366e-07
6.82432e+00	1.95538e-07
6.83499e+00	1.92740e-07
6.84566e+00	1.89973e-07
6.85633e+00	1.87236e-07
6.86700e+00	1.84528e-07
6.87767e+00	1.81851e-07
6.88834e+00	1.79202e-07
6.89902e+00	1.76583e-07
6.90969e+00	1.73992e-07
6.92036e+00	1.71430e-07
6.93103e+00	1.68897e-07
6.94170e+00	1.66391e-07
6.95237e+00	1.63913e-07
6.96304e+00	1.61464e-07
6.97372e+00	1.59043e-07
6.98439e+00	1.56650e-07
6.99506e+00	1.54283e-07
7.00573e+00	1.51944e-07
7.01640e+00	1.49632e-07
7.02707e+00	1.47347e-07
7.03774e+00	1.45088e-07
7.04841e+00	1.42854e-07
7.05909e+00	1.40647e-07
7.06976e+00	1.38466e-07
7.08043e+00	1.36309e-07
7.09110e+00	1.34177e-07
7.10177e+00	1.32071e-07
7.11244e+00	1.29990e-07
7.12311e+00	1.27933e-07
7.13379e+00	1.25901e-07
7.14446e+00	1.23893e-07
7.15513e+00	1.21909e-07
7.16580e+00	1.19948e-07
7.17647e+00	1.18011e-07
7.18714e+00	1.16097e-07
7.19781e+00	1.14205e-07
7.20848e+00	1.12336e-07
7.21916e+00	1.10490e-07
7.22983e+00	1.08666e-07
7.24050e+00	1.06863e-07
7.25117e+00	1.05082e-07
7.26184e+00	1.03323e-07
7.27251e+00	1.01585e-07
7.28318e+00	9.98672e-08
7.29386e+00	9.81704e-08
7.30453e+00	9.64941e-08
7.31520e+00	9.48378e-08
7.32587e+00	9.32016e-08
7.33654e+00	9.15850e-08
7.34721e+00	8.99879e-08
7.35788e+00	8.84100e-08
7.36855e+00	8.68511e-08
7.37923e+00	8.53111e-08
7.38990e+00	8.37898e-08
7.40057e+00	8.22872e-08
7.41124e+00	8.08032e-08
7.42191e+00	7.93376e-08
7.43258e+00	7.78904e-08
7.44325e+00	7.64613e-08
7.45393e+00	7.50503e-08
7.46460e+00	7.36573e-08
7.47527e+00	7.22821e-08
7.48594e+00	7.09245e-08
7.49661e+00	6.95846e-08
7.50728e+00	6.82620e-08
7.51795e+00	6.69568e-08
7.52862e+00	6.56687e-08
7.53930e+00	6.43975e-08
7.54997e+00	6.31433e-08
7.56064e+00	6.19059e-08
7.57131e+00	6.06850e-08
7.58198e+00	5.94807e-08
7.59265e+00	5.82927e-08
7.60332e+00	5.71210e-08
7.61400e+00	5.59653e-08
7.62467e+00	5.48257e-08
7.63534e+00	5.37018e-08
7.64601e+00	5.25937e-08
7.65668e+00	5.15012e-08
7.66735e+00	5.04241e-08
7.67802e+00	4.93622e-08
7.68869e+00	4.83156e-08
7.69937e+00	4.72839e-08
7.71004e+00	4.62671e-08
7.72071e+00	4.52651e-08
7.73138e+00	4.42776e-08
7.74205e+00	4.33046e-08
7.75272e+00	4.23458e-08
7.76339e+00	4.14013e-08
7.77407e+00	4.04709e-08
7.78474e+00	3.95545e-08
7.79541e+00	3.86521e-08
7.80608e+00	3.77637e-08
7.81675e+00	3.68891e-08
7.82742e+00	3.60284e-08
7.83809e+00	3.51815e-08
7.84876e+00	3.43484e-08
7.85944e+00	3.35290e-08
7.87011e+00	3.27232e-08
7.88078e+00	3.19310e-08
7.89145e+00	3.11524e-08
7.90212e+00	3.03872e-08
7.91279e+00	2.96354e-08
7.92346e+00	2.88969e-08
7.93414e+00	2.81716e-08
7.94481e+00	2.74595e-08
7.95548e+00	2.67603e-08
7.96615e+00	2.60741e-08
7.97682e+00	2.54006e-08
7.98749e+00	2.47399e-08
7.99816e+00	2.40917e-08
8.00883e+00	2.34561e-08
8.01951e+00	2.28328e-08
8.03018e+00	2.22217e-08
8.04085e+00	2.16228e-08
8.05152e+00	2.10359e-08
8.06219e+00	2.04610e-08
8.07286e+00	1.98978e-08
8.08353e+00	1.93463e-08
8.09421e+00	1.88064e-08
8.10488e+00	1.82779e-08
8.11555e+00	1.77607e-08
8.12622e+00	1.72547e-08
8.13689e+00	1.67596e-08
8.14756e+00	1.62754e-08
8.15823e+00	1.58020e-08
8.16890e+00	1.53391e-08
8.17958e+00	1.48867e-08
8.19025e+00	1.44446e-08
8.20092e+00	1.40126e-08
8.21159e+00	1.35905e-08
8.22226e+00	1.31783e-08
8.23293e+00	1.27758e-08
8.24360e+00	1.23829e-08
8.25428e+00	1.19993e-08
8.26495e+00	1.16251e-08
8.27562e+00	1.12600e-08
8.28629e+00	1.09040e-08
8.29696e+00	1.05568e-08
8.30763e+00	1.02184e-08
8.31830e+00	9.88864e-09
8.32897e+00	9.56735e-09
8.33965e+00	9.25441e-09
8.35032e+00	8.94971e-09
8.36099e+00	8.65309e-09
8.37166e+00	8.36444e-09
8.38233e+00	8.08360e-09
8.39300e+00	7.81045e-09
8.40367e+00	7.54485e-09
8.41435e+00	7.28665e-09
8.42502e+00	7.03572e-09
8.43569e+00	6.79191e-09
8.44636e+00	6.55509e-09
8.45703e+00	6.32510e-09
8.46770e+00	6.10181e-09
8.47837e+00	5.88514e-09
8.48904e+00	5.67496e-09
8.49972e+00	5.47117e-09
8.51039e+00	5.27364e-09
8.52106e+00	5.08222e-09
8.53173e+00	4.89679e-09
8.54240e+00	4.71721e-09
8.55307e+00	4.54333e-09
8.56374e+00	4.37503e-09
8.57442e+00	4.21216e-09
8.58509e+00	4.05457e-09
8.59576e+00	3.90214e-09
8.60643e+00	3.75472e-09
8.61710e+00	3.61219e-09
8.62777e+00	3.47442e-09
8.63844e+00	3.34128e-09
8.64911e+00	3.21264e-09
8.65979e+00	3.08837e-09
8.67046e+00	2.96837e-09
8.68113e+00	2.85250e-09
8.69180e+00	2.74065e-09
8.70247e+00	2.63270e-09
8.71314e+00	2.52855e-09
8.72381e+00	2.42807e-09
8.73449e+00	2.33116e-09
8.74516e+00	2.23772e-09
8.75583e+00	2.14764e-09
8.76650e+00	2.06082e-09
8.77717e+00	1.97717e-09
8.78784e+00	1.89657e-09
8.79851e+00	1.81894e-09
8.80918e+00	1.74420e-09
8.81986e+00	1.67223e-09
8.83053e+00	1.60297e-09
8.84120e+00	1.53631e-09
8.85187e+00	1.47219e-09
8.86254e+00	1.41051e-09
8.87321e+00	1.35119e-09
8.88388e+00	1.29416e-09
8.89456e+00	1.23935e-09
8.90523e+00	1.18667e-09
8.91590e+00	1.13606e-09
8.92657e+00	1.08745e-09
8.93724e+00	1.04076e-09
8.94791e+00	9.95929e-10
8.95858e+00	9.52904e-10
8.96925e+00	9.11618e-10
8.97993e+00	8.72009e-10
8.99060e+00	8.34017e-10
9.00127e+00	7.97584e-10
9.01194e+00	7.62652e-10
9.02261e+00	7.29165e-10
9.03328e+00	6.97070e-10
9.04395e+00	6.66311e-10
9.05463e+00	6.36837e-10
9.06530e+00	6.08597e-10
9.07597e+00	5.81543e-10
9.08664e+00	5.55628e-10
9.09731e+00	5.30807e-10
9.10798e+00	5.07037e-10
9.11865e+00	4.84277e-10
9.12932e+00	4.62485e-10
9.14000e+00	4.41623e-10
9.15067e+00	4.21654e-10
9.16134e+00	4.02542e-10
9.17201e+00	3.84252e-10
9.18268e+00	3.66751e-10
9.19335e+00	3.50007e-10
9.20402e+00	3.33989e-10
9.21470e+00	3.18667e-10
9.22537e+00	3.04013e-10
9.23604e+00	2.90000e-10
9.24671e+00	2.76601e-10
9.25738e+00	2.63790e-10
9.26805e+00	2.51544e-10
9.27872e+00	2.39839e-10
9.28939e+00	2.28652e-10
9.30007e+00	2.17961e-10
9.31074e+00	2.07746e-10
9.32141e+00	1.97988e-10
9.33208e+00	1.88665e-10
9.34275e+00	1.79761e-10
9.35342e+00	1.71257e-10
9.36409e+00	1.63137e-10
9.37477e+00	1.55383e-10
9.38544e+00	1.47981e-10
9.39611e+00	1.40915e-10
9.40678e+00	1.34171e-10
9.41745e+00	1.27734e-10
9.42812e+00	1.21592e-10
9.43879e+00	1.15731e-10
9.44946e+00	1.10140e-10
9.46014e+00	1.04807e-10
9.47081e+00	9.97194e-11
9.48148e+00	9.48678e-11
9.49215e+00	9.02413e-11
9.50282e+00	8.58300e-11
9.51349e+00	8.16243e-11
9.52416e+00	7.76152e-11
9.53484e+00	7.37939e-11
9.54551e+00	7.01520e-11
9.55618e+00	6.66815e-11
9.56685e+00	6.33746e-11
9.57752e+00	6.02240e-11
9.58819e+00	5.72227e-11
9.59886e+00	5.43640e-11
9.60953e+00	5.16415e-11
9.62021e+00	4.90490e-11
9.63088e+00	4.65806e-11
9.64155e+00	4.42308e-11
9.65222e+00	4.19938e-11
9.66289e+00	3.98649e-11
9.67356e+00	3.78390e-11
9.68423e+00	3.59114e-11
9.69491e+00	3.40776e-11
9.70558e+00	3.23333e-11
9.71625e+00	3.06743e-11
9.72692e+00	2.90966e-11
9.73759e+00	2.75966e-11
9.74826e+00	2.61705e-11
9.75893e+00	2.48150e-11
9.76960e+00	2.35266e-11
9.78028e+00	2.23023e-11
9.79095e+00	2.11390e-11
9.80162e+00	2.00338e-11
9.81229e+00	1.89840e-11
9.82296e+00	1.79869e-11
9.83363e+00	1.70400e-11
9.84430e+00	1.61409e-11
9.85498e+00	1.52874e-11
9.86565e+00	1.44771e-11
9.87632e+00	1.37081e-11
9.88699e+00	1.29784e-11
9.89766e+00	1.22859e-11
9.90833e+00	1.16290e-11
9.91900e+00	1.10059e-11
9.92967e+00	1.04148e-11
9.94035e+00	9.85437e-12
9.95102e+00	9.32293e-12
9.96169e+00	8.81911e-12
9.97236e+00	8.34152e-12
9.98303e+00	7.88887e-12
9.99370e+00	7.45991e-12
1.00044e+01	7.05344e-12
1.00150e+01	6.66846e-12
1.00257e+01	6.30332e-12
1.00364e+01	5.95774e-12
1.00471e+01	5.63062e-12
1.00577e+01	5.32095e-12
1.00684e+01	5.02781e-12
1.00791e+01	4.75033e-12
1.00897e+01	4.48768e-12
1.01004e+01	4.23908e-12
1.01111e+01	4.00378e-12
1.01218e+01	3.78107e-12
1.01324e+01	3.57028e-12
1.01431e+01	3.37077e-12
1.01538e+01	3.18195e-12
1.01644e+01	3.00323e-12
1.01751e+01	2.83409e-12
1.01858e+01	2.67400e-12
1.01965e+01	2.52248e-12
1.02071e+01	2.37907e-12
1.02178e+01	2.24333e-12
1.02285e+01	2.11484e-12
1.02391e+01	1.99323e-12
1.02498e+01	1.87811e-12
1.02605e+01	1.76913e-12
1.02712e+01	1.66596e-12
1.02818e+01	1.56828e-12
1.02925e+01	1.47579e-12
1.03032e+01	1.38821e-12
1.03138e+01	1.30527e-12
1.03245e+01	1.22671e-12
1.03352e+01	1.15229e-12
1.03459e+01	1.08178e-12
1.03565e+01	1.01497e-12
1.03672e+01	9.51645e-13
1.03779e+01	8.91614e-13
1.03885e+01	8.34692e-13
1.03992e+01	7.80702e-13
1.04099e+01	7.29479e-13
1.04206e+01	6.80863e-13
1.04312e+01	6.34705e-13
1.04419e+01	5.90862e-13
1.04526e+01	5.49199e-13
1.04632e+01	5.09590e-13
1.04739e+01	4.71911e-13
1.04846e+01	4.36049e-13
1.04953e+01	4.01894e-13
1.05059e+01	3.69342e-13
1.05166e+01	3.38295e-13
1.05273e+01	3.08660e-13
1.05379e+01	2.80347e-13
1.05486e+01	2.53274e-13
1.05593e+01	2.27359e-13
1.05700e+01	2.02527e-13
1.05806e+01	1.78706e-13
1.05913e+01	1.55826e-13
1.06020e+01	1.33825e-13
1.06126e+01	1.12631e-13
1.06233e+01	9.22031e-14
1.06340e+01	7.24860e-14
1.06447e+01	5.34344e-14
1.06553e+01	3.50383e-14
1.06660e+01	1.73348e-14
