# The ell = 0 distribution, the isotropy.
# E_N [Td]	1.00000e+01
# col_1: Electron Energy [eV], col_2: f0 [eV^(-3/2)]
eV	f0
9.38438e-03	3.89281e-01
2.81532e-02	3.89536e-01
4.69219e-02	3.89794e-01
6.56907e-02	3.90056e-01
8.44595e-02	3.90322e-01
1.03228e-01	3.90593e-01
1.21997e-01	3.90869e-01
1.40766e-01	3.91150e-01
1.59535e-01	3.91435e-01
1.78303e-01	3.91724e-01
1.97072e-01	3.92018e-01
2.15841e-01	3.92315e-01
2.34610e-01	3.92617e-01
2.53378e-01	3.92923e-01
2.72147e-01	3.93233e-01
2.90916e-01	3.93548e-01
3.09685e-01	3.93866e-01
3.28453e-01	3.94188e-01
3.47222e-01	3.94515e-01
3.65991e-01	3.94845e-01
3.84760e-01	3.95179e-01
4.03529e-01	3.95517e-01
4.22297e-01	3.95858e-01
4.41066e-01	3.96202e-01
4.59835e-01	3.96548e-01
4.78604e-01	3.96895e-01
4.97372e-01	3.97243e-01
5.16141e-01	3.97592e-01
5.34910e-01	3.97941e-01
5.53679e-01	3.98287e-01
5.72447e-01	3.98630e-01
5.91216e-01	3.98969e-01
6.09985e-01	3.99302e-01
6.28754e-01	3.99627e-01
6.47523e-01	3.99942e-01
6.66291e-01	4.00243e-01
6.85060e-01	4.00527e-01
7.03829e-01	4.00789e-01
7.22598e-01	4.01026e-01
7.41366e-01	4.01231e-01
7.60135e-01	4.01404e-01
7.78904e-01	4.01542e-01
7.97673e-01	4.01642e-01
8.16441e-01	4.01704e-01
8.35210e-01	4.01727e-01
8.53979e-01	4.01711e-01
8.72748e-01	4.01655e-01
8.91517e-01	4.01558e-01
9.10285e-01	4.01415e-01
9.29054e-01	4.01221e-01
9.47823e-01	4.00973e-01
9.66592e-01	4.00661e-01
9.85360e-01	4.00279e-01
1.00413e+00	3.99816e-01
1.02290e+00	3.99270e-01
1.04167e+00	3.98630e-01
1.06044e+00	3.97893e-01
1.07920e+00	3.97051e-01
1.09797e+00	3.96093e-01
1.11674e+00	3.95021e-01
1.13551e+00	3.93838e-01
1.15428e+00	3.92547e-01
1.17305e+00	3.91145e-01
1.19182e+00	3.89636e-01
1.21059e+00	3.88020e-01
1.22935e+00	3.86298e-01
1.24812e+00	3.84464e-01
1.26689e+00	3.82514e-01
1.28566e+00	3.80445e-01
1.30443e+00	3.78255e-01
1.32320e+00	3.75930e-01
1.34197e+00	3.73457e-01
1.36074e+00	3.70821e-01
1.37950e+00	3.68008e-01
1.39827e+00	3.65036e-01
1.41704e+00	3.61917e-01
1.43581e+00	3.58664e-01
1.45458e+00	3.55286e-01
1.47335e+00	3.51797e-01
1.49212e+00	3.48205e-01
1.51089e+00	3.44515e-01
1.52965e+00	3.40730e-01
1.54842e+00	3.36856e-01
1.56719e+00	3.32877e-01
1.58596e+00	3.28761e-01
1.60473e+00	3.24475e-01
1.62350e+00	3.19992e-01
1.64227e+00	3.15281e-01
1.66104e+00	3.10301e-01
1.67980e+00	3.05042e-01
1.69857e+00	2.99497e-01
1.71734e+00	2.93660e-01
1.73611e+00	2.87514e-01
1.75488e+00	2.81054e-01
1.77365e+00	2.74314e-01
1.79242e+00	2.67340e-01
1.81119e+00	2.60166e-01
1.82995e+00	2.52836e-01
1.84872e+00	2.45379e-01
1.86749e+00	2.37803e-01
1.88626e+00	2.30121e-01
1.90503e+00	2.22387e-01
1.92380e+00	2.14661e-01
1.94257e+00	2.07058e-01
1.96134e+00	1.99649e-01
1.98011e+00	1.92474e-01
1.99887e+00	1.85554e-01
2.01764e+00	1.78913e-01
2.03641e+00	1.72579e-01
2.05518e+00	1.66514e-01
2.07395e+00	1.60680e-01
2.09272e+00	1.55046e-01
2.11149e+00	1.49583e-01
2.13026e+00	1.44250e-01
2.14902e+00	1.39075e-01
2.16779e+00	1.34086e-01
2.18656e+00	1.29283e-01
2.20533e+00	1.24665e-01
2.22410e+00	1.20233e-01
2.24287e+00	1.15979e-01
2.26164e+00	1.11933e-01
2.28041e+00	1.08092e-01
2.29917e+00	1.04444e-01
2.31794e+00	1.00970e-01
2.33671e+00	9.76720e-02
2.35548e+00	9.45426e-02
2.37425e+00	9.15301e-02
2.39302e+00	8.86232e-02
2.41179e+00	8.58266e-02
2.43056e+00	8.31148e-02
2.44932e+00	8.04782e-02
2.46809e+00	7.79283e-02
2.48686e+00	7.55070e-02
2.50563e+00	7.32437e-02
2.52440e+00	7.11247e-02
2.54317e+00	6.91471e-02
2.56194e+00	6.72961e-02
2.58071e+00	6.55584e-02
2.59947e+00	6.39221e-02
2.61824e+00	6.23405e-02
2.63701e+00	6.08143e-02
2.65578e+00	5.93474e-02
2.67455e+00	5.79399e-02
2.69332e+00	5.65903e-02
2.71209e+00	5.52998e-02
2.73086e+00	5.40720e-02
2.74962e+00	5.29066e-02
2.76839e+00	5.17893e-02
2.78716e+00	5.07131e-02
2.80593e+00	4.96793e-02
2.82470e+00	4.86855e-02
2.84347e+00	4.77335e-02
2.86224e+00	4.68255e-02
2.88101e+00	4.59630e-02
2.89977e+00	4.51539e-02
2.91854e+00	4.43930e-02
2.93731e+00	4.36741e-02
2.95608e+00	4.29912e-02
2.97485e+00	4.23390e-02
2.99362e+00	4.17106e-02
3.01239e+00	4.11005e-02
3.03116e+00	4.05066e-02
3.04992e+00	3.99307e-02
3.06869e+00	3.93744e-02
3.08746e+00	3.88387e-02
3.10623e+00	3.83245e-02
3.12500e+00	3.78309e-02
3.14377e+00	3.73569e-02
3.16254e+00	3.69000e-02
3.18131e+00	3.64587e-02
3.20008e+00	3.60327e-02
3.21884e+00	3.56222e-02
3.23761e+00	3.52269e-02
3.25638e+00	3.48467e-02
3.27515e+00	3.44820e-02
3.29392e+00	3.41319e-02
3.31269e+00	3.37953e-02
3.33146e+00	3.34710e-02
3.35023e+00	3.31574e-02
3.36899e+00	3.28536e-02
3.38776e+00	3.25584e-02
3.40653e+00	3.22712e-02
3.42530e+00	3.19912e-02
3.44407e+00	3.17178e-02
3.46284e+00	3.14511e-02
3.48161e+00	3.11909e-02
3.50038e+00	3.09369e-02
3.51914e+00	3.06887e-02
3.53791e+00	3.04460e-02
3.55668e+00	3.02086e-02
3.57545e+00	2.99765e-02
3.59422e+00	2.97497e-02
3.61299e+00	2.95282e-02
3.63176e+00	2.93119e-02
3.65053e+00	2.91007e-02
3.66929e+00	2.88943e-02
3.68806e+00	2.86927e-02
3.70683e+00	2.84956e-02
3.72560e+00	2.83030e-02
3.74437e+00	2.81146e-02
3.76314e+00	2.79300e-02
3.78191e+00	2.77490e-02
3.80068e+00	2.75713e-02
3.81944e+00	2.73963e-02
3.83821e+00	2.72238e-02
3.85698e+00	2.70533e-02
3.87575e+00	2.68846e-02
3.89452e+00	2.67175e-02
3.91329e+00	2.65522e-02
3.93206e+00	2.63884e-02
3.95083e+00	2.62261e-02
3.96959e+00	2.60654e-02
3.98836e+00	2.59060e-02
4.00713e+00	2.57478e-02
4.02590e+00	2.55906e-02
4.04467e+00	2.54345e-02
4.06344e+00	2.52794e-02
4.08221e+00	2.51254e-02
4.10098e+00	2.49726e-02
4.11974e+00	2.48209e-02
4.13851e+00	2.46703e-02
4.15728e+00	2.45210e-02
4.17605e+00	2.43728e-02
4.19482e+00	2.42259e-02
4.21359e+00	2.40802e-02
4.23236e+00	2.39357e-02
4.25113e+00	2.37925e-02
4.26989e+00	2.36506e-02
4.28866e+00	2.35099e-02
4.30743e+00	2.33705e-02
4.32620e+00	2.32324e-02
4.34497e+00	2.30958e-02
4.36374e+00	2.29605e-02
4.38251e+00	2.28267e-02
4.40128e+00	2.26943e-02
4.42005e+00	2.25634e-02
4.43881e+00	2.24340e-02
4.45758e+00	2.23060e-02
4.47635e+00	2.21796e-02
4.49512e+00	2.20546e-02
4.51389e+00	2.19311e-02
4.53266e+00	2.18092e-02
4.55143e+00	2.16888e-02
4.57020e+00	2.15699e-02
4.58896e+00	2.14524e-02
4.60773e+00	2.13364e-02
4.62650e+00	2.12218e-02
4.64527e+00	2.11085e-02
4.66404e+00	2.09965e-02
4.68281e+00	2.08858e-02
4.70158e+00	2.07763e-02
4.72035e+00	2.06679e-02
4.73911e+00	2.05605e-02
4.75788e+00	2.04541e-02
4.77665e+00	2.03487e-02
4.79542e+00	2.02442e-02
4.81419e+00	2.01406e-02
4.83296e+00	2.00377e-02
4.85173e+00	1.99356e-02
4.87050e+00	1.98342e-02
4.88926e+00	1.97333e-02
4.90803e+00	1.96329e-02
4.92680e+00	1.95330e-02
4.94557e+00	1.94333e-02
4.96434e+00	1.93339e-02
4.98311e+00	1.92348e-02
5.00188e+00	1.91360e-02
5.02065e+00	1.90373e-02
5.03941e+00	1.89388e-02
5.05818e+00	1.88405e-02
5.07695e+00	1.87422e-02
5.09572e+00	1.86441e-02
5.11449e+00	1.85460e-02
5.13326e+00	1.84479e-02
5.15203e+00	1.83499e-02
5.17080e+00	1.82520e-02
5.18956e+00	1.81541e-02
5.20833e+00	1.80563e-02
5.22710e+00	1.79586e-02
5.24587e+00	1.78611e-02
5.26464e+00	1.77636e-02
5.28341e+00	1.76662e-02
5.30218e+00	1.75689e-02
5.32095e+00	1.74717e-02
5.33971e+00	1.73746e-02
5.35848e+00	1.72776e-02
5.37725e+00	1.71807e-02
5.39602e+00	1.70840e-02
5.41479e+00	1.69873e-02
5.43356e+00	1.68907e-02
5.45233e+00	1.67943e-02
5.47110e+00	1.66980e-02
5.48986e+00	1.66017e-02
5.50863e+00	1.65056e-02
5.52740e+00	1.64096e-02
5.54617e+00	1.63138e-02
5.56494e+00	1.62180e-02
5.58371e+00	1.61223e-02
5.60248e+00	1.60268e-02
5.62125e+00	1.59314e-02
5.64002e+00	1.58361e-02
5.65878e+00	1.57409e-02
5.67755e+00	1.56459e-02
5.69632e+00	1.55509e-02
5.71509e+00	1.54561e-02
5.73386e+00	1.53614e-02
5.75263e+00	1.52668e-02
5.77140e+00	1.51723e-02
5.79017e+00	1.50780e-02
5.80893e+00	1.49838e-02
5.82770e+00	1.48897e-02
5.84647e+00	1.47957e-02
5.86524e+00	1.47019e-02
5.88401e+00	1.46081e-02
5.90278e+00	1.45145e-02
5.92155e+00	1.44210e-02
5.94032e+00	1.43277e-02
5.95908e+00	1.42345e-02
5.97785e+00	1.41414e-02
5.99662e+00	1.40484e-02
6.01539e+00	1.39556e-02
6.03416e+00	1.38628e-02
6.05293e+00	1.37703e-02
6.07170e+00	1.36778e-02
6.09047e+00	1.35855e-02
6.10923e+00	1.34934e-02
6.12800e+00	1.34013e-02
6.14677e+00	1.33095e-02
6.16554e+00	1.32177e-02
6.18431e+00	1.31261e-02
6.20308e+00	1.30347e-02
6.22185e+00	1.29434e-02
6.24062e+00	1.28522e-02
6.25938e+00	1.27612e-02
6.27815e+00	1.26703e-02
6.29692e+00	1.25795e-02
6.31569e+00	1.24889e-02
6.33446e+00	1.23984e-02
6.35323e+00	1.23081e-02
6.37200e+00	1.22179e-02
6.39077e+00	1.21278e-02
6.40953e+00	1.20379e-02
6.42830e+00	1.19481e-02
6.44707e+00	1.18585e-02
6.46584e+00	1.17689e-02
6.48461e+00	1.16796e-02
6.50338e+00	1.15903e-02
6.52215e+00	1.15012e-02
6.54092e+00	1.14123e-02
6.55968e+00	1.13234e-02
6.57845e+00	1.12347e-02
6.59722e+00	1.11462e-02
6.61599e+00	1.10578e-02
6.63476e+00	1.09695e-02
6.65353e+00	1.08813e-02
6.67230e+00	1.07933e-02
6.69107e+00	1.07054e-02
6.70983e+00	1.06176e-02
6.72860e+00	1.05300e-02
6.74737e+00	1.04425e-02
6.76614e+00	1.03551e-02
6.78491e+00	1.02678e-02
6.80368e+00	1.01807e-02
6.82245e+00	1.00937e-02
6.84122e+00	1.00069e-02
6.85998e+00	9.92017e-03
6.87875e+00	9.83360e-03
6.89752e+00	9.74717e-03
6.91629e+00	9.66088e-03
6.93506e+00	9.57472e-03
6.95383e+00	9.48870e-03
6.97260e+00	9.40286e-03
6.99137e+00	9.31719e-03
7.01014e+00	9.23169e-03
7.02890e+00	9.14636e-03
7.04767e+00	9.06120e-03
7.06644e+00	8.97620e-03
7.08521e+00	8.89136e-03
7.10398e+00	8.80672e-03
7.12275e+00	8.72226e-03
7.14152e+00	8.63799e-03
7.16029e+00	8.55390e-03
7.17905e+00	8.47001e-03
7.19782e+00	8.38629e-03
7.21659e+00	8.30276e-03
7.23536e+00	8.21942e-03
7.25413e+00	8.13626e-03
7.27290e+00	8.05329e-03
7.29167e+00	7.97050e-03
7.31044e+00	7.88788e-03
7.32920e+00	7.80544e-03
7.34797e+00	7.72318e-03
7.36674e+00	7.64109e-03
7.38551e+00	7.55916e-03
7.40428e+00	7.47742e-03
7.42305e+00	7.39585e-03
7.44182e+00	7.31447e-03
7.46059e+00	7.23328e-03
7.47935e+00	7.15228e-03
7.49812e+00	7.07148e-03
7.51689e+00	6.99087e-03
7.53566e+00	6.91047e-03
7.55443e+00	6.83027e-03
7.57320e+00	6.75027e-03
7.59197e+00	6.67049e-03
7.61074e+00	6.59092e-03
7.62950e+00	6.51157e-03
7.64827e+00	6.43244e-03
7.66704e+00	6.35353e-03
7.68581e+00	6.27485e-03
7.70458e+00	6.19640e-03
7.72335e+00	6.11818e-03
7.74212e+00	6.04020e-03
7.76089e+00	5.96244e-03
7.77965e+00	5.88492e-03
7.79842e+00	5.80765e-03
7.81719e+00	5.73065e-03
7.83596e+00	5.65391e-03
7.85473e+00	5.57746e-03
7.87350e+00	5.50131e-03
7.89227e+00	5.42546e-03
7.91104e+00	5.34995e-03
7.92980e+00	5.27477e-03
7.94857e+00	5.19993e-03
7.96734e+00	5.12545e-03
7.98611e+00	5.05134e-03
8.00488e+00	4.97760e-03
8.02365e+00	4.90425e-03
8.04242e+00	4.83130e-03
8.06119e+00	4.75877e-03
8.07995e+00	4.68665e-03
8.09872e+00	4.61497e-03
8.11749e+00	4.54373e-03
8.13626e+00	4.47295e-03
8.15503e+00	4.40264e-03
8.17380e+00	4.33279e-03
8.19257e+00	4.26343e-03
8.21134e+00	4.19456e-03
8.23011e+00	4.12618e-03
8.24887e+00	4.05830e-03
8.26764e+00	3.99095e-03
8.28641e+00	3.92413e-03
8.30518e+00	3.85785e-03
8.32395e+00	3.79213e-03
8.34272e+00	3.72697e-03
8.36149e+00	3.66239e-03
8.38026e+00	3.59840e-03
8.39902e+00	3.53502e-03
8.41779e+00	3.47225e-03
8.43656e+00	3.41011e-03
8.45533e+00	3.34859e-03
8.47410e+00	3.28771e-03
8.49287e+00	3.22750e-03
8.51164e+00	3.16796e-03
8.53041e+00	3.10912e-03
8.54917e+00	3.05097e-03
8.56794e+00	2.99353e-03
8.58671e+00	2.93680e-03
8.60548e+00	2.88079e-03
8.62425e+00	2.82548e-03
8.64302e+00	2.77089e-03
8.66179e+00	2.71703e-03
8.68056e+00	2.66388e-03
8.69932e+00	2.61146e-03
8.71809e+00	2.55977e-03
8.73686e+00	2.50880e-03
8.75563e+00	2.45856e-03
8.77440e+00	2.40905e-03
8.79317e+00	2.36026e-03
8.81194e+00	2.31221e-03
8.83071e+00	2.26488e-03
8.84947e+00	2.21828e-03
8.86824e+00	2.17240e-03
8.88701e+00	2.12725e-03
8.90578e+00	2.08283e-03
8.92455e+00	2.03912e-03
8.94332e+00	1.99614e-03
8.96209e+00	1.95387e-03
8.98086e+00	1.91233e-03
8.99962e+00	1.87150e-03
9.01839e+00	1.83139e-03
9.03716e+00	1.79199e-03
9.05593e+00	1.75328e-03
9.07470e+00	1.71526e-03
9.09347e+00	1.67793e-03
9.11224e+00	1.64126e-03
9.13101e+00	1.60525e-03
9.14977e+00	1.56990e-03
9.16854e+00	1.53520e-03
9.18731e+00	1.50113e-03
9.20608e+00	1.46768e-03
9.22485e+00	1.43486e-03
9.24362e+00	1.40265e-03
9.26239e+00	1.37104e-03
9.28116e+00	1.34003e-03
9.29992e+00	1.30960e-03
9.31869e+00	1.27975e-03
9.33746e+00	1.25048e-03
9.35623e+00	1.22176e-03
9.37500e+00	1.19360e-03
9.39377e+00	1.16599e-03
9.41254e+00	1.13891e-03
9.43131e+00	1.11236e-03
9.45008e+00	1.08634e-03
9.46884e+00	1.06083e-03
9.48761e+00	1.03583e-03
9.50638e+00	1.01132e-03
9.52515e+00	9.87312e-04
9.54392e+00	9.63783e-04
9.56269e+00	9.40729e-04
9.58146e+00	9.18142e-04
9.60023e+00	8.96017e-04
9.61899e+00	8.74345e-04
9.63776e+00	8.53121e-04
9.65653e+00	8.32335e-04
9.67530e+00	8.11984e-04
9.69407e+00	7.92061e-04
9.71284e+00	7.72559e-04
9.73161e+00	7.53473e-04
9.75038e+00	7.34794e-04
9.76914e+00	7.16518e-04
9.78791e+00	6.98637e-04
9.80668e+00	6.81146e-04
9.82545e+00	6.64037e-04
9.84422e+00	6.47305e-04
9.86299e+00	6.30944e-04
9.88176e+00	6.14947e-04
9.90053e+00	5.99308e-04
9.91929e+00	5.84021e-04
9.93806e+00	5.69080e-04
9.95683e+00	5.54480e-04
9.97560e+00	5.40214e-04
9.99437e+00	5.26278e-04
1.00131e+01	5.12664e-04
1.00319e+01	4.99360e-04
1.00507e+01	4.86382e-04
1.00694e+01	4.73718e-04
1.00882e+01	4.61362e-04
1.01070e+01	4.49307e-04
1.01258e+01	4.37546e-04
1.01445e+01	4.26072e-04
1.01633e+01	4.14877e-04
1.01821e+01	4.03957e-04
1.02008e+01	3.93303e-04
1.02196e+01	3.82910e-04
1.02384e+01	3.72772e-04
1.02571e+01	3.62882e-04
1.02759e+01	3.53236e-04
1.02947e+01	3.43826e-04
1.03134e+01	3.34648e-04
1.03322e+01	3.25697e-04
1.03510e+01	3.16966e-04
1.03697e+01	3.08451e-04
1.03885e+01	3.00146e-04
1.04073e+01	2.92047e-04
1.04261e+01	2.84148e-04
1.04448e+01	2.76445e-04
1.04636e+01	2.68933e-04
1.04824e+01	2.61607e-04
1.05011e+01	2.54463e-04
1.05199e+01	2.47497e-04
1.05387e+01	2.40704e-04
1.05574e+01	2.34080e-04
1.05762e+01	2.27621e-04
1.05950e+01	2.21324e-04
1.06137e+01	2.15180e-04
1.06325e+01	2.09195e-04
1.06513e+01	2.03366e-04
1.06700e+01	1.97687e-04
1.06888e+01	1.92156e-04
1.07076e+01	1.86769e-04
1.07264e+01	1.81521e-04
1.07451e+01	1.76410e-04
1.07639e+01	1.71431e-04
1.07827e+01	1.66581e-04
1.08014e+01	1.61858e-04
1.08202e+01	1.57257e-04
1.08390e+01	1.52775e-04
1.08577e+01	1.48410e-04
1.08765e+01	1.44158e-04
1.08953e+01	1.40016e-04
1.09140e+01	1.35982e-04
1.09328e+01	1.32052e-04
1.09516e+01	1.28224e-04
1.09703e+01	1.24495e-04
1.09891e+01	1.20862e-04
1.10079e+01	1.17323e-04
1.10267e+01	1.13876e-04
1.10454e+01	1.10518e-04
1.10642e+01	1.07246e-04
1.10830e+01	1.04058e-04
1.11017e+01	1.00952e-04
1.11205e+01	9.79253e-05
1.11393e+01	9.49762e-05
1.11580e+01	9.21024e-05
1.11768e+01	8.93017e-05
1.11956e+01	8.65720e-05
1.12143e+01	8.39115e-05
1.12331e+01	8.13183e-05
1.12519e+01	7.87906e-05
1.12706e+01	7.63267e-05
1.12894e+01	7.39248e-05
1.13082e+01	7.15833e-05
1.13270e+01	6.93005e-05
1.13457e+01	6.70749e-05
1.13645e+01	6.49047e-05
1.13833e+01	6.27885e-05
1.14020e+01	6.07248e-05
1.14208e+01	5.87120e-05
1.14396e+01	5.67488e-05
1.14583e+01	5.48337e-05
1.14771e+01	5.29652e-05
1.14959e+01	5.11420e-05
1.15146e+01	4.93627e-05
1.15334e+01	4.76257e-05
1.15522e+01	4.59291e-05
1.15709e+01	4.42714e-05
1.15897e+01	4.26540e-05
1.16085e+01	4.10775e-05
1.16273e+01	3.95420e-05
1.16460e+01	3.80483e-05
1.16648e+01	3.66025e-05
1.16836e+01	3.52080e-05
1.17023e+01	3.38615e-05
1.17211e+01	3.25593e-05
1.17399e+01	3.12973e-05
1.17586e+01	3.00731e-05
1.17774e+01	2.88869e-05
1.17962e+01	2.77386e-05
1.18149e+01	2.66262e-05
1.18337e+01	2.55480e-05
1.18525e+01	2.45092e-05
1.18712e+01	2.35174e-05
1.18900e+01	2.25656e-05
1.19088e+01	2.16491e-05
1.19276e+01	2.07686e-05
1.19463e+01	1.99214e-05
1.19651e+01	1.91054e-05
1.19839e+01	1.83192e-05
1.20026e+01	1.75614e-05
1.20214e+01	1.68311e-05
1.20402e+01	1.61272e-05
1.20589e+01	1.54488e-05
1.20777e+01	1.47952e-05
1.20965e+01	1.41654e-05
1.21152e+01	1.35587e-05
1.21340e+01	1.29743e-05
1.21528e+01	1.24116e-05
1.21715e+01	1.18699e-05
1.21903e+01	1.13485e-05
1.22091e+01	1.08467e-05
1.22279e+01	1.03640e-05
1.22466e+01	9.89984e-06
1.22654e+01	9.45382e-06
1.22842e+01	9.02541e-06
1.23029e+01	8.61411e-06
1.23217e+01	8.21947e-06
1.23405e+01	7.84087e-06
1.23592e+01	7.47776e-06
1.23780e+01	7.12959e-06
1.23968e+01	6.79582e-06
1.24155e+01	6.47593e-06
1.24343e+01	6.16948e-06
1.24531e+01	5.87602e-06
1.24718e+01	5.59513e-06
1.24906e+01	5.32638e-06
1.25094e+01	5.06935e-06
1.25282e+01	4.82364e-06
1.25469e+01	4.58889e-06
1.25657e+01	4.36464e-06
1.25845e+01	4.15067e-06
1.26032e+01	3.94667e-06
1.26220e+01	3.75224e-06
1.26408e+01	3.56702e-06
1.26595e+01	3.39062e-06
1.26783e+01	3.22266e-06
1.26971e+01	3.06282e-06
1.27158e+01	2.91074e-06
1.27346e+01	2.76607e-06
1.27534e+01	2.62848e-06
1.27721e+01	2.49763e-06
1.27909e+01	2.37322e-06
1.28097e+01	2.25498e-06
1.28285e+01	2.14260e-06
1.28472e+01	2.03577e-06
1.28660e+01	1.93418e-06
1.28848e+01	1.83747e-06
1.29035e+01	1.74530e-06
1.29223e+01	1.65746e-06
1.29411e+01	1.57399e-06
1.29598e+01	1.49451e-06
1.29786e+01	1.41855e-06
1.29974e+01	1.34593e-06
1.30161e+01	1.27643e-06
1.30349e+01	1.21053e-06
1.30537e+01	1.14888e-06
1.30724e+01	1.09152e-06
1.30912e+01	1.03760e-06
1.31100e+01	9.86573e-07
1.31288e+01	9.38020e-07
1.31475e+01	8.91586e-07
1.31663e+01	8.47221e-07
1.31851e+01	8.04961e-07
1.32038e+01	7.64903e-07
1.32226e+01	7.27087e-07
1.32414e+01	6.91177e-07
1.32601e+01	6.57013e-07
1.32789e+01	6.24458e-07
1.32977e+01	5.93412e-07
1.33164e+01	5.63772e-07
1.33352e+01	5.35454e-07
1.33540e+01	5.08390e-07
1.33727e+01	4.82515e-07
1.33915e+01	4.57782e-07
1.34103e+01	4.34153e-07
1.34291e+01	4.11588e-07
1.34478e+01	3.90057e-07
1.34666e+01	3.69537e-07
1.34854e+01	3.50018e-07
1.35041e+01	3.31450e-07
1.35229e+01	3.13772e-07
1.35417e+01	2.96945e-07
1.35604e+01	2.80934e-07
1.35792e+01	2.65706e-07
1.35980e+01	2.51227e-07
1.36167e+01	2.37467e-07
1.36355e+01	2.24391e-07
1.36543e+01	2.11970e-07
1.36730e+01	2.00174e-07
1.36918e+01	1.88974e-07
1.37106e+01	1.78343e-07
1.37294e+01	1.68255e-07
1.37481e+01	1.58685e-07
1.37669e+01	1.49607e-07
1.37857e+01	1.41000e-07
1.38044e+01	1.32839e-07
1.38232e+01	1.25105e-07
1.38420e+01	1.17776e-07
1.38607e+01	1.10833e-07
1.38795e+01	1.04257e-07
1.38983e+01	9.80314e-08
1.39170e+01	9.21397e-08
1.39358e+01	8.65669e-08
1.39546e+01	8.12982e-08
1.39733e+01	7.63194e-08
1.39921e+01	7.16162e-08
1.40109e+01	6.71757e-08
1.40297e+01	6.29854e-08
1.40484e+01	5.90328e-08
1.40672e+01	5.53062e-08
1.40860e+01	5.17941e-08
1.41047e+01	4.84857e-08
1.41235e+01	4.53706e-08
1.41423e+01	4.24387e-08
1.41610e+01	3.96805e-08
1.41798e+01	3.70866e-08
1.41986e+01	3.46483e-08
1.42173e+01	3.23572e-08
1.42361e+01	3.02051e-08
1.42549e+01	2.81845e-08
1.42736e+01	2.62884e-08
1.42924e+01	2.45101e-08
1.43112e+01	2.28429e-08
1.43300e+01	2.12808e-08
1.43487e+01	1.98178e-08
1.43675e+01	1.84481e-08
1.43863e+01	1.71666e-08
1.44050e+01	1.59679e-08
1.44238e+01	1.48474e-08
1.44426e+01	1.38003e-08
1.44613e+01	1.28223e-08
1.44801e+01	1.19092e-08
1.44989e+01	1.10571e-08
1.45176e+01	1.02623e-08
1.45364e+01	9.52113e-09
1.45552e+01	8.83038e-09
1.45739e+01	8.18685e-09
1.45927e+01	7.58755e-09
1.46115e+01	7.02968e-09
1.46303e+01	6.51057e-09
1.46490e+01	6.02774e-09
1.46678e+01	5.57881e-09
1.46866e+01	5.16158e-09
1.47053e+01	4.77396e-09
1.47241e+01	4.41399e-09
1.47429e+01	4.07983e-09
1.47616e+01	3.76974e-09
1.47804e+01	3.48210e-09
1.47992e+01	3.21539e-09
1.48179e+01	2.96817e-09
1.48367e+01	2.73912e-09
1.48555e+01	2.52699e-09
1.48742e+01	2.33058e-09
1.48930e+01	2.14882e-09
1.49118e+01	1.98067e-09
1.49306e+01	1.82518e-09
1.49493e+01	1.68144e-09
1.49681e+01	1.54863e-09
1.49869e+01	1.42597e-09
1.50056e+01	1.31272e-09
1.50244e+01	1.20821e-09
1.50432e+01	1.11178e-09
1.50619e+01	1.02283e-09
1.50807e+01	9.40791e-10
1.50995e+01	8.65150e-10
1.51182e+01	7.95420e-10
1.51370e+01	7.31154e-10
1.51558e+01	6.71937e-10
1.51745e+01	6.17384e-10
1.51933e+01	5.67140e-10
1.52121e+01	5.20875e-10
1.52309e+01	4.78284e-10
1.52496e+01	4.39082e-10
1.52684e+01	4.03009e-10
1.52872e+01	3.69823e-10
1.53059e+01	3.39298e-10
1.53247e+01	3.11228e-10
1.53435e+01	2.85421e-10
1.53622e+01	2.61699e-10
1.53810e+01	2.39899e-10
1.53998e+01	2.19869e-10
1.54185e+01	2.01470e-10
1.54373e+01	1.84572e-10
1.54561e+01	1.69056e-10
1.54748e+01	1.54813e-10
1.54936e+01	1.41739e-10
1.55124e+01	1.29742e-10
1.55312e+01	1.18735e-10
1.55499e+01	1.08638e-10
1.55687e+01	9.93776e-11
1.55875e+01	9.08865e-11
1.56062e+01	8.31018e-11
1.56250e+01	7.59662e-11
1.56438e+01	6.94266e-11
1.56625e+01	6.34343e-11
1.56813e+01	5.79443e-11
1.57001e+01	5.29151e-11
1.57188e+01	4.83088e-11
1.57376e+01	4.40900e-11
1.57564e+01	4.02262e-11
1.57752e+01	3.66871e-11
1.57939e+01	3.34466e-11
1.58127e+01	3.04812e-11
1.58315e+01	2.77687e-11
1.58502e+01	2.52889e-11
1.58690e+01	2.30225e-11
1.58878e+01	2.09522e-11
1.59065e+01	1.90618e-11
1.59253e+01	1.73362e-11
1.59441e+01	1.57619e-11
1.59628e+01	1.43261e-11
1.59816e+01	1.30172e-11
1.60004e+01	1.18245e-11
1.60191e+01	1.07382e-11
1.60379e+01	9.74894e-12
1.60567e+01	8.84847e-12
1.60755e+01	8.02900e-12
1.60942e+01	7.28347e-12
1.61130e+01	6.60537e-12
1.61318e+01	5.98880e-12
1.61505e+01	5.42834e-12
1.61693e+01	4.91902e-12
1.61881e+01	4.45630e-12
1.62068e+01	4.03605e-12
1.62256e+01	3.65447e-12
1.62444e+01	3.30810e-12
1.62631e+01	2.99378e-12
1.62819e+01	2.70862e-12
1.63007e+01	2.44999e-12
1.63194e+01	2.21548e-12
1.63382e+01	2.00291e-12
1.63570e+01	1.81026e-12
1.63758e+01	1.63573e-12
1.63945e+01	1.47765e-12
1.64133e+01	1.33451e-12
1.64321e+01	1.20493e-12
1.64508e+01	1.08765e-12
1.64696e+01	9.81543e-13
1.64884e+01	8.85558e-13
1.65071e+01	7.98753e-13
1.65259e+01	7.20272e-13
1.65447e+01	6.49335e-13
1.65634e+01	5.85234e-13
1.65822e+01	5.27329e-13
1.66010e+01	4.75034e-13
1.66197e+01	4.27817e-13
1.66385e+01	3.85197e-13
1.66573e+01	3.46737e-13
1.66761e+01	3.12040e-13
1.66948e+01	2.80746e-13
1.67136e+01	2.52530e-13
1.67324e+01	2.27094e-13
1.67511e+01	2.04171e-13
1.67699e+01	1.83518e-13
1.67887e+01	1.64915e-13
1.68074e+01	1.48162e-13
1.68262e+01	1.33080e-13
1.68450e+01	1.19505e-13
1.68637e+01	1.07290e-13
1.68825e+01	9.63014e-14
1.69013e+01	8.64187e-14
1.69200e+01	7.75325e-14
1.69388e+01	6.95445e-14
1.69576e+01	6.23657e-14
1.69764e+01	5.59158e-14
1.69951e+01	5.01223e-14
1.70139e+01	4.49196e-14
1.70327e+01	4.02486e-14
1.70514e+01	3.60560e-14
1.70702e+01	3.22936e-14
1.70890e+01	2.89179e-14
1.71077e+01	2.58899e-14
1.71265e+01	2.31743e-14
1.71453e+01	2.07394e-14
1.71640e+01	1.85566e-14
1.71828e+01	1.66002e-14
1.72016e+01	1.48471e-14
1.72203e+01	1.32766e-14
1.72391e+01	1.18699e-14
1.72579e+01	1.06102e-14
1.72767e+01	9.48229e-15
1.72954e+01	8.47267e-15
1.73142e+01	7.56909e-15
1.73330e+01	6.76056e-15
1.73517e+01	6.03724e-15
1.73705e+01	5.39028e-15
1.73893e+01	4.81174e-15
1.74080e+01	4.29446e-15
1.74268e+01	3.83207e-15
1.74456e+01	3.41881e-15
1.74643e+01	3.04954e-15
1.74831e+01	2.71963e-15
1.75019e+01	2.42495e-15
1.75206e+01	2.16179e-15
1.75394e+01	1.92682e-15
1.75582e+01	1.71707e-15
1.75770e+01	1.52985e-15
1.75957e+01	1.36279e-15
1.76145e+01	1.21375e-15
1.76333e+01	1.08080e-15
1.76520e+01	9.62241e-16
1.76708e+01	8.56528e-16
1.76896e+01	7.62289e-16
1.77083e+01	6.78296e-16
1.77271e+01	6.03449e-16
1.77459e+01	5.36765e-16
1.77646e+01	4.77365e-16
1.77834e+01	4.24464e-16
1.78022e+01	3.77359e-16
1.78209e+01	3.35424e-16
1.78397e+01	2.98100e-16
1.78585e+01	2.64883e-16
1.78773e+01	2.35325e-16
1.78960e+01	2.09029e-16
1.79148e+01	1.85640e-16
1.79336e+01	1.64839e-16
1.79523e+01	1.46344e-16
1.79711e+01	1.29904e-16
1.79899e+01	1.15292e-16
1.80086e+01	1.02308e-16
1.80274e+01	9.07730e-17
1.80462e+01	8.05262e-17
1.80649e+01	7.14253e-17
1.80837e+01	6.33435e-17
1.81025e+01	5.61678e-17
1.81212e+01	4.97973e-17
1.81400e+01	4.41426e-17
1.81588e+01	3.91240e-17
1.81776e+01	3.46703e-17
1.81963e+01	3.07182e-17
1.82151e+01	2.72116e-17
1.82339e+01	2.41007e-17
1.82526e+01	2.13411e-17
1.82714e+01	1.88934e-17
1.82902e+01	1.67225e-17
1.83089e+01	1.47972e-17
1.83277e+01	1.30899e-17
1.83465e+01	1.15757e-17
1.83652e+01	1.02329e-17
1.83840e+01	9.04181e-18
1.84028e+01	7.98526e-18
1.84215e+01	7.04780e-18
1.84403e+01	6.21574e-18
1.84591e+01	5.47687e-18
1.84779e+01	4.82035e-18
1.84966e+01	4.23651e-18
1.85154e+01	3.71676e-18
1.85342e+01	3.25341e-18
1.85529e+01	2.83959e-18
1.85717e+01	2.46915e-18
1.85905e+01	2.13661e-18
1.86092e+01	1.83702e-18
1.86280e+01	1.56593e-18
1.86468e+01	1.31934e-18
1.86655e+01	1.09361e-18
1.86843e+01	8.85509e-19
1.87031e+01	6.92158e-19
1.87218e+01	5.11144e-19
1.87406e+01	3.40731e-19
1.87594e+01	1.80155e-19
