# The ell = 0 distribution, the isotropy.
# E_N [Td]	1.00000e+02
# col_1: Electron Energy [eV], col_2: f0 [eV^(-3/2)]
eV	f0
2.35220e-02	6.28195e-02
7.05661e-02	6.28610e-02
1.17610e-01	6.28922e-02
1.64654e-01	6.29214e-02
2.11698e-01	6.29483e-02
2.58742e-01	6.29728e-02
3.05786e-01	6.29941e-02
3.52830e-01	6.30111e-02
3.99874e-01	6.30241e-02
4.46918e-01	6.30328e-02
4.93962e-01	6.30366e-02
5.41006e-01	6.30352e-02
5.88051e-01	6.30281e-02
6.35095e-01	6.30147e-02
6.82139e-01	6.29944e-02
7.29183e-01	6.29664e-02
7.76227e-01	6.29300e-02
8.23271e-01	6.28848e-02
8.70315e-01	6.28305e-02
9.17359e-01	6.27668e-02
9.64403e-01	6.26928e-02
1.01145e+00	6.26078e-02
1.05849e+00	6.25120e-02
1.10553e+00	6.24055e-02
1.15258e+00	6.22885e-02
1.19962e+00	6.21612e-02
1.24667e+00	6.20237e-02
1.29371e+00	6.18754e-02
1.34076e+00	6.17161e-02
1.38780e+00	6.15455e-02
1.43484e+00	6.13632e-02
1.48189e+00	6.11699e-02
1.52893e+00	6.09662e-02
1.57598e+00	6.07513e-02
1.62302e+00	6.05239e-02
1.67006e+00	6.02825e-02
1.71711e+00	6.00253e-02
1.76415e+00	5.97514e-02
1.81120e+00	5.94608e-02
1.85824e+00	5.91552e-02
1.90528e+00	5.88332e-02
1.95233e+00	5.84986e-02
1.99937e+00	5.81612e-02
2.04642e+00	5.78258e-02
2.09346e+00	5.74952e-02
2.14050e+00	5.71688e-02
2.18755e+00	5.68452e-02
2.23459e+00	5.65269e-02
2.28164e+00	5.62186e-02
2.32868e+00	5.59237e-02
2.37572e+00	5.56413e-02
2.42277e+00	5.53643e-02
2.46981e+00	5.50924e-02
2.51686e+00	5.48318e-02
2.56390e+00	5.45862e-02
2.61094e+00	5.43537e-02
2.65799e+00	5.41260e-02
2.70503e+00	5.39032e-02
2.75208e+00	5.36871e-02
2.79912e+00	5.34789e-02
2.84616e+00	5.32772e-02
2.89321e+00	5.30809e-02
2.94025e+00	5.28904e-02
2.98730e+00	5.27045e-02
3.03434e+00	5.25215e-02
3.08138e+00	5.23405e-02
3.12843e+00	5.21617e-02
3.17547e+00	5.19853e-02
3.22252e+00	5.18106e-02
3.26956e+00	5.16375e-02
3.31660e+00	5.14659e-02
3.36365e+00	5.12953e-02
3.41069e+00	5.11254e-02
3.45774e+00	5.09554e-02
3.50478e+00	5.07853e-02
3.55183e+00	5.06148e-02
3.59887e+00	5.04438e-02
3.64591e+00	5.02721e-02
3.69296e+00	5.00997e-02
3.74000e+00	4.99266e-02
3.78705e+00	4.97526e-02
3.83409e+00	4.95776e-02
3.88113e+00	4.94014e-02
3.92818e+00	4.92239e-02
3.97522e+00	4.90450e-02
4.02227e+00	4.88645e-02
4.06931e+00	4.86821e-02
4.11635e+00	4.84979e-02
4.16340e+00	4.83119e-02
4.21044e+00	4.81241e-02
4.25749e+00	4.79345e-02
4.30453e+00	4.77434e-02
4.35157e+00	4.75506e-02
4.39862e+00	4.73563e-02
4.44566e+00	4.71607e-02
4.49271e+00	4.69636e-02
4.53975e+00	4.67651e-02
4.58679e+00	4.65653e-02
4.63384e+00	4.63643e-02
4.68088e+00	4.61620e-02
4.72793e+00	4.59584e-02
4.77497e+00	4.57536e-02
4.82201e+00	4.55475e-02
4.86906e+00	4.53401e-02
4.91610e+00	4.51314e-02
4.96315e+00	4.49214e-02
5.01019e+00	4.47100e-02
5.05723e+00	4.44972e-02
5.10428e+00	4.42829e-02
5.15132e+00	4.40672e-02
5.19837e+00	4.38501e-02
5.24541e+00	4.36316e-02
5.29245e+00	4.34118e-02
5.33950e+00	4.31906e-02
5.38654e+00	4.29682e-02
5.43359e+00	4.27445e-02
5.48063e+00	4.25196e-02
5.52767e+00	4.22936e-02
5.57472e+00	4.20664e-02
5.62176e+00	4.18380e-02
5.66881e+00	4.16086e-02
5.71585e+00	4.13781e-02
5.76290e+00	4.11466e-02
5.80994e+00	4.09140e-02
5.85698e+00	4.06804e-02
5.90403e+00	4.04459e-02
5.95107e+00	4.02104e-02
5.99812e+00	3.99740e-02
6.04516e+00	3.97367e-02
6.09220e+00	3.94986e-02
6.13925e+00	3.92597e-02
6.18629e+00	3.90201e-02
6.23334e+00	3.87797e-02
6.28038e+00	3.85386e-02
6.32742e+00	3.82968e-02
6.37447e+00	3.80543e-02
6.42151e+00	3.78111e-02
6.46856e+00	3.75673e-02
6.51560e+00	3.73228e-02
6.56264e+00	3.70777e-02
6.60969e+00	3.68320e-02
6.65673e+00	3.65857e-02
6.70378e+00	3.63388e-02
6.75082e+00	3.60914e-02
6.79786e+00	3.58433e-02
6.84491e+00	3.55948e-02
6.89195e+00	3.53456e-02
6.93900e+00	3.50960e-02
6.98604e+00	3.48459e-02
7.03308e+00	3.45955e-02
7.08013e+00	3.43447e-02
7.12717e+00	3.40937e-02
7.17422e+00	3.38425e-02
7.22126e+00	3.35912e-02
7.26830e+00	3.33397e-02
7.31535e+00	3.30880e-02
7.36239e+00	3.28362e-02
7.40944e+00	3.25842e-02
7.45648e+00	3.23320e-02
7.50352e+00	3.20798e-02
7.55057e+00	3.18274e-02
7.59761e+00	3.15748e-02
7.64466e+00	3.13222e-02
7.69170e+00	3.10694e-02
7.73874e+00	3.08166e-02
7.78579e+00	3.05636e-02
7.83283e+00	3.03106e-02
7.87988e+00	3.00574e-02
7.92692e+00	2.98043e-02
7.97396e+00	2.95510e-02
8.02101e+00	2.92978e-02
8.06805e+00	2.90445e-02
8.11510e+00	2.87913e-02
8.16214e+00	2.85381e-02
8.20919e+00	2.82850e-02
8.25623e+00	2.80320e-02
8.30327e+00	2.77790e-02
8.35032e+00	2.75261e-02
8.39736e+00	2.72734e-02
8.44441e+00	2.70209e-02
8.49145e+00	2.67686e-02
8.53849e+00	2.65166e-02
8.58554e+00	2.62648e-02
8.63258e+00	2.60135e-02
8.67963e+00	2.57624e-02
8.72667e+00	2.55118e-02
8.77371e+00	2.52615e-02
8.82076e+00	2.50117e-02
8.86780e+00	2.47624e-02
8.91485e+00	2.45135e-02
8.96189e+00	2.42652e-02
9.00893e+00	2.40174e-02
9.05598e+00	2.37703e-02
9.10302e+00	2.35238e-02
9.15007e+00	2.32779e-02
9.19711e+00	2.30327e-02
9.24415e+00	2.27881e-02
9.29120e+00	2.25441e-02
9.33824e+00	2.23008e-02
9.38529e+00	2.20581e-02
9.43233e+00	2.18161e-02
9.47937e+00	2.15748e-02
9.52642e+00	2.13341e-02
9.57346e+00	2.10941e-02
9.62051e+00	2.08547e-02
9.66755e+00	2.06161e-02
9.71459e+00	2.03781e-02
9.76164e+00	2.01409e-02
9.80868e+00	1.99044e-02
9.85573e+00	1.96687e-02
9.90277e+00	1.94338e-02
9.94981e+00	1.91996e-02
9.99686e+00	1.89662e-02
1.00439e+01	1.87335e-02
1.00909e+01	1.85022e-02
1.01380e+01	1.82721e-02
1.01850e+01	1.80433e-02
1.02321e+01	1.78159e-02
1.02791e+01	1.75897e-02
1.03262e+01	1.73647e-02
1.03732e+01	1.71410e-02
1.04203e+01	1.69186e-02
1.04673e+01	1.66974e-02
1.05143e+01	1.64774e-02
1.05614e+01	1.62586e-02
1.06084e+01	1.60410e-02
1.06555e+01	1.58248e-02
1.07025e+01	1.56102e-02
1.07496e+01	1.53972e-02
1.07966e+01	1.51858e-02
1.08437e+01	1.49761e-02
1.08907e+01	1.47679e-02
1.09377e+01	1.45612e-02
1.09848e+01	1.43562e-02
1.10318e+01	1.41526e-02
1.10789e+01	1.39505e-02
1.11259e+01	1.37500e-02
1.11730e+01	1.35509e-02
1.12200e+01	1.33532e-02
1.12670e+01	1.31569e-02
1.13141e+01	1.29620e-02
1.13611e+01	1.27685e-02
1.14082e+01	1.25763e-02
1.14552e+01	1.23854e-02
1.15023e+01	1.21957e-02
1.15493e+01	1.20072e-02
1.15964e+01	1.18198e-02
1.16434e+01	1.16337e-02
1.16904e+01	1.14490e-02
1.17375e+01	1.12661e-02
1.17845e+01	1.10847e-02
1.18316e+01	1.09049e-02
1.18786e+01	1.07267e-02
1.19257e+01	1.05505e-02
1.19727e+01	1.03761e-02
1.20198e+01	1.02035e-02
1.20668e+01	1.00325e-02
1.21138e+01	9.86311e-03
1.21609e+01	9.69526e-03
1.22079e+01	9.52897e-03
1.22550e+01	9.36426e-03
1.23020e+01	9.20115e-03
1.23491e+01	9.03971e-03
1.23961e+01	8.87994e-03
1.24431e+01	8.72183e-03
1.24902e+01	8.56543e-03
1.25372e+01	8.41074e-03
1.25843e+01	8.25781e-03
1.26313e+01	8.10686e-03
1.26784e+01	7.95796e-03
1.27254e+01	7.81110e-03
1.27725e+01	7.66627e-03
1.28195e+01	7.52346e-03
1.28665e+01	7.38263e-03
1.29136e+01	7.24367e-03
1.29606e+01	7.10653e-03
1.30077e+01	6.97104e-03
1.30547e+01	6.83709e-03
1.31018e+01	6.70586e-03
1.31488e+01	6.57670e-03
1.31959e+01	6.44901e-03
1.32429e+01	6.32313e-03
1.32899e+01	6.19887e-03
1.33370e+01	6.07605e-03
1.33840e+01	5.95453e-03
1.34311e+01	5.83429e-03
1.34781e+01	5.71536e-03
1.35252e+01	5.59788e-03
1.35722e+01	5.48183e-03
1.36192e+01	5.36722e-03
1.36663e+01	5.25406e-03
1.37133e+01	5.14235e-03
1.37604e+01	5.03210e-03
1.38074e+01	4.92330e-03
1.38545e+01	4.81593e-03
1.39015e+01	4.71000e-03
1.39486e+01	4.60551e-03
1.39956e+01	4.50247e-03
1.40426e+01	4.40089e-03
1.40897e+01	4.30081e-03
1.41367e+01	4.20224e-03
1.41838e+01	4.10519e-03
1.42308e+01	4.00968e-03
1.42779e+01	3.91569e-03
1.43249e+01	3.82324e-03
1.43720e+01	3.73233e-03
1.44190e+01	3.64298e-03
1.44660e+01	3.55519e-03
1.45131e+01	3.46896e-03
1.45601e+01	3.38429e-03
1.46072e+01	3.30118e-03
1.46542e+01	3.21961e-03
1.47013e+01	3.13960e-03
1.47483e+01	3.06113e-03
1.47954e+01	2.98419e-03
1.48424e+01	2.90877e-03
1.48894e+01	2.83487e-03
1.49365e+01	2.76248e-03
1.49835e+01	2.69159e-03
1.50306e+01	2.62218e-03
1.50776e+01	2.55425e-03
1.51247e+01	2.48778e-03
1.51717e+01	2.42273e-03
1.52187e+01	2.35908e-03
1.52658e+01	2.29680e-03
1.53128e+01	2.23587e-03
1.53599e+01	2.17627e-03
1.54069e+01	2.11797e-03
1.54540e+01	2.06094e-03
1.55010e+01	2.00517e-03
1.55481e+01	1.95063e-03
1.55951e+01	1.89729e-03
1.56421e+01	1.84513e-03
1.56892e+01	1.79413e-03
1.57362e+01	1.74425e-03
1.57833e+01	1.69549e-03
1.58303e+01	1.64779e-03
1.58774e+01	1.60116e-03
1.59244e+01	1.55560e-03
1.59715e+01	1.51110e-03
1.60185e+01	1.46766e-03
1.60655e+01	1.42527e-03
1.61126e+01	1.38390e-03
1.61596e+01	1.34356e-03
1.62067e+01	1.30421e-03
1.62537e+01	1.26584e-03
1.63008e+01	1.22844e-03
1.63478e+01	1.19199e-03
1.63948e+01	1.15647e-03
1.64419e+01	1.12186e-03
1.64889e+01	1.08815e-03
1.65360e+01	1.05531e-03
1.65830e+01	1.02334e-03
1.66301e+01	9.92205e-04
1.66771e+01	9.61904e-04
1.67242e+01	9.32415e-04
1.67712e+01	9.03723e-04
1.68182e+01	8.75812e-04
1.68653e+01	8.48666e-04
1.69123e+01	8.22270e-04
1.69594e+01	7.96607e-04
1.70064e+01	7.71662e-04
1.70535e+01	7.47420e-04
1.71005e+01	7.23866e-04
1.71476e+01	7.00984e-04
1.71946e+01	6.78757e-04
1.72416e+01	6.57169e-04
1.72887e+01	6.36207e-04
1.73357e+01	6.15854e-04
1.73828e+01	5.96096e-04
1.74298e+01	5.76917e-04
1.74769e+01	5.58304e-04
1.75239e+01	5.40242e-04
1.75709e+01	5.22717e-04
1.76180e+01	5.05716e-04
1.76650e+01	4.89226e-04
1.77121e+01	4.73235e-04
1.77591e+01	4.57729e-04
1.78062e+01	4.42697e-04
1.78532e+01	4.28127e-04
1.79003e+01	4.14004e-04
1.79473e+01	4.00315e-04
1.79943e+01	3.87050e-04
1.80414e+01	3.74198e-04
1.80884e+01	3.61748e-04
1.81355e+01	3.49688e-04
1.81825e+01	3.38008e-04
1.82296e+01	3.26695e-04
1.82766e+01	3.15736e-04
1.83237e+01	3.05123e-04
1.83707e+01	2.94845e-04
1.84177e+01	2.84893e-04
1.84648e+01	2.75258e-04
1.85118e+01	2.65929e-04
1.85589e+01	2.56899e-04
1.86059e+01	2.48158e-04
1.86530e+01	2.39697e-04
1.87000e+01	2.31510e-04
1.87471e+01	2.23588e-04
1.87941e+01	2.15924e-04
1.88411e+01	2.08509e-04
1.88882e+01	2.01338e-04
1.89352e+01	1.94401e-04
1.89823e+01	1.87694e-04
1.90293e+01	1.81208e-04
1.90764e+01	1.74938e-04
1.91234e+01	1.68877e-04
1.91704e+01	1.63018e-04
1.92175e+01	1.57356e-04
1.92645e+01	1.51883e-04
1.93116e+01	1.46594e-04
1.93586e+01	1.41484e-04
1.94057e+01	1.36546e-04
1.94527e+01	1.31775e-04
1.94998e+01	1.27166e-04
1.95468e+01	1.22713e-04
1.95938e+01	1.18413e-04
1.96409e+01	1.14260e-04
1.96879e+01	1.10249e-04
1.97350e+01	1.06376e-04
1.97820e+01	1.02637e-04
1.98291e+01	9.90271e-05
1.98761e+01	9.55426e-05
1.99232e+01	9.21791e-05
1.99702e+01	8.89299e-05
2.00172e+01	8.57914e-05
2.00643e+01	8.27600e-05
2.01113e+01	7.98323e-05
2.01584e+01	7.70049e-05
2.02054e+01	7.42746e-05
2.02525e+01	7.16381e-05
2.02995e+01	6.90926e-05
2.03465e+01	6.66349e-05
2.03936e+01	6.42622e-05
2.04406e+01	6.19717e-05
2.04877e+01	5.97608e-05
2.05347e+01	5.76269e-05
2.05818e+01	5.55676e-05
2.06288e+01	5.35803e-05
2.06759e+01	5.16624e-05
2.07229e+01	4.98114e-05
2.07699e+01	4.80251e-05
2.08170e+01	4.63012e-05
2.08640e+01	4.46376e-05
2.09111e+01	4.30323e-05
2.09581e+01	4.14834e-05
2.10052e+01	3.99888e-05
2.10522e+01	3.85469e-05
2.10993e+01	3.71558e-05
2.11463e+01	3.58137e-05
2.11933e+01	3.45190e-05
2.12404e+01	3.32701e-05
2.12874e+01	3.20653e-05
2.13345e+01	3.09032e-05
2.13815e+01	2.97822e-05
2.14286e+01	2.87010e-05
2.14756e+01	2.76582e-05
2.15226e+01	2.66525e-05
2.15697e+01	2.56825e-05
2.16167e+01	2.47471e-05
2.16638e+01	2.38451e-05
2.17108e+01	2.29753e-05
2.17579e+01	2.21366e-05
2.18049e+01	2.13280e-05
2.18520e+01	2.05484e-05
2.18990e+01	1.97969e-05
2.19460e+01	1.90725e-05
2.19931e+01	1.83742e-05
2.20401e+01	1.77012e-05
2.20872e+01	1.70526e-05
2.21342e+01	1.64276e-05
2.21813e+01	1.58253e-05
2.22283e+01	1.52448e-05
2.22754e+01	1.46855e-05
2.23224e+01	1.41465e-05
2.23694e+01	1.36270e-05
2.24165e+01	1.31264e-05
2.24635e+01	1.26441e-05
2.25106e+01	1.21792e-05
2.25576e+01	1.17313e-05
2.26047e+01	1.12996e-05
2.26517e+01	1.08836e-05
2.26987e+01	1.04828e-05
2.27458e+01	1.00966e-05
2.27928e+01	9.72446e-06
2.28399e+01	9.36591e-06
2.28869e+01	9.02045e-06
2.29340e+01	8.68762e-06
2.29810e+01	8.36697e-06
2.30281e+01	8.05807e-06
2.30751e+01	7.76049e-06
2.31221e+01	7.47383e-06
2.31692e+01	7.19769e-06
2.32162e+01	6.93169e-06
2.32633e+01	6.67546e-06
2.33103e+01	6.42864e-06
2.33574e+01	6.19089e-06
2.34044e+01	5.96188e-06
2.34515e+01	5.74129e-06
2.34985e+01	5.52882e-06
2.35455e+01	5.32417e-06
2.35926e+01	5.12705e-06
2.36396e+01	4.93719e-06
2.36867e+01	4.75433e-06
2.37337e+01	4.57820e-06
2.37808e+01	4.40857e-06
2.38278e+01	4.24520e-06
2.38749e+01	4.08785e-06
2.39219e+01	3.93631e-06
2.39689e+01	3.79036e-06
2.40160e+01	3.64981e-06
2.40630e+01	3.51444e-06
2.41101e+01	3.38408e-06
2.41571e+01	3.25854e-06
2.42042e+01	3.13765e-06
2.42512e+01	3.02122e-06
2.42982e+01	2.90911e-06
2.43453e+01	2.80116e-06
2.43923e+01	2.69721e-06
2.44394e+01	2.59711e-06
2.44864e+01	2.50074e-06
2.45335e+01	2.40794e-06
2.45805e+01	2.31860e-06
2.46276e+01	2.23257e-06
2.46746e+01	2.14976e-06
2.47216e+01	2.07003e-06
2.47687e+01	1.99326e-06
2.48157e+01	1.91934e-06
2.48628e+01	1.84817e-06
2.49098e+01	1.77964e-06
2.49569e+01	1.71367e-06
2.50039e+01	1.65015e-06
2.50510e+01	1.58900e-06
2.50980e+01	1.53013e-06
2.51450e+01	1.47347e-06
2.51921e+01	1.41891e-06
2.52391e+01	1.36637e-06
2.52862e+01	1.31577e-06
2.53332e+01	1.26703e-06
2.53803e+01	1.22010e-06
2.54273e+01	1.17489e-06
2.54743e+01	1.13135e-06
2.55214e+01	1.08942e-06
2.55684e+01	1.04902e-06
2.56155e+01	1.01012e-06
2.56625e+01	9.72649e-07
2.57096e+01	9.36558e-07
2.57566e+01	9.01797e-07
2.58037e+01	8.68318e-07
2.58507e+01	8.36075e-07
2.58977e+01	8.05023e-07
2.59448e+01	7.75119e-07
2.59918e+01	7.46322e-07
2.60389e+01	7.18593e-07
2.60859e+01	6.91893e-07
2.61330e+01	6.66184e-07
2.61800e+01	6.41430e-07
2.62271e+01	6.17594e-07
2.62741e+01	5.94644e-07
2.63211e+01	5.72545e-07
2.63682e+01	5.51266e-07
2.64152e+01	5.30778e-07
2.64623e+01	5.11049e-07
2.65093e+01	4.92053e-07
2.65564e+01	4.73762e-07
2.66034e+01	4.56150e-07
2.66504e+01	4.39191e-07
2.66975e+01	4.22863e-07
2.67445e+01	4.07140e-07
2.67916e+01	3.92001e-07
2.68386e+01	3.77425e-07
2.68857e+01	3.63390e-07
2.69327e+01	3.49875e-07
2.69798e+01	3.36863e-07
2.70268e+01	3.24334e-07
2.70738e+01	3.12271e-07
2.71209e+01	3.00655e-07
2.71679e+01	2.89471e-07
2.72150e+01	2.78703e-07
2.72620e+01	2.68334e-07
2.73091e+01	2.58351e-07
2.73561e+01	2.48739e-07
2.74032e+01	2.39485e-07
2.74502e+01	2.30574e-07
2.74972e+01	2.21994e-07
2.75443e+01	2.13734e-07
2.75913e+01	2.05780e-07
2.76384e+01	1.98122e-07
2.76854e+01	1.90749e-07
2.77325e+01	1.83650e-07
2.77795e+01	1.76815e-07
2.78266e+01	1.70234e-07
2.78736e+01	1.63897e-07
2.79206e+01	1.57796e-07
2.79677e+01	1.51922e-07
2.80147e+01	1.46267e-07
2.80618e+01	1.40822e-07
2.81088e+01	1.35579e-07
2.81559e+01	1.30531e-07
2.82029e+01	1.25671e-07
2.82499e+01	1.20991e-07
2.82970e+01	1.16486e-07
2.83440e+01	1.12148e-07
2.83911e+01	1.07972e-07
2.84381e+01	1.03951e-07
2.84852e+01	1.00080e-07
2.85322e+01	9.63532e-08
2.85793e+01	9.27651e-08
2.86263e+01	8.93105e-08
2.86733e+01	8.59847e-08
2.87204e+01	8.27827e-08
2.87674e+01	7.97001e-08
2.88145e+01	7.67324e-08
2.88615e+01	7.38753e-08
2.89086e+01	7.11247e-08
2.89556e+01	6.84767e-08
2.90027e+01	6.59274e-08
2.90497e+01	6.34733e-08
2.90967e+01	6.11107e-08
2.91438e+01	5.88362e-08
2.91908e+01	5.66467e-08
2.92379e+01	5.45389e-08
2.92849e+01	5.25098e-08
2.93320e+01	5.05565e-08
2.93790e+01	4.86761e-08
2.94260e+01	4.68661e-08
2.94731e+01	4.51237e-08
2.95201e+01	4.34464e-08
2.95672e+01	4.18319e-08
2.96142e+01	4.02778e-08
2.96613e+01	3.87816e-08
2.97083e+01	3.73414e-08
2.97554e+01	3.59551e-08
2.98024e+01	3.46205e-08
2.98494e+01	3.33359e-08
2.98965e+01	3.20995e-08
2.99435e+01	3.09093e-08
2.99906e+01	2.97638e-08
3.00376e+01	2.86612e-08
3.00847e+01	2.76001e-08
3.01317e+01	2.65786e-08
3.01788e+01	2.55950e-08
3.02258e+01	2.46479e-08
3.02728e+01	2.37360e-08
3.03199e+01	2.28578e-08
3.03669e+01	2.20122e-08
3.04140e+01	2.11979e-08
3.04610e+01	2.04138e-08
3.05081e+01	1.96587e-08
3.05551e+01	1.89315e-08
3.06021e+01	1.82313e-08
3.06492e+01	1.75569e-08
3.06962e+01	1.69075e-08
3.07433e+01	1.62821e-08
3.07903e+01	1.56798e-08
3.08374e+01	1.50998e-08
3.08844e+01	1.45412e-08
3.09315e+01	1.40033e-08
3.09785e+01	1.34853e-08
3.10255e+01	1.29864e-08
3.10726e+01	1.25059e-08
3.11196e+01	1.20432e-08
3.11667e+01	1.15977e-08
3.12137e+01	1.11685e-08
3.12608e+01	1.07553e-08
3.13078e+01	1.03573e-08
3.13549e+01	9.97404e-09
3.14019e+01	9.60494e-09
3.14489e+01	9.24949e-09
3.14960e+01	8.90718e-09
3.15430e+01	8.57753e-09
3.15901e+01	8.26007e-09
3.16371e+01	7.95435e-09
3.16842e+01	7.65994e-09
3.17312e+01	7.37642e-09
3.17782e+01	7.10339e-09
3.18253e+01	6.84046e-09
3.18723e+01	6.58725e-09
3.19194e+01	6.34342e-09
3.19664e+01	6.10861e-09
3.20135e+01	5.88248e-09
3.20605e+01	5.66473e-09
3.21076e+01	5.45504e-09
3.21546e+01	5.25312e-09
3.22016e+01	5.05868e-09
3.22487e+01	4.87143e-09
3.22957e+01	4.69112e-09
3.23428e+01	4.51749e-09
3.23898e+01	4.35029e-09
3.24369e+01	4.18928e-09
3.24839e+01	4.03423e-09
3.25310e+01	3.88492e-09
3.25780e+01	3.74114e-09
3.26250e+01	3.60269e-09
3.26721e+01	3.46936e-09
3.27191e+01	3.34097e-09
3.27662e+01	3.21733e-09
3.28132e+01	3.09828e-09
3.28603e+01	2.98363e-09
3.29073e+01	2.87322e-09
3.29544e+01	2.76691e-09
3.30014e+01	2.66453e-09
3.30484e+01	2.56594e-09
3.30955e+01	2.47100e-09
3.31425e+01	2.37958e-09
3.31896e+01	2.29154e-09
3.32366e+01	2.20677e-09
3.32837e+01	2.12513e-09
3.33307e+01	2.04652e-09
3.33777e+01	1.97082e-09
3.34248e+01	1.89792e-09
3.34718e+01	1.82772e-09
3.35189e+01	1.76012e-09
3.35659e+01	1.69502e-09
3.36130e+01	1.63234e-09
3.36600e+01	1.57198e-09
3.37071e+01	1.51385e-09
3.37541e+01	1.45788e-09
3.38011e+01	1.40398e-09
3.38482e+01	1.35208e-09
3.38952e+01	1.30210e-09
3.39423e+01	1.25397e-09
3.39893e+01	1.20763e-09
3.40364e+01	1.16301e-09
3.40834e+01	1.12004e-09
3.41305e+01	1.07867e-09
3.41775e+01	1.03883e-09
3.42245e+01	1.00046e-09
3.42716e+01	9.63522e-10
3.43186e+01	9.27949e-10
3.43657e+01	8.93695e-10
3.44127e+01	8.60711e-10
3.44598e+01	8.28948e-10
3.45068e+01	7.98361e-10
3.45538e+01	7.68908e-10
3.46009e+01	7.40545e-10
3.46479e+01	7.13233e-10
3.46950e+01	6.86932e-10
3.47420e+01	6.61604e-10
3.47891e+01	6.37214e-10
3.48361e+01	6.13727e-10
3.48832e+01	5.91108e-10
3.49302e+01	5.69327e-10
3.49772e+01	5.48350e-10
3.50243e+01	5.28150e-10
3.50713e+01	5.08696e-10
3.51184e+01	4.89961e-10
3.51654e+01	4.71918e-10
3.52125e+01	4.54543e-10
3.52595e+01	4.37809e-10
3.53066e+01	4.21694e-10
3.53536e+01	4.06174e-10
3.54006e+01	3.91228e-10
3.54477e+01	3.76834e-10
3.54947e+01	3.62971e-10
3.55418e+01	3.49621e-10
3.55888e+01	3.36764e-10
3.56359e+01	3.24382e-10
3.56829e+01	3.12457e-10
3.57299e+01	3.00973e-10
3.57770e+01	2.89913e-10
3.58240e+01	2.79261e-10
3.58711e+01	2.69003e-10
3.59181e+01	2.59125e-10
3.59652e+01	2.49611e-10
3.60122e+01	2.40448e-10
3.60593e+01	2.31625e-10
3.61063e+01	2.23129e-10
3.61533e+01	2.14947e-10
3.62004e+01	2.07068e-10
3.62474e+01	1.99480e-10
3.62945e+01	1.92173e-10
3.63415e+01	1.85136e-10
3.63886e+01	1.78359e-10
3.64356e+01	1.71832e-10
3.64827e+01	1.65547e-10
3.65297e+01	1.59493e-10
3.65767e+01	1.53662e-10
3.66238e+01	1.48047e-10
3.66708e+01	1.42638e-10
3.67179e+01	1.37429e-10
3.67649e+01	1.32412e-10
3.68120e+01	1.27580e-10
3.68590e+01	1.22925e-10
3.69061e+01	1.18442e-10
3.69531e+01	1.14124e-10
3.70001e+01	1.09965e-10
3.70472e+01	1.05959e-10
3.70942e+01	1.02100e-10
3.71413e+01	9.83827e-11
3.71883e+01	9.48022e-11
3.72354e+01	9.13534e-11
3.72824e+01	8.80313e-11
3.73294e+01	8.48312e-11
3.73765e+01	8.17485e-11
3.74235e+01	7.87791e-11
3.74706e+01	7.59185e-11
3.75176e+01	7.31629e-11
3.75647e+01	7.05083e-11
3.76117e+01	6.79510e-11
3.76588e+01	6.54874e-11
3.77058e+01	6.31141e-11
3.77528e+01	6.08276e-11
3.77999e+01	5.86248e-11
3.78469e+01	5.65026e-11
3.78940e+01	5.44581e-11
3.79410e+01	5.24883e-11
3.79881e+01	5.05905e-11
3.80351e+01	4.87622e-11
3.80822e+01	4.70006e-11
3.81292e+01	4.53033e-11
3.81762e+01	4.36681e-11
3.82233e+01	4.20926e-11
3.82703e+01	4.05745e-11
3.83174e+01	3.91119e-11
3.83644e+01	3.77027e-11
3.84115e+01	3.63449e-11
3.84585e+01	3.50367e-11
3.85055e+01	3.37763e-11
3.85526e+01	3.25618e-11
3.85996e+01	3.13916e-11
3.86467e+01	3.02640e-11
3.86937e+01	2.91775e-11
3.87408e+01	2.81306e-11
3.87878e+01	2.71217e-11
3.88349e+01	2.61496e-11
3.88819e+01	2.52127e-11
3.89289e+01	2.43099e-11
3.89760e+01	2.34400e-11
3.90230e+01	2.26016e-11
3.90701e+01	2.17936e-11
3.91171e+01	2.10149e-11
3.91642e+01	2.02645e-11
3.92112e+01	1.95413e-11
3.92583e+01	1.88443e-11
3.93053e+01	1.81725e-11
3.93523e+01	1.75251e-11
3.93994e+01	1.69011e-11
3.94464e+01	1.62997e-11
3.94935e+01	1.57200e-11
3.95405e+01	1.51613e-11
3.95876e+01	1.46229e-11
3.96346e+01	1.41038e-11
3.96816e+01	1.36036e-11
3.97287e+01	1.31214e-11
3.97757e+01	1.26567e-11
3.98228e+01	1.22088e-11
3.98698e+01	1.17771e-11
3.99169e+01	1.13610e-11
3.99639e+01	1.09599e-11
4.00110e+01	1.05733e-11
4.00580e+01	1.02006e-11
4.01050e+01	9.84112e-12
4.01521e+01	9.49451e-12
4.01991e+01	9.16027e-12
4.02462e+01	8.83794e-12
4.02932e+01	8.52709e-12
4.03403e+01	8.22730e-12
4.03873e+01	7.93817e-12
4.04344e+01	7.65930e-12
4.04814e+01	7.39034e-12
4.05284e+01	7.13093e-12
4.05755e+01	6.88071e-12
4.06225e+01	6.63936e-12
4.06696e+01	6.40655e-12
4.07166e+01	6.18199e-12
4.07637e+01	5.96538e-12
4.08107e+01	5.75642e-12
4.08577e+01	5.55485e-12
4.09048e+01	5.36040e-12
4.09518e+01	5.17282e-12
4.09989e+01	4.99186e-12
4.10459e+01	4.81729e-12
4.10930e+01	4.64887e-12
4.11400e+01	4.48639e-12
4.11871e+01	4.32964e-12
4.12341e+01	4.17840e-12
4.12811e+01	4.03250e-12
4.13282e+01	3.89172e-12
4.13752e+01	3.75591e-12
4.14223e+01	3.62486e-12
4.14693e+01	3.49843e-12
4.15164e+01	3.37644e-12
4.15634e+01	3.25873e-12
4.16105e+01	3.14515e-12
4.16575e+01	3.03557e-12
4.17045e+01	2.92982e-12
4.17516e+01	2.82779e-12
4.17986e+01	2.72933e-12
4.18457e+01	2.63432e-12
4.18927e+01	2.54264e-12
4.19398e+01	2.45417e-12
4.19868e+01	2.36880e-12
4.20339e+01	2.28641e-12
4.20809e+01	2.20691e-12
4.21279e+01	2.13019e-12
4.21750e+01	2.05614e-12
4.22220e+01	1.98469e-12
4.22691e+01	1.91572e-12
4.23161e+01	1.84917e-12
4.23632e+01	1.78494e-12
4.24102e+01	1.72295e-12
4.24572e+01	1.66311e-12
4.25043e+01	1.60537e-12
4.25513e+01	1.54963e-12
4.25984e+01	1.49584e-12
4.26454e+01	1.44391e-12
4.26925e+01	1.39379e-12
4.27395e+01	1.34542e-12
4.27866e+01	1.29872e-12
4.28336e+01	1.25365e-12
4.28806e+01	1.21014e-12
4.29277e+01	1.16814e-12
4.29747e+01	1.12760e-12
4.30218e+01	1.08846e-12
4.30688e+01	1.05068e-12
4.31159e+01	1.01420e-12
4.31629e+01	9.78986e-13
4.32100e+01	9.44988e-13
4.32570e+01	9.12163e-13
4.33040e+01	8.80471e-13
4.33511e+01	8.49870e-13
4.33981e+01	8.20323e-13
4.34452e+01	7.91792e-13
4.34922e+01	7.64242e-13
4.35393e+01	7.37637e-13
4.35863e+01	7.11944e-13
4.36333e+01	6.87132e-13
4.36804e+01	6.63168e-13
4.37274e+01	6.40024e-13
4.37745e+01	6.17669e-13
4.38215e+01	5.96075e-13
4.38686e+01	5.75217e-13
4.39156e+01	5.55067e-13
4.39627e+01	5.35601e-13
4.40097e+01	5.16793e-13
4.40567e+01	4.98621e-13
4.41038e+01	4.81062e-13
4.41508e+01	4.64095e-13
4.41979e+01	4.47697e-13
4.42449e+01	4.31848e-13
4.42920e+01	4.16530e-13
4.43390e+01	4.01722e-13
4.43861e+01	3.87407e-13
4.44331e+01	3.73566e-13
4.44801e+01	3.60183e-13
4.45272e+01	3.47241e-13
4.45742e+01	3.34724e-13
4.46213e+01	3.22616e-13
4.46683e+01	3.10903e-13
4.47154e+01	2.99570e-13
4.47624e+01	2.88604e-13
4.48094e+01	2.77990e-13
4.48565e+01	2.67716e-13
4.49035e+01	2.57769e-13
4.49506e+01	2.48137e-13
4.49976e+01	2.38809e-13
4.50447e+01	2.29772e-13
4.50917e+01	2.21015e-13
4.51388e+01	2.12529e-13
4.51858e+01	2.04303e-13
4.52328e+01	1.96327e-13
4.52799e+01	1.88591e-13
4.53269e+01	1.81086e-13
4.53740e+01	1.73802e-13
4.54210e+01	1.66732e-13
4.54681e+01	1.59867e-13
4.55151e+01	1.53197e-13
4.55622e+01	1.46717e-13
4.56092e+01	1.40417e-13
4.56562e+01	1.34290e-13
4.57033e+01	1.28329e-13
4.57503e+01	1.22528e-13
4.57974e+01	1.16879e-13
4.58444e+01	1.11375e-13
4.58915e+01	1.06011e-13
4.59385e+01	1.00780e-13
4.59856e+01	9.56765e-14
4.60326e+01	9.06944e-14
4.60796e+01	8.58282e-14
4.61267e+01	8.10723e-14
4.61737e+01	7.64215e-14
4.62208e+01	7.18707e-14
4.62678e+01	6.74150e-14
4.63149e+01	6.30495e-14
4.63619e+01	5.87698e-14
4.64089e+01	5.45714e-14
4.64560e+01	5.04501e-14
4.65030e+01	4.64018e-14
4.65501e+01	4.24228e-14
4.65971e+01	3.85093e-14
4.66442e+01	3.46580e-14
4.66912e+01	3.08655e-14
4.67383e+01	2.71289e-14
4.67853e+01	2.34455e-14
4.68323e+01	1.98127e-14
4.68794e+01	1.62283e-14
4.69264e+01	1.26904e-14
4.69735e+01	9.19736e-15
4.70205e+01	5.74803e-15
