# The ell = 1 distribution, the first anisotropy.
# E_N [Td]	1.50000e+02
# col_1: Electron Energy [eV], col_2: f1 [eV^(-3/2)]
eV	f1
5.79659e-02	1.59678e-03
1.15932e-01	2.11885e-03
1.73898e-01	2.40014e-03
2.31863e-01	2.65936e-03
2.89829e-01	2.95117e-03
3.47795e-01	3.24228e-03
4.05761e-01	3.49901e-03
4.63727e-01	3.76792e-03
5.21693e-01	4.04696e-03
5.79659e-01	4.34026e-03
6.37625e-01	4.64338e-03
6.95590e-01	4.96426e-03
7.53556e-01	5.30081e-03
8.11522e-01	5.63383e-03
8.69488e-01	5.96583e-03
9.27454e-01	6.30490e-03
9.85420e-01	6.66291e-03
1.04339e+00	7.04228e-03
1.10135e+00	7.39901e-03
1.15932e+00	7.72461e-03
1.21728e+00	8.02597e-03
1.27525e+00	8.31252e-03
1.33322e+00	8.58573e-03
1.39118e+00	8.87492e-03
1.44915e+00	9.13935e-03
1.50711e+00	9.37500e-03
1.56508e+00	9.60066e-03
1.62304e+00	9.82586e-03
1.68101e+00	1.00614e-02
1.73898e+00	1.03015e-02
1.79694e+00	1.05008e-02
1.85491e+00	1.06415e-02
1.91287e+00	1.07265e-02
1.97084e+00	1.07315e-02
2.02881e+00	1.06735e-02
2.08677e+00	1.05951e-02
2.14474e+00	1.04961e-02
2.20270e+00	1.03656e-02
2.26067e+00	1.02328e-02
2.31863e+00	1.01047e-02
2.37660e+00	9.97454e-03
2.43457e+00	9.84150e-03
2.49253e+00	9.68745e-03
2.55050e+00	9.53898e-03
2.60846e+00	9.41675e-03
2.66643e+00	9.29801e-03
2.72440e+00	9.17872e-03
2.78236e+00	9.08702e-03
2.84033e+00	8.99943e-03
2.89829e+00	8.89816e-03
2.95626e+00	8.80928e-03
3.01423e+00	8.74115e-03
3.07219e+00	8.67542e-03
3.13016e+00	8.60956e-03
3.18812e+00	8.55090e-03
3.24609e+00	8.49361e-03
3.30405e+00	8.43807e-03
3.36202e+00	8.38831e-03
3.41999e+00	8.34306e-03
3.47795e+00	8.29962e-03
3.53592e+00	8.25757e-03
3.59388e+00	8.21592e-03
3.65185e+00	8.17449e-03
3.70982e+00	8.13361e-03
3.76778e+00	8.09372e-03
3.82575e+00	8.05547e-03
3.88371e+00	8.01883e-03
3.94168e+00	7.98237e-03
3.99965e+00	7.94602e-03
4.05761e+00	7.90951e-03
4.11558e+00	7.87232e-03
4.17354e+00	7.83446e-03
4.23151e+00	7.79596e-03
4.28947e+00	7.75682e-03
4.34744e+00	7.71699e-03
4.40541e+00	7.67651e-03
4.46337e+00	7.63549e-03
4.52134e+00	7.59406e-03
4.57930e+00	7.55235e-03
4.63727e+00	7.51062e-03
4.69524e+00	7.46908e-03
4.75320e+00	7.42780e-03
4.81117e+00	7.38679e-03
4.86913e+00	7.34615e-03
4.92710e+00	7.30599e-03
4.98507e+00	7.26614e-03
5.04303e+00	7.22647e-03
5.10100e+00	7.18690e-03
5.15896e+00	7.14734e-03
5.21693e+00	7.10766e-03
5.27489e+00	7.06789e-03
5.33286e+00	7.02805e-03
5.39083e+00	6.98815e-03
5.44879e+00	6.94821e-03
5.50676e+00	6.90825e-03
5.56472e+00	6.86828e-03
5.62269e+00	6.82831e-03
5.68066e+00	6.78837e-03
5.73862e+00	6.74846e-03
5.79659e+00	6.70861e-03
5.85455e+00	6.66882e-03
5.91252e+00	6.62910e-03
5.97048e+00	6.58947e-03
6.02845e+00	6.54993e-03
6.08642e+00	6.51050e-03
6.14438e+00	6.47118e-03
6.20235e+00	6.43198e-03
6.26031e+00	6.39291e-03
6.31828e+00	6.35398e-03
6.37625e+00	6.31519e-03
6.43421e+00	6.27656e-03
6.49218e+00	6.23808e-03
6.55014e+00	6.19976e-03
6.60811e+00	6.16161e-03
6.66608e+00	6.12363e-03
6.72404e+00	6.08584e-03
6.78201e+00	6.04823e-03
6.83997e+00	6.01080e-03
6.89794e+00	5.97356e-03
6.95590e+00	5.93650e-03
7.01387e+00	5.89963e-03
7.07184e+00	5.86297e-03
7.12980e+00	5.82650e-03
7.18777e+00	5.79025e-03
7.24573e+00	5.75422e-03
7.30370e+00	5.71842e-03
7.36167e+00	5.68284e-03
7.41963e+00	5.64747e-03
7.47760e+00	5.61227e-03
7.53556e+00	5.57726e-03
7.59353e+00	5.54243e-03
7.65150e+00	5.50778e-03
7.70946e+00	5.47331e-03
7.76743e+00	5.43904e-03
7.82539e+00	5.40488e-03
7.88336e+00	5.37078e-03
7.94132e+00	5.33673e-03
7.99929e+00	5.30274e-03
8.05726e+00	5.26879e-03
8.11522e+00	5.23487e-03
8.17319e+00	5.20098e-03
8.23115e+00	5.16714e-03
8.28912e+00	5.13327e-03
8.34709e+00	5.09936e-03
8.40505e+00	5.06538e-03
8.46302e+00	5.03133e-03
8.52098e+00	4.99711e-03
8.57895e+00	4.96280e-03
8.63692e+00	4.92848e-03
8.69488e+00	4.89414e-03
8.75285e+00	4.85980e-03
8.81081e+00	4.82547e-03
8.86878e+00	4.79115e-03
8.92674e+00	4.75684e-03
8.98471e+00	4.72255e-03
9.04268e+00	4.68833e-03
9.10064e+00	4.65430e-03
9.15861e+00	4.62046e-03
9.21657e+00	4.58681e-03
9.27454e+00	4.55337e-03
9.33251e+00	4.52013e-03
9.39047e+00	4.48710e-03
9.44844e+00	4.45426e-03
9.50640e+00	4.42164e-03
9.56437e+00	4.38923e-03
9.62234e+00	4.35703e-03
9.68030e+00	4.32501e-03
9.73827e+00	4.29318e-03
9.79623e+00	4.26152e-03
9.85420e+00	4.23005e-03
9.91216e+00	4.19876e-03
9.97013e+00	4.16767e-03
1.00281e+01	4.13677e-03
1.00861e+01	4.10611e-03
1.01440e+01	4.07576e-03
1.02020e+01	4.04570e-03
1.02600e+01	4.01594e-03
1.03179e+01	3.98647e-03
1.03759e+01	3.95728e-03
1.04339e+01	3.92837e-03
1.04918e+01	3.89975e-03
1.05498e+01	3.87142e-03
1.06078e+01	3.84335e-03
1.06657e+01	3.81550e-03
1.07237e+01	3.78794e-03
1.07817e+01	3.76065e-03
1.08396e+01	3.73363e-03
1.08976e+01	3.70688e-03
1.09556e+01	3.68039e-03
1.10135e+01	3.65417e-03
1.10715e+01	3.62822e-03
1.11294e+01	3.60253e-03
1.11874e+01	3.57711e-03
1.12454e+01	3.55194e-03
1.13033e+01	3.52700e-03
1.13613e+01	3.50228e-03
1.14193e+01	3.47780e-03
1.14772e+01	3.45353e-03
1.15352e+01	3.42949e-03
1.15932e+01	3.40535e-03
1.16511e+01	3.38020e-03
1.17091e+01	3.35321e-03
1.17671e+01	3.32712e-03
1.18250e+01	3.30063e-03
1.18830e+01	3.27132e-03
1.19410e+01	3.24318e-03
1.19989e+01	3.21591e-03
1.20569e+01	3.18894e-03
1.21149e+01	3.16206e-03
1.21728e+01	3.13512e-03
1.22308e+01	3.10805e-03
1.22888e+01	3.08067e-03
1.23467e+01	3.05301e-03
1.24047e+01	3.02524e-03
1.24627e+01	2.99726e-03
1.25206e+01	2.96906e-03
1.25786e+01	2.94057e-03
1.26366e+01	2.91187e-03
1.26945e+01	2.88313e-03
1.27525e+01	2.85447e-03
1.28105e+01	2.82603e-03
1.28684e+01	2.79804e-03
1.29264e+01	2.77088e-03
1.29844e+01	2.74436e-03
1.30423e+01	2.71628e-03
1.31003e+01	2.68712e-03
1.31583e+01	2.66184e-03
1.32162e+01	2.63562e-03
1.32742e+01	2.61075e-03
1.33322e+01	2.58697e-03
1.33901e+01	2.56364e-03
1.34481e+01	2.54008e-03
1.35060e+01	2.51590e-03
1.35640e+01	2.49179e-03
1.36220e+01	2.46754e-03
1.36799e+01	2.44318e-03
1.37379e+01	2.41873e-03
1.37959e+01	2.39419e-03
1.38538e+01	2.36955e-03
1.39118e+01	2.34473e-03
1.39698e+01	2.31962e-03
1.40277e+01	2.29422e-03
1.40857e+01	2.26854e-03
1.41437e+01	2.24260e-03
1.42016e+01	2.21642e-03
1.42596e+01	2.18999e-03
1.43176e+01	2.16327e-03
1.43755e+01	2.13628e-03
1.44335e+01	2.10906e-03
1.44915e+01	2.08163e-03
1.45494e+01	2.05402e-03
1.46074e+01	2.02627e-03
1.46654e+01	1.99839e-03
1.47233e+01	1.97041e-03
1.47813e+01	1.94236e-03
1.48393e+01	1.91426e-03
1.48972e+01	1.88612e-03
1.49552e+01	1.85796e-03
1.50132e+01	1.82983e-03
1.50711e+01	1.80182e-03
1.51291e+01	1.77400e-03
1.51871e+01	1.74637e-03
1.52450e+01	1.71895e-03
1.53030e+01	1.69175e-03
1.53610e+01	1.66477e-03
1.54189e+01	1.63802e-03
1.54769e+01	1.61150e-03
1.55349e+01	1.58523e-03
1.55928e+01	1.55920e-03
1.56508e+01	1.53342e-03
1.57088e+01	1.50790e-03
1.57667e+01	1.48263e-03
1.58247e+01	1.45747e-03
1.58826e+01	1.43234e-03
1.59406e+01	1.40725e-03
1.59986e+01	1.38222e-03
1.60565e+01	1.35731e-03
1.61145e+01	1.33257e-03
1.61725e+01	1.30802e-03
1.62304e+01	1.28367e-03
1.62884e+01	1.25951e-03
1.63464e+01	1.23557e-03
1.64043e+01	1.21185e-03
1.64623e+01	1.18836e-03
1.65203e+01	1.16510e-03
1.65782e+01	1.14207e-03
1.66362e+01	1.11927e-03
1.66942e+01	1.09671e-03
1.67521e+01	1.07440e-03
1.68101e+01	1.05233e-03
1.68681e+01	1.03052e-03
1.69260e+01	1.00897e-03
1.69840e+01	9.87678e-04
1.70420e+01	9.66664e-04
1.70999e+01	9.45936e-04
1.71579e+01	9.25502e-04
1.72159e+01	9.05360e-04
1.72738e+01	8.85516e-04
1.73318e+01	8.65969e-04
1.73898e+01	8.46720e-04
1.74477e+01	8.27769e-04
1.75057e+01	8.09113e-04
1.75637e+01	7.90751e-04
1.76216e+01	7.72679e-04
1.76796e+01	7.54897e-04
1.77376e+01	7.37403e-04
1.77955e+01	7.20198e-04
1.78535e+01	7.03280e-04
1.79115e+01	6.86651e-04
1.79694e+01	6.70307e-04
1.80274e+01	6.54254e-04
1.80854e+01	6.38500e-04
1.81433e+01	6.23046e-04
1.82013e+01	6.07890e-04
1.82593e+01	5.93028e-04
1.83172e+01	5.78457e-04
1.83752e+01	5.64174e-04
1.84331e+01	5.50176e-04
1.84911e+01	5.36459e-04
1.85491e+01	5.23019e-04
1.86070e+01	5.09851e-04
1.86650e+01	4.96952e-04
1.87230e+01	4.84317e-04
1.87809e+01	4.71943e-04
1.88389e+01	4.59827e-04
1.88969e+01	4.47966e-04
1.89548e+01	4.36356e-04
1.90128e+01	4.24995e-04
1.90708e+01	4.13885e-04
1.91287e+01	4.03024e-04
1.91867e+01	3.92408e-04
1.92447e+01	3.82034e-04
1.93026e+01	3.71896e-04
1.93606e+01	3.61991e-04
1.94186e+01	3.52313e-04
1.94765e+01	3.42860e-04
1.95345e+01	3.33627e-04
1.95925e+01	3.24610e-04
1.96504e+01	3.15804e-04
1.97084e+01	3.07206e-04
1.97664e+01	2.98811e-04
1.98243e+01	2.90615e-04
1.98823e+01	2.82615e-04
1.99403e+01	2.74807e-04
1.99982e+01	2.67186e-04
2.00562e+01	2.59751e-04
2.01142e+01	2.52499e-04
2.01721e+01	2.45426e-04
2.02301e+01	2.38528e-04
2.02881e+01	2.31804e-04
2.03460e+01	2.25249e-04
2.04040e+01	2.18859e-04
2.04620e+01	2.12631e-04
2.05199e+01	2.06562e-04
2.05779e+01	2.00652e-04
2.06359e+01	1.94896e-04
2.06938e+01	1.89293e-04
2.07518e+01	1.83838e-04
2.08097e+01	1.78527e-04
2.08677e+01	1.73358e-04
2.09257e+01	1.68327e-04
2.09836e+01	1.63430e-04
2.10416e+01	1.58666e-04
2.10996e+01	1.54031e-04
2.11575e+01	1.49523e-04
2.12155e+01	1.45138e-04
2.12735e+01	1.40873e-04
2.13314e+01	1.36725e-04
2.13894e+01	1.32692e-04
2.14474e+01	1.28770e-04
2.15053e+01	1.24956e-04
2.15633e+01	1.21248e-04
2.16213e+01	1.17642e-04
2.16792e+01	1.14137e-04
2.17372e+01	1.10728e-04
2.17952e+01	1.07414e-04
2.18531e+01	1.04192e-04
2.19111e+01	1.01061e-04
2.19691e+01	9.80173e-05
2.20270e+01	9.50602e-05
2.20850e+01	9.21877e-05
2.21430e+01	8.93990e-05
2.22009e+01	8.66917e-05
2.22589e+01	8.40637e-05
2.23169e+01	8.15125e-05
2.23748e+01	7.90363e-05
2.24328e+01	7.66327e-05
2.24908e+01	7.42997e-05
2.25487e+01	7.20351e-05
2.26067e+01	6.98370e-05
2.26647e+01	6.77032e-05
2.27226e+01	6.56320e-05
2.27806e+01	6.36216e-05
2.28386e+01	6.16704e-05
2.28965e+01	5.97766e-05
2.29545e+01	5.79386e-05
2.30125e+01	5.61550e-05
2.30704e+01	5.44245e-05
2.31284e+01	5.27457e-05
2.31863e+01	5.11172e-05
2.32443e+01	4.95374e-05
2.33023e+01	4.80051e-05
2.33602e+01	4.65188e-05
2.34182e+01	4.50772e-05
2.34762e+01	4.36789e-05
2.35341e+01	4.23228e-05
2.35921e+01	4.10076e-05
2.36501e+01	3.97322e-05
2.37080e+01	3.84953e-05
2.37660e+01	3.72959e-05
2.38240e+01	3.61328e-05
2.38819e+01	3.50049e-05
2.39399e+01	3.39112e-05
2.39979e+01	3.28507e-05
2.40558e+01	3.18224e-05
2.41138e+01	3.08254e-05
2.41718e+01	2.98586e-05
2.42297e+01	2.89212e-05
2.42877e+01	2.80124e-05
2.43457e+01	2.71312e-05
2.44036e+01	2.62768e-05
2.44616e+01	2.54485e-05
2.45196e+01	2.46455e-05
2.45775e+01	2.38670e-05
2.46355e+01	2.31123e-05
2.46935e+01	2.23807e-05
2.47514e+01	2.16714e-05
2.48094e+01	2.09839e-05
2.48674e+01	2.03175e-05
2.49253e+01	1.96715e-05
2.49833e+01	1.90455e-05
2.50413e+01	1.84388e-05
2.50992e+01	1.78509e-05
2.51572e+01	1.72814e-05
2.52152e+01	1.67296e-05
2.52731e+01	1.61951e-05
2.53311e+01	1.56774e-05
2.53891e+01	1.51759e-05
2.54470e+01	1.46900e-05
2.55050e+01	1.42193e-05
2.55630e+01	1.37633e-05
2.56209e+01	1.33216e-05
2.56789e+01	1.28935e-05
2.57368e+01	1.24788e-05
2.57948e+01	1.20770e-05
2.58528e+01	1.16877e-05
2.59107e+01	1.13106e-05
2.59687e+01	1.09452e-05
2.60267e+01	1.05913e-05
2.60846e+01	1.02486e-05
2.61426e+01	9.91680e-06
2.62006e+01	9.59557e-06
2.62585e+01	9.28457e-06
2.63165e+01	8.98348e-06
2.63745e+01	8.69201e-06
2.64324e+01	8.40984e-06
2.64904e+01	8.13668e-06
2.65484e+01	7.87225e-06
2.66063e+01	7.61629e-06
2.66643e+01	7.36852e-06
2.67223e+01	7.12869e-06
2.67802e+01	6.89655e-06
2.68382e+01	6.67185e-06
2.68962e+01	6.45437e-06
2.69541e+01	6.24388e-06
2.70121e+01	6.04016e-06
2.70701e+01	5.84298e-06
2.71280e+01	5.65215e-06
2.71860e+01	5.46746e-06
2.72440e+01	5.28872e-06
2.73019e+01	5.11574e-06
2.73599e+01	4.94834e-06
2.74179e+01	4.78635e-06
2.74758e+01	4.62959e-06
2.75338e+01	4.47789e-06
2.75918e+01	4.33109e-06
2.76497e+01	4.18904e-06
2.77077e+01	4.05159e-06
2.77657e+01	3.91859e-06
2.78236e+01	3.78990e-06
2.78816e+01	3.66539e-06
2.79396e+01	3.54490e-06
2.79975e+01	3.42832e-06
2.80555e+01	3.31552e-06
2.81134e+01	3.20638e-06
2.81714e+01	3.10077e-06
2.82294e+01	2.99859e-06
2.82873e+01	2.89972e-06
2.83453e+01	2.80405e-06
2.84033e+01	2.71150e-06
2.84612e+01	2.62195e-06
2.85192e+01	2.53530e-06
2.85772e+01	2.45148e-06
2.86351e+01	2.37038e-06
2.86931e+01	2.29192e-06
2.87511e+01	2.21602e-06
2.88090e+01	2.14259e-06
2.88670e+01	2.07155e-06
2.89250e+01	2.00283e-06
2.89829e+01	1.93635e-06
2.90409e+01	1.87204e-06
2.90989e+01	1.80983e-06
2.91568e+01	1.74965e-06
2.92148e+01	1.69144e-06
2.92728e+01	1.63513e-06
2.93307e+01	1.58066e-06
2.93887e+01	1.52797e-06
2.94467e+01	1.47701e-06
2.95046e+01	1.42772e-06
2.95626e+01	1.38003e-06
2.96206e+01	1.33391e-06
2.96785e+01	1.28930e-06
2.97365e+01	1.24616e-06
2.97945e+01	1.20442e-06
2.98524e+01	1.16406e-06
2.99104e+01	1.12503e-06
2.99684e+01	1.08727e-06
3.00263e+01	1.05076e-06
3.00843e+01	1.01545e-06
3.01423e+01	9.81314e-07
3.02002e+01	9.48305e-07
3.02582e+01	9.16390e-07
3.03162e+01	8.85534e-07
3.03741e+01	8.55702e-07
3.04321e+01	8.26861e-07
3.04900e+01	7.98979e-07
3.05480e+01	7.72025e-07
3.06060e+01	7.45967e-07
3.06639e+01	7.20776e-07
3.07219e+01	6.96425e-07
3.07799e+01	6.72885e-07
3.08378e+01	6.50129e-07
3.08958e+01	6.28133e-07
3.09538e+01	6.06871e-07
3.10117e+01	5.86320e-07
3.10697e+01	5.66455e-07
3.11277e+01	5.47254e-07
3.11856e+01	5.28695e-07
3.12436e+01	5.10758e-07
3.13016e+01	4.93421e-07
3.13595e+01	4.76664e-07
3.14175e+01	4.60470e-07
3.14755e+01	4.44818e-07
3.15334e+01	4.29691e-07
3.15914e+01	4.15072e-07
3.16494e+01	4.00944e-07
3.17073e+01	3.87291e-07
3.17653e+01	3.74097e-07
3.18233e+01	3.61347e-07
3.18812e+01	3.49025e-07
3.19392e+01	3.37119e-07
3.19972e+01	3.25614e-07
3.20551e+01	3.14496e-07
3.21131e+01	3.03754e-07
3.21711e+01	2.93375e-07
3.22290e+01	2.83347e-07
3.22870e+01	2.73658e-07
3.23450e+01	2.64297e-07
3.24029e+01	2.55253e-07
3.24609e+01	2.46516e-07
3.25189e+01	2.38074e-07
3.25768e+01	2.29919e-07
3.26348e+01	2.22040e-07
3.26928e+01	2.14428e-07
3.27507e+01	2.07075e-07
3.28087e+01	1.99972e-07
3.28667e+01	1.93109e-07
3.29246e+01	1.86480e-07
3.29826e+01	1.80077e-07
3.30405e+01	1.73891e-07
3.30985e+01	1.67915e-07
3.31565e+01	1.62143e-07
3.32144e+01	1.56567e-07
3.32724e+01	1.51182e-07
3.33304e+01	1.45979e-07
3.33883e+01	1.40954e-07
3.34463e+01	1.36101e-07
3.35043e+01	1.31412e-07
3.35622e+01	1.26884e-07
3.36202e+01	1.22510e-07
3.36782e+01	1.18286e-07
3.37361e+01	1.14206e-07
3.37941e+01	1.10265e-07
3.38521e+01	1.06459e-07
3.39100e+01	1.02783e-07
3.39680e+01	9.92326e-08
3.40260e+01	9.58043e-08
3.40839e+01	9.24938e-08
3.41419e+01	8.92970e-08
3.41999e+01	8.62100e-08
3.42578e+01	8.32292e-08
3.43158e+01	8.03509e-08
3.43738e+01	7.75716e-08
3.44317e+01	7.48879e-08
3.44897e+01	7.22966e-08
3.45477e+01	6.97944e-08
3.46056e+01	6.73785e-08
3.46636e+01	6.50457e-08
3.47216e+01	6.27934e-08
3.47795e+01	6.06187e-08
3.48375e+01	5.85189e-08
3.48955e+01	5.64916e-08
3.49534e+01	5.45342e-08
3.50114e+01	5.26442e-08
3.50694e+01	5.08193e-08
3.51273e+01	4.90573e-08
3.51853e+01	4.73561e-08
3.52433e+01	4.57134e-08
3.53012e+01	4.41274e-08
3.53592e+01	4.25961e-08
3.54171e+01	4.11175e-08
3.54751e+01	3.96900e-08
3.55331e+01	3.83117e-08
3.55910e+01	3.69809e-08
3.56490e+01	3.56961e-08
3.57070e+01	3.44556e-08
3.57649e+01	3.32579e-08
3.58229e+01	3.21016e-08
3.58809e+01	3.09852e-08
3.59388e+01	2.99073e-08
3.59968e+01	2.88667e-08
3.60548e+01	2.78621e-08
3.61127e+01	2.68925e-08
3.61707e+01	2.59566e-08
3.62287e+01	2.50534e-08
3.62866e+01	2.41817e-08
3.63446e+01	2.33403e-08
3.64026e+01	2.25282e-08
3.64605e+01	2.17444e-08
3.65185e+01	2.09879e-08
3.65765e+01	2.02578e-08
3.66344e+01	1.95531e-08
3.66924e+01	1.88730e-08
3.67504e+01	1.82165e-08
3.68083e+01	1.75829e-08
3.68663e+01	1.69714e-08
3.69243e+01	1.63812e-08
3.69822e+01	1.58115e-08
3.70402e+01	1.52617e-08
3.70982e+01	1.47310e-08
3.71561e+01	1.42188e-08
3.72141e+01	1.37245e-08
3.72721e+01	1.32473e-08
3.73300e+01	1.27869e-08
3.73880e+01	1.23425e-08
3.74460e+01	1.19135e-08
3.75039e+01	1.14995e-08
3.75619e+01	1.11000e-08
3.76199e+01	1.07144e-08
3.76778e+01	1.03422e-08
3.77358e+01	9.98294e-09
3.77937e+01	9.63622e-09
3.78517e+01	9.30158e-09
3.79097e+01	8.97859e-09
3.79676e+01	8.66684e-09
3.80256e+01	8.36595e-09
3.80836e+01	8.07553e-09
3.81415e+01	7.79522e-09
3.81995e+01	7.52467e-09
3.82575e+01	7.26352e-09
3.83154e+01	7.01146e-09
3.83734e+01	6.76817e-09
3.84314e+01	6.53337e-09
3.84893e+01	6.30678e-09
3.85473e+01	6.08809e-09
3.86053e+01	5.87704e-09
3.86632e+01	5.67335e-09
3.87212e+01	5.47676e-09
3.87792e+01	5.28703e-09
3.88371e+01	5.10391e-09
3.88951e+01	4.92717e-09
3.89531e+01	4.75659e-09
3.90110e+01	4.59195e-09
3.90690e+01	4.43304e-09
3.91270e+01	4.27967e-09
3.91849e+01	4.13163e-09
3.92429e+01	3.98873e-09
3.93009e+01	3.85081e-09
3.93588e+01	3.71768e-09
3.94168e+01	3.58917e-09
3.94748e+01	3.46512e-09
3.95327e+01	3.34538e-09
3.95907e+01	3.22979e-09
3.96487e+01	3.11821e-09
3.97066e+01	3.01049e-09
3.97646e+01	2.90651e-09
3.98226e+01	2.80612e-09
3.98805e+01	2.70921e-09
3.99385e+01	2.61565e-09
3.99965e+01	2.52532e-09
4.00544e+01	2.43811e-09
4.01124e+01	2.35393e-09
4.01704e+01	2.27267e-09
4.02283e+01	2.19422e-09
4.02863e+01	2.11849e-09
4.03442e+01	2.04538e-09
4.04022e+01	1.97481e-09
4.04602e+01	1.90668e-09
4.05181e+01	1.84091e-09
4.05761e+01	1.77741e-09
4.06341e+01	1.71612e-09
4.06920e+01	1.65694e-09
4.07500e+01	1.59982e-09
4.08080e+01	1.54467e-09
4.08659e+01	1.49143e-09
4.09239e+01	1.44003e-09
4.09819e+01	1.39041e-09
4.10398e+01	1.34250e-09
4.10978e+01	1.29625e-09
4.11558e+01	1.25161e-09
4.12137e+01	1.20850e-09
4.12717e+01	1.16688e-09
4.13297e+01	1.12671e-09
4.13876e+01	1.08792e-09
4.14456e+01	1.05047e-09
4.15036e+01	1.01432e-09
4.15615e+01	9.79412e-10
4.16195e+01	9.45712e-10
4.16775e+01	9.13176e-10
4.17354e+01	8.81763e-10
4.17934e+01	8.51435e-10
4.18514e+01	8.22155e-10
4.19093e+01	7.93885e-10
4.19673e+01	7.66591e-10
4.20253e+01	7.40239e-10
4.20832e+01	7.14796e-10
4.21412e+01	6.90231e-10
4.21992e+01	6.66514e-10
4.22571e+01	6.43615e-10
4.23151e+01	6.21506e-10
4.23731e+01	6.00159e-10
4.24310e+01	5.79548e-10
4.24890e+01	5.59648e-10
4.25470e+01	5.40433e-10
4.26049e+01	5.21881e-10
4.26629e+01	5.03968e-10
4.27208e+01	4.86673e-10
4.27788e+01	4.69973e-10
4.28368e+01	4.53848e-10
4.28947e+01	4.38280e-10
4.29527e+01	4.23248e-10
4.30107e+01	4.08735e-10
4.30686e+01	3.94722e-10
4.31266e+01	3.81192e-10
4.31846e+01	3.68128e-10
4.32425e+01	3.55514e-10
4.33005e+01	3.43335e-10
4.33585e+01	3.31575e-10
4.34164e+01	3.20219e-10
4.34744e+01	3.09255e-10
4.35324e+01	2.98668e-10
4.35903e+01	2.88445e-10
4.36483e+01	2.78574e-10
4.37063e+01	2.69043e-10
4.37642e+01	2.59840e-10
4.38222e+01	2.50954e-10
4.38802e+01	2.42373e-10
4.39381e+01	2.34087e-10
4.39961e+01	2.26086e-10
4.40541e+01	2.18360e-10
4.41120e+01	2.10900e-10
4.41700e+01	2.03696e-10
4.42280e+01	1.96740e-10
4.42859e+01	1.90022e-10
4.43439e+01	1.83535e-10
4.44019e+01	1.77271e-10
4.44598e+01	1.71223e-10
4.45178e+01	1.65381e-10
4.45758e+01	1.59740e-10
4.46337e+01	1.54293e-10
4.46917e+01	1.49033e-10
4.47497e+01	1.43953e-10
4.48076e+01	1.39047e-10
4.48656e+01	1.34309e-10
4.49236e+01	1.29734e-10
4.49815e+01	1.25315e-10
4.50395e+01	1.21048e-10
4.50974e+01	1.16927e-10
4.51554e+01	1.12947e-10
4.52134e+01	1.09104e-10
4.52713e+01	1.05392e-10
4.53293e+01	1.01806e-10
4.53873e+01	9.83438e-11
4.54452e+01	9.49997e-11
4.55032e+01	9.17698e-11
4.55612e+01	8.86504e-11
4.56191e+01	8.56376e-11
4.56771e+01	8.27277e-11
4.57351e+01	7.99172e-11
4.57930e+01	7.72027e-11
4.58510e+01	7.45809e-11
4.59090e+01	7.20487e-11
4.59669e+01	6.96033e-11
4.60249e+01	6.72415e-11
4.60829e+01	6.49605e-11
4.61408e+01	6.27575e-11
4.61988e+01	6.06298e-11
4.62568e+01	5.85749e-11
4.63147e+01	5.65902e-11
4.63727e+01	5.46732e-11
4.64307e+01	5.28218e-11
4.64886e+01	5.10336e-11
4.65466e+01	4.93064e-11
4.66046e+01	4.76382e-11
4.66625e+01	4.60268e-11
4.67205e+01	4.44705e-11
4.67785e+01	4.29672e-11
4.68364e+01	4.15151e-11
4.68944e+01	4.01126e-11
4.69524e+01	3.87578e-11
4.70103e+01	3.74491e-11
4.70683e+01	3.61851e-11
4.71263e+01	3.49640e-11
4.71842e+01	3.37845e-11
4.72422e+01	3.26451e-11
4.73002e+01	3.15445e-11
4.73581e+01	3.04813e-11
4.74161e+01	2.94542e-11
4.74741e+01	2.84620e-11
4.75320e+01	2.75036e-11
4.75900e+01	2.65777e-11
4.76479e+01	2.56832e-11
4.77059e+01	2.48191e-11
4.77639e+01	2.39843e-11
4.78218e+01	2.31778e-11
4.78798e+01	2.23987e-11
4.79378e+01	2.16460e-11
4.79957e+01	2.09188e-11
4.80537e+01	2.02162e-11
4.81117e+01	1.95375e-11
4.81696e+01	1.88817e-11
4.82276e+01	1.82481e-11
4.82856e+01	1.76360e-11
4.83435e+01	1.70446e-11
4.84015e+01	1.64732e-11
4.84595e+01	1.59211e-11
4.85174e+01	1.53877e-11
4.85754e+01	1.48723e-11
4.86334e+01	1.43743e-11
4.86913e+01	1.38931e-11
4.87493e+01	1.34282e-11
4.88073e+01	1.29790e-11
4.88652e+01	1.25449e-11
4.89232e+01	1.21255e-11
4.89812e+01	1.17202e-11
4.90391e+01	1.13285e-11
4.90971e+01	1.09501e-11
4.91551e+01	1.05844e-11
4.92130e+01	1.02310e-11
4.92710e+01	9.88957e-12
4.93290e+01	9.55958e-12
4.93869e+01	9.24068e-12
4.94449e+01	8.93252e-12
4.95029e+01	8.63471e-12
4.95608e+01	8.34690e-12
4.96188e+01	8.06877e-12
4.96768e+01	7.79997e-12
4.97347e+01	7.54020e-12
4.97927e+01	7.28915e-12
4.98507e+01	7.04653e-12
4.99086e+01	6.81203e-12
4.99666e+01	6.58541e-12
5.00245e+01	6.36637e-12
5.00825e+01	6.15468e-12
5.01405e+01	5.95007e-12
5.01984e+01	5.75232e-12
5.02564e+01	5.56118e-12
5.03144e+01	5.37644e-12
5.03723e+01	5.19788e-12
5.04303e+01	5.02529e-12
5.04883e+01	4.85847e-12
5.05462e+01	4.69723e-12
5.06042e+01	4.54138e-12
5.06622e+01	4.39073e-12
5.07201e+01	4.24512e-12
5.07781e+01	4.10437e-12
5.08361e+01	3.96832e-12
5.08940e+01	3.83682e-12
5.09520e+01	3.70970e-12
5.10100e+01	3.58683e-12
5.10679e+01	3.46806e-12
5.11259e+01	3.35325e-12
5.11839e+01	3.24228e-12
5.12418e+01	3.13500e-12
5.12998e+01	3.03130e-12
5.13578e+01	2.93107e-12
5.14157e+01	2.83417e-12
5.14737e+01	2.74051e-12
5.15317e+01	2.64997e-12
5.15896e+01	2.56244e-12
5.16476e+01	2.47784e-12
5.17056e+01	2.39605e-12
5.17635e+01	2.31699e-12
5.18215e+01	2.24055e-12
5.18795e+01	2.16666e-12
5.19374e+01	2.09523e-12
5.19954e+01	2.02617e-12
5.20534e+01	1.95941e-12
5.21113e+01	1.89487e-12
5.21693e+01	1.83247e-12
5.22273e+01	1.77215e-12
5.22852e+01	1.71384e-12
5.23432e+01	1.65747e-12
5.24011e+01	1.60297e-12
5.24591e+01	1.55028e-12
5.25171e+01	1.49935e-12
5.25750e+01	1.45011e-12
5.26330e+01	1.40251e-12
5.26910e+01	1.35649e-12
5.27489e+01	1.31200e-12
5.28069e+01	1.26900e-12
5.28649e+01	1.22742e-12
5.29228e+01	1.18723e-12
5.29808e+01	1.14838e-12
5.30388e+01	1.11082e-12
5.30967e+01	1.07451e-12
5.31547e+01	1.03942e-12
5.32127e+01	1.00549e-12
5.32706e+01	9.72692e-13
5.33286e+01	9.40990e-13
5.33866e+01	9.10345e-13
5.34445e+01	8.80724e-13
5.35025e+01	8.52091e-13
5.35605e+01	8.24416e-13
5.36184e+01	7.97666e-13
5.36764e+01	7.71812e-13
5.37344e+01	7.46824e-13
5.37923e+01	7.22673e-13
5.38503e+01	6.99332e-13
5.39083e+01	6.76775e-13
5.39662e+01	6.54975e-13
5.40242e+01	6.33910e-13
5.40822e+01	6.13553e-13
5.41401e+01	5.93883e-13
5.41981e+01	5.74877e-13
5.42561e+01	5.56514e-13
5.43140e+01	5.38773e-13
5.43720e+01	5.21633e-13
5.44300e+01	5.05076e-13
5.44879e+01	4.89082e-13
5.45459e+01	4.73634e-13
5.46039e+01	4.58713e-13
5.46618e+01	4.44304e-13
5.47198e+01	4.30390e-13
5.47778e+01	4.16955e-13
5.48357e+01	4.03984e-13
5.48937e+01	3.91463e-13
5.49516e+01	3.79376e-13
5.50096e+01	3.67712e-13
5.50676e+01	3.56455e-13
5.51255e+01	3.45595e-13
5.51835e+01	3.35118e-13
5.52415e+01	3.25013e-13
5.52994e+01	3.15268e-13
5.53574e+01	3.05872e-13
5.54154e+01	2.96815e-13
5.54733e+01	2.88086e-13
5.55313e+01	2.79676e-13
5.55893e+01	2.71576e-13
5.56472e+01	2.63775e-13
5.57052e+01	2.56266e-13
5.57632e+01	2.49039e-13
5.58211e+01	2.42087e-13
5.58791e+01	2.35402e-13
5.59371e+01	2.28977e-13
5.59950e+01	2.22804e-13
5.60530e+01	2.16875e-13
5.61110e+01	2.11186e-13
5.61689e+01	2.05728e-13
5.62269e+01	2.00496e-13
5.62849e+01	1.95485e-13
5.63428e+01	1.90687e-13
5.64008e+01	1.86099e-13
5.64588e+01	1.81714e-13
5.65167e+01	1.77528e-13
5.65747e+01	1.73535e-13
5.66327e+01	1.69733e-13
5.66906e+01	1.66115e-13
5.67486e+01	1.62678e-13
5.68066e+01	1.59419e-13
5.68645e+01	1.56332e-13
5.69225e+01	1.53416e-13
5.69805e+01	1.50666e-13
5.70384e+01	1.48079e-13
5.70964e+01	1.45653e-13
5.71544e+01	1.43384e-13
5.72123e+01	1.41271e-13
5.72703e+01	1.39309e-13
5.73282e+01	1.37498e-13
5.73862e+01	1.35835e-13
5.74442e+01	1.34318e-13
5.75021e+01	1.32946e-13
5.75601e+01	1.31716e-13
5.76181e+01	1.30627e-13
5.76760e+01	1.29678e-13
5.77340e+01	1.28867e-13
5.77920e+01	1.28194e-13
5.78499e+01	1.27658e-13
5.79079e+01	1.27258e-13
5.79659e+01	1.26993e-13
