# The ell = 1 distribution, the first anisotropy.
# E_N [Td]	1.50000e+01
# col_1: Electron Energy [eV], col_2: f1 [eV^(-3/2)]
eV	f1
2.11360e-02	2.46154e-04
4.22720e-02	4.16514e-04
6.34080e-02	5.19131e-04
8.45440e-02	5.95583e-04
1.05680e-01	6.58294e-04
1.26816e-01	7.09202e-04
1.47952e-01	7.57323e-04
1.69088e-01	8.04306e-04
1.90224e-01	8.52253e-04
2.11360e-01	9.02603e-04
2.32496e-01	9.54301e-04
2.53632e-01	1.00982e-03
2.74768e-01	1.07035e-03
2.95904e-01	1.13960e-03
3.17040e-01	1.21706e-03
3.38176e-01	1.29743e-03
3.59312e-01	1.38560e-03
3.80448e-01	1.48552e-03
4.01584e-01	1.60625e-03
4.22720e-01	1.74563e-03
4.43856e-01	1.90408e-03
4.64992e-01	2.08123e-03
4.86128e-01	2.27157e-03
5.07264e-01	2.48199e-03
5.28400e-01	2.71131e-03
5.49536e-01	2.97380e-03
5.70672e-01	3.27013e-03
5.91808e-01	3.60923e-03
6.12944e-01	3.98550e-03
6.34080e-01	4.39781e-03
6.55216e-01	4.86398e-03
6.76352e-01	5.38799e-03
6.97488e-01	5.98751e-03
7.18624e-01	6.65931e-03
7.39760e-01	7.39399e-03
7.60896e-01	8.18737e-03
7.82032e-01	8.99985e-03
8.03168e-01	9.82808e-03
8.24304e-01	1.06779e-02
8.45440e-01	1.15369e-02
8.66576e-01	1.24057e-02
8.87712e-01	1.33279e-02
9.08848e-01	1.43005e-02
9.29984e-01	1.53180e-02
9.51120e-01	1.64155e-02
9.72256e-01	1.75853e-02
9.93392e-01	1.88193e-02
1.01453e+00	2.00695e-02
1.03566e+00	2.13574e-02
1.05680e+00	2.26810e-02
1.07794e+00	2.39662e-02
1.09907e+00	2.51909e-02
1.12021e+00	2.63934e-02
1.14134e+00	2.75747e-02
1.16248e+00	2.87324e-02
1.18362e+00	2.98842e-02
1.20475e+00	3.10298e-02
1.22589e+00	3.21809e-02
1.24702e+00	3.33668e-02
1.26816e+00	3.45767e-02
1.28930e+00	3.58081e-02
1.31043e+00	3.71447e-02
1.33157e+00	3.85578e-02
1.35270e+00	4.00314e-02
1.37384e+00	4.15605e-02
1.39498e+00	4.31212e-02
1.41611e+00	4.45895e-02
1.43725e+00	4.59711e-02
1.45838e+00	4.72703e-02
1.47952e+00	4.84750e-02
1.50066e+00	4.96348e-02
1.52179e+00	5.07511e-02
1.54293e+00	5.18264e-02
1.56406e+00	5.29672e-02
1.58520e+00	5.42236e-02
1.60634e+00	5.55845e-02
1.62747e+00	5.70415e-02
1.64861e+00	5.85375e-02
1.66974e+00	6.00605e-02
1.69088e+00	6.15825e-02
1.71202e+00	6.31004e-02
1.73315e+00	6.45313e-02
1.75429e+00	6.57535e-02
1.77542e+00	6.67185e-02
1.79656e+00	6.74381e-02
1.81770e+00	6.78907e-02
1.83883e+00	6.82609e-02
1.85997e+00	6.84365e-02
1.88110e+00	6.83662e-02
1.90224e+00	6.79777e-02
1.92338e+00	6.72722e-02
1.94451e+00	6.62444e-02
1.96565e+00	6.49715e-02
1.98678e+00	6.35154e-02
2.00792e+00	6.18828e-02
2.02906e+00	6.01149e-02
2.05019e+00	5.83644e-02
2.07133e+00	5.66770e-02
2.09246e+00	5.50373e-02
2.11360e+00	5.34393e-02
2.13474e+00	5.17238e-02
2.15587e+00	4.99327e-02
2.17701e+00	4.81448e-02
2.19814e+00	4.63664e-02
2.21928e+00	4.46183e-02
2.24042e+00	4.29330e-02
2.26155e+00	4.13026e-02
2.28269e+00	3.97297e-02
2.30382e+00	3.82293e-02
2.32496e+00	3.67595e-02
2.34610e+00	3.53271e-02
2.36723e+00	3.39221e-02
2.38837e+00	3.25333e-02
2.40950e+00	3.11963e-02
2.43064e+00	2.99415e-02
2.45178e+00	2.86583e-02
2.47291e+00	2.73391e-02
2.49405e+00	2.60449e-02
2.51518e+00	2.48256e-02
2.53632e+00	2.36523e-02
2.55746e+00	2.25784e-02
2.57859e+00	2.15807e-02
2.59973e+00	2.06694e-02
2.62086e+00	1.97856e-02
2.64200e+00	1.89145e-02
2.66314e+00	1.80649e-02
2.68427e+00	1.72437e-02
2.70541e+00	1.64439e-02
2.72654e+00	1.57029e-02
2.74768e+00	1.50518e-02
2.76882e+00	1.44741e-02
2.78995e+00	1.39110e-02
2.81109e+00	1.33720e-02
2.83222e+00	1.28391e-02
2.85336e+00	1.22973e-02
2.87450e+00	1.17393e-02
2.89563e+00	1.11795e-02
2.91677e+00	1.06646e-02
2.93790e+00	1.01947e-02
2.95904e+00	9.77027e-03
2.98018e+00	9.39267e-03
3.00131e+00	9.05707e-03
3.02245e+00	8.74240e-03
3.04358e+00	8.43142e-03
3.06472e+00	8.12365e-03
3.08586e+00	7.82142e-03
3.10699e+00	7.52738e-03
3.12813e+00	7.25016e-03
3.14926e+00	6.99413e-03
3.17040e+00	6.75485e-03
3.19154e+00	6.52370e-03
3.21267e+00	6.30006e-03
3.23381e+00	6.08378e-03
3.25494e+00	5.87381e-03
3.27608e+00	5.67108e-03
3.29722e+00	5.48012e-03
3.31835e+00	5.30244e-03
3.33949e+00	5.13943e-03
3.36062e+00	4.98804e-03
3.38176e+00	4.84813e-03
3.40290e+00	4.71761e-03
3.42403e+00	4.59572e-03
3.44517e+00	4.47800e-03
3.46630e+00	4.36541e-03
3.48744e+00	4.25797e-03
3.50858e+00	4.15627e-03
3.52971e+00	4.05901e-03
3.55085e+00	3.96568e-03
3.57198e+00	3.87509e-03
3.59312e+00	3.78732e-03
3.61426e+00	3.70250e-03
3.63539e+00	3.62088e-03
3.65653e+00	3.54229e-03
3.67766e+00	3.46679e-03
3.69880e+00	3.39456e-03
3.71994e+00	3.32546e-03
3.74107e+00	3.26031e-03
3.76221e+00	3.19940e-03
3.78334e+00	3.14266e-03
3.80448e+00	3.09029e-03
3.82562e+00	3.04205e-03
3.84675e+00	2.99788e-03
3.86789e+00	2.95743e-03
3.88902e+00	2.91881e-03
3.91016e+00	2.88186e-03
3.93130e+00	2.84645e-03
3.95243e+00	2.81255e-03
3.97357e+00	2.78006e-03
3.99470e+00	2.74930e-03
4.01584e+00	2.71954e-03
4.03698e+00	2.69067e-03
4.05811e+00	2.66202e-03
4.07925e+00	2.63365e-03
4.10038e+00	2.60547e-03
4.12152e+00	2.57751e-03
4.14266e+00	2.54974e-03
4.16379e+00	2.52213e-03
4.18493e+00	2.49469e-03
4.20606e+00	2.46739e-03
4.22720e+00	2.44022e-03
4.24834e+00	2.41316e-03
4.26947e+00	2.38608e-03
4.29061e+00	2.35897e-03
4.31174e+00	2.33180e-03
4.33288e+00	2.30459e-03
4.35402e+00	2.27733e-03
4.37515e+00	2.25005e-03
4.39629e+00	2.22278e-03
4.41742e+00	2.19553e-03
4.43856e+00	2.16840e-03
4.45970e+00	2.14141e-03
4.48083e+00	2.11460e-03
4.50197e+00	2.08796e-03
4.52310e+00	2.06149e-03
4.54424e+00	2.03527e-03
4.56538e+00	2.00960e-03
4.58651e+00	1.98451e-03
4.60765e+00	1.95999e-03
4.62878e+00	1.93607e-03
4.64992e+00	1.91300e-03
4.67106e+00	1.89078e-03
4.69219e+00	1.86938e-03
4.71333e+00	1.84880e-03
4.73446e+00	1.82904e-03
4.75560e+00	1.81007e-03
4.77674e+00	1.79189e-03
4.79787e+00	1.77449e-03
4.81901e+00	1.75786e-03
4.84014e+00	1.74216e-03
4.86128e+00	1.72742e-03
4.88242e+00	1.71363e-03
4.90355e+00	1.70077e-03
4.92469e+00	1.68882e-03
4.94582e+00	1.67748e-03
4.96696e+00	1.66670e-03
4.98810e+00	1.65643e-03
5.00923e+00	1.64663e-03
5.03037e+00	1.63730e-03
5.05150e+00	1.62834e-03
5.07264e+00	1.61971e-03
5.09378e+00	1.61143e-03
5.11491e+00	1.60345e-03
5.13605e+00	1.59559e-03
5.15718e+00	1.58779e-03
5.17832e+00	1.58003e-03
5.19946e+00	1.57233e-03
5.22059e+00	1.56468e-03
5.24173e+00	1.55709e-03
5.26286e+00	1.54954e-03
5.28400e+00	1.54205e-03
5.30514e+00	1.53460e-03
5.32627e+00	1.52721e-03
5.34741e+00	1.51987e-03
5.36854e+00	1.51258e-03
5.38968e+00	1.50534e-03
5.41082e+00	1.49814e-03
5.43195e+00	1.49100e-03
5.45309e+00	1.48391e-03
5.47422e+00	1.47686e-03
5.49536e+00	1.46986e-03
5.51650e+00	1.46291e-03
5.53763e+00	1.45601e-03
5.55877e+00	1.44915e-03
5.57990e+00	1.44235e-03
5.60104e+00	1.43559e-03
5.62218e+00	1.42887e-03
5.64331e+00	1.42220e-03
5.66445e+00	1.41558e-03
5.68558e+00	1.40900e-03
5.70672e+00	1.40247e-03
5.72786e+00	1.39599e-03
5.74899e+00	1.38955e-03
5.77013e+00	1.38315e-03
5.79126e+00	1.37680e-03
5.81240e+00	1.37050e-03
5.83354e+00	1.36424e-03
5.85467e+00	1.35803e-03
5.87581e+00	1.35185e-03
5.89694e+00	1.34573e-03
5.91808e+00	1.33965e-03
5.93922e+00	1.33360e-03
5.96035e+00	1.32760e-03
5.98149e+00	1.32164e-03
6.00262e+00	1.31572e-03
6.02376e+00	1.30988e-03
6.04490e+00	1.30403e-03
6.06603e+00	1.29823e-03
6.08717e+00	1.29248e-03
6.10830e+00	1.28677e-03
6.12944e+00	1.28110e-03
6.15058e+00	1.27547e-03
6.17171e+00	1.26988e-03
6.19285e+00	1.26434e-03
6.21398e+00	1.25884e-03
6.23512e+00	1.25337e-03
6.25626e+00	1.24795e-03
6.27739e+00	1.24256e-03
6.29853e+00	1.23722e-03
6.31966e+00	1.23191e-03
6.34080e+00	1.22665e-03
6.36194e+00	1.22142e-03
6.38307e+00	1.21623e-03
6.40421e+00	1.21107e-03
6.42534e+00	1.20596e-03
6.44648e+00	1.20088e-03
6.46762e+00	1.19584e-03
6.48875e+00	1.19084e-03
6.50989e+00	1.18587e-03
6.53102e+00	1.18094e-03
6.55216e+00	1.17605e-03
6.57330e+00	1.17120e-03
6.59443e+00	1.16638e-03
6.61557e+00	1.16160e-03
6.63670e+00	1.15685e-03
6.65784e+00	1.15213e-03
6.67898e+00	1.14746e-03
6.70011e+00	1.14281e-03
6.72125e+00	1.13820e-03
6.74238e+00	1.13362e-03
6.76352e+00	1.12906e-03
6.78466e+00	1.12453e-03
6.80579e+00	1.12001e-03
6.82693e+00	1.11552e-03
6.84806e+00	1.11104e-03
6.86920e+00	1.10658e-03
6.89034e+00	1.10215e-03
6.91147e+00	1.09772e-03
6.93261e+00	1.09338e-03
6.95374e+00	1.08894e-03
6.97488e+00	1.08456e-03
6.99602e+00	1.08021e-03
7.01715e+00	1.07588e-03
7.03829e+00	1.07157e-03
7.05942e+00	1.06730e-03
7.08056e+00	1.06305e-03
7.10170e+00	1.05879e-03
7.12283e+00	1.05457e-03
7.14397e+00	1.05038e-03
7.16510e+00	1.04622e-03
7.18624e+00	1.04207e-03
7.20738e+00	1.03796e-03
7.22851e+00	1.03387e-03
7.24965e+00	1.02982e-03
7.27078e+00	1.02580e-03
7.29192e+00	1.02182e-03
7.31306e+00	1.01787e-03
7.33419e+00	1.01395e-03
7.35533e+00	1.01007e-03
7.37646e+00	1.00620e-03
7.39760e+00	1.00233e-03
7.41874e+00	9.98443e-04
7.43987e+00	9.94547e-04
7.46101e+00	9.90643e-04
7.48214e+00	9.86729e-04
7.50328e+00	9.82810e-04
7.52442e+00	9.78885e-04
7.54555e+00	9.74951e-04
7.56669e+00	9.71007e-04
7.58782e+00	9.67051e-04
7.60896e+00	9.63084e-04
7.63010e+00	9.59106e-04
7.65123e+00	9.55116e-04
7.67237e+00	9.51117e-04
7.69350e+00	9.47107e-04
7.71464e+00	9.43088e-04
7.73578e+00	9.39060e-04
7.75691e+00	9.35020e-04
7.77805e+00	9.30925e-04
7.79918e+00	9.26767e-04
7.82032e+00	9.22524e-04
7.84146e+00	9.18192e-04
7.86259e+00	9.13764e-04
7.88373e+00	9.09242e-04
7.90486e+00	9.04627e-04
7.92600e+00	8.99923e-04
7.94714e+00	8.95132e-04
7.96827e+00	8.90258e-04
7.98941e+00	8.85300e-04
8.01054e+00	8.80255e-04
8.03168e+00	8.75121e-04
8.05282e+00	8.69891e-04
8.07395e+00	8.64568e-04
8.09509e+00	8.59153e-04
8.11622e+00	8.53650e-04
8.13736e+00	8.48067e-04
8.15850e+00	8.42403e-04
8.17963e+00	8.36661e-04
8.20077e+00	8.30847e-04
8.22190e+00	8.24962e-04
8.24304e+00	8.18980e-04
8.26418e+00	8.12892e-04
8.28531e+00	8.06704e-04
8.30645e+00	8.00412e-04
8.32758e+00	7.94005e-04
8.34872e+00	7.87485e-04
8.36986e+00	7.80852e-04
8.39099e+00	7.74110e-04
8.41213e+00	7.67266e-04
8.43326e+00	7.60325e-04
8.45440e+00	7.53290e-04
8.47554e+00	7.46118e-04
8.49667e+00	7.38778e-04
8.51781e+00	7.31327e-04
8.53894e+00	7.23780e-04
8.56008e+00	7.16161e-04
8.58122e+00	7.08491e-04
8.60235e+00	7.00774e-04
8.62349e+00	6.93013e-04
8.64462e+00	6.85214e-04
8.66576e+00	6.77378e-04
8.68690e+00	6.69511e-04
8.70803e+00	6.61618e-04
8.72917e+00	6.53701e-04
8.75030e+00	6.45764e-04
8.77144e+00	6.37806e-04
8.79258e+00	6.29832e-04
8.81371e+00	6.21845e-04
8.83485e+00	6.13848e-04
8.85598e+00	6.05844e-04
8.87712e+00	5.97837e-04
8.89826e+00	5.89827e-04
8.91939e+00	5.81824e-04
8.94053e+00	5.73823e-04
8.96166e+00	5.65819e-04
8.98280e+00	5.57833e-04
9.00394e+00	5.49872e-04
9.02507e+00	5.41955e-04
9.04621e+00	5.34099e-04
9.06734e+00	5.26318e-04
9.08848e+00	5.18610e-04
9.10962e+00	5.10975e-04
9.13075e+00	5.03415e-04
9.15189e+00	4.95930e-04
9.17302e+00	4.88519e-04
9.19416e+00	4.81183e-04
9.21530e+00	4.73922e-04
9.23643e+00	4.66735e-04
9.25757e+00	4.59623e-04
9.27870e+00	4.52587e-04
9.29984e+00	4.45623e-04
9.32098e+00	4.38735e-04
9.34211e+00	4.31921e-04
9.36325e+00	4.25182e-04
9.38438e+00	4.18517e-04
9.40552e+00	4.11927e-04
9.42666e+00	4.05412e-04
9.44779e+00	3.98970e-04
9.46893e+00	3.92603e-04
9.49006e+00	3.86310e-04
9.51120e+00	3.80091e-04
9.53234e+00	3.73947e-04
9.55347e+00	3.67876e-04
9.57461e+00	3.61878e-04
9.59574e+00	3.55949e-04
9.61688e+00	3.50086e-04
9.63802e+00	3.44296e-04
9.65915e+00	3.38566e-04
9.68029e+00	3.32904e-04
9.70142e+00	3.27306e-04
9.72256e+00	3.21771e-04
9.74370e+00	3.16299e-04
9.76483e+00	3.10890e-04
9.78597e+00	3.05544e-04
9.80710e+00	3.00261e-04
9.82824e+00	2.95040e-04
9.84938e+00	2.89882e-04
9.87051e+00	2.84787e-04
9.89165e+00	2.79755e-04
9.91278e+00	2.74785e-04
9.93392e+00	2.69878e-04
9.95506e+00	2.65033e-04
9.97619e+00	2.60251e-04
9.99733e+00	2.55522e-04
1.00185e+01	2.50926e-04
1.00396e+01	2.46299e-04
1.00607e+01	2.41794e-04
1.00819e+01	2.37363e-04
1.01030e+01	2.33011e-04
1.01241e+01	2.28736e-04
1.01453e+01	2.24539e-04
1.01664e+01	2.20416e-04
1.01876e+01	2.16367e-04
1.02087e+01	2.12390e-04
1.02298e+01	2.08484e-04
1.02510e+01	2.04648e-04
1.02721e+01	2.00881e-04
1.02932e+01	1.97180e-04
1.03144e+01	1.93546e-04
1.03355e+01	1.89978e-04
1.03566e+01	1.86474e-04
1.03778e+01	1.83034e-04
1.03989e+01	1.79656e-04
1.04200e+01	1.76340e-04
1.04412e+01	1.73084e-04
1.04623e+01	1.69888e-04
1.04835e+01	1.66750e-04
1.05046e+01	1.63671e-04
1.05257e+01	1.60648e-04
1.05469e+01	1.57682e-04
1.05680e+01	1.54767e-04
1.05891e+01	1.51912e-04
1.06103e+01	1.49114e-04
1.06314e+01	1.46334e-04
1.06525e+01	1.43621e-04
1.06737e+01	1.40959e-04
1.06948e+01	1.38347e-04
1.07160e+01	1.35784e-04
1.07371e+01	1.33271e-04
1.07582e+01	1.30806e-04
1.07794e+01	1.28388e-04
1.08005e+01	1.26016e-04
1.08216e+01	1.23691e-04
1.08428e+01	1.21410e-04
1.08639e+01	1.19174e-04
1.08850e+01	1.16982e-04
1.09062e+01	1.14832e-04
1.09273e+01	1.12725e-04
1.09484e+01	1.10659e-04
1.09696e+01	1.08635e-04
1.09907e+01	1.06651e-04
1.10119e+01	1.04707e-04
1.10330e+01	1.02802e-04
1.10541e+01	1.00935e-04
1.10753e+01	9.91074e-05
1.10964e+01	9.73171e-05
1.11175e+01	9.55640e-05
1.11387e+01	9.38473e-05
1.11598e+01	9.21665e-05
1.11809e+01	9.05210e-05
1.12021e+01	8.89100e-05
1.12232e+01	8.73305e-05
1.12444e+01	8.57821e-05
1.12655e+01	8.42646e-05
1.12866e+01	8.27775e-05
1.13078e+01	8.13204e-05
1.13289e+01	7.98929e-05
1.13500e+01	7.84945e-05
1.13712e+01	7.71250e-05
1.13923e+01	7.57839e-05
1.14134e+01	7.44709e-05
1.14346e+01	7.31857e-05
1.14557e+01	7.19276e-05
1.14768e+01	7.06966e-05
1.14980e+01	6.94922e-05
1.15191e+01	6.83141e-05
1.15403e+01	6.71620e-05
1.15614e+01	6.60272e-05
1.15825e+01	6.48589e-05
1.16037e+01	6.36609e-05
1.16248e+01	6.24275e-05
1.16459e+01	6.11012e-05
1.16671e+01	5.96693e-05
1.16882e+01	5.82472e-05
1.17093e+01	5.68880e-05
1.17305e+01	5.56026e-05
1.17516e+01	5.43610e-05
1.17728e+01	5.31170e-05
1.17939e+01	5.18780e-05
1.18150e+01	5.06561e-05
1.18362e+01	4.94122e-05
1.18573e+01	4.79498e-05
1.18784e+01	4.65767e-05
1.18996e+01	4.53026e-05
1.19207e+01	4.40401e-05
1.19418e+01	4.28431e-05
1.19630e+01	4.16982e-05
1.19841e+01	4.05941e-05
1.20052e+01	3.95253e-05
1.20264e+01	3.84853e-05
1.20475e+01	3.74706e-05
1.20687e+01	3.64798e-05
1.20898e+01	3.55125e-05
1.21109e+01	3.45670e-05
1.21321e+01	3.36405e-05
1.21532e+01	3.27317e-05
1.21743e+01	3.18405e-05
1.21955e+01	3.09671e-05
1.22166e+01	3.01087e-05
1.22377e+01	2.92633e-05
1.22589e+01	2.84301e-05
1.22800e+01	2.76094e-05
1.23012e+01	2.68020e-05
1.23223e+01	2.60094e-05
1.23434e+01	2.52338e-05
1.23646e+01	2.44750e-05
1.23857e+01	2.37328e-05
1.24068e+01	2.30070e-05
1.24280e+01	2.22957e-05
1.24491e+01	2.15985e-05
1.24702e+01	2.09153e-05
1.24914e+01	2.02461e-05
1.25125e+01	1.95907e-05
1.25336e+01	1.89483e-05
1.25548e+01	1.83210e-05
1.25759e+01	1.77045e-05
1.25971e+01	1.71023e-05
1.26182e+01	1.65147e-05
1.26393e+01	1.59424e-05
1.26605e+01	1.53855e-05
1.26816e+01	1.48438e-05
1.27027e+01	1.43173e-05
1.27239e+01	1.38070e-05
1.27450e+01	1.33129e-05
1.27661e+01	1.28349e-05
1.27873e+01	1.23724e-05
1.28084e+01	1.19251e-05
1.28296e+01	1.14952e-05
1.28507e+01	1.10827e-05
1.28718e+01	1.06906e-05
1.28930e+01	1.03176e-05
1.29141e+01	9.95781e-06
1.29352e+01	9.60293e-06
1.29564e+01	9.27002e-06
1.29775e+01	8.95554e-06
1.29986e+01	8.64743e-06
1.30198e+01	8.32706e-06
1.30409e+01	7.97122e-06
1.30620e+01	7.60872e-06
1.30832e+01	7.29083e-06
1.31043e+01	7.00948e-06
1.31255e+01	6.75982e-06
1.31466e+01	6.53069e-06
1.31677e+01	6.30422e-06
1.31889e+01	6.07485e-06
1.32100e+01	5.84481e-06
1.32311e+01	5.63293e-06
1.32523e+01	5.43596e-06
1.32734e+01	5.25106e-06
1.32945e+01	5.07666e-06
1.33157e+01	4.91116e-06
1.33368e+01	4.75323e-06
1.33580e+01	4.60144e-06
1.33791e+01	4.45447e-06
1.34002e+01	4.31084e-06
1.34214e+01	4.17044e-06
1.34425e+01	4.03210e-06
1.34636e+01	3.89512e-06
1.34848e+01	3.76030e-06
1.35059e+01	3.63041e-06
1.35270e+01	3.50488e-06
1.35482e+01	3.38274e-06
1.35693e+01	3.26397e-06
1.35904e+01	3.14851e-06
1.36116e+01	3.03631e-06
1.36327e+01	2.92746e-06
1.36539e+01	2.82185e-06
1.36750e+01	2.71945e-06
1.36961e+01	2.62017e-06
1.37173e+01	2.52396e-06
1.37384e+01	2.43077e-06
1.37595e+01	2.34052e-06
1.37807e+01	2.25314e-06
1.38018e+01	2.16858e-06
1.38229e+01	2.08671e-06
1.38441e+01	2.00747e-06
1.38652e+01	1.93078e-06
1.38864e+01	1.85644e-06
1.39075e+01	1.78435e-06
1.39286e+01	1.71438e-06
1.39498e+01	1.64652e-06
1.39709e+01	1.58074e-06
1.39920e+01	1.51704e-06
1.40132e+01	1.45528e-06
1.40343e+01	1.39549e-06
1.40554e+01	1.33766e-06
1.40766e+01	1.28177e-06
1.40977e+01	1.22775e-06
1.41188e+01	1.17556e-06
1.41400e+01	1.12517e-06
1.41611e+01	1.07655e-06
1.41823e+01	1.02965e-06
1.42034e+01	9.84439e-07
1.42245e+01	9.40875e-07
1.42457e+01	8.98877e-07
1.42668e+01	8.58388e-07
1.42879e+01	8.19375e-07
1.43091e+01	7.81803e-07
1.43302e+01	7.45645e-07
1.43513e+01	7.10867e-07
1.43725e+01	6.77435e-07
1.43936e+01	6.45315e-07
1.44148e+01	6.14470e-07
1.44359e+01	5.84867e-07
1.44570e+01	5.56469e-07
1.44782e+01	5.29245e-07
1.44993e+01	5.03161e-07
1.45204e+01	4.78180e-07
1.45416e+01	4.54268e-07
1.45627e+01	4.31393e-07
1.45838e+01	4.09519e-07
1.46050e+01	3.88613e-07
1.46261e+01	3.68640e-07
1.46472e+01	3.49569e-07
1.46684e+01	3.31366e-07
1.46895e+01	3.13999e-07
1.47107e+01	2.97438e-07
1.47318e+01	2.81651e-07
1.47529e+01	2.66610e-07
1.47741e+01	2.52284e-07
1.47952e+01	2.38644e-07
1.48163e+01	2.25663e-07
1.48375e+01	2.13314e-07
1.48586e+01	2.01570e-07
1.48797e+01	1.90406e-07
1.49009e+01	1.79798e-07
1.49220e+01	1.69722e-07
1.49432e+01	1.60153e-07
1.49643e+01	1.51071e-07
1.49854e+01	1.42454e-07
1.50066e+01	1.34286e-07
1.50277e+01	1.26552e-07
1.50488e+01	1.19236e-07
1.50700e+01	1.12319e-07
1.50911e+01	1.05782e-07
1.51122e+01	9.96038e-08
1.51334e+01	9.37676e-08
1.51545e+01	8.82552e-08
1.51756e+01	8.30501e-08
1.51968e+01	7.81362e-08
1.52179e+01	7.34984e-08
1.52391e+01	6.91221e-08
1.52602e+01	6.49937e-08
1.52813e+01	6.10999e-08
1.53025e+01	5.74283e-08
1.53236e+01	5.39670e-08
1.53447e+01	5.07046e-08
1.53659e+01	4.76304e-08
1.53870e+01	4.47343e-08
1.54081e+01	4.20065e-08
1.54293e+01	3.94379e-08
1.54504e+01	3.70198e-08
1.54716e+01	3.47439e-08
1.54927e+01	3.26022e-08
1.55138e+01	3.05874e-08
1.55350e+01	2.86924e-08
1.55561e+01	2.69104e-08
1.55772e+01	2.52352e-08
1.55984e+01	2.36607e-08
1.56195e+01	2.21810e-08
1.56406e+01	2.07909e-08
1.56618e+01	1.94853e-08
1.56829e+01	1.82593e-08
1.57040e+01	1.71083e-08
1.57252e+01	1.60282e-08
1.57463e+01	1.50148e-08
1.57675e+01	1.40644e-08
1.57886e+01	1.31696e-08
1.58097e+01	1.23273e-08
1.58309e+01	1.15345e-08
1.58520e+01	1.07887e-08
1.58731e+01	1.00874e-08
1.58943e+01	9.42821e-09
1.59154e+01	8.80887e-09
1.59365e+01	8.22717e-09
1.59577e+01	7.68100e-09
1.59788e+01	7.16845e-09
1.60000e+01	6.68774e-09
1.60211e+01	6.23727e-09
1.60422e+01	5.81545e-09
1.60634e+01	5.42063e-09
1.60845e+01	5.05127e-09
1.61056e+01	4.70582e-09
1.61268e+01	4.38282e-09
1.61479e+01	4.08091e-09
1.61690e+01	3.79880e-09
1.61902e+01	3.53526e-09
1.62113e+01	3.28917e-09
1.62324e+01	3.05942e-09
1.62536e+01	2.84498e-09
1.62747e+01	2.64489e-09
1.62959e+01	2.45827e-09
1.63170e+01	2.28424e-09
1.63381e+01	2.12198e-09
1.63593e+01	1.97077e-09
1.63804e+01	1.82988e-09
1.64015e+01	1.69865e-09
1.64227e+01	1.57645e-09
1.64438e+01	1.46268e-09
1.64649e+01	1.35680e-09
1.64861e+01	1.25829e-09
1.65072e+01	1.16665e-09
1.65284e+01	1.08142e-09
1.65495e+01	1.00216e-09
1.65706e+01	9.28471e-10
1.65918e+01	8.59987e-10
1.66129e+01	7.96358e-10
1.66340e+01	7.37253e-10
1.66552e+01	6.82363e-10
1.66763e+01	6.31403e-10
1.66974e+01	5.84104e-10
1.67186e+01	5.40218e-10
1.67397e+01	4.99508e-10
1.67608e+01	4.61752e-10
1.67820e+01	4.26747e-10
1.68031e+01	3.94302e-10
1.68243e+01	3.64234e-10
1.68454e+01	3.36378e-10
1.68665e+01	3.10578e-10
1.68877e+01	2.86689e-10
1.69088e+01	2.64575e-10
1.69299e+01	2.44108e-10
1.69511e+01	2.25170e-10
1.69722e+01	2.07653e-10
1.69933e+01	1.91453e-10
1.70145e+01	1.76477e-10
1.70356e+01	1.62637e-10
1.70568e+01	1.49849e-10
1.70779e+01	1.38039e-10
1.70990e+01	1.27133e-10
1.71202e+01	1.17066e-10
1.71413e+01	1.07774e-10
1.71624e+01	9.91991e-11
1.71836e+01	9.12883e-11
1.72047e+01	8.39915e-11
1.72258e+01	7.72627e-11
1.72470e+01	7.10590e-11
1.72681e+01	6.53406e-11
1.72892e+01	6.00710e-11
1.73104e+01	5.52157e-11
1.73315e+01	5.07431e-11
1.73527e+01	4.66237e-11
1.73738e+01	4.28305e-11
1.73949e+01	3.93386e-11
1.74161e+01	3.61245e-11
1.74372e+01	3.31668e-11
1.74583e+01	3.04455e-11
1.74795e+01	2.79422e-11
1.75006e+01	2.56398e-11
1.75217e+01	2.35228e-11
1.75429e+01	2.15765e-11
1.75640e+01	1.97874e-11
1.75852e+01	1.81431e-11
1.76063e+01	1.66322e-11
1.76274e+01	1.52441e-11
1.76486e+01	1.39692e-11
1.76697e+01	1.27985e-11
1.76908e+01	1.17236e-11
1.77120e+01	1.07369e-11
1.77331e+01	9.83139e-12
1.77542e+01	9.00052e-12
1.77754e+01	8.23830e-12
1.77965e+01	7.53919e-12
1.78176e+01	6.89802e-12
1.78388e+01	6.31018e-12
1.78599e+01	5.77132e-12
1.78811e+01	5.27745e-12
1.79022e+01	4.82491e-12
1.79233e+01	4.41029e-12
1.79445e+01	4.03051e-12
1.79656e+01	3.68270e-12
1.79867e+01	3.36428e-12
1.80079e+01	3.07284e-12
1.80290e+01	2.80616e-12
1.80501e+01	2.56220e-12
1.80713e+01	2.33907e-12
1.80924e+01	2.13504e-12
1.81136e+01	1.94850e-12
1.81347e+01	1.77798e-12
1.81558e+01	1.62213e-12
1.81770e+01	1.47973e-12
1.81981e+01	1.34961e-12
1.82192e+01	1.23075e-12
1.82404e+01	1.12217e-12
1.82615e+01	1.02301e-12
1.82826e+01	9.32475e-13
1.83038e+01	8.49818e-13
1.83249e+01	7.74372e-13
1.83460e+01	7.05518e-13
1.83672e+01	6.42690e-13
1.83883e+01	5.85367e-13
1.84095e+01	5.33076e-13
1.84306e+01	4.85384e-13
1.84517e+01	4.41894e-13
1.84729e+01	4.02242e-13
1.84940e+01	3.66094e-13
1.85151e+01	3.33145e-13
1.85363e+01	3.03115e-13
1.85574e+01	2.75752e-13
1.85785e+01	2.50820e-13
1.85997e+01	2.28108e-13
1.86208e+01	2.07421e-13
1.86420e+01	1.88582e-13
1.86631e+01	1.71428e-13
1.86842e+01	1.55811e-13
1.87054e+01	1.41595e-13
1.87265e+01	1.28657e-13
1.87476e+01	1.16884e-13
1.87688e+01	1.06172e-13
1.87899e+01	9.64276e-14
1.88110e+01	8.75642e-14
1.88322e+01	7.95038e-14
1.88533e+01	7.21747e-14
1.88744e+01	6.55116e-14
1.88956e+01	5.94548e-14
1.89167e+01	5.39498e-14
1.89379e+01	4.89472e-14
1.89590e+01	4.44019e-14
1.89801e+01	4.02727e-14
1.90013e+01	3.65223e-14
1.90224e+01	3.31168e-14
1.90435e+01	3.00250e-14
1.90647e+01	2.72184e-14
1.90858e+01	2.46712e-14
1.91069e+01	2.23598e-14
1.91281e+01	2.02626e-14
1.91492e+01	1.83599e-14
1.91704e+01	1.66339e-14
1.91915e+01	1.50684e-14
1.92126e+01	1.36487e-14
1.92338e+01	1.23614e-14
1.92549e+01	1.11942e-14
1.92760e+01	1.01360e-14
1.92972e+01	9.17686e-15
1.93183e+01	8.30750e-15
1.93394e+01	7.51965e-15
1.93606e+01	6.80575e-15
1.93817e+01	6.15895e-15
1.94028e+01	5.57300e-15
1.94240e+01	5.04224e-15
1.94451e+01	4.56153e-15
1.94663e+01	4.12618e-15
1.94874e+01	3.73198e-15
1.95085e+01	3.37507e-15
1.95297e+01	3.05196e-15
1.95508e+01	2.75949e-15
1.95719e+01	2.49478e-15
1.95931e+01	2.25522e-15
1.96142e+01	2.03844e-15
1.96353e+01	1.84229e-15
1.96565e+01	1.66483e-15
1.96776e+01	1.50430e-15
1.96988e+01	1.35910e-15
1.97199e+01	1.22779e-15
1.97410e+01	1.10904e-15
1.97622e+01	1.00167e-15
1.97833e+01	9.04592e-16
1.98044e+01	8.16833e-16
1.98256e+01	7.37504e-16
1.98467e+01	6.65804e-16
1.98678e+01	6.01001e-16
1.98890e+01	5.42438e-16
1.99101e+01	4.89528e-16
1.99312e+01	4.41718e-16
1.99524e+01	3.98528e-16
1.99735e+01	3.59516e-16
1.99947e+01	3.24284e-16
2.00158e+01	2.92471e-16
2.00369e+01	2.63747e-16
2.00581e+01	2.37817e-16
2.00792e+01	2.14411e-16
2.01003e+01	1.93286e-16
2.01215e+01	1.74223e-16
2.01426e+01	1.57023e-16
2.01637e+01	1.41505e-16
2.01849e+01	1.27507e-16
2.02060e+01	1.14881e-16
2.02272e+01	1.03495e-16
2.02483e+01	9.32273e-17
2.02694e+01	8.39700e-17
2.02906e+01	7.56244e-17
2.03117e+01	6.81014e-17
2.03328e+01	6.13208e-17
2.03540e+01	5.52099e-17
2.03751e+01	4.97034e-17
2.03962e+01	4.47420e-17
2.04174e+01	4.02723e-17
2.04385e+01	3.62461e-17
2.04596e+01	3.26200e-17
2.04808e+01	2.93545e-17
2.05019e+01	2.64146e-17
2.05231e+01	2.37685e-17
2.05442e+01	2.13873e-17
2.05653e+01	1.92448e-17
2.05865e+01	1.73174e-17
2.06076e+01	1.55840e-17
2.06287e+01	1.40255e-17
2.06499e+01	1.26247e-17
2.06710e+01	1.13660e-17
2.06921e+01	1.02354e-17
2.07133e+01	9.22048e-18
2.07344e+01	8.30986e-18
2.07556e+01	7.49340e-18
2.07767e+01	6.76199e-18
2.07978e+01	6.10745e-18
2.08190e+01	5.52243e-18
2.08401e+01	5.00038e-18
2.08612e+01	4.53541e-18
2.08824e+01	4.12239e-18
2.09035e+01	3.75665e-18
2.09246e+01	3.43406e-18
2.09458e+01	3.15097e-18
2.09669e+01	2.90418e-18
2.09880e+01	2.69088e-18
2.10092e+01	2.50866e-18
2.10303e+01	2.35545e-18
2.10515e+01	2.22951e-18
2.10726e+01	2.12941e-18
2.10937e+01	2.05399e-18
2.11149e+01	2.00251e-18
2.11360e+01	1.97355e-18
