# The ell = 1 distribution, the first anisotropy.
# E_N [Td]	4.00000e+00
# col_1: Electron Energy [eV], col_2: f1 [eV^(-3/2)]
eV	f1
1.22745e-02	7.03002e-05
2.45491e-02	1.01851e-04
3.68236e-02	1.31455e-04
4.90981e-02	1.50832e-04
6.13727e-02	1.68858e-04
7.36472e-02	1.84859e-04
8.59218e-02	1.97427e-04
9.81963e-02	2.10549e-04
1.10471e-01	2.22766e-04
1.22745e-01	2.32956e-04
1.35020e-01	2.44851e-04
1.47294e-01	2.55477e-04
1.59569e-01	2.65690e-04
1.71844e-01	2.76954e-04
1.84118e-01	2.87384e-04
1.96393e-01	2.98500e-04
2.08667e-01	3.09324e-04
2.20942e-01	3.20399e-04
2.33216e-01	3.31935e-04
2.45491e-01	3.42791e-04
2.57765e-01	3.55038e-04
2.70040e-01	3.66869e-04
2.82314e-01	3.79237e-04
2.94589e-01	3.91944e-04
3.06863e-01	4.02943e-04
3.19138e-01	4.12277e-04
3.31412e-01	4.21229e-04
3.43687e-01	4.31438e-04
3.55962e-01	4.42167e-04
3.68236e-01	4.53929e-04
3.80511e-01	4.68470e-04
3.92785e-01	4.85644e-04
4.05060e-01	5.04586e-04
4.17334e-01	5.25115e-04
4.29609e-01	5.50707e-04
4.41883e-01	5.80448e-04
4.54158e-01	6.13162e-04
4.66432e-01	6.48324e-04
4.78707e-01	6.91027e-04
4.90981e-01	7.39653e-04
5.03256e-01	7.92703e-04
5.15531e-01	8.48928e-04
5.27805e-01	9.16732e-04
5.40080e-01	9.95348e-04
5.52354e-01	1.08230e-03
5.64629e-01	1.17545e-03
5.76903e-01	1.27871e-03
5.89178e-01	1.39461e-03
6.01452e-01	1.51977e-03
6.13727e-01	1.65261e-03
6.26001e-01	1.79061e-03
6.38276e-01	1.95242e-03
6.50550e-01	2.13301e-03
6.62825e-01	2.32805e-03
6.75100e-01	2.53392e-03
6.87374e-01	2.75619e-03
6.99649e-01	3.01602e-03
7.11923e-01	3.30938e-03
7.24198e-01	3.62981e-03
7.36472e-01	3.97073e-03
7.48747e-01	4.32698e-03
7.61021e-01	4.73097e-03
7.73296e-01	5.17314e-03
7.85570e-01	5.64506e-03
7.97845e-01	6.13913e-03
8.10119e-01	6.65158e-03
8.22394e-01	7.18283e-03
8.34669e-01	7.72720e-03
8.46943e-01	8.27960e-03
8.59218e-01	8.83568e-03
8.71492e-01	9.40221e-03
8.83767e-01	1.00090e-02
8.96041e-01	1.06515e-02
9.08316e-01	1.13216e-02
9.20590e-01	1.20118e-02
9.32865e-01	1.27228e-02
9.45139e-01	1.34912e-02
9.57414e-01	1.43223e-02
9.69688e-01	1.52037e-02
9.81963e-01	1.61246e-02
9.94237e-01	1.70734e-02
1.00651e+00	1.80914e-02
1.01879e+00	1.92021e-02
1.03106e+00	2.03857e-02
1.04334e+00	2.16256e-02
1.05561e+00	2.29076e-02
1.06788e+00	2.42171e-02
1.08016e+00	2.56198e-02
1.09243e+00	2.70649e-02
1.10471e+00	2.85395e-02
1.11698e+00	3.00323e-02
1.12926e+00	3.15333e-02
1.14153e+00	3.30347e-02
1.15381e+00	3.45599e-02
1.16608e+00	3.60933e-02
1.17836e+00	3.76281e-02
1.19063e+00	3.91587e-02
1.20290e+00	4.06777e-02
1.21518e+00	4.21831e-02
1.22745e+00	4.37286e-02
1.23973e+00	4.53101e-02
1.25200e+00	4.69180e-02
1.26428e+00	4.85421e-02
1.27655e+00	5.01728e-02
1.28883e+00	5.18005e-02
1.30110e+00	5.35129e-02
1.31338e+00	5.53736e-02
1.32565e+00	5.73571e-02
1.33792e+00	5.94387e-02
1.35020e+00	6.15950e-02
1.36247e+00	6.38043e-02
1.37475e+00	6.60554e-02
1.38702e+00	6.82036e-02
1.39930e+00	7.02558e-02
1.41157e+00	7.22155e-02
1.42385e+00	7.40859e-02
1.43612e+00	7.58696e-02
1.44840e+00	7.75683e-02
1.46067e+00	7.92222e-02
1.47294e+00	8.08290e-02
1.48522e+00	8.23915e-02
1.49749e+00	8.39124e-02
1.50977e+00	8.53927e-02
1.52204e+00	8.68306e-02
1.53432e+00	8.82179e-02
1.54659e+00	8.96871e-02
1.55887e+00	9.13578e-02
1.57114e+00	9.32043e-02
1.58342e+00	9.51958e-02
1.59569e+00	9.72961e-02
1.60796e+00	9.94768e-02
1.62024e+00	1.01710e-01
1.63251e+00	1.03952e-01
1.64479e+00	1.06079e-01
1.65706e+00	1.08082e-01
1.66934e+00	1.09951e-01
1.68161e+00	1.11657e-01
1.69389e+00	1.13206e-01
1.70616e+00	1.14600e-01
1.71844e+00	1.15843e-01
1.73071e+00	1.16785e-01
1.74298e+00	1.17375e-01
1.75526e+00	1.17602e-01
1.76753e+00	1.17449e-01
1.77981e+00	1.16954e-01
1.79208e+00	1.16148e-01
1.80436e+00	1.15003e-01
1.81663e+00	1.13548e-01
1.82891e+00	1.11946e-01
1.84118e+00	1.10131e-01
1.85346e+00	1.07996e-01
1.86573e+00	1.05549e-01
1.87800e+00	1.02724e-01
1.89028e+00	9.94882e-02
1.90255e+00	9.59016e-02
1.91483e+00	9.20205e-02
1.92710e+00	8.78837e-02
1.93938e+00	8.36173e-02
1.95165e+00	7.92503e-02
1.96393e+00	7.49144e-02
1.97620e+00	7.06277e-02
1.98847e+00	6.64028e-02
2.00075e+00	6.22525e-02
2.01302e+00	5.81729e-02
2.02530e+00	5.42881e-02
2.03757e+00	5.06543e-02
2.04985e+00	4.73159e-02
2.06212e+00	4.42503e-02
2.07440e+00	4.14276e-02
2.08667e+00	3.88321e-02
2.09895e+00	3.64447e-02
2.11122e+00	3.42455e-02
2.12349e+00	3.21003e-02
2.13577e+00	3.00170e-02
2.14804e+00	2.79955e-02
2.16032e+00	2.60633e-02
2.17259e+00	2.42339e-02
2.18487e+00	2.25035e-02
2.19714e+00	2.08685e-02
2.20942e+00	1.93310e-02
2.22169e+00	1.78963e-02
2.23397e+00	1.65627e-02
2.24624e+00	1.53296e-02
2.25851e+00	1.41927e-02
2.27079e+00	1.31425e-02
2.28306e+00	1.21740e-02
2.29534e+00	1.12835e-02
2.30761e+00	1.04588e-02
2.31989e+00	9.69084e-03
2.33216e+00	8.97803e-03
2.34444e+00	8.31373e-03
2.35671e+00	7.70016e-03
2.36899e+00	7.12865e-03
2.38126e+00	6.59823e-03
2.39353e+00	6.10581e-03
2.40581e+00	5.65808e-03
2.41808e+00	5.25653e-03
2.43036e+00	4.88430e-03
2.44263e+00	4.53231e-03
2.45491e+00	4.20034e-03
2.46718e+00	3.88640e-03
2.47946e+00	3.59103e-03
2.49173e+00	3.31535e-03
2.50401e+00	3.06222e-03
2.51628e+00	2.82868e-03
2.52855e+00	2.61118e-03
2.54083e+00	2.41224e-03
2.55310e+00	2.23106e-03
2.56538e+00	2.06511e-03
2.57765e+00	1.91253e-03
2.58993e+00	1.77384e-03
2.60220e+00	1.64794e-03
2.61448e+00	1.53046e-03
2.62675e+00	1.42133e-03
2.63903e+00	1.31918e-03
2.65130e+00	1.22419e-03
2.66357e+00	1.13639e-03
2.67585e+00	1.05522e-03
2.68812e+00	9.79704e-04
2.70040e+00	9.09622e-04
2.71267e+00	8.45597e-04
2.72495e+00	7.87776e-04
2.73722e+00	7.36168e-04
2.74950e+00	6.90033e-04
2.76177e+00	6.48655e-04
2.77405e+00	6.10022e-04
2.78632e+00	5.73611e-04
2.79859e+00	5.39682e-04
2.81087e+00	5.08049e-04
2.82314e+00	4.78175e-04
2.83542e+00	4.49416e-04
2.84769e+00	4.21841e-04
2.85997e+00	3.95346e-04
2.87224e+00	3.69560e-04
2.88452e+00	3.44518e-04
2.89679e+00	3.21455e-04
2.90907e+00	3.00294e-04
2.92134e+00	2.80890e-04
2.93361e+00	2.63124e-04
2.94589e+00	2.46910e-04
2.95816e+00	2.32085e-04
2.97044e+00	2.18648e-04
2.98271e+00	2.06550e-04
2.99499e+00	1.95545e-04
3.00726e+00	1.85418e-04
3.01954e+00	1.75887e-04
3.03181e+00	1.66804e-04
3.04409e+00	1.58143e-04
3.05636e+00	1.49870e-04
3.06863e+00	1.42000e-04
3.08091e+00	1.34511e-04
3.09318e+00	1.27375e-04
3.10546e+00	1.20662e-04
3.11773e+00	1.14390e-04
3.13001e+00	1.08535e-04
3.14228e+00	1.03109e-04
3.15456e+00	9.80668e-05
3.16683e+00	9.33280e-05
3.17911e+00	8.88282e-05
3.19138e+00	8.45469e-05
3.20365e+00	8.04736e-05
3.21593e+00	7.65891e-05
3.22820e+00	7.28987e-05
3.24048e+00	6.93817e-05
3.25275e+00	6.60218e-05
3.26503e+00	6.28110e-05
3.27730e+00	5.97759e-05
3.28958e+00	5.69156e-05
3.30185e+00	5.42295e-05
3.31412e+00	5.17119e-05
3.32640e+00	4.93697e-05
3.33867e+00	4.71788e-05
3.35095e+00	4.51233e-05
3.36322e+00	4.31971e-05
3.37550e+00	4.13941e-05
3.38777e+00	3.96985e-05
3.40005e+00	3.81043e-05
3.41232e+00	3.66055e-05
3.42460e+00	3.51829e-05
3.43687e+00	3.38189e-05
3.44914e+00	3.25194e-05
3.46142e+00	3.12813e-05
3.47369e+00	3.01020e-05
3.48597e+00	2.89802e-05
3.49824e+00	2.79157e-05
3.51052e+00	2.69054e-05
3.52279e+00	2.59417e-05
3.53507e+00	2.50223e-05
3.54734e+00	2.41436e-05
3.55962e+00	2.33006e-05
3.57189e+00	2.24865e-05
3.58416e+00	2.17034e-05
3.59644e+00	2.09474e-05
3.60871e+00	2.02204e-05
3.62099e+00	1.95224e-05
3.63326e+00	1.88512e-05
3.64554e+00	1.82058e-05
3.65781e+00	1.75851e-05
3.67009e+00	1.69890e-05
3.68236e+00	1.64172e-05
3.69464e+00	1.58689e-05
3.70691e+00	1.53429e-05
3.71918e+00	1.48394e-05
3.73146e+00	1.43590e-05
3.74373e+00	1.39030e-05
3.75601e+00	1.34700e-05
3.76828e+00	1.30590e-05
3.78056e+00	1.26702e-05
3.79283e+00	1.23033e-05
3.80511e+00	1.19572e-05
3.81738e+00	1.16310e-05
3.82966e+00	1.13240e-05
3.84193e+00	1.10357e-05
3.85420e+00	1.07647e-05
3.86648e+00	1.05097e-05
3.87875e+00	1.02642e-05
3.89103e+00	1.00270e-05
3.90330e+00	9.79938e-06
3.91558e+00	9.57982e-06
3.92785e+00	9.36838e-06
3.94013e+00	9.16461e-06
3.95240e+00	8.96853e-06
3.96468e+00	8.78047e-06
3.97695e+00	8.59822e-06
3.98922e+00	8.42523e-06
4.00150e+00	8.25723e-06
4.01377e+00	8.09491e-06
4.02605e+00	7.93793e-06
4.03832e+00	7.78437e-06
4.05060e+00	7.63369e-06
4.06287e+00	7.48564e-06
4.07515e+00	7.34070e-06
4.08742e+00	7.19834e-06
4.09970e+00	7.05861e-06
4.11197e+00	6.92146e-06
4.12424e+00	6.78682e-06
4.13652e+00	6.65457e-06
4.14879e+00	6.52463e-06
4.16107e+00	6.39693e-06
4.17334e+00	6.27143e-06
4.18562e+00	6.14811e-06
4.19789e+00	6.02688e-06
4.21017e+00	5.90765e-06
4.22244e+00	5.79037e-06
4.23472e+00	5.67500e-06
4.24699e+00	5.56151e-06
4.25926e+00	5.44962e-06
4.27154e+00	5.33924e-06
4.28381e+00	5.23032e-06
4.29609e+00	5.12282e-06
4.30836e+00	5.01669e-06
4.32064e+00	4.91192e-06
4.33291e+00	4.80848e-06
4.34519e+00	4.70635e-06
4.35746e+00	4.60550e-06
4.36974e+00	4.50596e-06
4.38201e+00	4.40776e-06
4.39428e+00	4.31087e-06
4.40656e+00	4.21533e-06
4.41883e+00	4.12114e-06
4.43111e+00	4.02831e-06
4.44338e+00	3.93709e-06
4.45566e+00	3.84724e-06
4.46793e+00	3.75884e-06
4.48021e+00	3.67182e-06
4.49248e+00	3.58614e-06
4.50476e+00	3.50178e-06
4.51703e+00	3.41871e-06
4.52930e+00	3.33688e-06
4.54158e+00	3.25663e-06
4.55385e+00	3.17831e-06
4.56613e+00	3.10192e-06
4.57840e+00	3.02745e-06
4.59068e+00	2.95483e-06
4.60295e+00	2.88403e-06
4.61523e+00	2.81501e-06
4.62750e+00	2.74785e-06
4.63977e+00	2.68285e-06
4.65205e+00	2.61994e-06
4.66432e+00	2.55909e-06
4.67660e+00	2.50024e-06
4.68887e+00	2.44335e-06
4.70115e+00	2.38838e-06
4.71342e+00	2.33527e-06
4.72570e+00	2.28400e-06
4.73797e+00	2.23453e-06
4.75025e+00	2.18680e-06
4.76252e+00	2.14079e-06
4.77479e+00	2.09646e-06
4.78707e+00	2.05376e-06
4.79934e+00	2.01269e-06
4.81162e+00	1.97316e-06
4.82389e+00	1.93527e-06
4.83617e+00	1.89922e-06
4.84844e+00	1.86495e-06
4.86072e+00	1.83245e-06
4.87299e+00	1.80167e-06
4.88527e+00	1.77256e-06
4.89754e+00	1.74509e-06
4.90981e+00	1.71922e-06
4.92209e+00	1.69480e-06
4.93436e+00	1.67151e-06
4.94664e+00	1.64925e-06
4.95891e+00	1.62794e-06
4.97119e+00	1.60751e-06
4.98346e+00	1.58796e-06
4.99574e+00	1.56924e-06
5.00801e+00	1.55137e-06
5.02029e+00	1.53406e-06
5.03256e+00	1.51767e-06
5.04483e+00	1.50177e-06
5.05711e+00	1.48646e-06
5.06938e+00	1.47170e-06
5.08166e+00	1.45748e-06
5.09393e+00	1.44380e-06
5.10621e+00	1.43062e-06
5.11848e+00	1.41781e-06
5.13076e+00	1.40512e-06
5.14303e+00	1.39254e-06
5.15531e+00	1.38007e-06
5.16758e+00	1.36771e-06
5.17985e+00	1.35545e-06
5.19213e+00	1.34330e-06
5.20440e+00	1.33125e-06
5.21668e+00	1.31930e-06
5.22895e+00	1.30747e-06
5.24123e+00	1.29572e-06
5.25350e+00	1.28408e-06
5.26578e+00	1.27254e-06
5.27805e+00	1.26110e-06
5.29033e+00	1.24976e-06
5.30260e+00	1.23852e-06
5.31487e+00	1.22738e-06
5.32715e+00	1.21633e-06
5.33942e+00	1.20537e-06
5.35170e+00	1.19452e-06
5.36397e+00	1.18376e-06
5.37625e+00	1.17309e-06
5.38852e+00	1.16251e-06
5.40080e+00	1.15203e-06
5.41307e+00	1.14163e-06
5.42535e+00	1.13133e-06
5.43762e+00	1.12112e-06
5.44989e+00	1.11099e-06
5.46217e+00	1.10096e-06
5.47444e+00	1.09101e-06
5.48672e+00	1.08115e-06
5.49899e+00	1.07137e-06
5.51127e+00	1.06168e-06
5.52354e+00	1.05208e-06
5.53582e+00	1.04256e-06
5.54809e+00	1.03312e-06
5.56037e+00	1.02376e-06
5.57264e+00	1.01449e-06
5.58491e+00	1.00530e-06
5.59719e+00	9.96195e-07
5.60946e+00	9.87166e-07
5.62174e+00	9.78216e-07
5.63401e+00	9.69346e-07
5.64629e+00	9.60553e-07
5.65856e+00	9.51837e-07
5.67084e+00	9.43200e-07
5.68311e+00	9.34639e-07
5.69539e+00	9.26151e-07
5.70766e+00	9.17740e-07
5.71993e+00	9.09404e-07
5.73221e+00	9.01142e-07
5.74448e+00	8.92954e-07
5.75676e+00	8.84839e-07
5.76903e+00	8.76797e-07
5.78131e+00	8.68828e-07
5.79358e+00	8.60926e-07
5.80586e+00	8.53101e-07
5.81813e+00	8.45343e-07
5.83040e+00	8.37655e-07
5.84268e+00	8.30036e-07
5.85495e+00	8.22485e-07
5.86723e+00	8.15002e-07
5.87950e+00	8.07586e-07
5.89178e+00	8.00235e-07
5.90405e+00	7.92954e-07
5.91633e+00	7.85743e-07
5.92860e+00	7.78573e-07
5.94088e+00	7.71481e-07
5.95315e+00	7.64452e-07
5.96542e+00	7.57487e-07
5.97770e+00	7.50585e-07
5.98997e+00	7.43746e-07
6.00225e+00	7.36970e-07
6.01452e+00	7.30242e-07
6.02680e+00	7.23617e-07
6.03907e+00	7.17019e-07
6.05135e+00	7.10441e-07
6.06362e+00	7.03951e-07
6.07590e+00	6.97516e-07
6.08817e+00	6.91142e-07
6.10044e+00	6.84825e-07
6.11272e+00	6.78567e-07
6.12499e+00	6.72366e-07
6.13727e+00	6.66222e-07
6.14954e+00	6.60134e-07
6.16182e+00	6.54102e-07
6.17409e+00	6.48126e-07
6.18637e+00	6.42205e-07
6.19864e+00	6.36338e-07
6.21092e+00	6.30526e-07
6.22319e+00	6.24767e-07
6.23546e+00	6.19061e-07
6.24774e+00	6.13407e-07
6.26001e+00	6.07806e-07
6.27229e+00	6.02256e-07
6.28456e+00	5.96758e-07
6.29684e+00	5.91308e-07
6.30911e+00	5.85910e-07
6.32139e+00	5.80560e-07
6.33366e+00	5.75260e-07
6.34594e+00	5.70009e-07
6.35821e+00	5.64806e-07
6.37048e+00	5.59651e-07
6.38276e+00	5.54543e-07
6.39503e+00	5.49482e-07
6.40731e+00	5.44468e-07
6.41958e+00	5.39499e-07
6.43186e+00	5.34576e-07
6.44413e+00	5.29699e-07
6.45641e+00	5.24867e-07
6.46868e+00	5.20080e-07
6.48096e+00	5.15337e-07
6.49323e+00	5.10639e-07
6.50550e+00	5.05984e-07
6.51778e+00	5.01372e-07
6.53005e+00	4.96801e-07
6.54233e+00	4.92275e-07
6.55460e+00	4.87792e-07
6.56688e+00	4.83349e-07
6.57915e+00	4.78947e-07
6.59143e+00	4.74586e-07
6.60370e+00	4.70265e-07
6.61598e+00	4.65983e-07
6.62825e+00	4.61742e-07
6.64052e+00	4.57539e-07
6.65280e+00	4.53376e-07
6.66507e+00	4.49247e-07
6.67735e+00	4.45162e-07
6.68962e+00	4.41113e-07
6.70190e+00	4.37102e-07
6.71417e+00	4.33128e-07
6.72645e+00	4.29191e-07
6.73872e+00	4.25286e-07
6.75100e+00	4.21408e-07
6.76327e+00	4.17558e-07
6.77554e+00	4.13735e-07
6.78782e+00	4.09938e-07
6.80009e+00	4.06171e-07
6.81237e+00	4.02428e-07
6.82464e+00	3.98712e-07
6.83692e+00	3.95024e-07
6.84919e+00	3.91362e-07
6.86147e+00	3.87727e-07
6.87374e+00	3.84119e-07
6.88602e+00	3.80537e-07
6.89829e+00	3.76981e-07
6.91056e+00	3.73451e-07
6.92284e+00	3.69922e-07
6.93511e+00	3.66521e-07
6.94739e+00	3.63001e-07
6.95966e+00	3.59546e-07
6.97194e+00	3.56124e-07
6.98421e+00	3.52730e-07
6.99649e+00	3.49363e-07
7.00876e+00	3.46024e-07
7.02104e+00	3.42715e-07
7.03331e+00	3.39434e-07
7.04558e+00	3.36183e-07
7.05786e+00	3.32948e-07
7.07013e+00	3.29783e-07
7.08241e+00	3.26606e-07
7.09468e+00	3.23432e-07
7.10696e+00	3.20307e-07
7.11923e+00	3.17208e-07
7.13151e+00	3.14138e-07
7.14378e+00	3.11095e-07
7.15605e+00	3.08080e-07
7.16833e+00	3.05092e-07
7.18060e+00	3.02130e-07
7.19288e+00	2.99196e-07
7.20515e+00	2.96288e-07
7.21743e+00	2.93406e-07
7.22970e+00	2.90553e-07
7.24198e+00	2.87730e-07
7.25425e+00	2.84936e-07
7.26653e+00	2.82171e-07
7.27880e+00	2.79434e-07
7.29107e+00	2.76726e-07
7.30335e+00	2.74045e-07
7.31562e+00	2.71391e-07
7.32790e+00	2.68764e-07
7.34017e+00	2.66164e-07
7.35245e+00	2.63590e-07
7.36472e+00	2.61041e-07
7.37700e+00	2.58503e-07
7.38927e+00	2.55972e-07
7.40155e+00	2.53448e-07
7.41382e+00	2.50933e-07
7.42609e+00	2.48426e-07
7.43837e+00	2.45927e-07
7.45064e+00	2.43438e-07
7.46292e+00	2.40959e-07
7.47519e+00	2.38489e-07
7.48747e+00	2.36031e-07
7.49974e+00	2.33583e-07
7.51202e+00	2.31148e-07
7.52429e+00	2.28724e-07
7.53657e+00	2.26311e-07
7.54884e+00	2.23909e-07
7.56111e+00	2.21516e-07
7.57339e+00	2.19134e-07
7.58566e+00	2.16764e-07
7.59794e+00	2.14404e-07
7.61021e+00	2.12055e-07
7.62249e+00	2.09718e-07
7.63476e+00	2.07392e-07
7.64704e+00	2.05078e-07
7.65931e+00	2.02776e-07
7.67159e+00	2.00487e-07
7.68386e+00	1.98210e-07
7.69613e+00	1.95947e-07
7.70841e+00	1.93697e-07
7.72068e+00	1.91460e-07
7.73296e+00	1.89238e-07
7.74523e+00	1.87029e-07
7.75751e+00	1.84827e-07
7.76978e+00	1.82626e-07
7.78206e+00	1.80424e-07
7.79433e+00	1.78221e-07
7.80661e+00	1.76012e-07
7.81888e+00	1.73798e-07
7.83115e+00	1.71578e-07
7.84343e+00	1.69352e-07
7.85570e+00	1.67120e-07
7.86798e+00	1.64883e-07
7.88025e+00	1.62643e-07
7.89253e+00	1.60400e-07
7.90480e+00	1.58156e-07
7.91708e+00	1.55913e-07
7.92935e+00	1.53671e-07
7.94163e+00	1.51431e-07
7.95390e+00	1.49196e-07
7.96617e+00	1.46965e-07
7.97845e+00	1.44740e-07
7.99072e+00	1.42521e-07
8.00300e+00	1.40307e-07
8.01527e+00	1.38100e-07
8.02755e+00	1.35900e-07
8.03982e+00	1.33706e-07
8.05210e+00	1.31519e-07
8.06437e+00	1.29339e-07
8.07665e+00	1.27169e-07
8.08892e+00	1.25009e-07
8.10119e+00	1.22860e-07
8.11347e+00	1.20721e-07
8.12574e+00	1.18599e-07
8.13802e+00	1.16489e-07
8.15029e+00	1.14394e-07
8.16257e+00	1.12314e-07
8.17484e+00	1.10251e-07
8.18712e+00	1.08205e-07
8.19939e+00	1.06177e-07
8.21167e+00	1.04167e-07
8.22394e+00	1.02177e-07
8.23621e+00	1.00199e-07
8.24849e+00	9.82347e-08
8.26076e+00	9.62849e-08
8.27304e+00	9.43506e-08
8.28531e+00	9.24329e-08
8.29759e+00	9.05316e-08
8.30986e+00	8.86451e-08
8.32214e+00	8.67743e-08
8.33441e+00	8.49199e-08
8.34669e+00	8.30817e-08
8.35896e+00	8.12606e-08
8.37123e+00	7.94573e-08
8.38351e+00	7.76727e-08
8.39578e+00	7.59076e-08
8.40806e+00	7.41625e-08
8.42033e+00	7.24381e-08
8.43261e+00	7.07351e-08
8.44488e+00	6.90539e-08
8.45716e+00	6.73956e-08
8.46943e+00	6.57512e-08
8.48170e+00	6.41206e-08
8.49398e+00	6.25055e-08
8.50625e+00	6.09115e-08
8.51853e+00	5.93402e-08
8.53080e+00	5.77919e-08
8.54308e+00	5.62680e-08
8.55535e+00	5.47704e-08
8.56763e+00	5.33001e-08
8.57990e+00	5.18571e-08
8.59218e+00	5.04415e-08
8.60445e+00	4.90530e-08
8.61672e+00	4.76918e-08
8.62900e+00	4.63577e-08
8.64127e+00	4.50505e-08
8.65355e+00	4.37702e-08
8.66582e+00	4.25167e-08
8.67810e+00	4.12896e-08
8.69037e+00	4.00890e-08
8.70265e+00	3.89146e-08
8.71492e+00	3.77663e-08
8.72720e+00	3.66438e-08
8.73947e+00	3.55468e-08
8.75174e+00	3.44747e-08
8.76402e+00	3.34274e-08
8.77629e+00	3.24046e-08
8.78857e+00	3.14060e-08
8.80084e+00	3.04313e-08
8.81312e+00	2.94802e-08
8.82539e+00	2.85523e-08
8.83767e+00	2.76475e-08
8.84994e+00	2.67652e-08
8.86222e+00	2.59052e-08
8.87449e+00	2.50672e-08
8.88676e+00	2.42508e-08
8.89904e+00	2.34556e-08
8.91131e+00	2.26814e-08
8.92359e+00	2.19272e-08
8.93586e+00	2.11950e-08
8.94814e+00	2.04799e-08
8.96041e+00	1.97853e-08
8.97269e+00	1.91097e-08
8.98496e+00	1.84532e-08
8.99724e+00	1.78155e-08
9.00951e+00	1.71969e-08
9.02178e+00	1.65969e-08
9.03406e+00	1.60155e-08
9.04633e+00	1.54526e-08
9.05861e+00	1.49078e-08
9.07088e+00	1.43806e-08
9.08316e+00	1.38704e-08
9.09543e+00	1.33768e-08
9.10771e+00	1.28994e-08
9.11998e+00	1.24375e-08
9.13226e+00	1.19909e-08
9.14453e+00	1.15589e-08
9.15680e+00	1.11413e-08
9.16908e+00	1.07376e-08
9.18135e+00	1.03473e-08
9.19363e+00	9.97016e-09
9.20590e+00	9.60565e-09
9.21818e+00	9.25342e-09
9.23045e+00	8.91311e-09
9.24273e+00	8.58435e-09
9.25500e+00	8.26679e-09
9.26728e+00	7.96007e-09
9.27955e+00	7.66393e-09
9.29182e+00	7.37795e-09
9.30410e+00	7.10179e-09
9.31637e+00	6.83525e-09
9.32865e+00	6.57798e-09
9.34092e+00	6.32970e-09
9.35320e+00	6.09011e-09
9.36547e+00	5.85894e-09
9.37775e+00	5.63593e-09
9.39002e+00	5.42081e-09
9.40230e+00	5.21334e-09
9.41457e+00	5.01325e-09
9.42684e+00	4.82032e-09
9.43912e+00	4.63430e-09
9.45139e+00	4.45499e-09
9.46367e+00	4.28214e-09
9.47594e+00	4.11556e-09
9.48822e+00	3.95504e-09
9.50049e+00	3.80038e-09
9.51277e+00	3.65137e-09
9.52504e+00	3.50784e-09
9.53732e+00	3.36959e-09
9.54959e+00	3.23645e-09
9.56186e+00	3.10824e-09
9.57414e+00	2.98479e-09
9.58641e+00	2.86588e-09
9.59869e+00	2.75139e-09
9.61096e+00	2.64114e-09
9.62324e+00	2.53501e-09
9.63551e+00	2.43282e-09
9.64779e+00	2.33463e-09
9.66006e+00	2.23989e-09
9.67233e+00	2.14884e-09
9.68461e+00	2.06121e-09
9.69688e+00	1.97688e-09
9.70916e+00	1.89575e-09
9.72143e+00	1.81770e-09
9.73371e+00	1.74264e-09
9.74598e+00	1.67045e-09
9.75826e+00	1.60103e-09
9.77053e+00	1.53429e-09
9.78281e+00	1.47012e-09
9.79508e+00	1.40845e-09
9.80735e+00	1.34918e-09
9.81963e+00	1.29222e-09
9.83190e+00	1.23750e-09
9.84418e+00	1.18493e-09
9.85645e+00	1.13443e-09
9.86873e+00	1.08593e-09
9.88100e+00	1.03936e-09
9.89328e+00	9.94644e-10
9.90555e+00	9.51717e-10
9.91783e+00	9.10512e-10
9.93010e+00	8.70964e-10
9.94237e+00	8.33012e-10
9.95465e+00	7.96600e-10
9.96692e+00	7.61670e-10
9.97920e+00	7.28165e-10
9.99147e+00	6.96043e-10
1.00037e+01	6.65205e-10
1.00160e+01	6.35907e-10
1.00283e+01	6.07657e-10
1.00406e+01	5.80440e-10
1.00528e+01	5.54549e-10
1.00651e+01	5.29771e-10
1.00774e+01	5.06075e-10
1.00897e+01	4.83415e-10
1.01019e+01	4.61746e-10
1.01142e+01	4.41028e-10
1.01265e+01	4.21223e-10
1.01388e+01	4.02288e-10
1.01510e+01	3.84186e-10
1.01633e+01	3.66882e-10
1.01756e+01	3.50341e-10
1.01879e+01	3.34529e-10
1.02001e+01	3.19415e-10
1.02124e+01	3.04969e-10
1.02247e+01	2.91161e-10
1.02370e+01	2.77964e-10
1.02492e+01	2.65352e-10
1.02615e+01	2.53299e-10
1.02738e+01	2.41781e-10
1.02861e+01	2.30774e-10
1.02983e+01	2.20258e-10
1.03106e+01	2.10210e-10
1.03229e+01	2.00610e-10
1.03352e+01	1.91439e-10
1.03474e+01	1.82678e-10
1.03597e+01	1.74309e-10
1.03720e+01	1.66315e-10
1.03843e+01	1.58680e-10
1.03965e+01	1.51387e-10
1.04088e+01	1.44423e-10
1.04211e+01	1.37772e-10
1.04334e+01	1.31421e-10
1.04456e+01	1.25357e-10
1.04579e+01	1.19566e-10
1.04702e+01	1.14038e-10
1.04825e+01	1.08760e-10
1.04947e+01	1.03721e-10
1.05070e+01	9.89114e-11
1.05193e+01	9.43200e-11
1.05316e+01	8.99374e-11
1.05438e+01	8.57543e-11
1.05561e+01	8.17617e-11
1.05684e+01	7.79511e-11
1.05807e+01	7.43143e-11
1.05929e+01	7.08331e-11
1.06052e+01	6.75530e-11
1.06175e+01	6.43669e-11
1.06297e+01	6.13401e-11
1.06420e+01	5.84576e-11
1.06543e+01	5.57082e-11
1.06666e+01	5.30863e-11
1.06788e+01	5.05861e-11
1.06911e+01	4.82019e-11
1.07034e+01	4.59285e-11
1.07157e+01	4.37608e-11
1.07279e+01	4.16940e-11
1.07402e+01	3.97234e-11
1.07525e+01	3.78447e-11
1.07648e+01	3.60536e-11
1.07770e+01	3.43461e-11
1.07893e+01	3.27184e-11
1.08016e+01	3.11668e-11
1.08139e+01	2.96878e-11
1.08261e+01	2.82780e-11
1.08384e+01	2.69343e-11
1.08507e+01	2.56536e-11
1.08630e+01	2.44330e-11
1.08752e+01	2.32698e-11
1.08875e+01	2.21612e-11
1.08998e+01	2.11048e-11
1.09121e+01	2.00981e-11
1.09243e+01	1.91389e-11
1.09366e+01	1.82250e-11
1.09489e+01	1.73542e-11
1.09612e+01	1.65246e-11
1.09734e+01	1.57343e-11
1.09857e+01	1.49814e-11
1.09980e+01	1.42641e-11
1.10103e+01	1.35809e-11
1.10225e+01	1.29300e-11
1.10348e+01	1.23101e-11
1.10471e+01	1.17197e-11
1.10594e+01	1.11575e-11
1.10716e+01	1.06221e-11
1.10839e+01	1.01123e-11
1.10962e+01	9.62684e-12
1.11085e+01	9.16464e-12
1.11207e+01	8.72458e-12
1.11330e+01	8.30561e-12
1.11453e+01	7.90675e-12
1.11576e+01	7.52706e-12
1.11698e+01	7.16562e-12
1.11821e+01	6.82157e-12
1.11944e+01	6.49410e-12
1.12067e+01	6.18221e-12
1.12189e+01	5.88516e-12
1.12312e+01	5.60227e-12
1.12435e+01	5.33289e-12
1.12558e+01	5.07639e-12
1.12680e+01	4.83218e-12
1.12803e+01	4.59969e-12
1.12926e+01	4.37837e-12
1.13048e+01	4.16771e-12
1.13171e+01	3.96722e-12
1.13294e+01	3.77641e-12
1.13417e+01	3.59485e-12
1.13539e+01	3.42210e-12
1.13662e+01	3.25774e-12
1.13785e+01	3.10140e-12
1.13908e+01	2.95270e-12
1.14030e+01	2.81129e-12
1.14153e+01	2.67681e-12
1.14276e+01	2.54896e-12
1.14399e+01	2.42743e-12
1.14521e+01	2.31190e-12
1.14644e+01	2.20212e-12
1.14767e+01	2.09782e-12
1.14890e+01	1.99873e-12
1.15012e+01	1.90461e-12
1.15135e+01	1.81525e-12
1.15258e+01	1.73041e-12
1.15381e+01	1.64988e-12
1.15503e+01	1.57346e-12
1.15626e+01	1.49974e-12
1.15749e+01	1.42821e-12
1.15872e+01	1.35894e-12
1.15994e+01	1.29193e-12
1.16117e+01	1.22707e-12
1.16240e+01	1.16421e-12
1.16363e+01	1.10230e-12
1.16485e+01	1.04063e-12
1.16608e+01	9.79733e-13
1.16731e+01	9.21337e-13
1.16854e+01	8.66358e-13
1.16976e+01	8.15121e-13
1.17099e+01	7.67542e-13
1.17222e+01	7.23453e-13
1.17345e+01	6.82432e-13
1.17467e+01	6.43929e-13
1.17590e+01	6.07405e-13
1.17713e+01	5.72530e-13
1.17836e+01	5.39400e-13
1.17958e+01	5.08135e-13
1.18081e+01	4.78694e-13
1.18204e+01	4.50699e-13
1.18327e+01	4.23717e-13
1.18449e+01	3.95623e-13
1.18572e+01	3.68264e-13
1.18695e+01	3.42976e-13
1.18818e+01	3.20428e-13
1.18940e+01	2.99609e-13
1.19063e+01	2.80072e-13
1.19186e+01	2.61722e-13
1.19308e+01	2.44807e-13
1.19431e+01	2.29196e-13
1.19554e+01	2.14733e-13
1.19677e+01	2.01312e-13
1.19799e+01	1.88839e-13
1.19922e+01	1.77244e-13
1.20045e+01	1.66452e-13
1.20168e+01	1.56401e-13
1.20290e+01	1.47041e-13
1.20413e+01	1.38322e-13
1.20536e+01	1.30207e-13
1.20659e+01	1.22661e-13
1.20781e+01	1.15652e-13
1.20904e+01	1.09150e-13
1.21027e+01	1.03122e-13
1.21150e+01	9.75420e-14
1.21272e+01	9.23813e-14
1.21395e+01	8.76182e-14
1.21518e+01	8.32338e-14
1.21641e+01	7.92109e-14
1.21763e+01	7.55334e-14
1.21886e+01	7.21863e-14
1.22009e+01	6.91544e-14
1.22132e+01	6.64217e-14
1.22254e+01	6.39779e-14
1.22377e+01	6.18131e-14
1.22500e+01	5.99167e-14
1.22623e+01	5.83337e-14
1.22745e+01	5.66337e-14
