# The ell = 1 distribution, the first anisotropy.
# E_N [Td]	8.00000e+00
# col_1: Electron Energy [eV], col_2: f1 [eV^(-3/2)]
eV	f1
1.75288e-02	2.46814e-05
3.50576e-02	5.28105e-05
5.25864e-02	8.07509e-05
7.01152e-02	1.03069e-04
8.76440e-02	1.23154e-04
1.05173e-01	1.41676e-04
1.22702e-01	1.59219e-04
1.40230e-01	1.76743e-04
1.57759e-01	1.94061e-04
1.75288e-01	2.12106e-04
1.92817e-01	2.30424e-04
2.10345e-01	2.50058e-04
2.27874e-01	2.70756e-04
2.45403e-01	2.93269e-04
2.62932e-01	3.19371e-04
2.80461e-01	3.47965e-04
2.97989e-01	3.80713e-04
3.15518e-01	4.15878e-04
3.33047e-01	4.54265e-04
3.50576e-01	5.00890e-04
3.68105e-01	5.53770e-04
3.85633e-01	6.20333e-04
4.03162e-01	7.03374e-04
4.20691e-01	8.00276e-04
4.38220e-01	9.17598e-04
4.55749e-01	1.05192e-03
4.73277e-01	1.20358e-03
4.90806e-01	1.37900e-03
5.08335e-01	1.57333e-03
5.25864e-01	1.79111e-03
5.43392e-01	2.04834e-03
5.60921e-01	2.33846e-03
5.78450e-01	2.65467e-03
5.95979e-01	3.00814e-03
6.13508e-01	3.39548e-03
6.31036e-01	3.81505e-03
6.48565e-01	4.30026e-03
6.66094e-01	4.84806e-03
6.83623e-01	5.44909e-03
7.01152e-01	6.12436e-03
7.18680e-01	6.88516e-03
7.36209e-01	7.71675e-03
7.53738e-01	8.62261e-03
7.71267e-01	9.58925e-03
7.88796e-01	1.06041e-02
8.06324e-01	1.16578e-02
8.23853e-01	1.27414e-02
8.41382e-01	1.38451e-02
8.58911e-01	1.49622e-02
8.76440e-01	1.61262e-02
8.93968e-01	1.73669e-02
9.11497e-01	1.86721e-02
9.29026e-01	2.00297e-02
9.46555e-01	2.15126e-02
9.64083e-01	2.31065e-02
9.81612e-01	2.47943e-02
9.99141e-01	2.65572e-02
1.01667e+00	2.84713e-02
1.03420e+00	3.04785e-02
1.05173e+00	3.25613e-02
1.06926e+00	3.47000e-02
1.08678e+00	3.68435e-02
1.10431e+00	3.89907e-02
1.12184e+00	4.11355e-02
1.13937e+00	4.32726e-02
1.15690e+00	4.53892e-02
1.17443e+00	4.75029e-02
1.19196e+00	4.96094e-02
1.20949e+00	5.17041e-02
1.22702e+00	5.38061e-02
1.24454e+00	5.59452e-02
1.26207e+00	5.81154e-02
1.27960e+00	6.03074e-02
1.29713e+00	6.25421e-02
1.31466e+00	6.49160e-02
1.33219e+00	6.74218e-02
1.34972e+00	7.00408e-02
1.36725e+00	7.27551e-02
1.38477e+00	7.54303e-02
1.40230e+00	7.79519e-02
1.41983e+00	8.03357e-02
1.43736e+00	8.25902e-02
1.45489e+00	8.47221e-02
1.47242e+00	8.66581e-02
1.48995e+00	8.85119e-02
1.50748e+00	9.02910e-02
1.52500e+00	9.19957e-02
1.54253e+00	9.36326e-02
1.56006e+00	9.52254e-02
1.57759e+00	9.70592e-02
1.59512e+00	9.91061e-02
1.61265e+00	1.01337e-01
1.63018e+00	1.03729e-01
1.64771e+00	1.06335e-01
1.66524e+00	1.08911e-01
1.68276e+00	1.11421e-01
1.70029e+00	1.13854e-01
1.71782e+00	1.16205e-01
1.73535e+00	1.18483e-01
1.75288e+00	1.20398e-01
1.77041e+00	1.21780e-01
1.78794e+00	1.22667e-01
1.80547e+00	1.23051e-01
1.82299e+00	1.22937e-01
1.84052e+00	1.22332e-01
1.85805e+00	1.21338e-01
1.87558e+00	1.19915e-01
1.89311e+00	1.17903e-01
1.91064e+00	1.15351e-01
1.92817e+00	1.12301e-01
1.94570e+00	1.08879e-01
1.96322e+00	1.05150e-01
1.98075e+00	1.01223e-01
1.99828e+00	9.71219e-02
2.01581e+00	9.28607e-02
2.03334e+00	8.87430e-02
2.05087e+00	8.48658e-02
2.06840e+00	8.12236e-02
2.08593e+00	7.77838e-02
2.10345e+00	7.45376e-02
2.12098e+00	7.13591e-02
2.13851e+00	6.80125e-02
2.15604e+00	6.46037e-02
2.17357e+00	6.12899e-02
2.19110e+00	5.80712e-02
2.20863e+00	5.49448e-02
2.22616e+00	5.19756e-02
2.24369e+00	4.91733e-02
2.26121e+00	4.65563e-02
2.27874e+00	4.40820e-02
2.29627e+00	4.17588e-02
2.31380e+00	3.95487e-02
2.33133e+00	3.74421e-02
2.34886e+00	3.54379e-02
2.36639e+00	3.35395e-02
2.38392e+00	3.17206e-02
2.40144e+00	2.99804e-02
2.41897e+00	2.84055e-02
2.43650e+00	2.68985e-02
2.45403e+00	2.54136e-02
2.47156e+00	2.39415e-02
2.48909e+00	2.24992e-02
2.50662e+00	2.11456e-02
2.52415e+00	1.98708e-02
2.54167e+00	1.86788e-02
2.55920e+00	1.75867e-02
2.57673e+00	1.65749e-02
2.59426e+00	1.56563e-02
2.61179e+00	1.48140e-02
2.62932e+00	1.40088e-02
2.64685e+00	1.32307e-02
2.66438e+00	1.24947e-02
2.68190e+00	1.17983e-02
2.69943e+00	1.11343e-02
2.71696e+00	1.05140e-02
2.73449e+00	9.95210e-03
2.75202e+00	9.45550e-03
2.76955e+00	9.00667e-03
2.78708e+00	8.57587e-03
2.80461e+00	8.16745e-03
2.82214e+00	7.77825e-03
2.83966e+00	7.39136e-03
2.85719e+00	7.00833e-03
2.87472e+00	6.62210e-03
2.89225e+00	6.24199e-03
2.90978e+00	5.89203e-03
2.92731e+00	5.57145e-03
2.94484e+00	5.27969e-03
2.96237e+00	5.01480e-03
2.97989e+00	4.77836e-03
2.99742e+00	4.56840e-03
3.01495e+00	4.37487e-03
3.03248e+00	4.18704e-03
3.05001e+00	4.00390e-03
3.06754e+00	3.82581e-03
3.08507e+00	3.65314e-03
3.10260e+00	3.48639e-03
3.12012e+00	3.32963e-03
3.13765e+00	3.18240e-03
3.15518e+00	3.04650e-03
3.17271e+00	2.91839e-03
3.19024e+00	2.79520e-03
3.20777e+00	2.67678e-03
3.22530e+00	2.56283e-03
3.24283e+00	2.45329e-03
3.26035e+00	2.34748e-03
3.27788e+00	2.24625e-03
3.29541e+00	2.15091e-03
3.31294e+00	2.06190e-03
3.33047e+00	1.97975e-03
3.34800e+00	1.90335e-03
3.36553e+00	1.83227e-03
3.38306e+00	1.76621e-03
3.40059e+00	1.70444e-03
3.41811e+00	1.64691e-03
3.43564e+00	1.59189e-03
3.45317e+00	1.53926e-03
3.47070e+00	1.48906e-03
3.48823e+00	1.44127e-03
3.50576e+00	1.39607e-03
3.52329e+00	1.35298e-03
3.54082e+00	1.31185e-03
3.55834e+00	1.27228e-03
3.57587e+00	1.23384e-03
3.59340e+00	1.19621e-03
3.61093e+00	1.15991e-03
3.62846e+00	1.12504e-03
3.64599e+00	1.09149e-03
3.66352e+00	1.05923e-03
3.68105e+00	1.02832e-03
3.69857e+00	9.98742e-04
3.71610e+00	9.70431e-04
3.73363e+00	9.43596e-04
3.75116e+00	9.18214e-04
3.76869e+00	8.94407e-04
3.78622e+00	8.72206e-04
3.80375e+00	8.51619e-04
3.82128e+00	8.32557e-04
3.83881e+00	8.14987e-04
3.85633e+00	7.98828e-04
3.87386e+00	7.83795e-04
3.89139e+00	7.69351e-04
3.90892e+00	7.55554e-04
3.92645e+00	7.42335e-04
3.94398e+00	7.29680e-04
3.96151e+00	7.17590e-04
3.97904e+00	7.06045e-04
3.99656e+00	6.95091e-04
4.01409e+00	6.84511e-04
4.03162e+00	6.74297e-04
4.04915e+00	6.64223e-04
4.06668e+00	6.54269e-04
4.08421e+00	6.44457e-04
4.10174e+00	6.34756e-04
4.11927e+00	6.25168e-04
4.13679e+00	6.15685e-04
4.15432e+00	6.06296e-04
4.17185e+00	5.96996e-04
4.18938e+00	5.87787e-04
4.20691e+00	5.78661e-04
4.22444e+00	5.69609e-04
4.24197e+00	5.60631e-04
4.25950e+00	5.51730e-04
4.27702e+00	5.42874e-04
4.29455e+00	5.34038e-04
4.31208e+00	5.25221e-04
4.32961e+00	5.16423e-04
4.34714e+00	5.07644e-04
4.36467e+00	4.98884e-04
4.38220e+00	4.90156e-04
4.39973e+00	4.81465e-04
4.41726e+00	4.72811e-04
4.43478e+00	4.64224e-04
4.45231e+00	4.55718e-04
4.46984e+00	4.47289e-04
4.48737e+00	4.38939e-04
4.50490e+00	4.30664e-04
4.52243e+00	4.22463e-04
4.53996e+00	4.14355e-04
4.55749e+00	4.06422e-04
4.57501e+00	3.98684e-04
4.59254e+00	3.91138e-04
4.61007e+00	3.83780e-04
4.62760e+00	3.76608e-04
4.64513e+00	3.69640e-04
4.66266e+00	3.62935e-04
4.68019e+00	3.56488e-04
4.69772e+00	3.50296e-04
4.71524e+00	3.44354e-04
4.73277e+00	3.38659e-04
4.75030e+00	3.33206e-04
4.76783e+00	3.27992e-04
4.78536e+00	3.23013e-04
4.80289e+00	3.18264e-04
4.82042e+00	3.13744e-04
4.83795e+00	3.09449e-04
4.85547e+00	3.05435e-04
4.87300e+00	3.01701e-04
4.89053e+00	2.98239e-04
4.90806e+00	2.95040e-04
4.92559e+00	2.92090e-04
4.94312e+00	2.89315e-04
4.96065e+00	2.86700e-04
4.97818e+00	2.84231e-04
4.99571e+00	2.81906e-04
5.01323e+00	2.79703e-04
5.03076e+00	2.77633e-04
5.04829e+00	2.75662e-04
5.06582e+00	2.73784e-04
5.08335e+00	2.71999e-04
5.10088e+00	2.70304e-04
5.11841e+00	2.68687e-04
5.13594e+00	2.67083e-04
5.15346e+00	2.65491e-04
5.17099e+00	2.63910e-04
5.18852e+00	2.62339e-04
5.20605e+00	2.60778e-04
5.22358e+00	2.59229e-04
5.24111e+00	2.57690e-04
5.25864e+00	2.56161e-04
5.27617e+00	2.54643e-04
5.29369e+00	2.53135e-04
5.31122e+00	2.51637e-04
5.32875e+00	2.50149e-04
5.34628e+00	2.48672e-04
5.36381e+00	2.47205e-04
5.38134e+00	2.45747e-04
5.39887e+00	2.44300e-04
5.41640e+00	2.42862e-04
5.43392e+00	2.41435e-04
5.45145e+00	2.40017e-04
5.46898e+00	2.38608e-04
5.48651e+00	2.37209e-04
5.50404e+00	2.35820e-04
5.52157e+00	2.34440e-04
5.53910e+00	2.33069e-04
5.55663e+00	2.31708e-04
5.57416e+00	2.30357e-04
5.59168e+00	2.29014e-04
5.60921e+00	2.27681e-04
5.62674e+00	2.26357e-04
5.64427e+00	2.25041e-04
5.66180e+00	2.23735e-04
5.67933e+00	2.22438e-04
5.69686e+00	2.21149e-04
5.71439e+00	2.19870e-04
5.73191e+00	2.18600e-04
5.74944e+00	2.17339e-04
5.76697e+00	2.16086e-04
5.78450e+00	2.14842e-04
5.80203e+00	2.13608e-04
5.81956e+00	2.12382e-04
5.83709e+00	2.11165e-04
5.85462e+00	2.09956e-04
5.87214e+00	2.08756e-04
5.88967e+00	2.07564e-04
5.90720e+00	2.06383e-04
5.92473e+00	2.05205e-04
5.94226e+00	2.04038e-04
5.95979e+00	2.02879e-04
5.97732e+00	2.01728e-04
5.99485e+00	2.00587e-04
6.01237e+00	1.99450e-04
6.02990e+00	1.98335e-04
6.04743e+00	1.97206e-04
6.06496e+00	1.96094e-04
6.08249e+00	1.94990e-04
6.10002e+00	1.93893e-04
6.11755e+00	1.92805e-04
6.13508e+00	1.91724e-04
6.15261e+00	1.90652e-04
6.17013e+00	1.89587e-04
6.18766e+00	1.88530e-04
6.20519e+00	1.87481e-04
6.22272e+00	1.86440e-04
6.24025e+00	1.85406e-04
6.25778e+00	1.84380e-04
6.27531e+00	1.83361e-04
6.29284e+00	1.82350e-04
6.31036e+00	1.81346e-04
6.32789e+00	1.80349e-04
6.34542e+00	1.79360e-04
6.36295e+00	1.78378e-04
6.38048e+00	1.77403e-04
6.39801e+00	1.76435e-04
6.41554e+00	1.75474e-04
6.43307e+00	1.74520e-04
6.45059e+00	1.73573e-04
6.46812e+00	1.72633e-04
6.48565e+00	1.71701e-04
6.50318e+00	1.70775e-04
6.52071e+00	1.69856e-04
6.53824e+00	1.68943e-04
6.55577e+00	1.68038e-04
6.57330e+00	1.67140e-04
6.59083e+00	1.66248e-04
6.60835e+00	1.65362e-04
6.62588e+00	1.64483e-04
6.64341e+00	1.63610e-04
6.66094e+00	1.62744e-04
6.67847e+00	1.61884e-04
6.69600e+00	1.61030e-04
6.71353e+00	1.60183e-04
6.73106e+00	1.59342e-04
6.74858e+00	1.58505e-04
6.76611e+00	1.57671e-04
6.78364e+00	1.56840e-04
6.80117e+00	1.56013e-04
6.81870e+00	1.55188e-04
6.83623e+00	1.54366e-04
6.85376e+00	1.53548e-04
6.87129e+00	1.52733e-04
6.88881e+00	1.51921e-04
6.90634e+00	1.51110e-04
6.92387e+00	1.50308e-04
6.94140e+00	1.49508e-04
6.95893e+00	1.48694e-04
6.97646e+00	1.47893e-04
6.99399e+00	1.47094e-04
7.01152e+00	1.46300e-04
7.02904e+00	1.45510e-04
7.04657e+00	1.44724e-04
7.06410e+00	1.43948e-04
7.08163e+00	1.43172e-04
7.09916e+00	1.42391e-04
7.11669e+00	1.41621e-04
7.13422e+00	1.40854e-04
7.15175e+00	1.40093e-04
7.16928e+00	1.39336e-04
7.18680e+00	1.38583e-04
7.20433e+00	1.37835e-04
7.22186e+00	1.37092e-04
7.23939e+00	1.36353e-04
7.25692e+00	1.35620e-04
7.27445e+00	1.34894e-04
7.29198e+00	1.34174e-04
7.30951e+00	1.33460e-04
7.32703e+00	1.32752e-04
7.34456e+00	1.32050e-04
7.36209e+00	1.31354e-04
7.37962e+00	1.30658e-04
7.39715e+00	1.29959e-04
7.41468e+00	1.29257e-04
7.43221e+00	1.28553e-04
7.44974e+00	1.27846e-04
7.46726e+00	1.27137e-04
7.48479e+00	1.26426e-04
7.50232e+00	1.25713e-04
7.51985e+00	1.24999e-04
7.53738e+00	1.24283e-04
7.55491e+00	1.23564e-04
7.57244e+00	1.22843e-04
7.58997e+00	1.22120e-04
7.60749e+00	1.21395e-04
7.62502e+00	1.20668e-04
7.64255e+00	1.19939e-04
7.66008e+00	1.19208e-04
7.67761e+00	1.18475e-04
7.69514e+00	1.17740e-04
7.71267e+00	1.17005e-04
7.73020e+00	1.16268e-04
7.74773e+00	1.15530e-04
7.76525e+00	1.14785e-04
7.78278e+00	1.14030e-04
7.80031e+00	1.13265e-04
7.81784e+00	1.12484e-04
7.83537e+00	1.11689e-04
7.85290e+00	1.10878e-04
7.87043e+00	1.10053e-04
7.88796e+00	1.09212e-04
7.90548e+00	1.08356e-04
7.92301e+00	1.07488e-04
7.94054e+00	1.06606e-04
7.95807e+00	1.05713e-04
7.97560e+00	1.04808e-04
7.99313e+00	1.03892e-04
8.01066e+00	1.02963e-04
8.02819e+00	1.02024e-04
8.04571e+00	1.01071e-04
8.06324e+00	1.00107e-04
8.08077e+00	9.91316e-05
8.09830e+00	9.81454e-05
8.11583e+00	9.71491e-05
8.13336e+00	9.61448e-05
8.15089e+00	9.51319e-05
8.16842e+00	9.41114e-05
8.18594e+00	9.30843e-05
8.20347e+00	9.20510e-05
8.22100e+00	9.10124e-05
8.23853e+00	8.99645e-05
8.25606e+00	8.89061e-05
8.27359e+00	8.78382e-05
8.29112e+00	8.67619e-05
8.30865e+00	8.56757e-05
8.32618e+00	8.45796e-05
8.34370e+00	8.34739e-05
8.36123e+00	8.23588e-05
8.37876e+00	8.12354e-05
8.39629e+00	8.01046e-05
8.41382e+00	7.89675e-05
8.43135e+00	7.78248e-05
8.44888e+00	7.66777e-05
8.46641e+00	7.55235e-05
8.48393e+00	7.43548e-05
8.50146e+00	7.31747e-05
8.51899e+00	7.19905e-05
8.53652e+00	7.08032e-05
8.55405e+00	6.96157e-05
8.57158e+00	6.84313e-05
8.58911e+00	6.72506e-05
8.60664e+00	6.60743e-05
8.62416e+00	6.49029e-05
8.64169e+00	6.37370e-05
8.65922e+00	6.25770e-05
8.67675e+00	6.14236e-05
8.69428e+00	6.02771e-05
8.71181e+00	5.91384e-05
8.72934e+00	5.80077e-05
8.74687e+00	5.68852e-05
8.76440e+00	5.57711e-05
8.78192e+00	5.46659e-05
8.79945e+00	5.35697e-05
8.81698e+00	5.24831e-05
8.83451e+00	5.14063e-05
8.85204e+00	5.03397e-05
8.86957e+00	4.92834e-05
8.88710e+00	4.82378e-05
8.90463e+00	4.72030e-05
8.92215e+00	4.61798e-05
8.93968e+00	4.51681e-05
8.95721e+00	4.41661e-05
8.97474e+00	4.31767e-05
8.99227e+00	4.22000e-05
9.00980e+00	4.12377e-05
9.02733e+00	4.02903e-05
9.04486e+00	3.93597e-05
9.06238e+00	3.84465e-05
9.07991e+00	3.75505e-05
9.09744e+00	3.66715e-05
9.11497e+00	3.58092e-05
9.13250e+00	3.49635e-05
9.15003e+00	3.41342e-05
9.16756e+00	3.33211e-05
9.18509e+00	3.25240e-05
9.20261e+00	3.17426e-05
9.22014e+00	3.09767e-05
9.23767e+00	3.02261e-05
9.25520e+00	2.94907e-05
9.27273e+00	2.87702e-05
9.29026e+00	2.80643e-05
9.30779e+00	2.73728e-05
9.32532e+00	2.66956e-05
9.34285e+00	2.60325e-05
9.36037e+00	2.53832e-05
9.37790e+00	2.47476e-05
9.39543e+00	2.41255e-05
9.41296e+00	2.35165e-05
9.43049e+00	2.29207e-05
9.44802e+00	2.23376e-05
9.46555e+00	2.17672e-05
9.48308e+00	2.12092e-05
9.50060e+00	2.06634e-05
9.51813e+00	2.01297e-05
9.53566e+00	1.96079e-05
9.55319e+00	1.90977e-05
9.57072e+00	1.85990e-05
9.58825e+00	1.81111e-05
9.60578e+00	1.76341e-05
9.62331e+00	1.71674e-05
9.64083e+00	1.67117e-05
9.65836e+00	1.62655e-05
9.67589e+00	1.58294e-05
9.69342e+00	1.54030e-05
9.71095e+00	1.49861e-05
9.72848e+00	1.45786e-05
9.74601e+00	1.41802e-05
9.76354e+00	1.37908e-05
9.78106e+00	1.34103e-05
9.79859e+00	1.30385e-05
9.81612e+00	1.26752e-05
9.83365e+00	1.23204e-05
9.85118e+00	1.19738e-05
9.86871e+00	1.16354e-05
9.88624e+00	1.13049e-05
9.90377e+00	1.09823e-05
9.92130e+00	1.06674e-05
9.93882e+00	1.03601e-05
9.95635e+00	1.00602e-05
9.97388e+00	9.76758e-06
9.99141e+00	9.48180e-06
1.00089e+01	9.20484e-06
1.00265e+01	8.93488e-06
1.00440e+01	8.66942e-06
1.00615e+01	8.41303e-06
1.00791e+01	8.16371e-06
1.00966e+01	7.92150e-06
1.01141e+01	7.68622e-06
1.01316e+01	7.45770e-06
1.01492e+01	7.23574e-06
1.01667e+01	7.02015e-06
1.01842e+01	6.81075e-06
1.02018e+01	6.60737e-06
1.02193e+01	6.40982e-06
1.02368e+01	6.21795e-06
1.02543e+01	6.03160e-06
1.02719e+01	5.85062e-06
1.02894e+01	5.67486e-06
1.03069e+01	5.50418e-06
1.03245e+01	5.33845e-06
1.03420e+01	5.17752e-06
1.03595e+01	5.02127e-06
1.03770e+01	4.86958e-06
1.03946e+01	4.72230e-06
1.04121e+01	4.57934e-06
1.04296e+01	4.44056e-06
1.04472e+01	4.30585e-06
1.04647e+01	4.17511e-06
1.04822e+01	4.04821e-06
1.04997e+01	3.92506e-06
1.05173e+01	3.80555e-06
1.05348e+01	3.68957e-06
1.05523e+01	3.57703e-06
1.05699e+01	3.46781e-06
1.05874e+01	3.36146e-06
1.06049e+01	3.25978e-06
1.06224e+01	3.15870e-06
1.06400e+01	3.06162e-06
1.06575e+01	2.96737e-06
1.06750e+01	2.87598e-06
1.06926e+01	2.78735e-06
1.07101e+01	2.70141e-06
1.07276e+01	2.61808e-06
1.07451e+01	2.53729e-06
1.07627e+01	2.45895e-06
1.07802e+01	2.38301e-06
1.07977e+01	2.30938e-06
1.08153e+01	2.23801e-06
1.08328e+01	2.16883e-06
1.08503e+01	2.10177e-06
1.08678e+01	2.03677e-06
1.08854e+01	1.97378e-06
1.09029e+01	1.91274e-06
1.09204e+01	1.85358e-06
1.09380e+01	1.79626e-06
1.09555e+01	1.74073e-06
1.09730e+01	1.68693e-06
1.09906e+01	1.63481e-06
1.10081e+01	1.58432e-06
1.10256e+01	1.53542e-06
1.10431e+01	1.48805e-06
1.10607e+01	1.44219e-06
1.10782e+01	1.39779e-06
1.10957e+01	1.35481e-06
1.11133e+01	1.31319e-06
1.11308e+01	1.27292e-06
1.11483e+01	1.23393e-06
1.11658e+01	1.19621e-06
1.11834e+01	1.15970e-06
1.12009e+01	1.12437e-06
1.12184e+01	1.09014e-06
1.12360e+01	1.05698e-06
1.12535e+01	1.02488e-06
1.12710e+01	9.93785e-07
1.12885e+01	9.63683e-07
1.13061e+01	9.34544e-07
1.13236e+01	9.06340e-07
1.13411e+01	8.79046e-07
1.13587e+01	8.52638e-07
1.13762e+01	8.27090e-07
1.13937e+01	8.02380e-07
1.14112e+01	7.78485e-07
1.14288e+01	7.55383e-07
1.14463e+01	7.33051e-07
1.14638e+01	7.11469e-07
1.14814e+01	6.90618e-07
1.14989e+01	6.70477e-07
1.15164e+01	6.51028e-07
1.15339e+01	6.32252e-07
1.15515e+01	6.14130e-07
1.15690e+01	5.96125e-07
1.15865e+01	5.78073e-07
1.16041e+01	5.60010e-07
1.16216e+01	5.41877e-07
1.16391e+01	5.23272e-07
1.16566e+01	5.03723e-07
1.16742e+01	4.83936e-07
1.16917e+01	4.64961e-07
1.17092e+01	4.47055e-07
1.17268e+01	4.30281e-07
1.17443e+01	4.14381e-07
1.17618e+01	3.98942e-07
1.17793e+01	3.83749e-07
1.17969e+01	3.68992e-07
1.18144e+01	3.54700e-07
1.18319e+01	3.40601e-07
1.18495e+01	3.24779e-07
1.18670e+01	3.09258e-07
1.18845e+01	2.95271e-07
1.19020e+01	2.82043e-07
1.19196e+01	2.69211e-07
1.19371e+01	2.57191e-07
1.19546e+01	2.45870e-07
1.19722e+01	2.35142e-07
1.19897e+01	2.24943e-07
1.20072e+01	2.15216e-07
1.20247e+01	2.05913e-07
1.20423e+01	1.96999e-07
1.20598e+01	1.88454e-07
1.20773e+01	1.80263e-07
1.20949e+01	1.72413e-07
1.21124e+01	1.64880e-07
1.21299e+01	1.57640e-07
1.21475e+01	1.50678e-07
1.21650e+01	1.43987e-07
1.21825e+01	1.37558e-07
1.22000e+01	1.31385e-07
1.22176e+01	1.25438e-07
1.22351e+01	1.19705e-07
1.22526e+01	1.14179e-07
1.22702e+01	1.08853e-07
1.22877e+01	1.03726e-07
1.23052e+01	9.87929e-08
1.23227e+01	9.40599e-08
1.23403e+01	8.95265e-08
1.23578e+01	8.51861e-08
1.23753e+01	8.10315e-08
1.23929e+01	7.70571e-08
1.24104e+01	7.32524e-08
1.24279e+01	6.96072e-08
1.24454e+01	6.61151e-08
1.24630e+01	6.27705e-08
1.24805e+01	5.95688e-08
1.24980e+01	5.65052e-08
1.25156e+01	5.35744e-08
1.25331e+01	5.07692e-08
1.25506e+01	4.80909e-08
1.25681e+01	4.55278e-08
1.25857e+01	4.30758e-08
1.26032e+01	4.07390e-08
1.26207e+01	3.85124e-08
1.26383e+01	3.63946e-08
1.26558e+01	3.43813e-08
1.26733e+01	3.24678e-08
1.26908e+01	3.06496e-08
1.27084e+01	2.89254e-08
1.27259e+01	2.72918e-08
1.27434e+01	2.57455e-08
1.27610e+01	2.42828e-08
1.27785e+01	2.28991e-08
1.27960e+01	2.15903e-08
1.28135e+01	2.03550e-08
1.28311e+01	1.91928e-08
1.28486e+01	1.81011e-08
1.28661e+01	1.70825e-08
1.28837e+01	1.61335e-08
1.29012e+01	1.52424e-08
1.29187e+01	1.43894e-08
1.29362e+01	1.35793e-08
1.29538e+01	1.28326e-08
1.29713e+01	1.21442e-08
1.29888e+01	1.14883e-08
1.30064e+01	1.08583e-08
1.30239e+01	1.02008e-08
1.30414e+01	9.51046e-09
1.30589e+01	8.83277e-09
1.30765e+01	8.23694e-09
1.30940e+01	7.71374e-09
1.31115e+01	7.25383e-09
1.31291e+01	6.84740e-09
1.31466e+01	6.47362e-09
1.31641e+01	6.11338e-09
1.31817e+01	5.76073e-09
1.31992e+01	5.41557e-09
1.32167e+01	5.08735e-09
1.32342e+01	4.79419e-09
1.32518e+01	4.52270e-09
1.32693e+01	4.27172e-09
1.32868e+01	4.03843e-09
1.33044e+01	3.82169e-09
1.33219e+01	3.61907e-09
1.33394e+01	3.42888e-09
1.33569e+01	3.24967e-09
1.33745e+01	3.07987e-09
1.33920e+01	2.91799e-09
1.34095e+01	2.76350e-09
1.34271e+01	2.61583e-09
1.34446e+01	2.47390e-09
1.34621e+01	2.33703e-09
1.34796e+01	2.20566e-09
1.34972e+01	2.08157e-09
1.35147e+01	1.96470e-09
1.35322e+01	1.85389e-09
1.35498e+01	1.74869e-09
1.35673e+01	1.64886e-09
1.35848e+01	1.55418e-09
1.36023e+01	1.46439e-09
1.36199e+01	1.37935e-09
1.36374e+01	1.29885e-09
1.36549e+01	1.22268e-09
1.36725e+01	1.15063e-09
1.36900e+01	1.08250e-09
1.37075e+01	1.01810e-09
1.37250e+01	9.57252e-10
1.37426e+01	8.99789e-10
1.37601e+01	8.45534e-10
1.37776e+01	7.94332e-10
1.37952e+01	7.46032e-10
1.38127e+01	7.00467e-10
1.38302e+01	6.57488e-10
1.38477e+01	6.16968e-10
1.38653e+01	5.78769e-10
1.38828e+01	5.42721e-10
1.39003e+01	5.08693e-10
1.39179e+01	4.76579e-10
1.39354e+01	4.46268e-10
1.39529e+01	4.17678e-10
1.39704e+01	3.90734e-10
1.39880e+01	3.65367e-10
1.40055e+01	3.41459e-10
1.40230e+01	3.18942e-10
1.40406e+01	2.97781e-10
1.40581e+01	2.77890e-10
1.40756e+01	2.59216e-10
1.40931e+01	2.41680e-10
1.41107e+01	2.25222e-10
1.41282e+01	2.09785e-10
1.41457e+01	1.95316e-10
1.41633e+01	1.81762e-10
1.41808e+01	1.69073e-10
1.41983e+01	1.57199e-10
1.42158e+01	1.46094e-10
1.42334e+01	1.35709e-10
1.42509e+01	1.25997e-10
1.42684e+01	1.16919e-10
1.42860e+01	1.08438e-10
1.43035e+01	1.00519e-10
1.43210e+01	9.31303e-11
1.43386e+01	8.62406e-11
1.43561e+01	7.98203e-11
1.43736e+01	7.38405e-11
1.43911e+01	6.82746e-11
1.44087e+01	6.30969e-11
1.44262e+01	5.82829e-11
1.44437e+01	5.38098e-11
1.44613e+01	4.96555e-11
1.44788e+01	4.58003e-11
1.44963e+01	4.22245e-11
1.45138e+01	3.89095e-11
1.45314e+01	3.58380e-11
1.45489e+01	3.29938e-11
1.45664e+01	3.03614e-11
1.45840e+01	2.79265e-11
1.46015e+01	2.56753e-11
1.46190e+01	2.35951e-11
1.46365e+01	2.16738e-11
1.46541e+01	1.99003e-11
1.46716e+01	1.82638e-11
1.46891e+01	1.67547e-11
1.47067e+01	1.53636e-11
1.47242e+01	1.40820e-11
1.47417e+01	1.29018e-11
1.47592e+01	1.18155e-11
1.47768e+01	1.08161e-11
1.47943e+01	9.89706e-12
1.48118e+01	9.05227e-12
1.48294e+01	8.27609e-12
1.48469e+01	7.56326e-12
1.48644e+01	6.90890e-12
1.48819e+01	6.30851e-12
1.48995e+01	5.75785e-12
1.49170e+01	5.25302e-12
1.49345e+01	4.79039e-12
1.49521e+01	4.36661e-12
1.49696e+01	3.97857e-12
1.49871e+01	3.62349e-12
1.50046e+01	3.29879e-12
1.50222e+01	3.00214e-12
1.50397e+01	2.73137e-12
1.50572e+01	2.48432e-12
1.50748e+01	2.25902e-12
1.50923e+01	2.05360e-12
1.51098e+01	1.86638e-12
1.51273e+01	1.69578e-12
1.51449e+01	1.54038e-12
1.51624e+01	1.39885e-12
1.51799e+01	1.27000e-12
1.51975e+01	1.15272e-12
1.52150e+01	1.04601e-12
1.52325e+01	9.48931e-13
1.52500e+01	8.60646e-13
1.52676e+01	7.80378e-13
1.52851e+01	7.07418e-13
1.53026e+01	6.41120e-13
1.53202e+01	5.80890e-13
1.53377e+01	5.26188e-13
1.53552e+01	4.76519e-13
1.53727e+01	4.31432e-13
1.53903e+01	3.90515e-13
1.54078e+01	3.53393e-13
1.54253e+01	3.19723e-13
1.54429e+01	2.89191e-13
1.54604e+01	2.61513e-13
1.54779e+01	2.36428e-13
1.54955e+01	2.13700e-13
1.55130e+01	1.93111e-13
1.55305e+01	1.74467e-13
1.55480e+01	1.57586e-13
1.55656e+01	1.42308e-13
1.55831e+01	1.28483e-13
1.56006e+01	1.15975e-13
1.56182e+01	1.04663e-13
1.56357e+01	9.44342e-14
1.56532e+01	8.51881e-14
1.56707e+01	7.68326e-14
1.56883e+01	6.92842e-14
1.57058e+01	6.24669e-14
1.57233e+01	5.63120e-14
1.57409e+01	5.07569e-14
1.57584e+01	4.57450e-14
1.57759e+01	4.12179e-14
1.57934e+01	3.71216e-14
1.58110e+01	3.34173e-14
1.58285e+01	3.00689e-14
1.58460e+01	2.70436e-14
1.58636e+01	2.43117e-14
1.58811e+01	2.18460e-14
1.58986e+01	1.96213e-14
1.59161e+01	1.76153e-14
1.59337e+01	1.58072e-14
1.59512e+01	1.41782e-14
1.59687e+01	1.27111e-14
1.59863e+01	1.13908e-14
1.60038e+01	1.02032e-14
1.60213e+01	9.13580e-15
1.60388e+01	8.17709e-15
1.60564e+01	7.31639e-15
1.60739e+01	6.54405e-15
1.60914e+01	5.85129e-15
1.61090e+01	5.23011e-15
1.61265e+01	4.67329e-15
1.61440e+01	4.17435e-15
1.61615e+01	3.72745e-15
1.61791e+01	3.32728e-15
1.61966e+01	2.96911e-15
1.62141e+01	2.64864e-15
1.62317e+01	2.36200e-15
1.62492e+01	2.10568e-15
1.62667e+01	1.87657e-15
1.62842e+01	1.67185e-15
1.63018e+01	1.48900e-15
1.63193e+01	1.32573e-15
1.63368e+01	1.17997e-15
1.63544e+01	1.04992e-15
1.63719e+01	9.33905e-16
1.63894e+01	8.30445e-16
1.64069e+01	7.38224e-16
1.64245e+01	6.56045e-16
1.64420e+01	5.82830e-16
1.64595e+01	5.17631e-16
1.64771e+01	4.59592e-16
1.64946e+01	4.07935e-16
1.65121e+01	3.61975e-16
1.65296e+01	3.21092e-16
1.65472e+01	2.84736e-16
1.65647e+01	2.52414e-16
1.65822e+01	2.23691e-16
1.65998e+01	1.98175e-16
1.66173e+01	1.75515e-16
1.66348e+01	1.55397e-16
1.66524e+01	1.37542e-16
1.66699e+01	1.21700e-16
1.66874e+01	1.07650e-16
1.67049e+01	9.51920e-17
1.67225e+01	8.41506e-17
1.67400e+01	7.43672e-17
1.67575e+01	6.57011e-17
1.67751e+01	5.80274e-17
1.67926e+01	5.12345e-17
1.68101e+01	4.52233e-17
1.68276e+01	3.99052e-17
1.68452e+01	3.52019e-17
1.68627e+01	3.10438e-17
1.68802e+01	2.73688e-17
1.68978e+01	2.41219e-17
1.69153e+01	2.12539e-17
1.69328e+01	1.87214e-17
1.69503e+01	1.64859e-17
1.69679e+01	1.45132e-17
1.69854e+01	1.27729e-17
1.70029e+01	1.12382e-17
1.70205e+01	9.88543e-18
1.70380e+01	8.69329e-18
1.70555e+01	7.64313e-18
1.70730e+01	6.71837e-18
1.70906e+01	5.90433e-18
1.71081e+01	5.18799e-18
1.71256e+01	4.55788e-18
1.71432e+01	4.00380e-18
1.71607e+01	3.51677e-18
1.71782e+01	3.08888e-18
1.71957e+01	2.71312e-18
1.72133e+01	2.38336e-18
1.72308e+01	2.09414e-18
1.72483e+01	1.84069e-18
1.72659e+01	1.61880e-18
1.72834e+01	1.42479e-18
1.73009e+01	1.25540e-18
1.73184e+01	1.10779e-18
1.73360e+01	9.79452e-19
1.73535e+01	8.68221e-19
1.73710e+01	7.72204e-19
1.73886e+01	6.89761e-19
1.74061e+01	6.19482e-19
1.74236e+01	5.60156e-19
1.74411e+01	5.10761e-19
1.74587e+01	4.70441e-19
1.74762e+01	4.38498e-19
1.74937e+01	4.14373e-19
1.75113e+01	3.97729e-19
1.75288e+01	3.87620e-19
