# The ell = 1 distribution, the first anisotropy.
# E_N [Td]	9.00000e+00
# col_1: Electron Energy [eV], col_2: f1 [eV^(-3/2)]
eV	f1
1.82051e-02	3.92278e-05
3.64103e-02	7.57723e-05
5.46154e-02	1.05722e-04
7.28206e-02	1.31484e-04
9.10257e-02	1.54863e-04
1.09231e-01	1.77126e-04
1.27436e-01	1.99044e-04
1.45641e-01	2.21109e-04
1.63846e-01	2.43570e-04
1.82051e-01	2.66817e-04
2.00257e-01	2.90803e-04
2.18462e-01	3.16541e-04
2.36667e-01	3.43316e-04
2.54872e-01	3.73556e-04
2.73077e-01	4.07453e-04
2.91282e-01	4.44965e-04
3.09487e-01	4.86955e-04
3.27693e-01	5.32200e-04
3.45898e-01	5.86885e-04
3.64103e-01	6.49257e-04
3.82308e-01	7.24104e-04
4.00513e-01	8.18231e-04
4.18718e-01	9.27720e-04
4.36923e-01	1.05486e-03
4.55129e-01	1.20170e-03
4.73334e-01	1.36395e-03
4.91539e-01	1.55042e-03
5.09744e-01	1.75798e-03
5.27949e-01	1.98365e-03
5.46154e-01	2.25285e-03
5.64359e-01	2.55830e-03
5.82565e-01	2.89333e-03
6.00770e-01	3.27122e-03
6.18975e-01	3.68521e-03
6.37180e-01	4.13069e-03
6.55385e-01	4.65246e-03
6.73590e-01	5.23880e-03
6.91795e-01	5.88105e-03
7.10001e-01	6.61362e-03
7.28206e-01	7.42949e-03
7.46411e-01	8.31217e-03
7.64616e-01	9.24687e-03
7.82821e-01	1.02337e-02
8.01026e-01	1.12623e-02
8.19231e-01	1.23275e-02
8.37437e-01	1.34163e-02
8.55642e-01	1.45224e-02
8.73847e-01	1.56428e-02
8.92052e-01	1.68356e-02
9.10257e-01	1.81000e-02
9.28462e-01	1.94243e-02
9.46667e-01	2.08293e-02
9.64873e-01	2.23517e-02
9.83078e-01	2.39752e-02
1.00128e+00	2.56827e-02
1.01949e+00	2.75167e-02
1.03769e+00	2.94407e-02
1.05590e+00	3.14396e-02
1.07410e+00	3.35036e-02
1.09231e+00	3.56201e-02
1.11051e+00	3.77271e-02
1.12872e+00	3.98205e-02
1.14692e+00	4.19116e-02
1.16513e+00	4.39952e-02
1.18333e+00	4.60672e-02
1.20154e+00	4.81241e-02
1.21974e+00	5.01911e-02
1.23795e+00	5.22892e-02
1.25615e+00	5.44149e-02
1.27436e+00	5.65610e-02
1.29257e+00	5.87346e-02
1.31077e+00	6.10845e-02
1.32898e+00	6.35482e-02
1.34718e+00	6.61105e-02
1.36539e+00	6.87568e-02
1.38359e+00	7.13409e-02
1.40180e+00	7.37764e-02
1.42000e+00	7.60747e-02
1.43821e+00	7.82444e-02
1.45641e+00	8.02809e-02
1.47462e+00	8.21519e-02
1.49282e+00	8.39442e-02
1.51103e+00	8.56638e-02
1.52923e+00	8.73099e-02
1.54744e+00	8.88756e-02
1.56564e+00	9.06598e-02
1.58385e+00	9.26467e-02
1.60205e+00	9.48099e-02
1.62026e+00	9.71252e-02
1.63846e+00	9.96242e-02
1.65667e+00	1.02110e-01
1.67487e+00	1.04561e-01
1.69308e+00	1.06952e-01
1.71128e+00	1.09278e-01
1.72949e+00	1.11557e-01
1.74769e+00	1.13409e-01
1.76590e+00	1.14796e-01
1.78410e+00	1.15728e-01
1.80231e+00	1.16209e-01
1.82051e+00	1.16215e-01
1.83872e+00	1.15964e-01
1.85692e+00	1.15348e-01
1.87513e+00	1.14338e-01
1.89333e+00	1.12768e-01
1.91154e+00	1.10679e-01
1.92975e+00	1.08087e-01
1.94795e+00	1.05078e-01
1.96616e+00	1.01775e-01
1.98436e+00	9.82640e-02
2.00257e+00	9.45625e-02
2.02077e+00	9.06849e-02
2.03898e+00	8.69445e-02
2.05718e+00	8.34128e-02
2.07539e+00	8.00722e-02
2.09359e+00	7.69066e-02
2.11180e+00	7.38959e-02
2.13000e+00	7.07634e-02
2.14821e+00	6.75587e-02
2.16641e+00	6.43785e-02
2.18462e+00	6.12730e-02
2.20282e+00	5.82417e-02
2.22103e+00	5.53264e-02
2.23923e+00	5.25567e-02
2.25744e+00	4.99409e-02
2.27564e+00	4.74591e-02
2.29385e+00	4.51163e-02
2.31205e+00	4.28881e-02
2.33026e+00	4.07501e-02
2.34846e+00	3.87062e-02
2.36667e+00	3.67480e-02
2.38487e+00	3.48606e-02
2.40308e+00	3.30537e-02
2.42128e+00	3.14135e-02
2.43949e+00	2.98151e-02
2.45769e+00	2.82306e-02
2.47590e+00	2.66474e-02
2.49410e+00	2.51226e-02
2.51231e+00	2.36980e-02
2.53051e+00	2.23427e-02
2.54872e+00	2.10907e-02
2.56693e+00	1.99372e-02
2.58513e+00	1.88699e-02
2.60334e+00	1.79086e-02
2.62154e+00	1.69810e-02
2.63975e+00	1.60857e-02
2.65795e+00	1.52266e-02
2.67616e+00	1.44104e-02
2.69436e+00	1.36287e-02
2.71257e+00	1.28882e-02
2.73077e+00	1.22184e-02
2.74898e+00	1.16264e-02
2.76718e+00	1.10976e-02
2.78539e+00	1.05895e-02
2.80359e+00	1.01053e-02
2.82180e+00	9.64313e-03
2.84000e+00	9.18165e-03
2.85821e+00	8.72245e-03
2.87641e+00	8.25623e-03
2.89462e+00	7.79997e-03
2.91282e+00	7.38000e-03
2.93103e+00	6.99528e-03
2.94923e+00	6.64585e-03
2.96744e+00	6.32972e-03
2.98564e+00	6.04982e-03
3.00385e+00	5.79661e-03
3.02205e+00	5.55829e-03
3.04026e+00	5.32549e-03
3.05846e+00	5.09761e-03
3.07667e+00	4.87600e-03
3.09487e+00	4.66020e-03
3.11308e+00	4.45525e-03
3.13128e+00	4.26252e-03
3.14949e+00	4.08448e-03
3.16769e+00	3.91808e-03
3.18590e+00	3.75823e-03
3.20411e+00	3.60427e-03
3.22231e+00	3.45578e-03
3.24052e+00	3.31300e-03
3.25872e+00	3.17485e-03
3.27693e+00	3.04241e-03
3.29513e+00	2.91766e-03
3.31334e+00	2.80120e-03
3.33154e+00	2.69377e-03
3.34975e+00	2.59384e-03
3.36795e+00	2.50092e-03
3.38616e+00	2.41451e-03
3.40436e+00	2.33372e-03
3.42257e+00	2.25822e-03
3.44077e+00	2.18546e-03
3.45898e+00	2.11594e-03
3.47718e+00	2.04958e-03
3.49539e+00	1.98644e-03
3.51359e+00	1.92666e-03
3.53180e+00	1.86951e-03
3.55000e+00	1.81475e-03
3.56821e+00	1.76180e-03
3.58641e+00	1.71033e-03
3.60462e+00	1.66045e-03
3.62282e+00	1.61255e-03
3.64103e+00	1.56644e-03
3.65923e+00	1.52208e-03
3.67744e+00	1.47950e-03
3.69564e+00	1.43876e-03
3.71385e+00	1.39971e-03
3.73205e+00	1.36269e-03
3.75026e+00	1.32785e-03
3.76846e+00	1.29519e-03
3.78667e+00	1.26476e-03
3.80487e+00	1.23657e-03
3.82308e+00	1.21052e-03
3.84128e+00	1.18654e-03
3.85949e+00	1.16452e-03
3.87770e+00	1.14388e-03
3.89590e+00	1.12407e-03
3.91411e+00	1.10513e-03
3.93231e+00	1.08698e-03
3.95052e+00	1.06963e-03
3.96872e+00	1.05301e-03
3.98693e+00	1.03727e-03
4.00513e+00	1.02216e-03
4.02334e+00	1.00760e-03
4.04154e+00	9.93365e-04
4.05975e+00	9.79270e-04
4.07795e+00	9.65366e-04
4.09616e+00	9.51604e-04
4.11436e+00	9.37991e-04
4.13257e+00	9.24521e-04
4.15077e+00	9.11173e-04
4.16898e+00	8.97943e-04
4.18718e+00	8.84830e-04
4.20539e+00	8.71825e-04
4.22359e+00	8.58916e-04
4.24180e+00	8.46101e-04
4.26000e+00	8.33361e-04
4.27821e+00	8.20650e-04
4.29641e+00	8.07954e-04
4.31462e+00	7.95274e-04
4.33282e+00	7.82610e-04
4.35103e+00	7.69961e-04
4.36923e+00	7.57331e-04
4.38744e+00	7.44740e-04
4.40564e+00	7.32193e-04
4.42385e+00	7.19691e-04
4.44205e+00	7.07316e-04
4.46026e+00	6.95036e-04
4.47846e+00	6.82864e-04
4.49667e+00	6.70796e-04
4.51488e+00	6.58828e-04
4.53308e+00	6.46959e-04
4.55129e+00	6.35301e-04
4.56949e+00	6.23921e-04
4.58770e+00	6.12816e-04
4.60590e+00	6.01984e-04
4.62411e+00	5.91421e-04
4.64231e+00	5.81205e-04
4.66052e+00	5.71374e-04
4.67872e+00	5.61920e-04
4.69693e+00	5.52838e-04
4.71513e+00	5.44121e-04
4.73334e+00	5.35767e-04
4.75154e+00	5.27767e-04
4.76975e+00	5.20117e-04
4.78795e+00	5.12812e-04
4.80616e+00	5.05844e-04
4.82436e+00	4.99215e-04
4.84257e+00	4.92991e-04
4.86077e+00	4.87184e-04
4.87898e+00	4.81786e-04
4.89718e+00	4.76790e-04
4.91539e+00	4.72182e-04
4.93359e+00	4.67895e-04
4.95180e+00	4.63856e-04
4.97000e+00	4.60040e-04
4.98821e+00	4.56441e-04
5.00641e+00	4.53038e-04
5.02462e+00	4.49823e-04
5.04282e+00	4.46783e-04
5.06103e+00	4.43877e-04
5.07923e+00	4.41111e-04
5.09744e+00	4.38481e-04
5.11564e+00	4.35973e-04
5.13385e+00	4.33500e-04
5.15206e+00	4.31045e-04
5.17026e+00	4.28607e-04
5.18847e+00	4.26185e-04
5.20667e+00	4.23779e-04
5.22488e+00	4.21390e-04
5.24308e+00	4.19016e-04
5.26129e+00	4.16658e-04
5.27949e+00	4.14316e-04
5.29770e+00	4.11991e-04
5.31590e+00	4.09681e-04
5.33411e+00	4.07386e-04
5.35231e+00	4.05107e-04
5.37052e+00	4.02844e-04
5.38872e+00	4.00596e-04
5.40693e+00	3.98363e-04
5.42513e+00	3.96145e-04
5.44334e+00	3.93942e-04
5.46154e+00	3.91754e-04
5.47975e+00	3.89580e-04
5.49795e+00	3.87422e-04
5.51616e+00	3.85278e-04
5.53436e+00	3.83148e-04
5.55257e+00	3.81033e-04
5.57077e+00	3.78932e-04
5.58898e+00	3.76846e-04
5.60718e+00	3.74773e-04
5.62539e+00	3.72715e-04
5.64359e+00	3.70671e-04
5.66180e+00	3.68640e-04
5.68000e+00	3.66623e-04
5.69821e+00	3.64619e-04
5.71641e+00	3.62630e-04
5.73462e+00	3.60655e-04
5.75282e+00	3.58693e-04
5.77103e+00	3.56745e-04
5.78924e+00	3.54811e-04
5.80744e+00	3.52890e-04
5.82565e+00	3.50983e-04
5.84385e+00	3.49090e-04
5.86206e+00	3.47209e-04
5.88026e+00	3.45341e-04
5.89847e+00	3.43488e-04
5.91667e+00	3.41647e-04
5.93488e+00	3.39815e-04
5.95308e+00	3.37998e-04
5.97129e+00	3.36194e-04
5.98949e+00	3.34404e-04
6.00770e+00	3.32623e-04
6.02590e+00	3.30869e-04
6.04411e+00	3.29107e-04
6.06231e+00	3.27361e-04
6.08052e+00	3.25629e-04
6.09872e+00	3.23909e-04
6.11693e+00	3.22202e-04
6.13513e+00	3.20508e-04
6.15334e+00	3.18825e-04
6.17154e+00	3.17155e-04
6.18975e+00	3.15497e-04
6.20795e+00	3.13851e-04
6.22616e+00	3.12217e-04
6.24436e+00	3.10595e-04
6.26257e+00	3.08984e-04
6.28077e+00	3.07386e-04
6.29898e+00	3.05798e-04
6.31718e+00	3.04223e-04
6.33539e+00	3.02658e-04
6.35359e+00	3.01105e-04
6.37180e+00	2.99563e-04
6.39000e+00	2.98032e-04
6.40821e+00	2.96512e-04
6.42642e+00	2.95003e-04
6.44462e+00	2.93505e-04
6.46283e+00	2.92018e-04
6.48103e+00	2.90542e-04
6.49924e+00	2.89077e-04
6.51744e+00	2.87623e-04
6.53565e+00	2.86178e-04
6.55385e+00	2.84746e-04
6.57206e+00	2.83324e-04
6.59026e+00	2.81912e-04
6.60847e+00	2.80510e-04
6.62667e+00	2.79118e-04
6.64488e+00	2.77737e-04
6.66308e+00	2.76364e-04
6.68129e+00	2.75003e-04
6.69949e+00	2.73652e-04
6.71770e+00	2.72310e-04
6.73590e+00	2.70978e-04
6.75411e+00	2.69651e-04
6.77231e+00	2.68329e-04
6.79052e+00	2.67013e-04
6.80872e+00	2.65701e-04
6.82693e+00	2.64393e-04
6.84513e+00	2.63091e-04
6.86334e+00	2.61794e-04
6.88154e+00	2.60502e-04
6.89975e+00	2.59214e-04
6.91795e+00	2.57927e-04
6.93616e+00	2.56670e-04
6.95436e+00	2.55369e-04
6.97257e+00	2.54095e-04
6.99077e+00	2.52824e-04
7.00898e+00	2.51560e-04
7.02718e+00	2.50303e-04
7.04539e+00	2.49051e-04
7.06360e+00	2.47816e-04
7.08180e+00	2.46579e-04
7.10001e+00	2.45338e-04
7.11821e+00	2.44111e-04
7.13642e+00	2.42890e-04
7.15462e+00	2.41678e-04
7.17283e+00	2.40472e-04
7.19103e+00	2.39273e-04
7.20924e+00	2.38082e-04
7.22744e+00	2.36897e-04
7.24565e+00	2.35723e-04
7.26385e+00	2.34559e-04
7.28206e+00	2.33405e-04
7.30026e+00	2.32260e-04
7.31847e+00	2.31125e-04
7.33667e+00	2.30000e-04
7.35488e+00	2.28884e-04
7.37308e+00	2.27774e-04
7.39129e+00	2.26659e-04
7.40949e+00	2.25539e-04
7.42770e+00	2.24414e-04
7.44590e+00	2.23285e-04
7.46411e+00	2.22152e-04
7.48231e+00	2.21015e-04
7.50052e+00	2.19876e-04
7.51872e+00	2.18733e-04
7.53693e+00	2.17588e-04
7.55513e+00	2.16438e-04
7.57334e+00	2.15284e-04
7.59154e+00	2.14126e-04
7.60975e+00	2.12965e-04
7.62795e+00	2.11799e-04
7.64616e+00	2.10629e-04
7.66436e+00	2.09456e-04
7.68257e+00	2.08280e-04
7.70078e+00	2.07100e-04
7.71898e+00	2.05918e-04
7.73719e+00	2.04734e-04
7.75539e+00	2.03546e-04
7.77360e+00	2.02341e-04
7.79180e+00	2.01118e-04
7.81001e+00	1.99873e-04
7.82821e+00	1.98603e-04
7.84642e+00	1.97306e-04
7.86462e+00	1.95983e-04
7.88283e+00	1.94633e-04
7.90103e+00	1.93258e-04
7.91924e+00	1.91859e-04
7.93744e+00	1.90437e-04
7.95565e+00	1.88992e-04
7.97385e+00	1.87527e-04
7.99206e+00	1.86041e-04
8.01026e+00	1.84534e-04
8.02847e+00	1.83005e-04
8.04667e+00	1.81453e-04
8.06488e+00	1.79879e-04
8.08308e+00	1.78284e-04
8.10129e+00	1.76669e-04
8.11949e+00	1.75035e-04
8.13770e+00	1.73385e-04
8.15590e+00	1.71718e-04
8.17411e+00	1.70036e-04
8.19231e+00	1.68340e-04
8.21052e+00	1.66632e-04
8.22872e+00	1.64911e-04
8.24693e+00	1.63168e-04
8.26513e+00	1.61405e-04
8.28334e+00	1.59623e-04
8.30154e+00	1.57823e-04
8.31975e+00	1.56002e-04
8.33796e+00	1.54160e-04
8.35616e+00	1.52298e-04
8.37437e+00	1.50418e-04
8.39257e+00	1.48520e-04
8.41078e+00	1.46608e-04
8.42898e+00	1.44681e-04
8.44719e+00	1.42742e-04
8.46539e+00	1.40788e-04
8.48360e+00	1.38803e-04
8.50180e+00	1.36794e-04
8.52001e+00	1.34773e-04
8.53821e+00	1.32742e-04
8.55642e+00	1.30707e-04
8.57462e+00	1.28673e-04
8.59283e+00	1.26640e-04
8.61103e+00	1.24611e-04
8.62924e+00	1.22586e-04
8.64744e+00	1.20566e-04
8.66565e+00	1.18553e-04
8.68385e+00	1.16546e-04
8.70206e+00	1.14548e-04
8.72026e+00	1.12558e-04
8.73847e+00	1.10579e-04
8.75667e+00	1.08610e-04
8.77488e+00	1.06651e-04
8.79308e+00	1.04704e-04
8.81129e+00	1.02768e-04
8.82949e+00	1.00846e-04
8.84770e+00	9.89367e-05
8.86590e+00	9.70416e-05
8.88411e+00	9.51611e-05
8.90231e+00	9.32954e-05
8.92052e+00	9.14458e-05
8.93872e+00	8.96132e-05
8.95693e+00	8.77934e-05
8.97514e+00	8.59922e-05
8.99334e+00	8.42099e-05
9.01155e+00	8.24500e-05
9.02975e+00	8.07138e-05
9.04796e+00	7.90050e-05
9.06616e+00	7.73246e-05
9.08437e+00	7.56724e-05
9.10257e+00	7.40478e-05
9.12078e+00	7.24509e-05
9.13898e+00	7.08814e-05
9.15719e+00	6.93390e-05
9.17539e+00	6.78234e-05
9.19360e+00	6.63344e-05
9.21180e+00	6.48716e-05
9.23001e+00	6.34348e-05
9.24821e+00	6.20237e-05
9.26642e+00	6.06379e-05
9.28462e+00	5.92776e-05
9.30283e+00	5.79414e-05
9.32103e+00	5.66301e-05
9.33924e+00	5.53430e-05
9.35744e+00	5.40798e-05
9.37565e+00	5.28404e-05
9.39385e+00	5.16244e-05
9.41206e+00	5.04314e-05
9.43026e+00	4.92613e-05
9.44847e+00	4.81137e-05
9.46667e+00	4.69883e-05
9.48488e+00	4.58849e-05
9.50308e+00	4.48032e-05
9.52129e+00	4.37430e-05
9.53949e+00	4.27038e-05
9.55770e+00	4.16854e-05
9.57590e+00	4.06873e-05
9.59411e+00	3.97088e-05
9.61232e+00	3.87494e-05
9.63052e+00	3.78091e-05
9.64873e+00	3.68880e-05
9.66693e+00	3.59840e-05
9.68514e+00	3.50985e-05
9.70334e+00	3.42304e-05
9.72155e+00	3.33795e-05
9.73975e+00	3.25456e-05
9.75796e+00	3.17284e-05
9.77616e+00	3.09278e-05
9.79437e+00	3.01434e-05
9.81257e+00	2.93751e-05
9.83078e+00	2.86225e-05
9.84898e+00	2.78856e-05
9.86719e+00	2.71640e-05
9.88539e+00	2.64577e-05
9.90360e+00	2.57663e-05
9.92180e+00	2.50897e-05
9.94001e+00	2.44275e-05
9.95821e+00	2.37797e-05
9.97642e+00	2.31460e-05
9.99462e+00	2.25249e-05
1.00128e+01	2.19246e-05
1.00310e+01	2.13316e-05
1.00492e+01	2.07527e-05
1.00674e+01	2.01904e-05
1.00856e+01	1.96424e-05
1.01039e+01	1.91087e-05
1.01221e+01	1.85890e-05
1.01403e+01	1.80830e-05
1.01585e+01	1.75902e-05
1.01767e+01	1.71104e-05
1.01949e+01	1.66431e-05
1.02131e+01	1.61881e-05
1.02313e+01	1.57450e-05
1.02495e+01	1.53136e-05
1.02677e+01	1.48935e-05
1.02859e+01	1.44845e-05
1.03041e+01	1.40863e-05
1.03223e+01	1.36986e-05
1.03405e+01	1.33211e-05
1.03587e+01	1.29537e-05
1.03769e+01	1.25961e-05
1.03951e+01	1.22480e-05
1.04133e+01	1.19092e-05
1.04315e+01	1.15795e-05
1.04498e+01	1.12586e-05
1.04680e+01	1.09464e-05
1.04862e+01	1.06425e-05
1.05044e+01	1.03469e-05
1.05226e+01	1.00592e-05
1.05408e+01	9.77933e-06
1.05590e+01	9.50700e-06
1.05772e+01	9.24161e-06
1.05954e+01	8.98476e-06
1.06136e+01	8.73382e-06
1.06318e+01	8.48783e-06
1.06500e+01	8.24974e-06
1.06682e+01	8.01810e-06
1.06864e+01	7.79288e-06
1.07046e+01	7.57390e-06
1.07228e+01	7.36100e-06
1.07410e+01	7.15403e-06
1.07592e+01	6.95282e-06
1.07774e+01	6.75722e-06
1.07956e+01	6.56710e-06
1.08139e+01	6.38230e-06
1.08321e+01	6.20269e-06
1.08503e+01	6.02814e-06
1.08685e+01	5.85850e-06
1.08867e+01	5.69366e-06
1.09049e+01	5.53349e-06
1.09231e+01	5.37786e-06
1.09413e+01	5.22666e-06
1.09595e+01	5.07980e-06
1.09777e+01	4.93715e-06
1.09959e+01	4.79858e-06
1.10141e+01	4.66400e-06
1.10323e+01	4.53330e-06
1.10505e+01	4.40640e-06
1.10687e+01	4.28320e-06
1.10869e+01	4.16361e-06
1.11051e+01	4.04754e-06
1.11233e+01	3.93489e-06
1.11415e+01	3.82557e-06
1.11598e+01	3.71949e-06
1.11780e+01	3.61656e-06
1.11962e+01	3.51670e-06
1.12144e+01	3.41972e-06
1.12326e+01	3.32552e-06
1.12508e+01	3.23405e-06
1.12690e+01	3.14523e-06
1.12872e+01	3.05901e-06
1.13054e+01	2.97531e-06
1.13236e+01	2.89408e-06
1.13418e+01	2.81525e-06
1.13600e+01	2.73878e-06
1.13782e+01	2.66460e-06
1.13964e+01	2.59265e-06
1.14146e+01	2.52289e-06
1.14328e+01	2.45526e-06
1.14510e+01	2.38970e-06
1.14692e+01	2.32618e-06
1.14874e+01	2.26464e-06
1.15056e+01	2.20504e-06
1.15239e+01	2.14732e-06
1.15421e+01	2.09145e-06
1.15603e+01	2.03695e-06
1.15785e+01	1.98190e-06
1.15967e+01	1.92650e-06
1.16149e+01	1.87071e-06
1.16331e+01	1.81455e-06
1.16513e+01	1.75436e-06
1.16695e+01	1.69160e-06
1.16877e+01	1.63089e-06
1.17059e+01	1.57334e-06
1.17241e+01	1.51930e-06
1.17423e+01	1.46811e-06
1.17605e+01	1.41837e-06
1.17787e+01	1.36915e-06
1.17969e+01	1.32111e-06
1.18151e+01	1.27438e-06
1.18333e+01	1.22788e-06
1.18515e+01	1.17477e-06
1.18698e+01	1.12343e-06
1.18880e+01	1.07712e-06
1.19062e+01	1.03288e-06
1.19244e+01	9.90143e-07
1.19426e+01	9.49946e-07
1.19608e+01	9.11884e-07
1.19790e+01	8.75627e-07
1.19972e+01	8.41008e-07
1.20154e+01	8.07810e-07
1.20336e+01	7.75914e-07
1.20518e+01	7.45213e-07
1.20700e+01	7.15665e-07
1.20882e+01	6.87230e-07
1.21064e+01	6.59845e-07
1.21246e+01	6.33435e-07
1.21428e+01	6.07926e-07
1.21610e+01	5.83295e-07
1.21792e+01	5.59527e-07
1.21974e+01	5.36601e-07
1.22157e+01	5.14424e-07
1.22339e+01	4.92950e-07
1.22521e+01	4.72148e-07
1.22703e+01	4.52006e-07
1.22885e+01	4.32520e-07
1.23067e+01	4.13682e-07
1.23249e+01	3.95530e-07
1.23431e+01	3.78062e-07
1.23613e+01	3.61259e-07
1.23795e+01	3.45102e-07
1.23977e+01	3.29573e-07
1.24159e+01	3.14627e-07
1.24341e+01	3.00239e-07
1.24523e+01	2.86387e-07
1.24705e+01	2.73056e-07
1.24887e+01	2.60232e-07
1.25069e+01	2.47903e-07
1.25251e+01	2.36043e-07
1.25433e+01	2.24640e-07
1.25615e+01	2.13707e-07
1.25798e+01	2.03159e-07
1.25980e+01	1.93059e-07
1.26162e+01	1.83381e-07
1.26344e+01	1.74125e-07
1.26526e+01	1.65281e-07
1.26708e+01	1.56831e-07
1.26890e+01	1.48761e-07
1.27072e+01	1.41067e-07
1.27254e+01	1.33740e-07
1.27436e+01	1.26771e-07
1.27618e+01	1.20145e-07
1.27800e+01	1.13847e-07
1.27982e+01	1.07860e-07
1.28164e+01	1.02185e-07
1.28346e+01	9.68220e-08
1.28528e+01	9.17694e-08
1.28710e+01	8.70364e-08
1.28892e+01	8.26038e-08
1.29074e+01	7.84081e-08
1.29257e+01	7.43427e-08
1.29439e+01	7.05247e-08
1.29621e+01	6.70071e-08
1.29803e+01	6.36910e-08
1.29985e+01	6.05041e-08
1.30167e+01	5.72957e-08
1.30349e+01	5.38654e-08
1.30531e+01	5.03174e-08
1.30713e+01	4.71137e-08
1.30895e+01	4.43071e-08
1.31077e+01	4.18433e-08
1.31259e+01	3.96626e-08
1.31441e+01	3.76763e-08
1.31623e+01	3.57555e-08
1.31805e+01	3.38674e-08
1.31987e+01	3.20056e-08
1.32169e+01	3.02237e-08
1.32351e+01	2.86269e-08
1.32533e+01	2.71442e-08
1.32715e+01	2.57664e-08
1.32898e+01	2.44824e-08
1.33080e+01	2.32828e-08
1.33262e+01	2.21563e-08
1.33444e+01	2.10927e-08
1.33626e+01	2.00852e-08
1.33808e+01	1.91240e-08
1.33990e+01	1.82017e-08
1.34172e+01	1.73170e-08
1.34354e+01	1.64639e-08
1.34536e+01	1.56394e-08
1.34718e+01	1.48381e-08
1.34900e+01	1.40731e-08
1.35082e+01	1.33493e-08
1.35264e+01	1.26611e-08
1.35446e+01	1.20041e-08
1.35628e+01	1.13774e-08
1.35810e+01	1.07796e-08
1.35992e+01	1.02097e-08
1.36174e+01	9.66690e-09
1.36357e+01	9.15028e-09
1.36539e+01	8.65873e-09
1.36721e+01	8.19124e-09
1.36903e+01	7.74679e-09
1.37085e+01	7.32439e-09
1.37267e+01	6.92311e-09
1.37449e+01	6.54206e-09
1.37631e+01	6.18030e-09
1.37813e+01	5.83704e-09
1.37995e+01	5.51142e-09
1.38177e+01	5.20250e-09
1.38359e+01	4.90950e-09
1.38541e+01	4.63174e-09
1.38723e+01	4.36837e-09
1.38905e+01	4.11820e-09
1.39087e+01	3.88073e-09
1.39269e+01	3.65521e-09
1.39451e+01	3.44115e-09
1.39633e+01	3.23809e-09
1.39815e+01	3.04571e-09
1.39998e+01	2.86334e-09
1.40180e+01	2.69048e-09
1.40362e+01	2.52692e-09
1.40544e+01	2.37223e-09
1.40726e+01	2.22608e-09
1.40908e+01	2.08797e-09
1.41090e+01	1.95752e-09
1.41272e+01	1.83438e-09
1.41454e+01	1.71822e-09
1.41636e+01	1.60870e-09
1.41818e+01	1.50552e-09
1.42000e+01	1.40834e-09
1.42182e+01	1.31688e-09
1.42364e+01	1.23077e-09
1.42546e+01	1.14972e-09
1.42728e+01	1.07347e-09
1.42910e+01	1.00176e-09
1.43092e+01	9.34364e-10
1.43274e+01	8.71073e-10
1.43457e+01	8.11670e-10
1.43639e+01	7.55948e-10
1.43821e+01	7.03710e-10
1.44003e+01	6.54766e-10
1.44185e+01	6.08934e-10
1.44367e+01	5.66041e-10
1.44549e+01	5.25918e-10
1.44731e+01	4.88413e-10
1.44913e+01	4.53377e-10
1.45095e+01	4.20661e-10
1.45277e+01	3.90129e-10
1.45459e+01	3.61653e-10
1.45641e+01	3.35107e-10
1.45823e+01	3.10374e-10
1.46005e+01	2.87342e-10
1.46187e+01	2.65904e-10
1.46369e+01	2.45960e-10
1.46551e+01	2.27416e-10
1.46733e+01	2.10181e-10
1.46915e+01	1.94170e-10
1.47098e+01	1.79305e-10
1.47280e+01	1.65509e-10
1.47462e+01	1.52711e-10
1.47644e+01	1.40846e-10
1.47826e+01	1.29849e-10
1.48008e+01	1.19661e-10
1.48190e+01	1.10228e-10
1.48372e+01	1.01496e-10
1.48554e+01	9.34183e-11
1.48736e+01	8.59479e-11
1.48918e+01	7.90425e-11
1.49100e+01	7.26619e-11
1.49282e+01	6.67686e-11
1.49464e+01	6.13276e-11
1.49646e+01	5.63060e-11
1.49828e+01	5.16742e-11
1.50010e+01	4.74050e-11
1.50192e+01	4.34732e-11
1.50374e+01	3.98561e-11
1.50557e+01	3.65301e-11
1.50739e+01	3.34729e-11
1.50921e+01	3.06639e-11
1.51103e+01	2.80834e-11
1.51285e+01	2.57137e-11
1.51467e+01	2.35381e-11
1.51649e+01	2.15411e-11
1.51831e+01	1.97087e-11
1.52013e+01	1.80277e-11
1.52195e+01	1.64860e-11
1.52377e+01	1.50725e-11
1.52559e+01	1.37768e-11
1.52741e+01	1.25894e-11
1.52923e+01	1.15017e-11
1.53105e+01	1.05054e-11
1.53287e+01	9.59306e-12
1.53469e+01	8.75790e-12
1.53651e+01	7.99355e-12
1.53833e+01	7.29419e-12
1.54016e+01	6.65446e-12
1.54198e+01	6.06944e-12
1.54380e+01	5.53457e-12
1.54562e+01	5.04569e-12
1.54744e+01	4.59896e-12
1.54926e+01	4.19084e-12
1.55108e+01	3.81810e-12
1.55290e+01	3.47776e-12
1.55472e+01	3.16707e-12
1.55654e+01	2.88353e-12
1.55836e+01	2.62483e-12
1.56018e+01	2.38886e-12
1.56200e+01	2.17366e-12
1.56382e+01	1.97746e-12
1.56564e+01	1.79863e-12
1.56746e+01	1.63569e-12
1.56928e+01	1.48726e-12
1.57110e+01	1.35209e-12
1.57292e+01	1.22904e-12
1.57474e+01	1.11706e-12
1.57657e+01	1.01519e-12
1.57839e+01	9.22259e-13
1.58021e+01	8.37465e-13
1.58203e+01	7.60131e-13
1.58385e+01	6.89630e-13
1.58567e+01	6.25397e-13
1.58749e+01	5.66899e-13
1.58931e+01	5.13644e-13
1.59113e+01	4.65190e-13
1.59295e+01	4.21123e-13
1.59477e+01	3.81061e-13
1.59659e+01	3.44655e-13
1.59841e+01	3.11591e-13
1.60023e+01	2.81582e-13
1.60205e+01	2.54365e-13
1.60387e+01	2.29698e-13
1.60569e+01	2.07352e-13
1.60751e+01	1.87118e-13
1.60933e+01	1.68805e-13
1.61116e+01	1.52235e-13
1.61298e+01	1.37246e-13
1.61480e+01	1.23693e-13
1.61662e+01	1.11443e-13
1.61844e+01	1.00374e-13
1.62026e+01	9.03769e-14
1.62208e+01	8.13497e-14
1.62390e+01	7.32012e-14
1.62572e+01	6.58480e-14
1.62754e+01	5.92152e-14
1.62936e+01	5.32344e-14
1.63118e+01	4.78431e-14
1.63300e+01	4.29843e-14
1.63482e+01	3.86074e-14
1.63664e+01	3.46658e-14
1.63846e+01	3.11170e-14
1.64028e+01	2.79233e-14
1.64210e+01	2.50501e-14
1.64392e+01	2.24657e-14
1.64574e+01	2.01421e-14
1.64757e+01	1.80538e-14
1.64939e+01	1.61772e-14
1.65121e+01	1.44915e-14
1.65303e+01	1.29775e-14
1.65485e+01	1.16181e-14
1.65667e+01	1.03978e-14
1.65849e+01	9.30290e-15
1.66031e+01	8.32082e-15
1.66213e+01	7.44018e-15
1.66395e+01	6.65073e-15
1.66577e+01	5.94323e-15
1.66759e+01	5.30940e-15
1.66941e+01	4.74175e-15
1.67123e+01	4.23355e-15
1.67305e+01	3.77871e-15
1.67487e+01	3.37174e-15
1.67669e+01	3.00772e-15
1.67851e+01	2.68222e-15
1.68033e+01	2.39125e-15
1.68216e+01	2.13122e-15
1.68398e+01	1.89891e-15
1.68580e+01	1.69144e-15
1.68762e+01	1.50620e-15
1.68944e+01	1.34087e-15
1.69126e+01	1.19334e-15
1.69308e+01	1.06174e-15
1.69490e+01	9.44382e-16
1.69672e+01	8.39753e-16
1.69854e+01	7.46505e-16
1.70036e+01	6.63425e-16
1.70218e+01	5.89432e-16
1.70400e+01	5.23553e-16
1.70582e+01	4.64916e-16
1.70764e+01	4.12741e-16
1.70946e+01	3.66331e-16
1.71128e+01	3.25059e-16
1.71310e+01	2.88367e-16
1.71492e+01	2.55754e-16
1.71674e+01	2.26773e-16
1.71857e+01	2.01026e-16
1.72039e+01	1.78160e-16
1.72221e+01	1.57856e-16
1.72403e+01	1.39833e-16
1.72585e+01	1.23838e-16
1.72767e+01	1.09646e-16
1.72949e+01	9.70587e-17
1.73131e+01	8.58960e-17
1.73313e+01	7.59992e-17
1.73495e+01	6.72267e-17
1.73677e+01	5.94530e-17
1.73859e+01	5.25661e-17
1.74041e+01	4.64662e-17
1.74223e+01	4.10648e-17
1.74405e+01	3.62830e-17
1.74587e+01	3.20507e-17
1.74769e+01	2.83055e-17
1.74951e+01	2.49923e-17
1.75133e+01	2.20619e-17
1.75316e+01	1.94707e-17
1.75498e+01	1.71800e-17
1.75680e+01	1.51552e-17
1.75862e+01	1.33660e-17
1.76044e+01	1.17854e-17
1.76226e+01	1.03894e-17
1.76408e+01	9.15668e-18
1.76590e+01	8.06851e-18
1.76772e+01	7.10818e-18
1.76954e+01	6.26089e-18
1.77136e+01	5.51354e-18
1.77318e+01	4.85453e-18
1.77500e+01	4.27359e-18
1.77682e+01	3.76163e-18
1.77864e+01	3.31060e-18
1.78046e+01	2.91339e-18
1.78228e+01	2.56367e-18
1.78410e+01	2.25596e-18
1.78592e+01	1.98531e-18
1.78774e+01	1.74740e-18
1.78957e+01	1.53841e-18
1.79139e+01	1.35497e-18
1.79321e+01	1.19411e-18
1.79503e+01	1.05323e-18
1.79685e+01	9.30041e-19
1.79867e+01	8.22540e-19
1.80049e+01	7.28964e-19
1.80231e+01	6.47768e-19
1.80413e+01	5.77610e-19
1.80595e+01	5.17324e-19
1.80777e+01	4.65902e-19
1.80959e+01	4.22482e-19
1.81141e+01	3.86333e-19
1.81323e+01	3.56847e-19
1.81505e+01	3.33523e-19
1.81687e+01	3.15965e-19
1.81869e+01	3.03921e-19
1.82051e+01	2.96805e-19
