# The ell = 0 distribution, the isotropy.
# E_N [Td]	1.25000e+00
# col_1: Electron Energy [eV], col_2: f0 [eV^(-3/2)]
eV	f0
5.68637e-03	1.81698e-01
1.70591e-02	1.81696e-01
2.84318e-02	1.81692e-01
3.98046e-02	1.81689e-01
5.11773e-02	1.81688e-01
6.25500e-02	1.81686e-01
7.39228e-02	1.81686e-01
8.52955e-02	1.81685e-01
9.66682e-02	1.81685e-01
1.08041e-01	1.81685e-01
1.19414e-01	1.81685e-01
1.30786e-01	1.81685e-01
1.42159e-01	1.81685e-01
1.53532e-01	1.81686e-01
1.64905e-01	1.81686e-01
1.76277e-01	1.81687e-01
1.87650e-01	1.81687e-01
1.99023e-01	1.81688e-01
2.10396e-01	1.81688e-01
2.21768e-01	1.81689e-01
2.33141e-01	1.81689e-01
2.44514e-01	1.81690e-01
2.55887e-01	1.81691e-01
2.67259e-01	1.81691e-01
2.78632e-01	1.81692e-01
2.90005e-01	1.81692e-01
3.01377e-01	1.81693e-01
3.12750e-01	1.81694e-01
3.24123e-01	1.81694e-01
3.35496e-01	1.81695e-01
3.46868e-01	1.81695e-01
3.58241e-01	1.81696e-01
3.69614e-01	1.81696e-01
3.80987e-01	1.81696e-01
3.92359e-01	1.81696e-01
4.03732e-01	1.81697e-01
4.15105e-01	1.81697e-01
4.26478e-01	1.81697e-01
4.37850e-01	1.81696e-01
4.49223e-01	1.81696e-01
4.60596e-01	1.81696e-01
4.71968e-01	1.81695e-01
4.83341e-01	1.81695e-01
4.94714e-01	1.81694e-01
5.06087e-01	1.81693e-01
5.17459e-01	1.81692e-01
5.28832e-01	1.81690e-01
5.40205e-01	1.81689e-01
5.51578e-01	1.81687e-01
5.62950e-01	1.81685e-01
5.74323e-01	1.81683e-01
5.85696e-01	1.81681e-01
5.97069e-01	1.81678e-01
6.08441e-01	1.81675e-01
6.19814e-01	1.81672e-01
6.31187e-01	1.81669e-01
6.42559e-01	1.81665e-01
6.53932e-01	1.81661e-01
6.65305e-01	1.81657e-01
6.76678e-01	1.81653e-01
6.88050e-01	1.81648e-01
6.99423e-01	1.81643e-01
7.10796e-01	1.81637e-01
7.22169e-01	1.81631e-01
7.33541e-01	1.81625e-01
7.44914e-01	1.81618e-01
7.56287e-01	1.81611e-01
7.67660e-01	1.81603e-01
7.79032e-01	1.81595e-01
7.90405e-01	1.81587e-01
8.01778e-01	1.81578e-01
8.13150e-01	1.81569e-01
8.24523e-01	1.81559e-01
8.35896e-01	1.81548e-01
8.47269e-01	1.81537e-01
8.58641e-01	1.81526e-01
8.70014e-01	1.81513e-01
8.81387e-01	1.81501e-01
8.92760e-01	1.81487e-01
9.04132e-01	1.81473e-01
9.15505e-01	1.81458e-01
9.26878e-01	1.81443e-01
9.38251e-01	1.81426e-01
9.49623e-01	1.81409e-01
9.60996e-01	1.81391e-01
9.72369e-01	1.81373e-01
9.83741e-01	1.81353e-01
9.95114e-01	1.81332e-01
1.00649e+00	1.81311e-01
1.01786e+00	1.81289e-01
1.02923e+00	1.81266e-01
1.04061e+00	1.81243e-01
1.05198e+00	1.81219e-01
1.06335e+00	1.81194e-01
1.07472e+00	1.81168e-01
1.08610e+00	1.81142e-01
1.09747e+00	1.81115e-01
1.10884e+00	1.81087e-01
1.12021e+00	1.81058e-01
1.13159e+00	1.81028e-01
1.14296e+00	1.80997e-01
1.15433e+00	1.80965e-01
1.16571e+00	1.80933e-01
1.17708e+00	1.80899e-01
1.18845e+00	1.80865e-01
1.19982e+00	1.80830e-01
1.21120e+00	1.80793e-01
1.22257e+00	1.80756e-01
1.23394e+00	1.80717e-01
1.24531e+00	1.80678e-01
1.25669e+00	1.80637e-01
1.26806e+00	1.80596e-01
1.27943e+00	1.80553e-01
1.29081e+00	1.80510e-01
1.30218e+00	1.80465e-01
1.31355e+00	1.80419e-01
1.32492e+00	1.80372e-01
1.33630e+00	1.80324e-01
1.34767e+00	1.80274e-01
1.35904e+00	1.80224e-01
1.37041e+00	1.80172e-01
1.38179e+00	1.80119e-01
1.39316e+00	1.80065e-01
1.40453e+00	1.80009e-01
1.41591e+00	1.79952e-01
1.42728e+00	1.79894e-01
1.43865e+00	1.79834e-01
1.45002e+00	1.79773e-01
1.46140e+00	1.79711e-01
1.47277e+00	1.79647e-01
1.48414e+00	1.79582e-01
1.49551e+00	1.79516e-01
1.50689e+00	1.79448e-01
1.51826e+00	1.79378e-01
1.52963e+00	1.79307e-01
1.54101e+00	1.79235e-01
1.55238e+00	1.79160e-01
1.56375e+00	1.79084e-01
1.57512e+00	1.79007e-01
1.58650e+00	1.78927e-01
1.59787e+00	1.78846e-01
1.60924e+00	1.78763e-01
1.62061e+00	1.78679e-01
1.63199e+00	1.78593e-01
1.64336e+00	1.78505e-01
1.65473e+00	1.78415e-01
1.66611e+00	1.78323e-01
1.67748e+00	1.78229e-01
1.68885e+00	1.78133e-01
1.70022e+00	1.78036e-01
1.71160e+00	1.77937e-01
1.72297e+00	1.77836e-01
1.73434e+00	1.77733e-01
1.74571e+00	1.77628e-01
1.75709e+00	1.77521e-01
1.76846e+00	1.77413e-01
1.77983e+00	1.77303e-01
1.79121e+00	1.77190e-01
1.80258e+00	1.77076e-01
1.81395e+00	1.76960e-01
1.82532e+00	1.76842e-01
1.83670e+00	1.76722e-01
1.84807e+00	1.76599e-01
1.85944e+00	1.76475e-01
1.87081e+00	1.76349e-01
1.88219e+00	1.76220e-01
1.89356e+00	1.76090e-01
1.90493e+00	1.75957e-01
1.91631e+00	1.75823e-01
1.92768e+00	1.75686e-01
1.93905e+00	1.75547e-01
1.95042e+00	1.75405e-01
1.96180e+00	1.75262e-01
1.97317e+00	1.75117e-01
1.98454e+00	1.74969e-01
1.99591e+00	1.74818e-01
2.00729e+00	1.74665e-01
2.01866e+00	1.74510e-01
2.03003e+00	1.74352e-01
2.04141e+00	1.74192e-01
2.05278e+00	1.74029e-01
2.06415e+00	1.73863e-01
2.07552e+00	1.73694e-01
2.08690e+00	1.73523e-01
2.09827e+00	1.73349e-01
2.10964e+00	1.73172e-01
2.12101e+00	1.72992e-01
2.13239e+00	1.72809e-01
2.14376e+00	1.72623e-01
2.15513e+00	1.72435e-01
2.16651e+00	1.72243e-01
2.17788e+00	1.72049e-01
2.18925e+00	1.71852e-01
2.20062e+00	1.71651e-01
2.21200e+00	1.71448e-01
2.22337e+00	1.71241e-01
2.23474e+00	1.71032e-01
2.24611e+00	1.70819e-01
2.25749e+00	1.70603e-01
2.26886e+00	1.70384e-01
2.28023e+00	1.70162e-01
2.29161e+00	1.69937e-01
2.30298e+00	1.69709e-01
2.31435e+00	1.69477e-01
2.32572e+00	1.69242e-01
2.33710e+00	1.69004e-01
2.34847e+00	1.68762e-01
2.35984e+00	1.68517e-01
2.37122e+00	1.68269e-01
2.38259e+00	1.68018e-01
2.39396e+00	1.67763e-01
2.40533e+00	1.67504e-01
2.41671e+00	1.67242e-01
2.42808e+00	1.66977e-01
2.43945e+00	1.66709e-01
2.45082e+00	1.66436e-01
2.46220e+00	1.66161e-01
2.47357e+00	1.65882e-01
2.48494e+00	1.65599e-01
2.49632e+00	1.65312e-01
2.50769e+00	1.65022e-01
2.51906e+00	1.64728e-01
2.53043e+00	1.64431e-01
2.54181e+00	1.64130e-01
2.55318e+00	1.63825e-01
2.56455e+00	1.63516e-01
2.57592e+00	1.63203e-01
2.58730e+00	1.62887e-01
2.59867e+00	1.62566e-01
2.61004e+00	1.62242e-01
2.62142e+00	1.61914e-01
2.63279e+00	1.61582e-01
2.64416e+00	1.61246e-01
2.65553e+00	1.60906e-01
2.66691e+00	1.60562e-01
2.67828e+00	1.60214e-01
2.68965e+00	1.59862e-01
2.70102e+00	1.59506e-01
2.71240e+00	1.59146e-01
2.72377e+00	1.58782e-01
2.73514e+00	1.58414e-01
2.74652e+00	1.58042e-01
2.75789e+00	1.57665e-01
2.76926e+00	1.57285e-01
2.78063e+00	1.56901e-01
2.79201e+00	1.56512e-01
2.80338e+00	1.56120e-01
2.81475e+00	1.55723e-01
2.82612e+00	1.55323e-01
2.83750e+00	1.54918e-01
2.84887e+00	1.54509e-01
2.86024e+00	1.54096e-01
2.87162e+00	1.53679e-01
2.88299e+00	1.53257e-01
2.89436e+00	1.52832e-01
2.90573e+00	1.52402e-01
2.91711e+00	1.51968e-01
2.92848e+00	1.51530e-01
2.93985e+00	1.51088e-01
2.95122e+00	1.50642e-01
2.96260e+00	1.50192e-01
2.97397e+00	1.49737e-01
2.98534e+00	1.49278e-01
2.99672e+00	1.48816e-01
3.00809e+00	1.48349e-01
3.01946e+00	1.47878e-01
3.03083e+00	1.47403e-01
3.04221e+00	1.46924e-01
3.05358e+00	1.46441e-01
3.06495e+00	1.45954e-01
3.07632e+00	1.45464e-01
3.08770e+00	1.44969e-01
3.09907e+00	1.44470e-01
3.11044e+00	1.43967e-01
3.12182e+00	1.43460e-01
3.13319e+00	1.42949e-01
3.14456e+00	1.42435e-01
3.15593e+00	1.41916e-01
3.16731e+00	1.41393e-01
3.17868e+00	1.40867e-01
3.19005e+00	1.40337e-01
3.20142e+00	1.39803e-01
3.21280e+00	1.39265e-01
3.22417e+00	1.38723e-01
3.23554e+00	1.38177e-01
3.24692e+00	1.37628e-01
3.25829e+00	1.37075e-01
3.26966e+00	1.36518e-01
3.28103e+00	1.35957e-01
3.29241e+00	1.35393e-01
3.30378e+00	1.34825e-01
3.31515e+00	1.34254e-01
3.32652e+00	1.33678e-01
3.33790e+00	1.33099e-01
3.34927e+00	1.32517e-01
3.36064e+00	1.31931e-01
3.37202e+00	1.31342e-01
3.38339e+00	1.30749e-01
3.39476e+00	1.30152e-01
3.40613e+00	1.29552e-01
3.41751e+00	1.28949e-01
3.42888e+00	1.28343e-01
3.44025e+00	1.27733e-01
3.45162e+00	1.27120e-01
3.46300e+00	1.26503e-01
3.47437e+00	1.25884e-01
3.48574e+00	1.25261e-01
3.49712e+00	1.24635e-01
3.50849e+00	1.24006e-01
3.51986e+00	1.23373e-01
3.53123e+00	1.22738e-01
3.54261e+00	1.22100e-01
3.55398e+00	1.21459e-01
3.56535e+00	1.20815e-01
3.57672e+00	1.20168e-01
3.58810e+00	1.19518e-01
3.59947e+00	1.18866e-01
3.61084e+00	1.18210e-01
3.62222e+00	1.17552e-01
3.63359e+00	1.16892e-01
3.64496e+00	1.16229e-01
3.65633e+00	1.15563e-01
3.66771e+00	1.14895e-01
3.67908e+00	1.14224e-01
3.69045e+00	1.13551e-01
3.70182e+00	1.12875e-01
3.71320e+00	1.12197e-01
3.72457e+00	1.11517e-01
3.73594e+00	1.10835e-01
3.74732e+00	1.10151e-01
3.75869e+00	1.09464e-01
3.77006e+00	1.08776e-01
3.78143e+00	1.08085e-01
3.79281e+00	1.07393e-01
3.80418e+00	1.06699e-01
3.81555e+00	1.06003e-01
3.82693e+00	1.05305e-01
3.83830e+00	1.04605e-01
3.84967e+00	1.03904e-01
3.86104e+00	1.03202e-01
3.87242e+00	1.02497e-01
3.88379e+00	1.01792e-01
3.89516e+00	1.01085e-01
3.90653e+00	1.00376e-01
3.91791e+00	9.96665e-02
3.92928e+00	9.89556e-02
3.94065e+00	9.82436e-02
3.95203e+00	9.75305e-02
3.96340e+00	9.68161e-02
3.97477e+00	9.61008e-02
3.98614e+00	9.53863e-02
3.99752e+00	9.46682e-02
4.00889e+00	9.39488e-02
4.02026e+00	9.32278e-02
4.03163e+00	9.25054e-02
4.04301e+00	9.17815e-02
4.05438e+00	9.10561e-02
4.06575e+00	9.03299e-02
4.07713e+00	8.96023e-02
4.08850e+00	8.88731e-02
4.09987e+00	8.81428e-02
4.11124e+00	8.74114e-02
4.12262e+00	8.66788e-02
4.13399e+00	8.59453e-02
4.14536e+00	8.52109e-02
4.15673e+00	8.44757e-02
4.16811e+00	8.37397e-02
4.17948e+00	8.30032e-02
4.19085e+00	8.22661e-02
4.20223e+00	8.15285e-02
4.21360e+00	8.07906e-02
4.22497e+00	8.00524e-02
4.23634e+00	7.93140e-02
4.24772e+00	7.85755e-02
4.25909e+00	7.78370e-02
4.27046e+00	7.70986e-02
4.28183e+00	7.63603e-02
4.29321e+00	7.56223e-02
4.30458e+00	7.48846e-02
4.31595e+00	7.41474e-02
4.32733e+00	7.34107e-02
4.33870e+00	7.26747e-02
4.35007e+00	7.19393e-02
4.36144e+00	7.12047e-02
4.37282e+00	7.04711e-02
4.38419e+00	6.97384e-02
4.39556e+00	6.90068e-02
4.40693e+00	6.82763e-02
4.41831e+00	6.75471e-02
4.42968e+00	6.68192e-02
4.44105e+00	6.60928e-02
4.45243e+00	6.53679e-02
4.46380e+00	6.46446e-02
4.47517e+00	6.39230e-02
4.48654e+00	6.32032e-02
4.49792e+00	6.24852e-02
4.50929e+00	6.17693e-02
4.52066e+00	6.10554e-02
4.53203e+00	6.03436e-02
4.54341e+00	5.96340e-02
4.55478e+00	5.89268e-02
4.56615e+00	5.82220e-02
4.57753e+00	5.75196e-02
4.58890e+00	5.68198e-02
4.60027e+00	5.61227e-02
4.61164e+00	5.54282e-02
4.62302e+00	5.47366e-02
4.63439e+00	5.40479e-02
4.64576e+00	5.33622e-02
4.65713e+00	5.26795e-02
4.66851e+00	5.19999e-02
4.67988e+00	5.13236e-02
4.69125e+00	5.06505e-02
4.70263e+00	4.99808e-02
4.71400e+00	4.93145e-02
4.72537e+00	4.86517e-02
4.73674e+00	4.79925e-02
4.74812e+00	4.73369e-02
4.75949e+00	4.66850e-02
4.77086e+00	4.60370e-02
4.78223e+00	4.53927e-02
4.79361e+00	4.47524e-02
4.80498e+00	4.41160e-02
4.81635e+00	4.34837e-02
4.82773e+00	4.28555e-02
4.83910e+00	4.22315e-02
4.85047e+00	4.16117e-02
4.86184e+00	4.09962e-02
4.87322e+00	4.03850e-02
4.88459e+00	3.97782e-02
4.89596e+00	3.91759e-02
4.90733e+00	3.85781e-02
4.91871e+00	3.79849e-02
4.93008e+00	3.73963e-02
4.94145e+00	3.68122e-02
4.95283e+00	3.62329e-02
4.96420e+00	3.56582e-02
4.97557e+00	3.50883e-02
4.98694e+00	3.45232e-02
4.99832e+00	3.39630e-02
5.00969e+00	3.34076e-02
5.02106e+00	3.28573e-02
5.03243e+00	3.23118e-02
5.04381e+00	3.17712e-02
5.05518e+00	3.12355e-02
5.06655e+00	3.07048e-02
5.07793e+00	3.01791e-02
5.08930e+00	2.96584e-02
5.10067e+00	2.91428e-02
5.11204e+00	2.86323e-02
5.12342e+00	2.81270e-02
5.13479e+00	2.76268e-02
5.14616e+00	2.71318e-02
5.15753e+00	2.66420e-02
5.16891e+00	2.61574e-02
5.18028e+00	2.56781e-02
5.19165e+00	2.52040e-02
5.20303e+00	2.47353e-02
5.21440e+00	2.42719e-02
5.22577e+00	2.38137e-02
5.23714e+00	2.33610e-02
5.24852e+00	2.29135e-02
5.25989e+00	2.24715e-02
5.27126e+00	2.20348e-02
5.28263e+00	2.16034e-02
5.29401e+00	2.11775e-02
5.30538e+00	2.07569e-02
5.31675e+00	2.03418e-02
5.32813e+00	1.99320e-02
5.33950e+00	1.95276e-02
5.35087e+00	1.91285e-02
5.36224e+00	1.87349e-02
5.37362e+00	1.83466e-02
5.38499e+00	1.79637e-02
5.39636e+00	1.75861e-02
5.40774e+00	1.72139e-02
5.41911e+00	1.68470e-02
5.43048e+00	1.64854e-02
5.44185e+00	1.61291e-02
5.45323e+00	1.57780e-02
5.46460e+00	1.54323e-02
5.47597e+00	1.50918e-02
5.48734e+00	1.47565e-02
5.49872e+00	1.44264e-02
5.51009e+00	1.41015e-02
5.52146e+00	1.37817e-02
5.53284e+00	1.34671e-02
5.54421e+00	1.31576e-02
5.55558e+00	1.28532e-02
5.56695e+00	1.25538e-02
5.57833e+00	1.22594e-02
5.58970e+00	1.19699e-02
5.60107e+00	1.16855e-02
5.61244e+00	1.14059e-02
5.62382e+00	1.11313e-02
5.63519e+00	1.08614e-02
5.64656e+00	1.05964e-02
5.65794e+00	1.03361e-02
5.66931e+00	1.00806e-02
5.68068e+00	9.82975e-03
5.69205e+00	9.58355e-03
5.70343e+00	9.34197e-03
5.71480e+00	9.10494e-03
5.72617e+00	8.87245e-03
5.73754e+00	8.64443e-03
5.74892e+00	8.42085e-03
5.76029e+00	8.20165e-03
5.77166e+00	7.98681e-03
5.78304e+00	7.77626e-03
5.79441e+00	7.56996e-03
5.80578e+00	7.36786e-03
5.81715e+00	7.16992e-03
5.82853e+00	6.97609e-03
5.83990e+00	6.78631e-03
5.85127e+00	6.60054e-03
5.86264e+00	6.41873e-03
5.87402e+00	6.24083e-03
5.88539e+00	6.06679e-03
5.89676e+00	5.89656e-03
5.90814e+00	5.73009e-03
5.91951e+00	5.56730e-03
5.93088e+00	5.40820e-03
5.94225e+00	5.25271e-03
5.95363e+00	5.10078e-03
5.96500e+00	4.95236e-03
5.97637e+00	4.80739e-03
5.98774e+00	4.66583e-03
5.99912e+00	4.52762e-03
6.01049e+00	4.39271e-03
6.02186e+00	4.26105e-03
6.03324e+00	4.13257e-03
6.04461e+00	4.00723e-03
6.05598e+00	3.88501e-03
6.06735e+00	3.76584e-03
6.07873e+00	3.64967e-03
6.09010e+00	3.53644e-03
6.10147e+00	3.42611e-03
6.11284e+00	3.31861e-03
6.12422e+00	3.21390e-03
6.13559e+00	3.11193e-03
6.14696e+00	3.01264e-03
6.15834e+00	2.91598e-03
6.16971e+00	2.82190e-03
6.18108e+00	2.73035e-03
6.19245e+00	2.64128e-03
6.20383e+00	2.55464e-03
6.21520e+00	2.47038e-03
6.22657e+00	2.38845e-03
6.23794e+00	2.30880e-03
6.24932e+00	2.23139e-03
6.26069e+00	2.15617e-03
6.27206e+00	2.08309e-03
6.28344e+00	2.01210e-03
6.29481e+00	1.94316e-03
6.30618e+00	1.87623e-03
6.31755e+00	1.81125e-03
6.32893e+00	1.74819e-03
6.34030e+00	1.68700e-03
6.35167e+00	1.62764e-03
6.36304e+00	1.57006e-03
6.37442e+00	1.51422e-03
6.38579e+00	1.46008e-03
6.39716e+00	1.40761e-03
6.40854e+00	1.35675e-03
6.41991e+00	1.30748e-03
6.43128e+00	1.25974e-03
6.44265e+00	1.21351e-03
6.45403e+00	1.16875e-03
6.46540e+00	1.12541e-03
6.47677e+00	1.08347e-03
6.48814e+00	1.04287e-03
6.49952e+00	1.00360e-03
6.51089e+00	9.65618e-04
6.52226e+00	9.28883e-04
6.53364e+00	8.93366e-04
6.54501e+00	8.59033e-04
6.55638e+00	8.25851e-04
6.56775e+00	7.93789e-04
6.57913e+00	7.62817e-04
6.59050e+00	7.32903e-04
6.60187e+00	7.04017e-04
6.61324e+00	6.76131e-04
6.62462e+00	6.49215e-04
6.63599e+00	6.23242e-04
6.64736e+00	5.98185e-04
6.65874e+00	5.74015e-04
6.67011e+00	5.50707e-04
6.68148e+00	5.28235e-04
6.69285e+00	5.06575e-04
6.70423e+00	4.85700e-04
6.71560e+00	4.65588e-04
6.72697e+00	4.46215e-04
6.73834e+00	4.27557e-04
6.74972e+00	4.09593e-04
6.76109e+00	3.92301e-04
6.77246e+00	3.75659e-04
6.78384e+00	3.59646e-04
6.79521e+00	3.44242e-04
6.80658e+00	3.29427e-04
6.81795e+00	3.15182e-04
6.82933e+00	3.01488e-04
6.84070e+00	2.88327e-04
6.85207e+00	2.75681e-04
6.86345e+00	2.63533e-04
6.87482e+00	2.51865e-04
6.88619e+00	2.40661e-04
6.89756e+00	2.29906e-04
6.90894e+00	2.19583e-04
6.92031e+00	2.09678e-04
6.93168e+00	2.00179e-04
6.94305e+00	1.91060e-04
6.95443e+00	1.82324e-04
6.96580e+00	1.73951e-04
6.97717e+00	1.65927e-04
6.98855e+00	1.58241e-04
6.99992e+00	1.50880e-04
7.01129e+00	1.43831e-04
7.02266e+00	1.37082e-04
7.03404e+00	1.30623e-04
7.04541e+00	1.24442e-04
7.05678e+00	1.18529e-04
7.06815e+00	1.12873e-04
7.07953e+00	1.07462e-04
7.09090e+00	1.02292e-04
7.10227e+00	9.73499e-05
7.11365e+00	9.26284e-05
7.12502e+00	8.81180e-05
7.13639e+00	8.38103e-05
7.14776e+00	7.96970e-05
7.15914e+00	7.57702e-05
7.17051e+00	7.20222e-05
7.18188e+00	6.84456e-05
7.19325e+00	6.50334e-05
7.20463e+00	6.17786e-05
7.21600e+00	5.86747e-05
7.22737e+00	5.57153e-05
7.23875e+00	5.28943e-05
7.25012e+00	5.02057e-05
7.26149e+00	4.76440e-05
7.27286e+00	4.52036e-05
7.28424e+00	4.28794e-05
7.29561e+00	4.06662e-05
7.30698e+00	3.85592e-05
7.31835e+00	3.65538e-05
7.32973e+00	3.46455e-05
7.34110e+00	3.28299e-05
7.35247e+00	3.11029e-05
7.36385e+00	2.94606e-05
7.37522e+00	2.78992e-05
7.38659e+00	2.64150e-05
7.39796e+00	2.50044e-05
7.40934e+00	2.36642e-05
7.42071e+00	2.23911e-05
7.43208e+00	2.11820e-05
7.44345e+00	2.00339e-05
7.45483e+00	1.89440e-05
7.46620e+00	1.79096e-05
7.47757e+00	1.69281e-05
7.48895e+00	1.59969e-05
7.50032e+00	1.51138e-05
7.51169e+00	1.42763e-05
7.52306e+00	1.34824e-05
7.53444e+00	1.27298e-05
7.54581e+00	1.20167e-05
7.55718e+00	1.13411e-05
7.56855e+00	1.07011e-05
7.57993e+00	1.00951e-05
7.59130e+00	9.52137e-06
7.60267e+00	8.97827e-06
7.61405e+00	8.46431e-06
7.62542e+00	7.97804e-06
7.63679e+00	7.51806e-06
7.64816e+00	7.08306e-06
7.65954e+00	6.67178e-06
7.67091e+00	6.28299e-06
7.68228e+00	5.91557e-06
7.69365e+00	5.56841e-06
7.70503e+00	5.24047e-06
7.71640e+00	4.93076e-06
7.72777e+00	4.63833e-06
7.73915e+00	4.36228e-06
7.75052e+00	4.10175e-06
7.76189e+00	3.85592e-06
7.77326e+00	3.62403e-06
7.78464e+00	3.40532e-06
7.79601e+00	3.19911e-06
7.80738e+00	3.00471e-06
7.81875e+00	2.82149e-06
7.83013e+00	2.64886e-06
7.84150e+00	2.48623e-06
7.85287e+00	2.33306e-06
7.86425e+00	2.18884e-06
7.87562e+00	2.05307e-06
7.88699e+00	1.92530e-06
7.89836e+00	1.80506e-06
7.90974e+00	1.69196e-06
7.92111e+00	1.58558e-06
7.93248e+00	1.48556e-06
7.94385e+00	1.39153e-06
7.95523e+00	1.30316e-06
7.96660e+00	1.22012e-06
7.97797e+00	1.14211e-06
7.98935e+00	1.06885e-06
8.00072e+00	1.00006e-06
8.01209e+00	9.35485e-07
8.02346e+00	8.74879e-07
8.03484e+00	8.18012e-07
8.04621e+00	7.64666e-07
8.05758e+00	7.14636e-07
8.06895e+00	6.67726e-07
8.08033e+00	6.23751e-07
8.09170e+00	5.82539e-07
8.10307e+00	5.43924e-07
8.11445e+00	5.07752e-07
8.12582e+00	4.73876e-07
8.13719e+00	4.42158e-07
8.14856e+00	4.12468e-07
8.15994e+00	3.84682e-07
8.17131e+00	3.58684e-07
8.18268e+00	3.34366e-07
8.19405e+00	3.11624e-07
8.20543e+00	2.90362e-07
8.21680e+00	2.70487e-07
8.22817e+00	2.51914e-07
8.23955e+00	2.34561e-07
8.25092e+00	2.18353e-07
8.26229e+00	2.03217e-07
8.27366e+00	1.89086e-07
8.28504e+00	1.75896e-07
8.29641e+00	1.63588e-07
8.30778e+00	1.52105e-07
8.31915e+00	1.41395e-07
8.33053e+00	1.31409e-07
8.34190e+00	1.22098e-07
8.35327e+00	1.13421e-07
8.36465e+00	1.05335e-07
8.37602e+00	9.78031e-08
8.38739e+00	9.07879e-08
8.39876e+00	8.42559e-08
8.41014e+00	7.81753e-08
8.42151e+00	7.25162e-08
8.43288e+00	6.72509e-08
8.44426e+00	6.23530e-08
8.45563e+00	5.77980e-08
8.46700e+00	5.35631e-08
8.47837e+00	4.96265e-08
8.48975e+00	4.59683e-08
8.50112e+00	4.25696e-08
8.51249e+00	3.94127e-08
8.52386e+00	3.64812e-08
8.53524e+00	3.37596e-08
8.54661e+00	3.12336e-08
8.55798e+00	2.88896e-08
8.56936e+00	2.67151e-08
8.58073e+00	2.46983e-08
8.59210e+00	2.28283e-08
8.60347e+00	2.10947e-08
8.61485e+00	1.94881e-08
8.62622e+00	1.79996e-08
8.63759e+00	1.66207e-08
8.64896e+00	1.53437e-08
8.66034e+00	1.41614e-08
8.67171e+00	1.30670e-08
8.68308e+00	1.20543e-08
8.69446e+00	1.11173e-08
8.70583e+00	1.02507e-08
8.71720e+00	9.44939e-09
8.72857e+00	8.70856e-09
8.73995e+00	8.02386e-09
8.75132e+00	7.39119e-09
8.76269e+00	6.80674e-09
8.77406e+00	6.26698e-09
8.78544e+00	5.76860e-09
8.79681e+00	5.30856e-09
8.80818e+00	4.88401e-09
8.81956e+00	4.49232e-09
8.83093e+00	4.13102e-09
8.84230e+00	3.79785e-09
8.85367e+00	3.49069e-09
8.86505e+00	3.20758e-09
8.87642e+00	2.94671e-09
8.88779e+00	2.70639e-09
8.89916e+00	2.48506e-09
8.91054e+00	2.28126e-09
8.92191e+00	2.09367e-09
8.93328e+00	1.92102e-09
8.94466e+00	1.76216e-09
8.95603e+00	1.61607e-09
8.96740e+00	1.48173e-09
8.97877e+00	1.35823e-09
8.99015e+00	1.24473e-09
9.00152e+00	1.14044e-09
9.01289e+00	1.04464e-09
9.02426e+00	9.56657e-10
9.03564e+00	8.75873e-10
9.04701e+00	8.01719e-10
9.05838e+00	7.33667e-10
9.06976e+00	6.71229e-10
9.08113e+00	6.13958e-10
9.09250e+00	5.61438e-10
9.10387e+00	5.13287e-10
9.11525e+00	4.69152e-10
9.12662e+00	4.28709e-10
9.13799e+00	3.91658e-10
9.14936e+00	3.57723e-10
9.16074e+00	3.26649e-10
9.17211e+00	2.98202e-10
9.18348e+00	2.72167e-10
9.19486e+00	2.48344e-10
9.20623e+00	2.26552e-10
9.21760e+00	2.06622e-10
9.22897e+00	1.88400e-10
9.24035e+00	1.71743e-10
9.25172e+00	1.56521e-10
9.26309e+00	1.42613e-10
9.27446e+00	1.29910e-10
9.28584e+00	1.18309e-10
9.29721e+00	1.07718e-10
9.30858e+00	9.80512e-11
9.31996e+00	8.92305e-11
9.33133e+00	8.11838e-11
9.34270e+00	7.38447e-11
9.35407e+00	6.71529e-11
9.36545e+00	6.10527e-11
9.37682e+00	5.54932e-11
9.38819e+00	5.04277e-11
9.39956e+00	4.58134e-11
9.41094e+00	4.16113e-11
9.42231e+00	3.77854e-11
9.43368e+00	3.43030e-11
9.44506e+00	3.11339e-11
9.45643e+00	2.82507e-11
9.46780e+00	2.56283e-11
9.47917e+00	2.32437e-11
9.49055e+00	2.10758e-11
9.50192e+00	1.91054e-11
9.51329e+00	1.73150e-11
9.52466e+00	1.56886e-11
9.53604e+00	1.42115e-11
9.54741e+00	1.28703e-11
9.55878e+00	1.16528e-11
9.57016e+00	1.05480e-11
9.58153e+00	9.54552e-12
9.59290e+00	8.63623e-12
9.60427e+00	7.81165e-12
9.61565e+00	7.06407e-12
9.62702e+00	6.38647e-12
9.63839e+00	5.77247e-12
9.64976e+00	5.21617e-12
9.66114e+00	4.71236e-12
9.67251e+00	4.25621e-12
9.68388e+00	3.84330e-12
9.69526e+00	3.46963e-12
9.70663e+00	3.13154e-12
9.71800e+00	2.82572e-12
9.72937e+00	2.54916e-12
9.74075e+00	2.29912e-12
9.75212e+00	2.07311e-12
9.76349e+00	1.86887e-12
9.77486e+00	1.68435e-12
9.78624e+00	1.51769e-12
9.79761e+00	1.36719e-12
9.80898e+00	1.23132e-12
9.82036e+00	1.10869e-12
9.83173e+00	9.98036e-13
9.84310e+00	8.98210e-13
9.85447e+00	8.08175e-13
9.86585e+00	7.26991e-13
9.87722e+00	6.53806e-13
9.88859e+00	5.87848e-13
9.89997e+00	5.28418e-13
9.91134e+00	4.74882e-13
9.92271e+00	4.26668e-13
9.93408e+00	3.83257e-13
9.94546e+00	3.44180e-13
9.95683e+00	3.09014e-13
9.96820e+00	2.77374e-13
9.97957e+00	2.48915e-13
9.99095e+00	2.23321e-13
1.00023e+01	2.00312e-13
1.00137e+01	1.79638e-13
1.00251e+01	1.61035e-13
1.00364e+01	1.44342e-13
1.00478e+01	1.29365e-13
1.00592e+01	1.15923e-13
1.00706e+01	1.03863e-13
1.00819e+01	9.30431e-14
1.00933e+01	8.33379e-14
1.01047e+01	7.46337e-14
1.01160e+01	6.68286e-14
1.01274e+01	5.98307e-14
1.01388e+01	5.35575e-14
1.01502e+01	4.79349e-14
1.01615e+01	4.28960e-14
1.01729e+01	3.83810e-14
1.01843e+01	3.43361e-14
1.01957e+01	3.07128e-14
1.02070e+01	2.74678e-14
1.02184e+01	2.45619e-14
1.02298e+01	2.19601e-14
1.02411e+01	1.96309e-14
1.02525e+01	1.75462e-14
1.02639e+01	1.56804e-14
1.02753e+01	1.40110e-14
1.02866e+01	1.25174e-14
1.02980e+01	1.11813e-14
1.03094e+01	9.98636e-15
1.03208e+01	8.91776e-15
1.03321e+01	7.96231e-15
1.03435e+01	7.10815e-15
1.03549e+01	6.34466e-15
1.03662e+01	5.66232e-15
1.03776e+01	5.05261e-15
1.03890e+01	4.50786e-15
1.04004e+01	4.02124e-15
1.04117e+01	3.58661e-15
1.04231e+01	3.19847e-15
1.04345e+01	2.85191e-15
1.04459e+01	2.54251e-15
1.04572e+01	2.26633e-15
1.04686e+01	2.01985e-15
1.04800e+01	1.79990e-15
1.04913e+01	1.60366e-15
1.05027e+01	1.42860e-15
1.05141e+01	1.27245e-15
1.05255e+01	1.13320e-15
1.05368e+01	1.00904e-15
1.05482e+01	8.98340e-16
1.05596e+01	7.99664e-16
1.05710e+01	7.11718e-16
1.05823e+01	6.33347e-16
1.05937e+01	5.63527e-16
1.06051e+01	5.01326e-16
1.06164e+01	4.45866e-16
1.06278e+01	3.96567e-16
1.06392e+01	3.52688e-16
1.06506e+01	3.13642e-16
1.06619e+01	2.78899e-16
1.06733e+01	2.47986e-16
1.06847e+01	2.20484e-16
1.06961e+01	1.96017e-16
1.07074e+01	1.74252e-16
1.07188e+01	1.54892e-16
1.07302e+01	1.37672e-16
1.07415e+01	1.22356e-16
1.07529e+01	1.08736e-16
1.07643e+01	9.66234e-17
1.07757e+01	8.58527e-17
1.07870e+01	7.62757e-17
1.07984e+01	6.77607e-17
1.08098e+01	6.01905e-17
1.08212e+01	5.34606e-17
1.08325e+01	4.74782e-17
1.08439e+01	4.21605e-17
1.08553e+01	3.74340e-17
1.08666e+01	3.32333e-17
1.08780e+01	2.95002e-17
1.08894e+01	2.61827e-17
1.09008e+01	2.32348e-17
1.09121e+01	2.06155e-17
1.09235e+01	1.82883e-17
1.09349e+01	1.62208e-17
1.09463e+01	1.43841e-17
1.09576e+01	1.27525e-17
1.09690e+01	1.13033e-17
1.09804e+01	1.00161e-17
1.09917e+01	8.87299e-18
1.10031e+01	7.85778e-18
1.10145e+01	6.95628e-18
1.10259e+01	6.15578e-18
1.10372e+01	5.44504e-18
1.10486e+01	4.81402e-18
1.10600e+01	4.25382e-18
1.10714e+01	3.75654e-18
1.10827e+01	3.31512e-18
1.10941e+01	2.92334e-18
1.11055e+01	2.57562e-18
1.11168e+01	2.26705e-18
1.11282e+01	1.99322e-18
1.11396e+01	1.75025e-18
1.11510e+01	1.53468e-18
1.11623e+01	1.34344e-18
1.11737e+01	1.17378e-18
1.11851e+01	1.02330e-18
1.11965e+01	8.89825e-19
1.12078e+01	7.71456e-19
1.12192e+01	6.66489e-19
1.12306e+01	5.73418e-19
1.12419e+01	4.90902e-19
1.12533e+01	4.17752e-19
1.12647e+01	3.52914e-19
1.12761e+01	2.95449e-19
1.12874e+01	2.44527e-19
1.12988e+01	1.99408e-19
1.13102e+01	1.59438e-19
1.13216e+01	1.24034e-19
1.13329e+01	9.26809e-20
1.13443e+01	6.49233e-20
1.13557e+01	4.03770e-20
1.13670e+01	1.87123e-20
