# The ell = 0 distribution, the isotropy.
# E_N [Td]	1.75000e+00
# col_1: Electron Energy [eV], col_2: f0 [eV^(-3/2)]
eV	f0
6.87696e-03	1.43955e-01
2.06309e-02	1.43953e-01
3.43848e-02	1.43952e-01
4.81387e-02	1.43951e-01
6.18926e-02	1.43951e-01
7.56466e-02	1.43950e-01
8.94005e-02	1.43950e-01
1.03154e-01	1.43951e-01
1.16908e-01	1.43951e-01
1.30662e-01	1.43951e-01
1.44416e-01	1.43951e-01
1.58170e-01	1.43952e-01
1.71924e-01	1.43952e-01
1.85678e-01	1.43953e-01
1.99432e-01	1.43953e-01
2.13186e-01	1.43954e-01
2.26940e-01	1.43954e-01
2.40694e-01	1.43955e-01
2.54448e-01	1.43955e-01
2.68201e-01	1.43956e-01
2.81955e-01	1.43956e-01
2.95709e-01	1.43957e-01
3.09463e-01	1.43957e-01
3.23217e-01	1.43958e-01
3.36971e-01	1.43958e-01
3.50725e-01	1.43959e-01
3.64479e-01	1.43959e-01
3.78233e-01	1.43959e-01
3.91987e-01	1.43960e-01
4.05741e-01	1.43960e-01
4.19495e-01	1.43960e-01
4.33248e-01	1.43960e-01
4.47002e-01	1.43960e-01
4.60756e-01	1.43960e-01
4.74510e-01	1.43960e-01
4.88264e-01	1.43960e-01
5.02018e-01	1.43960e-01
5.15772e-01	1.43959e-01
5.29526e-01	1.43959e-01
5.43280e-01	1.43958e-01
5.57034e-01	1.43958e-01
5.70788e-01	1.43957e-01
5.84542e-01	1.43956e-01
5.98295e-01	1.43954e-01
6.12049e-01	1.43953e-01
6.25803e-01	1.43952e-01
6.39557e-01	1.43950e-01
6.53311e-01	1.43948e-01
6.67065e-01	1.43946e-01
6.80819e-01	1.43944e-01
6.94573e-01	1.43942e-01
7.08327e-01	1.43939e-01
7.22081e-01	1.43936e-01
7.35835e-01	1.43933e-01
7.49589e-01	1.43930e-01
7.63343e-01	1.43926e-01
7.77096e-01	1.43923e-01
7.90850e-01	1.43919e-01
8.04604e-01	1.43914e-01
8.18358e-01	1.43910e-01
8.32112e-01	1.43905e-01
8.45866e-01	1.43899e-01
8.59620e-01	1.43894e-01
8.73374e-01	1.43888e-01
8.87128e-01	1.43881e-01
9.00882e-01	1.43874e-01
9.14636e-01	1.43867e-01
9.28390e-01	1.43860e-01
9.42143e-01	1.43852e-01
9.55897e-01	1.43843e-01
9.69651e-01	1.43834e-01
9.83405e-01	1.43825e-01
9.97159e-01	1.43814e-01
1.01091e+00	1.43804e-01
1.02467e+00	1.43793e-01
1.03842e+00	1.43781e-01
1.05217e+00	1.43770e-01
1.06593e+00	1.43757e-01
1.07968e+00	1.43745e-01
1.09344e+00	1.43731e-01
1.10719e+00	1.43718e-01
1.12094e+00	1.43704e-01
1.13470e+00	1.43689e-01
1.14845e+00	1.43674e-01
1.16221e+00	1.43658e-01
1.17596e+00	1.43642e-01
1.18971e+00	1.43625e-01
1.20347e+00	1.43607e-01
1.21722e+00	1.43589e-01
1.23098e+00	1.43570e-01
1.24473e+00	1.43551e-01
1.25848e+00	1.43531e-01
1.27224e+00	1.43511e-01
1.28599e+00	1.43490e-01
1.29975e+00	1.43468e-01
1.31350e+00	1.43445e-01
1.32725e+00	1.43422e-01
1.34101e+00	1.43398e-01
1.35476e+00	1.43374e-01
1.36851e+00	1.43348e-01
1.38227e+00	1.43322e-01
1.39602e+00	1.43295e-01
1.40978e+00	1.43268e-01
1.42353e+00	1.43240e-01
1.43728e+00	1.43210e-01
1.45104e+00	1.43180e-01
1.46479e+00	1.43150e-01
1.47855e+00	1.43118e-01
1.49230e+00	1.43086e-01
1.50605e+00	1.43052e-01
1.51981e+00	1.43018e-01
1.53356e+00	1.42983e-01
1.54732e+00	1.42946e-01
1.56107e+00	1.42909e-01
1.57482e+00	1.42871e-01
1.58858e+00	1.42832e-01
1.60233e+00	1.42792e-01
1.61609e+00	1.42750e-01
1.62984e+00	1.42708e-01
1.64359e+00	1.42664e-01
1.65735e+00	1.42620e-01
1.67110e+00	1.42574e-01
1.68486e+00	1.42527e-01
1.69861e+00	1.42479e-01
1.71236e+00	1.42430e-01
1.72612e+00	1.42380e-01
1.73987e+00	1.42329e-01
1.75362e+00	1.42276e-01
1.76738e+00	1.42223e-01
1.78113e+00	1.42168e-01
1.79489e+00	1.42112e-01
1.80864e+00	1.42055e-01
1.82239e+00	1.41996e-01
1.83615e+00	1.41937e-01
1.84990e+00	1.41876e-01
1.86366e+00	1.41814e-01
1.87741e+00	1.41751e-01
1.89116e+00	1.41686e-01
1.90492e+00	1.41620e-01
1.91867e+00	1.41553e-01
1.93243e+00	1.41485e-01
1.94618e+00	1.41415e-01
1.95993e+00	1.41344e-01
1.97369e+00	1.41271e-01
1.98744e+00	1.41197e-01
2.00120e+00	1.41121e-01
2.01495e+00	1.41045e-01
2.02870e+00	1.40966e-01
2.04246e+00	1.40886e-01
2.05621e+00	1.40804e-01
2.06996e+00	1.40720e-01
2.08372e+00	1.40635e-01
2.09747e+00	1.40548e-01
2.11123e+00	1.40459e-01
2.12498e+00	1.40368e-01
2.13873e+00	1.40276e-01
2.15249e+00	1.40181e-01
2.16624e+00	1.40085e-01
2.18000e+00	1.39987e-01
2.19375e+00	1.39887e-01
2.20750e+00	1.39786e-01
2.22126e+00	1.39682e-01
2.23501e+00	1.39576e-01
2.24877e+00	1.39469e-01
2.26252e+00	1.39359e-01
2.27627e+00	1.39247e-01
2.29003e+00	1.39134e-01
2.30378e+00	1.39018e-01
2.31754e+00	1.38900e-01
2.33129e+00	1.38780e-01
2.34504e+00	1.38658e-01
2.35880e+00	1.38534e-01
2.37255e+00	1.38407e-01
2.38631e+00	1.38279e-01
2.40006e+00	1.38148e-01
2.41381e+00	1.38015e-01
2.42757e+00	1.37880e-01
2.44132e+00	1.37742e-01
2.45507e+00	1.37602e-01
2.46883e+00	1.37460e-01
2.48258e+00	1.37316e-01
2.49634e+00	1.37169e-01
2.51009e+00	1.37020e-01
2.52384e+00	1.36868e-01
2.53760e+00	1.36714e-01
2.55135e+00	1.36557e-01
2.56511e+00	1.36397e-01
2.57886e+00	1.36235e-01
2.59261e+00	1.36071e-01
2.60637e+00	1.35904e-01
2.62012e+00	1.35734e-01
2.63388e+00	1.35561e-01
2.64763e+00	1.35386e-01
2.66138e+00	1.35208e-01
2.67514e+00	1.35027e-01
2.68889e+00	1.34844e-01
2.70265e+00	1.34658e-01
2.71640e+00	1.34469e-01
2.73015e+00	1.34277e-01
2.74391e+00	1.34082e-01
2.75766e+00	1.33885e-01
2.77141e+00	1.33684e-01
2.78517e+00	1.33481e-01
2.79892e+00	1.33275e-01
2.81268e+00	1.33065e-01
2.82643e+00	1.32853e-01
2.84018e+00	1.32638e-01
2.85394e+00	1.32420e-01
2.86769e+00	1.32199e-01
2.88145e+00	1.31975e-01
2.89520e+00	1.31748e-01
2.90895e+00	1.31517e-01
2.92271e+00	1.31284e-01
2.93646e+00	1.31048e-01
2.95022e+00	1.30808e-01
2.96397e+00	1.30565e-01
2.97772e+00	1.30319e-01
2.99148e+00	1.30070e-01
3.00523e+00	1.29818e-01
3.01899e+00	1.29563e-01
3.03274e+00	1.29304e-01
3.04649e+00	1.29043e-01
3.06025e+00	1.28778e-01
3.07400e+00	1.28510e-01
3.08775e+00	1.28239e-01
3.10151e+00	1.27964e-01
3.11526e+00	1.27687e-01
3.12902e+00	1.27406e-01
3.14277e+00	1.27122e-01
3.15652e+00	1.26835e-01
3.17028e+00	1.26544e-01
3.18403e+00	1.26250e-01
3.19779e+00	1.25953e-01
3.21154e+00	1.25653e-01
3.22529e+00	1.25349e-01
3.23905e+00	1.25042e-01
3.25280e+00	1.24732e-01
3.26656e+00	1.24418e-01
3.28031e+00	1.24101e-01
3.29406e+00	1.23781e-01
3.30782e+00	1.23457e-01
3.32157e+00	1.23130e-01
3.33533e+00	1.22800e-01
3.34908e+00	1.22466e-01
3.36283e+00	1.22129e-01
3.37659e+00	1.21789e-01
3.39034e+00	1.21445e-01
3.40410e+00	1.21098e-01
3.41785e+00	1.20748e-01
3.43160e+00	1.20394e-01
3.44536e+00	1.20037e-01
3.45911e+00	1.19676e-01
3.47286e+00	1.19312e-01
3.48662e+00	1.18945e-01
3.50037e+00	1.18575e-01
3.51413e+00	1.18201e-01
3.52788e+00	1.17823e-01
3.54163e+00	1.17443e-01
3.55539e+00	1.17059e-01
3.56914e+00	1.16671e-01
3.58290e+00	1.16281e-01
3.59665e+00	1.15887e-01
3.61040e+00	1.15490e-01
3.62416e+00	1.15089e-01
3.63791e+00	1.14685e-01
3.65167e+00	1.14278e-01
3.66542e+00	1.13867e-01
3.67917e+00	1.13453e-01
3.69293e+00	1.13036e-01
3.70668e+00	1.12616e-01
3.72044e+00	1.12193e-01
3.73419e+00	1.11766e-01
3.74794e+00	1.11336e-01
3.76170e+00	1.10903e-01
3.77545e+00	1.10466e-01
3.78920e+00	1.10027e-01
3.80296e+00	1.09584e-01
3.81671e+00	1.09138e-01
3.83047e+00	1.08689e-01
3.84422e+00	1.08237e-01
3.85797e+00	1.07782e-01
3.87173e+00	1.07324e-01
3.88548e+00	1.06862e-01
3.89924e+00	1.06398e-01
3.91299e+00	1.05931e-01
3.92674e+00	1.05460e-01
3.94050e+00	1.04987e-01
3.95425e+00	1.04511e-01
3.96801e+00	1.04031e-01
3.98176e+00	1.03551e-01
3.99551e+00	1.03065e-01
4.00927e+00	1.02576e-01
4.02302e+00	1.02084e-01
4.03678e+00	1.01588e-01
4.05053e+00	1.01088e-01
4.06428e+00	1.00586e-01
4.07804e+00	1.00079e-01
4.09179e+00	9.95691e-02
4.10554e+00	9.90554e-02
4.11930e+00	9.85383e-02
4.13305e+00	9.80176e-02
4.14681e+00	9.74935e-02
4.16056e+00	9.69660e-02
4.17431e+00	9.64351e-02
4.18807e+00	9.59009e-02
4.20182e+00	9.53634e-02
4.21558e+00	9.48227e-02
4.22933e+00	9.42787e-02
4.24308e+00	9.37316e-02
4.25684e+00	9.31814e-02
4.27059e+00	9.26281e-02
4.28435e+00	9.20717e-02
4.29810e+00	9.15124e-02
4.31185e+00	9.09501e-02
4.32561e+00	9.03850e-02
4.33936e+00	8.98170e-02
4.35312e+00	8.92463e-02
4.36687e+00	8.86728e-02
4.38062e+00	8.80967e-02
4.39438e+00	8.75179e-02
4.40813e+00	8.69366e-02
4.42189e+00	8.63527e-02
4.43564e+00	8.57665e-02
4.44939e+00	8.51778e-02
4.46315e+00	8.45868e-02
4.47690e+00	8.39936e-02
4.49065e+00	8.33981e-02
4.50441e+00	8.28005e-02
4.51816e+00	8.22008e-02
4.53192e+00	8.15991e-02
4.54567e+00	8.09955e-02
4.55942e+00	8.03900e-02
4.57318e+00	7.97826e-02
4.58693e+00	7.91736e-02
4.60069e+00	7.85628e-02
4.61444e+00	7.79505e-02
4.62819e+00	7.73366e-02
4.64195e+00	7.67212e-02
4.65570e+00	7.61044e-02
4.66946e+00	7.54864e-02
4.68321e+00	7.48670e-02
4.69696e+00	7.42465e-02
4.71072e+00	7.36249e-02
4.72447e+00	7.30023e-02
4.73823e+00	7.23787e-02
4.75198e+00	7.17542e-02
4.76573e+00	7.11289e-02
4.77949e+00	7.05028e-02
4.79324e+00	6.98761e-02
4.80699e+00	6.92489e-02
4.82075e+00	6.86211e-02
4.83450e+00	6.79929e-02
4.84826e+00	6.73644e-02
4.86201e+00	6.67356e-02
4.87576e+00	6.61066e-02
4.88952e+00	6.54775e-02
4.90327e+00	6.48484e-02
4.91703e+00	6.42194e-02
4.93078e+00	6.35905e-02
4.94453e+00	6.29617e-02
4.95829e+00	6.23332e-02
4.97204e+00	6.17050e-02
4.98580e+00	6.10772e-02
4.99955e+00	6.04499e-02
5.01330e+00	5.98231e-02
5.02706e+00	5.91973e-02
5.04081e+00	5.85718e-02
5.05457e+00	5.79470e-02
5.06832e+00	5.73229e-02
5.08207e+00	5.66996e-02
5.09583e+00	5.60773e-02
5.10958e+00	5.54560e-02
5.12333e+00	5.48357e-02
5.13709e+00	5.42166e-02
5.15084e+00	5.35987e-02
5.16460e+00	5.29822e-02
5.17835e+00	5.23671e-02
5.19210e+00	5.17535e-02
5.20586e+00	5.11415e-02
5.21961e+00	5.05311e-02
5.23337e+00	4.99225e-02
5.24712e+00	4.93157e-02
5.26087e+00	4.87108e-02
5.27463e+00	4.81079e-02
5.28838e+00	4.75071e-02
5.30214e+00	4.69084e-02
5.31589e+00	4.63120e-02
5.32964e+00	4.57178e-02
5.34340e+00	4.51261e-02
5.35715e+00	4.45368e-02
5.37091e+00	4.39501e-02
5.38466e+00	4.33660e-02
5.39841e+00	4.27846e-02
5.41217e+00	4.22059e-02
5.42592e+00	4.16301e-02
5.43968e+00	4.10571e-02
5.45343e+00	4.04872e-02
5.46718e+00	3.99203e-02
5.48094e+00	3.93565e-02
5.49469e+00	3.87959e-02
5.50844e+00	3.82385e-02
5.52220e+00	3.76845e-02
5.53595e+00	3.71339e-02
5.54971e+00	3.65867e-02
5.56346e+00	3.60430e-02
5.57721e+00	3.55029e-02
5.59097e+00	3.49664e-02
5.60472e+00	3.44336e-02
5.61848e+00	3.39045e-02
5.63223e+00	3.33792e-02
5.64598e+00	3.28578e-02
5.65974e+00	3.23403e-02
5.67349e+00	3.18267e-02
5.68725e+00	3.13172e-02
5.70100e+00	3.08117e-02
5.71475e+00	3.03103e-02
5.72851e+00	2.98131e-02
5.74226e+00	2.93201e-02
5.75602e+00	2.88313e-02
5.76977e+00	2.83468e-02
5.78352e+00	2.78666e-02
5.79728e+00	2.73908e-02
5.81103e+00	2.69194e-02
5.82478e+00	2.64525e-02
5.83854e+00	2.59900e-02
5.85229e+00	2.55320e-02
5.86605e+00	2.50785e-02
5.87980e+00	2.46296e-02
5.89355e+00	2.41853e-02
5.90731e+00	2.37456e-02
5.92106e+00	2.33105e-02
5.93482e+00	2.28801e-02
5.94857e+00	2.24545e-02
5.96232e+00	2.20336e-02
5.97608e+00	2.16175e-02
5.98983e+00	2.12061e-02
6.00359e+00	2.07996e-02
6.01734e+00	2.03978e-02
6.03109e+00	2.00009e-02
6.04485e+00	1.96087e-02
6.05860e+00	1.92215e-02
6.07236e+00	1.88392e-02
6.08611e+00	1.84617e-02
6.09986e+00	1.80892e-02
6.11362e+00	1.77216e-02
6.12737e+00	1.73589e-02
6.14112e+00	1.70011e-02
6.15488e+00	1.66482e-02
6.16863e+00	1.63001e-02
6.18239e+00	1.59569e-02
6.19614e+00	1.56186e-02
6.20989e+00	1.52851e-02
6.22365e+00	1.49565e-02
6.23740e+00	1.46327e-02
6.25116e+00	1.43136e-02
6.26491e+00	1.39994e-02
6.27866e+00	1.36900e-02
6.29242e+00	1.33853e-02
6.30617e+00	1.30853e-02
6.31993e+00	1.27900e-02
6.33368e+00	1.24995e-02
6.34743e+00	1.22136e-02
6.36119e+00	1.19323e-02
6.37494e+00	1.16557e-02
6.38870e+00	1.13836e-02
6.40245e+00	1.11161e-02
6.41620e+00	1.08532e-02
6.42996e+00	1.05947e-02
6.44371e+00	1.03407e-02
6.45747e+00	1.00912e-02
6.47122e+00	9.84604e-03
6.48497e+00	9.60527e-03
6.49873e+00	9.36884e-03
6.51248e+00	9.13672e-03
6.52623e+00	8.90886e-03
6.53999e+00	8.68523e-03
6.55374e+00	8.46579e-03
6.56750e+00	8.25051e-03
6.58125e+00	8.03933e-03
6.59500e+00	7.83223e-03
6.60876e+00	7.62916e-03
6.62251e+00	7.43008e-03
6.63627e+00	7.23495e-03
6.65002e+00	7.04373e-03
6.66377e+00	6.85637e-03
6.67753e+00	6.67284e-03
6.69128e+00	6.49308e-03
6.70504e+00	6.31707e-03
6.71879e+00	6.14474e-03
6.73254e+00	5.97606e-03
6.74630e+00	5.81099e-03
6.76005e+00	5.64947e-03
6.77381e+00	5.49146e-03
6.78756e+00	5.33691e-03
6.80131e+00	5.18579e-03
6.81507e+00	5.03803e-03
6.82882e+00	4.89360e-03
6.84257e+00	4.75245e-03
6.85633e+00	4.61453e-03
6.87008e+00	4.47980e-03
6.88384e+00	4.34820e-03
6.89759e+00	4.21970e-03
6.91134e+00	4.09423e-03
6.92510e+00	3.97179e-03
6.93885e+00	3.85222e-03
6.95261e+00	3.73561e-03
6.96636e+00	3.62191e-03
6.98011e+00	3.51105e-03
6.99387e+00	3.40298e-03
7.00762e+00	3.29765e-03
7.02138e+00	3.19501e-03
7.03513e+00	3.09502e-03
7.04888e+00	2.99762e-03
7.06264e+00	2.90278e-03
7.07639e+00	2.81041e-03
7.09015e+00	2.72050e-03
7.10390e+00	2.63303e-03
7.11765e+00	2.54792e-03
7.13141e+00	2.46515e-03
7.14516e+00	2.38465e-03
7.15892e+00	2.30638e-03
7.17267e+00	2.23029e-03
7.18642e+00	2.15633e-03
7.20018e+00	2.08446e-03
7.21393e+00	2.01463e-03
7.22768e+00	1.94680e-03
7.24144e+00	1.88092e-03
7.25519e+00	1.81694e-03
7.26895e+00	1.75484e-03
7.28270e+00	1.69455e-03
7.29645e+00	1.63604e-03
7.31021e+00	1.57927e-03
7.32396e+00	1.52419e-03
7.33772e+00	1.47077e-03
7.35147e+00	1.41897e-03
7.36522e+00	1.36874e-03
7.37898e+00	1.32005e-03
7.39273e+00	1.27286e-03
7.40649e+00	1.22714e-03
7.42024e+00	1.18284e-03
7.43399e+00	1.13993e-03
7.44775e+00	1.09837e-03
7.46150e+00	1.05813e-03
7.47526e+00	1.01918e-03
7.48901e+00	9.81484e-04
7.50276e+00	9.45003e-04
7.51652e+00	9.09708e-04
7.53027e+00	8.75567e-04
7.54402e+00	8.42550e-04
7.55778e+00	8.10626e-04
7.57153e+00	7.79763e-04
7.58529e+00	7.49935e-04
7.59904e+00	7.21110e-04
7.61279e+00	6.93262e-04
7.62655e+00	6.66362e-04
7.64030e+00	6.40383e-04
7.65406e+00	6.15300e-04
7.66781e+00	5.91085e-04
7.68156e+00	5.67714e-04
7.69532e+00	5.45162e-04
7.70907e+00	5.23405e-04
7.72283e+00	5.02418e-04
7.73658e+00	4.82179e-04
7.75033e+00	4.62666e-04
7.76409e+00	4.43855e-04
7.77784e+00	4.25725e-04
7.79160e+00	4.08256e-04
7.80535e+00	3.91427e-04
7.81910e+00	3.75217e-04
7.83286e+00	3.59608e-04
7.84661e+00	3.44579e-04
7.86036e+00	3.30113e-04
7.87412e+00	3.16192e-04
7.88787e+00	3.02797e-04
7.90163e+00	2.89911e-04
7.91538e+00	2.77518e-04
7.92913e+00	2.65601e-04
7.94289e+00	2.54145e-04
7.95664e+00	2.43134e-04
7.97040e+00	2.32553e-04
7.98415e+00	2.22387e-04
7.99790e+00	2.12622e-04
8.01166e+00	2.03245e-04
8.02541e+00	1.94241e-04
8.03917e+00	1.85598e-04
8.05292e+00	1.77304e-04
8.06667e+00	1.69345e-04
8.08043e+00	1.61710e-04
8.09418e+00	1.54387e-04
8.10794e+00	1.47366e-04
8.12169e+00	1.40634e-04
8.13544e+00	1.34182e-04
8.14920e+00	1.28000e-04
8.16295e+00	1.22077e-04
8.17671e+00	1.16403e-04
8.19046e+00	1.10970e-04
8.20421e+00	1.05768e-04
8.21797e+00	1.00789e-04
8.23172e+00	9.60236e-05
8.24547e+00	9.14644e-05
8.25923e+00	8.71031e-05
8.27298e+00	8.29322e-05
8.28674e+00	7.89441e-05
8.30049e+00	7.51318e-05
8.31424e+00	7.14882e-05
8.32800e+00	6.80068e-05
8.34175e+00	6.46810e-05
8.35551e+00	6.15046e-05
8.36926e+00	5.84715e-05
8.38301e+00	5.55760e-05
8.39677e+00	5.28124e-05
8.41052e+00	5.01753e-05
8.42428e+00	4.76596e-05
8.43803e+00	4.52601e-05
8.45178e+00	4.29720e-05
8.46554e+00	4.07906e-05
8.47929e+00	3.87115e-05
8.49305e+00	3.67302e-05
8.50680e+00	3.48427e-05
8.52055e+00	3.30449e-05
8.53431e+00	3.13329e-05
8.54806e+00	2.97031e-05
8.56181e+00	2.81517e-05
8.57557e+00	2.66754e-05
8.58932e+00	2.52710e-05
8.60308e+00	2.39351e-05
8.61683e+00	2.26647e-05
8.63058e+00	2.14570e-05
8.64434e+00	2.03090e-05
8.65809e+00	1.92182e-05
8.67185e+00	1.81818e-05
8.68560e+00	1.71975e-05
8.69935e+00	1.62627e-05
8.71311e+00	1.53753e-05
8.72686e+00	1.45330e-05
8.74062e+00	1.37337e-05
8.75437e+00	1.29754e-05
8.76812e+00	1.22562e-05
8.78188e+00	1.15742e-05
8.79563e+00	1.09276e-05
8.80939e+00	1.03148e-05
8.82314e+00	9.73410e-06
8.83689e+00	9.18399e-06
8.85065e+00	8.66296e-06
8.86440e+00	8.16960e-06
8.87815e+00	7.70255e-06
8.89191e+00	7.26051e-06
8.90566e+00	6.84225e-06
8.91942e+00	6.44660e-06
8.93317e+00	6.07239e-06
8.94692e+00	5.71853e-06
8.96068e+00	5.38412e-06
8.97443e+00	5.06811e-06
8.98819e+00	4.76957e-06
9.00194e+00	4.48759e-06
9.01569e+00	4.22132e-06
9.02945e+00	3.96994e-06
9.04320e+00	3.73268e-06
9.05696e+00	3.50880e-06
9.07071e+00	3.29759e-06
9.08446e+00	3.09838e-06
9.09822e+00	2.91054e-06
9.11197e+00	2.73345e-06
9.12573e+00	2.56655e-06
9.13948e+00	2.40928e-06
9.15323e+00	2.26112e-06
9.16699e+00	2.12159e-06
9.18074e+00	1.99020e-06
9.19450e+00	1.86651e-06
9.20825e+00	1.75011e-06
9.22200e+00	1.64058e-06
9.23576e+00	1.53755e-06
9.24951e+00	1.44065e-06
9.26326e+00	1.34954e-06
9.27702e+00	1.26389e-06
9.29077e+00	1.18340e-06
9.30453e+00	1.10778e-06
9.31828e+00	1.03675e-06
9.33203e+00	9.70048e-07
9.34579e+00	9.07422e-07
9.35954e+00	8.48640e-07
9.37330e+00	7.93479e-07
9.38705e+00	7.41728e-07
9.40080e+00	6.93189e-07
9.41456e+00	6.47673e-07
9.42831e+00	6.05002e-07
9.44207e+00	5.65008e-07
9.45582e+00	5.27533e-07
9.46957e+00	4.92427e-07
9.48333e+00	4.59547e-07
9.49708e+00	4.28760e-07
9.51084e+00	3.99940e-07
9.52459e+00	3.72969e-07
9.53834e+00	3.47732e-07
9.55210e+00	3.24126e-07
9.56585e+00	3.02050e-07
9.57960e+00	2.81409e-07
9.59336e+00	2.62116e-07
9.60711e+00	2.44087e-07
9.62087e+00	2.27242e-07
9.63462e+00	2.11510e-07
9.64837e+00	1.96818e-07
9.66213e+00	1.83103e-07
9.67588e+00	1.70304e-07
9.68964e+00	1.58362e-07
9.70339e+00	1.47223e-07
9.71714e+00	1.36835e-07
9.73090e+00	1.27150e-07
9.74465e+00	1.18122e-07
9.75841e+00	1.09709e-07
9.77216e+00	1.01872e-07
9.78591e+00	9.45713e-08
9.79967e+00	8.77732e-08
9.81342e+00	8.14444e-08
9.82718e+00	7.55539e-08
9.84093e+00	7.00726e-08
9.85468e+00	6.49734e-08
9.86844e+00	6.02309e-08
9.88219e+00	5.58212e-08
9.89594e+00	5.17218e-08
9.90970e+00	4.79120e-08
9.92345e+00	4.43721e-08
9.93721e+00	4.10839e-08
9.95096e+00	3.80302e-08
9.96471e+00	3.51949e-08
9.97847e+00	3.25631e-08
9.99222e+00	3.01208e-08
1.00060e+01	2.78556e-08
1.00197e+01	2.57534e-08
1.00335e+01	2.38033e-08
1.00472e+01	2.19993e-08
1.00610e+01	2.03287e-08
1.00747e+01	1.87820e-08
1.00885e+01	1.73504e-08
1.01023e+01	1.60254e-08
1.01160e+01	1.47994e-08
1.01298e+01	1.36650e-08
1.01435e+01	1.26157e-08
1.01573e+01	1.16451e-08
1.01710e+01	1.07476e-08
1.01848e+01	9.91771e-09
1.01985e+01	9.15049e-09
1.02123e+01	8.44132e-09
1.02260e+01	7.78592e-09
1.02398e+01	7.18029e-09
1.02535e+01	6.62075e-09
1.02673e+01	6.10387e-09
1.02811e+01	5.62647e-09
1.02948e+01	5.18561e-09
1.03086e+01	4.77855e-09
1.03223e+01	4.40276e-09
1.03361e+01	4.05589e-09
1.03498e+01	3.73577e-09
1.03636e+01	3.44039e-09
1.03773e+01	3.16786e-09
1.03911e+01	2.91647e-09
1.04048e+01	2.68461e-09
1.04186e+01	2.47080e-09
1.04323e+01	2.27366e-09
1.04461e+01	2.09192e-09
1.04599e+01	1.92441e-09
1.04736e+01	1.77003e-09
1.04874e+01	1.62778e-09
1.05011e+01	1.49673e-09
1.05149e+01	1.37601e-09
1.05286e+01	1.26483e-09
1.05424e+01	1.16245e-09
1.05561e+01	1.06818e-09
1.05699e+01	9.81408e-10
1.05836e+01	9.01537e-10
1.05974e+01	8.28072e-10
1.06111e+01	7.60365e-10
1.06249e+01	6.98178e-10
1.06387e+01	6.41041e-10
1.06524e+01	5.88534e-10
1.06662e+01	5.40290e-10
1.06799e+01	4.95963e-10
1.06937e+01	4.55240e-10
1.07074e+01	4.17830e-10
1.07212e+01	3.83465e-10
1.07349e+01	3.51900e-10
1.07487e+01	3.22908e-10
1.07624e+01	2.96283e-10
1.07762e+01	2.71831e-10
1.07899e+01	2.49378e-10
1.08037e+01	2.28760e-10
1.08175e+01	2.09831e-10
1.08312e+01	1.92452e-10
1.08450e+01	1.76497e-10
1.08587e+01	1.61851e-10
1.08725e+01	1.48408e-10
1.08862e+01	1.36069e-10
1.09000e+01	1.24744e-10
1.09137e+01	1.14351e-10
1.09275e+01	1.04814e-10
1.09412e+01	9.60631e-11
1.09550e+01	8.80336e-11
1.09688e+01	8.06668e-11
1.09825e+01	7.39083e-11
1.09963e+01	6.77084e-11
1.10100e+01	6.20214e-11
1.10238e+01	5.68051e-11
1.10375e+01	5.20208e-11
1.10513e+01	4.76332e-11
1.10650e+01	4.36096e-11
1.10788e+01	3.99200e-11
1.10925e+01	3.65369e-11
1.11063e+01	3.34352e-11
1.11200e+01	3.05915e-11
1.11338e+01	2.79846e-11
1.11476e+01	2.55950e-11
1.11613e+01	2.34046e-11
1.11751e+01	2.13971e-11
1.11888e+01	1.95572e-11
1.12026e+01	1.78711e-11
1.12163e+01	1.63261e-11
1.12301e+01	1.49104e-11
1.12438e+01	1.36133e-11
1.12576e+01	1.24249e-11
1.12713e+01	1.13363e-11
1.12851e+01	1.03391e-11
1.12988e+01	9.42567e-12
1.13126e+01	8.58909e-12
1.13264e+01	7.82292e-12
1.13401e+01	7.12129e-12
1.13539e+01	6.47882e-12
1.13676e+01	5.89056e-12
1.13814e+01	5.35198e-12
1.13951e+01	4.85892e-12
1.14089e+01	4.40758e-12
1.14226e+01	3.99444e-12
1.14364e+01	3.61632e-12
1.14501e+01	3.27027e-12
1.14639e+01	2.95360e-12
1.14776e+01	2.66384e-12
1.14914e+01	2.39873e-12
1.15052e+01	2.15619e-12
1.15189e+01	1.93432e-12
1.15327e+01	1.73138e-12
1.15464e+01	1.54577e-12
1.15602e+01	1.37598e-12
1.15739e+01	1.22125e-12
1.15877e+01	1.08077e-12
1.16014e+01	9.53663e-13
1.16152e+01	8.39054e-13
1.16289e+01	7.36117e-13
1.16427e+01	6.44203e-13
1.16564e+01	5.62949e-13
1.16702e+01	4.91766e-13
1.16840e+01	4.29549e-13
1.16977e+01	3.75140e-13
1.17115e+01	3.27470e-13
1.17252e+01	2.85588e-13
1.17390e+01	2.48691e-13
1.17527e+01	2.16159e-13
1.17665e+01	1.87513e-13
1.17802e+01	1.62360e-13
1.17940e+01	1.40311e-13
1.18077e+01	1.20994e-13
1.18215e+01	1.04083e-13
1.18352e+01	8.93041e-14
1.18490e+01	7.66076e-14
1.18628e+01	6.58741e-14
1.18765e+01	5.67938e-14
1.18903e+01	4.90378e-14
1.19040e+01	4.23698e-14
1.19178e+01	3.66211e-14
1.19315e+01	3.16546e-14
1.19453e+01	2.73576e-14
1.19590e+01	2.36361e-14
1.19728e+01	2.04115e-14
1.19865e+01	1.76172e-14
1.20003e+01	1.51960e-14
1.20140e+01	1.30985e-14
1.20278e+01	1.12821e-14
1.20416e+01	9.71017e-15
1.20553e+01	8.35052e-15
1.20691e+01	7.17516e-15
1.20828e+01	6.15968e-15
1.20966e+01	5.28281e-15
1.21103e+01	4.52613e-15
1.21241e+01	3.87367e-15
1.21378e+01	3.31164e-15
1.21516e+01	2.82799e-15
1.21653e+01	2.41222e-15
1.21791e+01	2.05514e-15
1.21928e+01	1.74874e-15
1.22066e+01	1.48607e-15
1.22204e+01	1.26120e-15
1.22341e+01	1.06895e-15
1.22479e+01	9.04844e-16
1.22616e+01	7.64981e-16
1.22754e+01	6.45963e-16
1.22891e+01	5.44837e-16
1.23029e+01	4.59038e-16
1.23166e+01	3.86358e-16
1.23304e+01	3.24850e-16
1.23441e+01	2.72850e-16
1.23579e+01	2.28931e-16
1.23717e+01	1.91875e-16
1.23854e+01	1.60640e-16
1.23992e+01	1.34335e-16
1.24129e+01	1.12206e-16
1.24267e+01	9.36125e-17
1.24404e+01	7.80086e-17
1.24542e+01	6.49303e-17
1.24679e+01	5.39826e-17
1.24817e+01	4.48301e-17
1.24954e+01	3.71879e-17
1.25092e+01	3.08146e-17
1.25229e+01	2.55061e-17
1.25367e+01	2.10900e-17
1.25505e+01	1.74211e-17
1.25642e+01	1.43751e-17
1.25780e+01	1.18515e-17
1.25917e+01	9.76351e-18
1.26055e+01	8.03761e-18
1.26192e+01	6.61245e-18
1.26330e+01	5.43671e-18
1.26467e+01	4.46746e-18
1.26605e+01	3.66906e-18
1.26742e+01	3.01191e-18
1.26880e+01	2.47147e-18
1.27017e+01	2.02738e-18
1.27155e+01	1.66264e-18
1.27293e+01	1.36324e-18
1.27430e+01	1.11759e-18
1.27568e+01	9.16102e-19
1.27705e+01	7.50914e-19
1.27843e+01	6.15546e-19
1.27980e+01	5.04672e-19
1.28118e+01	4.13908e-19
1.28255e+01	3.39599e-19
1.28393e+01	2.78751e-19
1.28530e+01	2.28911e-19
1.28668e+01	1.88026e-19
1.28805e+01	1.54429e-19
1.28943e+01	1.26769e-19
1.29081e+01	1.03983e-19
1.29218e+01	8.52516e-20
1.29356e+01	6.98957e-20
1.29493e+01	5.72757e-20
1.29631e+01	4.68554e-20
1.29768e+01	3.82156e-20
1.29906e+01	3.10529e-20
1.30043e+01	2.51154e-20
1.30181e+01	2.02122e-20
1.30318e+01	1.62331e-20
1.30456e+01	1.30617e-20
1.30593e+01	1.05733e-20
1.30731e+01	8.61183e-21
1.30869e+01	7.04603e-21
1.31006e+01	5.78572e-21
1.31144e+01	4.76120e-21
1.31281e+01	3.92032e-21
1.31419e+01	3.22471e-21
1.31556e+01	2.64852e-21
1.31694e+01	2.17252e-21
1.31831e+01	1.78124e-21
1.31969e+01	1.46181e-21
1.32106e+01	1.20260e-21
1.32244e+01	9.92183e-22
1.32381e+01	8.19824e-22
1.32519e+01	6.78350e-22
1.32657e+01	5.61836e-22
1.32794e+01	4.65719e-22
1.32932e+01	3.86251e-22
1.33069e+01	3.20393e-22
1.33207e+01	2.65726e-22
1.33344e+01	2.20283e-22
1.33482e+01	1.82479e-22
1.33619e+01	1.51007e-22
1.33757e+01	1.24806e-22
1.33894e+01	1.03008e-22
1.34032e+01	8.48922e-23
1.34169e+01	6.98527e-23
1.34307e+01	5.73819e-23
1.34445e+01	4.70642e-23
1.34582e+01	3.85471e-23
1.34720e+01	3.15429e-23
1.34857e+01	2.57952e-23
1.34995e+01	2.10787e-23
1.35132e+01	1.72064e-23
1.35270e+01	1.40276e-23
1.35407e+01	1.14204e-23
1.35545e+01	9.28371e-24
1.35682e+01	7.53374e-24
1.35820e+01	6.10131e-24
1.35957e+01	4.92924e-24
1.36095e+01	3.97036e-24
1.36233e+01	3.18562e-24
1.36370e+01	2.54284e-24
1.36508e+01	2.01557e-24
1.36645e+01	1.58200e-24
1.36783e+01	1.22419e-24
1.36920e+01	9.27347e-25
1.37058e+01	6.79266e-25
1.37195e+01	4.69875e-25
1.37333e+01	2.91057e-25
1.37470e+01	1.36636e-25
