# The ell = 0 distribution, the isotropy.
# E_N [Td]	2.00000e+00
# col_1: Electron Energy [eV], col_2: f0 [eV^(-3/2)]
eV	f0
6.51544e-03	1.31687e-01
1.95463e-02	1.31686e-01
3.25772e-02	1.31689e-01
4.56081e-02	1.31691e-01
5.86390e-02	1.31694e-01
7.16699e-02	1.31696e-01
8.47008e-02	1.31697e-01
9.77317e-02	1.31695e-01
1.10763e-01	1.31692e-01
1.23793e-01	1.31685e-01
1.36824e-01	1.31675e-01
1.49855e-01	1.31659e-01
1.62886e-01	1.31638e-01
1.75917e-01	1.31609e-01
1.88948e-01	1.31570e-01
2.01979e-01	1.31524e-01
2.15010e-01	1.31468e-01
2.28041e-01	1.31402e-01
2.41071e-01	1.31324e-01
2.54102e-01	1.31234e-01
2.67133e-01	1.31129e-01
2.80164e-01	1.31009e-01
2.93195e-01	1.30871e-01
3.06226e-01	1.30714e-01
3.19257e-01	1.30536e-01
3.32288e-01	1.30337e-01
3.45319e-01	1.30116e-01
3.58349e-01	1.29871e-01
3.71380e-01	1.29600e-01
3.84411e-01	1.29301e-01
3.97442e-01	1.28968e-01
4.10473e-01	1.28601e-01
4.23504e-01	1.28197e-01
4.36535e-01	1.27754e-01
4.49566e-01	1.27271e-01
4.62596e-01	1.26744e-01
4.75627e-01	1.26172e-01
4.88658e-01	1.25549e-01
5.01689e-01	1.24876e-01
5.14720e-01	1.24149e-01
5.27751e-01	1.23366e-01
5.40782e-01	1.22525e-01
5.53813e-01	1.21623e-01
5.66844e-01	1.20661e-01
5.79874e-01	1.19637e-01
5.92905e-01	1.18549e-01
6.05936e-01	1.17396e-01
6.18967e-01	1.16177e-01
6.31998e-01	1.14890e-01
6.45029e-01	1.13535e-01
6.58060e-01	1.12111e-01
6.71091e-01	1.10618e-01
6.84122e-01	1.09056e-01
6.97152e-01	1.07424e-01
7.10183e-01	1.05723e-01
7.23214e-01	1.03953e-01
7.36245e-01	1.02119e-01
7.49276e-01	1.00211e-01
7.62307e-01	9.82213e-02
7.75338e-01	9.61504e-02
7.88369e-01	9.40007e-02
8.01400e-01	9.17749e-02
8.14430e-01	8.94762e-02
8.27461e-01	8.71083e-02
8.40492e-01	8.46755e-02
8.53523e-01	8.21827e-02
8.66554e-01	7.96350e-02
8.79585e-01	7.70382e-02
8.92616e-01	7.43982e-02
9.05647e-01	7.17216e-02
9.18678e-01	6.90149e-02
9.31708e-01	6.62854e-02
9.44739e-01	6.35366e-02
9.57770e-01	6.07760e-02
9.70801e-01	5.80115e-02
9.83832e-01	5.52517e-02
9.96863e-01	5.25048e-02
1.00989e+00	4.97791e-02
1.02292e+00	4.70830e-02
1.03596e+00	4.44247e-02
1.04899e+00	4.18117e-02
1.06202e+00	3.92518e-02
1.07505e+00	3.67522e-02
1.08808e+00	3.43195e-02
1.10111e+00	3.19597e-02
1.11414e+00	2.96795e-02
1.12717e+00	2.74841e-02
1.14020e+00	2.53794e-02
1.15323e+00	2.33683e-02
1.16626e+00	2.14533e-02
1.17930e+00	1.96361e-02
1.19233e+00	1.79180e-02
1.20536e+00	1.62993e-02
1.21839e+00	1.47799e-02
1.23142e+00	1.33588e-02
1.24445e+00	1.20347e-02
1.25748e+00	1.08055e-02
1.27051e+00	9.66912e-03
1.28354e+00	8.62212e-03
1.29657e+00	7.66216e-03
1.30960e+00	6.78634e-03
1.32264e+00	5.99067e-03
1.33567e+00	5.27116e-03
1.34870e+00	4.62277e-03
1.36173e+00	4.04061e-03
1.37476e+00	3.51982e-03
1.38779e+00	3.05566e-03
1.40082e+00	2.64352e-03
1.41385e+00	2.27895e-03
1.42688e+00	1.95769e-03
1.43991e+00	1.67569e-03
1.45294e+00	1.42911e-03
1.46597e+00	1.21435e-03
1.47901e+00	1.02804e-03
1.49204e+00	8.67064e-04
1.50507e+00	7.28529e-04
1.51810e+00	6.09794e-04
1.53113e+00	5.08444e-04
1.54416e+00	4.22291e-04
1.55719e+00	3.49360e-04
1.57022e+00	2.87880e-04
1.58325e+00	2.36273e-04
1.59628e+00	1.93136e-04
1.60931e+00	1.57235e-04
1.62235e+00	1.27483e-04
1.63538e+00	1.02935e-04
1.64841e+00	8.27699e-05
1.66144e+00	6.62742e-05
1.67447e+00	5.28507e-05
1.68750e+00	4.19733e-05
1.70053e+00	3.31972e-05
1.71356e+00	2.61472e-05
1.72659e+00	2.05084e-05
1.73962e+00	1.60185e-05
1.75265e+00	1.24591e-05
1.76569e+00	9.64979e-06
1.77872e+00	7.44226e-06
1.79175e+00	5.71504e-06
1.80478e+00	4.37039e-06
1.81781e+00	3.32812e-06
1.83084e+00	2.52377e-06
1.84387e+00	1.90586e-06
1.85690e+00	1.43274e-06
1.86993e+00	1.07318e-06
1.88296e+00	8.01789e-07
1.89599e+00	5.97379e-07
1.90902e+00	4.43855e-07
1.92206e+00	3.28866e-07
1.93509e+00	2.42978e-07
1.94812e+00	1.79008e-07
1.96115e+00	1.31484e-07
1.97418e+00	9.62769e-08
1.98721e+00	7.03927e-08
2.00024e+00	5.13714e-08
2.01327e+00	3.74134e-08
2.02630e+00	2.71829e-08
2.03933e+00	1.96935e-08
2.05236e+00	1.42175e-08
2.06540e+00	1.02186e-08
2.07843e+00	7.30207e-09
2.09146e+00	5.17774e-09
2.10449e+00	3.63254e-09
2.11752e+00	2.51021e-09
2.13055e+00	1.69629e-09
2.14358e+00	1.10700e-09
2.15661e+00	6.81306e-10
2.16964e+00	3.98153e-10
2.18267e+00	2.30999e-10
2.19570e+00	1.30088e-10
2.20874e+00	7.19966e-11
2.22177e+00	4.01304e-11
2.23480e+00	2.21048e-11
2.24783e+00	1.19558e-11
2.26086e+00	6.31688e-12
2.27389e+00	3.24870e-12
2.28692e+00	1.62767e-12
2.29995e+00	7.97387e-13
2.31298e+00	3.81157e-13
2.32601e+00	1.77875e-13
2.33904e+00	8.12805e-14
2.35208e+00	3.66404e-14
2.36511e+00	1.63895e-14
2.37814e+00	7.32285e-15
2.39117e+00	3.29909e-15
2.40420e+00	1.47148e-15
2.41723e+00	6.27091e-16
2.43026e+00	2.71626e-16
2.44329e+00	1.23788e-16
2.45632e+00	5.64468e-17
2.46935e+00	2.63808e-17
2.48238e+00	1.22846e-17
2.49541e+00	5.55872e-18
2.50845e+00	2.45575e-18
2.52148e+00	1.06332e-18
2.53451e+00	4.51566e-19
2.54754e+00	1.88151e-19
2.56057e+00	7.68775e-20
2.57360e+00	3.07319e-20
2.58663e+00	1.19595e-20
2.59966e+00	4.52675e-21
2.61269e+00	1.66790e-21
2.62572e+00	5.98329e-22
2.63875e+00	2.09116e-22
2.65179e+00	7.11471e-23
2.66482e+00	2.35767e-23
2.67785e+00	7.61755e-24
2.69088e+00	2.40198e-24
2.70391e+00	7.39829e-25
2.71694e+00	2.22781e-25
2.72997e+00	6.56350e-26
2.74300e+00	1.89328e-26
2.75603e+00	5.35026e-27
2.76906e+00	1.48226e-27
2.78209e+00	4.03040e-28
2.79513e+00	1.07953e-28
2.80816e+00	2.85368e-29
2.82119e+00	7.44632e-30
2.83422e+00	1.91848e-30
2.84725e+00	4.88155e-31
2.86028e+00	1.22699e-31
2.87331e+00	3.04733e-32
2.88634e+00	7.47971e-33
2.89937e+00	1.81478e-33
2.91240e+00	4.35319e-34
2.92543e+00	1.03191e-34
2.93847e+00	2.39648e-35
2.95150e+00	5.44986e-36
2.96453e+00	1.21492e-36
2.97756e+00	2.66078e-37
2.99059e+00	5.73683e-38
3.00362e+00	1.21815e-38
3.01665e+00	2.54825e-39
3.02968e+00	5.25354e-40
3.04271e+00	1.06772e-40
3.05574e+00	2.13995e-41
3.06877e+00	4.22961e-42
3.08180e+00	8.24253e-43
3.09484e+00	1.58417e-43
3.10787e+00	3.00395e-44
3.12090e+00	5.62133e-45
3.13393e+00	1.03840e-45
3.14696e+00	1.89405e-46
3.15999e+00	3.41316e-47
3.17302e+00	6.08142e-48
3.18605e+00	1.07179e-48
3.19908e+00	1.86869e-49
3.21211e+00	3.22423e-50
3.22514e+00	5.50590e-51
3.23818e+00	9.30765e-52
3.25121e+00	1.55778e-52
3.26424e+00	2.58129e-53
3.27727e+00	4.23539e-54
3.29030e+00	6.88295e-55
3.30333e+00	1.10807e-55
3.31636e+00	1.76742e-56
3.32939e+00	2.79299e-57
3.34242e+00	4.37495e-58
3.35545e+00	6.79896e-59
3.36848e+00	1.04883e-59
3.38152e+00	1.60619e-60
3.39455e+00	2.44152e-61
3.40758e+00	3.68447e-62
3.42061e+00	5.52037e-63
3.43364e+00	8.21311e-64
3.44667e+00	1.21329e-64
3.45970e+00	1.77969e-65
3.47273e+00	2.59238e-66
3.48576e+00	3.75036e-67
3.49879e+00	5.38921e-68
3.51182e+00	7.69326e-69
3.52486e+00	1.09128e-69
3.53789e+00	1.53915e-70
3.55092e+00	2.15954e-71
3.56395e+00	3.01437e-72
3.57698e+00	4.18648e-73
3.59001e+00	5.78579e-74
3.60304e+00	7.95784e-75
3.61607e+00	1.08938e-75
3.62910e+00	1.48442e-76
3.64213e+00	2.01353e-77
3.65516e+00	2.71902e-78
3.66819e+00	3.65590e-79
3.68123e+00	4.89472e-80
3.69426e+00	6.52656e-81
3.70729e+00	8.66205e-82
3.72032e+00	1.14406e-82
3.73335e+00	1.50343e-83
3.74638e+00	1.96652e-84
3.75941e+00	2.56020e-85
3.77244e+00	3.31747e-86
3.78547e+00	4.27891e-87
3.79850e+00	5.49393e-88
3.81153e+00	7.02533e-89
3.82457e+00	8.95055e-90
3.83760e+00	1.13627e-90
3.85063e+00	1.43716e-91
3.86366e+00	1.81106e-92
3.87669e+00	2.27403e-93
3.88972e+00	2.84524e-94
3.90275e+00	3.54779e-95
3.91578e+00	4.40984e-96
3.92881e+00	5.46431e-97
3.94184e+00	6.75005e-98
3.95487e+00	8.31344e-99
3.96791e+00	1.02086e-99
3.98094e+00	1.24988e-100
3.99397e+00	1.52564e-101
4.00700e+00	1.85660e-102
4.02003e+00	2.25248e-103
4.03306e+00	2.72448e-104
4.04609e+00	3.28547e-105
4.05912e+00	3.95032e-106
4.07215e+00	4.73638e-107
4.08518e+00	5.66496e-108
4.09821e+00	6.76124e-109
4.11124e+00	8.05701e-110
4.12428e+00	9.58654e-111
4.13731e+00	1.13891e-111
4.15034e+00	1.35110e-112
4.16337e+00	1.60055e-113
4.17640e+00	1.89320e-114
4.18943e+00	2.23601e-115
4.20246e+00	2.63662e-116
4.21549e+00	3.10398e-117
4.22852e+00	3.64849e-118
4.24155e+00	4.28193e-119
4.25458e+00	5.01776e-120
4.26762e+00	5.87140e-121
4.28065e+00	6.86243e-122
4.29368e+00	8.01197e-123
4.30671e+00	9.34437e-124
4.31974e+00	1.08877e-124
4.33277e+00	1.26738e-125
4.34580e+00	1.47391e-126
4.35883e+00	1.71256e-127
4.37186e+00	1.98815e-128
4.38489e+00	2.30619e-129
4.39792e+00	2.67302e-130
4.41096e+00	3.09582e-131
4.42399e+00	3.58276e-132
4.43702e+00	4.14324e-133
4.45005e+00	4.78795e-134
4.46308e+00	5.52914e-135
4.47611e+00	6.38060e-136
4.48914e+00	7.35792e-137
4.50217e+00	8.47917e-138
4.51520e+00	9.76498e-139
4.52823e+00	1.12389e-139
4.54126e+00	1.29279e-140
4.55430e+00	1.48627e-141
4.56733e+00	1.70780e-142
4.58036e+00	1.96136e-143
4.59339e+00	2.25157e-144
4.60642e+00	2.58294e-145
4.61945e+00	2.96092e-146
4.63248e+00	3.39233e-147
4.64551e+00	3.88467e-148
4.65854e+00	4.44699e-149
4.67157e+00	5.09066e-150
4.68460e+00	5.82543e-151
4.69763e+00	6.66213e-152
4.71067e+00	7.61358e-153
4.72370e+00	8.69492e-154
4.73673e+00	9.92001e-155
4.74976e+00	1.13067e-155
4.76279e+00	1.28732e-156
4.77582e+00	1.46397e-157
4.78885e+00	1.66295e-158
4.80188e+00	1.88684e-159
4.81491e+00	2.13848e-160
4.82794e+00	2.42138e-161
4.84097e+00	2.74044e-162
4.85401e+00	3.10015e-163
4.86704e+00	3.50559e-164
4.88007e+00	3.96275e-165
4.89310e+00	4.47807e-166
4.90613e+00	5.05876e-167
4.91916e+00	5.71296e-168
4.93219e+00	6.44984e-169
4.94522e+00	7.27983e-170
4.95825e+00	8.21461e-171
4.97128e+00	9.26729e-172
4.98431e+00	1.04526e-172
4.99735e+00	1.17870e-173
5.01038e+00	1.32893e-174
5.02341e+00	1.49802e-175
5.03644e+00	1.68833e-176
5.04947e+00	1.90250e-177
5.06250e+00	2.14355e-178
5.07553e+00	2.41487e-179
5.08856e+00	2.72025e-180
5.10159e+00	3.06394e-181
5.11462e+00	3.45070e-182
5.12765e+00	3.88594e-183
5.14069e+00	4.37581e-184
5.15372e+00	4.92722e-185
5.16675e+00	5.54795e-186
5.17978e+00	6.24658e-187
5.19281e+00	7.03259e-188
5.20584e+00	7.91696e-189
5.21887e+00	8.91200e-190
5.23190e+00	1.00309e-190
5.24493e+00	1.12892e-191
5.25796e+00	1.27042e-192
5.27099e+00	1.42954e-193
5.28402e+00	1.60850e-194
5.29706e+00	1.80978e-195
5.31009e+00	2.03618e-196
5.32312e+00	2.29085e-197
5.33615e+00	2.57736e-198
5.34918e+00	2.89973e-199
5.36221e+00	3.26252e-200
5.37524e+00	3.67085e-201
5.38827e+00	4.13053e-202
5.40130e+00	4.64810e-203
5.41433e+00	5.23095e-204
5.42736e+00	5.88744e-205
5.44040e+00	6.62704e-206
5.45343e+00	7.46046e-207
5.46646e+00	8.39983e-208
5.47949e+00	9.45889e-209
5.49252e+00	1.06533e-209
5.50555e+00	1.19994e-210
5.51858e+00	1.35161e-211
5.53161e+00	1.52255e-212
5.54464e+00	1.71537e-213
5.55767e+00	1.93296e-214
5.57070e+00	2.17849e-215
5.58374e+00	2.45569e-216
5.59677e+00	2.76900e-217
5.60980e+00	3.12175e-218
5.62283e+00	3.51806e-219
5.63586e+00	3.96371e-220
5.64889e+00	4.46427e-221
5.66192e+00	5.02619e-222
5.67495e+00	5.65690e-223
5.68798e+00	6.36460e-224
5.70101e+00	7.15837e-225
5.71404e+00	8.04844e-226
5.72707e+00	9.04622e-227
5.74011e+00	1.01644e-227
5.75314e+00	1.14174e-228
5.76617e+00	1.28210e-229
5.77920e+00	1.43930e-230
5.79223e+00	1.61531e-231
5.80526e+00	1.81233e-232
5.81829e+00	2.03280e-233
5.83132e+00	2.27946e-234
5.84435e+00	2.55538e-235
5.85738e+00	2.86401e-236
5.87041e+00	3.20916e-237
5.88345e+00	3.59507e-238
5.89648e+00	4.02652e-239
5.90951e+00	4.50879e-240
5.92254e+00	5.04778e-241
5.93557e+00	5.65007e-242
5.94860e+00	6.32298e-243
5.96163e+00	7.07535e-244
5.97466e+00	7.91664e-245
5.98769e+00	8.85722e-246
6.00072e+00	9.90891e-247
6.01375e+00	1.10848e-247
6.02679e+00	1.23996e-248
6.03982e+00	1.38695e-249
6.05285e+00	1.55131e-250
6.06588e+00	1.73507e-251
6.07891e+00	1.94055e-252
6.09194e+00	2.17032e-253
6.10497e+00	2.42726e-254
6.11800e+00	2.71460e-255
6.13103e+00	3.03595e-256
6.14406e+00	3.39536e-257
6.15709e+00	3.79734e-258
6.17013e+00	4.24697e-259
6.18316e+00	4.74994e-260
6.19619e+00	5.31261e-261
6.20922e+00	5.94212e-262
6.22225e+00	6.64648e-263
6.23528e+00	7.43473e-264
6.24831e+00	8.31694e-265
6.26134e+00	9.30441e-266
6.27437e+00	1.04098e-266
6.28740e+00	1.16474e-267
6.30043e+00	1.30333e-268
6.31346e+00	1.45881e-269
6.32650e+00	1.63331e-270
6.33953e+00	1.82919e-271
6.35256e+00	2.04917e-272
6.36559e+00	2.29629e-273
6.37862e+00	2.57399e-274
6.39165e+00	2.88616e-275
6.40468e+00	3.23726e-276
6.41771e+00	3.63228e-277
6.43074e+00	4.07693e-278
6.44377e+00	4.57769e-279
6.45680e+00	5.14187e-280
6.46984e+00	5.77773e-281
6.48287e+00	6.49460e-282
6.49590e+00	7.30297e-283
6.50893e+00	8.21467e-284
6.52196e+00	9.24318e-285
6.53499e+00	1.04038e-285
6.54802e+00	1.17140e-286
6.56105e+00	1.31936e-287
6.57408e+00	1.48650e-288
6.58711e+00	1.67539e-289
6.60014e+00	1.88895e-290
6.61318e+00	2.13048e-291
6.62621e+00	2.40377e-292
6.63924e+00	2.71312e-293
6.65227e+00	3.06343e-294
6.66530e+00	3.46029e-295
6.67833e+00	3.91007e-296
6.69136e+00	4.42041e-297
6.70439e+00	5.00143e-298
6.71742e+00	5.66345e-299
6.73045e+00	6.41818e-300
6.74348e+00	7.27944e-301
6.75652e+00	8.26300e-302
6.76955e+00	9.38706e-303
6.78258e+00	1.06728e-303
6.79561e+00	1.21446e-304
6.80864e+00	1.38310e-305
6.82167e+00	1.57647e-306
6.83470e+00	1.79841e-307
6.84773e+00	2.05333e-308
6.86076e+00	2.34639e-309
6.87379e+00	2.68358e-310
6.88682e+00	3.07189e-311
6.89985e+00	3.51948e-312
6.91289e+00	4.03617e-313
6.92592e+00	4.63318e-314
6.93895e+00	5.32362e-315
6.95198e+00	6.12287e-316
6.96501e+00	7.04895e-317
6.97804e+00	8.12301e-318
6.99107e+00	9.36981e-319
7.00410e+00	1.08186e-319
7.01713e+00	1.25048e-320
7.03016e+00	1.44267e-321
7.04319e+00	1.63042e-322
7.05623e+00	1.97626e-323
7.06926e+00	0.00000e+00
7.08229e+00	0.00000e+00
7.09532e+00	0.00000e+00
7.10835e+00	0.00000e+00
7.12138e+00	0.00000e+00
7.13441e+00	0.00000e+00
7.14744e+00	0.00000e+00
7.16047e+00	0.00000e+00
7.17350e+00	0.00000e+00
7.18653e+00	0.00000e+00
7.19957e+00	0.00000e+00
7.21260e+00	0.00000e+00
7.22563e+00	0.00000e+00
7.23866e+00	0.00000e+00
7.25169e+00	0.00000e+00
7.26472e+00	0.00000e+00
7.27775e+00	0.00000e+00
7.29078e+00	0.00000e+00
7.30381e+00	0.00000e+00
7.31684e+00	0.00000e+00
7.32987e+00	0.00000e+00
7.34290e+00	0.00000e+00
7.35594e+00	0.00000e+00
7.36897e+00	0.00000e+00
7.38200e+00	0.00000e+00
7.39503e+00	0.00000e+00
7.40806e+00	0.00000e+00
7.42109e+00	0.00000e+00
7.43412e+00	0.00000e+00
7.44715e+00	0.00000e+00
7.46018e+00	0.00000e+00
7.47321e+00	0.00000e+00
7.48624e+00	0.00000e+00
7.49928e+00	0.00000e+00
7.51231e+00	0.00000e+00
7.52534e+00	0.00000e+00
7.53837e+00	0.00000e+00
7.55140e+00	0.00000e+00
7.56443e+00	0.00000e+00
7.57746e+00	0.00000e+00
7.59049e+00	0.00000e+00
7.60352e+00	0.00000e+00
7.61655e+00	0.00000e+00
7.62958e+00	0.00000e+00
7.64262e+00	0.00000e+00
7.65565e+00	0.00000e+00
7.66868e+00	0.00000e+00
7.68171e+00	0.00000e+00
7.69474e+00	0.00000e+00
7.70777e+00	0.00000e+00
7.72080e+00	0.00000e+00
7.73383e+00	0.00000e+00
7.74686e+00	0.00000e+00
7.75989e+00	0.00000e+00
7.77292e+00	0.00000e+00
7.78596e+00	0.00000e+00
7.79899e+00	0.00000e+00
7.81202e+00	0.00000e+00
7.82505e+00	0.00000e+00
7.83808e+00	0.00000e+00
7.85111e+00	0.00000e+00
7.86414e+00	0.00000e+00
7.87717e+00	0.00000e+00
7.89020e+00	0.00000e+00
7.90323e+00	0.00000e+00
7.91626e+00	0.00000e+00
7.92929e+00	0.00000e+00
7.94233e+00	0.00000e+00
7.95536e+00	0.00000e+00
7.96839e+00	0.00000e+00
7.98142e+00	0.00000e+00
7.99445e+00	0.00000e+00
8.00748e+00	0.00000e+00
8.02051e+00	0.00000e+00
8.03354e+00	0.00000e+00
8.04657e+00	0.00000e+00
8.05960e+00	0.00000e+00
8.07263e+00	0.00000e+00
8.08567e+00	0.00000e+00
8.09870e+00	0.00000e+00
8.11173e+00	0.00000e+00
8.12476e+00	0.00000e+00
8.13779e+00	0.00000e+00
8.15082e+00	0.00000e+00
8.16385e+00	0.00000e+00
8.17688e+00	0.00000e+00
8.18991e+00	0.00000e+00
8.20294e+00	0.00000e+00
8.21597e+00	0.00000e+00
8.22901e+00	0.00000e+00
8.24204e+00	0.00000e+00
8.25507e+00	0.00000e+00
8.26810e+00	0.00000e+00
8.28113e+00	0.00000e+00
8.29416e+00	0.00000e+00
8.30719e+00	0.00000e+00
8.32022e+00	0.00000e+00
8.33325e+00	0.00000e+00
8.34628e+00	0.00000e+00
8.35931e+00	0.00000e+00
8.37235e+00	0.00000e+00
8.38538e+00	0.00000e+00
8.39841e+00	0.00000e+00
8.41144e+00	0.00000e+00
8.42447e+00	0.00000e+00
8.43750e+00	0.00000e+00
8.45053e+00	0.00000e+00
8.46356e+00	0.00000e+00
8.47659e+00	0.00000e+00
8.48962e+00	0.00000e+00
8.50265e+00	0.00000e+00
8.51568e+00	0.00000e+00
8.52872e+00	0.00000e+00
8.54175e+00	0.00000e+00
8.55478e+00	0.00000e+00
8.56781e+00	0.00000e+00
8.58084e+00	0.00000e+00
8.59387e+00	0.00000e+00
8.60690e+00	0.00000e+00
8.61993e+00	0.00000e+00
8.63296e+00	0.00000e+00
8.64599e+00	0.00000e+00
8.65902e+00	0.00000e+00
8.67206e+00	0.00000e+00
8.68509e+00	0.00000e+00
8.69812e+00	0.00000e+00
8.71115e+00	0.00000e+00
8.72418e+00	0.00000e+00
8.73721e+00	0.00000e+00
8.75024e+00	0.00000e+00
8.76327e+00	0.00000e+00
8.77630e+00	0.00000e+00
8.78933e+00	0.00000e+00
8.80236e+00	0.00000e+00
8.81540e+00	0.00000e+00
8.82843e+00	0.00000e+00
8.84146e+00	0.00000e+00
8.85449e+00	0.00000e+00
8.86752e+00	0.00000e+00
8.88055e+00	0.00000e+00
8.89358e+00	0.00000e+00
8.90661e+00	0.00000e+00
8.91964e+00	0.00000e+00
8.93267e+00	0.00000e+00
8.94570e+00	0.00000e+00
8.95873e+00	0.00000e+00
8.97177e+00	0.00000e+00
8.98480e+00	0.00000e+00
8.99783e+00	0.00000e+00
9.01086e+00	0.00000e+00
9.02389e+00	0.00000e+00
9.03692e+00	0.00000e+00
9.04995e+00	0.00000e+00
9.06298e+00	0.00000e+00
9.07601e+00	0.00000e+00
9.08904e+00	0.00000e+00
9.10207e+00	0.00000e+00
9.11511e+00	0.00000e+00
9.12814e+00	0.00000e+00
9.14117e+00	0.00000e+00
9.15420e+00	0.00000e+00
9.16723e+00	0.00000e+00
9.18026e+00	0.00000e+00
9.19329e+00	0.00000e+00
9.20632e+00	0.00000e+00
9.21935e+00	0.00000e+00
9.23238e+00	0.00000e+00
9.24541e+00	0.00000e+00
9.25845e+00	0.00000e+00
9.27148e+00	0.00000e+00
9.28451e+00	0.00000e+00
9.29754e+00	0.00000e+00
9.31057e+00	0.00000e+00
9.32360e+00	0.00000e+00
9.33663e+00	0.00000e+00
9.34966e+00	0.00000e+00
9.36269e+00	0.00000e+00
9.37572e+00	0.00000e+00
9.38875e+00	0.00000e+00
9.40179e+00	0.00000e+00
9.41482e+00	0.00000e+00
9.42785e+00	0.00000e+00
9.44088e+00	0.00000e+00
9.45391e+00	0.00000e+00
9.46694e+00	0.00000e+00
9.47997e+00	0.00000e+00
9.49300e+00	0.00000e+00
9.50603e+00	0.00000e+00
9.51906e+00	0.00000e+00
9.53209e+00	0.00000e+00
9.54512e+00	0.00000e+00
9.55816e+00	0.00000e+00
9.57119e+00	0.00000e+00
9.58422e+00	0.00000e+00
9.59725e+00	0.00000e+00
9.61028e+00	0.00000e+00
9.62331e+00	0.00000e+00
9.63634e+00	0.00000e+00
9.64937e+00	0.00000e+00
9.66240e+00	0.00000e+00
9.67543e+00	0.00000e+00
9.68846e+00	0.00000e+00
9.70150e+00	0.00000e+00
9.71453e+00	0.00000e+00
9.72756e+00	0.00000e+00
9.74059e+00	0.00000e+00
9.75362e+00	0.00000e+00
9.76665e+00	0.00000e+00
9.77968e+00	0.00000e+00
9.79271e+00	0.00000e+00
9.80574e+00	0.00000e+00
9.81877e+00	0.00000e+00
9.83180e+00	0.00000e+00
9.84484e+00	0.00000e+00
9.85787e+00	0.00000e+00
9.87090e+00	0.00000e+00
9.88393e+00	0.00000e+00
9.89696e+00	0.00000e+00
9.90999e+00	0.00000e+00
9.92302e+00	0.00000e+00
9.93605e+00	0.00000e+00
9.94908e+00	0.00000e+00
9.96211e+00	0.00000e+00
9.97514e+00	0.00000e+00
9.98818e+00	0.00000e+00
1.00012e+01	0.00000e+00
1.00142e+01	0.00000e+00
1.00273e+01	0.00000e+00
1.00403e+01	0.00000e+00
1.00533e+01	0.00000e+00
1.00664e+01	0.00000e+00
1.00794e+01	0.00000e+00
1.00924e+01	0.00000e+00
1.01055e+01	0.00000e+00
1.01185e+01	0.00000e+00
1.01315e+01	0.00000e+00
1.01445e+01	0.00000e+00
1.01576e+01	0.00000e+00
1.01706e+01	0.00000e+00
1.01836e+01	0.00000e+00
1.01967e+01	0.00000e+00
1.02097e+01	0.00000e+00
1.02227e+01	0.00000e+00
1.02358e+01	0.00000e+00
1.02488e+01	0.00000e+00
1.02618e+01	0.00000e+00
1.02749e+01	0.00000e+00
1.02879e+01	0.00000e+00
1.03009e+01	0.00000e+00
1.03139e+01	0.00000e+00
1.03270e+01	0.00000e+00
1.03400e+01	0.00000e+00
1.03530e+01	0.00000e+00
1.03661e+01	0.00000e+00
1.03791e+01	0.00000e+00
1.03921e+01	0.00000e+00
1.04052e+01	0.00000e+00
1.04182e+01	0.00000e+00
1.04312e+01	0.00000e+00
1.04443e+01	0.00000e+00
1.04573e+01	0.00000e+00
1.04703e+01	0.00000e+00
1.04833e+01	0.00000e+00
1.04964e+01	0.00000e+00
1.05094e+01	0.00000e+00
1.05224e+01	0.00000e+00
1.05355e+01	0.00000e+00
1.05485e+01	0.00000e+00
1.05615e+01	0.00000e+00
1.05746e+01	0.00000e+00
1.05876e+01	0.00000e+00
1.06006e+01	0.00000e+00
1.06137e+01	0.00000e+00
1.06267e+01	0.00000e+00
1.06397e+01	0.00000e+00
1.06528e+01	0.00000e+00
1.06658e+01	0.00000e+00
1.06788e+01	0.00000e+00
1.06918e+01	0.00000e+00
1.07049e+01	0.00000e+00
1.07179e+01	0.00000e+00
1.07309e+01	0.00000e+00
1.07440e+01	0.00000e+00
1.07570e+01	0.00000e+00
1.07700e+01	0.00000e+00
1.07831e+01	0.00000e+00
1.07961e+01	0.00000e+00
1.08091e+01	0.00000e+00
1.08222e+01	0.00000e+00
1.08352e+01	0.00000e+00
1.08482e+01	0.00000e+00
1.08612e+01	0.00000e+00
1.08743e+01	0.00000e+00
1.08873e+01	0.00000e+00
1.09003e+01	0.00000e+00
1.09134e+01	0.00000e+00
1.09264e+01	0.00000e+00
1.09394e+01	0.00000e+00
1.09525e+01	0.00000e+00
1.09655e+01	0.00000e+00
1.09785e+01	0.00000e+00
1.09916e+01	0.00000e+00
1.10046e+01	0.00000e+00
1.10176e+01	0.00000e+00
1.10306e+01	0.00000e+00
1.10437e+01	0.00000e+00
1.10567e+01	0.00000e+00
1.10697e+01	0.00000e+00
1.10828e+01	0.00000e+00
1.10958e+01	0.00000e+00
1.11088e+01	0.00000e+00
1.11219e+01	0.00000e+00
1.11349e+01	0.00000e+00
1.11479e+01	0.00000e+00
1.11610e+01	0.00000e+00
1.11740e+01	0.00000e+00
1.11870e+01	0.00000e+00
1.12000e+01	0.00000e+00
1.12131e+01	0.00000e+00
1.12261e+01	0.00000e+00
1.12391e+01	0.00000e+00
1.12522e+01	0.00000e+00
1.12652e+01	0.00000e+00
1.12782e+01	0.00000e+00
1.12913e+01	0.00000e+00
1.13043e+01	0.00000e+00
1.13173e+01	0.00000e+00
1.13304e+01	0.00000e+00
1.13434e+01	0.00000e+00
1.13564e+01	0.00000e+00
1.13694e+01	0.00000e+00
1.13825e+01	0.00000e+00
1.13955e+01	0.00000e+00
1.14085e+01	0.00000e+00
1.14216e+01	0.00000e+00
1.14346e+01	0.00000e+00
1.14476e+01	0.00000e+00
1.14607e+01	0.00000e+00
1.14737e+01	0.00000e+00
1.14867e+01	0.00000e+00
1.14998e+01	0.00000e+00
1.15128e+01	0.00000e+00
1.15258e+01	0.00000e+00
1.15389e+01	0.00000e+00
1.15519e+01	0.00000e+00
1.15649e+01	0.00000e+00
1.15779e+01	0.00000e+00
1.15910e+01	0.00000e+00
1.16040e+01	0.00000e+00
1.16170e+01	0.00000e+00
1.16301e+01	0.00000e+00
1.16431e+01	0.00000e+00
1.16561e+01	0.00000e+00
1.16692e+01	0.00000e+00
1.16822e+01	0.00000e+00
1.16952e+01	0.00000e+00
1.17083e+01	0.00000e+00
1.17213e+01	0.00000e+00
1.17343e+01	0.00000e+00
1.17473e+01	0.00000e+00
1.17604e+01	0.00000e+00
1.17734e+01	0.00000e+00
1.17864e+01	0.00000e+00
1.17995e+01	0.00000e+00
1.18125e+01	0.00000e+00
1.18255e+01	0.00000e+00
1.18386e+01	0.00000e+00
1.18516e+01	0.00000e+00
1.18646e+01	0.00000e+00
1.18777e+01	0.00000e+00
1.18907e+01	0.00000e+00
1.19037e+01	0.00000e+00
1.19167e+01	0.00000e+00
1.19298e+01	0.00000e+00
1.19428e+01	0.00000e+00
1.19558e+01	0.00000e+00
1.19689e+01	0.00000e+00
1.19819e+01	0.00000e+00
1.19949e+01	0.00000e+00
1.20080e+01	0.00000e+00
1.20210e+01	0.00000e+00
1.20340e+01	0.00000e+00
1.20471e+01	0.00000e+00
1.20601e+01	0.00000e+00
1.20731e+01	0.00000e+00
1.20861e+01	0.00000e+00
1.20992e+01	0.00000e+00
1.21122e+01	0.00000e+00
1.21252e+01	0.00000e+00
1.21383e+01	0.00000e+00
1.21513e+01	0.00000e+00
1.21643e+01	0.00000e+00
1.21774e+01	0.00000e+00
1.21904e+01	0.00000e+00
1.22034e+01	0.00000e+00
1.22165e+01	0.00000e+00
1.22295e+01	0.00000e+00
1.22425e+01	0.00000e+00
1.22555e+01	0.00000e+00
1.22686e+01	0.00000e+00
1.22816e+01	0.00000e+00
1.22946e+01	0.00000e+00
1.23077e+01	0.00000e+00
1.23207e+01	0.00000e+00
1.23337e+01	0.00000e+00
1.23468e+01	0.00000e+00
1.23598e+01	0.00000e+00
1.23728e+01	0.00000e+00
1.23859e+01	0.00000e+00
1.23989e+01	0.00000e+00
1.24119e+01	0.00000e+00
1.24250e+01	0.00000e+00
1.24380e+01	0.00000e+00
1.24510e+01	0.00000e+00
1.24640e+01	0.00000e+00
1.24771e+01	0.00000e+00
1.24901e+01	0.00000e+00
1.25031e+01	0.00000e+00
1.25162e+01	0.00000e+00
1.25292e+01	0.00000e+00
1.25422e+01	0.00000e+00
1.25553e+01	0.00000e+00
1.25683e+01	0.00000e+00
1.25813e+01	0.00000e+00
1.25944e+01	0.00000e+00
1.26074e+01	0.00000e+00
1.26204e+01	0.00000e+00
1.26334e+01	0.00000e+00
1.26465e+01	0.00000e+00
1.26595e+01	0.00000e+00
1.26725e+01	0.00000e+00
1.26856e+01	0.00000e+00
1.26986e+01	0.00000e+00
1.27116e+01	0.00000e+00
1.27247e+01	0.00000e+00
1.27377e+01	0.00000e+00
1.27507e+01	0.00000e+00
1.27638e+01	0.00000e+00
1.27768e+01	0.00000e+00
1.27898e+01	0.00000e+00
1.28028e+01	0.00000e+00
1.28159e+01	0.00000e+00
1.28289e+01	0.00000e+00
1.28419e+01	0.00000e+00
1.28550e+01	0.00000e+00
1.28680e+01	0.00000e+00
1.28810e+01	0.00000e+00
1.28941e+01	0.00000e+00
1.29071e+01	0.00000e+00
1.29201e+01	0.00000e+00
1.29332e+01	0.00000e+00
1.29462e+01	0.00000e+00
1.29592e+01	0.00000e+00
1.29722e+01	0.00000e+00
1.29853e+01	0.00000e+00
1.29983e+01	0.00000e+00
1.30113e+01	0.00000e+00
1.30244e+01	0.00000e+00
