# The ell = 0 distribution, the isotropy.
# E_N [Td]	3.00000e+00
# col_1: Electron Energy [eV], col_2: f0 [eV^(-3/2)]
eV	f0
8.20077e-03	9.95098e-02
2.46023e-02	9.95087e-02
4.10038e-02	9.95075e-02
5.74054e-02	9.95065e-02
7.38069e-02	9.95058e-02
9.02085e-02	9.95052e-02
1.06610e-01	9.95048e-02
1.23012e-01	9.95046e-02
1.39413e-01	9.95044e-02
1.55815e-01	9.95043e-02
1.72216e-01	9.95043e-02
1.88618e-01	9.95043e-02
2.05019e-01	9.95043e-02
2.21421e-01	9.95044e-02
2.37822e-01	9.95045e-02
2.54224e-01	9.95046e-02
2.70625e-01	9.95048e-02
2.87027e-01	9.95049e-02
3.03428e-01	9.95051e-02
3.19830e-01	9.95052e-02
3.36232e-01	9.95054e-02
3.52633e-01	9.95055e-02
3.69035e-01	9.95057e-02
3.85436e-01	9.95059e-02
4.01838e-01	9.95060e-02
4.18239e-01	9.95061e-02
4.34641e-01	9.95062e-02
4.51042e-01	9.95063e-02
4.67444e-01	9.95064e-02
4.83845e-01	9.95064e-02
5.00247e-01	9.95064e-02
5.16648e-01	9.95064e-02
5.33050e-01	9.95063e-02
5.49451e-01	9.95061e-02
5.65853e-01	9.95060e-02
5.82255e-01	9.95057e-02
5.98656e-01	9.95054e-02
6.15058e-01	9.95051e-02
6.31459e-01	9.95047e-02
6.47861e-01	9.95042e-02
6.64262e-01	9.95037e-02
6.80664e-01	9.95030e-02
6.97065e-01	9.95024e-02
7.13467e-01	9.95016e-02
7.29868e-01	9.95008e-02
7.46270e-01	9.94998e-02
7.62671e-01	9.94988e-02
7.79073e-01	9.94977e-02
7.95475e-01	9.94965e-02
8.11876e-01	9.94952e-02
8.28278e-01	9.94937e-02
8.44679e-01	9.94922e-02
8.61081e-01	9.94905e-02
8.77482e-01	9.94888e-02
8.93884e-01	9.94868e-02
9.10285e-01	9.94848e-02
9.26687e-01	9.94826e-02
9.43088e-01	9.94802e-02
9.59490e-01	9.94777e-02
9.75891e-01	9.94750e-02
9.92293e-01	9.94720e-02
1.00869e+00	9.94690e-02
1.02510e+00	9.94658e-02
1.04150e+00	9.94624e-02
1.05790e+00	9.94589e-02
1.07430e+00	9.94553e-02
1.09070e+00	9.94515e-02
1.10710e+00	9.94476e-02
1.12351e+00	9.94434e-02
1.13991e+00	9.94392e-02
1.15631e+00	9.94347e-02
1.17271e+00	9.94300e-02
1.18911e+00	9.94252e-02
1.20551e+00	9.94201e-02
1.22191e+00	9.94149e-02
1.23832e+00	9.94094e-02
1.25472e+00	9.94038e-02
1.27112e+00	9.93979e-02
1.28752e+00	9.93918e-02
1.30392e+00	9.93855e-02
1.32032e+00	9.93790e-02
1.33673e+00	9.93722e-02
1.35313e+00	9.93652e-02
1.36953e+00	9.93580e-02
1.38593e+00	9.93505e-02
1.40233e+00	9.93428e-02
1.41873e+00	9.93347e-02
1.43513e+00	9.93265e-02
1.45154e+00	9.93179e-02
1.46794e+00	9.93091e-02
1.48434e+00	9.93000e-02
1.50074e+00	9.92906e-02
1.51714e+00	9.92809e-02
1.53354e+00	9.92708e-02
1.54995e+00	9.92605e-02
1.56635e+00	9.92498e-02
1.58275e+00	9.92387e-02
1.59915e+00	9.92273e-02
1.61555e+00	9.92155e-02
1.63195e+00	9.92034e-02
1.64835e+00	9.91909e-02
1.66476e+00	9.91780e-02
1.68116e+00	9.91647e-02
1.69756e+00	9.91511e-02
1.71396e+00	9.91370e-02
1.73036e+00	9.91226e-02
1.74676e+00	9.91078e-02
1.76317e+00	9.90926e-02
1.77957e+00	9.90770e-02
1.79597e+00	9.90611e-02
1.81237e+00	9.90447e-02
1.82877e+00	9.90279e-02
1.84517e+00	9.90107e-02
1.86157e+00	9.89931e-02
1.87798e+00	9.89750e-02
1.89438e+00	9.89565e-02
1.91078e+00	9.89375e-02
1.92718e+00	9.89181e-02
1.94358e+00	9.88982e-02
1.95998e+00	9.88779e-02
1.97639e+00	9.88571e-02
1.99279e+00	9.88358e-02
2.00919e+00	9.88140e-02
2.02559e+00	9.87917e-02
2.04199e+00	9.87687e-02
2.05839e+00	9.87452e-02
2.07479e+00	9.87211e-02
2.09120e+00	9.86964e-02
2.10760e+00	9.86710e-02
2.12400e+00	9.86451e-02
2.14040e+00	9.86185e-02
2.15680e+00	9.85913e-02
2.17320e+00	9.85634e-02
2.18961e+00	9.85349e-02
2.20601e+00	9.85057e-02
2.22241e+00	9.84758e-02
2.23881e+00	9.84453e-02
2.25521e+00	9.84140e-02
2.27161e+00	9.83821e-02
2.28801e+00	9.83494e-02
2.30442e+00	9.83160e-02
2.32082e+00	9.82818e-02
2.33722e+00	9.82470e-02
2.35362e+00	9.82113e-02
2.37002e+00	9.81749e-02
2.38642e+00	9.81377e-02
2.40283e+00	9.80997e-02
2.41923e+00	9.80609e-02
2.43563e+00	9.80213e-02
2.45203e+00	9.79809e-02
2.46843e+00	9.79397e-02
2.48483e+00	9.78976e-02
2.50123e+00	9.78546e-02
2.51764e+00	9.78108e-02
2.53404e+00	9.77661e-02
2.55044e+00	9.77204e-02
2.56684e+00	9.76738e-02
2.58324e+00	9.76263e-02
2.59964e+00	9.75777e-02
2.61605e+00	9.75283e-02
2.63245e+00	9.74778e-02
2.64885e+00	9.74263e-02
2.66525e+00	9.73739e-02
2.68165e+00	9.73204e-02
2.69805e+00	9.72659e-02
2.71445e+00	9.72104e-02
2.73086e+00	9.71538e-02
2.74726e+00	9.70961e-02
2.76366e+00	9.70374e-02
2.78006e+00	9.69776e-02
2.79646e+00	9.69166e-02
2.81286e+00	9.68546e-02
2.82927e+00	9.67914e-02
2.84567e+00	9.67271e-02
2.86207e+00	9.66616e-02
2.87847e+00	9.65950e-02
2.89487e+00	9.65272e-02
2.91127e+00	9.64582e-02
2.92767e+00	9.63880e-02
2.94408e+00	9.63166e-02
2.96048e+00	9.62440e-02
2.97688e+00	9.61701e-02
2.99328e+00	9.60950e-02
3.00968e+00	9.60187e-02
3.02608e+00	9.59411e-02
3.04249e+00	9.58622e-02
3.05889e+00	9.57821e-02
3.07529e+00	9.57006e-02
3.09169e+00	9.56179e-02
3.10809e+00	9.55339e-02
3.12449e+00	9.54485e-02
3.14089e+00	9.53619e-02
3.15730e+00	9.52738e-02
3.17370e+00	9.51845e-02
3.19010e+00	9.50937e-02
3.20650e+00	9.50016e-02
3.22290e+00	9.49081e-02
3.23930e+00	9.48132e-02
3.25571e+00	9.47169e-02
3.27211e+00	9.46192e-02
3.28851e+00	9.45200e-02
3.30491e+00	9.44194e-02
3.32131e+00	9.43173e-02
3.33771e+00	9.42138e-02
3.35411e+00	9.41088e-02
3.37052e+00	9.40023e-02
3.38692e+00	9.38943e-02
3.40332e+00	9.37847e-02
3.41972e+00	9.36737e-02
3.43612e+00	9.35611e-02
3.45252e+00	9.34470e-02
3.46893e+00	9.33313e-02
3.48533e+00	9.32141e-02
3.50173e+00	9.30953e-02
3.51813e+00	9.29749e-02
3.53453e+00	9.28530e-02
3.55093e+00	9.27294e-02
3.56733e+00	9.26042e-02
3.58374e+00	9.24774e-02
3.60014e+00	9.23489e-02
3.61654e+00	9.22188e-02
3.63294e+00	9.20870e-02
3.64934e+00	9.19536e-02
3.66574e+00	9.18185e-02
3.68214e+00	9.16817e-02
3.69855e+00	9.15433e-02
3.71495e+00	9.14031e-02
3.73135e+00	9.12612e-02
3.74775e+00	9.11176e-02
3.76415e+00	9.09723e-02
3.78055e+00	9.08252e-02
3.79696e+00	9.06764e-02
3.81336e+00	9.05259e-02
3.82976e+00	9.03736e-02
3.84616e+00	9.02195e-02
3.86256e+00	9.00636e-02
3.87896e+00	8.99060e-02
3.89536e+00	8.97466e-02
3.91177e+00	8.95854e-02
3.92817e+00	8.94223e-02
3.94457e+00	8.92575e-02
3.96097e+00	8.90907e-02
3.97737e+00	8.89226e-02
3.99377e+00	8.87524e-02
4.01018e+00	8.85798e-02
4.02658e+00	8.84050e-02
4.04298e+00	8.82280e-02
4.05938e+00	8.80489e-02
4.07578e+00	8.78677e-02
4.09218e+00	8.76841e-02
4.10858e+00	8.74982e-02
4.12499e+00	8.73099e-02
4.14139e+00	8.71194e-02
4.15779e+00	8.69266e-02
4.17419e+00	8.67314e-02
4.19059e+00	8.65339e-02
4.20699e+00	8.63340e-02
4.22340e+00	8.61318e-02
4.23980e+00	8.59273e-02
4.25620e+00	8.57203e-02
4.27260e+00	8.55110e-02
4.28900e+00	8.52994e-02
4.30540e+00	8.50853e-02
4.32180e+00	8.48688e-02
4.33821e+00	8.46500e-02
4.35461e+00	8.44288e-02
4.37101e+00	8.42051e-02
4.38741e+00	8.39790e-02
4.40381e+00	8.37506e-02
4.42021e+00	8.35197e-02
4.43662e+00	8.32864e-02
4.45302e+00	8.30507e-02
4.46942e+00	8.28125e-02
4.48582e+00	8.25719e-02
4.50222e+00	8.23289e-02
4.51862e+00	8.20835e-02
4.53502e+00	8.18357e-02
4.55143e+00	8.15854e-02
4.56783e+00	8.13327e-02
4.58423e+00	8.10776e-02
4.60063e+00	8.08200e-02
4.61703e+00	8.05600e-02
4.63343e+00	8.02976e-02
4.64984e+00	8.00328e-02
4.66624e+00	7.97656e-02
4.68264e+00	7.94960e-02
4.69904e+00	7.92239e-02
4.71544e+00	7.89495e-02
4.73184e+00	7.86727e-02
4.74824e+00	7.83934e-02
4.76465e+00	7.81118e-02
4.78105e+00	7.78278e-02
4.79745e+00	7.75414e-02
4.81385e+00	7.72527e-02
4.83025e+00	7.69616e-02
4.84665e+00	7.66681e-02
4.86306e+00	7.63723e-02
4.87946e+00	7.60742e-02
4.89586e+00	7.57737e-02
4.91226e+00	7.54709e-02
4.92866e+00	7.51659e-02
4.94506e+00	7.48585e-02
4.96146e+00	7.45488e-02
4.97787e+00	7.42368e-02
4.99427e+00	7.39225e-02
5.01067e+00	7.36058e-02
5.02707e+00	7.32872e-02
5.04347e+00	7.29660e-02
5.05987e+00	7.26425e-02
5.07628e+00	7.23167e-02
5.09268e+00	7.19886e-02
5.10908e+00	7.16582e-02
5.12548e+00	7.13255e-02
5.14188e+00	7.09906e-02
5.15828e+00	7.06534e-02
5.17468e+00	7.03141e-02
5.19109e+00	6.99725e-02
5.20749e+00	6.96288e-02
5.22389e+00	6.92829e-02
5.24029e+00	6.89348e-02
5.25669e+00	6.85847e-02
5.27309e+00	6.82325e-02
5.28950e+00	6.78782e-02
5.30590e+00	6.75218e-02
5.32230e+00	6.71635e-02
5.33870e+00	6.68031e-02
5.35510e+00	6.64408e-02
5.37150e+00	6.60766e-02
5.38790e+00	6.57104e-02
5.40431e+00	6.53423e-02
5.42071e+00	6.49724e-02
5.43711e+00	6.46007e-02
5.45351e+00	6.42271e-02
5.46991e+00	6.38518e-02
5.48631e+00	6.34747e-02
5.50272e+00	6.30959e-02
5.51912e+00	6.27154e-02
5.53552e+00	6.23333e-02
5.55192e+00	6.19495e-02
5.56832e+00	6.15642e-02
5.58472e+00	6.11773e-02
5.60112e+00	6.07888e-02
5.61753e+00	6.03989e-02
5.63393e+00	6.00076e-02
5.65033e+00	5.96148e-02
5.66673e+00	5.92206e-02
5.68313e+00	5.88251e-02
5.69953e+00	5.84282e-02
5.71594e+00	5.80301e-02
5.73234e+00	5.76308e-02
5.74874e+00	5.72303e-02
5.76514e+00	5.68286e-02
5.78154e+00	5.64258e-02
5.79794e+00	5.60219e-02
5.81434e+00	5.56169e-02
5.83075e+00	5.52110e-02
5.84715e+00	5.48041e-02
5.86355e+00	5.43963e-02
5.87995e+00	5.39876e-02
5.89635e+00	5.35780e-02
5.91275e+00	5.31676e-02
5.92916e+00	5.27565e-02
5.94556e+00	5.23448e-02
5.96196e+00	5.19324e-02
5.97836e+00	5.15194e-02
5.99476e+00	5.11059e-02
6.01116e+00	5.06920e-02
6.02756e+00	5.02775e-02
6.04397e+00	4.98625e-02
6.06037e+00	4.94474e-02
6.07677e+00	4.90321e-02
6.09317e+00	4.86165e-02
6.10957e+00	4.82008e-02
6.12597e+00	4.77850e-02
6.14238e+00	4.73692e-02
6.15878e+00	4.69533e-02
6.17518e+00	4.65375e-02
6.19158e+00	4.61218e-02
6.20798e+00	4.57061e-02
6.22438e+00	4.52907e-02
6.24078e+00	4.48754e-02
6.25719e+00	4.44604e-02
6.27359e+00	4.40457e-02
6.28999e+00	4.36313e-02
6.30639e+00	4.32173e-02
6.32279e+00	4.28037e-02
6.33919e+00	4.23906e-02
6.35560e+00	4.19780e-02
6.37200e+00	4.15660e-02
6.38840e+00	4.11546e-02
6.40480e+00	4.07439e-02
6.42120e+00	4.03338e-02
6.43760e+00	3.99245e-02
6.45400e+00	3.95160e-02
6.47041e+00	3.91083e-02
6.48681e+00	3.87014e-02
6.50321e+00	3.82955e-02
6.51961e+00	3.78905e-02
6.53601e+00	3.74866e-02
6.55241e+00	3.70837e-02
6.56882e+00	3.66818e-02
6.58522e+00	3.62811e-02
6.60162e+00	3.58816e-02
6.61802e+00	3.54832e-02
6.63442e+00	3.50861e-02
6.65082e+00	3.46903e-02
6.66722e+00	3.42959e-02
6.68363e+00	3.39028e-02
6.70003e+00	3.35111e-02
6.71643e+00	3.31208e-02
6.73283e+00	3.27321e-02
6.74923e+00	3.23449e-02
6.76563e+00	3.19593e-02
6.78204e+00	3.15753e-02
6.79844e+00	3.11929e-02
6.81484e+00	3.08122e-02
6.83124e+00	3.04333e-02
6.84764e+00	3.00561e-02
6.86404e+00	2.96807e-02
6.88044e+00	2.93072e-02
6.89685e+00	2.89355e-02
6.91325e+00	2.85658e-02
6.92965e+00	2.81980e-02
6.94605e+00	2.78319e-02
6.96245e+00	2.74683e-02
6.97885e+00	2.71068e-02
6.99526e+00	2.67476e-02
7.01166e+00	2.63906e-02
7.02806e+00	2.60359e-02
7.04446e+00	2.56836e-02
7.06086e+00	2.53336e-02
7.07726e+00	2.49858e-02
7.09366e+00	2.46405e-02
7.11007e+00	2.42979e-02
7.12647e+00	2.39577e-02
7.14287e+00	2.36201e-02
7.15927e+00	2.32851e-02
7.17567e+00	2.29527e-02
7.19207e+00	2.26229e-02
7.20848e+00	2.22958e-02
7.22488e+00	2.19712e-02
7.24128e+00	2.16494e-02
7.25768e+00	2.13302e-02
7.27408e+00	2.10137e-02
7.29048e+00	2.06999e-02
7.30688e+00	2.03888e-02
7.32329e+00	2.00804e-02
7.33969e+00	1.97748e-02
7.35609e+00	1.94719e-02
7.37249e+00	1.91718e-02
7.38889e+00	1.88744e-02
7.40529e+00	1.85798e-02
7.42170e+00	1.82879e-02
7.43810e+00	1.79989e-02
7.45450e+00	1.77126e-02
7.47090e+00	1.74291e-02
7.48730e+00	1.71484e-02
7.50370e+00	1.68706e-02
7.52010e+00	1.65955e-02
7.53651e+00	1.63233e-02
7.55291e+00	1.60538e-02
7.56931e+00	1.57872e-02
7.58571e+00	1.55234e-02
7.60211e+00	1.52624e-02
7.61851e+00	1.50043e-02
7.63492e+00	1.47489e-02
7.65132e+00	1.44964e-02
7.66772e+00	1.42467e-02
7.68412e+00	1.39998e-02
7.70052e+00	1.37558e-02
7.71692e+00	1.35145e-02
7.73332e+00	1.32761e-02
7.74973e+00	1.30404e-02
7.76613e+00	1.28076e-02
7.78253e+00	1.25775e-02
7.79893e+00	1.23502e-02
7.81533e+00	1.21257e-02
7.83173e+00	1.19040e-02
7.84814e+00	1.16851e-02
7.86454e+00	1.14689e-02
7.88094e+00	1.12554e-02
7.89734e+00	1.10447e-02
7.91374e+00	1.08368e-02
7.93014e+00	1.06315e-02
7.94654e+00	1.04290e-02
7.96295e+00	1.02292e-02
7.97935e+00	1.00320e-02
7.99575e+00	9.83759e-03
8.01215e+00	9.64581e-03
8.02855e+00	9.45668e-03
8.04495e+00	9.27019e-03
8.06136e+00	9.08632e-03
8.07776e+00	8.90508e-03
8.09416e+00	8.72643e-03
8.11056e+00	8.55037e-03
8.12696e+00	8.37688e-03
8.14336e+00	8.20595e-03
8.15976e+00	8.03756e-03
8.17617e+00	7.87169e-03
8.19257e+00	7.70832e-03
8.20897e+00	7.54745e-03
8.22537e+00	7.38905e-03
8.24177e+00	7.23311e-03
8.25817e+00	7.07961e-03
8.27458e+00	6.92852e-03
8.29098e+00	6.77984e-03
8.30738e+00	6.63354e-03
8.32378e+00	6.48961e-03
8.34018e+00	6.34802e-03
8.35658e+00	6.20875e-03
8.37298e+00	6.07179e-03
8.38939e+00	5.93712e-03
8.40579e+00	5.80471e-03
8.42219e+00	5.67455e-03
8.43859e+00	5.54661e-03
8.45499e+00	5.42087e-03
8.47139e+00	5.29732e-03
8.48780e+00	5.17593e-03
8.50420e+00	5.05668e-03
8.52060e+00	4.93955e-03
8.53700e+00	4.82451e-03
8.55340e+00	4.71155e-03
8.56980e+00	4.60064e-03
8.58620e+00	4.49177e-03
8.60261e+00	4.38490e-03
8.61901e+00	4.28002e-03
8.63541e+00	4.17710e-03
8.65181e+00	4.07613e-03
8.66821e+00	3.97707e-03
8.68461e+00	3.87991e-03
8.70102e+00	3.78463e-03
8.71742e+00	3.69119e-03
8.73382e+00	3.59958e-03
8.75022e+00	3.50978e-03
8.76662e+00	3.42176e-03
8.78302e+00	3.33550e-03
8.79942e+00	3.25098e-03
8.81583e+00	3.16817e-03
8.83223e+00	3.08705e-03
8.84863e+00	3.00760e-03
8.86503e+00	2.92979e-03
8.88143e+00	2.85360e-03
8.89783e+00	2.77902e-03
8.91424e+00	2.70601e-03
8.93064e+00	2.63455e-03
8.94704e+00	2.56461e-03
8.96344e+00	2.49621e-03
8.97984e+00	2.42930e-03
8.99624e+00	2.36387e-03
9.01264e+00	2.29988e-03
9.02905e+00	2.23732e-03
9.04545e+00	2.17616e-03
9.06185e+00	2.11639e-03
9.07825e+00	2.05797e-03
9.09465e+00	2.00089e-03
9.11105e+00	1.94513e-03
9.12746e+00	1.89065e-03
9.14386e+00	1.83744e-03
9.16026e+00	1.78548e-03
9.17666e+00	1.73475e-03
9.19306e+00	1.68522e-03
9.20946e+00	1.63687e-03
9.22586e+00	1.58969e-03
9.24227e+00	1.54364e-03
9.25867e+00	1.49872e-03
9.27507e+00	1.45489e-03
9.29147e+00	1.41214e-03
9.30787e+00	1.37045e-03
9.32427e+00	1.32980e-03
9.34068e+00	1.29017e-03
9.35708e+00	1.25154e-03
9.37348e+00	1.21389e-03
9.38988e+00	1.17719e-03
9.40628e+00	1.14145e-03
9.42268e+00	1.10662e-03
9.43908e+00	1.07270e-03
9.45549e+00	1.03966e-03
9.47189e+00	1.00749e-03
9.48829e+00	9.76174e-04
9.50469e+00	9.45687e-04
9.52109e+00	9.16014e-04
9.53749e+00	8.87139e-04
9.55390e+00	8.59043e-04
9.57030e+00	8.31711e-04
9.58670e+00	8.05125e-04
9.60310e+00	7.79269e-04
9.61950e+00	7.54128e-04
9.63590e+00	7.29686e-04
9.65230e+00	7.05922e-04
9.66871e+00	6.82831e-04
9.68511e+00	6.60395e-04
9.70151e+00	6.38598e-04
9.71791e+00	6.17426e-04
9.73431e+00	5.96864e-04
9.75071e+00	5.76897e-04
9.76712e+00	5.57512e-04
9.78352e+00	5.38694e-04
9.79992e+00	5.20429e-04
9.81632e+00	5.02704e-04
9.83272e+00	4.85506e-04
9.84912e+00	4.68821e-04
9.86552e+00	4.52638e-04
9.88193e+00	4.36942e-04
9.89833e+00	4.21723e-04
9.91473e+00	4.06968e-04
9.93113e+00	3.92664e-04
9.94753e+00	3.78801e-04
9.96393e+00	3.65367e-04
9.98034e+00	3.52350e-04
9.99674e+00	3.39741e-04
1.00131e+01	3.27537e-04
1.00295e+01	3.15686e-04
1.00459e+01	3.04253e-04
1.00623e+01	2.93197e-04
1.00787e+01	2.82509e-04
1.00951e+01	2.72180e-04
1.01115e+01	2.62197e-04
1.01279e+01	2.52551e-04
1.01444e+01	2.43231e-04
1.01608e+01	2.34226e-04
1.01772e+01	2.25528e-04
1.01936e+01	2.17125e-04
1.02100e+01	2.09010e-04
1.02264e+01	2.01174e-04
1.02428e+01	1.93606e-04
1.02592e+01	1.86300e-04
1.02756e+01	1.79246e-04
1.02920e+01	1.72436e-04
1.03084e+01	1.65864e-04
1.03248e+01	1.59521e-04
1.03412e+01	1.53399e-04
1.03576e+01	1.47492e-04
1.03740e+01	1.41794e-04
1.03904e+01	1.36296e-04
1.04068e+01	1.30993e-04
1.04232e+01	1.25877e-04
1.04396e+01	1.20944e-04
1.04560e+01	1.16187e-04
1.04724e+01	1.11601e-04
1.04888e+01	1.07179e-04
1.05052e+01	1.02916e-04
1.05216e+01	9.88065e-05
1.05380e+01	9.48463e-05
1.05544e+01	9.10297e-05
1.05708e+01	8.73521e-05
1.05872e+01	8.38099e-05
1.06036e+01	8.03958e-05
1.06200e+01	7.71050e-05
1.06364e+01	7.39437e-05
1.06528e+01	7.09023e-05
1.06692e+01	6.79773e-05
1.06856e+01	6.51642e-05
1.07020e+01	6.24590e-05
1.07184e+01	5.98576e-05
1.07348e+01	5.73561e-05
1.07512e+01	5.49509e-05
1.07676e+01	5.26383e-05
1.07840e+01	5.04150e-05
1.08004e+01	4.82775e-05
1.08168e+01	4.62227e-05
1.08332e+01	4.42474e-05
1.08496e+01	4.23488e-05
1.08660e+01	4.05238e-05
1.08824e+01	3.87698e-05
1.08988e+01	3.70841e-05
1.09152e+01	3.54641e-05
1.09316e+01	3.39073e-05
1.09480e+01	3.24113e-05
1.09644e+01	3.09739e-05
1.09808e+01	2.95928e-05
1.09972e+01	2.82659e-05
1.10136e+01	2.69911e-05
1.10300e+01	2.57665e-05
1.10464e+01	2.45901e-05
1.10628e+01	2.34601e-05
1.10792e+01	2.23748e-05
1.10956e+01	2.13324e-05
1.11120e+01	2.03313e-05
1.11284e+01	1.93700e-05
1.11448e+01	1.84468e-05
1.11612e+01	1.75604e-05
1.11776e+01	1.67092e-05
1.11940e+01	1.58921e-05
1.12105e+01	1.51076e-05
1.12269e+01	1.43545e-05
1.12433e+01	1.36315e-05
1.12597e+01	1.29376e-05
1.12761e+01	1.22716e-05
1.12925e+01	1.16325e-05
1.13089e+01	1.10190e-05
1.13253e+01	1.04304e-05
1.13417e+01	9.86561e-06
1.13581e+01	9.32368e-06
1.13745e+01	8.80376e-06
1.13909e+01	8.30498e-06
1.14073e+01	7.82651e-06
1.14237e+01	7.36756e-06
1.14401e+01	6.92737e-06
1.14565e+01	6.50521e-06
1.14729e+01	6.10036e-06
1.14893e+01	5.71214e-06
1.15057e+01	5.33991e-06
1.15221e+01	4.98302e-06
1.15385e+01	4.64086e-06
1.15549e+01	4.31274e-06
1.15713e+01	3.99862e-06
1.15877e+01	3.69920e-06
1.16041e+01	3.41486e-06
1.16205e+01	3.14579e-06
1.16369e+01	2.89203e-06
1.16533e+01	2.65527e-06
1.16697e+01	2.43652e-06
1.16861e+01	2.23516e-06
1.17025e+01	2.04959e-06
1.17189e+01	1.87810e-06
1.17353e+01	1.71907e-06
1.17517e+01	1.57133e-06
1.17681e+01	1.43422e-06
1.17845e+01	1.30739e-06
1.18009e+01	1.19023e-06
1.18173e+01	1.08198e-06
1.18337e+01	9.82079e-07
1.18501e+01	8.91237e-07
1.18665e+01	8.10207e-07
1.18829e+01	7.37562e-07
1.18993e+01	6.71760e-07
1.19157e+01	6.11847e-07
1.19321e+01	5.57181e-07
1.19485e+01	5.07219e-07
1.19649e+01	4.61510e-07
1.19813e+01	4.19676e-07
1.19977e+01	3.81386e-07
1.20141e+01	3.46340e-07
1.20305e+01	3.14276e-07
1.20469e+01	2.84955e-07
1.20633e+01	2.58156e-07
1.20797e+01	2.33673e-07
1.20961e+01	2.11317e-07
1.21125e+01	1.90913e-07
1.21289e+01	1.72304e-07
1.21453e+01	1.55350e-07
1.21617e+01	1.39917e-07
1.21781e+01	1.25881e-07
1.21945e+01	1.13128e-07
1.22109e+01	1.01549e-07
1.22273e+01	9.10512e-08
1.22437e+01	8.15466e-08
1.22601e+01	7.29546e-08
1.22766e+01	6.51992e-08
1.22930e+01	5.82094e-08
1.23094e+01	5.19185e-08
1.23258e+01	4.62642e-08
1.23422e+01	4.11864e-08
1.23586e+01	3.66304e-08
1.23750e+01	3.25465e-08
1.23914e+01	2.88889e-08
1.24078e+01	2.56159e-08
1.24242e+01	2.26903e-08
1.24406e+01	2.00784e-08
1.24570e+01	1.77494e-08
1.24734e+01	1.56751e-08
1.24898e+01	1.38300e-08
1.25062e+01	1.21908e-08
1.25226e+01	1.07361e-08
1.25390e+01	9.44678e-09
1.25554e+01	8.30543e-09
1.25718e+01	7.29594e-09
1.25882e+01	6.40524e-09
1.26046e+01	5.62000e-09
1.26210e+01	4.92850e-09
1.26374e+01	4.32008e-09
1.26538e+01	3.78518e-09
1.26702e+01	3.31528e-09
1.26866e+01	2.90283e-09
1.27030e+01	2.54114e-09
1.27194e+01	2.22412e-09
1.27358e+01	1.94642e-09
1.27522e+01	1.70325e-09
1.27686e+01	1.49040e-09
1.27850e+01	1.30419e-09
1.28014e+01	1.14135e-09
1.28178e+01	9.99031e-10
1.28342e+01	8.74598e-10
1.28506e+01	7.65777e-10
1.28670e+01	6.70477e-10
1.28834e+01	5.86848e-10
1.28998e+01	5.13320e-10
1.29162e+01	4.48629e-10
1.29326e+01	3.91963e-10
1.29490e+01	3.42266e-10
1.29654e+01	2.98452e-10
1.29818e+01	2.59671e-10
1.29982e+01	2.25369e-10
1.30146e+01	1.95022e-10
1.30310e+01	1.68597e-10
1.30474e+01	1.46065e-10
1.30638e+01	1.27162e-10
1.30802e+01	1.11149e-10
1.30966e+01	9.74219e-11
1.31130e+01	8.55215e-11
1.31294e+01	7.51014e-11
1.31458e+01	6.58986e-11
1.31622e+01	5.77774e-11
1.31786e+01	5.06380e-11
1.31950e+01	4.44094e-11
1.32114e+01	3.90144e-11
1.32278e+01	3.43406e-11
1.32442e+01	3.02522e-11
1.32606e+01	2.66679e-11
1.32770e+01	2.35167e-11
1.32934e+01	2.07410e-11
1.33098e+01	1.82890e-11
1.33262e+01	1.61194e-11
1.33427e+01	1.41966e-11
1.33591e+01	1.24915e-11
1.33755e+01	1.09787e-11
1.33919e+01	9.63731e-12
1.34083e+01	8.44919e-12
1.34247e+01	7.39785e-12
1.34411e+01	6.46918e-12
1.34575e+01	5.65074e-12
1.34739e+01	4.93219e-12
1.34903e+01	4.30277e-12
1.35067e+01	3.75113e-12
1.35231e+01	3.26737e-12
1.35395e+01	2.84348e-12
1.35559e+01	2.47246e-12
1.35723e+01	2.14803e-12
1.35887e+01	1.86460e-12
1.36051e+01	1.61724e-12
1.36215e+01	1.40155e-12
1.36379e+01	1.21364e-12
1.36543e+01	1.05007e-12
1.36707e+01	9.07792e-13
1.36871e+01	7.84143e-13
1.37035e+01	6.76771e-13
1.37199e+01	5.83610e-13
1.37363e+01	5.02843e-13
1.37527e+01	4.32877e-13
1.37691e+01	3.72314e-13
1.37855e+01	3.19933e-13
1.38019e+01	2.74660e-13
1.38183e+01	2.35561e-13
1.38347e+01	2.01824e-13
1.38511e+01	1.72735e-13
1.38675e+01	1.47673e-13
1.38839e+01	1.26099e-13
1.39003e+01	1.07550e-13
1.39167e+01	9.16205e-14
1.39331e+01	7.79571e-14
1.39495e+01	6.62528e-14
1.39659e+01	5.62396e-14
1.39823e+01	4.76830e-14
1.39987e+01	4.03795e-14
1.40151e+01	3.41545e-14
1.40315e+01	2.88564e-14
1.40479e+01	2.43517e-14
1.40643e+01	2.05266e-14
1.40807e+01	1.72822e-14
1.40971e+01	1.45338e-14
1.41135e+01	1.22085e-14
1.41299e+01	1.02435e-14
1.41463e+01	8.58504e-15
1.41627e+01	7.18692e-15
1.41791e+01	6.00965e-15
1.41955e+01	5.01950e-15
1.42119e+01	4.18767e-15
1.42283e+01	3.48961e-15
1.42447e+01	2.90448e-15
1.42611e+01	2.41462e-15
1.42775e+01	2.00504e-15
1.42939e+01	1.66302e-15
1.43103e+01	1.37776e-15
1.43267e+01	1.14015e-15
1.43431e+01	9.42452e-16
1.43595e+01	7.78167e-16
1.43759e+01	6.41809e-16
1.43923e+01	5.28764e-16
1.44087e+01	4.35155e-16
1.44252e+01	3.57731e-16
1.44416e+01	2.93766e-16
1.44580e+01	2.40983e-16
1.44744e+01	1.97476e-16
1.44908e+01	1.61654e-16
1.45072e+01	1.32192e-16
1.45236e+01	1.07989e-16
1.45400e+01	8.81268e-17
1.45564e+01	7.18449e-17
1.45728e+01	5.85122e-17
1.45892e+01	4.76062e-17
1.46056e+01	3.86944e-17
1.46220e+01	3.14199e-17
1.46384e+01	2.54880e-17
1.46548e+01	2.06559e-17
1.46712e+01	1.67237e-17
1.46876e+01	1.35271e-17
1.47040e+01	1.09311e-17
1.47204e+01	8.82498e-18
1.47368e+01	7.11794e-18
1.47532e+01	5.73574e-18
1.47696e+01	4.61764e-18
1.47860e+01	3.71407e-18
1.48024e+01	2.98457e-18
1.48188e+01	2.39617e-18
1.48352e+01	1.92203e-18
1.48516e+01	1.54033e-18
1.48680e+01	1.23334e-18
1.48844e+01	9.86665e-19
1.49008e+01	7.88640e-19
1.49172e+01	6.29818e-19
1.49336e+01	5.02559e-19
1.49500e+01	4.00687e-19
1.49664e+01	3.19214e-19
1.49828e+01	2.54120e-19
1.49992e+01	2.02160e-19
1.50156e+01	1.60721e-19
1.50320e+01	1.27697e-19
1.50484e+01	1.01397e-19
1.50648e+01	8.04656e-20
1.50812e+01	6.38170e-20
1.50976e+01	5.05830e-20
1.51140e+01	4.00696e-20
1.51304e+01	3.17227e-20
1.51468e+01	2.50997e-20
1.51632e+01	1.98478e-20
1.51796e+01	1.56857e-20
1.51960e+01	1.23892e-20
1.52124e+01	9.77980e-21
1.52288e+01	7.71556e-21
1.52452e+01	6.08354e-21
1.52616e+01	4.79399e-21
1.52780e+01	3.77564e-21
1.52944e+01	2.97193e-21
1.53108e+01	2.33798e-21
1.53272e+01	1.83822e-21
1.53436e+01	1.44448e-21
1.53600e+01	1.13444e-21
1.53764e+01	8.90456e-22
1.53928e+01	6.98558e-22
1.54092e+01	5.47713e-22
1.54256e+01	4.29206e-22
1.54420e+01	3.36156e-22
1.54584e+01	2.63135e-22
1.54748e+01	2.05865e-22
1.54913e+01	1.60972e-22
1.55077e+01	1.25802e-22
1.55241e+01	9.82625e-23
1.55405e+01	7.67109e-23
1.55569e+01	5.98542e-23
1.55733e+01	4.66768e-23
1.55897e+01	3.63812e-23
1.56061e+01	2.83416e-23
1.56225e+01	2.20668e-23
1.56389e+01	1.71722e-23
1.56553e+01	1.33561e-23
1.56717e+01	1.03824e-23
1.56881e+01	8.06627e-24
1.57045e+01	6.26324e-24
1.57209e+01	4.86027e-24
1.57373e+01	3.76904e-24
1.57537e+01	2.92058e-24
1.57701e+01	2.26096e-24
1.57865e+01	1.74852e-24
1.58029e+01	1.35087e-24
1.58193e+01	1.04263e-24
1.58357e+01	8.03931e-25
1.58521e+01	6.19282e-25
1.58685e+01	4.76584e-25
1.58849e+01	3.66416e-25
1.59013e+01	2.81448e-25
1.59177e+01	2.15981e-25
1.59341e+01	1.65588e-25
1.59505e+01	1.26837e-25
1.59669e+01	9.70686e-26
1.59833e+01	7.42236e-26
1.59997e+01	5.67093e-26
1.60161e+01	4.32943e-26
1.60325e+01	3.30277e-26
1.60489e+01	2.51770e-26
1.60653e+01	1.91783e-26
1.60817e+01	1.45981e-26
1.60981e+01	1.11036e-26
1.61145e+01	8.43934e-27
1.61309e+01	6.40958e-27
1.61473e+01	4.86433e-27
1.61637e+01	3.68874e-27
1.61801e+01	2.79497e-27
1.61965e+01	2.11588e-27
1.62129e+01	1.60017e-27
1.62293e+01	1.20868e-27
1.62457e+01	9.11527e-28
1.62621e+01	6.85937e-28
1.62785e+01	5.14521e-28
1.62949e+01	3.84012e-28
1.63113e+01	2.84269e-28
1.63277e+01	2.07530e-28
1.63441e+01	1.47822e-28
1.63605e+01	1.00528e-28
1.63769e+01	6.21463e-29
1.63933e+01	3.03470e-29
