# The real time spent on calculation.
# col_1: E_N [Td], col_2: time [s]
E_N	time
1.50000e+00	1.73035e+00
2.00000e+00	1.90531e+00
2.50000e+00	1.84894e+00
3.00000e+00	1.86080e+00
4.00000e+00	1.90791e+00
5.00000e+00	2.18373e+00
6.00000e+00	5.27515e+00
7.00000e+00	5.97250e+00
8.00000e+00	6.94133e+00
9.00000e+00	7.72695e+00
1.00000e+01	7.50814e+00
1.20000e+01	7.80448e+00
1.50000e+01	8.44919e+00
2.00000e+01	8.10200e+00
3.00000e+01	9.30062e+00
5.00000e+01	9.93798e+00
7.50000e+01	1.13947e+01
1.00000e+02	1.32694e+01
1.50000e+02	1.83080e+01
2.00000e+02	2.05246e+01
