# The ell = 1 distribution, the first anisotropy.
# E_N [Td]	2.00000e+02
# col_1: Electron Energy [eV], col_2: f1 [eV^(-3/2)]
eV	f1
7.28957e-02	8.54027e-04
1.45791e-01	1.60889e-03
2.18687e-01	1.98722e-03
2.91583e-01	2.38994e-03
3.64479e-01	2.78452e-03
4.37374e-01	3.12274e-03
5.10270e-01	3.47555e-03
5.83166e-01	3.84001e-03
6.56061e-01	4.21646e-03
7.28957e-01	4.61604e-03
8.01853e-01	5.02344e-03
8.74749e-01	5.42568e-03
9.47644e-01	5.83731e-03
1.02054e+00	6.27004e-03
1.09344e+00	6.69770e-03
1.16633e+00	7.08902e-03
1.23923e+00	7.44708e-03
1.31212e+00	7.79280e-03
1.38502e+00	8.12817e-03
1.45791e+00	8.44397e-03
1.53081e+00	8.73716e-03
1.60371e+00	9.01257e-03
1.67660e+00	9.29337e-03
1.74950e+00	9.57093e-03
1.82239e+00	9.79546e-03
1.89529e+00	9.95974e-03
1.96818e+00	1.00386e-02
2.04108e+00	1.00424e-02
2.11398e+00	1.00274e-02
2.18687e+00	9.97167e-03
2.25977e+00	9.90583e-03
2.33266e+00	9.84355e-03
2.40556e+00	9.77226e-03
2.47845e+00	9.69134e-03
2.55135e+00	9.60177e-03
2.62425e+00	9.53759e-03
2.69714e+00	9.46822e-03
2.77004e+00	9.40995e-03
2.84293e+00	9.36220e-03
2.91583e+00	9.29803e-03
2.98872e+00	9.25155e-03
3.06162e+00	9.21664e-03
3.13452e+00	9.17842e-03
3.20741e+00	9.14502e-03
3.28031e+00	9.11071e-03
3.35320e+00	9.07899e-03
3.42610e+00	9.05068e-03
3.49899e+00	9.02246e-03
3.57189e+00	8.99386e-03
3.64479e+00	8.96370e-03
3.71768e+00	8.93256e-03
3.79058e+00	8.90115e-03
3.86347e+00	8.87017e-03
3.93637e+00	8.83867e-03
4.00926e+00	8.80604e-03
4.08216e+00	8.77192e-03
4.15506e+00	8.73597e-03
4.22795e+00	8.69826e-03
4.30085e+00	8.65889e-03
4.37374e+00	8.61786e-03
4.44664e+00	8.57534e-03
4.51953e+00	8.53155e-03
4.59243e+00	8.48672e-03
4.66533e+00	8.44120e-03
4.73822e+00	8.39531e-03
4.81112e+00	8.34909e-03
4.88401e+00	8.30269e-03
4.95691e+00	8.25629e-03
5.02980e+00	8.20964e-03
5.10270e+00	8.16268e-03
5.17560e+00	8.11529e-03
5.24849e+00	8.06737e-03
5.32139e+00	8.01896e-03
5.39428e+00	7.97013e-03
5.46718e+00	7.92094e-03
5.54007e+00	7.87142e-03
5.61297e+00	7.82164e-03
5.68587e+00	7.77162e-03
5.75876e+00	7.72142e-03
5.83166e+00	7.67108e-03
5.90455e+00	7.62063e-03
5.97745e+00	7.57011e-03
6.05034e+00	7.51954e-03
6.12324e+00	7.46895e-03
6.19614e+00	7.41838e-03
6.26903e+00	7.36784e-03
6.34193e+00	7.31736e-03
6.41482e+00	7.26695e-03
6.48772e+00	7.21666e-03
6.56061e+00	7.16648e-03
6.63351e+00	7.11644e-03
6.70641e+00	7.06655e-03
6.77930e+00	7.01684e-03
6.85220e+00	6.96731e-03
6.92509e+00	6.91797e-03
6.99799e+00	6.86883e-03
7.07088e+00	6.81992e-03
7.14378e+00	6.77124e-03
7.21668e+00	6.72282e-03
7.28957e+00	6.67466e-03
7.36247e+00	6.62677e-03
7.43536e+00	6.57913e-03
7.50826e+00	6.53171e-03
7.58115e+00	6.48453e-03
7.65405e+00	6.43758e-03
7.72695e+00	6.39087e-03
7.79984e+00	6.34440e-03
7.87274e+00	6.29806e-03
7.94563e+00	6.25183e-03
8.01853e+00	6.20571e-03
8.09142e+00	6.15968e-03
8.16432e+00	6.11374e-03
8.23722e+00	6.06790e-03
8.31011e+00	6.02210e-03
8.38301e+00	5.97628e-03
8.45590e+00	5.93045e-03
8.52880e+00	5.88450e-03
8.60169e+00	5.83852e-03
8.67459e+00	5.79259e-03
8.74749e+00	5.74671e-03
8.82038e+00	5.70091e-03
8.89328e+00	5.65519e-03
8.96617e+00	5.60955e-03
9.03907e+00	5.56404e-03
9.11196e+00	5.51880e-03
9.18486e+00	5.47386e-03
9.25776e+00	5.42923e-03
9.33065e+00	5.38492e-03
9.40355e+00	5.34092e-03
9.47644e+00	5.29723e-03
9.54934e+00	5.25388e-03
9.62223e+00	5.21085e-03
9.69513e+00	5.16812e-03
9.76803e+00	5.12568e-03
9.84092e+00	5.08354e-03
9.91382e+00	5.04169e-03
9.98671e+00	5.00018e-03
1.00596e+01	4.95894e-03
1.01325e+01	4.91815e-03
1.02054e+01	4.87779e-03
1.02783e+01	4.83786e-03
1.03512e+01	4.79836e-03
1.04241e+01	4.75928e-03
1.04970e+01	4.72061e-03
1.05699e+01	4.68239e-03
1.06428e+01	4.64450e-03
1.07157e+01	4.60703e-03
1.07886e+01	4.56997e-03
1.08615e+01	4.53331e-03
1.09344e+01	4.49705e-03
1.10073e+01	4.46120e-03
1.10801e+01	4.42574e-03
1.11530e+01	4.39069e-03
1.12259e+01	4.35603e-03
1.12988e+01	4.32173e-03
1.13717e+01	4.28778e-03
1.14446e+01	4.25418e-03
1.15175e+01	4.22093e-03
1.15904e+01	4.18790e-03
1.16633e+01	4.15357e-03
1.17362e+01	4.11794e-03
1.18091e+01	4.08264e-03
1.18820e+01	4.04438e-03
1.19549e+01	4.00757e-03
1.20278e+01	3.97173e-03
1.21007e+01	3.93612e-03
1.21736e+01	3.90053e-03
1.22465e+01	3.86481e-03
1.23194e+01	3.82870e-03
1.23923e+01	3.79239e-03
1.24652e+01	3.75589e-03
1.25381e+01	3.71910e-03
1.26110e+01	3.68197e-03
1.26839e+01	3.64472e-03
1.27568e+01	3.60756e-03
1.28296e+01	3.57070e-03
1.29025e+01	3.53476e-03
1.29754e+01	3.49935e-03
1.30483e+01	3.46302e-03
1.31212e+01	3.42646e-03
1.31941e+01	3.39286e-03
1.32670e+01	3.35942e-03
1.33399e+01	3.32755e-03
1.34128e+01	3.29615e-03
1.34857e+01	3.26415e-03
1.35586e+01	3.23198e-03
1.36315e+01	3.19960e-03
1.37044e+01	3.16708e-03
1.37773e+01	3.13442e-03
1.38502e+01	3.10162e-03
1.39231e+01	3.06856e-03
1.39960e+01	3.03507e-03
1.40689e+01	3.00114e-03
1.41418e+01	2.96681e-03
1.42147e+01	2.93209e-03
1.42876e+01	2.89695e-03
1.43605e+01	2.86137e-03
1.44334e+01	2.82538e-03
1.45062e+01	2.78902e-03
1.45791e+01	2.75236e-03
1.46520e+01	2.71542e-03
1.47249e+01	2.67826e-03
1.47978e+01	2.64090e-03
1.48707e+01	2.60338e-03
1.49436e+01	2.56574e-03
1.50165e+01	2.52801e-03
1.50894e+01	2.49038e-03
1.51623e+01	2.45295e-03
1.52352e+01	2.41571e-03
1.53081e+01	2.37870e-03
1.53810e+01	2.34192e-03
1.54539e+01	2.30538e-03
1.55268e+01	2.26910e-03
1.55997e+01	2.23310e-03
1.56726e+01	2.19737e-03
1.57455e+01	2.16192e-03
1.58184e+01	2.12665e-03
1.58913e+01	2.09128e-03
1.59642e+01	2.05586e-03
1.60371e+01	2.02043e-03
1.61100e+01	1.98513e-03
1.61828e+01	1.94998e-03
1.62557e+01	1.91502e-03
1.63286e+01	1.88026e-03
1.64015e+01	1.84572e-03
1.64744e+01	1.81140e-03
1.65473e+01	1.77733e-03
1.66202e+01	1.74350e-03
1.66931e+01	1.70992e-03
1.67660e+01	1.67661e-03
1.68389e+01	1.64357e-03
1.69118e+01	1.61083e-03
1.69847e+01	1.57839e-03
1.70576e+01	1.54628e-03
1.71305e+01	1.51453e-03
1.72034e+01	1.48314e-03
1.72763e+01	1.45213e-03
1.73492e+01	1.42151e-03
1.74221e+01	1.39127e-03
1.74950e+01	1.36142e-03
1.75679e+01	1.33197e-03
1.76408e+01	1.30290e-03
1.77137e+01	1.27422e-03
1.77866e+01	1.24593e-03
1.78595e+01	1.21804e-03
1.79323e+01	1.19055e-03
1.80052e+01	1.16347e-03
1.80781e+01	1.13681e-03
1.81510e+01	1.11060e-03
1.82239e+01	1.08483e-03
1.82968e+01	1.05951e-03
1.83697e+01	1.03462e-03
1.84426e+01	1.01016e-03
1.85155e+01	9.86145e-04
1.85884e+01	9.62554e-04
1.86613e+01	9.39386e-04
1.87342e+01	9.16636e-04
1.88071e+01	8.94303e-04
1.88800e+01	8.72383e-04
1.89529e+01	8.50874e-04
1.90258e+01	8.29775e-04
1.90987e+01	8.09095e-04
1.91716e+01	7.88836e-04
1.92445e+01	7.68991e-04
1.93174e+01	7.49555e-04
1.93903e+01	7.30522e-04
1.94632e+01	7.11887e-04
1.95361e+01	6.93643e-04
1.96089e+01	6.75785e-04
1.96818e+01	6.58306e-04
1.97547e+01	6.41202e-04
1.98276e+01	6.24465e-04
1.99005e+01	6.08092e-04
1.99734e+01	5.92075e-04
2.00463e+01	5.76411e-04
2.01192e+01	5.61097e-04
2.01921e+01	5.46128e-04
2.02650e+01	5.31502e-04
2.03379e+01	5.17212e-04
2.04108e+01	5.03253e-04
2.04837e+01	4.89618e-04
2.05566e+01	4.76307e-04
2.06295e+01	4.63318e-04
2.07024e+01	4.50646e-04
2.07753e+01	4.38284e-04
2.08482e+01	4.26227e-04
2.09211e+01	4.14468e-04
2.09940e+01	4.03000e-04
2.10669e+01	3.91820e-04
2.11398e+01	3.80923e-04
2.12127e+01	3.70303e-04
2.12855e+01	3.59954e-04
2.13584e+01	3.49870e-04
2.14313e+01	3.40045e-04
2.15042e+01	3.30472e-04
2.15771e+01	3.21145e-04
2.16500e+01	3.12058e-04
2.17229e+01	3.03204e-04
2.17958e+01	2.94580e-04
2.18687e+01	2.86178e-04
2.19416e+01	2.77995e-04
2.20145e+01	2.70028e-04
2.20874e+01	2.62273e-04
2.21603e+01	2.54730e-04
2.22332e+01	2.47395e-04
2.23061e+01	2.40262e-04
2.23790e+01	2.33325e-04
2.24519e+01	2.26580e-04
2.25248e+01	2.20020e-04
2.25977e+01	2.13641e-04
2.26706e+01	2.07438e-04
2.27435e+01	2.01405e-04
2.28164e+01	1.95538e-04
2.28893e+01	1.89834e-04
2.29622e+01	1.84287e-04
2.30350e+01	1.78894e-04
2.31079e+01	1.73652e-04
2.31808e+01	1.68558e-04
2.32537e+01	1.63607e-04
2.33266e+01	1.58796e-04
2.33995e+01	1.54122e-04
2.34724e+01	1.49579e-04
2.35453e+01	1.45165e-04
2.36182e+01	1.40877e-04
2.36911e+01	1.36711e-04
2.37640e+01	1.32663e-04
2.38369e+01	1.28730e-04
2.39098e+01	1.24910e-04
2.39827e+01	1.21198e-04
2.40556e+01	1.17593e-04
2.41285e+01	1.14091e-04
2.42014e+01	1.10688e-04
2.42743e+01	1.07383e-04
2.43472e+01	1.04172e-04
2.44201e+01	1.01053e-04
2.44930e+01	9.80241e-05
2.45659e+01	9.50818e-05
2.46388e+01	9.22240e-05
2.47116e+01	8.94483e-05
2.47845e+01	8.67524e-05
2.48574e+01	8.41343e-05
2.49303e+01	8.15918e-05
2.50032e+01	7.91232e-05
2.50761e+01	7.67263e-05
2.51490e+01	7.43999e-05
2.52219e+01	7.21423e-05
2.52948e+01	6.99513e-05
2.53677e+01	6.78251e-05
2.54406e+01	6.57619e-05
2.55135e+01	6.37593e-05
2.55864e+01	6.18156e-05
2.56593e+01	5.99289e-05
2.57322e+01	5.80975e-05
2.58051e+01	5.63197e-05
2.58780e+01	5.45940e-05
2.59509e+01	5.29190e-05
2.60238e+01	5.12933e-05
2.60967e+01	4.97164e-05
2.61696e+01	4.81869e-05
2.62425e+01	4.67034e-05
2.63154e+01	4.52646e-05
2.63883e+01	4.38692e-05
2.64611e+01	4.25160e-05
2.65340e+01	4.12037e-05
2.66069e+01	3.99310e-05
2.66798e+01	3.86969e-05
2.67527e+01	3.75002e-05
2.68256e+01	3.63398e-05
2.68985e+01	3.52147e-05
2.69714e+01	3.41237e-05
2.70443e+01	3.30659e-05
2.71172e+01	3.20402e-05
2.71901e+01	3.10458e-05
2.72630e+01	3.00817e-05
2.73359e+01	2.91470e-05
2.74088e+01	2.82408e-05
2.74817e+01	2.73622e-05
2.75546e+01	2.65105e-05
2.76275e+01	2.56849e-05
2.77004e+01	2.48845e-05
2.77733e+01	2.41086e-05
2.78462e+01	2.33565e-05
2.79191e+01	2.26274e-05
2.79920e+01	2.19206e-05
2.80649e+01	2.12355e-05
2.81377e+01	2.05714e-05
2.82106e+01	1.99276e-05
2.82835e+01	1.93036e-05
2.83564e+01	1.86986e-05
2.84293e+01	1.81122e-05
2.85022e+01	1.75437e-05
2.85751e+01	1.69927e-05
2.86480e+01	1.64587e-05
2.87209e+01	1.59410e-05
2.87938e+01	1.54393e-05
2.88667e+01	1.49530e-05
2.89396e+01	1.44816e-05
2.90125e+01	1.40248e-05
2.90854e+01	1.35821e-05
2.91583e+01	1.31530e-05
2.92312e+01	1.27371e-05
2.93041e+01	1.23341e-05
2.93770e+01	1.19435e-05
2.94499e+01	1.15650e-05
2.95228e+01	1.11981e-05
2.95957e+01	1.08426e-05
2.96686e+01	1.04981e-05
2.97415e+01	1.01642e-05
2.98143e+01	9.84070e-06
2.98872e+01	9.52720e-06
2.99601e+01	9.22344e-06
3.00330e+01	8.92911e-06
3.01059e+01	8.64394e-06
3.01788e+01	8.36770e-06
3.02517e+01	8.10014e-06
3.03246e+01	7.84097e-06
3.03975e+01	7.58995e-06
3.04704e+01	7.34682e-06
3.05433e+01	7.11134e-06
3.06162e+01	6.88328e-06
3.06891e+01	6.66240e-06
3.07620e+01	6.44848e-06
3.08349e+01	6.24132e-06
3.09078e+01	6.04069e-06
3.09807e+01	5.84640e-06
3.10536e+01	5.65826e-06
3.11265e+01	5.47607e-06
3.11994e+01	5.29964e-06
3.12723e+01	5.12881e-06
3.13452e+01	4.96338e-06
3.14181e+01	4.80320e-06
3.14910e+01	4.64810e-06
3.15638e+01	4.49793e-06
3.16367e+01	4.35253e-06
3.17096e+01	4.21176e-06
3.17825e+01	4.07546e-06
3.18554e+01	3.94350e-06
3.19283e+01	3.81575e-06
3.20012e+01	3.69207e-06
3.20741e+01	3.57233e-06
3.21470e+01	3.45642e-06
3.22199e+01	3.34423e-06
3.22928e+01	3.23563e-06
3.23657e+01	3.13050e-06
3.24386e+01	3.02875e-06
3.25115e+01	2.93027e-06
3.25844e+01	2.83494e-06
3.26573e+01	2.74268e-06
3.27302e+01	2.65338e-06
3.28031e+01	2.56695e-06
3.28760e+01	2.48330e-06
3.29489e+01	2.40235e-06
3.30218e+01	2.32400e-06
3.30947e+01	2.24817e-06
3.31676e+01	2.17479e-06
3.32404e+01	2.10377e-06
3.33133e+01	2.03504e-06
3.33862e+01	1.96853e-06
3.34591e+01	1.90416e-06
3.35320e+01	1.84188e-06
3.36049e+01	1.78160e-06
3.36778e+01	1.72328e-06
3.37507e+01	1.66684e-06
3.38236e+01	1.61222e-06
3.38965e+01	1.55937e-06
3.39694e+01	1.50824e-06
3.40423e+01	1.45877e-06
3.41152e+01	1.41091e-06
3.41881e+01	1.36460e-06
3.42610e+01	1.31981e-06
3.43339e+01	1.27648e-06
3.44068e+01	1.23456e-06
3.44797e+01	1.19401e-06
3.45526e+01	1.15478e-06
3.46255e+01	1.11683e-06
3.46984e+01	1.08012e-06
3.47713e+01	1.04461e-06
3.48442e+01	1.01026e-06
3.49170e+01	9.77032e-07
3.49899e+01	9.44891e-07
3.50628e+01	9.13800e-07
3.51357e+01	8.83724e-07
3.52086e+01	8.54629e-07
3.52815e+01	8.26485e-07
3.53544e+01	7.99260e-07
3.54273e+01	7.72924e-07
3.55002e+01	7.47449e-07
3.55731e+01	7.22805e-07
3.56460e+01	6.98968e-07
3.57189e+01	6.75910e-07
3.57918e+01	6.53606e-07
3.58647e+01	6.32031e-07
3.59376e+01	6.11162e-07
3.60105e+01	5.90976e-07
3.60834e+01	5.71453e-07
3.61563e+01	5.52577e-07
3.62292e+01	5.34325e-07
3.63021e+01	5.16677e-07
3.63750e+01	4.99613e-07
3.64479e+01	4.83114e-07
3.65208e+01	4.67160e-07
3.65937e+01	4.51734e-07
3.66665e+01	4.36819e-07
3.67394e+01	4.22397e-07
3.68123e+01	4.08451e-07
3.68852e+01	3.94968e-07
3.69581e+01	3.81930e-07
3.70310e+01	3.69323e-07
3.71039e+01	3.57133e-07
3.71768e+01	3.45346e-07
3.72497e+01	3.33949e-07
3.73226e+01	3.22930e-07
3.73955e+01	3.12276e-07
3.74684e+01	3.01975e-07
3.75413e+01	2.92015e-07
3.76142e+01	2.82385e-07
3.76871e+01	2.73073e-07
3.77600e+01	2.64069e-07
3.78329e+01	2.55363e-07
3.79058e+01	2.46945e-07
3.79787e+01	2.38806e-07
3.80516e+01	2.30935e-07
3.81245e+01	2.23325e-07
3.81974e+01	2.15966e-07
3.82703e+01	2.08850e-07
3.83431e+01	2.01969e-07
3.84160e+01	1.95317e-07
3.84889e+01	1.88885e-07
3.85618e+01	1.82667e-07
3.86347e+01	1.76655e-07
3.87076e+01	1.70842e-07
3.87805e+01	1.65222e-07
3.88534e+01	1.59788e-07
3.89263e+01	1.54535e-07
3.89992e+01	1.49455e-07
3.90721e+01	1.44544e-07
3.91450e+01	1.39795e-07
3.92179e+01	1.35203e-07
3.92908e+01	1.30763e-07
3.93637e+01	1.26469e-07
3.94366e+01	1.22317e-07
3.95095e+01	1.18303e-07
3.95824e+01	1.14420e-07
3.96553e+01	1.10666e-07
3.97282e+01	1.07035e-07
3.98011e+01	1.03523e-07
3.98740e+01	1.00127e-07
3.99469e+01	9.68431e-08
4.00197e+01	9.36667e-08
4.00926e+01	9.05948e-08
4.01655e+01	8.76242e-08
4.02384e+01	8.47515e-08
4.03113e+01	8.19736e-08
4.03842e+01	7.92871e-08
4.04571e+01	7.66892e-08
4.05300e+01	7.41768e-08
4.06029e+01	7.17472e-08
4.06758e+01	6.93976e-08
4.07487e+01	6.71254e-08
4.08216e+01	6.49279e-08
4.08945e+01	6.28028e-08
4.09674e+01	6.07475e-08
4.10403e+01	5.87599e-08
4.11132e+01	5.68377e-08
4.11861e+01	5.49787e-08
4.12590e+01	5.31808e-08
4.13319e+01	5.14420e-08
4.14048e+01	4.97604e-08
4.14777e+01	4.81340e-08
4.15506e+01	4.65611e-08
4.16235e+01	4.50398e-08
4.16964e+01	4.35685e-08
4.17692e+01	4.21455e-08
4.18421e+01	4.07692e-08
4.19150e+01	3.94382e-08
4.19879e+01	3.81508e-08
4.20608e+01	3.69056e-08
4.21337e+01	3.57014e-08
4.22066e+01	3.45366e-08
4.22795e+01	3.34101e-08
4.23524e+01	3.23205e-08
4.24253e+01	3.12666e-08
4.24982e+01	3.02473e-08
4.25711e+01	2.92614e-08
4.26440e+01	2.83078e-08
4.27169e+01	2.73855e-08
4.27898e+01	2.64933e-08
4.28627e+01	2.56304e-08
4.29356e+01	2.47959e-08
4.30085e+01	2.39886e-08
4.30814e+01	2.32079e-08
4.31543e+01	2.24528e-08
4.32272e+01	2.17224e-08
4.33001e+01	2.10159e-08
4.33730e+01	2.03326e-08
4.34458e+01	1.96716e-08
4.35187e+01	1.90323e-08
4.35916e+01	1.84139e-08
4.36645e+01	1.78158e-08
4.37374e+01	1.72372e-08
4.38103e+01	1.66776e-08
4.38832e+01	1.61363e-08
4.39561e+01	1.56127e-08
4.40290e+01	1.51062e-08
4.41019e+01	1.46163e-08
4.41748e+01	1.41424e-08
4.42477e+01	1.36840e-08
4.43206e+01	1.32406e-08
4.43935e+01	1.28117e-08
4.44664e+01	1.23967e-08
4.45393e+01	1.19953e-08
4.46122e+01	1.16071e-08
4.46851e+01	1.12315e-08
4.47580e+01	1.08681e-08
4.48309e+01	1.05166e-08
4.49038e+01	1.01766e-08
4.49767e+01	9.84760e-09
4.50496e+01	9.52937e-09
4.51224e+01	9.22149e-09
4.51953e+01	8.92364e-09
4.52682e+01	8.63548e-09
4.53411e+01	8.35670e-09
4.54140e+01	8.08698e-09
4.54869e+01	7.82604e-09
4.55598e+01	7.57358e-09
4.56327e+01	7.32932e-09
4.57056e+01	7.09300e-09
4.57785e+01	6.86435e-09
4.58514e+01	6.64313e-09
4.59243e+01	6.42911e-09
4.59972e+01	6.22206e-09
4.60701e+01	6.02176e-09
4.61430e+01	5.82798e-09
4.62159e+01	5.64050e-09
4.62888e+01	5.45912e-09
4.63617e+01	5.28364e-09
4.64346e+01	5.11386e-09
4.65075e+01	4.94960e-09
4.65804e+01	4.79068e-09
4.66533e+01	4.63692e-09
4.67262e+01	4.48814e-09
4.67991e+01	4.34420e-09
4.68719e+01	4.20492e-09
4.69448e+01	4.07016e-09
4.70177e+01	3.93977e-09
4.70906e+01	3.81360e-09
4.71635e+01	3.69152e-09
4.72364e+01	3.57339e-09
4.73093e+01	3.45909e-09
4.73822e+01	3.34848e-09
4.74551e+01	3.24145e-09
4.75280e+01	3.13788e-09
4.76009e+01	3.03765e-09
4.76738e+01	2.94067e-09
4.77467e+01	2.84681e-09
4.78196e+01	2.75599e-09
4.78925e+01	2.66809e-09
4.79654e+01	2.58304e-09
4.80383e+01	2.50072e-09
4.81112e+01	2.42106e-09
4.81841e+01	2.34397e-09
4.82570e+01	2.26935e-09
4.83299e+01	2.19715e-09
4.84028e+01	2.12726e-09
4.84757e+01	2.05962e-09
4.85485e+01	1.99416e-09
4.86214e+01	1.93080e-09
4.86943e+01	1.86948e-09
4.87672e+01	1.81013e-09
4.88401e+01	1.75268e-09
4.89130e+01	1.69708e-09
4.89859e+01	1.64326e-09
4.90588e+01	1.59116e-09
4.91317e+01	1.54074e-09
4.92046e+01	1.49193e-09
4.92775e+01	1.44468e-09
4.93504e+01	1.39895e-09
4.94233e+01	1.35467e-09
4.94962e+01	1.31182e-09
4.95691e+01	1.27033e-09
4.96420e+01	1.23017e-09
4.97149e+01	1.19129e-09
4.97878e+01	1.15366e-09
4.98607e+01	1.11722e-09
4.99336e+01	1.08194e-09
5.00065e+01	1.04779e-09
5.00794e+01	1.01473e-09
5.01523e+01	9.82724e-10
5.02252e+01	9.51733e-10
5.02980e+01	9.21729e-10
5.03709e+01	8.92679e-10
5.04438e+01	8.64553e-10
5.05167e+01	8.37320e-10
5.05896e+01	8.10953e-10
5.06625e+01	7.85423e-10
5.07354e+01	7.60704e-10
5.08083e+01	7.36770e-10
5.08812e+01	7.13595e-10
5.09541e+01	6.91155e-10
5.10270e+01	6.69428e-10
5.10999e+01	6.48389e-10
5.11728e+01	6.28018e-10
5.12457e+01	6.08292e-10
5.13186e+01	5.89191e-10
5.13915e+01	5.70695e-10
5.14644e+01	5.52786e-10
5.15373e+01	5.35443e-10
5.16102e+01	5.18649e-10
5.16831e+01	5.02387e-10
5.17560e+01	4.86640e-10
5.18289e+01	4.71389e-10
5.19018e+01	4.56619e-10
5.19746e+01	4.42316e-10
5.20475e+01	4.28463e-10
5.21204e+01	4.15048e-10
5.21933e+01	4.02055e-10
5.22662e+01	3.89472e-10
5.23391e+01	3.77286e-10
5.24120e+01	3.65484e-10
5.24849e+01	3.54053e-10
5.25578e+01	3.42983e-10
5.26307e+01	3.32261e-10
5.27036e+01	3.21876e-10
5.27765e+01	3.11819e-10
5.28494e+01	3.02078e-10
5.29223e+01	2.92644e-10
5.29952e+01	2.83506e-10
5.30681e+01	2.74656e-10
5.31410e+01	2.66083e-10
5.32139e+01	2.57781e-10
5.32868e+01	2.49739e-10
5.33597e+01	2.41950e-10
5.34326e+01	2.34406e-10
5.35055e+01	2.27098e-10
5.35784e+01	2.20020e-10
5.36512e+01	2.13165e-10
5.37241e+01	2.06524e-10
5.37970e+01	2.00092e-10
5.38699e+01	1.93862e-10
5.39428e+01	1.87827e-10
5.40157e+01	1.81982e-10
5.40886e+01	1.76320e-10
5.41615e+01	1.70835e-10
5.42344e+01	1.65522e-10
5.43073e+01	1.60376e-10
5.43802e+01	1.55391e-10
5.44531e+01	1.50562e-10
5.45260e+01	1.45884e-10
5.45989e+01	1.41353e-10
5.46718e+01	1.36963e-10
5.47447e+01	1.32711e-10
5.48176e+01	1.28592e-10
5.48905e+01	1.24602e-10
5.49634e+01	1.20736e-10
5.50363e+01	1.16992e-10
5.51092e+01	1.13364e-10
5.51821e+01	1.09850e-10
5.52550e+01	1.06445e-10
5.53279e+01	1.03147e-10
5.54007e+01	9.99518e-11
5.54736e+01	9.68564e-11
5.55465e+01	9.38575e-11
5.56194e+01	9.09522e-11
5.56923e+01	8.81375e-11
5.57652e+01	8.54106e-11
5.58381e+01	8.27688e-11
5.59110e+01	8.02094e-11
5.59839e+01	7.77298e-11
5.60568e+01	7.53275e-11
5.61297e+01	7.30001e-11
5.62026e+01	7.07452e-11
5.62755e+01	6.85605e-11
5.63484e+01	6.64439e-11
5.64213e+01	6.43932e-11
5.64942e+01	6.24063e-11
5.65671e+01	6.04813e-11
5.66400e+01	5.86161e-11
5.67129e+01	5.68090e-11
5.67858e+01	5.50580e-11
5.68587e+01	5.33615e-11
5.69316e+01	5.17177e-11
5.70045e+01	5.01249e-11
5.70773e+01	4.85816e-11
5.71502e+01	4.70863e-11
5.72231e+01	4.56373e-11
5.72960e+01	4.42334e-11
5.73689e+01	4.28730e-11
5.74418e+01	4.15547e-11
5.75147e+01	4.02774e-11
5.75876e+01	3.90397e-11
5.76605e+01	3.78403e-11
5.77334e+01	3.66781e-11
5.78063e+01	3.55519e-11
5.78792e+01	3.44606e-11
5.79521e+01	3.34030e-11
5.80250e+01	3.23782e-11
5.80979e+01	3.13851e-11
5.81708e+01	3.04227e-11
5.82437e+01	2.94901e-11
5.83166e+01	2.85863e-11
5.83895e+01	2.77105e-11
5.84624e+01	2.68617e-11
5.85353e+01	2.60391e-11
5.86082e+01	2.52419e-11
5.86811e+01	2.44693e-11
5.87539e+01	2.37206e-11
5.88268e+01	2.29950e-11
5.88997e+01	2.22917e-11
5.89726e+01	2.16102e-11
5.90455e+01	2.09496e-11
5.91184e+01	2.03095e-11
5.91913e+01	1.96890e-11
5.92642e+01	1.90876e-11
5.93371e+01	1.85048e-11
5.94100e+01	1.79399e-11
5.94829e+01	1.73924e-11
5.95558e+01	1.68617e-11
5.96287e+01	1.63473e-11
5.97016e+01	1.58488e-11
5.97745e+01	1.53656e-11
5.98474e+01	1.48972e-11
5.99203e+01	1.44431e-11
5.99932e+01	1.40031e-11
6.00661e+01	1.35765e-11
6.01390e+01	1.31630e-11
6.02119e+01	1.27621e-11
6.02848e+01	1.23736e-11
6.03577e+01	1.19969e-11
6.04306e+01	1.16318e-11
6.05034e+01	1.12778e-11
6.05763e+01	1.09347e-11
6.06492e+01	1.06021e-11
6.07221e+01	1.02796e-11
6.07950e+01	9.96696e-12
6.08679e+01	9.66389e-12
6.09408e+01	9.37008e-12
6.10137e+01	9.08525e-12
6.10866e+01	8.80912e-12
6.11595e+01	8.54142e-12
6.12324e+01	8.28189e-12
6.13053e+01	8.03030e-12
6.13782e+01	7.78639e-12
6.14511e+01	7.54993e-12
6.15240e+01	7.32069e-12
6.15969e+01	7.09846e-12
6.16698e+01	6.88301e-12
6.17427e+01	6.67413e-12
6.18156e+01	6.47163e-12
6.18885e+01	6.27532e-12
6.19614e+01	6.08499e-12
6.20343e+01	5.90047e-12
6.21072e+01	5.72157e-12
6.21800e+01	5.54813e-12
6.22529e+01	5.37999e-12
6.23258e+01	5.21696e-12
6.23987e+01	5.05891e-12
6.24716e+01	4.90568e-12
6.25445e+01	4.75711e-12
6.26174e+01	4.61307e-12
6.26903e+01	4.47342e-12
6.27632e+01	4.33802e-12
6.28361e+01	4.20675e-12
6.29090e+01	4.07948e-12
6.29819e+01	3.95607e-12
6.30548e+01	3.83643e-12
6.31277e+01	3.72043e-12
6.32006e+01	3.60796e-12
6.32735e+01	3.49891e-12
6.33464e+01	3.39318e-12
6.34193e+01	3.29066e-12
6.34922e+01	3.19126e-12
6.35651e+01	3.09489e-12
6.36380e+01	3.00145e-12
6.37109e+01	2.91084e-12
6.37838e+01	2.82300e-12
6.38566e+01	2.73782e-12
6.39295e+01	2.65523e-12
6.40024e+01	2.57515e-12
6.40753e+01	2.49751e-12
6.41482e+01	2.42222e-12
6.42211e+01	2.34922e-12
6.42940e+01	2.27844e-12
6.43669e+01	2.20981e-12
6.44398e+01	2.14327e-12
6.45127e+01	2.07876e-12
6.45856e+01	2.01622e-12
6.46585e+01	1.95558e-12
6.47314e+01	1.89678e-12
6.48043e+01	1.83978e-12
6.48772e+01	1.78451e-12
6.49501e+01	1.73092e-12
6.50230e+01	1.67896e-12
6.50959e+01	1.62859e-12
6.51688e+01	1.57974e-12
6.52417e+01	1.53239e-12
6.53146e+01	1.48647e-12
6.53875e+01	1.44195e-12
6.54604e+01	1.39879e-12
6.55333e+01	1.35694e-12
6.56061e+01	1.31636e-12
6.56790e+01	1.27702e-12
6.57519e+01	1.23887e-12
6.58248e+01	1.20188e-12
6.58977e+01	1.16602e-12
6.59706e+01	1.13125e-12
6.60435e+01	1.09754e-12
6.61164e+01	1.06486e-12
6.61893e+01	1.03317e-12
6.62622e+01	1.00244e-12
6.63351e+01	9.72651e-13
6.64080e+01	9.43769e-13
6.64809e+01	9.15766e-13
6.65538e+01	8.88617e-13
6.66267e+01	8.62295e-13
6.66996e+01	8.36776e-13
6.67725e+01	8.12036e-13
6.68454e+01	7.88050e-13
6.69183e+01	7.64797e-13
6.69912e+01	7.42254e-13
6.70641e+01	7.20400e-13
6.71370e+01	6.99215e-13
6.72099e+01	6.78678e-13
6.72827e+01	6.58770e-13
6.73556e+01	6.39472e-13
6.74285e+01	6.20766e-13
6.75014e+01	6.02635e-13
6.75743e+01	5.85060e-13
6.76472e+01	5.68027e-13
6.77201e+01	5.51518e-13
6.77930e+01	5.35518e-13
6.78659e+01	5.20012e-13
6.79388e+01	5.04986e-13
6.80117e+01	4.90425e-13
6.80846e+01	4.76316e-13
6.81575e+01	4.62645e-13
6.82304e+01	4.49400e-13
6.83033e+01	4.36568e-13
6.83762e+01	4.24137e-13
6.84491e+01	4.12096e-13
6.85220e+01	4.00432e-13
6.85949e+01	3.89136e-13
6.86678e+01	3.78197e-13
6.87407e+01	3.67604e-13
6.88136e+01	3.57347e-13
6.88865e+01	3.47418e-13
6.89593e+01	3.37806e-13
6.90322e+01	3.28502e-13
6.91051e+01	3.19499e-13
6.91780e+01	3.10787e-13
6.92509e+01	3.02358e-13
6.93238e+01	2.94205e-13
6.93967e+01	2.86320e-13
6.94696e+01	2.78696e-13
6.95425e+01	2.71325e-13
6.96154e+01	2.64200e-13
6.96883e+01	2.57316e-13
6.97612e+01	2.50665e-13
6.98341e+01	2.44241e-13
6.99070e+01	2.38039e-13
6.99799e+01	2.32053e-13
7.00528e+01	2.26276e-13
7.01257e+01	2.20704e-13
7.01986e+01	2.15332e-13
7.02715e+01	2.10154e-13
7.03444e+01	2.05165e-13
7.04173e+01	2.00362e-13
7.04902e+01	1.95740e-13
7.05631e+01	1.91293e-13
7.06360e+01	1.87019e-13
7.07088e+01	1.82914e-13
7.07817e+01	1.78973e-13
7.08546e+01	1.75193e-13
7.09275e+01	1.71570e-13
7.10004e+01	1.68102e-13
7.10733e+01	1.64785e-13
7.11462e+01	1.61615e-13
7.12191e+01	1.58590e-13
7.12920e+01	1.55707e-13
7.13649e+01	1.52964e-13
7.14378e+01	1.50357e-13
7.15107e+01	1.47885e-13
7.15836e+01	1.45545e-13
7.16565e+01	1.43334e-13
7.17294e+01	1.41252e-13
7.18023e+01	1.39295e-13
7.18752e+01	1.37461e-13
7.19481e+01	1.35750e-13
7.20210e+01	1.34160e-13
7.20939e+01	1.32688e-13
7.21668e+01	1.31334e-13
7.22397e+01	1.30097e-13
7.23126e+01	1.28974e-13
7.23854e+01	1.27965e-13
7.24583e+01	1.27069e-13
7.25312e+01	1.26285e-13
7.26041e+01	1.25612e-13
7.26770e+01	1.25050e-13
7.27499e+01	1.24597e-13
7.28228e+01	1.24254e-13
7.28957e+01	1.24019e-13
