# The ell = 1 distribution, the first anisotropy.
# E_N [Td]	5.00000e+00
# col_1: Electron Energy [eV], col_2: f1 [eV^(-3/2)]
eV	f1
1.50488e-02	3.28447e-05
3.00977e-02	6.04304e-05
4.51465e-02	8.82331e-05
6.01953e-02	1.09062e-04
7.52442e-02	1.25949e-04
9.02930e-02	1.40732e-04
1.05342e-01	1.54073e-04
1.20391e-01	1.65977e-04
1.35439e-01	1.78126e-04
1.50488e-01	1.89383e-04
1.65537e-01	2.00464e-04
1.80586e-01	2.11680e-04
1.95635e-01	2.23132e-04
2.10684e-01	2.34738e-04
2.25732e-01	2.46607e-04
2.40781e-01	2.58782e-04
2.55830e-01	2.72161e-04
2.70879e-01	2.86222e-04
2.85928e-01	3.00930e-04
3.00977e-01	3.16215e-04
3.16025e-01	3.30235e-04
3.31074e-01	3.42818e-04
3.46123e-01	3.58633e-04
3.61172e-01	3.76712e-04
3.76221e-01	3.97050e-04
3.91270e-01	4.24331e-04
4.06318e-01	4.57547e-04
4.21367e-01	4.98217e-04
4.36416e-01	5.48950e-04
4.51465e-01	6.07528e-04
4.66514e-01	6.73564e-04
4.81563e-01	7.53730e-04
4.96611e-01	8.45220e-04
5.11660e-01	9.44975e-04
5.26709e-01	1.06506e-03
5.41758e-01	1.20627e-03
5.56807e-01	1.36374e-03
5.71856e-01	1.53638e-03
5.86904e-01	1.73293e-03
6.01953e-01	1.94777e-03
6.17002e-01	2.17652e-03
6.32051e-01	2.43497e-03
6.47100e-01	2.73316e-03
6.62149e-01	3.06209e-03
6.77197e-01	3.41431e-03
6.92246e-01	3.80987e-03
7.07295e-01	4.26721e-03
7.22344e-01	4.77377e-03
7.37393e-01	5.31749e-03
7.52442e-01	5.89361e-03
7.67490e-01	6.53362e-03
7.82539e-01	7.22306e-03
7.97588e-01	7.94948e-03
8.12637e-01	8.69967e-03
8.27686e-01	9.47568e-03
8.42735e-01	1.02690e-02
8.57783e-01	1.10720e-02
8.72832e-01	1.18888e-02
8.87881e-01	1.27668e-02
9.02930e-01	1.36997e-02
9.17979e-01	1.46743e-02
9.33028e-01	1.56772e-02
9.48076e-01	1.67633e-02
9.63125e-01	1.79464e-02
9.78174e-01	1.92071e-02
9.93223e-01	2.05265e-02
1.00827e+00	2.19169e-02
1.02332e+00	2.34380e-02
1.03837e+00	2.50614e-02
1.05342e+00	2.67644e-02
1.06847e+00	2.85237e-02
1.08352e+00	3.03905e-02
1.09856e+00	3.23035e-02
1.11361e+00	3.42468e-02
1.12866e+00	3.62065e-02
1.14371e+00	3.81734e-02
1.15876e+00	4.01570e-02
1.17381e+00	4.21471e-02
1.18886e+00	4.41355e-02
1.20391e+00	4.61125e-02
1.21896e+00	4.80755e-02
1.23400e+00	5.00663e-02
1.24905e+00	5.20999e-02
1.26410e+00	5.41628e-02
1.27915e+00	5.62416e-02
1.29420e+00	5.83232e-02
1.30925e+00	6.04793e-02
1.32430e+00	6.28198e-02
1.33935e+00	6.53124e-02
1.35439e+00	6.79260e-02
1.36944e+00	7.06308e-02
1.38449e+00	7.33357e-02
1.39954e+00	7.59044e-02
1.41459e+00	7.83439e-02
1.42964e+00	8.06604e-02
1.44469e+00	8.28582e-02
1.45974e+00	8.49420e-02
1.47479e+00	8.69475e-02
1.48983e+00	8.88756e-02
1.50488e+00	9.07342e-02
1.51993e+00	9.25235e-02
1.53498e+00	9.42408e-02
1.55003e+00	9.59057e-02
1.56508e+00	9.78156e-02
1.58013e+00	9.99690e-02
1.59518e+00	1.02320e-01
1.61023e+00	1.04829e-01
1.62527e+00	1.07457e-01
1.64032e+00	1.10173e-01
1.65537e+00	1.12786e-01
1.67042e+00	1.15270e-01
1.68547e+00	1.17584e-01
1.70052e+00	1.19728e-01
1.71557e+00	1.21702e-01
1.73062e+00	1.23486e-01
1.74566e+00	1.24810e-01
1.76071e+00	1.25589e-01
1.77576e+00	1.25833e-01
1.79081e+00	1.25594e-01
1.80586e+00	1.24849e-01
1.82091e+00	1.23632e-01
1.83596e+00	1.22110e-01
1.85101e+00	1.20170e-01
1.86606e+00	1.17797e-01
1.88110e+00	1.14886e-01
1.89615e+00	1.11394e-01
1.91120e+00	1.07406e-01
1.92625e+00	1.02977e-01
1.94130e+00	9.82731e-02
1.95635e+00	9.33594e-02
1.97140e+00	8.83972e-02
1.98645e+00	8.34153e-02
2.00149e+00	7.84355e-02
2.01654e+00	7.34667e-02
2.03159e+00	6.87736e-02
2.04664e+00	6.44183e-02
2.06169e+00	6.04169e-02
2.07674e+00	5.67292e-02
2.09179e+00	5.33366e-02
2.10684e+00	5.02080e-02
2.12189e+00	4.71937e-02
2.13693e+00	4.41884e-02
2.15198e+00	4.12428e-02
2.16703e+00	3.84271e-02
2.18208e+00	3.57495e-02
2.19713e+00	3.32060e-02
2.21218e+00	3.08050e-02
2.22723e+00	2.85651e-02
2.24228e+00	2.64855e-02
2.25732e+00	2.45686e-02
2.27237e+00	2.27951e-02
2.28742e+00	2.11587e-02
2.30247e+00	1.96534e-02
2.31752e+00	1.82433e-02
2.33257e+00	1.69312e-02
2.34762e+00	1.57091e-02
2.36267e+00	1.45757e-02
2.37772e+00	1.35174e-02
2.39276e+00	1.25314e-02
2.40781e+00	1.16332e-02
2.42286e+00	1.08322e-02
2.43791e+00	1.00719e-02
2.45296e+00	9.34775e-03
2.46801e+00	8.65591e-03
2.48306e+00	7.99826e-03
2.49811e+00	7.38655e-03
2.51316e+00	6.82594e-03
2.52820e+00	6.30288e-03
2.54325e+00	5.82481e-03
2.55830e+00	5.39080e-03
2.57335e+00	4.99372e-03
2.58840e+00	4.63216e-03
2.60345e+00	4.30885e-03
2.61850e+00	4.00618e-03
2.63355e+00	3.72337e-03
2.64859e+00	3.45789e-03
2.66364e+00	3.21226e-03
2.67869e+00	2.98489e-03
2.69374e+00	2.77254e-03
2.70879e+00	2.57637e-03
2.72384e+00	2.39917e-03
2.73889e+00	2.24257e-03
2.75394e+00	2.10418e-03
2.76899e+00	1.97914e-03
2.78403e+00	1.86137e-03
2.79908e+00	1.75120e-03
2.81413e+00	1.64855e-03
2.82918e+00	1.55032e-03
2.84423e+00	1.45510e-03
2.85928e+00	1.36302e-03
2.87433e+00	1.27250e-03
2.88938e+00	1.18505e-03
2.90442e+00	1.10505e-03
2.91947e+00	1.03214e-03
2.93452e+00	9.65839e-04
2.94957e+00	9.05865e-04
2.96462e+00	8.51635e-04
2.97967e+00	8.03201e-04
2.99472e+00	7.60013e-04
3.00977e+00	7.20557e-04
3.02482e+00	6.83196e-04
3.03986e+00	6.47458e-04
3.05491e+00	6.13205e-04
3.06996e+00	5.80506e-04
3.08501e+00	5.49300e-04
3.10006e+00	5.19555e-04
3.11511e+00	4.91855e-04
3.13016e+00	4.66008e-04
3.14521e+00	4.42195e-04
3.16025e+00	4.20195e-04
3.17530e+00	3.99400e-04
3.19035e+00	3.79614e-04
3.20540e+00	3.60788e-04
3.22045e+00	3.42842e-04
3.23550e+00	3.25790e-04
3.25055e+00	3.09499e-04
3.26560e+00	2.93924e-04
3.28065e+00	2.79222e-04
3.29569e+00	2.65444e-04
3.31074e+00	2.52603e-04
3.32579e+00	2.40728e-04
3.34084e+00	2.29710e-04
3.35589e+00	2.19445e-04
3.37094e+00	2.09903e-04
3.38599e+00	2.01012e-04
3.40104e+00	1.92704e-04
3.41609e+00	1.84958e-04
3.43113e+00	1.77595e-04
3.44618e+00	1.70571e-04
3.46123e+00	1.63899e-04
3.47628e+00	1.57563e-04
3.49133e+00	1.51558e-04
3.50638e+00	1.45901e-04
3.52143e+00	1.40522e-04
3.53648e+00	1.35407e-04
3.55152e+00	1.30526e-04
3.56657e+00	1.25835e-04
3.58162e+00	1.21290e-04
3.59667e+00	1.16908e-04
3.61172e+00	1.12704e-04
3.62677e+00	1.08675e-04
3.64182e+00	1.04811e-04
3.65687e+00	1.01106e-04
3.67192e+00	9.75562e-05
3.68696e+00	9.41650e-05
3.70201e+00	9.09256e-05
3.71706e+00	8.78312e-05
3.73211e+00	8.48962e-05
3.74716e+00	8.21199e-05
3.76221e+00	7.95059e-05
3.77726e+00	7.70490e-05
3.79231e+00	7.47524e-05
3.80735e+00	7.26096e-05
3.82240e+00	7.06128e-05
3.83745e+00	6.87577e-05
3.85250e+00	6.70369e-05
3.86755e+00	6.54393e-05
3.88260e+00	6.39062e-05
3.89765e+00	6.24363e-05
3.91270e+00	6.10288e-05
3.92775e+00	5.96792e-05
3.94279e+00	5.83853e-05
3.95784e+00	5.71493e-05
3.97289e+00	5.59619e-05
3.98794e+00	5.48371e-05
4.00299e+00	5.37542e-05
4.01804e+00	5.27110e-05
4.03309e+00	5.17009e-05
4.04814e+00	5.07096e-05
4.06318e+00	4.97346e-05
4.07823e+00	4.87792e-05
4.09328e+00	4.78395e-05
4.10833e+00	4.69161e-05
4.12338e+00	4.60084e-05
4.13843e+00	4.51154e-05
4.15348e+00	4.42366e-05
4.16853e+00	4.33713e-05
4.18358e+00	4.25195e-05
4.19862e+00	4.16807e-05
4.21367e+00	4.08541e-05
4.22872e+00	4.00393e-05
4.24377e+00	3.92361e-05
4.25882e+00	3.84445e-05
4.27387e+00	3.76611e-05
4.28892e+00	3.68855e-05
4.30397e+00	3.61173e-05
4.31901e+00	3.53563e-05
4.33406e+00	3.46024e-05
4.34911e+00	3.38556e-05
4.36416e+00	3.31158e-05
4.37921e+00	3.23836e-05
4.39426e+00	3.16591e-05
4.40931e+00	3.09430e-05
4.42436e+00	3.02340e-05
4.43941e+00	2.95362e-05
4.45445e+00	2.88473e-05
4.46950e+00	2.81683e-05
4.48455e+00	2.74989e-05
4.49960e+00	2.68387e-05
4.51465e+00	2.61876e-05
4.52970e+00	2.55452e-05
4.54475e+00	2.49150e-05
4.55980e+00	2.43012e-05
4.57485e+00	2.37036e-05
4.58989e+00	2.31218e-05
4.60494e+00	2.25556e-05
4.61999e+00	2.20046e-05
4.63504e+00	2.14687e-05
4.65009e+00	2.09524e-05
4.66514e+00	2.04553e-05
4.68019e+00	1.99768e-05
4.69524e+00	1.95167e-05
4.71028e+00	1.90744e-05
4.72533e+00	1.86497e-05
4.74038e+00	1.82421e-05
4.75543e+00	1.78513e-05
4.77048e+00	1.74770e-05
4.78553e+00	1.71188e-05
4.80058e+00	1.67764e-05
4.81563e+00	1.64494e-05
4.83068e+00	1.61378e-05
4.84572e+00	1.58444e-05
4.86077e+00	1.55692e-05
4.87582e+00	1.53118e-05
4.89087e+00	1.50717e-05
4.90592e+00	1.48484e-05
4.92097e+00	1.46415e-05
4.93602e+00	1.44463e-05
4.95107e+00	1.42616e-05
4.96611e+00	1.40865e-05
4.98116e+00	1.39205e-05
4.99621e+00	1.37634e-05
5.01126e+00	1.36143e-05
5.02631e+00	1.34729e-05
5.04136e+00	1.33388e-05
5.05641e+00	1.32102e-05
5.07146e+00	1.30875e-05
5.08651e+00	1.29705e-05
5.10155e+00	1.28590e-05
5.11660e+00	1.27522e-05
5.13165e+00	1.26466e-05
5.14670e+00	1.25419e-05
5.16175e+00	1.24381e-05
5.17680e+00	1.23351e-05
5.19185e+00	1.22329e-05
5.20690e+00	1.21316e-05
5.22194e+00	1.20311e-05
5.23699e+00	1.19314e-05
5.25204e+00	1.18326e-05
5.26709e+00	1.17345e-05
5.28214e+00	1.16372e-05
5.29719e+00	1.15408e-05
5.31224e+00	1.14451e-05
5.32729e+00	1.13502e-05
5.34234e+00	1.12561e-05
5.35738e+00	1.11628e-05
5.37243e+00	1.10703e-05
5.38748e+00	1.09785e-05
5.40253e+00	1.08875e-05
5.41758e+00	1.07972e-05
5.43263e+00	1.07077e-05
5.44768e+00	1.06189e-05
5.46273e+00	1.05308e-05
5.47778e+00	1.04435e-05
5.49282e+00	1.03569e-05
5.50787e+00	1.02710e-05
5.52292e+00	1.01859e-05
5.53797e+00	1.01014e-05
5.55302e+00	1.00176e-05
5.56807e+00	9.93457e-06
5.58312e+00	9.85221e-06
5.59817e+00	9.77053e-06
5.61321e+00	9.68954e-06
5.62826e+00	9.60922e-06
5.64331e+00	9.52957e-06
5.65836e+00	9.45057e-06
5.67341e+00	9.37227e-06
5.68846e+00	9.29458e-06
5.70351e+00	9.21756e-06
5.71856e+00	9.14120e-06
5.73361e+00	9.06549e-06
5.74865e+00	8.99043e-06
5.76370e+00	8.91601e-06
5.77875e+00	8.84222e-06
5.79380e+00	8.76904e-06
5.80885e+00	8.69654e-06
5.82390e+00	8.62463e-06
5.83895e+00	8.55333e-06
5.85400e+00	8.48265e-06
5.86904e+00	8.41257e-06
5.88409e+00	8.34307e-06
5.89914e+00	8.27418e-06
5.91419e+00	8.20598e-06
5.92924e+00	8.13810e-06
5.94429e+00	8.07093e-06
5.95934e+00	8.00434e-06
5.97439e+00	7.93833e-06
5.98944e+00	7.87290e-06
6.00448e+00	7.80800e-06
6.01953e+00	7.74369e-06
6.03458e+00	7.68031e-06
6.04963e+00	7.61653e-06
6.06468e+00	7.55373e-06
6.07973e+00	7.49144e-06
6.09478e+00	7.42969e-06
6.10983e+00	7.36849e-06
6.12487e+00	7.30783e-06
6.13992e+00	7.24770e-06
6.15497e+00	7.18808e-06
6.17002e+00	7.12902e-06
6.18507e+00	7.07046e-06
6.20012e+00	7.01242e-06
6.21517e+00	6.95489e-06
6.23022e+00	6.89787e-06
6.24527e+00	6.84135e-06
6.26031e+00	6.78533e-06
6.27536e+00	6.72981e-06
6.29041e+00	6.67476e-06
6.30546e+00	6.62019e-06
6.32051e+00	6.56611e-06
6.33556e+00	6.51249e-06
6.35061e+00	6.45935e-06
6.36566e+00	6.40667e-06
6.38071e+00	6.35445e-06
6.39575e+00	6.30269e-06
6.41080e+00	6.25139e-06
6.42585e+00	6.20052e-06
6.44090e+00	6.15010e-06
6.45595e+00	6.10014e-06
6.47100e+00	6.05062e-06
6.48605e+00	6.00154e-06
6.50110e+00	5.95289e-06
6.51614e+00	5.90468e-06
6.53119e+00	5.85687e-06
6.54624e+00	5.80952e-06
6.56129e+00	5.76258e-06
6.57634e+00	5.71606e-06
6.59139e+00	5.66994e-06
6.60644e+00	5.62422e-06
6.62149e+00	5.57891e-06
6.63654e+00	5.53399e-06
6.65158e+00	5.48947e-06
6.66663e+00	5.44529e-06
6.68168e+00	5.40158e-06
6.69673e+00	5.35822e-06
6.71178e+00	5.31525e-06
6.72683e+00	5.27267e-06
6.74188e+00	5.23038e-06
6.75693e+00	5.18833e-06
6.77197e+00	5.14653e-06
6.78702e+00	5.10497e-06
6.80207e+00	5.06366e-06
6.81712e+00	5.02258e-06
6.83217e+00	4.98174e-06
6.84722e+00	4.94115e-06
6.86227e+00	4.90080e-06
6.87732e+00	4.86069e-06
6.89237e+00	4.82082e-06
6.90741e+00	4.78116e-06
6.92246e+00	4.74161e-06
6.93751e+00	4.70322e-06
6.95256e+00	4.66330e-06
6.96761e+00	4.62442e-06
6.98266e+00	4.58571e-06
6.99771e+00	4.54728e-06
7.01276e+00	4.50914e-06
7.02780e+00	4.47130e-06
7.04285e+00	4.43376e-06
7.05790e+00	4.39631e-06
7.07295e+00	4.36000e-06
7.08800e+00	4.32268e-06
7.10305e+00	4.28611e-06
7.11810e+00	4.24982e-06
7.13315e+00	4.21382e-06
7.14820e+00	4.17812e-06
7.16324e+00	4.14271e-06
7.17829e+00	4.10758e-06
7.19334e+00	4.07274e-06
7.20839e+00	4.03818e-06
7.22344e+00	4.00390e-06
7.23849e+00	3.96992e-06
7.25354e+00	3.93629e-06
7.26859e+00	3.90299e-06
7.28363e+00	3.87003e-06
7.29868e+00	3.83740e-06
7.31373e+00	3.80508e-06
7.32878e+00	3.77308e-06
7.34383e+00	3.74138e-06
7.35888e+00	3.70999e-06
7.37393e+00	3.67878e-06
7.38898e+00	3.64756e-06
7.40403e+00	3.61632e-06
7.41907e+00	3.58509e-06
7.43412e+00	3.55387e-06
7.44917e+00	3.52266e-06
7.46422e+00	3.49148e-06
7.47927e+00	3.46032e-06
7.49432e+00	3.42922e-06
7.50937e+00	3.39818e-06
7.52442e+00	3.36720e-06
7.53947e+00	3.33626e-06
7.55451e+00	3.30536e-06
7.56956e+00	3.27450e-06
7.58461e+00	3.24367e-06
7.59966e+00	3.21290e-06
7.61471e+00	3.18217e-06
7.62976e+00	3.15150e-06
7.64481e+00	3.12088e-06
7.65986e+00	3.09033e-06
7.67490e+00	3.05985e-06
7.68995e+00	3.02945e-06
7.70500e+00	2.99914e-06
7.72005e+00	2.96892e-06
7.73510e+00	2.93880e-06
7.75015e+00	2.90878e-06
7.76520e+00	2.87863e-06
7.78025e+00	2.84834e-06
7.79530e+00	2.81784e-06
7.81034e+00	2.78706e-06
7.82539e+00	2.75600e-06
7.84044e+00	2.72464e-06
7.85549e+00	2.69297e-06
7.87054e+00	2.66103e-06
7.88559e+00	2.62883e-06
7.90064e+00	2.59638e-06
7.91569e+00	2.56373e-06
7.93073e+00	2.53090e-06
7.94578e+00	2.49791e-06
7.96083e+00	2.46478e-06
7.97588e+00	2.43156e-06
7.99093e+00	2.39822e-06
8.00598e+00	2.36477e-06
8.02103e+00	2.33124e-06
8.03608e+00	2.29760e-06
8.05113e+00	2.26386e-06
8.06617e+00	2.23004e-06
8.08122e+00	2.19617e-06
8.09627e+00	2.16228e-06
8.11132e+00	2.12836e-06
8.12637e+00	2.09450e-06
8.14142e+00	2.06068e-06
8.15647e+00	2.02692e-06
8.17152e+00	1.99325e-06
8.18656e+00	1.95968e-06
8.20161e+00	1.92625e-06
8.21666e+00	1.89297e-06
8.23171e+00	1.85978e-06
8.24676e+00	1.82661e-06
8.26181e+00	1.79350e-06
8.27686e+00	1.76047e-06
8.29191e+00	1.72754e-06
8.30696e+00	1.69468e-06
8.32200e+00	1.66190e-06
8.33705e+00	1.62922e-06
8.35210e+00	1.59663e-06
8.36715e+00	1.56417e-06
8.38220e+00	1.53185e-06
8.39725e+00	1.49971e-06
8.41230e+00	1.46775e-06
8.42735e+00	1.43602e-06
8.44240e+00	1.40452e-06
8.45744e+00	1.37327e-06
8.47249e+00	1.34209e-06
8.48754e+00	1.31097e-06
8.50259e+00	1.28000e-06
8.51764e+00	1.24929e-06
8.53269e+00	1.21888e-06
8.54774e+00	1.18880e-06
8.56279e+00	1.15911e-06
8.57783e+00	1.12985e-06
8.59288e+00	1.10102e-06
8.60793e+00	1.07261e-06
8.62298e+00	1.04465e-06
8.63803e+00	1.01713e-06
8.65308e+00	9.90066e-07
8.66813e+00	9.63452e-07
8.68318e+00	9.37295e-07
8.69823e+00	9.11601e-07
8.71327e+00	8.86373e-07
8.72832e+00	8.61612e-07
8.74337e+00	8.37315e-07
8.75842e+00	8.13478e-07
8.77347e+00	7.90102e-07
8.78852e+00	7.67186e-07
8.80357e+00	7.44729e-07
8.81862e+00	7.22732e-07
8.83366e+00	7.01191e-07
8.84871e+00	6.80105e-07
8.86376e+00	6.59471e-07
8.87881e+00	6.39286e-07
8.89386e+00	6.19548e-07
8.90891e+00	6.00250e-07
8.92396e+00	5.81395e-07
8.93901e+00	5.62988e-07
8.95406e+00	5.44970e-07
8.96910e+00	5.27397e-07
8.98415e+00	5.10252e-07
8.99920e+00	4.93538e-07
9.01425e+00	4.77275e-07
9.02930e+00	4.61456e-07
9.04435e+00	4.46094e-07
9.05940e+00	4.31186e-07
9.07445e+00	4.16722e-07
9.08949e+00	4.02688e-07
9.10454e+00	3.89076e-07
9.11959e+00	3.75875e-07
9.13464e+00	3.63074e-07
9.14969e+00	3.50663e-07
9.16474e+00	3.38632e-07
9.17979e+00	3.26971e-07
9.19484e+00	3.15671e-07
9.20989e+00	3.04721e-07
9.22493e+00	2.94113e-07
9.23998e+00	2.83837e-07
9.25503e+00	2.73884e-07
9.27008e+00	2.64246e-07
9.28513e+00	2.54916e-07
9.30018e+00	2.45879e-07
9.31523e+00	2.37134e-07
9.33028e+00	2.28671e-07
9.34533e+00	2.20481e-07
9.36037e+00	2.12557e-07
9.37542e+00	2.04892e-07
9.39047e+00	1.97478e-07
9.40552e+00	1.90308e-07
9.42057e+00	1.83375e-07
9.43562e+00	1.76672e-07
9.45067e+00	1.70193e-07
9.46572e+00	1.63931e-07
9.48076e+00	1.57879e-07
9.49581e+00	1.52032e-07
9.51086e+00	1.46384e-07
9.52591e+00	1.40928e-07
9.54096e+00	1.35659e-07
9.55601e+00	1.30571e-07
9.57106e+00	1.25658e-07
9.58611e+00	1.20913e-07
9.60116e+00	1.16331e-07
9.61620e+00	1.11907e-07
9.63125e+00	1.07634e-07
9.64630e+00	1.03516e-07
9.66135e+00	9.95316e-08
9.67640e+00	9.56911e-08
9.69145e+00	9.19835e-08
9.70650e+00	8.84055e-08
9.72155e+00	8.49531e-08
9.73659e+00	8.16223e-08
9.75164e+00	7.84096e-08
9.76669e+00	7.53112e-08
9.78174e+00	7.23233e-08
9.79679e+00	6.94426e-08
9.81184e+00	6.66655e-08
9.82689e+00	6.39889e-08
9.84194e+00	6.14095e-08
9.85699e+00	5.89242e-08
9.87203e+00	5.65301e-08
9.88708e+00	5.42240e-08
9.90213e+00	5.20033e-08
9.91718e+00	4.98649e-08
9.93223e+00	4.78063e-08
9.94728e+00	4.58246e-08
9.96233e+00	4.39176e-08
9.97738e+00	4.20828e-08
9.99242e+00	4.03173e-08
1.00075e+01	3.86199e-08
1.00225e+01	3.70076e-08
1.00376e+01	3.54259e-08
1.00526e+01	3.39243e-08
1.00677e+01	3.24828e-08
1.00827e+01	3.11011e-08
1.00978e+01	2.97763e-08
1.01128e+01	2.85066e-08
1.01279e+01	2.72897e-08
1.01429e+01	2.61235e-08
1.01580e+01	2.50058e-08
1.01730e+01	2.39348e-08
1.01881e+01	2.29083e-08
1.02031e+01	2.19248e-08
1.02182e+01	2.09822e-08
1.02332e+01	2.00791e-08
1.02483e+01	1.92137e-08
1.02633e+01	1.83846e-08
1.02784e+01	1.75903e-08
1.02934e+01	1.68293e-08
1.03085e+01	1.61004e-08
1.03235e+01	1.54021e-08
1.03385e+01	1.47333e-08
1.03536e+01	1.40928e-08
1.03686e+01	1.34794e-08
1.03837e+01	1.28920e-08
1.03987e+01	1.23295e-08
1.04138e+01	1.17909e-08
1.04288e+01	1.12752e-08
1.04439e+01	1.07816e-08
1.04589e+01	1.03090e-08
1.04740e+01	9.85657e-09
1.04890e+01	9.42355e-09
1.05041e+01	9.00909e-09
1.05191e+01	8.61241e-09
1.05342e+01	8.23278e-09
1.05492e+01	7.86947e-09
1.05643e+01	7.52179e-09
1.05793e+01	7.18885e-09
1.05944e+01	6.87034e-09
1.06094e+01	6.56782e-09
1.06245e+01	6.27322e-09
1.06395e+01	5.99391e-09
1.06546e+01	5.72654e-09
1.06696e+01	5.47092e-09
1.06847e+01	5.22652e-09
1.06997e+01	4.99284e-09
1.07148e+01	4.76943e-09
1.07298e+01	4.55586e-09
1.07449e+01	4.35169e-09
1.07599e+01	4.15651e-09
1.07750e+01	3.96996e-09
1.07900e+01	3.79164e-09
1.08051e+01	3.62121e-09
1.08201e+01	3.45832e-09
1.08352e+01	3.30265e-09
1.08502e+01	3.15388e-09
1.08653e+01	3.01173e-09
1.08803e+01	2.87589e-09
1.08954e+01	2.74609e-09
1.09104e+01	2.62208e-09
1.09255e+01	2.50360e-09
1.09405e+01	2.39042e-09
1.09556e+01	2.28230e-09
1.09706e+01	2.17904e-09
1.09856e+01	2.08040e-09
1.10007e+01	1.98619e-09
1.10157e+01	1.89621e-09
1.10308e+01	1.81028e-09
1.10458e+01	1.72823e-09
1.10609e+01	1.64990e-09
1.10759e+01	1.57511e-09
1.10910e+01	1.50372e-09
1.11060e+01	1.43558e-09
1.11211e+01	1.37053e-09
1.11361e+01	1.30846e-09
1.11512e+01	1.24921e-09
1.11662e+01	1.19267e-09
1.11813e+01	1.13872e-09
1.11963e+01	1.08725e-09
1.12114e+01	1.03809e-09
1.12264e+01	9.91143e-10
1.12415e+01	9.46321e-10
1.12565e+01	9.03531e-10
1.12716e+01	8.62684e-10
1.12866e+01	8.23698e-10
1.13017e+01	7.86493e-10
1.13167e+01	7.50991e-10
1.13318e+01	7.17119e-10
1.13468e+01	6.84808e-10
1.13619e+01	6.53990e-10
1.13769e+01	6.24600e-10
1.13920e+01	5.96578e-10
1.14070e+01	5.69865e-10
1.14221e+01	5.44403e-10
1.14371e+01	5.20142e-10
1.14522e+01	4.97025e-10
1.14672e+01	4.75007e-10
1.14823e+01	4.54039e-10
1.14973e+01	4.34078e-10
1.15124e+01	4.15079e-10
1.15274e+01	3.97002e-10
1.15425e+01	3.79807e-10
1.15575e+01	3.63385e-10
1.15726e+01	3.47274e-10
1.15876e+01	3.31521e-10
1.16026e+01	3.16136e-10
1.16177e+01	3.01084e-10
1.16327e+01	2.86337e-10
1.16478e+01	2.71242e-10
1.16628e+01	2.56083e-10
1.16779e+01	2.41509e-10
1.16929e+01	2.27826e-10
1.17080e+01	2.15100e-10
1.17230e+01	2.03326e-10
1.17381e+01	1.92369e-10
1.17531e+01	1.82007e-10
1.17682e+01	1.72059e-10
1.17832e+01	1.62534e-10
1.17983e+01	1.53498e-10
1.18133e+01	1.44925e-10
1.18284e+01	1.36701e-10
1.18434e+01	1.28084e-10
1.18585e+01	1.19409e-10
1.18735e+01	1.11463e-10
1.18886e+01	1.04322e-10
1.19036e+01	9.76467e-11
1.19187e+01	9.13165e-11
1.19337e+01	8.54775e-11
1.19488e+01	8.00741e-11
1.19638e+01	7.50519e-11
1.19789e+01	7.03646e-11
1.19939e+01	6.59863e-11
1.20090e+01	6.18851e-11
1.20240e+01	5.80383e-11
1.20391e+01	5.44256e-11
1.20541e+01	5.10315e-11
1.20692e+01	4.78433e-11
1.20842e+01	4.48492e-11
1.20993e+01	4.20369e-11
1.21143e+01	3.93931e-11
1.21294e+01	3.69055e-11
1.21444e+01	3.45644e-11
1.21595e+01	3.23622e-11
1.21745e+01	3.02915e-11
1.21896e+01	2.83456e-11
1.22046e+01	2.65161e-11
1.22197e+01	2.47928e-11
1.22347e+01	2.31694e-11
1.22497e+01	2.16404e-11
1.22648e+01	2.02010e-11
1.22798e+01	1.88468e-11
1.22949e+01	1.75740e-11
1.23099e+01	1.63780e-11
1.23250e+01	1.52582e-11
1.23400e+01	1.42101e-11
1.23551e+01	1.32295e-11
1.23701e+01	1.23124e-11
1.23852e+01	1.14552e-11
1.24002e+01	1.06543e-11
1.24153e+01	9.90500e-12
1.24303e+01	9.20436e-12
1.24454e+01	8.54920e-12
1.24604e+01	7.93688e-12
1.24755e+01	7.36488e-12
1.24905e+01	6.83082e-12
1.25056e+01	6.33243e-12
1.25206e+01	5.86732e-12
1.25357e+01	5.43333e-12
1.25507e+01	5.02907e-12
1.25658e+01	4.65246e-12
1.25808e+01	4.30070e-12
1.25959e+01	3.97397e-12
1.26109e+01	3.67028e-12
1.26260e+01	3.38833e-12
1.26410e+01	3.12688e-12
1.26561e+01	2.88452e-12
1.26711e+01	2.65991e-12
1.26862e+01	2.45180e-12
1.27012e+01	2.25920e-12
1.27163e+01	2.08119e-12
1.27313e+01	1.91670e-12
1.27464e+01	1.76488e-12
1.27614e+01	1.62475e-12
1.27765e+01	1.49544e-12
1.27915e+01	1.37610e-12
1.28066e+01	1.26604e-12
1.28216e+01	1.16490e-12
1.28367e+01	1.07200e-12
1.28517e+01	9.86904e-13
1.28668e+01	9.09232e-13
1.28818e+01	8.38415e-13
1.28968e+01	7.73475e-13
1.29119e+01	7.13580e-13
1.29269e+01	6.57286e-13
1.29420e+01	6.05987e-13
1.29570e+01	5.59756e-13
1.29721e+01	5.17773e-13
1.29871e+01	4.78813e-13
1.30022e+01	4.42551e-13
1.30172e+01	4.06961e-13
1.30323e+01	3.71142e-13
1.30473e+01	3.35726e-13
1.30624e+01	3.03247e-13
1.30774e+01	2.75408e-13
1.30925e+01	2.51208e-13
1.31075e+01	2.30194e-13
1.31226e+01	2.11836e-13
1.31376e+01	1.95543e-13
1.31527e+01	1.80474e-13
1.31677e+01	1.66338e-13
1.31828e+01	1.52879e-13
1.31978e+01	1.40123e-13
1.32129e+01	1.28232e-13
1.32279e+01	1.17697e-13
1.32430e+01	1.08244e-13
1.32580e+01	9.96987e-14
1.32731e+01	9.19100e-14
1.32881e+01	8.48245e-14
1.33032e+01	7.83651e-14
1.33182e+01	7.24519e-14
1.33333e+01	6.70275e-14
1.33483e+01	6.20306e-14
1.33634e+01	5.74193e-14
1.33784e+01	5.31460e-14
1.33935e+01	4.91693e-14
1.34085e+01	4.54700e-14
1.34236e+01	4.20273e-14
1.34386e+01	3.88079e-14
1.34537e+01	3.57980e-14
1.34687e+01	3.29713e-14
1.34838e+01	3.03480e-14
1.34988e+01	2.79348e-14
1.35139e+01	2.57168e-14
1.35289e+01	2.36677e-14
1.35439e+01	2.17725e-14
1.35590e+01	2.00207e-14
1.35740e+01	1.84021e-14
1.35891e+01	1.69072e-14
1.36041e+01	1.55269e-14
1.36192e+01	1.42541e-14
1.36342e+01	1.30809e-14
1.36493e+01	1.19998e-14
1.36643e+01	1.10040e-14
1.36794e+01	1.00873e-14
1.36944e+01	9.24359e-15
1.37095e+01	8.46743e-15
1.37245e+01	7.75373e-15
1.37396e+01	7.09776e-15
1.37546e+01	6.49501e-15
1.37697e+01	5.94144e-15
1.37847e+01	5.43329e-15
1.37998e+01	4.96695e-15
1.38148e+01	4.53905e-15
1.38299e+01	4.14653e-15
1.38449e+01	3.78667e-15
1.38600e+01	3.45682e-15
1.38750e+01	3.15443e-15
1.38901e+01	2.87700e-15
1.39051e+01	2.62266e-15
1.39202e+01	2.38946e-15
1.39352e+01	2.17575e-15
1.39503e+01	1.98003e-15
1.39653e+01	1.80091e-15
1.39804e+01	1.63717e-15
1.39954e+01	1.48743e-15
1.40105e+01	1.35055e-15
1.40255e+01	1.22552e-15
1.40406e+01	1.11152e-15
1.40556e+01	1.00755e-15
1.40707e+01	9.12863e-16
1.40857e+01	8.26615e-16
1.41008e+01	7.48101e-16
1.41158e+01	6.76670e-16
1.41309e+01	6.11727e-16
1.41459e+01	5.52722e-16
1.41610e+01	4.99146e-16
1.41760e+01	4.50529e-16
1.41910e+01	4.06436e-16
1.42061e+01	3.66475e-16
1.42211e+01	3.30272e-16
1.42362e+01	2.97478e-16
1.42512e+01	2.67782e-16
1.42663e+01	2.40906e-16
1.42813e+01	2.16597e-16
1.42964e+01	1.94625e-16
1.43114e+01	1.74777e-16
1.43265e+01	1.56862e-16
1.43415e+01	1.40701e-16
1.43566e+01	1.26133e-16
1.43716e+01	1.13008e-16
1.43867e+01	1.01191e-16
1.44017e+01	9.05590e-17
1.44168e+01	8.09979e-17
1.44318e+01	7.24058e-17
1.44469e+01	6.46887e-17
1.44619e+01	5.77621e-17
1.44770e+01	5.15495e-17
1.44920e+01	4.59806e-17
1.45071e+01	4.09913e-17
1.45221e+01	3.65241e-17
1.45372e+01	3.25269e-17
1.45522e+01	2.89523e-17
1.45673e+01	2.57575e-17
1.45823e+01	2.29038e-17
1.45974e+01	2.03564e-17
1.46124e+01	1.80836e-17
1.46275e+01	1.60570e-17
1.46425e+01	1.42510e-17
1.46576e+01	1.26426e-17
1.46726e+01	1.12110e-17
1.46877e+01	9.93746e-18
1.47027e+01	8.80537e-18
1.47178e+01	7.79965e-18
1.47328e+01	6.90679e-18
1.47479e+01	6.11470e-18
1.47629e+01	5.41254e-18
1.47780e+01	4.79062e-18
1.47930e+01	4.24033e-18
1.48081e+01	3.75392e-18
1.48231e+01	3.32451e-18
1.48381e+01	2.94594e-18
1.48532e+01	2.61275e-18
1.48682e+01	2.32012e-18
1.48833e+01	2.06373e-18
1.48983e+01	1.83980e-18
1.49134e+01	1.64498e-18
1.49284e+01	1.47633e-18
1.49435e+01	1.33129e-18
1.49585e+01	1.20765e-18
1.49736e+01	1.10350e-18
1.49886e+01	1.01723e-18
1.50037e+01	9.47490e-19
1.50187e+01	8.93141e-19
1.50338e+01	8.53781e-19
1.50488e+01	8.24804e-19
