# The ell = 1 distribution, the first anisotropy.
# E_N [Td]	7.00000e+00
# col_1: Electron Energy [eV], col_2: f1 [eV^(-3/2)]
eV	f1
1.68524e-02	3.14253e-05
3.37049e-02	5.64852e-05
5.05573e-02	7.97167e-05
6.74098e-02	9.80144e-05
8.42622e-02	1.14202e-04
1.01115e-01	1.28824e-04
1.17967e-01	1.42556e-04
1.34820e-01	1.56115e-04
1.51672e-01	1.69292e-04
1.68524e-01	1.82819e-04
1.85377e-01	1.96768e-04
2.02229e-01	2.11211e-04
2.19082e-01	2.26792e-04
2.35934e-01	2.43002e-04
2.52787e-01	2.61611e-04
2.69639e-01	2.82557e-04
2.86491e-01	3.05583e-04
3.03344e-01	3.31526e-04
3.20196e-01	3.58597e-04
3.37049e-01	3.91933e-04
3.53901e-01	4.31052e-04
3.70754e-01	4.77699e-04
3.87606e-01	5.38640e-04
4.04459e-01	6.11676e-04
4.21311e-01	6.97259e-04
4.38163e-01	7.99567e-04
4.55016e-01	9.15325e-04
4.71868e-01	1.04826e-03
4.88721e-01	1.20217e-03
5.05573e-01	1.37218e-03
5.22426e-01	1.56506e-03
5.39278e-01	1.79388e-03
5.56130e-01	2.05152e-03
5.72983e-01	2.33662e-03
5.89835e-01	2.65725e-03
6.06688e-01	3.00703e-03
6.23540e-01	3.37970e-03
6.40393e-01	3.82008e-03
6.57245e-01	4.31690e-03
6.74098e-01	4.85929e-03
6.90950e-01	5.46443e-03
7.07802e-01	6.15084e-03
7.24655e-01	6.90579e-03
7.41507e-01	7.71319e-03
7.58360e-01	8.56384e-03
7.75212e-01	9.47458e-03
7.92065e-01	1.04324e-02
8.08917e-01	1.14207e-02
8.25769e-01	1.24358e-02
8.42622e-01	1.34717e-02
8.59474e-01	1.45211e-02
8.76327e-01	1.55975e-02
8.93179e-01	1.67533e-02
9.10032e-01	1.79742e-02
9.26884e-01	1.92473e-02
9.43737e-01	2.05821e-02
9.60589e-01	2.20389e-02
9.77441e-01	2.35976e-02
9.94294e-01	2.52383e-02
1.01115e+00	2.69633e-02
1.02800e+00	2.88111e-02
1.04485e+00	3.07587e-02
1.06170e+00	3.27859e-02
1.07856e+00	3.49360e-02
1.09541e+00	3.71104e-02
1.11226e+00	3.92960e-02
1.12911e+00	4.14843e-02
1.14597e+00	4.36753e-02
1.16282e+00	4.58778e-02
1.17967e+00	4.80751e-02
1.19652e+00	5.02612e-02
1.21338e+00	5.24316e-02
1.23023e+00	5.46106e-02
1.24708e+00	5.68279e-02
1.26393e+00	5.90740e-02
1.28079e+00	6.13382e-02
1.29764e+00	6.35901e-02
1.31449e+00	6.59477e-02
1.33134e+00	6.84598e-02
1.34820e+00	7.11034e-02
1.36505e+00	7.38562e-02
1.38190e+00	7.66516e-02
1.39875e+00	7.92906e-02
1.41560e+00	8.17906e-02
1.43246e+00	8.41598e-02
1.44931e+00	8.64041e-02
1.46616e+00	8.85585e-02
1.48301e+00	9.06193e-02
1.49987e+00	9.25927e-02
1.51672e+00	9.44839e-02
1.53357e+00	9.62918e-02
1.55042e+00	9.80459e-02
1.56728e+00	1.00031e-01
1.58413e+00	1.02246e-01
1.60098e+00	1.04654e-01
1.61783e+00	1.07222e-01
1.63469e+00	1.09930e-01
1.65154e+00	1.12646e-01
1.66839e+00	1.15304e-01
1.68524e+00	1.17858e-01
1.70210e+00	1.20305e-01
1.71895e+00	1.22641e-01
1.73580e+00	1.24780e-01
1.75265e+00	1.26426e-01
1.76951e+00	1.27514e-01
1.78636e+00	1.28088e-01
1.80321e+00	1.28150e-01
1.82006e+00	1.27699e-01
1.83692e+00	1.26920e-01
1.85377e+00	1.25733e-01
1.87062e+00	1.24110e-01
1.88747e+00	1.21886e-01
1.90433e+00	1.19075e-01
1.92118e+00	1.15730e-01
1.93803e+00	1.11951e-01
1.95488e+00	1.07796e-01
1.97174e+00	1.03460e-01
1.98859e+00	9.89742e-02
2.00544e+00	9.43609e-02
2.02229e+00	8.96823e-02
2.03915e+00	8.52224e-02
2.05600e+00	8.10571e-02
2.07285e+00	7.71650e-02
2.08970e+00	7.35175e-02
2.10655e+00	7.00963e-02
2.12341e+00	6.67188e-02
2.14026e+00	6.32618e-02
2.15711e+00	5.98183e-02
2.17396e+00	5.64889e-02
2.19082e+00	5.32727e-02
2.20767e+00	5.01656e-02
2.22452e+00	4.72259e-02
2.24137e+00	4.44571e-02
2.25823e+00	4.18674e-02
2.27508e+00	3.94341e-02
2.29193e+00	3.71577e-02
2.30878e+00	3.50216e-02
2.32564e+00	3.29925e-02
2.34249e+00	3.10664e-02
2.35934e+00	2.92563e-02
2.37619e+00	2.75335e-02
2.39305e+00	2.58975e-02
2.40990e+00	2.43848e-02
2.42675e+00	2.30046e-02
2.44360e+00	2.16601e-02
2.46046e+00	2.03498e-02
2.47731e+00	1.90616e-02
2.49416e+00	1.78332e-02
2.51101e+00	1.66940e-02
2.52787e+00	1.56199e-02
2.54472e+00	1.46270e-02
2.56157e+00	1.37182e-02
2.57842e+00	1.28780e-02
2.59528e+00	1.21191e-02
2.61213e+00	1.14148e-02
2.62898e+00	1.07464e-02
2.64583e+00	1.01056e-02
2.66269e+00	9.50247e-03
2.67954e+00	8.93528e-03
2.69639e+00	8.39762e-03
2.71324e+00	7.89526e-03
2.73009e+00	7.44094e-03
2.74695e+00	7.03912e-03
2.76380e+00	6.68264e-03
2.78065e+00	6.34508e-03
2.79750e+00	6.02415e-03
2.81436e+00	5.72182e-03
2.83121e+00	5.42758e-03
2.84806e+00	5.13755e-03
2.86491e+00	4.85141e-03
2.88177e+00	4.56234e-03
2.89862e+00	4.28987e-03
2.91547e+00	4.04014e-03
2.93232e+00	3.81182e-03
2.94918e+00	3.60469e-03
2.96603e+00	3.41716e-03
2.98288e+00	3.25026e-03
2.99973e+00	3.10034e-03
3.01659e+00	2.96148e-03
3.03344e+00	2.82720e-03
3.05029e+00	2.69688e-03
3.06714e+00	2.57074e-03
3.08400e+00	2.44898e-03
3.10085e+00	2.33156e-03
3.11770e+00	2.22142e-03
3.13455e+00	2.11823e-03
3.15141e+00	2.02300e-03
3.16826e+00	1.93389e-03
3.18511e+00	1.84862e-03
3.20196e+00	1.76684e-03
3.21882e+00	1.68826e-03
3.23567e+00	1.61309e-03
3.25252e+00	1.54071e-03
3.26937e+00	1.47104e-03
3.28623e+00	1.40520e-03
3.30308e+00	1.34354e-03
3.31993e+00	1.28612e-03
3.33678e+00	1.23317e-03
3.35364e+00	1.18379e-03
3.37049e+00	1.13788e-03
3.38734e+00	1.09511e-03
3.40419e+00	1.05511e-03
3.42104e+00	1.01774e-03
3.43790e+00	9.81848e-04
3.45475e+00	9.47615e-04
3.47160e+00	9.14985e-04
3.48845e+00	8.83949e-04
3.50531e+00	8.54611e-04
3.52216e+00	8.26661e-04
3.53901e+00	7.99999e-04
3.55586e+00	7.74408e-04
3.57272e+00	7.49622e-04
3.58957e+00	7.25525e-04
3.60642e+00	7.02236e-04
3.62327e+00	6.79902e-04
3.64013e+00	6.58425e-04
3.65698e+00	6.37779e-04
3.67383e+00	6.17967e-04
3.69068e+00	5.99016e-04
3.70754e+00	5.80887e-04
3.72439e+00	5.63602e-04
3.74124e+00	5.47234e-04
3.75809e+00	5.31845e-04
3.77495e+00	5.17405e-04
3.79180e+00	5.03960e-04
3.80865e+00	4.91475e-04
3.82550e+00	4.79906e-04
3.84236e+00	4.69232e-04
3.85921e+00	4.59390e-04
3.87606e+00	4.50158e-04
3.89291e+00	4.41291e-04
3.90977e+00	4.32813e-04
3.92662e+00	4.24688e-04
3.94347e+00	4.16905e-04
3.96032e+00	4.09473e-04
3.97718e+00	4.02355e-04
3.99403e+00	3.95618e-04
4.01088e+00	3.89109e-04
4.02773e+00	3.82843e-04
4.04459e+00	3.76690e-04
4.06144e+00	3.70609e-04
4.07829e+00	3.64628e-04
4.09514e+00	3.58721e-04
4.11199e+00	3.52891e-04
4.12885e+00	3.47136e-04
4.14570e+00	3.41447e-04
4.16255e+00	3.35821e-04
4.17940e+00	3.30258e-04
4.19626e+00	3.24756e-04
4.21311e+00	3.19309e-04
4.22996e+00	3.13914e-04
4.24681e+00	3.08571e-04
4.26367e+00	3.03275e-04
4.28052e+00	2.98004e-04
4.29737e+00	2.92753e-04
4.31422e+00	2.87524e-04
4.33108e+00	2.82314e-04
4.34793e+00	2.77125e-04
4.36478e+00	2.71956e-04
4.38163e+00	2.66815e-04
4.39849e+00	2.61702e-04
4.41534e+00	2.56620e-04
4.43219e+00	2.51581e-04
4.44904e+00	2.46592e-04
4.46590e+00	2.41652e-04
4.48275e+00	2.36764e-04
4.49960e+00	2.31926e-04
4.51645e+00	2.27137e-04
4.53331e+00	2.22395e-04
4.55016e+00	2.17745e-04
4.56701e+00	2.13208e-04
4.58386e+00	2.08785e-04
4.60072e+00	2.04474e-04
4.61757e+00	2.00272e-04
4.63442e+00	1.96178e-04
4.65127e+00	1.92236e-04
4.66813e+00	1.88443e-04
4.68498e+00	1.84797e-04
4.70183e+00	1.81294e-04
4.71868e+00	1.77932e-04
4.73554e+00	1.74710e-04
4.75239e+00	1.71624e-04
4.76924e+00	1.68672e-04
4.78609e+00	1.65852e-04
4.80294e+00	1.63162e-04
4.81980e+00	1.60600e-04
4.83665e+00	1.58174e-04
4.85350e+00	1.55905e-04
4.87035e+00	1.53790e-04
4.88721e+00	1.51828e-04
4.90406e+00	1.50012e-04
4.92091e+00	1.48342e-04
4.93776e+00	1.46774e-04
4.95462e+00	1.45297e-04
4.97147e+00	1.43901e-04
4.98832e+00	1.42585e-04
5.00517e+00	1.41343e-04
5.02203e+00	1.40167e-04
5.03888e+00	1.39061e-04
5.05573e+00	1.38003e-04
5.07258e+00	1.36997e-04
5.08944e+00	1.36042e-04
5.10629e+00	1.35134e-04
5.12314e+00	1.34258e-04
5.13999e+00	1.33389e-04
5.15685e+00	1.32525e-04
5.17370e+00	1.31668e-04
5.19055e+00	1.30817e-04
5.20740e+00	1.29971e-04
5.22426e+00	1.29132e-04
5.24111e+00	1.28299e-04
5.25796e+00	1.27471e-04
5.27481e+00	1.26649e-04
5.29167e+00	1.25833e-04
5.30852e+00	1.25022e-04
5.32537e+00	1.24217e-04
5.34222e+00	1.23418e-04
5.35908e+00	1.22625e-04
5.37593e+00	1.21837e-04
5.39278e+00	1.21054e-04
5.40963e+00	1.20278e-04
5.42649e+00	1.19506e-04
5.44334e+00	1.18740e-04
5.46019e+00	1.17980e-04
5.47704e+00	1.17224e-04
5.49389e+00	1.16474e-04
5.51075e+00	1.15730e-04
5.52760e+00	1.14990e-04
5.54445e+00	1.14256e-04
5.56130e+00	1.13527e-04
5.57816e+00	1.12803e-04
5.59501e+00	1.12085e-04
5.61186e+00	1.11371e-04
5.62871e+00	1.10662e-04
5.64557e+00	1.09959e-04
5.66242e+00	1.09260e-04
5.67927e+00	1.08567e-04
5.69612e+00	1.07878e-04
5.71298e+00	1.07194e-04
5.72983e+00	1.06516e-04
5.74668e+00	1.05842e-04
5.76353e+00	1.05173e-04
5.78039e+00	1.04509e-04
5.79724e+00	1.03850e-04
5.81409e+00	1.03196e-04
5.83094e+00	1.02547e-04
5.84780e+00	1.01902e-04
5.86465e+00	1.01262e-04
5.88150e+00	1.00627e-04
5.89835e+00	9.99965e-05
5.91521e+00	9.93710e-05
5.93206e+00	9.87482e-05
5.94891e+00	9.81311e-05
5.96576e+00	9.75185e-05
5.98262e+00	9.69106e-05
5.99947e+00	9.63071e-05
6.01632e+00	9.57078e-05
6.03317e+00	9.51172e-05
6.05003e+00	9.45218e-05
6.06688e+00	9.39348e-05
6.08373e+00	9.33518e-05
6.10058e+00	9.27733e-05
6.11744e+00	9.21991e-05
6.13429e+00	9.16293e-05
6.15114e+00	9.10637e-05
6.16799e+00	9.05025e-05
6.18484e+00	8.99456e-05
6.20170e+00	8.93929e-05
6.21855e+00	8.88444e-05
6.23540e+00	8.83000e-05
6.25225e+00	8.77598e-05
6.26911e+00	8.72238e-05
6.28596e+00	8.66917e-05
6.30281e+00	8.61635e-05
6.31966e+00	8.56394e-05
6.33652e+00	8.51193e-05
6.35337e+00	8.46030e-05
6.37022e+00	8.40906e-05
6.38707e+00	8.35820e-05
6.40393e+00	8.30774e-05
6.42078e+00	8.25763e-05
6.43763e+00	8.20791e-05
6.45448e+00	8.15857e-05
6.47134e+00	8.10961e-05
6.48819e+00	8.06103e-05
6.50504e+00	8.01283e-05
6.52189e+00	7.96499e-05
6.53875e+00	7.91750e-05
6.55560e+00	7.87042e-05
6.57245e+00	7.82367e-05
6.58930e+00	7.77728e-05
6.60616e+00	7.73124e-05
6.62301e+00	7.68554e-05
6.63986e+00	7.64019e-05
6.65671e+00	7.59516e-05
6.67357e+00	7.55049e-05
6.69042e+00	7.50617e-05
6.70727e+00	7.46219e-05
6.72412e+00	7.41855e-05
6.74098e+00	7.37517e-05
6.75783e+00	7.33197e-05
6.77468e+00	7.28894e-05
6.79153e+00	7.24610e-05
6.80838e+00	7.20342e-05
6.82524e+00	7.16092e-05
6.84209e+00	7.11859e-05
6.85894e+00	7.07645e-05
6.87579e+00	7.03448e-05
6.89265e+00	6.99268e-05
6.90950e+00	6.95091e-05
6.92635e+00	6.90981e-05
6.94320e+00	6.86847e-05
6.96006e+00	6.82669e-05
6.97691e+00	6.78551e-05
6.99376e+00	6.74449e-05
7.01061e+00	6.70370e-05
7.02747e+00	6.66317e-05
7.04432e+00	6.62284e-05
7.06117e+00	6.58287e-05
7.07802e+00	6.54338e-05
7.09488e+00	6.50323e-05
7.11173e+00	6.46375e-05
7.12858e+00	6.42448e-05
7.14543e+00	6.38547e-05
7.16229e+00	6.34671e-05
7.17914e+00	6.30820e-05
7.19599e+00	6.26994e-05
7.21284e+00	6.23192e-05
7.22970e+00	6.19414e-05
7.24655e+00	6.15668e-05
7.26340e+00	6.11956e-05
7.28025e+00	6.08277e-05
7.29711e+00	6.04629e-05
7.31396e+00	6.01014e-05
7.33081e+00	5.97429e-05
7.34766e+00	5.93874e-05
7.36452e+00	5.90349e-05
7.38137e+00	5.86823e-05
7.39822e+00	5.83283e-05
7.41507e+00	5.79731e-05
7.43193e+00	5.76168e-05
7.44878e+00	5.72595e-05
7.46563e+00	5.69012e-05
7.48248e+00	5.65421e-05
7.49933e+00	5.61825e-05
7.51619e+00	5.58223e-05
7.53304e+00	5.54616e-05
7.54989e+00	5.51001e-05
7.56674e+00	5.47377e-05
7.58360e+00	5.43744e-05
7.60045e+00	5.40104e-05
7.61730e+00	5.36455e-05
7.63415e+00	5.32800e-05
7.65101e+00	5.29138e-05
7.66786e+00	5.25471e-05
7.68471e+00	5.21798e-05
7.70156e+00	5.18122e-05
7.71842e+00	5.14443e-05
7.73527e+00	5.10762e-05
7.75212e+00	5.07079e-05
7.76897e+00	5.03357e-05
7.78583e+00	4.99590e-05
7.80268e+00	4.95772e-05
7.81953e+00	4.91889e-05
7.83638e+00	4.87941e-05
7.85324e+00	4.83923e-05
7.87009e+00	4.79839e-05
7.88694e+00	4.75690e-05
7.90379e+00	4.71479e-05
7.92065e+00	4.67211e-05
7.93750e+00	4.62889e-05
7.95435e+00	4.58516e-05
7.97120e+00	4.54096e-05
7.98806e+00	4.49630e-05
8.00491e+00	4.45116e-05
8.02176e+00	4.40557e-05
8.03861e+00	4.35948e-05
8.05547e+00	4.31291e-05
8.07232e+00	4.26588e-05
8.08917e+00	4.21844e-05
8.10602e+00	4.17060e-05
8.12288e+00	4.12245e-05
8.13973e+00	4.07400e-05
8.15658e+00	4.02528e-05
8.17343e+00	3.97632e-05
8.19028e+00	3.92716e-05
8.20714e+00	3.87784e-05
8.22399e+00	3.82839e-05
8.24084e+00	3.77858e-05
8.25769e+00	3.72841e-05
8.27455e+00	3.67793e-05
8.29140e+00	3.62720e-05
8.30825e+00	3.57614e-05
8.32510e+00	3.52476e-05
8.34196e+00	3.47308e-05
8.35881e+00	3.42111e-05
8.37566e+00	3.36889e-05
8.39251e+00	3.31648e-05
8.40937e+00	3.26392e-05
8.42622e+00	3.21124e-05
8.44307e+00	3.15850e-05
8.45992e+00	3.10574e-05
8.47678e+00	3.05251e-05
8.49363e+00	2.99883e-05
8.51048e+00	2.94503e-05
8.52733e+00	2.89123e-05
8.54419e+00	2.83750e-05
8.56104e+00	2.78400e-05
8.57789e+00	2.73081e-05
8.59474e+00	2.67794e-05
8.61160e+00	2.62543e-05
8.62845e+00	2.57330e-05
8.64530e+00	2.52156e-05
8.66215e+00	2.47024e-05
8.67901e+00	2.41936e-05
8.69586e+00	2.36895e-05
8.71271e+00	2.31901e-05
8.72956e+00	2.26958e-05
8.74642e+00	2.22064e-05
8.76327e+00	2.17222e-05
8.78012e+00	2.12432e-05
8.79697e+00	2.07696e-05
8.81383e+00	2.03014e-05
8.83068e+00	1.98389e-05
8.84753e+00	1.93820e-05
8.86438e+00	1.89309e-05
8.88123e+00	1.84857e-05
8.89809e+00	1.80464e-05
8.91494e+00	1.76129e-05
8.93179e+00	1.71863e-05
8.94864e+00	1.67645e-05
8.96550e+00	1.63493e-05
8.98235e+00	1.59404e-05
8.99920e+00	1.55382e-05
9.01605e+00	1.51433e-05
9.03291e+00	1.47561e-05
9.04976e+00	1.43769e-05
9.06661e+00	1.40058e-05
9.08346e+00	1.36428e-05
9.10032e+00	1.32877e-05
9.11717e+00	1.29403e-05
9.13402e+00	1.26006e-05
9.15087e+00	1.22684e-05
9.16773e+00	1.19437e-05
9.18458e+00	1.16262e-05
9.20143e+00	1.13160e-05
9.21828e+00	1.10127e-05
9.23514e+00	1.07164e-05
9.25199e+00	1.04269e-05
9.26884e+00	1.01440e-05
9.28569e+00	9.86785e-06
9.30255e+00	9.59797e-06
9.31940e+00	9.33450e-06
9.33625e+00	9.07725e-06
9.35310e+00	8.82611e-06
9.36996e+00	8.58098e-06
9.38681e+00	8.34174e-06
9.40366e+00	8.10829e-06
9.42051e+00	7.88050e-06
9.43737e+00	7.65828e-06
9.45422e+00	7.44153e-06
9.47107e+00	7.23012e-06
9.48792e+00	7.02397e-06
9.50478e+00	6.82297e-06
9.52163e+00	6.62702e-06
9.53848e+00	6.43602e-06
9.55533e+00	6.24987e-06
9.57218e+00	6.06846e-06
9.58904e+00	5.89159e-06
9.60589e+00	5.71916e-06
9.62274e+00	5.55105e-06
9.63959e+00	5.38736e-06
9.65645e+00	5.22766e-06
9.67330e+00	5.07206e-06
9.69015e+00	4.92044e-06
9.70700e+00	4.77266e-06
9.72386e+00	4.62866e-06
9.74071e+00	4.48837e-06
9.75756e+00	4.35171e-06
9.77441e+00	4.21860e-06
9.79127e+00	4.08897e-06
9.80812e+00	3.96274e-06
9.82497e+00	3.83984e-06
9.84182e+00	3.72019e-06
9.85868e+00	3.60375e-06
9.87553e+00	3.49043e-06
9.89238e+00	3.38017e-06
9.90923e+00	3.27291e-06
9.92609e+00	3.16857e-06
9.94294e+00	3.06709e-06
9.95979e+00	2.96842e-06
9.97664e+00	2.87249e-06
9.99350e+00	2.77912e-06
1.00103e+01	2.68902e-06
1.00272e+01	2.60135e-06
1.00441e+01	2.51557e-06
1.00609e+01	2.43295e-06
1.00778e+01	2.35289e-06
1.00946e+01	2.27537e-06
1.01115e+01	2.20032e-06
1.01283e+01	2.12767e-06
1.01452e+01	2.05734e-06
1.01620e+01	1.98926e-06
1.01789e+01	1.92336e-06
1.01957e+01	1.85956e-06
1.02126e+01	1.79781e-06
1.02294e+01	1.73803e-06
1.02463e+01	1.68017e-06
1.02631e+01	1.62416e-06
1.02800e+01	1.56995e-06
1.02968e+01	1.51749e-06
1.03137e+01	1.46672e-06
1.03305e+01	1.41759e-06
1.03474e+01	1.37005e-06
1.03642e+01	1.32405e-06
1.03811e+01	1.27954e-06
1.03980e+01	1.23648e-06
1.04148e+01	1.19482e-06
1.04317e+01	1.15452e-06
1.04485e+01	1.11554e-06
1.04654e+01	1.07784e-06
1.04822e+01	1.04137e-06
1.04991e+01	1.00610e-06
1.05159e+01	9.71991e-07
1.05328e+01	9.39005e-07
1.05496e+01	9.07106e-07
1.05665e+01	8.76258e-07
1.05833e+01	8.46356e-07
1.06002e+01	8.17709e-07
1.06170e+01	7.89664e-07
1.06339e+01	7.62542e-07
1.06507e+01	7.36394e-07
1.06676e+01	7.11118e-07
1.06844e+01	6.86694e-07
1.07013e+01	6.63093e-07
1.07182e+01	6.40289e-07
1.07350e+01	6.18255e-07
1.07519e+01	5.96968e-07
1.07687e+01	5.76401e-07
1.07856e+01	5.56533e-07
1.08024e+01	5.37340e-07
1.08193e+01	5.18800e-07
1.08361e+01	5.00892e-07
1.08530e+01	4.83596e-07
1.08698e+01	4.66890e-07
1.08867e+01	4.50758e-07
1.09035e+01	4.35178e-07
1.09204e+01	4.20134e-07
1.09372e+01	4.05608e-07
1.09541e+01	3.91584e-07
1.09709e+01	3.78046e-07
1.09878e+01	3.64978e-07
1.10046e+01	3.52362e-07
1.10215e+01	3.40184e-07
1.10383e+01	3.28431e-07
1.10552e+01	3.17090e-07
1.10721e+01	3.06148e-07
1.10889e+01	2.95592e-07
1.11058e+01	2.85408e-07
1.11226e+01	2.75585e-07
1.11395e+01	2.66111e-07
1.11563e+01	2.56973e-07
1.11732e+01	2.48161e-07
1.11900e+01	2.39663e-07
1.12069e+01	2.31465e-07
1.12237e+01	2.23551e-07
1.12406e+01	2.15914e-07
1.12574e+01	2.08544e-07
1.12743e+01	2.01433e-07
1.12911e+01	1.94573e-07
1.13080e+01	1.87956e-07
1.13248e+01	1.81575e-07
1.13417e+01	1.75422e-07
1.13585e+01	1.69490e-07
1.13754e+01	1.63771e-07
1.13922e+01	1.58260e-07
1.14091e+01	1.52950e-07
1.14260e+01	1.47835e-07
1.14428e+01	1.42908e-07
1.14597e+01	1.38163e-07
1.14765e+01	1.33595e-07
1.14934e+01	1.29199e-07
1.15102e+01	1.24969e-07
1.15271e+01	1.20901e-07
1.15439e+01	1.16988e-07
1.15608e+01	1.13188e-07
1.15776e+01	1.09394e-07
1.15945e+01	1.05620e-07
1.16113e+01	1.01866e-07
1.16282e+01	9.81184e-08
1.16450e+01	9.42147e-08
1.16619e+01	9.01937e-08
1.16787e+01	8.62391e-08
1.16956e+01	8.24831e-08
1.17124e+01	7.89584e-08
1.17293e+01	7.56667e-08
1.17461e+01	7.25476e-08
1.17630e+01	6.95248e-08
1.17799e+01	6.65715e-08
1.17967e+01	6.37196e-08
1.18136e+01	6.09734e-08
1.18304e+01	5.82912e-08
1.18473e+01	5.53413e-08
1.18641e+01	5.24057e-08
1.18810e+01	4.97426e-08
1.18978e+01	4.72732e-08
1.19147e+01	4.48929e-08
1.19315e+01	4.26542e-08
1.19484e+01	4.05588e-08
1.19652e+01	3.85862e-08
1.19821e+01	3.67200e-08
1.19989e+01	3.49516e-08
1.20158e+01	3.32701e-08
1.20326e+01	3.16689e-08
1.20495e+01	3.01419e-08
1.20663e+01	2.86856e-08
1.20832e+01	2.72971e-08
1.21001e+01	2.59729e-08
1.21169e+01	2.47085e-08
1.21338e+01	2.34997e-08
1.21506e+01	2.23438e-08
1.21675e+01	2.12391e-08
1.21843e+01	2.01838e-08
1.22012e+01	1.91759e-08
1.22180e+01	1.82106e-08
1.22349e+01	1.72856e-08
1.22517e+01	1.63993e-08
1.22686e+01	1.55503e-08
1.22854e+01	1.47377e-08
1.23023e+01	1.39607e-08
1.23191e+01	1.32192e-08
1.23360e+01	1.25131e-08
1.23528e+01	1.18410e-08
1.23697e+01	1.12015e-08
1.23865e+01	1.05933e-08
1.24034e+01	1.00150e-08
1.24202e+01	9.46431e-09
1.24371e+01	8.94007e-09
1.24540e+01	8.44107e-09
1.24708e+01	7.96629e-09
1.24877e+01	7.51478e-09
1.25045e+01	7.08561e-09
1.25214e+01	6.67761e-09
1.25382e+01	6.28966e-09
1.25551e+01	5.92211e-09
1.25719e+01	5.57197e-09
1.25888e+01	5.23991e-09
1.26056e+01	4.92543e-09
1.26225e+01	4.62781e-09
1.26393e+01	4.34661e-09
1.26562e+01	4.08103e-09
1.26730e+01	3.83026e-09
1.26899e+01	3.59353e-09
1.27067e+01	3.37046e-09
1.27236e+01	3.16047e-09
1.27404e+01	2.96294e-09
1.27573e+01	2.77727e-09
1.27741e+01	2.60275e-09
1.27910e+01	2.43873e-09
1.28079e+01	2.28466e-09
1.28247e+01	2.14059e-09
1.28416e+01	2.00594e-09
1.28584e+01	1.88075e-09
1.28753e+01	1.76469e-09
1.28921e+01	1.65684e-09
1.29090e+01	1.55577e-09
1.29258e+01	1.45896e-09
1.29427e+01	1.36904e-09
1.29595e+01	1.28686e-09
1.29764e+01	1.21061e-09
1.29932e+01	1.13833e-09
1.30101e+01	1.06881e-09
1.30269e+01	9.96152e-10
1.30438e+01	9.21036e-10
1.30606e+01	8.49162e-10
1.30775e+01	7.86559e-10
1.30943e+01	7.31686e-10
1.31112e+01	6.83572e-10
1.31280e+01	6.41181e-10
1.31449e+01	6.02543e-10
1.31618e+01	5.65595e-10
1.31786e+01	5.29816e-10
1.31955e+01	4.95003e-10
1.32123e+01	4.61651e-10
1.32292e+01	4.31759e-10
1.32460e+01	4.04518e-10
1.32629e+01	3.79535e-10
1.32797e+01	3.56369e-10
1.32966e+01	3.35019e-10
1.33134e+01	3.15205e-10
1.33303e+01	2.96756e-10
1.33471e+01	2.79489e-10
1.33640e+01	2.63287e-10
1.33808e+01	2.47995e-10
1.33977e+01	2.33495e-10
1.34145e+01	2.19749e-10
1.34314e+01	2.06674e-10
1.34482e+01	1.94198e-10
1.34651e+01	1.82236e-10
1.34820e+01	1.70870e-10
1.34988e+01	1.60219e-10
1.35157e+01	1.50247e-10
1.35325e+01	1.40855e-10
1.35494e+01	1.31998e-10
1.35662e+01	1.23652e-10
1.35831e+01	1.15789e-10
1.35999e+01	1.08385e-10
1.36168e+01	1.01418e-10
1.36336e+01	9.48684e-11
1.36505e+01	8.87127e-11
1.36673e+01	8.29298e-11
1.36842e+01	7.74995e-11
1.37010e+01	7.24015e-11
1.37179e+01	6.76178e-11
1.37347e+01	6.31312e-11
1.37516e+01	5.89242e-11
1.37684e+01	5.49811e-11
1.37853e+01	5.12873e-11
1.38021e+01	4.78276e-11
1.38190e+01	4.45874e-11
1.38359e+01	4.15536e-11
1.38527e+01	3.87146e-11
1.38696e+01	3.60577e-11
1.38864e+01	3.35680e-11
1.39033e+01	3.12357e-11
1.39201e+01	2.90511e-11
1.39370e+01	2.70050e-11
1.39538e+01	2.50900e-11
1.39707e+01	2.32993e-11
1.39875e+01	2.16264e-11
1.40044e+01	2.00619e-11
1.40212e+01	1.86001e-11
1.40381e+01	1.72367e-11
1.40549e+01	1.59652e-11
1.40718e+01	1.47809e-11
1.40886e+01	1.36774e-11
1.41055e+01	1.26500e-11
1.41223e+01	1.16939e-11
1.41392e+01	1.08048e-11
1.41560e+01	9.97846e-12
1.41729e+01	9.21095e-12
1.41898e+01	8.49846e-12
1.42066e+01	7.83748e-12
1.42235e+01	7.22447e-12
1.42403e+01	6.65596e-12
1.42572e+01	6.12880e-12
1.42740e+01	5.64030e-12
1.42909e+01	5.18787e-12
1.43077e+01	4.76911e-12
1.43246e+01	4.38180e-12
1.43414e+01	4.02379e-12
1.43583e+01	3.69308e-12
1.43751e+01	3.38775e-12
1.43920e+01	3.10605e-12
1.44088e+01	2.84628e-12
1.44257e+01	2.60689e-12
1.44425e+01	2.38641e-12
1.44594e+01	2.18345e-12
1.44762e+01	1.99675e-12
1.44931e+01	1.82512e-12
1.45099e+01	1.66741e-12
1.45268e+01	1.52259e-12
1.45437e+01	1.38967e-12
1.45605e+01	1.26775e-12
1.45774e+01	1.15598e-12
1.45942e+01	1.05356e-12
1.46111e+01	9.59772e-13
1.46279e+01	8.73925e-13
1.46448e+01	7.95390e-13
1.46616e+01	7.23580e-13
1.46785e+01	6.57952e-13
1.46953e+01	5.98005e-13
1.47122e+01	5.43277e-13
1.47290e+01	4.93337e-13
1.47459e+01	4.47789e-13
1.47627e+01	4.06266e-13
1.47796e+01	3.68431e-13
1.47964e+01	3.33972e-13
1.48133e+01	3.02603e-13
1.48301e+01	2.74059e-13
1.48470e+01	2.48098e-13
1.48639e+01	2.24498e-13
1.48807e+01	2.03053e-13
1.48976e+01	1.83576e-13
1.49144e+01	1.65894e-13
1.49313e+01	1.49849e-13
1.49481e+01	1.35294e-13
1.49650e+01	1.22097e-13
1.49818e+01	1.10138e-13
1.49987e+01	9.93082e-14
1.50155e+01	8.95085e-14
1.50324e+01	8.06501e-14
1.50492e+01	7.26463e-14
1.50661e+01	6.54184e-14
1.50829e+01	5.88933e-14
1.50998e+01	5.30043e-14
1.51166e+01	4.76912e-14
1.51335e+01	4.28989e-14
1.51503e+01	3.85776e-14
1.51672e+01	3.46822e-14
1.51840e+01	3.11716e-14
1.52009e+01	2.80089e-14
1.52178e+01	2.51603e-14
1.52346e+01	2.25954e-14
1.52515e+01	2.02865e-14
1.52683e+01	1.82088e-14
1.52852e+01	1.63396e-14
1.53020e+01	1.46584e-14
1.53189e+01	1.31467e-14
1.53357e+01	1.17878e-14
1.53526e+01	1.05667e-14
1.53694e+01	9.46956e-15
1.53863e+01	8.48416e-15
1.54031e+01	7.59935e-15
1.54200e+01	6.80507e-15
1.54368e+01	6.09228e-15
1.54537e+01	5.45276e-15
1.54705e+01	4.87916e-15
1.54874e+01	4.36481e-15
1.55042e+01	3.90372e-15
1.55211e+01	3.49048e-15
1.55379e+01	3.12024e-15
1.55548e+01	2.78859e-15
1.55717e+01	2.49161e-15
1.55885e+01	2.22574e-15
1.56054e+01	1.98778e-15
1.56222e+01	1.77484e-15
1.56391e+01	1.58437e-15
1.56559e+01	1.41403e-15
1.56728e+01	1.26174e-15
1.56896e+01	1.12564e-15
1.57065e+01	1.00403e-15
1.57233e+01	8.95417e-16
1.57402e+01	7.98440e-16
1.57570e+01	7.11885e-16
1.57739e+01	6.34571e-16
1.57907e+01	5.65379e-16
1.58076e+01	5.03493e-16
1.58244e+01	4.48166e-16
1.58413e+01	3.98727e-16
1.58581e+01	3.54576e-16
1.58750e+01	3.15165e-16
1.58918e+01	2.80000e-16
1.59087e+01	2.48642e-16
1.59256e+01	2.20693e-16
1.59424e+01	1.95791e-16
1.59593e+01	1.73615e-16
1.59761e+01	1.53877e-16
1.59930e+01	1.36320e-16
1.60098e+01	1.20713e-16
1.60267e+01	1.06851e-16
1.60435e+01	9.45440e-17
1.60604e+01	8.36238e-17
1.60772e+01	7.39388e-17
1.60941e+01	6.53525e-17
1.61109e+01	5.77430e-17
1.61278e+01	5.10013e-17
1.61446e+01	4.50310e-17
1.61615e+01	3.97458e-17
1.61783e+01	3.50687e-17
1.61952e+01	3.09314e-17
1.62120e+01	2.72731e-17
1.62289e+01	2.40393e-17
1.62458e+01	2.11817e-17
1.62626e+01	1.86574e-17
1.62795e+01	1.64286e-17
1.62963e+01	1.44613e-17
1.63132e+01	1.27255e-17
1.63300e+01	1.11944e-17
1.63469e+01	9.84436e-18
1.63637e+01	8.65454e-18
1.63806e+01	7.60615e-18
1.63974e+01	6.68279e-18
1.64143e+01	5.86993e-18
1.64311e+01	5.15455e-18
1.64480e+01	4.52520e-18
1.64648e+01	3.97183e-18
1.64817e+01	3.48547e-18
1.64985e+01	3.05818e-18
1.65154e+01	2.68296e-18
1.65322e+01	2.35363e-18
1.65491e+01	2.06474e-18
1.65659e+01	1.81150e-18
1.65828e+01	1.58973e-18
1.65997e+01	1.39572e-18
1.66165e+01	1.22620e-18
1.66334e+01	1.07830e-18
1.66502e+01	9.49502e-19
1.66671e+01	8.37601e-19
1.66839e+01	7.40680e-19
1.67008e+01	6.57064e-19
1.67176e+01	5.85303e-19
1.67345e+01	5.24143e-19
1.67513e+01	4.72512e-19
1.67682e+01	4.29500e-19
1.67850e+01	3.94350e-19
1.68019e+01	3.66436e-19
1.68187e+01	3.45257e-19
1.68356e+01	3.30528e-19
1.68524e+01	3.21251e-19
