# The ell = 1 distribution, the first anisotropy.
# E_N [Td]	1.00000e+01
# col_1: Electron Energy [eV], col_2: f1 [eV^(-3/2)]
eV	f1
1.87688e-02	4.18367e-05
3.75375e-02	9.14243e-05
5.63063e-02	1.35082e-04
7.50751e-02	1.70748e-04
9.38438e-02	2.03170e-04
1.12613e-01	2.32901e-04
1.31381e-01	2.61796e-04
1.50150e-01	2.90312e-04
1.68919e-01	3.19173e-04
1.87688e-01	3.48651e-04
2.06456e-01	3.79219e-04
2.25225e-01	4.11532e-04
2.43994e-01	4.46544e-04
2.62763e-01	4.86107e-04
2.81532e-01	5.29730e-04
3.00300e-01	5.79557e-04
3.19069e-01	6.33098e-04
3.37838e-01	6.95214e-04
3.56607e-01	7.66108e-04
3.75375e-01	8.49263e-04
3.94144e-01	9.53671e-04
4.12913e-01	1.07530e-03
4.31682e-01	1.22128e-03
4.50450e-01	1.38745e-03
4.69219e-01	1.57518e-03
4.87988e-01	1.78811e-03
5.06757e-01	2.02096e-03
5.25526e-01	2.28635e-03
5.44294e-01	2.59301e-03
5.63063e-01	2.93387e-03
5.81832e-01	3.30820e-03
6.00601e-01	3.72382e-03
6.19369e-01	4.17398e-03
6.38138e-01	4.68558e-03
6.56907e-01	5.26830e-03
6.75676e-01	5.91124e-03
6.94444e-01	6.60949e-03
7.13213e-01	7.39560e-03
7.31982e-01	8.25821e-03
7.50751e-01	9.15785e-03
7.69520e-01	1.00997e-02
7.88288e-01	1.10838e-02
8.07057e-01	1.20982e-02
8.25826e-01	1.31357e-02
8.44595e-01	1.41934e-02
8.63363e-01	1.52663e-02
8.82132e-01	1.63745e-02
9.00901e-01	1.75591e-02
9.19670e-01	1.88090e-02
9.38438e-01	2.01189e-02
9.57207e-01	2.15223e-02
9.75976e-01	2.30307e-02
9.94745e-01	2.46287e-02
1.01351e+00	2.63328e-02
1.03228e+00	2.81223e-02
1.05105e+00	2.99836e-02
1.06982e+00	3.19239e-02
1.08859e+00	3.39768e-02
1.10736e+00	3.60083e-02
1.12613e+00	3.80162e-02
1.14489e+00	4.00100e-02
1.16366e+00	4.20115e-02
1.18243e+00	4.39948e-02
1.20120e+00	4.59580e-02
1.21997e+00	4.79100e-02
1.23874e+00	4.98904e-02
1.25751e+00	5.18931e-02
1.27628e+00	5.39124e-02
1.29505e+00	5.59489e-02
1.31381e+00	5.80589e-02
1.33258e+00	6.02742e-02
1.35135e+00	6.25821e-02
1.37012e+00	6.49706e-02
1.38889e+00	6.71924e-02
1.40766e+00	6.92889e-02
1.42643e+00	7.12679e-02
1.44520e+00	7.31362e-02
1.46396e+00	7.48806e-02
1.48273e+00	7.65254e-02
1.50150e+00	7.81041e-02
1.52027e+00	7.96193e-02
1.53904e+00	8.10742e-02
1.55781e+00	8.25016e-02
1.57658e+00	8.41305e-02
1.59535e+00	8.59404e-02
1.61411e+00	8.79095e-02
1.63288e+00	9.00268e-02
1.65165e+00	9.23024e-02
1.67042e+00	9.45717e-02
1.68919e+00	9.68036e-02
1.70796e+00	9.89938e-02
1.72673e+00	1.01141e-01
1.74550e+00	1.03138e-01
1.76426e+00	1.04714e-01
1.78303e+00	1.05866e-01
1.80180e+00	1.06601e-01
1.82057e+00	1.06899e-01
1.83934e+00	1.06763e-01
1.85811e+00	1.06302e-01
1.87688e+00	1.05475e-01
1.89565e+00	1.04146e-01
1.91441e+00	1.02346e-01
1.93318e+00	1.00150e-01
1.95195e+00	9.75616e-02
1.97072e+00	9.47164e-02
1.98949e+00	9.16598e-02
2.00826e+00	8.84053e-02
2.02703e+00	8.50838e-02
2.04580e+00	8.19259e-02
2.06456e+00	7.89299e-02
2.08333e+00	7.60733e-02
2.10210e+00	7.33499e-02
2.12087e+00	7.06615e-02
2.13964e+00	6.77502e-02
2.15841e+00	6.47658e-02
2.17718e+00	6.18400e-02
2.19595e+00	5.89727e-02
2.21471e+00	5.61837e-02
2.23348e+00	5.35144e-02
2.25225e+00	5.10173e-02
2.27102e+00	4.86412e-02
2.28979e+00	4.63844e-02
2.30856e+00	4.42444e-02
2.32733e+00	4.21754e-02
2.34610e+00	4.01859e-02
2.36486e+00	3.82876e-02
2.38363e+00	3.64485e-02
2.40240e+00	3.46708e-02
2.42117e+00	3.30549e-02
2.43994e+00	3.14721e-02
2.45871e+00	2.98895e-02
2.47748e+00	2.82911e-02
2.49625e+00	2.67320e-02
2.51502e+00	2.52751e-02
2.53378e+00	2.38801e-02
2.55255e+00	2.25994e-02
2.57132e+00	2.14141e-02
2.59009e+00	2.03240e-02
2.60886e+00	1.93411e-02
2.62763e+00	1.83905e-02
2.64640e+00	1.74632e-02
2.66517e+00	1.65771e-02
2.68393e+00	1.57306e-02
2.70270e+00	1.49172e-02
2.72147e+00	1.41569e-02
2.74024e+00	1.34737e-02
2.75901e+00	1.28702e-02
2.77778e+00	1.23071e-02
2.79655e+00	1.17645e-02
2.81532e+00	1.12487e-02
2.83408e+00	1.07379e-02
2.85285e+00	1.02266e-02
2.87162e+00	9.70873e-03
2.89039e+00	9.18600e-03
2.90916e+00	8.70360e-03
2.92793e+00	8.26137e-03
2.94670e+00	7.85915e-03
2.96547e+00	7.49494e-03
2.98423e+00	7.17226e-03
3.00300e+00	6.88323e-03
3.02177e+00	6.61161e-03
3.04054e+00	6.34548e-03
3.05931e+00	6.08412e-03
3.07808e+00	5.82930e-03
3.09685e+00	5.58064e-03
3.11562e+00	5.34477e-03
3.13438e+00	5.12256e-03
3.15315e+00	4.91704e-03
3.17192e+00	4.72375e-03
3.19069e+00	4.53740e-03
3.20946e+00	4.35770e-03
3.22823e+00	4.18436e-03
3.24700e+00	4.01702e-03
3.26577e+00	3.85490e-03
3.28453e+00	3.70057e-03
3.30330e+00	3.55584e-03
3.32207e+00	3.42134e-03
3.34084e+00	3.29735e-03
3.35961e+00	3.18195e-03
3.37838e+00	3.07500e-03
3.39715e+00	2.97511e-03
3.41592e+00	2.88213e-03
3.43468e+00	2.79360e-03
3.45345e+00	2.70873e-03
3.47222e+00	2.62768e-03
3.49099e+00	2.55049e-03
3.50976e+00	2.47751e-03
3.52853e+00	2.40775e-03
3.54730e+00	2.34100e-03
3.56607e+00	2.27655e-03
3.58483e+00	2.21333e-03
3.60360e+00	2.15185e-03
3.62237e+00	2.09278e-03
3.64114e+00	2.03591e-03
3.65991e+00	1.98119e-03
3.67868e+00	1.92869e-03
3.69745e+00	1.87846e-03
3.71622e+00	1.83037e-03
3.73498e+00	1.78482e-03
3.75375e+00	1.74184e-03
3.77252e+00	1.70160e-03
3.79129e+00	1.66423e-03
3.81006e+00	1.62968e-03
3.82883e+00	1.59783e-03
3.84760e+00	1.56862e-03
3.86637e+00	1.54183e-03
3.88514e+00	1.51629e-03
3.90390e+00	1.49186e-03
3.92267e+00	1.46846e-03
3.94144e+00	1.44606e-03
3.96021e+00	1.42465e-03
3.97898e+00	1.40423e-03
3.99775e+00	1.38484e-03
4.01652e+00	1.36611e-03
4.03529e+00	1.34797e-03
4.05405e+00	1.33002e-03
4.07282e+00	1.31227e-03
4.09159e+00	1.29474e-03
4.11036e+00	1.27737e-03
4.12913e+00	1.26018e-03
4.14790e+00	1.24313e-03
4.16667e+00	1.22621e-03
4.18544e+00	1.20943e-03
4.20420e+00	1.19278e-03
4.22297e+00	1.17624e-03
4.24174e+00	1.15980e-03
4.26051e+00	1.14347e-03
4.27928e+00	1.12719e-03
4.29805e+00	1.11091e-03
4.31682e+00	1.09464e-03
4.33559e+00	1.07837e-03
4.35435e+00	1.06210e-03
4.37312e+00	1.04584e-03
4.39189e+00	1.02962e-03
4.41066e+00	1.01344e-03
4.42943e+00	9.97331e-04
4.44820e+00	9.81368e-04
4.46697e+00	9.65521e-04
4.48574e+00	9.49804e-04
4.50450e+00	9.34209e-04
4.52327e+00	9.18734e-04
4.54204e+00	9.03426e-04
4.56081e+00	8.88451e-04
4.57958e+00	8.73836e-04
4.59835e+00	8.59574e-04
4.61712e+00	8.45664e-04
4.63589e+00	8.32099e-04
4.65465e+00	8.19003e-04
4.67342e+00	8.06409e-04
4.69219e+00	7.94307e-04
4.71096e+00	7.82691e-04
4.72973e+00	7.71556e-04
4.74850e+00	7.60893e-04
4.76727e+00	7.50694e-04
4.78604e+00	7.40956e-04
4.80480e+00	7.31666e-04
4.82357e+00	7.22826e-04
4.84234e+00	7.14456e-04
4.86111e+00	7.06644e-04
4.87988e+00	6.99381e-04
4.89865e+00	6.92654e-04
4.91742e+00	6.86453e-04
4.93619e+00	6.80660e-04
4.95495e+00	6.75199e-04
4.97372e+00	6.70032e-04
4.99249e+00	6.65156e-04
5.01126e+00	6.60533e-04
5.03003e+00	6.56173e-04
5.04880e+00	6.52019e-04
5.06757e+00	6.48054e-04
5.08634e+00	6.44275e-04
5.10511e+00	6.40679e-04
5.12387e+00	6.37204e-04
5.14264e+00	6.33756e-04
5.16141e+00	6.30331e-04
5.18018e+00	6.26929e-04
5.19895e+00	6.23550e-04
5.21772e+00	6.20194e-04
5.23649e+00	6.16861e-04
5.25526e+00	6.13549e-04
5.27402e+00	6.10261e-04
5.29279e+00	6.06994e-04
5.31156e+00	6.03750e-04
5.33033e+00	6.00527e-04
5.34910e+00	5.97326e-04
5.36787e+00	5.94147e-04
5.38664e+00	5.90989e-04
5.40541e+00	5.87853e-04
5.42417e+00	5.84738e-04
5.44294e+00	5.81644e-04
5.46171e+00	5.78570e-04
5.48048e+00	5.75517e-04
5.49925e+00	5.72485e-04
5.51802e+00	5.69474e-04
5.53679e+00	5.66482e-04
5.55556e+00	5.63511e-04
5.57432e+00	5.60560e-04
5.59309e+00	5.57629e-04
5.61186e+00	5.54718e-04
5.63063e+00	5.51826e-04
5.64940e+00	5.48954e-04
5.66817e+00	5.46101e-04
5.68694e+00	5.43267e-04
5.70571e+00	5.40453e-04
5.72447e+00	5.37659e-04
5.74324e+00	5.34884e-04
5.76201e+00	5.32129e-04
5.78078e+00	5.29392e-04
5.79955e+00	5.26675e-04
5.81832e+00	5.23977e-04
5.83709e+00	5.21298e-04
5.85586e+00	5.18637e-04
5.87462e+00	5.15995e-04
5.89339e+00	5.13370e-04
5.91216e+00	5.10768e-04
5.93093e+00	5.08175e-04
5.94970e+00	5.05605e-04
5.96847e+00	5.03053e-04
5.98724e+00	5.00520e-04
6.00601e+00	4.98001e-04
6.02477e+00	4.95516e-04
6.04354e+00	4.93025e-04
6.06231e+00	4.90554e-04
6.08108e+00	4.88104e-04
6.09985e+00	4.85670e-04
6.11862e+00	4.83255e-04
6.13739e+00	4.80856e-04
6.15616e+00	4.78475e-04
6.17492e+00	4.76111e-04
6.19369e+00	4.73764e-04
6.21246e+00	4.71434e-04
6.23123e+00	4.69121e-04
6.25000e+00	4.66825e-04
6.26877e+00	4.64545e-04
6.28754e+00	4.62282e-04
6.30631e+00	4.60034e-04
6.32508e+00	4.57803e-04
6.34384e+00	4.55588e-04
6.36261e+00	4.53388e-04
6.38138e+00	4.51204e-04
6.40015e+00	4.49036e-04
6.41892e+00	4.46883e-04
6.43769e+00	4.44745e-04
6.45646e+00	4.42623e-04
6.47523e+00	4.40517e-04
6.49399e+00	4.38426e-04
6.51276e+00	4.36351e-04
6.53153e+00	4.34289e-04
6.55030e+00	4.32245e-04
6.56907e+00	4.30214e-04
6.58784e+00	4.28199e-04
6.60661e+00	4.26198e-04
6.62538e+00	4.24211e-04
6.64414e+00	4.22238e-04
6.66291e+00	4.20279e-04
6.68168e+00	4.18335e-04
6.70045e+00	4.16405e-04
6.71922e+00	4.14490e-04
6.73799e+00	4.12588e-04
6.75676e+00	4.10692e-04
6.77553e+00	4.08804e-04
6.79429e+00	4.06923e-04
6.81306e+00	4.05049e-04
6.83183e+00	4.03182e-04
6.85060e+00	4.01322e-04
6.86937e+00	3.99469e-04
6.88814e+00	3.97623e-04
6.90691e+00	3.95778e-04
6.92568e+00	3.93961e-04
6.94444e+00	3.92128e-04
6.96321e+00	3.90287e-04
6.98198e+00	3.88465e-04
7.00075e+00	3.86651e-04
7.01952e+00	3.84847e-04
7.03829e+00	3.83052e-04
7.05706e+00	3.81267e-04
7.07583e+00	3.79510e-04
7.09459e+00	3.77721e-04
7.11336e+00	3.75960e-04
7.13213e+00	3.74207e-04
7.15090e+00	3.72465e-04
7.16967e+00	3.70734e-04
7.18844e+00	3.69012e-04
7.20721e+00	3.67301e-04
7.22598e+00	3.65599e-04
7.24474e+00	3.63909e-04
7.26351e+00	3.62233e-04
7.28228e+00	3.60572e-04
7.30105e+00	3.58924e-04
7.31982e+00	3.57291e-04
7.33859e+00	3.55670e-04
7.35736e+00	3.54063e-04
7.37613e+00	3.52462e-04
7.39489e+00	3.50854e-04
7.41366e+00	3.49239e-04
7.43243e+00	3.47617e-04
7.45120e+00	3.45989e-04
7.46997e+00	3.44355e-04
7.48874e+00	3.42716e-04
7.50751e+00	3.41072e-04
7.52628e+00	3.39425e-04
7.54505e+00	3.37772e-04
7.56381e+00	3.36113e-04
7.58258e+00	3.34447e-04
7.60135e+00	3.32775e-04
7.62012e+00	3.31097e-04
7.63889e+00	3.29413e-04
7.65766e+00	3.27724e-04
7.67643e+00	3.26029e-04
7.69520e+00	3.24329e-04
7.71396e+00	3.22625e-04
7.73273e+00	3.20916e-04
7.75150e+00	3.19203e-04
7.77027e+00	3.17469e-04
7.78904e+00	3.15708e-04
7.80781e+00	3.13914e-04
7.82658e+00	3.12083e-04
7.84535e+00	3.10213e-04
7.86411e+00	3.08301e-04
7.88288e+00	3.06350e-04
7.90165e+00	3.04360e-04
7.92042e+00	3.02333e-04
7.93919e+00	3.00271e-04
7.95796e+00	2.98175e-04
7.97673e+00	2.96046e-04
7.99550e+00	2.93884e-04
8.01426e+00	2.91689e-04
8.03303e+00	2.89459e-04
8.05180e+00	2.87193e-04
8.07057e+00	2.84892e-04
8.08934e+00	2.82558e-04
8.10811e+00	2.80190e-04
8.12688e+00	2.77796e-04
8.14565e+00	2.75373e-04
8.16441e+00	2.72923e-04
8.18318e+00	2.70449e-04
8.20195e+00	2.67952e-04
8.22072e+00	2.65434e-04
8.23949e+00	2.62885e-04
8.25826e+00	2.60300e-04
8.27703e+00	2.57683e-04
8.29580e+00	2.55036e-04
8.31456e+00	2.52352e-04
8.33333e+00	2.49634e-04
8.35210e+00	2.46881e-04
8.37087e+00	2.44094e-04
8.38964e+00	2.41276e-04
8.40841e+00	2.38429e-04
8.42718e+00	2.35557e-04
8.44595e+00	2.32660e-04
8.46471e+00	2.29737e-04
8.48348e+00	2.26762e-04
8.50225e+00	2.23743e-04
8.52102e+00	2.20700e-04
8.53979e+00	2.17637e-04
8.55856e+00	2.14562e-04
8.57733e+00	2.11484e-04
8.59610e+00	2.08403e-04
8.61486e+00	2.05321e-04
8.63363e+00	2.02240e-04
8.65240e+00	1.99161e-04
8.67117e+00	1.96087e-04
8.68994e+00	1.93018e-04
8.70871e+00	1.89956e-04
8.72748e+00	1.86903e-04
8.74625e+00	1.83860e-04
8.76502e+00	1.80826e-04
8.78378e+00	1.77804e-04
8.80255e+00	1.74794e-04
8.82132e+00	1.71797e-04
8.84009e+00	1.68815e-04
8.85886e+00	1.65848e-04
8.87763e+00	1.62898e-04
8.89640e+00	1.59966e-04
8.91517e+00	1.57050e-04
8.93393e+00	1.54160e-04
8.95270e+00	1.51280e-04
8.97147e+00	1.48425e-04
8.99024e+00	1.45593e-04
9.00901e+00	1.42790e-04
9.02778e+00	1.40019e-04
9.04655e+00	1.37286e-04
9.06532e+00	1.34594e-04
9.08408e+00	1.31942e-04
9.10285e+00	1.29330e-04
9.12162e+00	1.26757e-04
9.14039e+00	1.24224e-04
9.15916e+00	1.21730e-04
9.17793e+00	1.19275e-04
9.19670e+00	1.16858e-04
9.21547e+00	1.14480e-04
9.23423e+00	1.12140e-04
9.25300e+00	1.09837e-04
9.27177e+00	1.07572e-04
9.29054e+00	1.05343e-04
9.30931e+00	1.03150e-04
9.32808e+00	1.00994e-04
9.34685e+00	9.88742e-05
9.36562e+00	9.67897e-05
9.38438e+00	9.47404e-05
9.40315e+00	9.27260e-05
9.42192e+00	9.07461e-05
9.44069e+00	8.88003e-05
9.45946e+00	8.68884e-05
9.47823e+00	8.50100e-05
9.49700e+00	8.31648e-05
9.51577e+00	8.13524e-05
9.53453e+00	7.95724e-05
9.55330e+00	7.78246e-05
9.57207e+00	7.61084e-05
9.59084e+00	7.44223e-05
9.60961e+00	7.27657e-05
9.62838e+00	7.11385e-05
9.64715e+00	6.95418e-05
9.66592e+00	6.79708e-05
9.68468e+00	6.64291e-05
9.70345e+00	6.49143e-05
9.72222e+00	6.34264e-05
9.74099e+00	6.19651e-05
9.75976e+00	6.05301e-05
9.77853e+00	5.91210e-05
9.79730e+00	5.77376e-05
9.81607e+00	5.63796e-05
9.83483e+00	5.50466e-05
9.85360e+00	5.37384e-05
9.87237e+00	5.24547e-05
9.89114e+00	5.11954e-05
9.90991e+00	4.99600e-05
9.92868e+00	4.87484e-05
9.94745e+00	4.75600e-05
9.96622e+00	4.63950e-05
9.98498e+00	4.52521e-05
1.00038e+01	4.41338e-05
1.00225e+01	4.30481e-05
1.00413e+01	4.19671e-05
1.00601e+01	4.09204e-05
1.00788e+01	3.98975e-05
1.00976e+01	3.88992e-05
1.01164e+01	3.79249e-05
1.01351e+01	3.69742e-05
1.01539e+01	3.60465e-05
1.01727e+01	3.51412e-05
1.01914e+01	3.42577e-05
1.02102e+01	3.33956e-05
1.02290e+01	3.25543e-05
1.02477e+01	3.17333e-05
1.02665e+01	3.09321e-05
1.02853e+01	3.01504e-05
1.03041e+01	2.93877e-05
1.03228e+01	2.86435e-05
1.03416e+01	2.79175e-05
1.03604e+01	2.72092e-05
1.03791e+01	2.65183e-05
1.03979e+01	2.58443e-05
1.04167e+01	2.51869e-05
1.04354e+01	2.45458e-05
1.04542e+01	2.39204e-05
1.04730e+01	2.33106e-05
1.04917e+01	2.27159e-05
1.05105e+01	2.21360e-05
1.05293e+01	2.15705e-05
1.05480e+01	2.10191e-05
1.05668e+01	2.04814e-05
1.05856e+01	1.99553e-05
1.06044e+01	1.94497e-05
1.06231e+01	1.89448e-05
1.06419e+01	1.84574e-05
1.06607e+01	1.79819e-05
1.06794e+01	1.75185e-05
1.06982e+01	1.70670e-05
1.07170e+01	1.66270e-05
1.07357e+01	1.61983e-05
1.07545e+01	1.57806e-05
1.07733e+01	1.53736e-05
1.07920e+01	1.49772e-05
1.08108e+01	1.45909e-05
1.08296e+01	1.42147e-05
1.08483e+01	1.38483e-05
1.08671e+01	1.34914e-05
1.08859e+01	1.31438e-05
1.09047e+01	1.28053e-05
1.09234e+01	1.24756e-05
1.09422e+01	1.21547e-05
1.09610e+01	1.18422e-05
1.09797e+01	1.15381e-05
1.09985e+01	1.12420e-05
1.10173e+01	1.09537e-05
1.10360e+01	1.06732e-05
1.10548e+01	1.04002e-05
1.10736e+01	1.01346e-05
1.10923e+01	9.87627e-06
1.11111e+01	9.62495e-06
1.11299e+01	9.38050e-06
1.11486e+01	9.14277e-06
1.11674e+01	8.91158e-06
1.11862e+01	8.68678e-06
1.12050e+01	8.46810e-06
1.12237e+01	8.25521e-06
1.12425e+01	8.04798e-06
1.12613e+01	7.84630e-06
1.12800e+01	7.65004e-06
1.12988e+01	7.45909e-06
1.13176e+01	7.27333e-06
1.13363e+01	7.09265e-06
1.13551e+01	6.91694e-06
1.13739e+01	6.74609e-06
1.13926e+01	6.58000e-06
1.14114e+01	6.41857e-06
1.14302e+01	6.26170e-06
1.14489e+01	6.10928e-06
1.14677e+01	5.96122e-06
1.14865e+01	5.81744e-06
1.15053e+01	5.67785e-06
1.15240e+01	5.54235e-06
1.15428e+01	5.41085e-06
1.15616e+01	5.28194e-06
1.15803e+01	5.15118e-06
1.15991e+01	5.01902e-06
1.16179e+01	4.88522e-06
1.16366e+01	4.74811e-06
1.16554e+01	4.60108e-06
1.16742e+01	4.44979e-06
1.16929e+01	4.30383e-06
1.17117e+01	4.16555e-06
1.17305e+01	4.03549e-06
1.17492e+01	3.91088e-06
1.17680e+01	3.78774e-06
1.17868e+01	3.66615e-06
1.18056e+01	3.54771e-06
1.18243e+01	3.43105e-06
1.18431e+01	3.30566e-06
1.18619e+01	3.17193e-06
1.18806e+01	3.04894e-06
1.18994e+01	2.93423e-06
1.19182e+01	2.82197e-06
1.19369e+01	2.71597e-06
1.19557e+01	2.61558e-06
1.19745e+01	2.51984e-06
1.19932e+01	2.42820e-06
1.20120e+01	2.34011e-06
1.20308e+01	2.25523e-06
1.20495e+01	2.17326e-06
1.20683e+01	2.09410e-06
1.20871e+01	2.01765e-06
1.21059e+01	1.94377e-06
1.21246e+01	1.87227e-06
1.21434e+01	1.80295e-06
1.21622e+01	1.73577e-06
1.21809e+01	1.67070e-06
1.21997e+01	1.60770e-06
1.22185e+01	1.54650e-06
1.22372e+01	1.48699e-06
1.22560e+01	1.42911e-06
1.22748e+01	1.37284e-06
1.22935e+01	1.31821e-06
1.23123e+01	1.26516e-06
1.23311e+01	1.21392e-06
1.23498e+01	1.16441e-06
1.23686e+01	1.11660e-06
1.23874e+01	1.07045e-06
1.24062e+01	1.02591e-06
1.24249e+01	9.82834e-07
1.24437e+01	9.41190e-07
1.24625e+01	9.00933e-07
1.24812e+01	8.62035e-07
1.25000e+01	8.24467e-07
1.25188e+01	7.88181e-07
1.25375e+01	7.53115e-07
1.25563e+01	7.19369e-07
1.25751e+01	6.86658e-07
1.25938e+01	6.55166e-07
1.26126e+01	6.24858e-07
1.26314e+01	5.95731e-07
1.26502e+01	5.67776e-07
1.26689e+01	5.40953e-07
1.26877e+01	5.15221e-07
1.27065e+01	4.90577e-07
1.27252e+01	4.67010e-07
1.27440e+01	4.44497e-07
1.27628e+01	4.23003e-07
1.27815e+01	4.02483e-07
1.28003e+01	3.82896e-07
1.28191e+01	3.64265e-07
1.28378e+01	3.46589e-07
1.28566e+01	3.29895e-07
1.28754e+01	3.14206e-07
1.28941e+01	2.99421e-07
1.29129e+01	2.85340e-07
1.29317e+01	2.71627e-07
1.29505e+01	2.58833e-07
1.29692e+01	2.47007e-07
1.29880e+01	2.35651e-07
1.30068e+01	2.24634e-07
1.30255e+01	2.12908e-07
1.30443e+01	2.00377e-07
1.30631e+01	1.88175e-07
1.30818e+01	1.77557e-07
1.31006e+01	1.68174e-07
1.31194e+01	1.59874e-07
1.31381e+01	1.52417e-07
1.31569e+01	1.45291e-07
1.31757e+01	1.38297e-07
1.31944e+01	1.31337e-07
1.32132e+01	1.24537e-07
1.32320e+01	1.18410e-07
1.32508e+01	1.12728e-07
1.32695e+01	1.07447e-07
1.32883e+01	1.02505e-07
1.33071e+01	9.78784e-08
1.33258e+01	9.35188e-08
1.33446e+01	8.93879e-08
1.33634e+01	8.54594e-08
1.33821e+01	8.16940e-08
1.34009e+01	7.80655e-08
1.34197e+01	7.45691e-08
1.34384e+01	7.11784e-08
1.34572e+01	6.78829e-08
1.34760e+01	6.46697e-08
1.34947e+01	6.15992e-08
1.35135e+01	5.86824e-08
1.35323e+01	5.58902e-08
1.35511e+01	5.32130e-08
1.35698e+01	5.06475e-08
1.35886e+01	4.81899e-08
1.36074e+01	4.58361e-08
1.36261e+01	4.35854e-08
1.36449e+01	4.14336e-08
1.36637e+01	3.93773e-08
1.36824e+01	3.74129e-08
1.37012e+01	3.55369e-08
1.37200e+01	3.37461e-08
1.37387e+01	3.20373e-08
1.37575e+01	3.04072e-08
1.37763e+01	2.88528e-08
1.37950e+01	2.73712e-08
1.38138e+01	2.59588e-08
1.38326e+01	2.46126e-08
1.38514e+01	2.33301e-08
1.38701e+01	2.21080e-08
1.38889e+01	2.09417e-08
1.39077e+01	1.98288e-08
1.39264e+01	1.87666e-08
1.39452e+01	1.77531e-08
1.39640e+01	1.67867e-08
1.39827e+01	1.58665e-08
1.40015e+01	1.49894e-08
1.40203e+01	1.41537e-08
1.40390e+01	1.33590e-08
1.40578e+01	1.26034e-08
1.40766e+01	1.18858e-08
1.40953e+01	1.12040e-08
1.41141e+01	1.05566e-08
1.41329e+01	9.94228e-09
1.41517e+01	9.35972e-09
1.41704e+01	8.80758e-09
1.41892e+01	8.28456e-09
1.42080e+01	7.78941e-09
1.42267e+01	7.32072e-09
1.42455e+01	6.87703e-09
1.42643e+01	6.45705e-09
1.42830e+01	6.05976e-09
1.43018e+01	5.68412e-09
1.43206e+01	5.32921e-09
1.43393e+01	4.99407e-09
1.43581e+01	4.67782e-09
1.43769e+01	4.37952e-09
1.43956e+01	4.09835e-09
1.44144e+01	3.83345e-09
1.44332e+01	3.58404e-09
1.44520e+01	3.34930e-09
1.44707e+01	3.12854e-09
1.44895e+01	2.92105e-09
1.45083e+01	2.72612e-09
1.45270e+01	2.54309e-09
1.45458e+01	2.37133e-09
1.45646e+01	2.21023e-09
1.45833e+01	2.05921e-09
1.46021e+01	1.91770e-09
1.46209e+01	1.78518e-09
1.46396e+01	1.66113e-09
1.46584e+01	1.54507e-09
1.46772e+01	1.43653e-09
1.46959e+01	1.33508e-09
1.47147e+01	1.24029e-09
1.47335e+01	1.15178e-09
1.47523e+01	1.06915e-09
1.47710e+01	9.92062e-10
1.47898e+01	9.20166e-10
1.48086e+01	8.53143e-10
1.48273e+01	7.90687e-10
1.48461e+01	7.32512e-10
1.48649e+01	6.78349e-10
1.48836e+01	6.27941e-10
1.49024e+01	5.81048e-10
1.49212e+01	5.37442e-10
1.49399e+01	4.96907e-10
1.49587e+01	4.59242e-10
1.49775e+01	4.24260e-10
1.49962e+01	3.91793e-10
1.50150e+01	3.61683e-10
1.50338e+01	3.33792e-10
1.50526e+01	3.07971e-10
1.50713e+01	2.84076e-10
1.50901e+01	2.61971e-10
1.51089e+01	2.41528e-10
1.51276e+01	2.22627e-10
1.51464e+01	2.05155e-10
1.51652e+01	1.89009e-10
1.51839e+01	1.74092e-10
1.52027e+01	1.60315e-10
1.52215e+01	1.47593e-10
1.52402e+01	1.35849e-10
1.52590e+01	1.25010e-10
1.52778e+01	1.15010e-10
1.52965e+01	1.05785e-10
1.53153e+01	9.72776e-11
1.53341e+01	8.94340e-11
1.53529e+01	8.22042e-11
1.53716e+01	7.55416e-11
1.53904e+01	6.94035e-11
1.54092e+01	6.37500e-11
1.54279e+01	5.85441e-11
1.54467e+01	5.37516e-11
1.54655e+01	4.93408e-11
1.54842e+01	4.52823e-11
1.55030e+01	4.15489e-11
1.55218e+01	3.81154e-11
1.55405e+01	3.49584e-11
1.55593e+01	3.20566e-11
1.55781e+01	2.93898e-11
1.55968e+01	2.69397e-11
1.56156e+01	2.46892e-11
1.56344e+01	2.26225e-11
1.56532e+01	2.07251e-11
1.56719e+01	1.89837e-11
1.56907e+01	1.73858e-11
1.57095e+01	1.59202e-11
1.57282e+01	1.45763e-11
1.57470e+01	1.33443e-11
1.57658e+01	1.22154e-11
1.57845e+01	1.11778e-11
1.58033e+01	1.02240e-11
1.58221e+01	9.34767e-12
1.58408e+01	8.54276e-12
1.58596e+01	7.80389e-12
1.58784e+01	7.12591e-12
1.58971e+01	6.50405e-12
1.59159e+01	5.93398e-12
1.59347e+01	5.41158e-12
1.59535e+01	4.93304e-12
1.59722e+01	4.49489e-12
1.59910e+01	4.09395e-12
1.60098e+01	3.72732e-12
1.60285e+01	3.39233e-12
1.60473e+01	3.08641e-12
1.60661e+01	2.80717e-12
1.60848e+01	2.55240e-12
1.61036e+01	2.32003e-12
1.61224e+01	2.10816e-12
1.61411e+01	1.91504e-12
1.61599e+01	1.73908e-12
1.61787e+01	1.57880e-12
1.61974e+01	1.43287e-12
1.62162e+01	1.30003e-12
1.62350e+01	1.17915e-12
1.62538e+01	1.06919e-12
1.62725e+01	9.69195e-13
1.62913e+01	8.78293e-13
1.63101e+01	7.95688e-13
1.63288e+01	7.20634e-13
1.63476e+01	6.52470e-13
1.63664e+01	5.90586e-13
1.63851e+01	5.34412e-13
1.64039e+01	4.83445e-13
1.64227e+01	4.37217e-13
1.64414e+01	3.95295e-13
1.64602e+01	3.57293e-13
1.64790e+01	3.22857e-13
1.64977e+01	2.91658e-13
1.65165e+01	2.63399e-13
1.65353e+01	2.37810e-13
1.65541e+01	2.14642e-13
1.65728e+01	1.93674e-13
1.65916e+01	1.74703e-13
1.66104e+01	1.57546e-13
1.66291e+01	1.42033e-13
1.66479e+01	1.28009e-13
1.66667e+01	1.15337e-13
1.66854e+01	1.03890e-13
1.67042e+01	9.35515e-14
1.67230e+01	8.42185e-14
1.67417e+01	7.57952e-14
1.67605e+01	6.81951e-14
1.67793e+01	6.13398e-14
1.67980e+01	5.51583e-14
1.68168e+01	4.95858e-14
1.68356e+01	4.45636e-14
1.68544e+01	4.00391e-14
1.68731e+01	3.59639e-14
1.68919e+01	3.22947e-14
1.69107e+01	2.89919e-14
1.69294e+01	2.60196e-14
1.69482e+01	2.33456e-14
1.69670e+01	2.09406e-14
1.69857e+01	1.87782e-14
1.70045e+01	1.68346e-14
1.70233e+01	1.50883e-14
1.70420e+01	1.35197e-14
1.70608e+01	1.21111e-14
1.70796e+01	1.08467e-14
1.70983e+01	9.71192e-15
1.71171e+01	8.69384e-15
1.71359e+01	7.78066e-15
1.71547e+01	6.96176e-15
1.71734e+01	6.22756e-15
1.71922e+01	5.56949e-15
1.72110e+01	4.97979e-15
1.72297e+01	4.45151e-15
1.72485e+01	3.97835e-15
1.72673e+01	3.55468e-15
1.72860e+01	3.17541e-15
1.73048e+01	2.83597e-15
1.73236e+01	2.53224e-15
1.73423e+01	2.26053e-15
1.73611e+01	2.01752e-15
1.73799e+01	1.80023e-15
1.73986e+01	1.60599e-15
1.74174e+01	1.43239e-15
1.74362e+01	1.27728e-15
1.74550e+01	1.13871e-15
1.74737e+01	1.01495e-15
1.74925e+01	9.04441e-16
1.75113e+01	8.05787e-16
1.75300e+01	7.17737e-16
1.75488e+01	6.39166e-16
1.75676e+01	5.69067e-16
1.75863e+01	5.06542e-16
1.76051e+01	4.50784e-16
1.76239e+01	4.01074e-16
1.76426e+01	3.56765e-16
1.76614e+01	3.17280e-16
1.76802e+01	2.82102e-16
1.76989e+01	2.50768e-16
1.77177e+01	2.22866e-16
1.77365e+01	1.98024e-16
1.77553e+01	1.75913e-16
1.77740e+01	1.56236e-16
1.77928e+01	1.38730e-16
1.78116e+01	1.23157e-16
1.78303e+01	1.09307e-16
1.78491e+01	9.69942e-17
1.78679e+01	8.60486e-17
1.78866e+01	7.63213e-17
1.79054e+01	6.76784e-17
1.79242e+01	6.00005e-17
1.79429e+01	5.31815e-17
1.79617e+01	4.71268e-17
1.79805e+01	4.17522e-17
1.79992e+01	3.69829e-17
1.80180e+01	3.27518e-17
1.80368e+01	2.89990e-17
1.80556e+01	2.56715e-17
1.80743e+01	2.27216e-17
1.80931e+01	2.01071e-17
1.81119e+01	1.77903e-17
1.81306e+01	1.57377e-17
1.81494e+01	1.39196e-17
1.81682e+01	1.23096e-17
1.81869e+01	1.08840e-17
1.82057e+01	9.62187e-18
1.82245e+01	8.50482e-18
1.82432e+01	7.51634e-18
1.82620e+01	6.64185e-18
1.82808e+01	5.86838e-18
1.82995e+01	5.18444e-18
1.83183e+01	4.57985e-18
1.83371e+01	4.04556e-18
1.83559e+01	3.57354e-18
1.83746e+01	3.15668e-18
1.83934e+01	2.78867e-18
1.84122e+01	2.46396e-18
1.84309e+01	2.17760e-18
1.84497e+01	1.92524e-18
1.84685e+01	1.70303e-18
1.84872e+01	1.50755e-18
1.85060e+01	1.33579e-18
1.85248e+01	1.18512e-18
1.85435e+01	1.05322e-18
1.85623e+01	9.38048e-19
1.85811e+01	8.37804e-19
1.85998e+01	7.50930e-19
1.86186e+01	6.76070e-19
1.86374e+01	6.12053e-19
1.86562e+01	5.57875e-19
1.86749e+01	5.12685e-19
1.86937e+01	4.75772e-19
1.87125e+01	4.46555e-19
1.87312e+01	4.24570e-19
1.87500e+01	4.09525e-19
1.87688e+01	4.00773e-19
