# The ell = 1 distribution, the first anisotropy.
# E_N [Td]	3.00000e+01
# col_1: Electron Energy [eV], col_2: f1 [eV^(-3/2)]
eV	f1
2.67723e-02	9.78986e-04
5.35445e-02	1.54561e-03
8.03168e-02	1.81857e-03
1.07089e-01	1.98284e-03
1.33861e-01	2.07697e-03
1.60634e-01	2.14844e-03
1.87406e-01	2.19243e-03
2.14178e-01	2.24154e-03
2.40950e-01	2.29419e-03
2.67723e-01	2.34783e-03
2.94495e-01	2.41836e-03
3.21267e-01	2.51515e-03
3.48039e-01	2.58893e-03
3.74812e-01	2.66458e-03
4.01584e-01	2.75562e-03
4.28356e-01	2.86384e-03
4.55129e-01	2.98861e-03
4.81901e-01	3.12918e-03
5.08673e-01	3.28349e-03
5.35445e-01	3.45709e-03
5.62218e-01	3.65394e-03
5.88990e-01	3.87774e-03
6.15762e-01	4.12656e-03
6.42534e-01	4.41045e-03
6.69307e-01	4.73269e-03
6.96079e-01	5.08910e-03
7.22851e-01	5.48602e-03
7.49623e-01	5.91645e-03
7.76396e-01	6.35192e-03
8.03168e-01	6.79083e-03
8.29940e-01	7.22772e-03
8.56713e-01	7.66991e-03
8.83485e-01	8.12378e-03
9.10257e-01	8.60731e-03
9.37029e-01	9.11687e-03
9.63802e-01	9.65396e-03
9.90574e-01	1.02301e-02
1.01735e+00	1.08103e-02
1.04412e+00	1.14028e-02
1.07089e+00	1.20057e-02
1.09766e+00	1.26234e-02
1.12444e+00	1.32161e-02
1.15121e+00	1.37964e-02
1.17798e+00	1.43734e-02
1.20475e+00	1.49423e-02
1.23152e+00	1.55134e-02
1.25830e+00	1.60911e-02
1.28507e+00	1.66778e-02
1.31184e+00	1.72513e-02
1.33861e+00	1.78404e-02
1.36539e+00	1.84588e-02
1.39216e+00	1.90787e-02
1.41893e+00	1.96600e-02
1.44570e+00	2.01984e-02
1.47247e+00	2.07240e-02
1.49925e+00	2.12574e-02
1.52602e+00	2.17740e-02
1.55279e+00	2.22850e-02
1.57956e+00	2.28736e-02
1.60634e+00	2.35136e-02
1.63311e+00	2.42030e-02
1.65988e+00	2.48719e-02
1.68665e+00	2.55541e-02
1.71343e+00	2.62463e-02
1.74020e+00	2.68873e-02
1.76697e+00	2.74044e-02
1.79374e+00	2.78091e-02
1.82051e+00	2.80932e-02
1.84729e+00	2.83898e-02
1.87406e+00	2.85924e-02
1.90083e+00	2.86550e-02
1.92760e+00	2.85673e-02
1.95438e+00	2.83202e-02
1.98115e+00	2.79572e-02
2.00792e+00	2.74881e-02
2.03469e+00	2.69261e-02
2.06146e+00	2.63289e-02
2.08824e+00	2.57350e-02
2.11501e+00	2.51407e-02
2.14178e+00	2.44765e-02
2.16855e+00	2.37918e-02
2.19533e+00	2.30976e-02
2.22210e+00	2.24032e-02
2.24887e+00	2.17262e-02
2.27564e+00	2.10529e-02
2.30242e+00	2.04016e-02
2.32919e+00	1.97552e-02
2.35596e+00	1.91182e-02
2.38273e+00	1.84757e-02
2.40950e+00	1.78368e-02
2.43628e+00	1.72300e-02
2.46305e+00	1.65821e-02
2.48982e+00	1.59153e-02
2.51659e+00	1.52814e-02
2.54337e+00	1.46764e-02
2.57014e+00	1.41259e-02
2.59691e+00	1.36306e-02
2.62368e+00	1.31493e-02
2.65045e+00	1.26646e-02
2.67723e+00	1.21902e-02
2.70400e+00	1.17233e-02
2.73077e+00	1.12896e-02
2.75754e+00	1.09190e-02
2.78432e+00	1.05775e-02
2.81109e+00	1.02462e-02
2.83786e+00	9.91542e-03
2.86463e+00	9.57197e-03
2.89140e+00	9.20525e-03
2.91818e+00	8.87083e-03
2.94495e+00	8.57045e-03
2.97172e+00	8.30486e-03
2.99849e+00	8.07681e-03
3.02527e+00	7.86517e-03
3.05204e+00	7.65416e-03
3.07881e+00	7.44438e-03
3.10558e+00	7.23747e-03
3.13236e+00	7.04328e-03
3.15913e+00	6.86610e-03
3.18590e+00	6.69813e-03
3.21267e+00	6.53551e-03
3.23944e+00	6.37822e-03
3.26622e+00	6.22530e-03
3.29299e+00	6.08024e-03
3.31976e+00	5.94620e-03
3.34653e+00	5.82434e-03
3.37331e+00	5.71245e-03
3.40008e+00	5.60934e-03
3.42685e+00	5.51385e-03
3.45362e+00	5.42184e-03
3.48039e+00	5.33404e-03
3.50717e+00	5.25088e-03
3.53394e+00	5.17170e-03
3.56071e+00	5.09561e-03
3.58748e+00	5.02161e-03
3.61426e+00	4.94990e-03
3.64103e+00	4.88097e-03
3.66780e+00	4.81463e-03
3.69457e+00	4.75113e-03
3.72135e+00	4.69041e-03
3.74812e+00	4.63327e-03
3.77489e+00	4.57997e-03
3.80166e+00	4.53073e-03
3.82843e+00	4.48540e-03
3.85521e+00	4.44389e-03
3.88198e+00	4.40516e-03
3.90875e+00	4.36790e-03
3.93552e+00	4.33206e-03
3.96230e+00	4.29753e-03
3.98907e+00	4.26453e-03
4.01584e+00	4.23263e-03
4.04261e+00	4.20146e-03
4.06938e+00	4.17043e-03
4.09616e+00	4.13956e-03
4.12293e+00	4.10882e-03
4.14970e+00	4.07820e-03
4.17647e+00	4.04766e-03
4.20325e+00	4.01722e-03
4.23002e+00	3.98683e-03
4.25679e+00	3.95649e-03
4.28356e+00	3.92605e-03
4.31034e+00	3.89549e-03
4.33711e+00	3.86483e-03
4.36388e+00	3.83406e-03
4.39065e+00	3.80323e-03
4.41742e+00	3.77236e-03
4.44420e+00	3.74156e-03
4.47097e+00	3.71084e-03
4.49774e+00	3.68025e-03
4.52451e+00	3.64980e-03
4.55129e+00	3.61961e-03
4.57806e+00	3.58998e-03
4.60483e+00	3.56091e-03
4.63160e+00	3.53242e-03
4.65837e+00	3.50481e-03
4.68515e+00	3.47805e-03
4.71192e+00	3.45215e-03
4.73869e+00	3.42709e-03
4.76546e+00	3.40286e-03
4.79224e+00	3.37946e-03
4.81901e+00	3.35687e-03
4.84578e+00	3.33524e-03
4.87255e+00	3.31465e-03
4.89933e+00	3.29505e-03
4.92610e+00	3.27646e-03
4.95287e+00	3.25854e-03
4.97964e+00	3.24121e-03
5.00641e+00	3.22441e-03
5.03319e+00	3.20814e-03
5.05996e+00	3.19228e-03
5.08673e+00	3.17681e-03
5.11350e+00	3.16171e-03
5.14028e+00	3.14679e-03
5.16705e+00	3.13195e-03
5.19382e+00	3.11720e-03
5.22059e+00	3.10253e-03
5.24736e+00	3.08794e-03
5.27414e+00	3.07344e-03
5.30091e+00	3.05903e-03
5.32768e+00	3.04470e-03
5.35445e+00	3.03045e-03
5.38123e+00	3.01629e-03
5.40800e+00	3.00222e-03
5.43477e+00	2.98823e-03
5.46154e+00	2.97433e-03
5.48831e+00	2.96051e-03
5.51509e+00	2.94678e-03
5.54186e+00	2.93313e-03
5.56863e+00	2.91957e-03
5.59540e+00	2.90610e-03
5.62218e+00	2.89271e-03
5.64895e+00	2.87940e-03
5.67572e+00	2.86618e-03
5.70249e+00	2.85305e-03
5.72927e+00	2.84000e-03
5.75604e+00	2.82704e-03
5.78281e+00	2.81416e-03
5.80958e+00	2.80137e-03
5.83635e+00	2.78867e-03
5.86313e+00	2.77605e-03
5.88990e+00	2.76352e-03
5.91667e+00	2.75107e-03
5.94344e+00	2.73871e-03
5.97022e+00	2.72643e-03
5.99699e+00	2.71423e-03
6.02376e+00	2.70214e-03
6.05053e+00	2.69010e-03
6.07730e+00	2.67815e-03
6.10408e+00	2.66629e-03
6.13085e+00	2.65451e-03
6.15762e+00	2.64282e-03
6.18439e+00	2.63121e-03
6.21117e+00	2.61968e-03
6.23794e+00	2.60824e-03
6.26471e+00	2.59688e-03
6.29148e+00	2.58560e-03
6.31826e+00	2.57440e-03
6.34503e+00	2.56328e-03
6.37180e+00	2.55225e-03
6.39857e+00	2.54129e-03
6.42534e+00	2.53042e-03
6.45212e+00	2.51962e-03
6.47889e+00	2.50891e-03
6.50566e+00	2.49827e-03
6.53243e+00	2.48772e-03
6.55921e+00	2.47724e-03
6.58598e+00	2.46685e-03
6.61275e+00	2.45653e-03
6.63952e+00	2.44628e-03
6.66629e+00	2.43612e-03
6.69307e+00	2.42603e-03
6.71984e+00	2.41602e-03
6.74661e+00	2.40608e-03
6.77338e+00	2.39620e-03
6.80016e+00	2.38638e-03
6.82693e+00	2.37662e-03
6.85370e+00	2.36692e-03
6.88047e+00	2.35727e-03
6.90725e+00	2.34768e-03
6.93402e+00	2.33819e-03
6.96079e+00	2.32866e-03
6.98756e+00	2.31923e-03
7.01433e+00	2.30985e-03
7.04111e+00	2.30054e-03
7.06788e+00	2.29133e-03
7.09465e+00	2.28210e-03
7.12142e+00	2.27297e-03
7.14820e+00	2.26390e-03
7.17497e+00	2.25490e-03
7.20174e+00	2.24596e-03
7.22851e+00	2.23708e-03
7.25528e+00	2.22827e-03
7.28206e+00	2.21955e-03
7.30883e+00	2.21089e-03
7.33560e+00	2.20231e-03
7.36237e+00	2.19381e-03
7.38915e+00	2.18534e-03
7.41592e+00	2.17689e-03
7.44269e+00	2.16845e-03
7.46946e+00	2.16003e-03
7.49623e+00	2.15162e-03
7.52301e+00	2.14323e-03
7.54978e+00	2.13486e-03
7.57655e+00	2.12651e-03
7.60332e+00	2.11816e-03
7.63010e+00	2.10982e-03
7.65687e+00	2.10149e-03
7.68364e+00	2.09317e-03
7.71041e+00	2.08486e-03
7.73719e+00	2.07656e-03
7.76396e+00	2.06825e-03
7.79073e+00	2.05989e-03
7.81750e+00	2.05144e-03
7.84427e+00	2.04287e-03
7.87105e+00	2.03419e-03
7.89782e+00	2.02539e-03
7.92459e+00	2.01647e-03
7.95136e+00	2.00744e-03
7.97814e+00	1.99829e-03
8.00491e+00	1.98903e-03
8.03168e+00	1.97965e-03
8.05845e+00	1.97012e-03
8.08522e+00	1.96046e-03
8.11200e+00	1.95067e-03
8.13877e+00	1.94075e-03
8.16554e+00	1.93071e-03
8.19231e+00	1.92054e-03
8.21909e+00	1.91026e-03
8.24586e+00	1.89983e-03
8.27263e+00	1.88922e-03
8.29940e+00	1.87844e-03
8.32618e+00	1.86746e-03
8.35295e+00	1.85628e-03
8.37972e+00	1.84490e-03
8.40649e+00	1.83332e-03
8.43326e+00	1.82155e-03
8.46004e+00	1.80960e-03
8.48681e+00	1.79736e-03
8.51358e+00	1.78484e-03
8.54035e+00	1.77211e-03
8.56713e+00	1.75923e-03
8.59390e+00	1.74621e-03
8.62067e+00	1.73306e-03
8.64744e+00	1.71979e-03
8.67421e+00	1.70640e-03
8.70099e+00	1.69291e-03
8.72776e+00	1.67931e-03
8.75453e+00	1.66561e-03
8.78130e+00	1.65181e-03
8.80808e+00	1.63792e-03
8.83485e+00	1.62394e-03
8.86162e+00	1.60987e-03
8.88839e+00	1.59572e-03
8.91517e+00	1.58151e-03
8.94194e+00	1.56721e-03
8.96871e+00	1.55284e-03
8.99548e+00	1.53843e-03
9.02225e+00	1.52400e-03
9.04903e+00	1.50961e-03
9.07580e+00	1.49527e-03
9.10257e+00	1.48101e-03
9.12934e+00	1.46680e-03
9.15612e+00	1.45266e-03
9.18289e+00	1.43859e-03
9.20966e+00	1.42459e-03
9.23643e+00	1.41066e-03
9.26320e+00	1.39680e-03
9.28998e+00	1.38302e-03
9.31675e+00	1.36930e-03
9.34352e+00	1.35565e-03
9.37029e+00	1.34209e-03
9.39707e+00	1.32859e-03
9.42384e+00	1.31518e-03
9.45061e+00	1.30184e-03
9.47738e+00	1.28858e-03
9.50416e+00	1.27540e-03
9.53093e+00	1.26230e-03
9.55770e+00	1.24928e-03
9.58447e+00	1.23635e-03
9.61124e+00	1.22348e-03
9.63802e+00	1.21069e-03
9.66479e+00	1.19796e-03
9.69156e+00	1.18531e-03
9.71833e+00	1.17271e-03
9.74511e+00	1.16018e-03
9.77188e+00	1.14772e-03
9.79865e+00	1.13533e-03
9.82542e+00	1.12300e-03
9.85219e+00	1.11074e-03
9.87897e+00	1.09856e-03
9.90574e+00	1.08644e-03
9.93251e+00	1.07441e-03
9.95928e+00	1.06244e-03
9.98606e+00	1.05053e-03
1.00128e+01	1.03883e-03
1.00396e+01	1.02706e-03
1.00664e+01	1.01547e-03
1.00931e+01	1.00402e-03
1.01199e+01	9.92707e-04
1.01467e+01	9.81528e-04
1.01735e+01	9.70482e-04
1.02002e+01	9.59567e-04
1.02270e+01	9.48781e-04
1.02538e+01	9.38123e-04
1.02806e+01	9.27590e-04
1.03073e+01	9.17183e-04
1.03341e+01	9.06899e-04
1.03609e+01	8.96738e-04
1.03876e+01	8.86700e-04
1.04144e+01	8.76782e-04
1.04412e+01	8.66985e-04
1.04680e+01	8.57307e-04
1.04947e+01	8.47748e-04
1.05215e+01	8.38305e-04
1.05483e+01	8.28978e-04
1.05750e+01	8.19747e-04
1.06018e+01	8.10706e-04
1.06286e+01	8.01626e-04
1.06554e+01	7.92715e-04
1.06821e+01	7.83908e-04
1.07089e+01	7.75213e-04
1.07357e+01	7.66627e-04
1.07625e+01	7.58150e-04
1.07892e+01	7.49781e-04
1.08160e+01	7.41519e-04
1.08428e+01	7.33363e-04
1.08695e+01	7.25312e-04
1.08963e+01	7.17366e-04
1.09231e+01	7.09523e-04
1.09499e+01	7.01784e-04
1.09766e+01	6.94148e-04
1.10034e+01	6.86614e-04
1.10302e+01	6.79180e-04
1.10569e+01	6.71847e-04
1.10837e+01	6.64616e-04
1.11105e+01	6.57486e-04
1.11373e+01	6.50456e-04
1.11640e+01	6.43524e-04
1.11908e+01	6.36691e-04
1.12176e+01	6.29948e-04
1.12444e+01	6.23288e-04
1.12711e+01	6.16712e-04
1.12979e+01	6.10220e-04
1.13247e+01	6.03810e-04
1.13514e+01	5.97483e-04
1.13782e+01	5.91239e-04
1.14050e+01	5.85077e-04
1.14318e+01	5.78996e-04
1.14585e+01	5.72996e-04
1.14853e+01	5.67078e-04
1.15121e+01	5.61240e-04
1.15388e+01	5.55482e-04
1.15656e+01	5.49746e-04
1.15924e+01	5.43738e-04
1.16192e+01	5.37454e-04
1.16459e+01	5.30641e-04
1.16727e+01	5.23026e-04
1.16995e+01	5.15538e-04
1.17263e+01	5.08394e-04
1.17530e+01	5.01494e-04
1.17798e+01	4.94476e-04
1.18066e+01	4.87420e-04
1.18333e+01	4.80271e-04
1.18601e+01	4.71657e-04
1.18869e+01	4.63659e-04
1.19137e+01	4.55915e-04
1.19404e+01	4.48372e-04
1.19672e+01	4.41113e-04
1.19940e+01	4.34044e-04
1.20207e+01	4.27108e-04
1.20475e+01	4.20266e-04
1.20743e+01	4.13504e-04
1.21011e+01	4.06820e-04
1.21278e+01	4.00192e-04
1.21546e+01	3.93600e-04
1.21814e+01	3.87045e-04
1.22082e+01	3.80529e-04
1.22349e+01	3.74014e-04
1.22617e+01	3.67491e-04
1.22885e+01	3.60966e-04
1.23152e+01	3.54444e-04
1.23420e+01	3.47966e-04
1.23688e+01	3.41534e-04
1.23956e+01	3.35148e-04
1.24223e+01	3.28799e-04
1.24491e+01	3.22478e-04
1.24759e+01	3.16183e-04
1.25026e+01	3.09918e-04
1.25294e+01	3.03678e-04
1.25562e+01	2.97480e-04
1.25830e+01	2.91289e-04
1.26097e+01	2.85150e-04
1.26365e+01	2.79070e-04
1.26633e+01	2.73062e-04
1.26901e+01	2.67128e-04
1.27168e+01	2.61283e-04
1.27436e+01	2.55537e-04
1.27704e+01	2.49899e-04
1.27971e+01	2.44367e-04
1.28239e+01	2.38960e-04
1.28507e+01	2.33704e-04
1.28775e+01	2.28656e-04
1.29042e+01	2.23785e-04
1.29310e+01	2.18911e-04
1.29578e+01	2.14262e-04
1.29845e+01	2.09809e-04
1.30113e+01	2.05342e-04
1.30381e+01	2.00186e-04
1.30649e+01	1.94676e-04
1.30916e+01	1.89867e-04
1.31184e+01	1.85650e-04
1.31452e+01	1.81862e-04
1.31720e+01	1.78075e-04
1.31987e+01	1.74141e-04
1.32255e+01	1.70279e-04
1.32523e+01	1.66721e-04
1.32790e+01	1.63355e-04
1.33058e+01	1.60154e-04
1.33326e+01	1.57078e-04
1.33594e+01	1.54089e-04
1.33861e+01	1.51150e-04
1.34129e+01	1.48229e-04
1.34397e+01	1.45310e-04
1.34665e+01	1.42362e-04
1.34932e+01	1.39421e-04
1.35200e+01	1.36547e-04
1.35468e+01	1.33708e-04
1.35735e+01	1.30900e-04
1.36003e+01	1.28124e-04
1.36271e+01	1.25383e-04
1.36539e+01	1.22679e-04
1.36806e+01	1.20011e-04
1.37074e+01	1.17381e-04
1.37342e+01	1.14788e-04
1.37609e+01	1.12233e-04
1.37877e+01	1.09717e-04
1.38145e+01	1.07237e-04
1.38413e+01	1.04794e-04
1.38680e+01	1.02386e-04
1.38948e+01	1.00006e-04
1.39216e+01	9.76540e-05
1.39484e+01	9.53263e-05
1.39751e+01	9.30253e-05
1.40019e+01	9.07512e-05
1.40287e+01	8.85028e-05
1.40554e+01	8.62840e-05
1.40822e+01	8.40962e-05
1.41090e+01	8.19380e-05
1.41358e+01	7.98102e-05
1.41625e+01	7.77140e-05
1.41893e+01	7.56501e-05
1.42161e+01	7.36189e-05
1.42428e+01	7.16191e-05
1.42696e+01	6.96492e-05
1.42964e+01	6.77096e-05
1.43232e+01	6.58011e-05
1.43499e+01	6.39245e-05
1.43767e+01	6.20803e-05
1.44035e+01	6.02692e-05
1.44303e+01	5.84913e-05
1.44570e+01	5.67470e-05
1.44838e+01	5.50369e-05
1.45106e+01	5.33614e-05
1.45373e+01	5.17205e-05
1.45641e+01	5.01144e-05
1.45909e+01	4.85433e-05
1.46177e+01	4.70071e-05
1.46444e+01	4.55058e-05
1.46712e+01	4.40392e-05
1.46980e+01	4.26071e-05
1.47247e+01	4.12094e-05
1.47515e+01	3.98459e-05
1.47783e+01	3.85162e-05
1.48051e+01	3.72201e-05
1.48318e+01	3.59570e-05
1.48586e+01	3.47267e-05
1.48854e+01	3.35289e-05
1.49122e+01	3.23630e-05
1.49389e+01	3.12287e-05
1.49657e+01	3.01254e-05
1.49925e+01	2.90532e-05
1.50192e+01	2.80122e-05
1.50460e+01	2.70034e-05
1.50728e+01	2.60264e-05
1.50996e+01	2.50807e-05
1.51263e+01	2.41654e-05
1.51531e+01	2.32798e-05
1.51799e+01	2.24231e-05
1.52066e+01	2.15945e-05
1.52334e+01	2.07933e-05
1.52602e+01	2.00189e-05
1.52870e+01	1.92703e-05
1.53137e+01	1.85471e-05
1.53405e+01	1.78483e-05
1.53673e+01	1.71735e-05
1.53941e+01	1.65218e-05
1.54208e+01	1.58926e-05
1.54476e+01	1.52854e-05
1.54744e+01	1.46994e-05
1.55011e+01	1.41341e-05
1.55279e+01	1.35888e-05
1.55547e+01	1.30630e-05
1.55815e+01	1.25561e-05
1.56082e+01	1.20674e-05
1.56350e+01	1.15964e-05
1.56618e+01	1.11426e-05
1.56885e+01	1.07055e-05
1.57153e+01	1.02845e-05
1.57421e+01	9.87918e-06
1.57689e+01	9.48901e-06
1.57956e+01	9.11170e-06
1.58224e+01	8.74669e-06
1.58492e+01	8.39367e-06
1.58760e+01	8.05242e-06
1.59027e+01	7.72264e-06
1.59295e+01	7.40412e-06
1.59563e+01	7.09653e-06
1.59830e+01	6.79967e-06
1.60098e+01	6.51336e-06
1.60366e+01	6.23756e-06
1.60634e+01	5.97204e-06
1.60901e+01	5.71657e-06
1.61169e+01	5.47082e-06
1.61437e+01	5.23450e-06
1.61704e+01	5.00730e-06
1.61972e+01	4.78893e-06
1.62240e+01	4.57913e-06
1.62508e+01	4.37759e-06
1.62775e+01	4.18404e-06
1.63043e+01	3.99823e-06
1.63311e+01	3.81988e-06
1.63579e+01	3.64874e-06
1.63846e+01	3.48456e-06
1.64114e+01	3.32710e-06
1.64382e+01	3.17612e-06
1.64649e+01	3.03139e-06
1.64917e+01	2.89270e-06
1.65185e+01	2.75979e-06
1.65453e+01	2.63245e-06
1.65720e+01	2.51045e-06
1.65988e+01	2.39361e-06
1.66256e+01	2.28174e-06
1.66524e+01	2.17464e-06
1.66791e+01	2.07215e-06
1.67059e+01	1.97408e-06
1.67327e+01	1.88027e-06
1.67594e+01	1.79056e-06
1.67862e+01	1.70479e-06
1.68130e+01	1.62280e-06
1.68398e+01	1.54444e-06
1.68665e+01	1.46957e-06
1.68933e+01	1.39806e-06
1.69201e+01	1.32977e-06
1.69468e+01	1.26456e-06
1.69736e+01	1.20231e-06
1.70004e+01	1.14291e-06
1.70272e+01	1.08624e-06
1.70539e+01	1.03220e-06
1.70807e+01	9.80679e-07
1.71075e+01	9.31573e-07
1.71343e+01	8.84781e-07
1.71610e+01	8.40199e-07
1.71878e+01	7.97732e-07
1.72146e+01	7.57287e-07
1.72413e+01	7.18777e-07
1.72681e+01	6.82116e-07
1.72949e+01	6.47223e-07
1.73217e+01	6.14018e-07
1.73484e+01	5.82424e-07
1.73752e+01	5.52368e-07
1.74020e+01	5.23782e-07
1.74287e+01	4.96598e-07
1.74555e+01	4.70752e-07
1.74823e+01	4.46181e-07
1.75091e+01	4.22826e-07
1.75358e+01	4.00631e-07
1.75626e+01	3.79540e-07
1.75894e+01	3.59501e-07
1.76162e+01	3.40464e-07
1.76429e+01	3.22383e-07
1.76697e+01	3.05213e-07
1.76965e+01	2.88910e-07
1.77232e+01	2.73434e-07
1.77500e+01	2.58745e-07
1.77768e+01	2.44807e-07
1.78036e+01	2.31581e-07
1.78303e+01	2.19033e-07
1.78571e+01	2.07132e-07
1.78839e+01	1.95846e-07
1.79106e+01	1.85145e-07
1.79374e+01	1.75000e-07
1.79642e+01	1.65384e-07
1.79910e+01	1.56271e-07
1.80177e+01	1.47640e-07
1.80445e+01	1.39465e-07
1.80713e+01	1.31726e-07
1.80981e+01	1.24400e-07
1.81248e+01	1.17466e-07
1.81516e+01	1.10905e-07
1.81784e+01	1.04698e-07
1.82051e+01	9.88253e-08
1.82319e+01	9.32702e-08
1.82587e+01	8.80162e-08
1.82855e+01	8.30476e-08
1.83122e+01	7.83498e-08
1.83390e+01	7.39088e-08
1.83658e+01	6.97109e-08
1.83925e+01	6.57433e-08
1.84193e+01	6.19939e-08
1.84461e+01	5.84513e-08
1.84729e+01	5.51045e-08
1.84996e+01	5.19431e-08
1.85264e+01	4.89570e-08
1.85532e+01	4.61370e-08
1.85800e+01	4.34739e-08
1.86067e+01	4.09595e-08
1.86335e+01	3.85856e-08
1.86603e+01	3.63448e-08
1.86870e+01	3.42299e-08
1.87138e+01	3.22341e-08
1.87406e+01	3.03508e-08
1.87674e+01	2.85740e-08
1.87941e+01	2.68979e-08
1.88209e+01	2.53170e-08
1.88477e+01	2.38260e-08
1.88744e+01	2.24202e-08
1.89012e+01	2.10946e-08
1.89280e+01	1.98450e-08
1.89548e+01	1.86670e-08
1.89815e+01	1.75569e-08
1.90083e+01	1.65109e-08
1.90351e+01	1.55255e-08
1.90619e+01	1.45975e-08
1.90886e+01	1.37235e-08
1.91154e+01	1.29007e-08
1.91422e+01	1.21260e-08
1.91689e+01	1.13968e-08
1.91957e+01	1.07104e-08
1.92225e+01	1.00644e-08
1.92493e+01	9.45647e-09
1.92760e+01	8.88443e-09
1.93028e+01	8.34621e-09
1.93296e+01	7.83986e-09
1.93563e+01	7.36354e-09
1.93831e+01	6.91553e-09
1.94099e+01	6.49418e-09
1.94367e+01	6.09794e-09
1.94634e+01	5.72535e-09
1.94902e+01	5.37503e-09
1.95170e+01	5.04569e-09
1.95438e+01	4.73609e-09
1.95705e+01	4.44509e-09
1.95973e+01	4.17159e-09
1.96241e+01	3.91454e-09
1.96508e+01	3.67298e-09
1.96776e+01	3.44601e-09
1.97044e+01	3.23276e-09
1.97312e+01	3.03243e-09
1.97579e+01	2.84424e-09
1.97847e+01	2.66748e-09
1.98115e+01	2.50146e-09
1.98383e+01	2.34554e-09
1.98650e+01	2.19912e-09
1.98918e+01	2.06163e-09
1.99186e+01	1.93254e-09
1.99453e+01	1.81134e-09
1.99721e+01	1.69757e-09
1.99989e+01	1.59078e-09
2.00257e+01	1.49057e-09
2.00524e+01	1.39653e-09
2.00792e+01	1.30830e-09
2.01060e+01	1.22553e-09
2.01327e+01	1.14788e-09
2.01595e+01	1.07505e-09
2.01863e+01	1.00675e-09
2.02131e+01	9.42708e-10
2.02398e+01	8.82658e-10
2.02666e+01	8.26359e-10
2.02934e+01	7.73583e-10
2.03202e+01	7.24111e-10
2.03469e+01	6.77742e-10
2.03737e+01	6.34284e-10
2.04005e+01	5.93558e-10
2.04272e+01	5.55396e-10
2.04540e+01	5.19639e-10
2.04808e+01	4.86139e-10
2.05076e+01	4.54760e-10
2.05343e+01	4.25374e-10
2.05611e+01	3.97858e-10
2.05879e+01	3.72093e-10
2.06146e+01	3.47971e-10
2.06414e+01	3.25390e-10
2.06682e+01	3.04252e-10
2.06950e+01	2.84467e-10
2.07217e+01	2.65949e-10
2.07485e+01	2.48619e-10
2.07753e+01	2.32401e-10
2.08021e+01	2.17226e-10
2.08288e+01	2.03027e-10
2.08556e+01	1.89742e-10
2.08824e+01	1.77315e-10
2.09091e+01	1.65689e-10
2.09359e+01	1.54814e-10
2.09627e+01	1.44643e-10
2.09895e+01	1.35130e-10
2.10162e+01	1.26235e-10
2.10430e+01	1.17917e-10
2.10698e+01	1.10141e-10
2.10965e+01	1.02871e-10
2.11233e+01	9.60749e-11
2.11501e+01	8.97223e-11
2.11769e+01	8.37845e-11
2.12036e+01	7.82349e-11
2.12304e+01	7.30484e-11
2.12572e+01	6.82016e-11
2.12840e+01	6.36726e-11
2.13107e+01	5.94409e-11
2.13375e+01	5.54872e-11
2.13643e+01	5.17933e-11
2.13910e+01	4.83426e-11
2.14178e+01	4.51190e-11
2.14446e+01	4.21080e-11
2.14714e+01	3.92955e-11
2.14981e+01	3.66686e-11
2.15249e+01	3.42152e-11
2.15517e+01	3.19240e-11
2.15784e+01	2.97843e-11
2.16052e+01	2.77863e-11
2.16320e+01	2.59206e-11
2.16588e+01	2.41787e-11
2.16855e+01	2.25523e-11
2.17123e+01	2.10340e-11
2.17391e+01	1.96166e-11
2.17659e+01	1.82935e-11
2.17926e+01	1.70585e-11
2.18194e+01	1.59058e-11
2.18462e+01	1.48300e-11
2.18729e+01	1.38261e-11
2.18997e+01	1.28892e-11
2.19265e+01	1.20150e-11
2.19533e+01	1.11994e-11
2.19800e+01	1.04386e-11
2.20068e+01	9.72887e-12
2.20336e+01	9.06686e-12
2.20603e+01	8.44941e-12
2.20871e+01	7.87372e-12
2.21139e+01	7.33697e-12
2.21407e+01	6.83656e-12
2.21674e+01	6.37005e-12
2.21942e+01	5.93516e-12
2.22210e+01	5.52976e-12
2.22478e+01	5.15186e-12
2.22745e+01	4.79961e-12
2.23013e+01	4.47130e-12
2.23281e+01	4.16529e-12
2.23548e+01	3.88009e-12
2.23816e+01	3.61429e-12
2.24084e+01	3.36658e-12
2.24352e+01	3.13574e-12
2.24619e+01	2.92063e-12
2.24887e+01	2.72017e-12
2.25155e+01	2.53338e-12
2.25422e+01	2.35933e-12
2.25690e+01	2.19715e-12
2.25958e+01	2.04604e-12
2.26226e+01	1.90525e-12
2.26493e+01	1.77407e-12
2.26761e+01	1.65185e-12
2.27029e+01	1.53799e-12
2.27297e+01	1.43192e-12
2.27564e+01	1.33311e-12
2.27832e+01	1.24107e-12
2.28100e+01	1.15534e-12
2.28367e+01	1.07548e-12
2.28635e+01	1.00110e-12
2.28903e+01	9.31830e-13
2.29171e+01	8.67315e-13
2.29438e+01	8.07233e-13
2.29706e+01	7.51282e-13
2.29974e+01	6.99180e-13
2.30242e+01	6.50669e-13
2.30509e+01	6.05504e-13
2.30777e+01	5.63456e-13
2.31045e+01	5.24310e-13
2.31312e+01	4.87868e-13
2.31580e+01	4.53945e-13
2.31848e+01	4.22367e-13
2.32116e+01	3.92974e-13
2.32383e+01	3.65615e-13
2.32651e+01	3.40151e-13
2.32919e+01	3.16450e-13
2.33186e+01	2.94392e-13
2.33454e+01	2.73863e-13
2.33722e+01	2.54758e-13
2.33990e+01	2.36978e-13
2.34257e+01	2.20433e-13
2.34525e+01	2.05037e-13
2.34793e+01	1.90710e-13
2.35061e+01	1.77379e-13
2.35328e+01	1.64975e-13
2.35596e+01	1.53435e-13
2.35864e+01	1.42697e-13
2.36131e+01	1.32707e-13
2.36399e+01	1.23413e-13
2.36667e+01	1.14767e-13
2.36935e+01	1.06723e-13
2.37202e+01	9.92406e-14
2.37470e+01	9.22801e-14
2.37738e+01	8.58053e-14
2.38005e+01	7.97826e-14
2.38273e+01	7.41806e-14
2.38541e+01	6.89700e-14
2.38809e+01	6.41237e-14
2.39076e+01	5.96162e-14
2.39344e+01	5.54241e-14
2.39612e+01	5.15253e-14
2.39880e+01	4.78994e-14
2.40147e+01	4.45275e-14
2.40415e+01	4.13919e-14
2.40683e+01	3.84760e-14
2.40950e+01	3.57645e-14
2.41218e+01	3.32431e-14
2.41486e+01	3.08986e-14
2.41754e+01	2.87186e-14
2.42021e+01	2.66917e-14
2.42289e+01	2.48071e-14
2.42557e+01	2.30549e-14
2.42824e+01	2.14259e-14
2.43092e+01	1.99114e-14
2.43360e+01	1.85034e-14
2.43628e+01	1.71945e-14
2.43895e+01	1.59778e-14
2.44163e+01	1.48467e-14
2.44431e+01	1.37953e-14
2.44699e+01	1.28180e-14
2.44966e+01	1.19096e-14
2.45234e+01	1.10653e-14
2.45502e+01	1.02805e-14
2.45769e+01	9.55112e-15
2.46037e+01	8.87322e-15
2.46305e+01	8.24318e-15
2.46573e+01	7.65765e-15
2.46840e+01	7.11347e-15
2.47108e+01	6.60777e-15
2.47376e+01	6.13782e-15
2.47643e+01	5.70111e-15
2.47911e+01	5.29530e-15
2.48179e+01	4.91821e-15
2.48447e+01	4.56783e-15
2.48714e+01	4.24227e-15
2.48982e+01	3.93978e-15
2.49250e+01	3.65875e-15
2.49518e+01	3.39767e-15
2.49785e+01	3.15512e-15
2.50053e+01	2.92980e-15
2.50321e+01	2.72048e-15
2.50588e+01	2.52604e-15
2.50856e+01	2.34543e-15
2.51124e+01	2.17770e-15
2.51392e+01	2.02191e-15
2.51659e+01	1.87723e-15
2.51927e+01	1.74286e-15
2.52195e+01	1.61807e-15
2.52462e+01	1.50218e-15
2.52730e+01	1.39457e-15
2.52998e+01	1.29464e-15
2.53266e+01	1.20184e-15
2.53533e+01	1.11568e-15
2.53801e+01	1.03568e-15
2.54069e+01	9.61401e-16
2.54337e+01	8.92436e-16
2.54604e+01	8.28402e-16
2.54872e+01	7.68950e-16
2.55140e+01	7.13753e-16
2.55407e+01	6.62510e-16
2.55675e+01	6.14940e-16
2.55943e+01	5.70782e-16
2.56211e+01	5.29793e-16
2.56478e+01	4.91745e-16
2.56746e+01	4.56430e-16
2.57014e+01	4.23654e-16
2.57281e+01	3.93237e-16
2.57549e+01	3.65011e-16
2.57817e+01	3.38822e-16
2.58085e+01	3.14524e-16
2.58352e+01	2.91984e-16
2.58620e+01	2.71077e-16
2.58888e+01	2.51688e-16
2.59156e+01	2.33710e-16
2.59423e+01	2.17042e-16
2.59691e+01	2.01593e-16
2.59959e+01	1.87277e-16
2.60226e+01	1.74018e-16
2.60494e+01	1.61741e-16
2.60762e+01	1.50378e-16
2.61030e+01	1.39864e-16
2.61297e+01	1.30141e-16
2.61565e+01	1.21155e-16
2.61833e+01	1.12855e-16
2.62101e+01	1.05194e-16
2.62368e+01	9.81295e-17
2.62636e+01	9.16215e-17
2.62904e+01	8.56335e-17
2.63171e+01	8.01317e-17
2.63439e+01	7.50851e-17
2.63707e+01	7.04651e-17
2.63975e+01	6.62457e-17
2.64242e+01	6.24030e-17
2.64510e+01	5.89153e-17
2.64778e+01	5.57630e-17
2.65045e+01	5.29281e-17
2.65313e+01	5.03948e-17
2.65581e+01	4.81488e-17
2.65849e+01	4.61774e-17
2.66116e+01	4.44695e-17
2.66384e+01	4.30152e-17
2.66652e+01	4.18064e-17
2.66920e+01	4.08363e-17
2.67187e+01	4.00992e-17
2.67455e+01	3.95915e-17
2.67723e+01	3.93067e-17
