# The ell = 1 distribution, the first anisotropy.
# E_N [Td]	7.50000e+01
# col_1: Electron Energy [eV], col_2: f1 [eV^(-3/2)]
eV	f1
3.68236e-02	1.37665e-03
7.36472e-02	2.22857e-03
1.10471e-01	2.60320e-03
1.47294e-01	2.80693e-03
1.84118e-01	2.90616e-03
2.20942e-01	3.02437e-03
2.57765e-01	3.14666e-03
2.94589e-01	3.33049e-03
3.31412e-01	3.44165e-03
3.68236e-01	3.54711e-03
4.05060e-01	3.66114e-03
4.41883e-01	3.78845e-03
4.78707e-01	3.92734e-03
5.15531e-01	4.07560e-03
5.52354e-01	4.23869e-03
5.89178e-01	4.41470e-03
6.26001e-01	4.60566e-03
6.62825e-01	4.81881e-03
6.99649e-01	5.05053e-03
7.36472e-01	5.30264e-03
7.73296e-01	5.56282e-03
8.10119e-01	5.82083e-03
8.46943e-01	6.07787e-03
8.83767e-01	6.33769e-03
9.20590e-01	6.61126e-03
9.57414e-01	6.90074e-03
9.94237e-01	7.20853e-03
1.03106e+00	7.53015e-03
1.06788e+00	7.85211e-03
1.10471e+00	8.15883e-03
1.14153e+00	8.44742e-03
1.17836e+00	8.72047e-03
1.21518e+00	8.98641e-03
1.25200e+00	9.25264e-03
1.28883e+00	9.51923e-03
1.32565e+00	9.80864e-03
1.36247e+00	1.01096e-02
1.39930e+00	1.04175e-02
1.43612e+00	1.06994e-02
1.47294e+00	1.09457e-02
1.50977e+00	1.11756e-02
1.54659e+00	1.13871e-02
1.58342e+00	1.15964e-02
1.62024e+00	1.18304e-02
1.65706e+00	1.21029e-02
1.69389e+00	1.23825e-02
1.73071e+00	1.26727e-02
1.76753e+00	1.29371e-02
1.80436e+00	1.31458e-02
1.84118e+00	1.32815e-02
1.87800e+00	1.33743e-02
1.91483e+00	1.33982e-02
1.95165e+00	1.33392e-02
1.98847e+00	1.32149e-02
2.02530e+00	1.30351e-02
2.06212e+00	1.28527e-02
2.09895e+00	1.26666e-02
2.13577e+00	1.24491e-02
2.17259e+00	1.21919e-02
2.20942e+00	1.19274e-02
2.24624e+00	1.16691e-02
2.28306e+00	1.14208e-02
2.31989e+00	1.11787e-02
2.35671e+00	1.09360e-02
2.39353e+00	1.06850e-02
2.43036e+00	1.04459e-02
2.46718e+00	1.01855e-02
2.50401e+00	9.91385e-03
2.54083e+00	9.65822e-03
2.57765e+00	9.43112e-03
2.61448e+00	9.23110e-03
2.65130e+00	9.02678e-03
2.68812e+00	8.82531e-03
2.72495e+00	8.62757e-03
2.76177e+00	8.46402e-03
2.79859e+00	8.31297e-03
2.83542e+00	8.16650e-03
2.87224e+00	8.01085e-03
2.90907e+00	7.85043e-03
2.94589e+00	7.70959e-03
2.98271e+00	7.58955e-03
3.01954e+00	7.48801e-03
3.05636e+00	7.38738e-03
3.09318e+00	7.28682e-03
3.13001e+00	7.19032e-03
3.16683e+00	7.10338e-03
3.20365e+00	7.02040e-03
3.24048e+00	6.94014e-03
3.27730e+00	6.86214e-03
3.31412e+00	6.78986e-03
3.35095e+00	6.72471e-03
3.38777e+00	6.66540e-03
3.42460e+00	6.61097e-03
3.46142e+00	6.55867e-03
3.49824e+00	6.50866e-03
3.53507e+00	6.46101e-03
3.57189e+00	6.41495e-03
3.60871e+00	6.36978e-03
3.64554e+00	6.32601e-03
3.68236e+00	6.28360e-03
3.71918e+00	6.24270e-03
3.75601e+00	6.20376e-03
3.79283e+00	6.16710e-03
3.82966e+00	6.13278e-03
3.86648e+00	6.10068e-03
3.90330e+00	6.06972e-03
3.94013e+00	6.03948e-03
3.97695e+00	6.00992e-03
4.01377e+00	5.98104e-03
4.05060e+00	5.95241e-03
4.08742e+00	5.92368e-03
4.12424e+00	5.89484e-03
4.16107e+00	5.86589e-03
4.19789e+00	5.83682e-03
4.23472e+00	5.80762e-03
4.27154e+00	5.77825e-03
4.30836e+00	5.74865e-03
4.34519e+00	5.71882e-03
4.38201e+00	5.68877e-03
4.41883e+00	5.65855e-03
4.45566e+00	5.62827e-03
4.49248e+00	5.59794e-03
4.52930e+00	5.56757e-03
4.56613e+00	5.53731e-03
4.60295e+00	5.50733e-03
4.63977e+00	5.47766e-03
4.67660e+00	5.44849e-03
4.71342e+00	5.41981e-03
4.75025e+00	5.39163e-03
4.78707e+00	5.36395e-03
4.82389e+00	5.33676e-03
4.86072e+00	5.31018e-03
4.89754e+00	5.28426e-03
4.93436e+00	5.25896e-03
4.97119e+00	5.23407e-03
5.00801e+00	5.20951e-03
5.04483e+00	5.18527e-03
5.08166e+00	5.16128e-03
5.11848e+00	5.13752e-03
5.15531e+00	5.11384e-03
5.19213e+00	5.09019e-03
5.22895e+00	5.06659e-03
5.26578e+00	5.04302e-03
5.30260e+00	5.01950e-03
5.33942e+00	4.99604e-03
5.37625e+00	4.97263e-03
5.41307e+00	4.94927e-03
5.44989e+00	4.92598e-03
5.48672e+00	4.90275e-03
5.52354e+00	4.87958e-03
5.56037e+00	4.85649e-03
5.59719e+00	4.83346e-03
5.63401e+00	4.81051e-03
5.67084e+00	4.78764e-03
5.70766e+00	4.76485e-03
5.74448e+00	4.74215e-03
5.78131e+00	4.71953e-03
5.81813e+00	4.69700e-03
5.85495e+00	4.67456e-03
5.89178e+00	4.65222e-03
5.92860e+00	4.62997e-03
5.96542e+00	4.60781e-03
6.00225e+00	4.58576e-03
6.03907e+00	4.56381e-03
6.07590e+00	4.54195e-03
6.11272e+00	4.52021e-03
6.14954e+00	4.49856e-03
6.18637e+00	4.47703e-03
6.22319e+00	4.45560e-03
6.26001e+00	4.43428e-03
6.29684e+00	4.41308e-03
6.33366e+00	4.39198e-03
6.37048e+00	4.37100e-03
6.40731e+00	4.35013e-03
6.44413e+00	4.32937e-03
6.48096e+00	4.30873e-03
6.51778e+00	4.28821e-03
6.55460e+00	4.26780e-03
6.59143e+00	4.24752e-03
6.62825e+00	4.22735e-03
6.66507e+00	4.20730e-03
6.70190e+00	4.18737e-03
6.73872e+00	4.16756e-03
6.77554e+00	4.14787e-03
6.81237e+00	4.12828e-03
6.84919e+00	4.10880e-03
6.88602e+00	4.08943e-03
6.92284e+00	4.07020e-03
6.95966e+00	4.05103e-03
6.99649e+00	4.03199e-03
7.03331e+00	4.01306e-03
7.07013e+00	3.99426e-03
7.10696e+00	3.97556e-03
7.14378e+00	3.95698e-03
7.18060e+00	3.93853e-03
7.21743e+00	3.92019e-03
7.25425e+00	3.90198e-03
7.29107e+00	3.88390e-03
7.32790e+00	3.86595e-03
7.36472e+00	3.84813e-03
7.40155e+00	3.83041e-03
7.43837e+00	3.81277e-03
7.47519e+00	3.79522e-03
7.51202e+00	3.77775e-03
7.54884e+00	3.76037e-03
7.58566e+00	3.74307e-03
7.62249e+00	3.72584e-03
7.65931e+00	3.70869e-03
7.69613e+00	3.69162e-03
7.73296e+00	3.67463e-03
7.76978e+00	3.65771e-03
7.80661e+00	3.64080e-03
7.84343e+00	3.62386e-03
7.88025e+00	3.60689e-03
7.91708e+00	3.58988e-03
7.95390e+00	3.57284e-03
7.99072e+00	3.55575e-03
8.02755e+00	3.53863e-03
8.06437e+00	3.52144e-03
8.10119e+00	3.50419e-03
8.13802e+00	3.48689e-03
8.17484e+00	3.46952e-03
8.21167e+00	3.45211e-03
8.24849e+00	3.43462e-03
8.28531e+00	3.41702e-03
8.32214e+00	3.39930e-03
8.35896e+00	3.38145e-03
8.39578e+00	3.36345e-03
8.43261e+00	3.34531e-03
8.46943e+00	3.32704e-03
8.50625e+00	3.30850e-03
8.54308e+00	3.28980e-03
8.57990e+00	3.27097e-03
8.61672e+00	3.25205e-03
8.65355e+00	3.23304e-03
8.69037e+00	3.21394e-03
8.72720e+00	3.19476e-03
8.76402e+00	3.17551e-03
8.80084e+00	3.15618e-03
8.83767e+00	3.13677e-03
8.87449e+00	3.11729e-03
8.91131e+00	3.09775e-03
8.94814e+00	3.07815e-03
8.98496e+00	3.05848e-03
9.02178e+00	3.03879e-03
9.05861e+00	3.01915e-03
9.09543e+00	2.99957e-03
9.13226e+00	2.98007e-03
9.16908e+00	2.96065e-03
9.20590e+00	2.94130e-03
9.24273e+00	2.92202e-03
9.27955e+00	2.90283e-03
9.31637e+00	2.88371e-03
9.35320e+00	2.86467e-03
9.39002e+00	2.84571e-03
9.42684e+00	2.82684e-03
9.46367e+00	2.80804e-03
9.50049e+00	2.78933e-03
9.53732e+00	2.77071e-03
9.57414e+00	2.75217e-03
9.61096e+00	2.73371e-03
9.64779e+00	2.71532e-03
9.68461e+00	2.69700e-03
9.72143e+00	2.67874e-03
9.75826e+00	2.66054e-03
9.79508e+00	2.64241e-03
9.83190e+00	2.62435e-03
9.86873e+00	2.60635e-03
9.90555e+00	2.58842e-03
9.94237e+00	2.57055e-03
9.97920e+00	2.55276e-03
1.00160e+01	2.53511e-03
1.00528e+01	2.51746e-03
1.00897e+01	2.50000e-03
1.01265e+01	2.48270e-03
1.01633e+01	2.46554e-03
1.02001e+01	2.44853e-03
1.02370e+01	2.43167e-03
1.02738e+01	2.41495e-03
1.03106e+01	2.39838e-03
1.03474e+01	2.38195e-03
1.03843e+01	2.36566e-03
1.04211e+01	2.34951e-03
1.04579e+01	2.33351e-03
1.04947e+01	2.31764e-03
1.05316e+01	2.30190e-03
1.05684e+01	2.28631e-03
1.06052e+01	2.27087e-03
1.06420e+01	2.25547e-03
1.06788e+01	2.24024e-03
1.07157e+01	2.22513e-03
1.07525e+01	2.21016e-03
1.07893e+01	2.19532e-03
1.08261e+01	2.18061e-03
1.08630e+01	2.16603e-03
1.08998e+01	2.15158e-03
1.09366e+01	2.13726e-03
1.09734e+01	2.12307e-03
1.10103e+01	2.10901e-03
1.10471e+01	2.09508e-03
1.10839e+01	2.08128e-03
1.11207e+01	2.06761e-03
1.11576e+01	2.05407e-03
1.11944e+01	2.04065e-03
1.12312e+01	2.02736e-03
1.12680e+01	2.01416e-03
1.13048e+01	2.00108e-03
1.13417e+01	1.98809e-03
1.13785e+01	1.97522e-03
1.14153e+01	1.96245e-03
1.14521e+01	1.94978e-03
1.14890e+01	1.93722e-03
1.15258e+01	1.92476e-03
1.15626e+01	1.91241e-03
1.15994e+01	1.89952e-03
1.16363e+01	1.88596e-03
1.16731e+01	1.87072e-03
1.17099e+01	1.85545e-03
1.17467e+01	1.84081e-03
1.17836e+01	1.82597e-03
1.18204e+01	1.81099e-03
1.18572e+01	1.79396e-03
1.18940e+01	1.77728e-03
1.19308e+01	1.76075e-03
1.19677e+01	1.74482e-03
1.20045e+01	1.72921e-03
1.20413e+01	1.71374e-03
1.20781e+01	1.69832e-03
1.21150e+01	1.68295e-03
1.21518e+01	1.66754e-03
1.21886e+01	1.65209e-03
1.22254e+01	1.63654e-03
1.22623e+01	1.62083e-03
1.22991e+01	1.60494e-03
1.23359e+01	1.58894e-03
1.23727e+01	1.57289e-03
1.24096e+01	1.55680e-03
1.24464e+01	1.54061e-03
1.24832e+01	1.52430e-03
1.25200e+01	1.50789e-03
1.25569e+01	1.49137e-03
1.25937e+01	1.47472e-03
1.26305e+01	1.45802e-03
1.26673e+01	1.44133e-03
1.27041e+01	1.42467e-03
1.27410e+01	1.40812e-03
1.27778e+01	1.39171e-03
1.28146e+01	1.37546e-03
1.28514e+01	1.35951e-03
1.28883e+01	1.34407e-03
1.29251e+01	1.32891e-03
1.29619e+01	1.31398e-03
1.29987e+01	1.29944e-03
1.30356e+01	1.28332e-03
1.30724e+01	1.26544e-03
1.31092e+01	1.25010e-03
1.31460e+01	1.23656e-03
1.31829e+01	1.22290e-03
1.32197e+01	1.20856e-03
1.32565e+01	1.19531e-03
1.32933e+01	1.18269e-03
1.33301e+01	1.17056e-03
1.33670e+01	1.15869e-03
1.34038e+01	1.14682e-03
1.34406e+01	1.13484e-03
1.34774e+01	1.12254e-03
1.35143e+01	1.11027e-03
1.35511e+01	1.09804e-03
1.35879e+01	1.08578e-03
1.36247e+01	1.07350e-03
1.36616e+01	1.06123e-03
1.36984e+01	1.04896e-03
1.37352e+01	1.03669e-03
1.37720e+01	1.02444e-03
1.38089e+01	1.01220e-03
1.38457e+01	9.99968e-04
1.38825e+01	9.87729e-04
1.39193e+01	9.75438e-04
1.39561e+01	9.63079e-04
1.39930e+01	9.50668e-04
1.40298e+01	9.38189e-04
1.40666e+01	9.25667e-04
1.41034e+01	9.13110e-04
1.41403e+01	9.00516e-04
1.41771e+01	8.87897e-04
1.42139e+01	8.75258e-04
1.42507e+01	8.62596e-04
1.42876e+01	8.49897e-04
1.43244e+01	8.37171e-04
1.43612e+01	8.24427e-04
1.43980e+01	8.11675e-04
1.44349e+01	7.98923e-04
1.44717e+01	7.86180e-04
1.45085e+01	7.73457e-04
1.45453e+01	7.60761e-04
1.45821e+01	7.48102e-04
1.46190e+01	7.35487e-04
1.46558e+01	7.22923e-04
1.46926e+01	7.10416e-04
1.47294e+01	6.97973e-04
1.47663e+01	6.85600e-04
1.48031e+01	6.73303e-04
1.48399e+01	6.61084e-04
1.48767e+01	6.48951e-04
1.49136e+01	6.36908e-04
1.49504e+01	6.24960e-04
1.49872e+01	6.13112e-04
1.50240e+01	6.01381e-04
1.50609e+01	5.89797e-04
1.50977e+01	5.78367e-04
1.51345e+01	5.67093e-04
1.51713e+01	5.55975e-04
1.52082e+01	5.45013e-04
1.52450e+01	5.34208e-04
1.52818e+01	5.23561e-04
1.53186e+01	5.13072e-04
1.53554e+01	5.02739e-04
1.53923e+01	4.92564e-04
1.54291e+01	4.82546e-04
1.54659e+01	4.72684e-04
1.55027e+01	4.62980e-04
1.55396e+01	4.53431e-04
1.55764e+01	4.44039e-04
1.56132e+01	4.34801e-04
1.56500e+01	4.25716e-04
1.56869e+01	4.16784e-04
1.57237e+01	4.08004e-04
1.57605e+01	3.99375e-04
1.57973e+01	3.90864e-04
1.58342e+01	3.82442e-04
1.58710e+01	3.74113e-04
1.59078e+01	3.65879e-04
1.59446e+01	3.57743e-04
1.59814e+01	3.49706e-04
1.60183e+01	3.41775e-04
1.60551e+01	3.33963e-04
1.60919e+01	3.26272e-04
1.61287e+01	3.18705e-04
1.61656e+01	3.11261e-04
1.62024e+01	3.03940e-04
1.62392e+01	2.96743e-04
1.62760e+01	2.89669e-04
1.63129e+01	2.82718e-04
1.63497e+01	2.75890e-04
1.63865e+01	2.69184e-04
1.64233e+01	2.62599e-04
1.64602e+01	2.56136e-04
1.64970e+01	2.49793e-04
1.65338e+01	2.43569e-04
1.65706e+01	2.37460e-04
1.66074e+01	2.31467e-04
1.66443e+01	2.25589e-04
1.66811e+01	2.19824e-04
1.67179e+01	2.14173e-04
1.67547e+01	2.08634e-04
1.67916e+01	2.03205e-04
1.68284e+01	1.97887e-04
1.68652e+01	1.92678e-04
1.69020e+01	1.87577e-04
1.69389e+01	1.82583e-04
1.69757e+01	1.77695e-04
1.70125e+01	1.72911e-04
1.70493e+01	1.68233e-04
1.70862e+01	1.63659e-04
1.71230e+01	1.59189e-04
1.71598e+01	1.54820e-04
1.71966e+01	1.50552e-04
1.72334e+01	1.46383e-04
1.72703e+01	1.42311e-04
1.73071e+01	1.38334e-04
1.73439e+01	1.34452e-04
1.73807e+01	1.30663e-04
1.74176e+01	1.26965e-04
1.74544e+01	1.23355e-04
1.74912e+01	1.19834e-04
1.75280e+01	1.16398e-04
1.75649e+01	1.13046e-04
1.76017e+01	1.09776e-04
1.76385e+01	1.06587e-04
1.76753e+01	1.03478e-04
1.77122e+01	1.00445e-04
1.77490e+01	9.74896e-05
1.77858e+01	9.46085e-05
1.78226e+01	9.18005e-05
1.78595e+01	8.90645e-05
1.78963e+01	8.63990e-05
1.79331e+01	8.38025e-05
1.79699e+01	8.12737e-05
1.80067e+01	7.88117e-05
1.80436e+01	7.64159e-05
1.80804e+01	7.40851e-05
1.81172e+01	7.18182e-05
1.81540e+01	6.96139e-05
1.81909e+01	6.74706e-05
1.82277e+01	6.53868e-05
1.82645e+01	6.33610e-05
1.83013e+01	6.13919e-05
1.83382e+01	5.94783e-05
1.83750e+01	5.76187e-05
1.84118e+01	5.58119e-05
1.84486e+01	5.40565e-05
1.84855e+01	5.23513e-05
1.85223e+01	5.06950e-05
1.85591e+01	4.90863e-05
1.85959e+01	4.75240e-05
1.86327e+01	4.60067e-05
1.86696e+01	4.45335e-05
1.87064e+01	4.31032e-05
1.87432e+01	4.17147e-05
1.87800e+01	4.03669e-05
1.88169e+01	3.90588e-05
1.88537e+01	3.77893e-05
1.88905e+01	3.65576e-05
1.89273e+01	3.53625e-05
1.89642e+01	3.42031e-05
1.90010e+01	3.30786e-05
1.90378e+01	3.19883e-05
1.90746e+01	3.09314e-05
1.91115e+01	2.99072e-05
1.91483e+01	2.89146e-05
1.91851e+01	2.79528e-05
1.92219e+01	2.70210e-05
1.92587e+01	2.61182e-05
1.92956e+01	2.52436e-05
1.93324e+01	2.43964e-05
1.93692e+01	2.35759e-05
1.94060e+01	2.27812e-05
1.94429e+01	2.20116e-05
1.94797e+01	2.12664e-05
1.95165e+01	2.05448e-05
1.95533e+01	1.98462e-05
1.95902e+01	1.91699e-05
1.96270e+01	1.85151e-05
1.96638e+01	1.78813e-05
1.97006e+01	1.72679e-05
1.97375e+01	1.66742e-05
1.97743e+01	1.60996e-05
1.98111e+01	1.55436e-05
1.98479e+01	1.50055e-05
1.98847e+01	1.44849e-05
1.99216e+01	1.39813e-05
1.99584e+01	1.34940e-05
1.99952e+01	1.30226e-05
2.00320e+01	1.25668e-05
2.00689e+01	1.21259e-05
2.01057e+01	1.16996e-05
2.01425e+01	1.12874e-05
2.01793e+01	1.08890e-05
2.02162e+01	1.05039e-05
2.02530e+01	1.01316e-05
2.02898e+01	9.77184e-06
2.03266e+01	9.42418e-06
2.03635e+01	9.08823e-06
2.04003e+01	8.76361e-06
2.04371e+01	8.44998e-06
2.04739e+01	8.14697e-06
2.05108e+01	7.85429e-06
2.05476e+01	7.57167e-06
2.05844e+01	7.29880e-06
2.06212e+01	7.03535e-06
2.06580e+01	6.78104e-06
2.06949e+01	6.53555e-06
2.07317e+01	6.29860e-06
2.07685e+01	6.06989e-06
2.08053e+01	5.84917e-06
2.08422e+01	5.63615e-06
2.08790e+01	5.43060e-06
2.09158e+01	5.23224e-06
2.09526e+01	5.04086e-06
2.09895e+01	4.85621e-06
2.10263e+01	4.67808e-06
2.10631e+01	4.50626e-06
2.10999e+01	4.34055e-06
2.11368e+01	4.18073e-06
2.11736e+01	4.02660e-06
2.12104e+01	3.87797e-06
2.12472e+01	3.73464e-06
2.12840e+01	3.59645e-06
2.13209e+01	3.46321e-06
2.13577e+01	3.33475e-06
2.13945e+01	3.21091e-06
2.14313e+01	3.09152e-06
2.14682e+01	2.97643e-06
2.15050e+01	2.86549e-06
2.15418e+01	2.75854e-06
2.15786e+01	2.65545e-06
2.16155e+01	2.55608e-06
2.16523e+01	2.46031e-06
2.16891e+01	2.36800e-06
2.17259e+01	2.27903e-06
2.17628e+01	2.19329e-06
2.17996e+01	2.11067e-06
2.18364e+01	2.03104e-06
2.18732e+01	1.95432e-06
2.19100e+01	1.88040e-06
2.19469e+01	1.80918e-06
2.19837e+01	1.74058e-06
2.20205e+01	1.67450e-06
2.20573e+01	1.61087e-06
2.20942e+01	1.54960e-06
2.21310e+01	1.49062e-06
2.21678e+01	1.43385e-06
2.22046e+01	1.37920e-06
2.22415e+01	1.32659e-06
2.22783e+01	1.27597e-06
2.23151e+01	1.22723e-06
2.23519e+01	1.18033e-06
2.23888e+01	1.13520e-06
2.24256e+01	1.09176e-06
2.24624e+01	1.04995e-06
2.24992e+01	1.00971e-06
2.25360e+01	9.70994e-07
2.25729e+01	9.33732e-07
2.26097e+01	8.97872e-07
2.26465e+01	8.63361e-07
2.26833e+01	8.30150e-07
2.27202e+01	7.98191e-07
2.27570e+01	7.67438e-07
2.27938e+01	7.37846e-07
2.28306e+01	7.09372e-07
2.28675e+01	6.81976e-07
2.29043e+01	6.55617e-07
2.29411e+01	6.30256e-07
2.29779e+01	6.05857e-07
2.30148e+01	5.82385e-07
2.30516e+01	5.59809e-07
2.30884e+01	5.38094e-07
2.31252e+01	5.17208e-07
2.31621e+01	4.97122e-07
2.31989e+01	4.77804e-07
2.32357e+01	4.59226e-07
2.32725e+01	4.41360e-07
2.33093e+01	4.24180e-07
2.33462e+01	4.07658e-07
2.33830e+01	3.91772e-07
2.34198e+01	3.76495e-07
2.34566e+01	3.61806e-07
2.34935e+01	3.47682e-07
2.35303e+01	3.34102e-07
2.35671e+01	3.21046e-07
2.36039e+01	3.08493e-07
2.36408e+01	2.96424e-07
2.36776e+01	2.84821e-07
2.37144e+01	2.73666e-07
2.37512e+01	2.62943e-07
2.37881e+01	2.52634e-07
2.38249e+01	2.42724e-07
2.38617e+01	2.33198e-07
2.38985e+01	2.24041e-07
2.39353e+01	2.15238e-07
2.39722e+01	2.06777e-07
2.40090e+01	1.98644e-07
2.40458e+01	1.90827e-07
2.40826e+01	1.83313e-07
2.41195e+01	1.76091e-07
2.41563e+01	1.69150e-07
2.41931e+01	1.62478e-07
2.42299e+01	1.56065e-07
2.42668e+01	1.49903e-07
2.43036e+01	1.43980e-07
2.43404e+01	1.38287e-07
2.43772e+01	1.32817e-07
2.44141e+01	1.27559e-07
2.44509e+01	1.22507e-07
2.44877e+01	1.17652e-07
2.45245e+01	1.12987e-07
2.45613e+01	1.08504e-07
2.45982e+01	1.04196e-07
2.46350e+01	1.00057e-07
2.46718e+01	9.60789e-08
2.47086e+01	9.22568e-08
2.47455e+01	8.85845e-08
2.47823e+01	8.50559e-08
2.48191e+01	8.16657e-08
2.48559e+01	7.84084e-08
2.48928e+01	7.52788e-08
2.49296e+01	7.22724e-08
2.49664e+01	6.93842e-08
2.50032e+01	6.66097e-08
2.50401e+01	6.39445e-08
2.50769e+01	6.13845e-08
2.51137e+01	5.89258e-08
2.51505e+01	5.65646e-08
2.51873e+01	5.42971e-08
2.52242e+01	5.21195e-08
2.52610e+01	5.00283e-08
2.52978e+01	4.80201e-08
2.53346e+01	4.60917e-08
2.53715e+01	4.42400e-08
2.54083e+01	4.24619e-08
2.54451e+01	4.07545e-08
2.54819e+01	3.91148e-08
2.55188e+01	3.75402e-08
2.55556e+01	3.60281e-08
2.55924e+01	3.45762e-08
2.56292e+01	3.31819e-08
2.56661e+01	3.18429e-08
2.57029e+01	3.05571e-08
2.57397e+01	2.93224e-08
2.57765e+01	2.81368e-08
2.58134e+01	2.69983e-08
2.58502e+01	2.59051e-08
2.58870e+01	2.48555e-08
2.59238e+01	2.38476e-08
2.59606e+01	2.28800e-08
2.59975e+01	2.19509e-08
2.60343e+01	2.10592e-08
2.60711e+01	2.02033e-08
2.61079e+01	1.93820e-08
2.61448e+01	1.85936e-08
2.61816e+01	1.78371e-08
2.62184e+01	1.71111e-08
2.62552e+01	1.64143e-08
2.62921e+01	1.57457e-08
2.63289e+01	1.51041e-08
2.63657e+01	1.44884e-08
2.64025e+01	1.38976e-08
2.64394e+01	1.33307e-08
2.64762e+01	1.27867e-08
2.65130e+01	1.22648e-08
2.65498e+01	1.17639e-08
2.65866e+01	1.12834e-08
2.66235e+01	1.08223e-08
2.66603e+01	1.03799e-08
2.66971e+01	9.95541e-09
2.67339e+01	9.54818e-09
2.67708e+01	9.15747e-09
2.68076e+01	8.78263e-09
2.68444e+01	8.42301e-09
2.68812e+01	8.07800e-09
2.69181e+01	7.74702e-09
2.69549e+01	7.42949e-09
2.69917e+01	7.12488e-09
2.70285e+01	6.83266e-09
2.70654e+01	6.55234e-09
2.71022e+01	6.28343e-09
2.71390e+01	6.02547e-09
2.71758e+01	5.77803e-09
2.72126e+01	5.54067e-09
2.72495e+01	5.31298e-09
2.72863e+01	5.09459e-09
2.73231e+01	4.88511e-09
2.73599e+01	4.68419e-09
2.73968e+01	4.49147e-09
2.74336e+01	4.30662e-09
2.74704e+01	4.12933e-09
2.75072e+01	3.95929e-09
2.75441e+01	3.79620e-09
2.75809e+01	3.63977e-09
2.76177e+01	3.48975e-09
2.76545e+01	3.34587e-09
2.76914e+01	3.20789e-09
2.77282e+01	3.07555e-09
2.77650e+01	2.94864e-09
2.78018e+01	2.82694e-09
2.78386e+01	2.71022e-09
2.78755e+01	2.59829e-09
2.79123e+01	2.49096e-09
2.79491e+01	2.38802e-09
2.79859e+01	2.28931e-09
2.80228e+01	2.19465e-09
2.80596e+01	2.10388e-09
2.80964e+01	2.01684e-09
2.81332e+01	1.93337e-09
2.81701e+01	1.85333e-09
2.82069e+01	1.77658e-09
2.82437e+01	1.70298e-09
2.82805e+01	1.63241e-09
2.83174e+01	1.56474e-09
2.83542e+01	1.49985e-09
2.83910e+01	1.43763e-09
2.84278e+01	1.37798e-09
2.84647e+01	1.32078e-09
2.85015e+01	1.26594e-09
2.85383e+01	1.21336e-09
2.85751e+01	1.16294e-09
2.86119e+01	1.11461e-09
2.86488e+01	1.06827e-09
2.86856e+01	1.02384e-09
2.87224e+01	9.81246e-10
2.87592e+01	9.40411e-10
2.87961e+01	9.01262e-10
2.88329e+01	8.63731e-10
2.88697e+01	8.27752e-10
2.89065e+01	7.93260e-10
2.89434e+01	7.60195e-10
2.89802e+01	7.28498e-10
2.90170e+01	6.98113e-10
2.90538e+01	6.68986e-10
2.90907e+01	6.41065e-10
2.91275e+01	6.14300e-10
2.91643e+01	5.88645e-10
2.92011e+01	5.64053e-10
2.92379e+01	5.40480e-10
2.92748e+01	5.17885e-10
2.93116e+01	4.96227e-10
2.93484e+01	4.75468e-10
2.93852e+01	4.55571e-10
2.94221e+01	4.36499e-10
2.94589e+01	4.18219e-10
2.94957e+01	4.00698e-10
2.95325e+01	3.83905e-10
2.95694e+01	3.67810e-10
2.96062e+01	3.52383e-10
2.96430e+01	3.37598e-10
2.96798e+01	3.23428e-10
2.97167e+01	3.09847e-10
2.97535e+01	2.96831e-10
2.97903e+01	2.84356e-10
2.98271e+01	2.72401e-10
2.98639e+01	2.60944e-10
2.99008e+01	2.49965e-10
2.99376e+01	2.39444e-10
2.99744e+01	2.29361e-10
3.00112e+01	2.19698e-10
3.00481e+01	2.10438e-10
3.00849e+01	2.01565e-10
3.01217e+01	1.93063e-10
3.01585e+01	1.84917e-10
3.01954e+01	1.77112e-10
3.02322e+01	1.69634e-10
3.02690e+01	1.62469e-10
3.03058e+01	1.55605e-10
3.03427e+01	1.49029e-10
3.03795e+01	1.42728e-10
3.04163e+01	1.36692e-10
3.04531e+01	1.30910e-10
3.04899e+01	1.25370e-10
3.05268e+01	1.20063e-10
3.05636e+01	1.14979e-10
3.06004e+01	1.10109e-10
3.06372e+01	1.05443e-10
3.06741e+01	1.00974e-10
3.07109e+01	9.66929e-11
3.07477e+01	9.25920e-11
3.07845e+01	8.86638e-11
3.08214e+01	8.49011e-11
3.08582e+01	8.12969e-11
3.08950e+01	7.78446e-11
3.09318e+01	7.45379e-11
3.09687e+01	7.13707e-11
3.10055e+01	6.83372e-11
3.10423e+01	6.54317e-11
3.10791e+01	6.26489e-11
3.11160e+01	5.99836e-11
3.11528e+01	5.74310e-11
3.11896e+01	5.49862e-11
3.12264e+01	5.26448e-11
3.12632e+01	5.04024e-11
3.13001e+01	4.82549e-11
3.13369e+01	4.61982e-11
3.13737e+01	4.42286e-11
3.14105e+01	4.23424e-11
3.14474e+01	4.05360e-11
3.14842e+01	3.88062e-11
3.15210e+01	3.71498e-11
3.15578e+01	3.55635e-11
3.15947e+01	3.40446e-11
3.16315e+01	3.25901e-11
3.16683e+01	3.11973e-11
3.17051e+01	2.98637e-11
3.17420e+01	2.85867e-11
3.17788e+01	2.73639e-11
3.18156e+01	2.61931e-11
3.18524e+01	2.50721e-11
3.18892e+01	2.39988e-11
3.19261e+01	2.29711e-11
3.19629e+01	2.19871e-11
3.19997e+01	2.10450e-11
3.20365e+01	2.01430e-11
3.20734e+01	1.92794e-11
3.21102e+01	1.84526e-11
3.21470e+01	1.76611e-11
3.21838e+01	1.69034e-11
3.22207e+01	1.61780e-11
3.22575e+01	1.54836e-11
3.22943e+01	1.48188e-11
3.23311e+01	1.41824e-11
3.23680e+01	1.35732e-11
3.24048e+01	1.29900e-11
3.24416e+01	1.24318e-11
3.24784e+01	1.18974e-11
3.25152e+01	1.13859e-11
3.25521e+01	1.08962e-11
3.25889e+01	1.04275e-11
3.26257e+01	9.97886e-12
3.26625e+01	9.54942e-12
3.26994e+01	9.13837e-12
3.27362e+01	8.74493e-12
3.27730e+01	8.36835e-12
3.28098e+01	8.00790e-12
3.28467e+01	7.66290e-12
3.28835e+01	7.33269e-12
3.29203e+01	7.01664e-12
3.29571e+01	6.71416e-12
3.29940e+01	6.42465e-12
3.30308e+01	6.14756e-12
3.30676e+01	5.88237e-12
3.31044e+01	5.62857e-12
3.31412e+01	5.38567e-12
3.31781e+01	5.15320e-12
3.32149e+01	4.93073e-12
3.32517e+01	4.71781e-12
3.32885e+01	4.51405e-12
3.33254e+01	4.31906e-12
3.33622e+01	4.13245e-12
3.33990e+01	3.95387e-12
3.34358e+01	3.78298e-12
3.34727e+01	3.61944e-12
3.35095e+01	3.46294e-12
3.35463e+01	3.31319e-12
3.35831e+01	3.16989e-12
3.36200e+01	3.03277e-12
3.36568e+01	2.90156e-12
3.36936e+01	2.77600e-12
3.37304e+01	2.65586e-12
3.37673e+01	2.54091e-12
3.38041e+01	2.43092e-12
3.38409e+01	2.32567e-12
3.38777e+01	2.22498e-12
3.39145e+01	2.12863e-12
3.39514e+01	2.03645e-12
3.39882e+01	1.94826e-12
3.40250e+01	1.86389e-12
3.40618e+01	1.78318e-12
3.40987e+01	1.70597e-12
3.41355e+01	1.63211e-12
3.41723e+01	1.56146e-12
3.42091e+01	1.49387e-12
3.42460e+01	1.42922e-12
3.42828e+01	1.36738e-12
3.43196e+01	1.30822e-12
3.43564e+01	1.25165e-12
3.43933e+01	1.19753e-12
3.44301e+01	1.14577e-12
3.44669e+01	1.09626e-12
3.45037e+01	1.04892e-12
3.45405e+01	1.00364e-12
3.45774e+01	9.60333e-13
3.46142e+01	9.18923e-13
3.46510e+01	8.79325e-13
3.46878e+01	8.41462e-13
3.47247e+01	8.05258e-13
3.47615e+01	7.70643e-13
3.47983e+01	7.37550e-13
3.48351e+01	7.05912e-13
3.48720e+01	6.75668e-13
3.49088e+01	6.46758e-13
3.49456e+01	6.19126e-13
3.49824e+01	5.92716e-13
3.50193e+01	5.67477e-13
3.50561e+01	5.43359e-13
3.50929e+01	5.20315e-13
3.51297e+01	4.98299e-13
3.51665e+01	4.77269e-13
3.52034e+01	4.57182e-13
3.52402e+01	4.37999e-13
3.52770e+01	4.19682e-13
3.53138e+01	4.02196e-13
3.53507e+01	3.85506e-13
3.53875e+01	3.69579e-13
3.54243e+01	3.54384e-13
3.54611e+01	3.39891e-13
3.54980e+01	3.26071e-13
3.55348e+01	3.12898e-13
3.55716e+01	3.00344e-13
3.56084e+01	2.88386e-13
3.56453e+01	2.77000e-13
3.56821e+01	2.66163e-13
3.57189e+01	2.55854e-13
3.57557e+01	2.46053e-13
3.57925e+01	2.36740e-13
3.58294e+01	2.27897e-13
3.58662e+01	2.19506e-13
3.59030e+01	2.11551e-13
3.59398e+01	2.04016e-13
3.59767e+01	1.96886e-13
3.60135e+01	1.90148e-13
3.60503e+01	1.83787e-13
3.60871e+01	1.77793e-13
3.61240e+01	1.72153e-13
3.61608e+01	1.66856e-13
3.61976e+01	1.61892e-13
3.62344e+01	1.57249e-13
3.62713e+01	1.52919e-13
3.63081e+01	1.48894e-13
3.63449e+01	1.45164e-13
3.63817e+01	1.41723e-13
3.64186e+01	1.38564e-13
3.64554e+01	1.35679e-13
3.64922e+01	1.33064e-13
3.65290e+01	1.30713e-13
3.65658e+01	1.28621e-13
3.66027e+01	1.26783e-13
3.66395e+01	1.25197e-13
3.66763e+01	1.23859e-13
3.67131e+01	1.22766e-13
3.67500e+01	1.21916e-13
3.67868e+01	1.21306e-13
3.68236e+01	1.20935e-13
