# The ell = 1 distribution, the first anisotropy.
# E_N [Td]	1.00000e+02
# col_1: Electron Energy [eV], col_2: f1 [eV^(-3/2)]
eV	f1
4.31362e-02	8.90978e-04
8.62725e-02	1.82754e-03
1.29409e-01	2.23252e-03
1.72545e-01	2.51200e-03
2.15681e-01	2.70294e-03
2.58817e-01	2.90813e-03
3.01954e-01	3.16764e-03
3.45090e-01	3.35879e-03
3.88226e-01	3.54330e-03
4.31362e-01	3.74450e-03
4.74499e-01	3.96482e-03
5.17635e-01	4.20239e-03
5.60771e-01	4.46105e-03
6.03907e-01	4.74757e-03
6.47043e-01	5.06557e-03
6.90180e-01	5.42968e-03
7.33316e-01	5.84204e-03
7.76452e-01	6.28474e-03
8.19588e-01	6.72222e-03
8.62725e-01	7.15456e-03
9.05861e-01	7.60011e-03
9.48997e-01	8.07154e-03
9.92133e-01	8.57373e-03
1.03527e+00	9.07665e-03
1.07841e+00	9.58285e-03
1.12154e+00	1.00901e-02
1.16468e+00	1.05790e-02
1.20781e+00	1.10564e-02
1.25095e+00	1.15369e-02
1.29409e+00	1.20217e-02
1.33722e+00	1.24796e-02
1.38036e+00	1.29603e-02
1.42350e+00	1.33981e-02
1.46663e+00	1.37937e-02
1.50977e+00	1.42260e-02
1.55290e+00	1.46309e-02
1.59604e+00	1.51142e-02
1.63918e+00	1.56504e-02
1.68231e+00	1.61559e-02
1.72545e+00	1.66743e-02
1.76859e+00	1.70611e-02
1.81172e+00	1.73322e-02
1.85486e+00	1.76120e-02
1.89799e+00	1.77811e-02
1.94113e+00	1.77805e-02
1.98427e+00	1.76333e-02
2.02740e+00	1.73672e-02
2.07054e+00	1.70073e-02
2.11368e+00	1.66402e-02
2.15681e+00	1.62466e-02
2.19995e+00	1.58307e-02
2.24308e+00	1.54132e-02
2.28622e+00	1.49837e-02
2.32936e+00	1.45619e-02
2.37249e+00	1.41380e-02
2.41563e+00	1.37025e-02
2.45877e+00	1.32715e-02
2.50190e+00	1.28175e-02
2.54504e+00	1.23928e-02
2.58817e+00	1.20275e-02
2.63131e+00	1.16853e-02
2.67445e+00	1.13401e-02
2.71758e+00	1.09991e-02
2.76072e+00	1.07227e-02
2.80385e+00	1.04759e-02
2.84699e+00	1.02330e-02
2.89013e+00	9.96624e-03
2.93326e+00	9.72212e-03
2.97640e+00	9.51842e-03
3.01954e+00	9.35306e-03
3.06267e+00	9.19105e-03
3.10581e+00	9.02970e-03
3.14894e+00	8.88262e-03
3.19208e+00	8.75055e-03
3.23522e+00	8.62378e-03
3.27835e+00	8.50205e-03
3.32149e+00	8.39163e-03
3.36463e+00	8.29505e-03
3.40776e+00	8.20952e-03
3.45090e+00	8.13045e-03
3.49403e+00	8.05598e-03
3.53717e+00	7.98632e-03
3.58031e+00	7.91973e-03
3.62344e+00	7.85568e-03
3.66658e+00	7.79445e-03
3.70972e+00	7.73619e-03
3.75285e+00	7.68164e-03
3.79599e+00	7.63166e-03
3.83912e+00	7.58636e-03
3.88226e+00	7.54531e-03
3.92540e+00	7.50569e-03
3.96853e+00	7.46740e-03
4.01167e+00	7.43049e-03
4.05481e+00	7.39412e-03
4.09794e+00	7.35751e-03
4.14108e+00	7.32065e-03
4.18421e+00	7.28352e-03
4.22735e+00	7.24608e-03
4.27049e+00	7.20827e-03
4.31362e+00	7.16995e-03
4.35676e+00	7.13111e-03
4.39990e+00	7.09182e-03
4.44303e+00	7.05219e-03
4.48617e+00	7.01234e-03
4.52930e+00	6.97235e-03
4.57244e+00	6.93251e-03
4.61558e+00	6.89316e-03
4.65871e+00	6.85456e-03
4.70185e+00	6.81689e-03
4.74499e+00	6.78014e-03
4.78812e+00	6.74429e-03
4.83126e+00	6.70935e-03
4.87439e+00	6.67565e-03
4.91753e+00	6.64315e-03
4.96067e+00	6.61157e-03
5.00380e+00	6.58060e-03
5.04694e+00	6.55017e-03
5.09008e+00	6.52012e-03
5.13321e+00	6.49040e-03
5.17635e+00	6.46065e-03
5.21948e+00	6.43086e-03
5.26262e+00	6.40105e-03
5.30576e+00	6.37121e-03
5.34889e+00	6.34137e-03
5.39203e+00	6.31152e-03
5.43516e+00	6.28168e-03
5.47830e+00	6.25184e-03
5.52144e+00	6.22202e-03
5.56457e+00	6.19222e-03
5.60771e+00	6.16245e-03
5.65085e+00	6.13271e-03
5.69398e+00	6.10302e-03
5.73712e+00	6.07337e-03
5.78025e+00	6.04377e-03
5.82339e+00	6.01424e-03
5.86653e+00	5.98478e-03
5.90966e+00	5.95538e-03
5.95280e+00	5.92606e-03
5.99594e+00	5.89682e-03
6.03907e+00	5.86767e-03
6.08221e+00	5.83860e-03
6.12534e+00	5.80962e-03
6.16848e+00	5.78074e-03
6.21162e+00	5.75197e-03
6.25475e+00	5.72329e-03
6.29789e+00	5.69472e-03
6.34103e+00	5.66626e-03
6.38416e+00	5.63792e-03
6.42730e+00	5.60968e-03
6.47043e+00	5.58157e-03
6.51357e+00	5.55358e-03
6.55671e+00	5.52571e-03
6.59984e+00	5.49797e-03
6.64298e+00	5.47036e-03
6.68612e+00	5.44289e-03
6.72925e+00	5.41555e-03
6.77239e+00	5.38834e-03
6.81552e+00	5.36124e-03
6.85866e+00	5.33426e-03
6.90180e+00	5.30741e-03
6.94493e+00	5.28067e-03
6.98807e+00	5.25405e-03
7.03121e+00	5.22757e-03
7.07434e+00	5.20123e-03
7.11748e+00	5.17503e-03
7.16061e+00	5.14897e-03
7.20375e+00	5.12306e-03
7.24689e+00	5.09731e-03
7.29002e+00	5.07174e-03
7.33316e+00	5.04633e-03
7.37630e+00	5.02110e-03
7.41943e+00	4.99596e-03
7.46257e+00	4.97089e-03
7.50570e+00	4.94592e-03
7.54884e+00	4.92103e-03
7.59198e+00	4.89621e-03
7.63511e+00	4.87147e-03
7.67825e+00	4.84681e-03
7.72139e+00	4.82223e-03
7.76452e+00	4.79773e-03
7.80766e+00	4.77318e-03
7.85079e+00	4.74852e-03
7.89393e+00	4.72370e-03
7.93707e+00	4.69873e-03
7.98020e+00	4.67361e-03
8.02334e+00	4.64834e-03
8.06647e+00	4.62289e-03
8.10961e+00	4.59724e-03
8.15275e+00	4.57141e-03
8.19588e+00	4.54540e-03
8.23902e+00	4.51922e-03
8.28216e+00	4.49275e-03
8.32529e+00	4.46598e-03
8.36843e+00	4.43887e-03
8.41156e+00	4.41140e-03
8.45470e+00	4.38360e-03
8.49784e+00	4.35532e-03
8.54097e+00	4.32658e-03
8.58411e+00	4.29754e-03
8.62725e+00	4.26824e-03
8.67038e+00	4.23871e-03
8.71352e+00	4.20896e-03
8.75665e+00	4.17899e-03
8.79979e+00	4.14881e-03
8.84293e+00	4.11844e-03
8.88606e+00	4.08787e-03
8.92920e+00	4.05713e-03
8.97234e+00	4.02620e-03
9.01547e+00	3.99515e-03
9.05861e+00	3.96412e-03
9.10174e+00	3.93318e-03
9.14488e+00	3.90235e-03
9.18802e+00	3.87163e-03
9.23115e+00	3.84102e-03
9.27429e+00	3.81053e-03
9.31743e+00	3.78014e-03
9.36056e+00	3.74988e-03
9.40370e+00	3.71974e-03
9.44683e+00	3.68973e-03
9.48997e+00	3.65985e-03
9.53311e+00	3.63010e-03
9.57624e+00	3.60048e-03
9.61938e+00	3.57099e-03
9.66252e+00	3.54160e-03
9.70565e+00	3.51232e-03
9.74879e+00	3.48312e-03
9.79192e+00	3.45402e-03
9.83506e+00	3.42501e-03
9.87820e+00	3.39611e-03
9.92133e+00	3.36731e-03
9.96447e+00	3.33861e-03
1.00076e+01	3.31010e-03
1.00507e+01	3.28170e-03
1.00939e+01	3.25360e-03
1.01370e+01	3.22578e-03
1.01802e+01	3.19823e-03
1.02233e+01	3.17094e-03
1.02664e+01	3.14393e-03
1.03096e+01	3.11717e-03
1.03527e+01	3.09067e-03
1.03958e+01	3.06443e-03
1.04390e+01	3.03844e-03
1.04821e+01	3.01272e-03
1.05252e+01	2.98723e-03
1.05684e+01	2.96202e-03
1.06115e+01	2.93703e-03
1.06546e+01	2.91223e-03
1.06978e+01	2.88770e-03
1.07409e+01	2.86340e-03
1.07841e+01	2.83935e-03
1.08272e+01	2.81553e-03
1.08703e+01	2.79195e-03
1.09135e+01	2.76861e-03
1.09566e+01	2.74550e-03
1.09997e+01	2.72263e-03
1.10429e+01	2.69999e-03
1.10860e+01	2.67759e-03
1.11291e+01	2.65543e-03
1.11723e+01	2.63351e-03
1.12154e+01	2.61182e-03
1.12586e+01	2.59032e-03
1.13017e+01	2.56901e-03
1.13448e+01	2.54788e-03
1.13880e+01	2.52694e-03
1.14311e+01	2.50619e-03
1.14742e+01	2.48563e-03
1.15174e+01	2.46526e-03
1.15605e+01	2.44507e-03
1.16036e+01	2.42450e-03
1.16468e+01	2.40331e-03
1.16899e+01	2.38071e-03
1.17331e+01	2.35865e-03
1.17762e+01	2.33686e-03
1.18193e+01	2.31490e-03
1.18625e+01	2.29100e-03
1.19056e+01	2.26762e-03
1.19487e+01	2.24388e-03
1.19919e+01	2.22084e-03
1.20350e+01	2.19818e-03
1.20781e+01	2.17572e-03
1.21213e+01	2.15342e-03
1.21644e+01	2.13119e-03
1.22076e+01	2.10902e-03
1.22507e+01	2.08682e-03
1.22938e+01	2.06455e-03
1.23370e+01	2.04225e-03
1.23801e+01	2.02000e-03
1.24232e+01	1.99779e-03
1.24664e+01	1.97556e-03
1.25095e+01	1.95332e-03
1.25526e+01	1.93104e-03
1.25958e+01	1.90868e-03
1.26389e+01	1.88634e-03
1.26821e+01	1.86407e-03
1.27252e+01	1.84192e-03
1.27683e+01	1.81997e-03
1.28115e+01	1.79823e-03
1.28546e+01	1.77685e-03
1.28977e+01	1.75607e-03
1.29409e+01	1.73533e-03
1.29840e+01	1.71543e-03
1.30271e+01	1.69505e-03
1.30703e+01	1.67199e-03
1.31134e+01	1.65151e-03
1.31565e+01	1.63285e-03
1.31997e+01	1.61367e-03
1.32428e+01	1.59484e-03
1.32860e+01	1.57688e-03
1.33291e+01	1.55952e-03
1.33722e+01	1.54250e-03
1.34154e+01	1.52550e-03
1.34585e+01	1.50836e-03
1.35016e+01	1.49101e-03
1.35448e+01	1.47381e-03
1.35879e+01	1.45662e-03
1.36310e+01	1.43945e-03
1.36742e+01	1.42232e-03
1.37173e+01	1.40523e-03
1.37605e+01	1.38818e-03
1.38036e+01	1.37118e-03
1.38467e+01	1.35422e-03
1.38899e+01	1.33728e-03
1.39330e+01	1.32030e-03
1.39761e+01	1.30328e-03
1.40193e+01	1.28621e-03
1.40624e+01	1.26912e-03
1.41055e+01	1.25201e-03
1.41487e+01	1.23488e-03
1.41918e+01	1.21775e-03
1.42350e+01	1.20062e-03
1.42781e+01	1.18345e-03
1.43212e+01	1.16626e-03
1.43644e+01	1.14905e-03
1.44075e+01	1.13183e-03
1.44506e+01	1.11462e-03
1.44938e+01	1.09743e-03
1.45369e+01	1.08027e-03
1.45800e+01	1.06315e-03
1.46232e+01	1.04609e-03
1.46663e+01	1.02909e-03
1.47095e+01	1.01217e-03
1.47526e+01	9.95322e-04
1.47957e+01	9.78563e-04
1.48389e+01	9.61899e-04
1.48820e+01	9.45335e-04
1.49251e+01	9.28880e-04
1.49683e+01	9.12539e-04
1.50114e+01	8.96328e-04
1.50545e+01	8.80287e-04
1.50977e+01	8.64439e-04
1.51408e+01	8.48788e-04
1.51840e+01	8.33334e-04
1.52271e+01	8.18079e-04
1.52702e+01	8.03024e-04
1.53134e+01	7.88169e-04
1.53565e+01	7.73514e-04
1.53996e+01	7.59060e-04
1.54428e+01	7.44808e-04
1.54859e+01	7.30757e-04
1.55290e+01	7.16908e-04
1.55722e+01	7.03260e-04
1.56153e+01	6.89812e-04
1.56585e+01	6.76561e-04
1.57016e+01	6.63507e-04
1.57447e+01	6.50649e-04
1.57879e+01	6.37973e-04
1.58310e+01	6.25404e-04
1.58741e+01	6.12945e-04
1.59173e+01	6.00601e-04
1.59604e+01	5.88377e-04
1.60035e+01	5.76278e-04
1.60467e+01	5.64324e-04
1.60898e+01	5.52526e-04
1.61329e+01	5.40887e-04
1.61761e+01	5.29409e-04
1.62192e+01	5.18092e-04
1.62624e+01	5.06938e-04
1.63055e+01	4.95948e-04
1.63486e+01	4.85121e-04
1.63918e+01	4.74458e-04
1.64349e+01	4.63960e-04
1.64780e+01	4.53626e-04
1.65212e+01	4.43456e-04
1.65643e+01	4.33446e-04
1.66074e+01	4.23596e-04
1.66506e+01	4.13904e-04
1.66937e+01	4.04372e-04
1.67369e+01	3.94998e-04
1.67800e+01	3.85783e-04
1.68231e+01	3.76725e-04
1.68663e+01	3.67824e-04
1.69094e+01	3.59080e-04
1.69525e+01	3.50492e-04
1.69957e+01	3.42059e-04
1.70388e+01	3.33782e-04
1.70819e+01	3.25662e-04
1.71251e+01	3.17699e-04
1.71682e+01	3.09891e-04
1.72114e+01	3.02237e-04
1.72545e+01	2.94736e-04
1.72976e+01	2.87386e-04
1.73408e+01	2.80185e-04
1.73839e+01	2.73131e-04
1.74270e+01	2.66223e-04
1.74702e+01	2.59458e-04
1.75133e+01	2.52833e-04
1.75564e+01	2.46347e-04
1.75996e+01	2.39996e-04
1.76427e+01	2.33778e-04
1.76859e+01	2.27692e-04
1.77290e+01	2.21736e-04
1.77721e+01	2.15907e-04
1.78153e+01	2.10205e-04
1.78584e+01	2.04627e-04
1.79015e+01	1.99171e-04
1.79447e+01	1.93837e-04
1.79878e+01	1.88622e-04
1.80309e+01	1.83527e-04
1.80741e+01	1.78550e-04
1.81172e+01	1.73690e-04
1.81604e+01	1.68946e-04
1.82035e+01	1.64315e-04
1.82466e+01	1.59794e-04
1.82898e+01	1.55382e-04
1.83329e+01	1.51077e-04
1.83760e+01	1.46877e-04
1.84192e+01	1.42779e-04
1.84623e+01	1.38782e-04
1.85054e+01	1.34883e-04
1.85486e+01	1.31081e-04
1.85917e+01	1.27372e-04
1.86349e+01	1.23756e-04
1.86780e+01	1.20231e-04
1.87211e+01	1.16794e-04
1.87643e+01	1.13443e-04
1.88074e+01	1.10178e-04
1.88505e+01	1.06995e-04
1.88937e+01	1.03894e-04
1.89368e+01	1.00873e-04
1.89799e+01	9.79299e-05
1.90231e+01	9.50636e-05
1.90662e+01	9.22731e-05
1.91093e+01	8.95573e-05
1.91525e+01	8.69145e-05
1.91956e+01	8.43428e-05
1.92388e+01	8.18406e-05
1.92819e+01	7.94061e-05
1.93250e+01	7.70378e-05
1.93682e+01	7.47339e-05
1.94113e+01	7.24930e-05
1.94544e+01	7.03136e-05
1.94976e+01	6.81942e-05
1.95407e+01	6.61332e-05
1.95838e+01	6.41292e-05
1.96270e+01	6.21808e-05
1.96701e+01	6.02865e-05
1.97133e+01	5.84450e-05
1.97564e+01	5.66550e-05
1.97995e+01	5.49152e-05
1.98427e+01	5.32243e-05
1.98858e+01	5.15811e-05
1.99289e+01	4.99843e-05
1.99721e+01	4.84327e-05
2.00152e+01	4.69252e-05
2.00583e+01	4.54610e-05
2.01015e+01	4.40390e-05
2.01446e+01	4.26580e-05
2.01878e+01	4.13172e-05
2.02309e+01	4.00155e-05
2.02740e+01	3.87521e-05
2.03172e+01	3.75258e-05
2.03603e+01	3.63357e-05
2.04034e+01	3.51808e-05
2.04466e+01	3.40601e-05
2.04897e+01	3.29727e-05
2.05328e+01	3.19180e-05
2.05760e+01	3.08951e-05
2.06191e+01	2.99034e-05
2.06623e+01	2.89418e-05
2.07054e+01	2.80095e-05
2.07485e+01	2.71058e-05
2.07917e+01	2.62297e-05
2.08348e+01	2.53805e-05
2.08779e+01	2.45575e-05
2.09211e+01	2.37598e-05
2.09642e+01	2.29867e-05
2.10073e+01	2.22376e-05
2.10505e+01	2.15117e-05
2.10936e+01	2.08086e-05
2.11368e+01	2.01275e-05
2.11799e+01	1.94677e-05
2.12230e+01	1.88286e-05
2.12662e+01	1.82096e-05
2.13093e+01	1.76102e-05
2.13524e+01	1.70297e-05
2.13956e+01	1.64675e-05
2.14387e+01	1.59232e-05
2.14818e+01	1.53961e-05
2.15250e+01	1.48856e-05
2.15681e+01	1.43914e-05
2.16113e+01	1.39129e-05
2.16544e+01	1.34496e-05
2.16975e+01	1.30010e-05
2.17407e+01	1.25667e-05
2.17838e+01	1.21463e-05
2.18269e+01	1.17393e-05
2.18701e+01	1.13453e-05
2.19132e+01	1.09640e-05
2.19563e+01	1.05950e-05
2.19995e+01	1.02379e-05
2.20426e+01	9.89238e-06
2.20857e+01	9.55819e-06
2.21289e+01	9.23502e-06
2.21720e+01	8.92253e-06
2.22152e+01	8.62038e-06
2.22583e+01	8.32823e-06
2.23014e+01	8.04576e-06
2.23446e+01	7.77266e-06
2.23877e+01	7.50863e-06
2.24308e+01	7.25338e-06
2.24740e+01	7.00660e-06
2.25171e+01	6.76803e-06
2.25602e+01	6.53738e-06
2.26034e+01	6.31440e-06
2.26465e+01	6.09883e-06
2.26897e+01	5.89042e-06
2.27328e+01	5.68895e-06
2.27759e+01	5.49418e-06
2.28191e+01	5.30591e-06
2.28622e+01	5.12393e-06
2.29053e+01	4.94803e-06
2.29485e+01	4.77801e-06
2.29916e+01	4.61368e-06
2.30347e+01	4.45488e-06
2.30779e+01	4.30143e-06
2.31210e+01	4.15316e-06
2.31642e+01	4.00990e-06
2.32073e+01	3.87149e-06
2.32504e+01	3.73777e-06
2.32936e+01	3.60858e-06
2.33367e+01	3.48377e-06
2.33798e+01	3.36319e-06
2.34230e+01	3.24671e-06
2.34661e+01	3.13419e-06
2.35092e+01	3.02550e-06
2.35524e+01	2.92051e-06
2.35955e+01	2.81910e-06
2.36387e+01	2.72114e-06
2.36818e+01	2.62653e-06
2.37249e+01	2.53515e-06
2.37681e+01	2.44690e-06
2.38112e+01	2.36166e-06
2.38543e+01	2.27933e-06
2.38975e+01	2.19983e-06
2.39406e+01	2.12305e-06
2.39837e+01	2.04890e-06
2.40269e+01	1.97729e-06
2.40700e+01	1.90814e-06
2.41132e+01	1.84136e-06
2.41563e+01	1.77687e-06
2.41994e+01	1.71460e-06
2.42426e+01	1.65446e-06
2.42857e+01	1.59640e-06
2.43288e+01	1.54033e-06
2.43720e+01	1.48619e-06
2.44151e+01	1.43391e-06
2.44582e+01	1.38344e-06
2.45014e+01	1.33471e-06
2.45445e+01	1.28766e-06
2.45877e+01	1.24223e-06
2.46308e+01	1.19837e-06
2.46739e+01	1.15603e-06
2.47171e+01	1.11515e-06
2.47602e+01	1.07569e-06
2.48033e+01	1.03759e-06
2.48465e+01	1.00082e-06
2.48896e+01	9.65315e-07
2.49327e+01	9.31047e-07
2.49759e+01	8.97971e-07
2.50190e+01	8.66048e-07
2.50621e+01	8.35237e-07
2.51053e+01	8.05504e-07
2.51484e+01	7.76815e-07
2.51916e+01	7.49134e-07
2.52347e+01	7.22425e-07
2.52778e+01	6.96655e-07
2.53210e+01	6.71791e-07
2.53641e+01	6.47803e-07
2.54072e+01	6.24659e-07
2.54504e+01	6.02330e-07
2.54935e+01	5.80785e-07
2.55366e+01	5.59997e-07
2.55798e+01	5.39939e-07
2.56229e+01	5.20588e-07
2.56661e+01	5.01915e-07
2.57092e+01	4.83897e-07
2.57523e+01	4.66513e-07
2.57955e+01	4.49740e-07
2.58386e+01	4.33557e-07
2.58817e+01	4.17943e-07
2.59249e+01	4.02880e-07
2.59680e+01	3.88347e-07
2.60111e+01	3.74328e-07
2.60543e+01	3.60809e-07
2.60974e+01	3.47772e-07
2.61406e+01	3.35199e-07
2.61837e+01	3.23076e-07
2.62268e+01	3.11385e-07
2.62700e+01	3.00113e-07
2.63131e+01	2.89244e-07
2.63562e+01	2.78764e-07
2.63994e+01	2.68660e-07
2.64425e+01	2.58917e-07
2.64856e+01	2.49524e-07
2.65288e+01	2.40467e-07
2.65719e+01	2.31736e-07
2.66151e+01	2.23318e-07
2.66582e+01	2.15202e-07
2.67013e+01	2.07378e-07
2.67445e+01	1.99836e-07
2.67876e+01	1.92564e-07
2.68307e+01	1.85555e-07
2.68739e+01	1.78798e-07
2.69170e+01	1.72284e-07
2.69601e+01	1.66006e-07
2.70033e+01	1.59953e-07
2.70464e+01	1.54119e-07
2.70896e+01	1.48496e-07
2.71327e+01	1.43075e-07
2.71758e+01	1.37851e-07
2.72190e+01	1.32815e-07
2.72621e+01	1.27961e-07
2.73052e+01	1.23283e-07
2.73484e+01	1.18774e-07
2.73915e+01	1.14429e-07
2.74346e+01	1.10241e-07
2.74778e+01	1.06205e-07
2.75209e+01	1.02315e-07
2.75641e+01	9.85658e-08
2.76072e+01	9.49529e-08
2.76503e+01	9.14712e-08
2.76935e+01	8.81160e-08
2.77366e+01	8.48827e-08
2.77797e+01	8.17669e-08
2.78229e+01	7.87645e-08
2.78660e+01	7.58713e-08
2.79091e+01	7.30834e-08
2.79523e+01	7.03969e-08
2.79954e+01	6.78081e-08
2.80385e+01	6.53136e-08
2.80817e+01	6.29100e-08
2.81248e+01	6.05940e-08
2.81680e+01	5.83623e-08
2.82111e+01	5.62119e-08
2.82542e+01	5.41399e-08
2.82974e+01	5.21434e-08
2.83405e+01	5.02198e-08
2.83836e+01	4.83664e-08
2.84268e+01	4.65806e-08
2.84699e+01	4.48601e-08
2.85130e+01	4.32024e-08
2.85562e+01	4.16053e-08
2.85993e+01	4.00667e-08
2.86425e+01	3.85843e-08
2.86856e+01	3.71562e-08
2.87287e+01	3.57804e-08
2.87719e+01	3.44550e-08
2.88150e+01	3.31781e-08
2.88581e+01	3.19481e-08
2.89013e+01	3.07632e-08
2.89444e+01	2.96217e-08
2.89875e+01	2.85222e-08
2.90307e+01	2.74630e-08
2.90738e+01	2.64427e-08
2.91170e+01	2.54600e-08
2.91601e+01	2.45133e-08
2.92032e+01	2.36014e-08
2.92464e+01	2.27231e-08
2.92895e+01	2.18771e-08
2.93326e+01	2.10622e-08
2.93758e+01	2.02773e-08
2.94189e+01	1.95214e-08
2.94620e+01	1.87932e-08
2.95052e+01	1.80919e-08
2.95483e+01	1.74164e-08
2.95915e+01	1.67659e-08
2.96346e+01	1.61393e-08
2.96777e+01	1.55358e-08
2.97209e+01	1.49547e-08
2.97640e+01	1.43949e-08
2.98071e+01	1.38559e-08
2.98503e+01	1.33368e-08
2.98934e+01	1.28368e-08
2.99365e+01	1.23554e-08
2.99797e+01	1.18918e-08
3.00228e+01	1.14454e-08
3.00660e+01	1.10155e-08
3.01091e+01	1.06016e-08
3.01522e+01	1.02030e-08
3.01954e+01	9.81934e-09
3.02385e+01	9.44993e-09
3.02816e+01	9.09429e-09
3.03248e+01	8.75190e-09
3.03679e+01	8.42227e-09
3.04110e+01	8.10495e-09
3.04542e+01	7.79947e-09
3.04973e+01	7.50539e-09
3.05405e+01	7.22230e-09
3.05836e+01	6.94979e-09
3.06267e+01	6.68746e-09
3.06699e+01	6.43495e-09
3.07130e+01	6.19188e-09
3.07561e+01	5.95791e-09
3.07993e+01	5.73269e-09
3.08424e+01	5.51591e-09
3.08855e+01	5.30726e-09
3.09287e+01	5.10642e-09
3.09718e+01	4.91312e-09
3.10149e+01	4.72707e-09
3.10581e+01	4.54800e-09
3.11012e+01	4.37566e-09
3.11444e+01	4.20979e-09
3.11875e+01	4.05015e-09
3.12306e+01	3.89651e-09
3.12738e+01	3.74865e-09
3.13169e+01	3.60635e-09
3.13600e+01	3.46940e-09
3.14032e+01	3.33761e-09
3.14463e+01	3.21077e-09
3.14894e+01	3.08872e-09
3.15326e+01	2.97126e-09
3.15757e+01	2.85824e-09
3.16189e+01	2.74947e-09
3.16620e+01	2.64481e-09
3.17051e+01	2.54410e-09
3.17483e+01	2.44719e-09
3.17914e+01	2.35395e-09
3.18345e+01	2.26422e-09
3.18777e+01	2.17789e-09
3.19208e+01	2.09482e-09
3.19639e+01	2.01489e-09
3.20071e+01	1.93798e-09
3.20502e+01	1.86399e-09
3.20934e+01	1.79280e-09
3.21365e+01	1.72431e-09
3.21796e+01	1.65841e-09
3.22228e+01	1.59502e-09
3.22659e+01	1.53404e-09
3.23090e+01	1.47536e-09
3.23522e+01	1.41892e-09
3.23953e+01	1.36462e-09
3.24384e+01	1.31239e-09
3.24816e+01	1.26214e-09
3.25247e+01	1.21380e-09
3.25679e+01	1.16730e-09
3.26110e+01	1.12257e-09
3.26541e+01	1.07954e-09
3.26973e+01	1.03815e-09
3.27404e+01	9.98337e-10
3.27835e+01	9.60040e-10
3.28267e+01	9.23202e-10
3.28698e+01	8.87768e-10
3.29129e+01	8.53685e-10
3.29561e+01	8.20902e-10
3.29992e+01	7.89369e-10
3.30424e+01	7.59040e-10
3.30855e+01	7.29868e-10
3.31286e+01	7.01810e-10
3.31718e+01	6.74824e-10
3.32149e+01	6.48868e-10
3.32580e+01	6.23904e-10
3.33012e+01	5.99895e-10
3.33443e+01	5.76803e-10
3.33874e+01	5.54594e-10
3.34306e+01	5.33235e-10
3.34737e+01	5.12692e-10
3.35169e+01	4.92937e-10
3.35600e+01	4.73937e-10
3.36031e+01	4.55665e-10
3.36463e+01	4.38093e-10
3.36894e+01	4.21194e-10
3.37325e+01	4.04942e-10
3.37757e+01	3.89314e-10
3.38188e+01	3.74284e-10
3.38619e+01	3.59831e-10
3.39051e+01	3.45933e-10
3.39482e+01	3.32567e-10
3.39913e+01	3.19716e-10
3.40345e+01	3.07359e-10
3.40776e+01	2.95478e-10
3.41208e+01	2.84054e-10
3.41639e+01	2.73070e-10
3.42070e+01	2.62509e-10
3.42502e+01	2.52355e-10
3.42933e+01	2.42593e-10
3.43364e+01	2.33206e-10
3.43796e+01	2.24181e-10
3.44227e+01	2.15504e-10
3.44658e+01	2.07162e-10
3.45090e+01	1.99141e-10
3.45521e+01	1.91430e-10
3.45953e+01	1.84016e-10
3.46384e+01	1.76888e-10
3.46815e+01	1.70036e-10
3.47247e+01	1.63448e-10
3.47678e+01	1.57115e-10
3.48109e+01	1.51026e-10
3.48541e+01	1.45172e-10
3.48972e+01	1.39544e-10
3.49403e+01	1.34134e-10
3.49835e+01	1.28933e-10
3.50266e+01	1.23933e-10
3.50698e+01	1.19126e-10
3.51129e+01	1.14504e-10
3.51560e+01	1.10061e-10
3.51992e+01	1.05790e-10
3.52423e+01	1.01684e-10
3.52854e+01	9.77360e-11
3.53286e+01	9.39411e-11
3.53717e+01	9.02928e-11
3.54148e+01	8.67856e-11
3.54580e+01	8.34140e-11
3.55011e+01	8.01728e-11
3.55443e+01	7.70570e-11
3.55874e+01	7.40617e-11
3.56305e+01	7.11824e-11
3.56737e+01	6.84144e-11
3.57168e+01	6.57537e-11
3.57599e+01	6.31959e-11
3.58031e+01	6.07371e-11
3.58462e+01	5.83735e-11
3.58893e+01	5.61015e-11
3.59325e+01	5.39175e-11
3.59756e+01	5.18181e-11
3.60188e+01	4.98000e-11
3.60619e+01	4.78603e-11
3.61050e+01	4.59962e-11
3.61482e+01	4.42047e-11
3.61913e+01	4.24830e-11
3.62344e+01	4.08284e-11
3.62776e+01	3.92383e-11
3.63207e+01	3.77101e-11
3.63638e+01	3.62414e-11
3.64070e+01	3.48299e-11
3.64501e+01	3.34735e-11
3.64933e+01	3.21698e-11
3.65364e+01	3.09170e-11
3.65795e+01	2.97129e-11
3.66227e+01	2.85558e-11
3.66658e+01	2.74438e-11
3.67089e+01	2.63750e-11
3.67521e+01	2.53480e-11
3.67952e+01	2.43609e-11
3.68383e+01	2.34123e-11
3.68815e+01	2.25006e-11
3.69246e+01	2.16244e-11
3.69677e+01	2.07824e-11
3.70109e+01	1.99732e-11
3.70540e+01	1.91955e-11
3.70972e+01	1.84481e-11
3.71403e+01	1.77298e-11
3.71834e+01	1.70395e-11
3.72266e+01	1.63762e-11
3.72697e+01	1.57386e-11
3.73128e+01	1.51260e-11
3.73560e+01	1.45372e-11
3.73991e+01	1.39714e-11
3.74422e+01	1.34276e-11
3.74854e+01	1.29051e-11
3.75285e+01	1.24029e-11
3.75717e+01	1.19203e-11
3.76148e+01	1.14565e-11
3.76579e+01	1.10107e-11
3.77011e+01	1.05823e-11
3.77442e+01	1.01707e-11
3.77873e+01	9.77503e-12
3.78305e+01	9.39481e-12
3.78736e+01	9.02940e-12
3.79167e+01	8.67824e-12
3.79599e+01	8.34075e-12
3.80030e+01	8.01642e-12
3.80462e+01	7.70472e-12
3.80893e+01	7.40516e-12
3.81324e+01	7.11727e-12
3.81756e+01	6.84059e-12
3.82187e+01	6.57469e-12
3.82618e+01	6.31914e-12
3.83050e+01	6.07354e-12
3.83481e+01	5.83750e-12
3.83912e+01	5.61068e-12
3.84344e+01	5.39270e-12
3.84775e+01	5.18324e-12
3.85207e+01	4.98195e-12
3.85638e+01	4.78852e-12
3.86069e+01	4.60263e-12
3.86501e+01	4.42400e-12
3.86932e+01	4.25233e-12
3.87363e+01	4.08736e-12
3.87795e+01	3.92882e-12
3.88226e+01	3.77647e-12
3.88657e+01	3.63005e-12
3.89089e+01	3.48935e-12
3.89520e+01	3.35412e-12
3.89952e+01	3.22417e-12
3.90383e+01	3.09929e-12
3.90814e+01	2.97927e-12
3.91246e+01	2.86393e-12
3.91677e+01	2.75308e-12
3.92108e+01	2.64655e-12
3.92540e+01	2.54417e-12
3.92971e+01	2.44577e-12
3.93402e+01	2.35121e-12
3.93834e+01	2.26033e-12
3.94265e+01	2.17299e-12
3.94696e+01	2.08904e-12
3.95128e+01	2.00837e-12
3.95559e+01	1.93083e-12
3.95991e+01	1.85631e-12
3.96422e+01	1.78469e-12
3.96853e+01	1.71585e-12
3.97285e+01	1.64970e-12
3.97716e+01	1.58612e-12
3.98147e+01	1.52501e-12
3.98579e+01	1.46628e-12
3.99010e+01	1.40983e-12
3.99441e+01	1.35558e-12
3.99873e+01	1.30344e-12
4.00304e+01	1.25333e-12
4.00736e+01	1.20518e-12
4.01167e+01	1.15890e-12
4.01598e+01	1.11443e-12
4.02030e+01	1.07171e-12
4.02461e+01	1.03065e-12
4.02892e+01	9.91194e-13
4.03324e+01	9.53286e-13
4.03755e+01	9.16863e-13
4.04186e+01	8.81868e-13
4.04618e+01	8.48247e-13
4.05049e+01	8.15947e-13
4.05481e+01	7.84916e-13
4.05912e+01	7.55108e-13
4.06343e+01	7.26474e-13
4.06775e+01	6.98971e-13
4.07206e+01	6.72556e-13
4.07637e+01	6.47186e-13
4.08069e+01	6.22823e-13
4.08500e+01	5.99428e-13
4.08931e+01	5.76964e-13
4.09363e+01	5.55398e-13
4.09794e+01	5.34694e-13
4.10226e+01	5.14821e-13
4.10657e+01	4.95747e-13
4.11088e+01	4.77443e-13
4.11520e+01	4.59881e-13
4.11951e+01	4.43031e-13
4.12382e+01	4.26870e-13
4.12814e+01	4.11370e-13
4.13245e+01	3.96508e-13
4.13676e+01	3.82261e-13
4.14108e+01	3.68606e-13
4.14539e+01	3.55522e-13
4.14971e+01	3.42990e-13
4.15402e+01	3.30988e-13
4.15833e+01	3.19498e-13
4.16265e+01	3.08503e-13
4.16696e+01	2.97985e-13
4.17127e+01	2.87928e-13
4.17559e+01	2.78316e-13
4.17990e+01	2.69134e-13
4.18421e+01	2.60368e-13
4.18853e+01	2.52004e-13
4.19284e+01	2.44028e-13
4.19716e+01	2.36430e-13
4.20147e+01	2.29196e-13
4.20578e+01	2.22315e-13
4.21010e+01	2.15776e-13
4.21441e+01	2.09570e-13
4.21872e+01	2.03687e-13
4.22304e+01	1.98117e-13
4.22735e+01	1.92851e-13
4.23166e+01	1.87882e-13
4.23598e+01	1.83201e-13
4.24029e+01	1.78801e-13
4.24460e+01	1.74675e-13
4.24892e+01	1.70817e-13
4.25323e+01	1.67220e-13
4.25755e+01	1.63880e-13
4.26186e+01	1.60790e-13
4.26617e+01	1.57945e-13
4.27049e+01	1.55341e-13
4.27480e+01	1.52975e-13
4.27911e+01	1.50841e-13
4.28343e+01	1.48937e-13
4.28774e+01	1.47260e-13
4.29205e+01	1.45807e-13
4.29637e+01	1.44575e-13
4.30068e+01	1.43562e-13
4.30500e+01	1.42767e-13
4.30931e+01	1.42189e-13
4.31362e+01	1.41824e-13
