# The ell = 1 distribution, the first anisotropy.
# E_N [Td]	2.00000e+02
# col_1: Electron Energy [eV], col_2: f1 [eV^(-3/2)]
eV	f1
7.19939e-02	9.82841e-04
1.43988e-01	1.68607e-03
2.15982e-01	2.10774e-03
2.87976e-01	2.48949e-03
3.59970e-01	2.91374e-03
4.31963e-01	3.26321e-03
5.03957e-01	3.63255e-03
5.75951e-01	4.01844e-03
6.47945e-01	4.44027e-03
7.19939e-01	4.90672e-03
7.91933e-01	5.42069e-03
8.63927e-01	5.93147e-03
9.35921e-01	6.46390e-03
1.00791e+00	7.03195e-03
1.07991e+00	7.59372e-03
1.15190e+00	8.09004e-03
1.22390e+00	8.55151e-03
1.29589e+00	9.02113e-03
1.36788e+00	9.50888e-03
1.43988e+00	9.96545e-03
1.51187e+00	1.03694e-02
1.58387e+00	1.07551e-02
1.65586e+00	1.11828e-02
1.72785e+00	1.16264e-02
1.79985e+00	1.20040e-02
1.87184e+00	1.22592e-02
1.94384e+00	1.23726e-02
2.01583e+00	1.23303e-02
2.08782e+00	1.22135e-02
2.15982e+00	1.20441e-02
2.23181e+00	1.18284e-02
2.30381e+00	1.16226e-02
2.37580e+00	1.14179e-02
2.44779e+00	1.12155e-02
2.51979e+00	1.09646e-02
2.59178e+00	1.07581e-02
2.66377e+00	1.05813e-02
2.73577e+00	1.04009e-02
2.80776e+00	1.02729e-02
2.87976e+00	1.01381e-02
2.95175e+00	1.00062e-02
3.02374e+00	9.91877e-03
3.09574e+00	9.83397e-03
3.16773e+00	9.75606e-03
3.23973e+00	9.68651e-03
3.31172e+00	9.62041e-03
3.38371e+00	9.56651e-03
3.45571e+00	9.52083e-03
3.52770e+00	9.47758e-03
3.59970e+00	9.43564e-03
3.67169e+00	9.39399e-03
3.74368e+00	9.35349e-03
3.81568e+00	9.31588e-03
3.88767e+00	9.28159e-03
3.95967e+00	9.24748e-03
4.03166e+00	9.21320e-03
4.10365e+00	9.17747e-03
4.17565e+00	9.13995e-03
4.24764e+00	9.10065e-03
4.31963e+00	9.05957e-03
4.39163e+00	9.01666e-03
4.46362e+00	8.97218e-03
4.53562e+00	8.92644e-03
4.60761e+00	8.87993e-03
4.67960e+00	8.83320e-03
4.75160e+00	8.78666e-03
4.82359e+00	8.74036e-03
4.89559e+00	8.69457e-03
4.96758e+00	8.64937e-03
5.03957e+00	8.60427e-03
5.11157e+00	8.55907e-03
5.18356e+00	8.51347e-03
5.25556e+00	8.46728e-03
5.32755e+00	8.42055e-03
5.39954e+00	8.37334e-03
5.47154e+00	8.32570e-03
5.54353e+00	8.27769e-03
5.61553e+00	8.22934e-03
5.68752e+00	8.18069e-03
5.75951e+00	8.13179e-03
5.83151e+00	8.08269e-03
5.90350e+00	8.03342e-03
5.97550e+00	7.98400e-03
6.04749e+00	7.93447e-03
6.11948e+00	7.88486e-03
6.19148e+00	7.83520e-03
6.26347e+00	7.78551e-03
6.33546e+00	7.73581e-03
6.40746e+00	7.68612e-03
6.47945e+00	7.63646e-03
6.55145e+00	7.58687e-03
6.62344e+00	7.53734e-03
6.69543e+00	7.48791e-03
6.76743e+00	7.43860e-03
6.83942e+00	7.38939e-03
6.91142e+00	7.34030e-03
6.98341e+00	7.29134e-03
7.05540e+00	7.24254e-03
7.12740e+00	7.19392e-03
7.19939e+00	7.14549e-03
7.27139e+00	7.09727e-03
7.34338e+00	7.04929e-03
7.41537e+00	7.00152e-03
7.48737e+00	6.95387e-03
7.55936e+00	6.90637e-03
7.63136e+00	6.85901e-03
7.70335e+00	6.81179e-03
7.77534e+00	6.76473e-03
7.84734e+00	6.71765e-03
7.91933e+00	6.67042e-03
7.99132e+00	6.62307e-03
8.06332e+00	6.57556e-03
8.13531e+00	6.52787e-03
8.20731e+00	6.48000e-03
8.27930e+00	6.43192e-03
8.35129e+00	6.38350e-03
8.42329e+00	6.33467e-03
8.49528e+00	6.28542e-03
8.56728e+00	6.23558e-03
8.63927e+00	6.18544e-03
8.71126e+00	6.13504e-03
8.78326e+00	6.08442e-03
8.85525e+00	6.03359e-03
8.92725e+00	5.98256e-03
8.99924e+00	5.93136e-03
9.07123e+00	5.88018e-03
9.14323e+00	5.82922e-03
9.21522e+00	5.77850e-03
9.28722e+00	5.72802e-03
9.35921e+00	5.67780e-03
9.43120e+00	5.62784e-03
9.50320e+00	5.57814e-03
9.57519e+00	5.52874e-03
9.64718e+00	5.47959e-03
9.71918e+00	5.43068e-03
9.79117e+00	5.38198e-03
9.86317e+00	5.33351e-03
9.93516e+00	5.28528e-03
1.00072e+01	5.23731e-03
1.00791e+01	5.18969e-03
1.01511e+01	5.14259e-03
1.02231e+01	5.09599e-03
1.02951e+01	5.04989e-03
1.03671e+01	5.00426e-03
1.04391e+01	4.95913e-03
1.05111e+01	4.91447e-03
1.05831e+01	4.87031e-03
1.06551e+01	4.82654e-03
1.07271e+01	4.78326e-03
1.07991e+01	4.74045e-03
1.08711e+01	4.69809e-03
1.09431e+01	4.65620e-03
1.10151e+01	4.61477e-03
1.10871e+01	4.57381e-03
1.11591e+01	4.53332e-03
1.12311e+01	4.49329e-03
1.13030e+01	4.45365e-03
1.13750e+01	4.41439e-03
1.14470e+01	4.37551e-03
1.15190e+01	4.33702e-03
1.15910e+01	4.29879e-03
1.16630e+01	4.25944e-03
1.17350e+01	4.21900e-03
1.18070e+01	4.17896e-03
1.18790e+01	4.13646e-03
1.19510e+01	4.09406e-03
1.20230e+01	4.05296e-03
1.20950e+01	4.01231e-03
1.21670e+01	3.97187e-03
1.22390e+01	3.93149e-03
1.23110e+01	3.89094e-03
1.23830e+01	3.85035e-03
1.24549e+01	3.80977e-03
1.25269e+01	3.76910e-03
1.25989e+01	3.72822e-03
1.26709e+01	3.68729e-03
1.27429e+01	3.64651e-03
1.28149e+01	3.60606e-03
1.28869e+01	3.56635e-03
1.29589e+01	3.52711e-03
1.30309e+01	3.48876e-03
1.31029e+01	3.44761e-03
1.31749e+01	3.41082e-03
1.32469e+01	3.37312e-03
1.33189e+01	3.33751e-03
1.33909e+01	3.30272e-03
1.34629e+01	3.26772e-03
1.35349e+01	3.23238e-03
1.36069e+01	3.19701e-03
1.36788e+01	3.16158e-03
1.37508e+01	3.12611e-03
1.38228e+01	3.09061e-03
1.38948e+01	3.05502e-03
1.39668e+01	3.01918e-03
1.40388e+01	2.98304e-03
1.41108e+01	2.94664e-03
1.41828e+01	2.91000e-03
1.42548e+01	2.87311e-03
1.43268e+01	2.83590e-03
1.43988e+01	2.79839e-03
1.44708e+01	2.76062e-03
1.45428e+01	2.72263e-03
1.46148e+01	2.68448e-03
1.46868e+01	2.64620e-03
1.47588e+01	2.60783e-03
1.48307e+01	2.56940e-03
1.49027e+01	2.53093e-03
1.49747e+01	2.49245e-03
1.50467e+01	2.45405e-03
1.51187e+01	2.41589e-03
1.51907e+01	2.37802e-03
1.52627e+01	2.34043e-03
1.53347e+01	2.30314e-03
1.54067e+01	2.26616e-03
1.54787e+01	2.22950e-03
1.55507e+01	2.19317e-03
1.56227e+01	2.15717e-03
1.56947e+01	2.12151e-03
1.57667e+01	2.08617e-03
1.58387e+01	2.05097e-03
1.59107e+01	2.01579e-03
1.59826e+01	1.98064e-03
1.60546e+01	1.94560e-03
1.61266e+01	1.91076e-03
1.61986e+01	1.87614e-03
1.62706e+01	1.84177e-03
1.63426e+01	1.80765e-03
1.64146e+01	1.77380e-03
1.64866e+01	1.74023e-03
1.65586e+01	1.70695e-03
1.66306e+01	1.67395e-03
1.67026e+01	1.64124e-03
1.67746e+01	1.60884e-03
1.68466e+01	1.57675e-03
1.69186e+01	1.54498e-03
1.69906e+01	1.51356e-03
1.70626e+01	1.48248e-03
1.71346e+01	1.45178e-03
1.72065e+01	1.42147e-03
1.72785e+01	1.39156e-03
1.73505e+01	1.36204e-03
1.74225e+01	1.33292e-03
1.74945e+01	1.30420e-03
1.75665e+01	1.27589e-03
1.76385e+01	1.24796e-03
1.77105e+01	1.22042e-03
1.77825e+01	1.19328e-03
1.78545e+01	1.16653e-03
1.79265e+01	1.14018e-03
1.79985e+01	1.11423e-03
1.80705e+01	1.08871e-03
1.81425e+01	1.06361e-03
1.82145e+01	1.03895e-03
1.82865e+01	1.01472e-03
1.83584e+01	9.90906e-04
1.84304e+01	9.67517e-04
1.85024e+01	9.44549e-04
1.85744e+01	9.21995e-04
1.86464e+01	8.99849e-04
1.87184e+01	8.78108e-04
1.87904e+01	8.56768e-04
1.88624e+01	8.35826e-04
1.89344e+01	8.15279e-04
1.90064e+01	7.95126e-04
1.90784e+01	7.75371e-04
1.91504e+01	7.56019e-04
1.92224e+01	7.37065e-04
1.92944e+01	7.18500e-04
1.93664e+01	7.00320e-04
1.94384e+01	6.82519e-04
1.95104e+01	6.65092e-04
1.95823e+01	6.48033e-04
1.96543e+01	6.31337e-04
1.97263e+01	6.14997e-04
1.97983e+01	5.99008e-04
1.98703e+01	5.83366e-04
1.99423e+01	5.68064e-04
2.00143e+01	5.53097e-04
2.00863e+01	5.38462e-04
2.01583e+01	5.24157e-04
2.02303e+01	5.10178e-04
2.03023e+01	4.96521e-04
2.03743e+01	4.83182e-04
2.04463e+01	4.70153e-04
2.05183e+01	4.57430e-04
2.05903e+01	4.45014e-04
2.06623e+01	4.32901e-04
2.07342e+01	4.21085e-04
2.08062e+01	4.09559e-04
2.08782e+01	3.98318e-04
2.09502e+01	3.87355e-04
2.10222e+01	3.76665e-04
2.10942e+01	3.66245e-04
2.11662e+01	3.56089e-04
2.12382e+01	3.46192e-04
2.13102e+01	3.36547e-04
2.13822e+01	3.27149e-04
2.14542e+01	3.17992e-04
2.15262e+01	3.09071e-04
2.15982e+01	3.00378e-04
2.16702e+01	2.91909e-04
2.17422e+01	2.83658e-04
2.18142e+01	2.75620e-04
2.18862e+01	2.67790e-04
2.19581e+01	2.60164e-04
2.20301e+01	2.52739e-04
2.21021e+01	2.45513e-04
2.21741e+01	2.38484e-04
2.22461e+01	2.31648e-04
2.23181e+01	2.24999e-04
2.23901e+01	2.18533e-04
2.24621e+01	2.12245e-04
2.25341e+01	2.06129e-04
2.26061e+01	2.00181e-04
2.26781e+01	1.94396e-04
2.27501e+01	1.88770e-04
2.28221e+01	1.83298e-04
2.28941e+01	1.77976e-04
2.29661e+01	1.72801e-04
2.30381e+01	1.67769e-04
2.31100e+01	1.62878e-04
2.31820e+01	1.58124e-04
2.32540e+01	1.53504e-04
2.33260e+01	1.49013e-04
2.33980e+01	1.44648e-04
2.34700e+01	1.40407e-04
2.35420e+01	1.36285e-04
2.36140e+01	1.32280e-04
2.36860e+01	1.28388e-04
2.37580e+01	1.24607e-04
2.38300e+01	1.20932e-04
2.39020e+01	1.17362e-04
2.39740e+01	1.13893e-04
2.40460e+01	1.10523e-04
2.41180e+01	1.07249e-04
2.41900e+01	1.04067e-04
2.42619e+01	1.00976e-04
2.43339e+01	9.79736e-05
2.44059e+01	9.50562e-05
2.44779e+01	9.22221e-05
2.45499e+01	8.94689e-05
2.46219e+01	8.67945e-05
2.46939e+01	8.41965e-05
2.47659e+01	8.16729e-05
2.48379e+01	7.92217e-05
2.49099e+01	7.68409e-05
2.49819e+01	7.45289e-05
2.50539e+01	7.22838e-05
2.51259e+01	7.01041e-05
2.51979e+01	6.79884e-05
2.52699e+01	6.59348e-05
2.53419e+01	6.39416e-05
2.54139e+01	6.20071e-05
2.54858e+01	6.01293e-05
2.55578e+01	5.83064e-05
2.56298e+01	5.65369e-05
2.57018e+01	5.48190e-05
2.57738e+01	5.31511e-05
2.58458e+01	5.15319e-05
2.59178e+01	4.99600e-05
2.59898e+01	4.84340e-05
2.60618e+01	4.69532e-05
2.61338e+01	4.55167e-05
2.62058e+01	4.41230e-05
2.62778e+01	4.27711e-05
2.63498e+01	4.14597e-05
2.64218e+01	4.01877e-05
2.64938e+01	3.89538e-05
2.65658e+01	3.77571e-05
2.66377e+01	3.65963e-05
2.67097e+01	3.54704e-05
2.67817e+01	3.43786e-05
2.68537e+01	3.33196e-05
2.69257e+01	3.22926e-05
2.69977e+01	3.12966e-05
2.70697e+01	3.03308e-05
2.71417e+01	2.93941e-05
2.72137e+01	2.84858e-05
2.72857e+01	2.76050e-05
2.73577e+01	2.67510e-05
2.74297e+01	2.59228e-05
2.75017e+01	2.51198e-05
2.75737e+01	2.43412e-05
2.76457e+01	2.35863e-05
2.77177e+01	2.28543e-05
2.77897e+01	2.21446e-05
2.78616e+01	2.14566e-05
2.79336e+01	2.07895e-05
2.80056e+01	2.01428e-05
2.80776e+01	1.95157e-05
2.81496e+01	1.89078e-05
2.82216e+01	1.83183e-05
2.82936e+01	1.77469e-05
2.83656e+01	1.71928e-05
2.84376e+01	1.66557e-05
2.85096e+01	1.61349e-05
2.85816e+01	1.56301e-05
2.86536e+01	1.51407e-05
2.87256e+01	1.46662e-05
2.87976e+01	1.42063e-05
2.88696e+01	1.37605e-05
2.89416e+01	1.33283e-05
2.90135e+01	1.29094e-05
2.90855e+01	1.25033e-05
2.91575e+01	1.21097e-05
2.92295e+01	1.17282e-05
2.93015e+01	1.13584e-05
2.93735e+01	1.09999e-05
2.94455e+01	1.06525e-05
2.95175e+01	1.03158e-05
2.95895e+01	9.98940e-06
2.96615e+01	9.67308e-06
2.97335e+01	9.36650e-06
2.98055e+01	9.06938e-06
2.98775e+01	8.78144e-06
2.99495e+01	8.50240e-06
3.00215e+01	8.23201e-06
3.00935e+01	7.96999e-06
3.01655e+01	7.71616e-06
3.02374e+01	7.47027e-06
3.03094e+01	7.23207e-06
3.03814e+01	7.00133e-06
3.04534e+01	6.77782e-06
3.05254e+01	6.56133e-06
3.05974e+01	6.35163e-06
3.06694e+01	6.14852e-06
3.07414e+01	5.95179e-06
3.08134e+01	5.76124e-06
3.08854e+01	5.57669e-06
3.09574e+01	5.39796e-06
3.10294e+01	5.22485e-06
3.11014e+01	5.05721e-06
3.11734e+01	4.89486e-06
3.12454e+01	4.73763e-06
3.13174e+01	4.58537e-06
3.13893e+01	4.43792e-06
3.14613e+01	4.29513e-06
3.15333e+01	4.15687e-06
3.16053e+01	4.02298e-06
3.16773e+01	3.89333e-06
3.17493e+01	3.76780e-06
3.18213e+01	3.64625e-06
3.18933e+01	3.52856e-06
3.19653e+01	3.41461e-06
3.20373e+01	3.30428e-06
3.21093e+01	3.19746e-06
3.21813e+01	3.09405e-06
3.22533e+01	2.99394e-06
3.23253e+01	2.89703e-06
3.23973e+01	2.80321e-06
3.24693e+01	2.71239e-06
3.25412e+01	2.62448e-06
3.26132e+01	2.53938e-06
3.26852e+01	2.45701e-06
3.27572e+01	2.37727e-06
3.28292e+01	2.30009e-06
3.29012e+01	2.22538e-06
3.29732e+01	2.15307e-06
3.30452e+01	2.08308e-06
3.31172e+01	2.01533e-06
3.31892e+01	1.94977e-06
3.32612e+01	1.88630e-06
3.33332e+01	1.82488e-06
3.34052e+01	1.76544e-06
3.34772e+01	1.70790e-06
3.35492e+01	1.65222e-06
3.36212e+01	1.59833e-06
3.36932e+01	1.54618e-06
3.37651e+01	1.49571e-06
3.38371e+01	1.44686e-06
3.39091e+01	1.39959e-06
3.39811e+01	1.35385e-06
3.40531e+01	1.30959e-06
3.41251e+01	1.26676e-06
3.41971e+01	1.22533e-06
3.42691e+01	1.18524e-06
3.43411e+01	1.14645e-06
3.44131e+01	1.10893e-06
3.44851e+01	1.07262e-06
3.45571e+01	1.03749e-06
3.46291e+01	1.00351e-06
3.47011e+01	9.70632e-07
3.47731e+01	9.38825e-07
3.48451e+01	9.08053e-07
3.49170e+01	8.78284e-07
3.49890e+01	8.49483e-07
3.50610e+01	8.21620e-07
3.51330e+01	7.94664e-07
3.52050e+01	7.68584e-07
3.52770e+01	7.43353e-07
3.53490e+01	7.18943e-07
3.54210e+01	6.95328e-07
3.54930e+01	6.72482e-07
3.55650e+01	6.50380e-07
3.56370e+01	6.28997e-07
3.57090e+01	6.08312e-07
3.57810e+01	5.88300e-07
3.58530e+01	5.68941e-07
3.59250e+01	5.50213e-07
3.59970e+01	5.32096e-07
3.60690e+01	5.14571e-07
3.61409e+01	4.97624e-07
3.62129e+01	4.81235e-07
3.62849e+01	4.65387e-07
3.63569e+01	4.50060e-07
3.64289e+01	4.35239e-07
3.65009e+01	4.20906e-07
3.65729e+01	4.07046e-07
3.66449e+01	3.93642e-07
3.67169e+01	3.80681e-07
3.67889e+01	3.68146e-07
3.68609e+01	3.56024e-07
3.69329e+01	3.44302e-07
3.70049e+01	3.32966e-07
3.70769e+01	3.22004e-07
3.71489e+01	3.11402e-07
3.72209e+01	3.01151e-07
3.72928e+01	2.91237e-07
3.73648e+01	2.81651e-07
3.74368e+01	2.72381e-07
3.75088e+01	2.63418e-07
3.75808e+01	2.54749e-07
3.76528e+01	2.46367e-07
3.77248e+01	2.38261e-07
3.77968e+01	2.30422e-07
3.78688e+01	2.22842e-07
3.79408e+01	2.15512e-07
3.80128e+01	2.08423e-07
3.80848e+01	2.01569e-07
3.81568e+01	1.94940e-07
3.82288e+01	1.88529e-07
3.83008e+01	1.82330e-07
3.83728e+01	1.76334e-07
3.84448e+01	1.70538e-07
3.85167e+01	1.64933e-07
3.85887e+01	1.59513e-07
3.86607e+01	1.54273e-07
3.87327e+01	1.49206e-07
3.88047e+01	1.44307e-07
3.88767e+01	1.39569e-07
3.89487e+01	1.34988e-07
3.90207e+01	1.30558e-07
3.90927e+01	1.26275e-07
3.91647e+01	1.22133e-07
3.92367e+01	1.18127e-07
3.93087e+01	1.14254e-07
3.93807e+01	1.10508e-07
3.94527e+01	1.06886e-07
3.95247e+01	1.03383e-07
3.95967e+01	9.99945e-08
3.96686e+01	9.67179e-08
3.97406e+01	9.35489e-08
3.98126e+01	9.04840e-08
3.98846e+01	8.75196e-08
3.99566e+01	8.46525e-08
4.00286e+01	8.18795e-08
4.01006e+01	7.91975e-08
4.01726e+01	7.66039e-08
4.02446e+01	7.40956e-08
4.03166e+01	7.16698e-08
4.03886e+01	6.93238e-08
4.04606e+01	6.70549e-08
4.05326e+01	6.48607e-08
4.06046e+01	6.27385e-08
4.06766e+01	6.06862e-08
4.07486e+01	5.87013e-08
4.08206e+01	5.67816e-08
4.08925e+01	5.49250e-08
4.09645e+01	5.31293e-08
4.10365e+01	5.13927e-08
4.11085e+01	4.97131e-08
4.11805e+01	4.80886e-08
4.12525e+01	4.65175e-08
4.13245e+01	4.49979e-08
4.13965e+01	4.35282e-08
4.14685e+01	4.21067e-08
4.15405e+01	4.07319e-08
4.16125e+01	3.94021e-08
4.16845e+01	3.81160e-08
4.17565e+01	3.68720e-08
4.18285e+01	3.56689e-08
4.19005e+01	3.45051e-08
4.19725e+01	3.33796e-08
4.20444e+01	3.22909e-08
4.21164e+01	3.12379e-08
4.21884e+01	3.02194e-08
4.22604e+01	2.92343e-08
4.23324e+01	2.82814e-08
4.24044e+01	2.73598e-08
4.24764e+01	2.64683e-08
4.25484e+01	2.56060e-08
4.26204e+01	2.47720e-08
4.26924e+01	2.39652e-08
4.27644e+01	2.31849e-08
4.28364e+01	2.24300e-08
4.29084e+01	2.16999e-08
4.29804e+01	2.09938e-08
4.30524e+01	2.03107e-08
4.31244e+01	1.96500e-08
4.31963e+01	1.90110e-08
4.32683e+01	1.83929e-08
4.33403e+01	1.77950e-08
4.34123e+01	1.72166e-08
4.34843e+01	1.66572e-08
4.35563e+01	1.61160e-08
4.36283e+01	1.55926e-08
4.37003e+01	1.50863e-08
4.37723e+01	1.45965e-08
4.38443e+01	1.41228e-08
4.39163e+01	1.36645e-08
4.39883e+01	1.32212e-08
4.40603e+01	1.27924e-08
4.41323e+01	1.23776e-08
4.42043e+01	1.19763e-08
4.42763e+01	1.15882e-08
4.43483e+01	1.12127e-08
4.44202e+01	1.08495e-08
4.44922e+01	1.04981e-08
4.45642e+01	1.01582e-08
4.46362e+01	9.82939e-09
4.47082e+01	9.51128e-09
4.47802e+01	9.20355e-09
4.48522e+01	8.90585e-09
4.49242e+01	8.61785e-09
4.49962e+01	8.33922e-09
4.50682e+01	8.06967e-09
4.51402e+01	7.80889e-09
4.52122e+01	7.55660e-09
4.52842e+01	7.31251e-09
4.53562e+01	7.07637e-09
4.54282e+01	6.84790e-09
4.55002e+01	6.62687e-09
4.55721e+01	6.41301e-09
4.56441e+01	6.20610e-09
4.57161e+01	6.00592e-09
4.57881e+01	5.81223e-09
4.58601e+01	5.62484e-09
4.59321e+01	5.44354e-09
4.60041e+01	5.26815e-09
4.60761e+01	5.09847e-09
4.61481e+01	4.93431e-09
4.62201e+01	4.77549e-09
4.62921e+01	4.62183e-09
4.63641e+01	4.47317e-09
4.64361e+01	4.32935e-09
4.65081e+01	4.19019e-09
4.65801e+01	4.05556e-09
4.66521e+01	3.92530e-09
4.67241e+01	3.79926e-09
4.67960e+01	3.67731e-09
4.68680e+01	3.55932e-09
4.69400e+01	3.44516e-09
4.70120e+01	3.33469e-09
4.70840e+01	3.22781e-09
4.71560e+01	3.12438e-09
4.72280e+01	3.02431e-09
4.73000e+01	2.92747e-09
4.73720e+01	2.83377e-09
4.74440e+01	2.74310e-09
4.75160e+01	2.65536e-09
4.75880e+01	2.57046e-09
4.76600e+01	2.48830e-09
4.77320e+01	2.40879e-09
4.78040e+01	2.33185e-09
4.78760e+01	2.25740e-09
4.79479e+01	2.18535e-09
4.80199e+01	2.11562e-09
4.80919e+01	2.04814e-09
4.81639e+01	1.98284e-09
4.82359e+01	1.91964e-09
4.83079e+01	1.85848e-09
4.83799e+01	1.79928e-09
4.84519e+01	1.74199e-09
4.85239e+01	1.68655e-09
4.85959e+01	1.63289e-09
4.86679e+01	1.58095e-09
4.87399e+01	1.53069e-09
4.88119e+01	1.48204e-09
4.88839e+01	1.43495e-09
4.89559e+01	1.38937e-09
4.90279e+01	1.34526e-09
4.90999e+01	1.30256e-09
4.91718e+01	1.26123e-09
4.92438e+01	1.22122e-09
4.93158e+01	1.18250e-09
4.93878e+01	1.14501e-09
4.94598e+01	1.10873e-09
4.95318e+01	1.07361e-09
4.96038e+01	1.03961e-09
4.96758e+01	1.00669e-09
4.97478e+01	9.74832e-10
4.98198e+01	9.43989e-10
4.98918e+01	9.14131e-10
4.99638e+01	8.85226e-10
5.00358e+01	8.57244e-10
5.01078e+01	8.30153e-10
5.01798e+01	8.03927e-10
5.02518e+01	7.78535e-10
5.03237e+01	7.53953e-10
5.03957e+01	7.30153e-10
5.04677e+01	7.07111e-10
5.05397e+01	6.84802e-10
5.06117e+01	6.63203e-10
5.06837e+01	6.42290e-10
5.07557e+01	6.22042e-10
5.08277e+01	6.02438e-10
5.08997e+01	5.83457e-10
5.09717e+01	5.65079e-10
5.10437e+01	5.47284e-10
5.11157e+01	5.30055e-10
5.11877e+01	5.13372e-10
5.12597e+01	4.97219e-10
5.13317e+01	4.81579e-10
5.14037e+01	4.66434e-10
5.14756e+01	4.51770e-10
5.15476e+01	4.37571e-10
5.16196e+01	4.23822e-10
5.16916e+01	4.10509e-10
5.17636e+01	3.97617e-10
5.18356e+01	3.85133e-10
5.19076e+01	3.73043e-10
5.19796e+01	3.61336e-10
5.20516e+01	3.49998e-10
5.21236e+01	3.39018e-10
5.21956e+01	3.28385e-10
5.22676e+01	3.18088e-10
5.23396e+01	3.08116e-10
5.24116e+01	2.98459e-10
5.24836e+01	2.89106e-10
5.25556e+01	2.80049e-10
5.26276e+01	2.71277e-10
5.26995e+01	2.62782e-10
5.27715e+01	2.54555e-10
5.28435e+01	2.46587e-10
5.29155e+01	2.38870e-10
5.29875e+01	2.31396e-10
5.30595e+01	2.24158e-10
5.31315e+01	2.17148e-10
5.32035e+01	2.10359e-10
5.32755e+01	2.03783e-10
5.33475e+01	1.97414e-10
5.34195e+01	1.91246e-10
5.34915e+01	1.85271e-10
5.35635e+01	1.79485e-10
5.36355e+01	1.73881e-10
5.37075e+01	1.68453e-10
5.37795e+01	1.63195e-10
5.38514e+01	1.58103e-10
5.39234e+01	1.53171e-10
5.39954e+01	1.48394e-10
5.40674e+01	1.43767e-10
5.41394e+01	1.39285e-10
5.42114e+01	1.34944e-10
5.42834e+01	1.30739e-10
5.43554e+01	1.26667e-10
5.44274e+01	1.22722e-10
5.44994e+01	1.18900e-10
5.45714e+01	1.15199e-10
5.46434e+01	1.11614e-10
5.47154e+01	1.08141e-10
5.47874e+01	1.04777e-10
5.48594e+01	1.01518e-10
5.49314e+01	9.83616e-11
5.50034e+01	9.53039e-11
5.50753e+01	9.23420e-11
5.51473e+01	8.94729e-11
5.52193e+01	8.66936e-11
5.52913e+01	8.40012e-11
5.53633e+01	8.13931e-11
5.54353e+01	7.88666e-11
5.55073e+01	7.64191e-11
5.55793e+01	7.40481e-11
5.56513e+01	7.17512e-11
5.57233e+01	6.95261e-11
5.57953e+01	6.73705e-11
5.58673e+01	6.52823e-11
5.59393e+01	6.32594e-11
5.60113e+01	6.12996e-11
5.60833e+01	5.94011e-11
5.61553e+01	5.75619e-11
5.62272e+01	5.57800e-11
5.62992e+01	5.40538e-11
5.63712e+01	5.23814e-11
5.64432e+01	5.07612e-11
5.65152e+01	4.91915e-11
5.65872e+01	4.76708e-11
5.66592e+01	4.61975e-11
5.67312e+01	4.47700e-11
5.68032e+01	4.33871e-11
5.68752e+01	4.20472e-11
5.69472e+01	4.07490e-11
5.70192e+01	3.94912e-11
5.70912e+01	3.82726e-11
5.71632e+01	3.70918e-11
5.72352e+01	3.59478e-11
5.73072e+01	3.48394e-11
5.73792e+01	3.37655e-11
5.74511e+01	3.27249e-11
5.75231e+01	3.17166e-11
5.75951e+01	3.07397e-11
5.76671e+01	2.97931e-11
5.77391e+01	2.88759e-11
5.78111e+01	2.79871e-11
5.78831e+01	2.71259e-11
5.79551e+01	2.62915e-11
5.80271e+01	2.54829e-11
5.80991e+01	2.46995e-11
5.81711e+01	2.39403e-11
5.82431e+01	2.32046e-11
5.83151e+01	2.24917e-11
5.83871e+01	2.18009e-11
5.84591e+01	2.11315e-11
5.85311e+01	2.04828e-11
5.86030e+01	1.98542e-11
5.86750e+01	1.92451e-11
5.87470e+01	1.86548e-11
5.88190e+01	1.80827e-11
5.88910e+01	1.75283e-11
5.89630e+01	1.69911e-11
5.90350e+01	1.64704e-11
5.91070e+01	1.59659e-11
5.91790e+01	1.54769e-11
5.92510e+01	1.50030e-11
5.93230e+01	1.45438e-11
5.93950e+01	1.40987e-11
5.94670e+01	1.36673e-11
5.95390e+01	1.32492e-11
5.96110e+01	1.28440e-11
5.96830e+01	1.24513e-11
5.97550e+01	1.20707e-11
5.98269e+01	1.17018e-11
5.98989e+01	1.13442e-11
5.99709e+01	1.09976e-11
6.00429e+01	1.06617e-11
6.01149e+01	1.03362e-11
6.01869e+01	1.00206e-11
6.02589e+01	9.71466e-12
6.03309e+01	9.41815e-12
6.04029e+01	9.13074e-12
6.04749e+01	8.85215e-12
6.05469e+01	8.58210e-12
6.06189e+01	8.32033e-12
6.06909e+01	8.06660e-12
6.07629e+01	7.82065e-12
6.08349e+01	7.58223e-12
6.09069e+01	7.35113e-12
6.09788e+01	7.12711e-12
6.10508e+01	6.90996e-12
6.11228e+01	6.69946e-12
6.11948e+01	6.49541e-12
6.12668e+01	6.29762e-12
6.13388e+01	6.10588e-12
6.14108e+01	5.92001e-12
6.14828e+01	5.73983e-12
6.15548e+01	5.56518e-12
6.16268e+01	5.39586e-12
6.16988e+01	5.23173e-12
6.17708e+01	5.07262e-12
6.18428e+01	4.91838e-12
6.19148e+01	4.76886e-12
6.19868e+01	4.62391e-12
6.20588e+01	4.48340e-12
6.21307e+01	4.34718e-12
6.22027e+01	4.21513e-12
6.22747e+01	4.08711e-12
6.23467e+01	3.96301e-12
6.24187e+01	3.84270e-12
6.24907e+01	3.72606e-12
6.25627e+01	3.61299e-12
6.26347e+01	3.50337e-12
6.27067e+01	3.39710e-12
6.27787e+01	3.29408e-12
6.28507e+01	3.19420e-12
6.29227e+01	3.09738e-12
6.29947e+01	3.00350e-12
6.30667e+01	2.91250e-12
6.31387e+01	2.82427e-12
6.32107e+01	2.73873e-12
6.32827e+01	2.65581e-12
6.33546e+01	2.57541e-12
6.34266e+01	2.49747e-12
6.34986e+01	2.42191e-12
6.35706e+01	2.34865e-12
6.36426e+01	2.27763e-12
6.37146e+01	2.20877e-12
6.37866e+01	2.14201e-12
6.38586e+01	2.07729e-12
6.39306e+01	2.01454e-12
6.40026e+01	1.95370e-12
6.40746e+01	1.89472e-12
6.41466e+01	1.83754e-12
6.42186e+01	1.78210e-12
6.42906e+01	1.72835e-12
6.43626e+01	1.67625e-12
6.44346e+01	1.62573e-12
6.45065e+01	1.57676e-12
6.45785e+01	1.52929e-12
6.46505e+01	1.48327e-12
6.47225e+01	1.43866e-12
6.47945e+01	1.39541e-12
6.48665e+01	1.35348e-12
6.49385e+01	1.31283e-12
6.50105e+01	1.27343e-12
6.50825e+01	1.23523e-12
6.51545e+01	1.19820e-12
6.52265e+01	1.16230e-12
6.52985e+01	1.12750e-12
6.53705e+01	1.09377e-12
6.54425e+01	1.06107e-12
6.55145e+01	1.02936e-12
6.55865e+01	9.98633e-13
6.56585e+01	9.68842e-13
6.57304e+01	9.39964e-13
6.58024e+01	9.11970e-13
6.58744e+01	8.84834e-13
6.59464e+01	8.58530e-13
6.60184e+01	8.33033e-13
6.60904e+01	8.08318e-13
6.61624e+01	7.84361e-13
6.62344e+01	7.61141e-13
6.63064e+01	7.38634e-13
6.63784e+01	7.16820e-13
6.64504e+01	6.95677e-13
6.65224e+01	6.75185e-13
6.65944e+01	6.55325e-13
6.66664e+01	6.36077e-13
6.67384e+01	6.17424e-13
6.68104e+01	5.99348e-13
6.68823e+01	5.81831e-13
6.69543e+01	5.64857e-13
6.70263e+01	5.48410e-13
6.70983e+01	5.32474e-13
6.71703e+01	5.17034e-13
6.72423e+01	5.02075e-13
6.73143e+01	4.87584e-13
6.73863e+01	4.73545e-13
6.74583e+01	4.59947e-13
6.75303e+01	4.46776e-13
6.76023e+01	4.34019e-13
6.76743e+01	4.21665e-13
6.77463e+01	4.09702e-13
6.78183e+01	3.98119e-13
6.78903e+01	3.86904e-13
6.79623e+01	3.76048e-13
6.80343e+01	3.65539e-13
6.81062e+01	3.55367e-13
6.81782e+01	3.45524e-13
6.82502e+01	3.36000e-13
6.83222e+01	3.26786e-13
6.83942e+01	3.17873e-13
6.84662e+01	3.09253e-13
6.85382e+01	3.00918e-13
6.86102e+01	2.92859e-13
6.86822e+01	2.85070e-13
6.87542e+01	2.77542e-13
6.88262e+01	2.70269e-13
6.88982e+01	2.63244e-13
6.89702e+01	2.56460e-13
6.90422e+01	2.49911e-13
6.91142e+01	2.43591e-13
6.91862e+01	2.37493e-13
6.92581e+01	2.31613e-13
6.93301e+01	2.25944e-13
6.94021e+01	2.20481e-13
6.94741e+01	2.15219e-13
6.95461e+01	2.10153e-13
6.96181e+01	2.05279e-13
6.96901e+01	2.00591e-13
6.97621e+01	1.96085e-13
6.98341e+01	1.91757e-13
6.99061e+01	1.87604e-13
6.99781e+01	1.83620e-13
7.00501e+01	1.79802e-13
7.01221e+01	1.76148e-13
7.01941e+01	1.72652e-13
7.02661e+01	1.69312e-13
7.03381e+01	1.66125e-13
7.04100e+01	1.63088e-13
7.04820e+01	1.60198e-13
7.05540e+01	1.57451e-13
7.06260e+01	1.54847e-13
7.06980e+01	1.52382e-13
7.07700e+01	1.50053e-13
7.08420e+01	1.47859e-13
7.09140e+01	1.45798e-13
7.09860e+01	1.43867e-13
7.10580e+01	1.42065e-13
7.11300e+01	1.40390e-13
7.12020e+01	1.38841e-13
7.12740e+01	1.37415e-13
7.13460e+01	1.36112e-13
7.14180e+01	1.34930e-13
7.14900e+01	1.33868e-13
7.15620e+01	1.32925e-13
7.16339e+01	1.32100e-13
7.17059e+01	1.31392e-13
7.17779e+01	1.30800e-13
7.18499e+01	1.30324e-13
7.19219e+01	1.29963e-13
7.19939e+01	1.29717e-13
