# The ell = 1 distribution, the first anisotropy.
# E_N [Td]	5.00000e+01
# col_1: Electron Energy [eV], col_2: f1 [eV^(-3/2)]
eV	f1
2.92084e-02	1.08534e-03
5.84168e-02	1.62490e-03
8.76252e-02	1.90684e-03
1.16834e-01	2.09960e-03
1.46042e-01	2.22887e-03
1.75250e-01	2.31985e-03
2.04459e-01	2.40665e-03
2.33667e-01	2.49980e-03
2.62875e-01	2.59687e-03
2.92084e-01	2.71164e-03
3.21292e-01	2.85196e-03
3.50501e-01	2.97243e-03
3.79709e-01	3.10006e-03
4.08917e-01	3.24662e-03
4.38126e-01	3.41606e-03
4.67334e-01	3.60543e-03
4.96543e-01	3.81475e-03
5.25751e-01	4.04628e-03
5.54959e-01	4.30889e-03
5.84168e-01	4.60027e-03
6.13376e-01	4.92421e-03
6.42585e-01	5.28964e-03
6.71793e-01	5.70587e-03
7.01001e-01	6.16389e-03
7.30210e-01	6.67920e-03
7.59418e-01	7.21175e-03
7.88626e-01	7.74979e-03
8.17835e-01	8.29338e-03
8.47043e-01	8.84487e-03
8.76252e-01	9.40687e-03
9.05460e-01	1.00081e-02
9.34668e-01	1.06445e-02
9.63877e-01	1.13352e-02
9.93085e-01	1.20779e-02
1.02229e+00	1.28605e-02
1.05150e+00	1.36576e-02
1.08071e+00	1.44632e-02
1.10992e+00	1.52257e-02
1.13913e+00	1.59555e-02
1.16834e+00	1.66621e-02
1.19754e+00	1.73576e-02
1.22675e+00	1.80488e-02
1.25596e+00	1.87521e-02
1.28517e+00	1.94694e-02
1.31438e+00	2.02666e-02
1.34359e+00	2.11000e-02
1.37279e+00	2.19701e-02
1.40200e+00	2.28304e-02
1.43121e+00	2.36279e-02
1.46042e+00	2.43643e-02
1.48963e+00	2.50084e-02
1.51884e+00	2.56338e-02
1.54804e+00	2.62328e-02
1.57725e+00	2.68553e-02
1.60646e+00	2.75502e-02
1.63567e+00	2.83163e-02
1.66488e+00	2.91633e-02
1.69409e+00	3.00264e-02
1.72329e+00	3.09030e-02
1.75250e+00	3.17451e-02
1.78171e+00	3.24354e-02
1.81092e+00	3.29672e-02
1.84013e+00	3.33167e-02
1.86934e+00	3.35520e-02
1.89855e+00	3.36122e-02
1.92775e+00	3.34756e-02
1.95696e+00	3.31210e-02
1.98617e+00	3.26148e-02
2.01538e+00	3.19664e-02
2.04459e+00	3.12826e-02
2.07380e+00	3.06072e-02
2.10300e+00	2.99317e-02
2.13221e+00	2.91822e-02
2.16142e+00	2.83127e-02
2.19063e+00	2.74306e-02
2.21984e+00	2.65452e-02
2.24905e+00	2.56994e-02
2.27825e+00	2.48811e-02
2.30746e+00	2.40934e-02
2.33667e+00	2.33084e-02
2.36588e+00	2.25318e-02
2.39509e+00	2.17424e-02
2.42430e+00	2.09945e-02
2.45350e+00	2.02238e-02
2.48271e+00	1.93978e-02
2.51192e+00	1.86011e-02
2.54113e+00	1.78426e-02
2.57034e+00	1.71587e-02
2.59955e+00	1.65515e-02
2.62875e+00	1.59642e-02
2.65796e+00	1.53735e-02
2.68717e+00	1.47989e-02
2.71638e+00	1.42322e-02
2.74559e+00	1.37385e-02
2.77480e+00	1.33149e-02
2.80401e+00	1.29023e-02
2.83321e+00	1.24990e-02
2.86242e+00	1.20784e-02
2.89163e+00	1.16269e-02
2.92084e+00	1.12173e-02
2.95005e+00	1.08539e-02
2.97926e+00	1.05382e-02
3.00846e+00	1.02680e-02
3.03767e+00	1.00098e-02
3.06688e+00	9.75164e-03
3.09609e+00	9.49657e-03
3.12530e+00	9.25357e-03
3.15451e+00	9.03200e-03
3.18371e+00	8.82530e-03
3.21292e+00	8.62563e-03
3.24213e+00	8.43299e-03
3.27134e+00	8.24603e-03
3.30055e+00	8.07114e-03
3.32976e+00	7.91196e-03
3.35896e+00	7.76777e-03
3.38817e+00	7.63663e-03
3.41738e+00	7.51659e-03
3.44659e+00	7.40263e-03
3.47580e+00	7.29422e-03
3.50501e+00	7.19173e-03
3.53421e+00	7.09473e-03
3.56342e+00	7.00180e-03
3.59263e+00	6.91130e-03
3.62184e+00	6.82401e-03
3.65105e+00	6.74021e-03
3.68026e+00	6.65989e-03
3.70947e+00	6.58333e-03
3.73867e+00	6.51087e-03
3.76788e+00	6.44355e-03
3.79709e+00	6.38151e-03
3.82630e+00	6.32476e-03
3.85551e+00	6.27315e-03
3.88472e+00	6.22517e-03
3.91392e+00	6.17912e-03
3.94313e+00	6.13488e-03
3.97234e+00	6.09242e-03
4.00155e+00	6.05177e-03
4.03076e+00	6.01234e-03
4.05997e+00	5.97322e-03
4.08917e+00	5.93421e-03
4.11838e+00	5.89528e-03
4.14759e+00	5.85641e-03
4.17680e+00	5.81758e-03
4.20601e+00	5.77876e-03
4.23522e+00	5.73993e-03
4.26442e+00	5.70104e-03
4.29363e+00	5.66192e-03
4.32284e+00	5.62255e-03
4.35205e+00	5.58295e-03
4.38126e+00	5.54314e-03
4.41047e+00	5.50317e-03
4.43967e+00	5.46319e-03
4.46888e+00	5.42333e-03
4.49809e+00	5.38358e-03
4.52730e+00	5.34393e-03
4.55651e+00	5.30462e-03
4.58572e+00	5.26602e-03
4.61493e+00	5.22814e-03
4.64413e+00	5.19110e-03
4.67334e+00	5.15519e-03
4.70255e+00	5.12040e-03
4.73176e+00	5.08672e-03
4.76097e+00	5.05413e-03
4.79018e+00	5.02262e-03
4.81938e+00	4.99218e-03
4.84859e+00	4.96298e-03
4.87780e+00	4.93516e-03
4.90701e+00	4.90868e-03
4.93622e+00	4.88339e-03
4.96543e+00	4.85895e-03
4.99463e+00	4.83524e-03
5.02384e+00	4.81223e-03
5.05305e+00	4.78978e-03
5.08226e+00	4.76783e-03
5.11147e+00	4.74636e-03
5.14068e+00	4.72512e-03
5.16988e+00	4.70396e-03
5.19909e+00	4.68288e-03
5.22830e+00	4.66187e-03
5.25751e+00	4.64094e-03
5.28672e+00	4.62009e-03
5.31593e+00	4.59933e-03
5.34513e+00	4.57864e-03
5.37434e+00	4.55805e-03
5.40355e+00	4.53754e-03
5.43276e+00	4.51712e-03
5.46197e+00	4.49678e-03
5.49118e+00	4.47654e-03
5.52039e+00	4.45638e-03
5.54959e+00	4.43632e-03
5.57880e+00	4.41635e-03
5.60801e+00	4.39647e-03
5.63722e+00	4.37669e-03
5.66643e+00	4.35701e-03
5.69564e+00	4.33741e-03
5.72484e+00	4.31792e-03
5.75405e+00	4.29853e-03
5.78326e+00	4.27924e-03
5.81247e+00	4.26006e-03
5.84168e+00	4.24097e-03
5.87089e+00	4.22199e-03
5.90009e+00	4.20310e-03
5.92930e+00	4.18433e-03
5.95851e+00	4.16566e-03
5.98772e+00	4.14709e-03
6.01693e+00	4.12864e-03
6.04614e+00	4.11029e-03
6.07534e+00	4.09204e-03
6.10455e+00	4.07390e-03
6.13376e+00	4.05586e-03
6.16297e+00	4.03794e-03
6.19218e+00	4.02012e-03
6.22139e+00	4.00241e-03
6.25059e+00	3.98482e-03
6.27980e+00	3.96733e-03
6.30901e+00	3.94994e-03
6.33822e+00	3.93267e-03
6.36743e+00	3.91551e-03
6.39664e+00	3.89845e-03
6.42585e+00	3.88150e-03
6.45505e+00	3.86466e-03
6.48426e+00	3.84794e-03
6.51347e+00	3.83132e-03
6.54268e+00	3.81482e-03
6.57189e+00	3.79842e-03
6.60110e+00	3.78213e-03
6.63030e+00	3.76596e-03
6.65951e+00	3.74989e-03
6.68872e+00	3.73393e-03
6.71793e+00	3.71808e-03
6.74714e+00	3.70234e-03
6.77635e+00	3.68668e-03
6.80555e+00	3.67111e-03
6.83476e+00	3.65563e-03
6.86397e+00	3.64023e-03
6.89318e+00	3.62492e-03
6.92239e+00	3.60972e-03
6.95160e+00	3.59456e-03
6.98080e+00	3.57950e-03
7.01001e+00	3.56453e-03
7.03922e+00	3.54965e-03
7.06843e+00	3.53490e-03
7.09764e+00	3.52020e-03
7.12685e+00	3.50562e-03
7.15605e+00	3.49113e-03
7.18526e+00	3.47674e-03
7.21447e+00	3.46245e-03
7.24368e+00	3.44826e-03
7.27289e+00	3.43419e-03
7.30210e+00	3.42024e-03
7.33131e+00	3.40640e-03
7.36051e+00	3.39267e-03
7.38972e+00	3.37901e-03
7.41893e+00	3.36539e-03
7.44814e+00	3.35179e-03
7.47735e+00	3.33823e-03
7.50656e+00	3.32470e-03
7.53576e+00	3.31121e-03
7.56497e+00	3.29774e-03
7.59418e+00	3.28430e-03
7.62339e+00	3.27088e-03
7.65260e+00	3.25749e-03
7.68181e+00	3.24412e-03
7.71101e+00	3.23078e-03
7.74022e+00	3.21746e-03
7.76943e+00	3.20413e-03
7.79864e+00	3.19072e-03
7.82785e+00	3.17717e-03
7.85706e+00	3.16347e-03
7.88626e+00	3.14959e-03
7.91547e+00	3.13555e-03
7.94468e+00	3.12135e-03
7.97389e+00	3.10699e-03
8.00310e+00	3.09247e-03
8.03231e+00	3.07778e-03
8.06151e+00	3.06288e-03
8.09072e+00	3.04780e-03
8.11993e+00	3.03252e-03
8.14914e+00	3.01706e-03
8.17835e+00	3.00142e-03
8.20756e+00	2.98561e-03
8.23677e+00	2.96962e-03
8.26597e+00	2.95337e-03
8.29518e+00	2.93686e-03
8.32439e+00	2.92007e-03
8.35360e+00	2.90297e-03
8.38281e+00	2.88558e-03
8.41202e+00	2.86788e-03
8.44122e+00	2.84990e-03
8.47043e+00	2.83163e-03
8.49964e+00	2.81286e-03
8.52885e+00	2.79375e-03
8.55806e+00	2.77435e-03
8.58727e+00	2.75474e-03
8.61647e+00	2.73492e-03
8.64568e+00	2.71492e-03
8.67489e+00	2.69472e-03
8.70410e+00	2.67436e-03
8.73331e+00	2.65382e-03
8.76252e+00	2.63313e-03
8.79172e+00	2.61227e-03
8.82093e+00	2.59126e-03
8.85014e+00	2.57010e-03
8.87935e+00	2.54880e-03
8.90856e+00	2.52738e-03
8.93777e+00	2.50583e-03
8.96697e+00	2.48415e-03
8.99618e+00	2.46238e-03
9.02539e+00	2.44058e-03
9.05460e+00	2.41883e-03
9.08381e+00	2.39715e-03
9.11302e+00	2.37555e-03
9.14223e+00	2.35404e-03
9.17143e+00	2.33262e-03
9.20064e+00	2.31129e-03
9.22985e+00	2.29005e-03
9.25906e+00	2.26891e-03
9.28827e+00	2.24786e-03
9.31748e+00	2.22690e-03
9.34668e+00	2.20604e-03
9.37589e+00	2.18528e-03
9.40510e+00	2.16462e-03
9.43431e+00	2.14406e-03
9.46352e+00	2.12361e-03
9.49273e+00	2.10326e-03
9.52193e+00	2.08303e-03
9.55114e+00	2.06290e-03
9.58035e+00	2.04288e-03
9.60956e+00	2.02296e-03
9.63877e+00	2.00313e-03
9.66798e+00	1.98339e-03
9.69718e+00	1.96374e-03
9.72639e+00	1.94417e-03
9.75560e+00	1.92469e-03
9.78481e+00	1.90528e-03
9.81402e+00	1.88596e-03
9.84323e+00	1.86673e-03
9.87243e+00	1.84759e-03
9.90164e+00	1.82855e-03
9.93085e+00	1.80960e-03
9.96006e+00	1.79075e-03
9.98927e+00	1.77199e-03
1.00185e+01	1.75343e-03
1.00477e+01	1.73493e-03
1.00769e+01	1.71667e-03
1.01061e+01	1.69860e-03
1.01353e+01	1.68074e-03
1.01645e+01	1.66307e-03
1.01937e+01	1.64559e-03
1.02229e+01	1.62830e-03
1.02521e+01	1.61120e-03
1.02814e+01	1.59429e-03
1.03106e+01	1.57756e-03
1.03398e+01	1.56101e-03
1.03690e+01	1.54465e-03
1.03982e+01	1.52846e-03
1.04274e+01	1.51246e-03
1.04566e+01	1.49663e-03
1.04858e+01	1.48098e-03
1.05150e+01	1.46550e-03
1.05442e+01	1.45019e-03
1.05734e+01	1.43505e-03
1.06026e+01	1.42011e-03
1.06319e+01	1.40525e-03
1.06611e+01	1.39058e-03
1.06903e+01	1.37608e-03
1.07195e+01	1.36174e-03
1.07487e+01	1.34756e-03
1.07779e+01	1.33355e-03
1.08071e+01	1.31969e-03
1.08363e+01	1.30599e-03
1.08655e+01	1.29245e-03
1.08947e+01	1.27907e-03
1.09239e+01	1.26584e-03
1.09531e+01	1.25277e-03
1.09824e+01	1.23985e-03
1.10116e+01	1.22709e-03
1.10408e+01	1.21448e-03
1.10700e+01	1.20202e-03
1.10992e+01	1.18972e-03
1.11284e+01	1.17757e-03
1.11576e+01	1.16557e-03
1.11868e+01	1.15372e-03
1.12160e+01	1.14201e-03
1.12452e+01	1.13042e-03
1.12744e+01	1.11896e-03
1.13036e+01	1.10762e-03
1.13329e+01	1.09640e-03
1.13621e+01	1.08531e-03
1.13913e+01	1.07434e-03
1.14205e+01	1.06349e-03
1.14497e+01	1.05276e-03
1.14789e+01	1.04216e-03
1.15081e+01	1.03167e-03
1.15373e+01	1.02130e-03
1.15665e+01	1.01101e-03
1.15957e+01	1.00050e-03
1.16249e+01	9.89761e-04
1.16541e+01	9.78428e-04
1.16834e+01	9.66646e-04
1.17126e+01	9.55109e-04
1.17418e+01	9.43947e-04
1.17710e+01	9.32826e-04
1.18002e+01	9.21646e-04
1.18294e+01	9.10443e-04
1.18586e+01	8.97890e-04
1.18878e+01	8.85912e-04
1.19170e+01	8.73713e-04
1.19462e+01	8.61708e-04
1.19754e+01	8.50063e-04
1.20046e+01	8.38682e-04
1.20339e+01	8.27483e-04
1.20631e+01	8.16416e-04
1.20923e+01	8.05474e-04
1.21215e+01	7.94640e-04
1.21507e+01	7.83886e-04
1.21799e+01	7.73210e-04
1.22091e+01	7.62610e-04
1.22383e+01	7.52044e-04
1.22675e+01	7.41502e-04
1.22967e+01	7.30989e-04
1.23259e+01	7.20521e-04
1.23551e+01	7.10128e-04
1.23844e+01	6.99810e-04
1.24136e+01	6.89565e-04
1.24428e+01	6.79373e-04
1.24720e+01	6.69230e-04
1.25012e+01	6.59137e-04
1.25304e+01	6.49086e-04
1.25596e+01	6.39080e-04
1.25888e+01	6.29096e-04
1.26180e+01	6.19175e-04
1.26472e+01	6.09333e-04
1.26764e+01	5.99579e-04
1.27056e+01	5.89919e-04
1.27349e+01	5.80376e-04
1.27641e+01	5.70965e-04
1.27933e+01	5.61686e-04
1.28225e+01	5.52555e-04
1.28517e+01	5.43613e-04
1.28809e+01	5.34936e-04
1.29101e+01	5.26471e-04
1.29393e+01	5.18012e-04
1.29685e+01	5.09923e-04
1.29977e+01	5.01943e-04
1.30269e+01	4.93536e-04
1.30561e+01	4.84186e-04
1.30854e+01	4.75529e-04
1.31146e+01	4.67700e-04
1.31438e+01	4.60497e-04
1.31730e+01	4.53335e-04
1.32022e+01	4.45973e-04
1.32314e+01	4.38801e-04
1.32606e+01	4.32015e-04
1.32898e+01	4.25472e-04
1.33190e+01	4.19153e-04
1.33482e+01	4.12989e-04
1.33774e+01	4.06927e-04
1.34066e+01	4.00904e-04
1.34359e+01	3.94894e-04
1.34651e+01	3.88848e-04
1.34943e+01	3.82801e-04
1.35235e+01	3.76851e-04
1.35527e+01	3.70950e-04
1.35819e+01	3.65096e-04
1.36111e+01	3.59287e-04
1.36403e+01	3.53531e-04
1.36695e+01	3.47829e-04
1.36987e+01	3.42181e-04
1.37279e+01	3.36587e-04
1.37572e+01	3.31049e-04
1.37864e+01	3.25566e-04
1.38156e+01	3.20138e-04
1.38448e+01	3.14762e-04
1.38740e+01	3.09436e-04
1.39032e+01	3.04148e-04
1.39324e+01	2.98893e-04
1.39616e+01	2.93672e-04
1.39908e+01	2.88490e-04
1.40200e+01	2.83339e-04
1.40492e+01	2.78226e-04
1.40784e+01	2.73156e-04
1.41077e+01	2.68126e-04
1.41369e+01	2.63139e-04
1.41661e+01	2.58197e-04
1.41953e+01	2.53300e-04
1.42245e+01	2.48448e-04
1.42537e+01	2.43636e-04
1.42829e+01	2.38863e-04
1.43121e+01	2.34130e-04
1.43413e+01	2.29439e-04
1.43705e+01	2.24792e-04
1.43997e+01	2.20191e-04
1.44289e+01	2.15636e-04
1.44582e+01	2.11130e-04
1.44874e+01	2.06674e-04
1.45166e+01	2.02270e-04
1.45458e+01	1.97919e-04
1.45750e+01	1.93623e-04
1.46042e+01	1.89382e-04
1.46334e+01	1.85198e-04
1.46626e+01	1.81070e-04
1.46918e+01	1.77000e-04
1.47210e+01	1.72987e-04
1.47502e+01	1.69034e-04
1.47794e+01	1.65139e-04
1.48087e+01	1.61304e-04
1.48379e+01	1.57527e-04
1.48671e+01	1.53810e-04
1.48963e+01	1.50153e-04
1.49255e+01	1.46555e-04
1.49547e+01	1.43017e-04
1.49839e+01	1.39539e-04
1.50131e+01	1.36124e-04
1.50423e+01	1.32775e-04
1.50715e+01	1.29495e-04
1.51007e+01	1.26283e-04
1.51299e+01	1.23139e-04
1.51592e+01	1.20060e-04
1.51884e+01	1.17047e-04
1.52176e+01	1.14099e-04
1.52468e+01	1.11215e-04
1.52760e+01	1.08393e-04
1.53052e+01	1.05633e-04
1.53344e+01	1.02934e-04
1.53636e+01	1.00295e-04
1.53928e+01	9.77154e-05
1.54220e+01	9.51938e-05
1.54512e+01	9.27295e-05
1.54804e+01	9.03216e-05
1.55097e+01	8.79691e-05
1.55389e+01	8.56712e-05
1.55681e+01	8.34270e-05
1.55973e+01	8.12355e-05
1.56265e+01	7.90954e-05
1.56557e+01	7.70058e-05
1.56849e+01	7.49659e-05
1.57141e+01	7.29748e-05
1.57433e+01	7.10317e-05
1.57725e+01	6.91357e-05
1.58017e+01	6.72769e-05
1.58309e+01	6.54545e-05
1.58602e+01	6.36682e-05
1.58894e+01	6.19180e-05
1.59186e+01	6.02036e-05
1.59478e+01	5.85247e-05
1.59770e+01	5.68811e-05
1.60062e+01	5.52731e-05
1.60354e+01	5.37015e-05
1.60646e+01	5.21664e-05
1.60938e+01	5.06677e-05
1.61230e+01	4.92049e-05
1.61522e+01	4.77772e-05
1.61814e+01	4.63842e-05
1.62107e+01	4.50254e-05
1.62399e+01	4.37002e-05
1.62691e+01	4.24080e-05
1.62983e+01	4.11483e-05
1.63275e+01	3.99204e-05
1.63567e+01	3.87237e-05
1.63859e+01	3.75578e-05
1.64151e+01	3.64220e-05
1.64443e+01	3.53158e-05
1.64735e+01	3.42386e-05
1.65027e+01	3.31898e-05
1.65319e+01	3.21687e-05
1.65612e+01	3.11745e-05
1.65904e+01	3.02067e-05
1.66196e+01	2.92649e-05
1.66488e+01	2.83484e-05
1.66780e+01	2.74568e-05
1.67072e+01	2.65895e-05
1.67364e+01	2.57461e-05
1.67656e+01	2.49260e-05
1.67948e+01	2.41287e-05
1.68240e+01	2.33536e-05
1.68532e+01	2.26004e-05
1.68824e+01	2.18685e-05
1.69117e+01	2.11575e-05
1.69409e+01	2.04669e-05
1.69701e+01	1.97961e-05
1.69993e+01	1.91448e-05
1.70285e+01	1.85127e-05
1.70577e+01	1.78992e-05
1.70869e+01	1.73040e-05
1.71161e+01	1.67267e-05
1.71453e+01	1.61669e-05
1.71745e+01	1.56240e-05
1.72037e+01	1.50977e-05
1.72329e+01	1.45874e-05
1.72622e+01	1.40929e-05
1.72914e+01	1.36137e-05
1.73206e+01	1.31494e-05
1.73498e+01	1.26995e-05
1.73790e+01	1.22637e-05
1.74082e+01	1.18416e-05
1.74374e+01	1.14328e-05
1.74666e+01	1.10369e-05
1.74958e+01	1.06536e-05
1.75250e+01	1.02824e-05
1.75542e+01	9.92310e-06
1.75834e+01	9.57524e-06
1.76127e+01	9.23851e-06
1.76419e+01	8.91259e-06
1.76711e+01	8.59718e-06
1.77003e+01	8.29198e-06
1.77295e+01	7.99670e-06
1.77587e+01	7.71105e-06
1.77879e+01	7.43475e-06
1.78171e+01	7.16751e-06
1.78463e+01	6.90909e-06
1.78755e+01	6.65923e-06
1.79047e+01	6.41768e-06
1.79339e+01	6.18418e-06
1.79632e+01	5.95850e-06
1.79924e+01	5.74043e-06
1.80216e+01	5.52978e-06
1.80508e+01	5.32635e-06
1.80800e+01	5.12992e-06
1.81092e+01	4.94030e-06
1.81384e+01	4.75725e-06
1.81676e+01	4.58058e-06
1.81968e+01	4.41008e-06
1.82260e+01	4.24553e-06
1.82552e+01	4.08675e-06
1.82845e+01	3.93355e-06
1.83137e+01	3.78576e-06
1.83429e+01	3.64321e-06
1.83721e+01	3.50571e-06
1.84013e+01	3.37310e-06
1.84305e+01	3.24522e-06
1.84597e+01	3.12192e-06
1.84889e+01	3.00304e-06
1.85181e+01	2.88844e-06
1.85473e+01	2.77796e-06
1.85765e+01	2.67146e-06
1.86057e+01	2.56882e-06
1.86350e+01	2.46990e-06
1.86642e+01	2.37457e-06
1.86934e+01	2.28272e-06
1.87226e+01	2.19422e-06
1.87518e+01	2.10896e-06
1.87810e+01	2.02683e-06
1.88102e+01	1.94772e-06
1.88394e+01	1.87154e-06
1.88686e+01	1.79817e-06
1.88978e+01	1.72753e-06
1.89270e+01	1.65951e-06
1.89562e+01	1.59403e-06
1.89855e+01	1.53100e-06
1.90147e+01	1.47035e-06
1.90439e+01	1.41198e-06
1.90731e+01	1.35583e-06
1.91023e+01	1.30183e-06
1.91315e+01	1.24989e-06
1.91607e+01	1.19993e-06
1.91899e+01	1.15190e-06
1.92191e+01	1.10571e-06
1.92483e+01	1.06129e-06
1.92775e+01	1.01859e-06
1.93067e+01	9.77542e-07
1.93360e+01	9.38080e-07
1.93652e+01	9.00148e-07
1.93944e+01	8.63690e-07
1.94236e+01	8.28651e-07
1.94528e+01	7.94979e-07
1.94820e+01	7.62622e-07
1.95112e+01	7.31531e-07
1.95404e+01	7.01658e-07
1.95696e+01	6.72960e-07
1.95988e+01	6.45389e-07
1.96280e+01	6.18904e-07
1.96572e+01	5.93463e-07
1.96865e+01	5.69026e-07
1.97157e+01	5.45557e-07
1.97449e+01	5.23019e-07
1.97741e+01	5.01375e-07
1.98033e+01	4.80592e-07
1.98325e+01	4.60637e-07
1.98617e+01	4.41476e-07
1.98909e+01	4.23081e-07
1.99201e+01	4.05423e-07
1.99493e+01	3.88470e-07
1.99785e+01	3.72198e-07
2.00077e+01	3.56581e-07
2.00370e+01	3.41595e-07
2.00662e+01	3.27216e-07
2.00954e+01	3.13419e-07
2.01246e+01	3.00183e-07
2.01538e+01	2.87486e-07
2.01830e+01	2.75307e-07
2.02122e+01	2.63627e-07
2.02414e+01	2.52427e-07
2.02706e+01	2.41686e-07
2.02998e+01	2.31389e-07
2.03290e+01	2.21515e-07
2.03582e+01	2.12049e-07
2.03875e+01	2.02974e-07
2.04167e+01	1.94275e-07
2.04459e+01	1.85937e-07
2.04751e+01	1.77945e-07
2.05043e+01	1.70286e-07
2.05335e+01	1.62948e-07
2.05627e+01	1.55917e-07
2.05919e+01	1.49182e-07
2.06211e+01	1.42731e-07
2.06503e+01	1.36552e-07
2.06795e+01	1.30633e-07
2.07087e+01	1.24965e-07
2.07380e+01	1.19537e-07
2.07672e+01	1.14338e-07
2.07964e+01	1.09361e-07
2.08256e+01	1.04594e-07
2.08548e+01	1.00030e-07
2.08840e+01	9.56609e-08
2.09132e+01	9.14777e-08
2.09424e+01	8.74730e-08
2.09716e+01	8.36394e-08
2.10008e+01	7.99700e-08
2.10300e+01	7.64579e-08
2.10592e+01	7.30969e-08
2.10885e+01	6.98805e-08
2.11177e+01	6.68027e-08
2.11469e+01	6.38577e-08
2.11761e+01	6.10399e-08
2.12053e+01	5.83439e-08
2.12345e+01	5.57645e-08
2.12637e+01	5.32970e-08
2.12929e+01	5.09364e-08
2.13221e+01	4.86784e-08
2.13513e+01	4.65186e-08
2.13805e+01	4.44527e-08
2.14097e+01	4.24768e-08
2.14390e+01	4.05870e-08
2.14682e+01	3.87796e-08
2.14974e+01	3.70511e-08
2.15266e+01	3.53980e-08
2.15558e+01	3.38172e-08
2.15850e+01	3.23055e-08
2.16142e+01	3.08600e-08
2.16434e+01	2.94778e-08
2.16726e+01	2.81562e-08
2.17018e+01	2.68925e-08
2.17310e+01	2.56844e-08
2.17602e+01	2.45294e-08
2.17895e+01	2.34252e-08
2.18187e+01	2.23696e-08
2.18479e+01	2.13606e-08
2.18771e+01	2.03961e-08
2.19063e+01	1.94742e-08
2.19355e+01	1.85931e-08
2.19647e+01	1.77511e-08
2.19939e+01	1.69465e-08
2.20231e+01	1.61777e-08
2.20523e+01	1.54432e-08
2.20815e+01	1.47415e-08
2.21107e+01	1.40714e-08
2.21400e+01	1.34314e-08
2.21692e+01	1.28202e-08
2.21984e+01	1.22365e-08
2.22276e+01	1.16790e-08
2.22568e+01	1.11467e-08
2.22860e+01	1.06384e-08
2.23152e+01	1.01530e-08
2.23444e+01	9.68946e-09
2.23736e+01	9.24689e-09
2.24028e+01	8.82433e-09
2.24320e+01	8.42087e-09
2.24613e+01	8.03566e-09
2.24905e+01	7.66786e-09
2.25197e+01	7.31671e-09
2.25489e+01	6.98145e-09
2.25781e+01	6.66138e-09
2.26073e+01	6.35579e-09
2.26365e+01	6.06405e-09
2.26657e+01	5.78552e-09
2.26949e+01	5.51962e-09
2.27241e+01	5.26579e-09
2.27533e+01	5.02348e-09
2.27825e+01	4.79218e-09
2.28118e+01	4.57139e-09
2.28410e+01	4.36065e-09
2.28702e+01	4.15950e-09
2.28994e+01	3.96751e-09
2.29286e+01	3.78427e-09
2.29578e+01	3.60939e-09
2.29870e+01	3.44248e-09
2.30162e+01	3.28321e-09
2.30454e+01	3.13124e-09
2.30746e+01	2.98622e-09
2.31038e+01	2.84786e-09
2.31330e+01	2.71584e-09
2.31623e+01	2.58989e-09
2.31915e+01	2.46972e-09
2.32207e+01	2.35508e-09
2.32499e+01	2.24570e-09
2.32791e+01	2.14137e-09
2.33083e+01	2.04183e-09
2.33375e+01	1.94688e-09
2.33667e+01	1.85630e-09
2.33959e+01	1.76990e-09
2.34251e+01	1.68749e-09
2.34543e+01	1.60887e-09
2.34835e+01	1.53389e-09
2.35128e+01	1.46237e-09
2.35420e+01	1.39416e-09
2.35712e+01	1.32910e-09
2.36004e+01	1.26705e-09
2.36296e+01	1.20787e-09
2.36588e+01	1.15143e-09
2.36880e+01	1.09761e-09
2.37172e+01	1.04629e-09
2.37464e+01	9.97338e-10
2.37756e+01	9.50661e-10
2.38048e+01	9.06151e-10
2.38340e+01	8.63707e-10
2.38633e+01	8.23234e-10
2.38925e+01	7.84642e-10
2.39217e+01	7.47844e-10
2.39509e+01	7.12758e-10
2.39801e+01	6.79304e-10
2.40093e+01	6.47407e-10
2.40385e+01	6.16995e-10
2.40677e+01	5.88000e-10
2.40969e+01	5.60355e-10
2.41261e+01	5.33999e-10
2.41553e+01	5.08872e-10
2.41845e+01	4.84916e-10
2.42138e+01	4.62078e-10
2.42430e+01	4.40306e-10
2.42722e+01	4.19550e-10
2.43014e+01	3.99765e-10
2.43306e+01	3.80904e-10
2.43598e+01	3.62925e-10
2.43890e+01	3.45787e-10
2.44182e+01	3.29451e-10
2.44474e+01	3.13880e-10
2.44766e+01	2.99039e-10
2.45058e+01	2.84893e-10
2.45350e+01	2.71410e-10
2.45643e+01	2.58559e-10
2.45935e+01	2.46311e-10
2.46227e+01	2.34637e-10
2.46519e+01	2.23512e-10
2.46811e+01	2.12909e-10
2.47103e+01	2.02804e-10
2.47395e+01	1.93174e-10
2.47687e+01	1.83996e-10
2.47979e+01	1.75250e-10
2.48271e+01	1.66916e-10
2.48563e+01	1.58974e-10
2.48855e+01	1.51406e-10
2.49148e+01	1.44195e-10
2.49440e+01	1.37324e-10
2.49732e+01	1.30777e-10
2.50024e+01	1.24540e-10
2.50316e+01	1.18597e-10
2.50608e+01	1.12935e-10
2.50900e+01	1.07542e-10
2.51192e+01	1.02404e-10
2.51484e+01	9.75096e-11
2.51776e+01	9.28478e-11
2.52068e+01	8.84072e-11
2.52360e+01	8.41775e-11
2.52653e+01	8.01487e-11
2.52945e+01	7.63114e-11
2.53237e+01	7.26565e-11
2.53529e+01	6.91755e-11
2.53821e+01	6.58602e-11
2.54113e+01	6.27027e-11
2.54405e+01	5.96955e-11
2.54697e+01	5.68312e-11
2.54989e+01	5.41032e-11
2.55281e+01	5.15050e-11
2.55573e+01	4.90305e-11
2.55865e+01	4.66739e-11
2.56158e+01	4.44295e-11
2.56450e+01	4.22920e-11
2.56742e+01	4.02563e-11
2.57034e+01	3.83175e-11
2.57326e+01	3.64711e-11
2.57618e+01	3.47129e-11
2.57910e+01	3.30384e-11
2.58202e+01	3.14440e-11
2.58494e+01	2.99256e-11
2.58786e+01	2.84798e-11
2.59078e+01	2.71030e-11
2.59370e+01	2.57921e-11
2.59663e+01	2.45440e-11
2.59955e+01	2.33555e-11
2.60247e+01	2.22242e-11
2.60539e+01	2.11474e-11
2.60831e+01	2.01224e-11
2.61123e+01	1.91468e-11
2.61415e+01	1.82181e-11
2.61707e+01	1.73342e-11
2.61999e+01	1.64930e-11
2.62291e+01	1.56923e-11
2.62583e+01	1.49303e-11
2.62875e+01	1.42050e-11
2.63168e+01	1.35148e-11
2.63460e+01	1.28580e-11
2.63752e+01	1.22328e-11
2.64044e+01	1.16379e-11
2.64336e+01	1.10718e-11
2.64628e+01	1.05330e-11
2.64920e+01	1.00204e-11
2.65212e+01	9.53248e-12
2.65504e+01	9.06823e-12
2.65796e+01	8.62647e-12
2.66088e+01	8.20611e-12
2.66380e+01	7.80614e-12
2.66673e+01	7.42555e-12
2.66965e+01	7.06343e-12
2.67257e+01	6.71888e-12
2.67549e+01	6.39106e-12
2.67841e+01	6.07916e-12
2.68133e+01	5.78240e-12
2.68425e+01	5.50007e-12
2.68717e+01	5.23146e-12
2.69009e+01	4.97591e-12
2.69301e+01	4.73279e-12
2.69593e+01	4.50151e-12
2.69886e+01	4.28148e-12
2.70178e+01	4.07216e-12
2.70470e+01	3.87305e-12
2.70762e+01	3.68363e-12
2.71054e+01	3.50345e-12
2.71346e+01	3.33206e-12
2.71638e+01	3.16902e-12
2.71930e+01	3.01395e-12
2.72222e+01	2.86645e-12
2.72514e+01	2.72616e-12
2.72806e+01	2.59272e-12
2.73098e+01	2.46581e-12
2.73391e+01	2.34512e-12
2.73683e+01	2.23033e-12
2.73975e+01	2.12117e-12
2.74267e+01	2.01735e-12
2.74559e+01	1.91863e-12
2.74851e+01	1.82476e-12
2.75143e+01	1.73549e-12
2.75435e+01	1.65062e-12
2.75727e+01	1.56991e-12
2.76019e+01	1.49318e-12
2.76311e+01	1.42024e-12
2.76603e+01	1.35089e-12
2.76896e+01	1.28496e-12
2.77188e+01	1.22230e-12
2.77480e+01	1.16274e-12
2.77772e+01	1.10613e-12
2.78064e+01	1.05233e-12
2.78356e+01	1.00120e-12
2.78648e+01	9.52627e-13
2.78940e+01	9.06473e-13
2.79232e+01	8.62626e-13
2.79524e+01	8.20975e-13
2.79816e+01	7.81416e-13
2.80108e+01	7.43848e-13
2.80401e+01	7.08178e-13
2.80693e+01	6.74314e-13
2.80985e+01	6.42172e-13
2.81277e+01	6.11670e-13
2.81569e+01	5.82731e-13
2.81861e+01	5.55281e-13
2.82153e+01	5.29251e-13
2.82445e+01	5.04575e-13
2.82737e+01	4.81191e-13
2.83029e+01	4.59040e-13
2.83321e+01	4.38066e-13
2.83613e+01	4.18215e-13
2.83906e+01	3.99437e-13
2.84198e+01	3.81685e-13
2.84490e+01	3.64913e-13
2.84782e+01	3.49079e-13
2.85074e+01	3.34143e-13
2.85366e+01	3.20067e-13
2.85658e+01	3.06815e-13
2.85950e+01	2.94353e-13
2.86242e+01	2.82649e-13
2.86534e+01	2.71674e-13
2.86826e+01	2.61401e-13
2.87118e+01	2.51802e-13
2.87411e+01	2.42853e-13
2.87703e+01	2.34532e-13
2.87995e+01	2.26817e-13
2.88287e+01	2.19688e-13
2.88579e+01	2.13128e-13
2.88871e+01	2.07120e-13
2.89163e+01	2.01648e-13
2.89455e+01	1.96699e-13
2.89747e+01	1.92260e-13
2.90039e+01	1.88320e-13
2.90331e+01	1.84869e-13
2.90623e+01	1.81898e-13
2.90916e+01	1.79400e-13
2.91208e+01	1.77369e-13
2.91500e+01	1.75799e-13
2.91792e+01	1.74686e-13
2.92084e+01	1.74024e-13
