# The ell = 1 distribution, the first anisotropy.
# E_N [Td]	3.00000e+01
# col_1: Electron Energy [eV], col_2: f1 [eV^(-3/2)]
eV	f1
2.60959e-02	3.94920e-04
5.21918e-02	8.44847e-04
7.82877e-02	1.10106e-03
1.04384e-01	1.25783e-03
1.30480e-01	1.36696e-03
1.56575e-01	1.45642e-03
1.82671e-01	1.54063e-03
2.08767e-01	1.63017e-03
2.34863e-01	1.72645e-03
2.60959e-01	1.83168e-03
2.87055e-01	1.95302e-03
3.13151e-01	2.07660e-03
3.39247e-01	2.20489e-03
3.65343e-01	2.34539e-03
3.91439e-01	2.51513e-03
4.17535e-01	2.71131e-03
4.43631e-01	2.93371e-03
4.69726e-01	3.18224e-03
4.95822e-01	3.45173e-03
5.21918e-01	3.74729e-03
5.48014e-01	4.08236e-03
5.74110e-01	4.46475e-03
6.00206e-01	4.90271e-03
6.26302e-01	5.39100e-03
6.52398e-01	5.93898e-03
6.78494e-01	6.56939e-03
7.04590e-01	7.28459e-03
7.30686e-01	8.09620e-03
7.56782e-01	8.95782e-03
7.82877e-01	9.84044e-03
8.08973e-01	1.07468e-02
8.35069e-01	1.16801e-02
8.61165e-01	1.26272e-02
8.87261e-01	1.36057e-02
9.13357e-01	1.46570e-02
9.39453e-01	1.57772e-02
9.65549e-01	1.69797e-02
9.91645e-01	1.82768e-02
1.01774e+00	1.96580e-02
1.04384e+00	2.10812e-02
1.06993e+00	2.25438e-02
1.09603e+00	2.40711e-02
1.12212e+00	2.55480e-02
1.14822e+00	2.69745e-02
1.17432e+00	2.83927e-02
1.20041e+00	2.97897e-02
1.22651e+00	3.11602e-02
1.25260e+00	3.25649e-02
1.27870e+00	3.39924e-02
1.30480e+00	3.54031e-02
1.33089e+00	3.68756e-02
1.35699e+00	3.84239e-02
1.38308e+00	4.00300e-02
1.40918e+00	4.14838e-02
1.43528e+00	4.28333e-02
1.46137e+00	4.40848e-02
1.48747e+00	4.53181e-02
1.51356e+00	4.65013e-02
1.53966e+00	4.76363e-02
1.56575e+00	4.88510e-02
1.59185e+00	5.02105e-02
1.61795e+00	5.17004e-02
1.64404e+00	5.32918e-02
1.67014e+00	5.49174e-02
1.69623e+00	5.65556e-02
1.72233e+00	5.82021e-02
1.74843e+00	5.96962e-02
1.77452e+00	6.08902e-02
1.80062e+00	6.17810e-02
1.82671e+00	6.23432e-02
1.85281e+00	6.27206e-02
1.87891e+00	6.28384e-02
1.90500e+00	6.25668e-02
1.93110e+00	6.19211e-02
1.95719e+00	6.09052e-02
1.98329e+00	5.96297e-02
2.00939e+00	5.81126e-02
2.03548e+00	5.64594e-02
2.06158e+00	5.48229e-02
2.08767e+00	5.32290e-02
2.11377e+00	5.16674e-02
2.13987e+00	4.99039e-02
2.16596e+00	4.80490e-02
2.19206e+00	4.61930e-02
2.21815e+00	4.43544e-02
2.24425e+00	4.25869e-02
2.27034e+00	4.08961e-02
2.29644e+00	3.92757e-02
2.32254e+00	3.76945e-02
2.34863e+00	3.61562e-02
2.37473e+00	3.46518e-02
2.40082e+00	3.31544e-02
2.42692e+00	3.17805e-02
2.45302e+00	3.03628e-02
2.47911e+00	2.88696e-02
2.50521e+00	2.74136e-02
2.53130e+00	2.60376e-02
2.55740e+00	2.47753e-02
2.58350e+00	2.36243e-02
2.60959e+00	2.26039e-02
2.63569e+00	2.15957e-02
2.66178e+00	2.05984e-02
2.68788e+00	1.96351e-02
2.71398e+00	1.86933e-02
2.74007e+00	1.78571e-02
2.76617e+00	1.71430e-02
2.79226e+00	1.64584e-02
2.81836e+00	1.58052e-02
2.84445e+00	1.51437e-02
2.87055e+00	1.44626e-02
2.89665e+00	1.37599e-02
2.92274e+00	1.31237e-02
2.94884e+00	1.25558e-02
2.97493e+00	1.20567e-02
3.00103e+00	1.16291e-02
3.02713e+00	1.12315e-02
3.05322e+00	1.08371e-02
3.07932e+00	1.04475e-02
3.10541e+00	1.00653e-02
3.13151e+00	9.70752e-03
3.15761e+00	9.38130e-03
3.18370e+00	9.07429e-03
3.20980e+00	8.77821e-03
3.23589e+00	8.49294e-03
3.26199e+00	8.21688e-03
3.28809e+00	7.95403e-03
3.31418e+00	7.71137e-03
3.34028e+00	7.49187e-03
3.36637e+00	7.29091e-03
3.39247e+00	7.10713e-03
3.41856e+00	6.93860e-03
3.44466e+00	6.77827e-03
3.47076e+00	6.62588e-03
3.49685e+00	6.48162e-03
3.52295e+00	6.34581e-03
3.54904e+00	6.21651e-03
3.57514e+00	6.09151e-03
3.60124e+00	5.96968e-03
3.62733e+00	5.85290e-03
3.65343e+00	5.74096e-03
3.67952e+00	5.63394e-03
3.70562e+00	5.53213e-03
3.73172e+00	5.43580e-03
3.75781e+00	5.34592e-03
3.78391e+00	5.26293e-03
3.81000e+00	5.18718e-03
3.83610e+00	5.11828e-03
3.86220e+00	5.05594e-03
3.88829e+00	4.99762e-03
3.91439e+00	4.94194e-03
3.94048e+00	4.88876e-03
3.96658e+00	4.83799e-03
3.99268e+00	4.78984e-03
4.01877e+00	4.74354e-03
4.04487e+00	4.69844e-03
4.07096e+00	4.65364e-03
4.09706e+00	4.60918e-03
4.12315e+00	4.56501e-03
4.14925e+00	4.52108e-03
4.17535e+00	4.47735e-03
4.20144e+00	4.43382e-03
4.22754e+00	4.39042e-03
4.25363e+00	4.34716e-03
4.27973e+00	4.30388e-03
4.30583e+00	4.26044e-03
4.33192e+00	4.21685e-03
4.35802e+00	4.17311e-03
4.38411e+00	4.12927e-03
4.41021e+00	4.08537e-03
4.43631e+00	4.04157e-03
4.46240e+00	3.99799e-03
4.48850e+00	3.95465e-03
4.51459e+00	3.91155e-03
4.54069e+00	3.86873e-03
4.56679e+00	3.82676e-03
4.59288e+00	3.78576e-03
4.61898e+00	3.74574e-03
4.64507e+00	3.70680e-03
4.67117e+00	3.66933e-03
4.69726e+00	3.63330e-03
4.72336e+00	3.59870e-03
4.74946e+00	3.56549e-03
4.77555e+00	3.53368e-03
4.80165e+00	3.50322e-03
4.82774e+00	3.47413e-03
4.85384e+00	3.44663e-03
4.87994e+00	3.42084e-03
4.90603e+00	3.39670e-03
4.93213e+00	3.37408e-03
4.95822e+00	3.35254e-03
4.98432e+00	3.33193e-03
5.01042e+00	3.31218e-03
5.03651e+00	3.29325e-03
5.06261e+00	3.27495e-03
5.08870e+00	3.25728e-03
5.11480e+00	3.24019e-03
5.14090e+00	3.22334e-03
5.16699e+00	3.20659e-03
5.19309e+00	3.18996e-03
5.21918e+00	3.17343e-03
5.24528e+00	3.15701e-03
5.27137e+00	3.14069e-03
5.29747e+00	3.12448e-03
5.32357e+00	3.10838e-03
5.34966e+00	3.09239e-03
5.37576e+00	3.07651e-03
5.40185e+00	3.06073e-03
5.42795e+00	3.04506e-03
5.45405e+00	3.02949e-03
5.48014e+00	3.01403e-03
5.50624e+00	2.99868e-03
5.53233e+00	2.98343e-03
5.55843e+00	2.96829e-03
5.58453e+00	2.95325e-03
5.61062e+00	2.93832e-03
5.63672e+00	2.92349e-03
5.66281e+00	2.90877e-03
5.68891e+00	2.89415e-03
5.71501e+00	2.87963e-03
5.74110e+00	2.86523e-03
5.76720e+00	2.85092e-03
5.79329e+00	2.83673e-03
5.81939e+00	2.82263e-03
5.84549e+00	2.80865e-03
5.87158e+00	2.79476e-03
5.89768e+00	2.78099e-03
5.92377e+00	2.76731e-03
5.94987e+00	2.75373e-03
5.97596e+00	2.74027e-03
6.00206e+00	2.72690e-03
6.02816e+00	2.71365e-03
6.05425e+00	2.70048e-03
6.08035e+00	2.68742e-03
6.10644e+00	2.67447e-03
6.13254e+00	2.66161e-03
6.15864e+00	2.64886e-03
6.18473e+00	2.63620e-03
6.21083e+00	2.62365e-03
6.23692e+00	2.61120e-03
6.26302e+00	2.59885e-03
6.28912e+00	2.58660e-03
6.31521e+00	2.57445e-03
6.34131e+00	2.56239e-03
6.36740e+00	2.55043e-03
6.39350e+00	2.53857e-03
6.41960e+00	2.52680e-03
6.44569e+00	2.51513e-03
6.47179e+00	2.50356e-03
6.49788e+00	2.49209e-03
6.52398e+00	2.48070e-03
6.55007e+00	2.46942e-03
6.57617e+00	2.45823e-03
6.60227e+00	2.44713e-03
6.62836e+00	2.43613e-03
6.65446e+00	2.42521e-03
6.68055e+00	2.41439e-03
6.70665e+00	2.40367e-03
6.73275e+00	2.39303e-03
6.75884e+00	2.38247e-03
6.78494e+00	2.37197e-03
6.81103e+00	2.36154e-03
6.83713e+00	2.35118e-03
6.86323e+00	2.34087e-03
6.88932e+00	2.33063e-03
6.91542e+00	2.32047e-03
6.94151e+00	2.31036e-03
6.96761e+00	2.30028e-03
6.99371e+00	2.29029e-03
7.01980e+00	2.28036e-03
7.04590e+00	2.27051e-03
7.07199e+00	2.26076e-03
7.09809e+00	2.25103e-03
7.12418e+00	2.24140e-03
7.15028e+00	2.23184e-03
7.17638e+00	2.22235e-03
7.20247e+00	2.21294e-03
7.22857e+00	2.20360e-03
7.25466e+00	2.19434e-03
7.28076e+00	2.18518e-03
7.30686e+00	2.17611e-03
7.33295e+00	2.16713e-03
7.35905e+00	2.15824e-03
7.38514e+00	2.14940e-03
7.41124e+00	2.14055e-03
7.43734e+00	2.13171e-03
7.46343e+00	2.12287e-03
7.48953e+00	2.11404e-03
7.51562e+00	2.10521e-03
7.54172e+00	2.09639e-03
7.56782e+00	2.08757e-03
7.59391e+00	2.07875e-03
7.62001e+00	2.06992e-03
7.64610e+00	2.06109e-03
7.67220e+00	2.05226e-03
7.69830e+00	2.04342e-03
7.72439e+00	2.03458e-03
7.75049e+00	2.02575e-03
7.77658e+00	2.01684e-03
7.80268e+00	2.00781e-03
7.82877e+00	1.99862e-03
7.85487e+00	1.98925e-03
7.88097e+00	1.97969e-03
7.90706e+00	1.96994e-03
7.93316e+00	1.96001e-03
7.95925e+00	1.94991e-03
7.98535e+00	1.93964e-03
8.01145e+00	1.92918e-03
8.03754e+00	1.91853e-03
8.06364e+00	1.90768e-03
8.08973e+00	1.89663e-03
8.11583e+00	1.88538e-03
8.14193e+00	1.87395e-03
8.16802e+00	1.86233e-03
8.19412e+00	1.85055e-03
8.22021e+00	1.83860e-03
8.24631e+00	1.82643e-03
8.27241e+00	1.81401e-03
8.29850e+00	1.80136e-03
8.32460e+00	1.78843e-03
8.35069e+00	1.77523e-03
8.37679e+00	1.76175e-03
8.40288e+00	1.74800e-03
8.42898e+00	1.73399e-03
8.45508e+00	1.71974e-03
8.48117e+00	1.70513e-03
8.50727e+00	1.69013e-03
8.53336e+00	1.67485e-03
8.55946e+00	1.65934e-03
8.58556e+00	1.64367e-03
8.61165e+00	1.62784e-03
8.63775e+00	1.61186e-03
8.66384e+00	1.59574e-03
8.68994e+00	1.57950e-03
8.71604e+00	1.56314e-03
8.74213e+00	1.54666e-03
8.76823e+00	1.53008e-03
8.79432e+00	1.51339e-03
8.82042e+00	1.49661e-03
8.84652e+00	1.47975e-03
8.87261e+00	1.46280e-03
8.89871e+00	1.44578e-03
8.92480e+00	1.42871e-03
8.95090e+00	1.41156e-03
8.97700e+00	1.39436e-03
9.00309e+00	1.37714e-03
9.02919e+00	1.35996e-03
9.05528e+00	1.34287e-03
9.08138e+00	1.32590e-03
9.10747e+00	1.30905e-03
9.13357e+00	1.29232e-03
9.15967e+00	1.27570e-03
9.18576e+00	1.25921e-03
9.21186e+00	1.24285e-03
9.23795e+00	1.22660e-03
9.26405e+00	1.21048e-03
9.29015e+00	1.19449e-03
9.31624e+00	1.17862e-03
9.34234e+00	1.16288e-03
9.36843e+00	1.14727e-03
9.39453e+00	1.13179e-03
9.42063e+00	1.11644e-03
9.44672e+00	1.10123e-03
9.47282e+00	1.08614e-03
9.49891e+00	1.07119e-03
9.52501e+00	1.05637e-03
9.55111e+00	1.04168e-03
9.57720e+00	1.02714e-03
9.60330e+00	1.01271e-03
9.62939e+00	9.98406e-04
9.65549e+00	9.84221e-04
9.68158e+00	9.70156e-04
9.70768e+00	9.56203e-04
9.73378e+00	9.42362e-04
9.75987e+00	9.28633e-04
9.78597e+00	9.15018e-04
9.81206e+00	9.01516e-04
9.83816e+00	8.88129e-04
9.86426e+00	8.74858e-04
9.89035e+00	8.61705e-04
9.91645e+00	8.48672e-04
9.94254e+00	8.35758e-04
9.96864e+00	8.22964e-04
9.99474e+00	8.10298e-04
1.00208e+01	7.97822e-04
1.00469e+01	7.85432e-04
1.00730e+01	7.73260e-04
1.00991e+01	7.61267e-04
1.01252e+01	7.49459e-04
1.01513e+01	7.37833e-04
1.01774e+01	7.26385e-04
1.02035e+01	7.15113e-04
1.02296e+01	7.04012e-04
1.02557e+01	6.93079e-04
1.02818e+01	6.82313e-04
1.03079e+01	6.71712e-04
1.03340e+01	6.61273e-04
1.03601e+01	6.50996e-04
1.03862e+01	6.40877e-04
1.04123e+01	6.30914e-04
1.04384e+01	6.21107e-04
1.04645e+01	6.11454e-04
1.04906e+01	6.01951e-04
1.05167e+01	5.92598e-04
1.05427e+01	5.83392e-04
1.05688e+01	5.74322e-04
1.05949e+01	5.65426e-04
1.06210e+01	5.56616e-04
1.06471e+01	5.47952e-04
1.06732e+01	5.39428e-04
1.06993e+01	5.31041e-04
1.07254e+01	5.22788e-04
1.07515e+01	5.14667e-04
1.07776e+01	5.06678e-04
1.08037e+01	4.98818e-04
1.08298e+01	4.91086e-04
1.08559e+01	4.83480e-04
1.08820e+01	4.75998e-04
1.09081e+01	4.68640e-04
1.09342e+01	4.61403e-04
1.09603e+01	4.54288e-04
1.09864e+01	4.47292e-04
1.10125e+01	4.40413e-04
1.10386e+01	4.33651e-04
1.10647e+01	4.27005e-04
1.10908e+01	4.20475e-04
1.11169e+01	4.14059e-04
1.11430e+01	4.07755e-04
1.11691e+01	4.01562e-04
1.11951e+01	3.95479e-04
1.12212e+01	3.89495e-04
1.12473e+01	3.83606e-04
1.12734e+01	3.77811e-04
1.12995e+01	3.72109e-04
1.13256e+01	3.66500e-04
1.13517e+01	3.60982e-04
1.13778e+01	3.55555e-04
1.14039e+01	3.50217e-04
1.14300e+01	3.44970e-04
1.14561e+01	3.39809e-04
1.14822e+01	3.34737e-04
1.15083e+01	3.29751e-04
1.15344e+01	3.24851e-04
1.15605e+01	3.20037e-04
1.15866e+01	3.15153e-04
1.16127e+01	3.10204e-04
1.16388e+01	3.05153e-04
1.16649e+01	2.99771e-04
1.16910e+01	2.94362e-04
1.17171e+01	2.89138e-04
1.17432e+01	2.84105e-04
1.17693e+01	2.79115e-04
1.17954e+01	2.74128e-04
1.18214e+01	2.69181e-04
1.18475e+01	2.63925e-04
1.18736e+01	2.58468e-04
1.18997e+01	2.53267e-04
1.19258e+01	2.47935e-04
1.19519e+01	2.42831e-04
1.19780e+01	2.37899e-04
1.20041e+01	2.33109e-04
1.20302e+01	2.28428e-04
1.20563e+01	2.23836e-04
1.20824e+01	2.19328e-04
1.21085e+01	2.14901e-04
1.21346e+01	2.10542e-04
1.21607e+01	2.06247e-04
1.21868e+01	2.02016e-04
1.22129e+01	1.97843e-04
1.22390e+01	1.93715e-04
1.22651e+01	1.89630e-04
1.22912e+01	1.85587e-04
1.23173e+01	1.81590e-04
1.23434e+01	1.77653e-04
1.23695e+01	1.73775e-04
1.23956e+01	1.69956e-04
1.24217e+01	1.66192e-04
1.24478e+01	1.62477e-04
1.24738e+01	1.58810e-04
1.24999e+01	1.55192e-04
1.25260e+01	1.51619e-04
1.25521e+01	1.48094e-04
1.25782e+01	1.44604e-04
1.26043e+01	1.41163e-04
1.26304e+01	1.37774e-04
1.26565e+01	1.34443e-04
1.26826e+01	1.31170e-04
1.27087e+01	1.27956e-04
1.27348e+01	1.24809e-04
1.27609e+01	1.21730e-04
1.27870e+01	1.18718e-04
1.28131e+01	1.15774e-04
1.28392e+01	1.12913e-04
1.28653e+01	1.10145e-04
1.28914e+01	1.07482e-04
1.29175e+01	1.04886e-04
1.29436e+01	1.02323e-04
1.29697e+01	9.98939e-05
1.29958e+01	9.75103e-05
1.30219e+01	9.50547e-05
1.30480e+01	9.23361e-05
1.30741e+01	8.97000e-05
1.31001e+01	8.73396e-05
1.31262e+01	8.52054e-05
1.31523e+01	8.32007e-05
1.31784e+01	8.11931e-05
1.32045e+01	7.91530e-05
1.32306e+01	7.71954e-05
1.32567e+01	7.53532e-05
1.32828e+01	7.35917e-05
1.33089e+01	7.19064e-05
1.33350e+01	7.02802e-05
1.33611e+01	6.87000e-05
1.33872e+01	6.71513e-05
1.34133e+01	6.56239e-05
1.34394e+01	6.41112e-05
1.34655e+01	6.26032e-05
1.34916e+01	6.11099e-05
1.35177e+01	5.96550e-05
1.35438e+01	5.82261e-05
1.35699e+01	5.68216e-05
1.35960e+01	5.54413e-05
1.36221e+01	5.40856e-05
1.36482e+01	5.27552e-05
1.36743e+01	5.14500e-05
1.37004e+01	5.01696e-05
1.37265e+01	4.89141e-05
1.37525e+01	4.76831e-05
1.37786e+01	4.64765e-05
1.38047e+01	4.52939e-05
1.38308e+01	4.41345e-05
1.38569e+01	4.29980e-05
1.38830e+01	4.18828e-05
1.39091e+01	4.07869e-05
1.39352e+01	3.97094e-05
1.39613e+01	3.86503e-05
1.39874e+01	3.76104e-05
1.40135e+01	3.65883e-05
1.40396e+01	3.55846e-05
1.40657e+01	3.46000e-05
1.40918e+01	3.36344e-05
1.41179e+01	3.26875e-05
1.41440e+01	3.17594e-05
1.41701e+01	3.08500e-05
1.41962e+01	2.99594e-05
1.42223e+01	2.90873e-05
1.42484e+01	2.82326e-05
1.42745e+01	2.73947e-05
1.43006e+01	2.65736e-05
1.43267e+01	2.57695e-05
1.43528e+01	2.49823e-05
1.43788e+01	2.42121e-05
1.44049e+01	2.34588e-05
1.44310e+01	2.27224e-05
1.44571e+01	2.20028e-05
1.44832e+01	2.13000e-05
1.45093e+01	2.06141e-05
1.45354e+01	1.99447e-05
1.45615e+01	1.92920e-05
1.45876e+01	1.86557e-05
1.46137e+01	1.80356e-05
1.46398e+01	1.74316e-05
1.46659e+01	1.68435e-05
1.46920e+01	1.62711e-05
1.47181e+01	1.57141e-05
1.47442e+01	1.51723e-05
1.47703e+01	1.46455e-05
1.47964e+01	1.41334e-05
1.48225e+01	1.36358e-05
1.48486e+01	1.31523e-05
1.48747e+01	1.26828e-05
1.49008e+01	1.22270e-05
1.49269e+01	1.17846e-05
1.49530e+01	1.13553e-05
1.49791e+01	1.09390e-05
1.50052e+01	1.05356e-05
1.50312e+01	1.01451e-05
1.50573e+01	9.76755e-06
1.50834e+01	9.40274e-06
1.51095e+01	9.05028e-06
1.51356e+01	8.70984e-06
1.51617e+01	8.38105e-06
1.51878e+01	8.06359e-06
1.52139e+01	7.75712e-06
1.52400e+01	7.46132e-06
1.52661e+01	7.17587e-06
1.52922e+01	6.90046e-06
1.53183e+01	6.63478e-06
1.53444e+01	6.37854e-06
1.53705e+01	6.13144e-06
1.53966e+01	5.89321e-06
1.54227e+01	5.66357e-06
1.54488e+01	5.44225e-06
1.54749e+01	5.22900e-06
1.55010e+01	5.02355e-06
1.55271e+01	4.82566e-06
1.55532e+01	4.63509e-06
1.55793e+01	4.45160e-06
1.56054e+01	4.27495e-06
1.56315e+01	4.10489e-06
1.56575e+01	3.94122e-06
1.56836e+01	3.78372e-06
1.57097e+01	3.63220e-06
1.57358e+01	3.48645e-06
1.57619e+01	3.34630e-06
1.57880e+01	3.21116e-06
1.58141e+01	3.08065e-06
1.58402e+01	2.95464e-06
1.58663e+01	2.83301e-06
1.58924e+01	2.71567e-06
1.59185e+01	2.60249e-06
1.59446e+01	2.49336e-06
1.59707e+01	2.38816e-06
1.59968e+01	2.28681e-06
1.60229e+01	2.18925e-06
1.60490e+01	2.09542e-06
1.60751e+01	2.00521e-06
1.61012e+01	1.91851e-06
1.61273e+01	1.83520e-06
1.61534e+01	1.75518e-06
1.61795e+01	1.67832e-06
1.62056e+01	1.60453e-06
1.62317e+01	1.53371e-06
1.62578e+01	1.46573e-06
1.62839e+01	1.40051e-06
1.63099e+01	1.33795e-06
1.63360e+01	1.27794e-06
1.63621e+01	1.22041e-06
1.63882e+01	1.16526e-06
1.64143e+01	1.11241e-06
1.64404e+01	1.06177e-06
1.64665e+01	1.01325e-06
1.64926e+01	9.66784e-07
1.65187e+01	9.22285e-07
1.65448e+01	8.79674e-07
1.65709e+01	8.38871e-07
1.65970e+01	7.99816e-07
1.66231e+01	7.62441e-07
1.66492e+01	7.26678e-07
1.66753e+01	6.92466e-07
1.67014e+01	6.59744e-07
1.67275e+01	6.28457e-07
1.67536e+01	5.98545e-07
1.67797e+01	5.69955e-07
1.68058e+01	5.42634e-07
1.68319e+01	5.16530e-07
1.68580e+01	4.91594e-07
1.68841e+01	4.67780e-07
1.69102e+01	4.45042e-07
1.69362e+01	4.23334e-07
1.69623e+01	4.02615e-07
1.69884e+01	3.82844e-07
1.70145e+01	3.63982e-07
1.70406e+01	3.45994e-07
1.70667e+01	3.28843e-07
1.70928e+01	3.12496e-07
1.71189e+01	2.96917e-07
1.71450e+01	2.82073e-07
1.71711e+01	2.67932e-07
1.71972e+01	2.54463e-07
1.72233e+01	2.41636e-07
1.72494e+01	2.29423e-07
1.72755e+01	2.17796e-07
1.73016e+01	2.06729e-07
1.73277e+01	1.96198e-07
1.73538e+01	1.86177e-07
1.73799e+01	1.76643e-07
1.74060e+01	1.67574e-07
1.74321e+01	1.58949e-07
1.74582e+01	1.50747e-07
1.74843e+01	1.42948e-07
1.75104e+01	1.35533e-07
1.75365e+01	1.28485e-07
1.75626e+01	1.21786e-07
1.75886e+01	1.15419e-07
1.76147e+01	1.09368e-07
1.76408e+01	1.03620e-07
1.76669e+01	9.81589e-08
1.76930e+01	9.29720e-08
1.77191e+01	8.80462e-08
1.77452e+01	8.33691e-08
1.77713e+01	7.89288e-08
1.77974e+01	7.47140e-08
1.78235e+01	7.07134e-08
1.78496e+01	6.69172e-08
1.78757e+01	6.33155e-08
1.79018e+01	5.98988e-08
1.79279e+01	5.66580e-08
1.79540e+01	5.35845e-08
1.79801e+01	5.06703e-08
1.80062e+01	4.79081e-08
1.80323e+01	4.52906e-08
1.80584e+01	4.28107e-08
1.80845e+01	4.04618e-08
1.81106e+01	3.82372e-08
1.81367e+01	3.61307e-08
1.81628e+01	3.41362e-08
1.81889e+01	3.22481e-08
1.82149e+01	3.04607e-08
1.82410e+01	2.87690e-08
1.82671e+01	2.71680e-08
1.82932e+01	2.56530e-08
1.83193e+01	2.42197e-08
1.83454e+01	2.28639e-08
1.83715e+01	2.15815e-08
1.83976e+01	2.03686e-08
1.84237e+01	1.92217e-08
1.84498e+01	1.81373e-08
1.84759e+01	1.71122e-08
1.85020e+01	1.61431e-08
1.85281e+01	1.52272e-08
1.85542e+01	1.43616e-08
1.85803e+01	1.35436e-08
1.86064e+01	1.27707e-08
1.86325e+01	1.20404e-08
1.86586e+01	1.13506e-08
1.86847e+01	1.06991e-08
1.87108e+01	1.00838e-08
1.87369e+01	9.50277e-09
1.87630e+01	8.95417e-09
1.87891e+01	8.43625e-09
1.88152e+01	7.94736e-09
1.88413e+01	7.48593e-09
1.88673e+01	7.05048e-09
1.88934e+01	6.63960e-09
1.89195e+01	6.25192e-09
1.89456e+01	5.88620e-09
1.89717e+01	5.54124e-09
1.89978e+01	5.21591e-09
1.90239e+01	4.90917e-09
1.90500e+01	4.62001e-09
1.90761e+01	4.34747e-09
1.91022e+01	4.09063e-09
1.91283e+01	3.84862e-09
1.91544e+01	3.62060e-09
1.91805e+01	3.40578e-09
1.92066e+01	3.20341e-09
1.92327e+01	3.01280e-09
1.92588e+01	2.83328e-09
1.92849e+01	2.66422e-09
1.93110e+01	2.50502e-09
1.93371e+01	2.35512e-09
1.93632e+01	2.21399e-09
1.93893e+01	2.08114e-09
1.94154e+01	1.95609e-09
1.94415e+01	1.83838e-09
1.94676e+01	1.72761e-09
1.94936e+01	1.62338e-09
1.95197e+01	1.52529e-09
1.95458e+01	1.43301e-09
1.95719e+01	1.34620e-09
1.95980e+01	1.26453e-09
1.96241e+01	1.18771e-09
1.96502e+01	1.11545e-09
1.96763e+01	1.04750e-09
1.97024e+01	9.83597e-10
1.97285e+01	9.23510e-10
1.97546e+01	8.67016e-10
1.97807e+01	8.13904e-10
1.98068e+01	7.63974e-10
1.98329e+01	7.17041e-10
1.98590e+01	6.72927e-10
1.98851e+01	6.31463e-10
1.99112e+01	5.92502e-10
1.99373e+01	5.55885e-10
1.99634e+01	5.21480e-10
1.99895e+01	4.89157e-10
2.00156e+01	4.58795e-10
2.00417e+01	4.30277e-10
2.00678e+01	4.03494e-10
2.00939e+01	3.78344e-10
2.01200e+01	3.54729e-10
2.01460e+01	3.32559e-10
2.01721e+01	3.11747e-10
2.01982e+01	2.92211e-10
2.02243e+01	2.73878e-10
2.02504e+01	2.56674e-10
2.02765e+01	2.40530e-10
2.03026e+01	2.25384e-10
2.03287e+01	2.11174e-10
2.03548e+01	1.97843e-10
2.03809e+01	1.85338e-10
2.04070e+01	1.73609e-10
2.04331e+01	1.62608e-10
2.04592e+01	1.52292e-10
2.04853e+01	1.42618e-10
2.05114e+01	1.33548e-10
2.05375e+01	1.25047e-10
2.05636e+01	1.17078e-10
2.05897e+01	1.09610e-10
2.06158e+01	1.02611e-10
2.06419e+01	9.60528e-11
2.06680e+01	8.99076e-11
2.06941e+01	8.41500e-11
2.07202e+01	7.87559e-11
2.07463e+01	7.37026e-11
2.07723e+01	6.89690e-11
2.07984e+01	6.45351e-11
2.08245e+01	6.03823e-11
2.08506e+01	5.64930e-11
2.08767e+01	5.28507e-11
2.09028e+01	4.94399e-11
2.09289e+01	4.62462e-11
2.09550e+01	4.32560e-11
2.09811e+01	4.04564e-11
2.10072e+01	3.78356e-11
2.10333e+01	3.53824e-11
2.10594e+01	3.30864e-11
2.10855e+01	3.09376e-11
2.11116e+01	2.89266e-11
2.11377e+01	2.70448e-11
2.11638e+01	2.52840e-11
2.11899e+01	2.36365e-11
2.12160e+01	2.20951e-11
2.12421e+01	2.06530e-11
2.12682e+01	1.93040e-11
2.12943e+01	1.80421e-11
2.13204e+01	1.68617e-11
2.13465e+01	1.57577e-11
2.13726e+01	1.47253e-11
2.13987e+01	1.37596e-11
2.14247e+01	1.28567e-11
2.14508e+01	1.20123e-11
2.14769e+01	1.12227e-11
2.15030e+01	1.04845e-11
2.15291e+01	9.79425e-12
2.15552e+01	9.14892e-12
2.15813e+01	8.54561e-12
2.16074e+01	7.98161e-12
2.16335e+01	7.45440e-12
2.16596e+01	6.96159e-12
2.16857e+01	6.50098e-12
2.17118e+01	6.07047e-12
2.17379e+01	5.66813e-12
2.17640e+01	5.29214e-12
2.17901e+01	4.94077e-12
2.18162e+01	4.61246e-12
2.18423e+01	4.30569e-12
2.18684e+01	4.01907e-12
2.18945e+01	3.75130e-12
2.19206e+01	3.50115e-12
2.19467e+01	3.26750e-12
2.19728e+01	3.04926e-12
2.19989e+01	2.84545e-12
2.20250e+01	2.65511e-12
2.20510e+01	2.47738e-12
2.20771e+01	2.31144e-12
2.21032e+01	2.15655e-12
2.21293e+01	2.01196e-12
2.21554e+01	1.87700e-12
2.21815e+01	1.75104e-12
2.22076e+01	1.63347e-12
2.22337e+01	1.52375e-12
2.22598e+01	1.42135e-12
2.22859e+01	1.32578e-12
2.23120e+01	1.23660e-12
2.23381e+01	1.15339e-12
2.23642e+01	1.07573e-12
2.23903e+01	1.00327e-12
2.24164e+01	9.35665e-13
2.24425e+01	8.72585e-13
2.24686e+01	8.13730e-13
2.24947e+01	7.58818e-13
2.25208e+01	7.07587e-13
2.25469e+01	6.59792e-13
2.25730e+01	6.15204e-13
2.25991e+01	5.73608e-13
2.26252e+01	5.34804e-13
2.26513e+01	4.98605e-13
2.26774e+01	4.64838e-13
2.27034e+01	4.33342e-13
2.27295e+01	4.03963e-13
2.27556e+01	3.76563e-13
2.27817e+01	3.51007e-13
2.28078e+01	3.27173e-13
2.28339e+01	3.04945e-13
2.28600e+01	2.84217e-13
2.28861e+01	2.64888e-13
2.29122e+01	2.46863e-13
2.29383e+01	2.30056e-13
2.29644e+01	2.14385e-13
2.29905e+01	1.99774e-13
2.30166e+01	1.86152e-13
2.30427e+01	1.73453e-13
2.30688e+01	1.61616e-13
2.30949e+01	1.50582e-13
2.31210e+01	1.40297e-13
2.31471e+01	1.30710e-13
2.31732e+01	1.21775e-13
2.31993e+01	1.13447e-13
2.32254e+01	1.05686e-13
2.32515e+01	9.84530e-14
2.32776e+01	9.17122e-14
2.33037e+01	8.54305e-14
2.33297e+01	7.95768e-14
2.33558e+01	7.41220e-14
2.33819e+01	6.90391e-14
2.34080e+01	6.43030e-14
2.34341e+01	5.98900e-14
2.34602e+01	5.57783e-14
2.34863e+01	5.19474e-14
2.35124e+01	4.83783e-14
2.35385e+01	4.50532e-14
2.35646e+01	4.19554e-14
2.35907e+01	3.90696e-14
2.36168e+01	3.63812e-14
2.36429e+01	3.38770e-14
2.36690e+01	3.15443e-14
2.36951e+01	2.93714e-14
2.37212e+01	2.73475e-14
2.37473e+01	2.54624e-14
2.37734e+01	2.37065e-14
2.37995e+01	2.20712e-14
2.38256e+01	2.05481e-14
2.38517e+01	1.91296e-14
2.38778e+01	1.78086e-14
2.39039e+01	1.65784e-14
2.39300e+01	1.54327e-14
2.39561e+01	1.43659e-14
2.39821e+01	1.33724e-14
2.40082e+01	1.24473e-14
2.40343e+01	1.15859e-14
2.40604e+01	1.07839e-14
2.40865e+01	1.00370e-14
2.41126e+01	9.34171e-15
2.41387e+01	8.69430e-15
2.41648e+01	8.09154e-15
2.41909e+01	7.53036e-15
2.42170e+01	7.00791e-15
2.42431e+01	6.52153e-15
2.42692e+01	6.06874e-15
2.42953e+01	5.64724e-15
2.43214e+01	5.25487e-15
2.43475e+01	4.88963e-15
2.43736e+01	4.54966e-15
2.43997e+01	4.23322e-15
2.44258e+01	3.93869e-15
2.44519e+01	3.66456e-15
2.44780e+01	3.40942e-15
2.45041e+01	3.17196e-15
2.45302e+01	2.95097e-15
2.45563e+01	2.74531e-15
2.45824e+01	2.55392e-15
2.46084e+01	2.37581e-15
2.46345e+01	2.21007e-15
2.46606e+01	2.05584e-15
2.46867e+01	1.91233e-15
2.47128e+01	1.77879e-15
2.47389e+01	1.65454e-15
2.47650e+01	1.53894e-15
2.47911e+01	1.43139e-15
2.48172e+01	1.33133e-15
2.48433e+01	1.23824e-15
2.48694e+01	1.15164e-15
2.48955e+01	1.07109e-15
2.49216e+01	9.96169e-16
2.49477e+01	9.26484e-16
2.49738e+01	8.61674e-16
2.49999e+01	8.01403e-16
2.50260e+01	7.45355e-16
2.50521e+01	6.93238e-16
2.50782e+01	6.44783e-16
2.51043e+01	5.99740e-16
2.51304e+01	5.57870e-16
2.51565e+01	5.18956e-16
2.51826e+01	4.82791e-16
2.52087e+01	4.49186e-16
2.52348e+01	4.17965e-16
2.52608e+01	3.88962e-16
2.52869e+01	3.62027e-16
2.53130e+01	3.37016e-16
2.53391e+01	3.13798e-16
2.53652e+01	2.92252e-16
2.53913e+01	2.72262e-16
2.54174e+01	2.53724e-16
2.54435e+01	2.36539e-16
2.54696e+01	2.20614e-16
2.54957e+01	2.05867e-16
2.55218e+01	1.92219e-16
2.55479e+01	1.79599e-16
2.55740e+01	1.67939e-16
2.56001e+01	1.57179e-16
2.56262e+01	1.47260e-16
2.56523e+01	1.38129e-16
2.56784e+01	1.29740e-16
2.57045e+01	1.22046e-16
2.57306e+01	1.15008e-16
2.57567e+01	1.08588e-16
2.57828e+01	1.02752e-16
2.58089e+01	9.74688e-17
2.58350e+01	9.27108e-17
2.58611e+01	8.84535e-17
2.58871e+01	8.46742e-17
2.59132e+01	8.13529e-17
2.59393e+01	7.84719e-17
2.59654e+01	7.60161e-17
2.59915e+01	7.39723e-17
2.60176e+01	7.23301e-17
2.60437e+01	7.10808e-17
2.60698e+01	7.02183e-17
2.60959e+01	6.97316e-17
