# The ell = 1 distribution, the first anisotropy.
# E_N [Td]	1.50000e+02
# col_1: Electron Energy [eV], col_2: f1 [eV^(-3/2)]
eV	f1
5.72645e-02	1.33513e-03
1.14529e-01	1.88847e-03
1.71793e-01	2.27608e-03
2.29058e-01	2.56130e-03
2.86322e-01	2.86009e-03
3.43587e-01	3.17740e-03
4.00851e-01	3.45197e-03
4.58116e-01	3.74856e-03
5.15380e-01	4.05867e-03
5.72645e-01	4.38491e-03
6.29909e-01	4.74453e-03
6.87174e-01	5.13589e-03
7.44438e-01	5.57344e-03
8.01703e-01	6.03521e-03
8.58967e-01	6.49717e-03
9.16232e-01	6.97823e-03
9.73496e-01	7.49580e-03
1.03076e+00	8.02242e-03
1.08802e+00	8.53740e-03
1.14529e+00	8.99687e-03
1.20255e+00	9.43126e-03
1.25982e+00	9.86623e-03
1.31708e+00	1.03080e-02
1.37435e+00	1.07736e-02
1.43161e+00	1.12096e-02
1.48888e+00	1.16051e-02
1.54614e+00	1.19654e-02
1.60341e+00	1.23356e-02
1.66067e+00	1.27556e-02
1.71793e+00	1.31924e-02
1.77520e+00	1.35948e-02
1.83246e+00	1.38749e-02
1.88973e+00	1.40566e-02
1.94699e+00	1.40898e-02
2.00426e+00	1.39800e-02
2.06152e+00	1.37818e-02
2.11879e+00	1.35729e-02
2.17605e+00	1.32779e-02
2.23331e+00	1.29667e-02
2.29058e+00	1.26709e-02
2.34784e+00	1.23806e-02
2.40511e+00	1.20829e-02
2.46237e+00	1.17858e-02
2.51964e+00	1.14523e-02
2.57690e+00	1.11624e-02
2.63417e+00	1.09220e-02
2.69143e+00	1.06778e-02
2.74869e+00	1.04507e-02
2.80596e+00	1.02692e-02
2.86322e+00	1.00864e-02
2.92049e+00	9.88988e-03
2.97775e+00	9.73383e-03
3.03502e+00	9.61524e-03
3.09228e+00	9.49477e-03
3.14955e+00	9.38116e-03
3.20681e+00	9.28095e-03
3.26407e+00	9.18518e-03
3.32134e+00	9.09683e-03
3.37860e+00	9.02165e-03
3.43587e+00	8.95648e-03
3.49313e+00	8.89500e-03
3.55040e+00	8.83754e-03
3.60766e+00	8.78147e-03
3.66493e+00	8.72741e-03
3.72219e+00	8.67569e-03
3.77946e+00	8.62732e-03
3.83672e+00	8.58323e-03
3.89398e+00	8.54288e-03
3.95125e+00	8.50344e-03
4.00851e+00	8.46496e-03
4.06578e+00	8.42659e-03
4.12304e+00	8.38749e-03
4.18031e+00	8.34766e-03
4.23757e+00	8.30708e-03
4.29484e+00	8.26572e-03
4.35210e+00	8.22342e-03
4.40936e+00	8.18026e-03
4.46663e+00	8.13643e-03
4.52389e+00	8.09213e-03
4.58116e+00	8.04763e-03
4.63842e+00	8.00336e-03
4.69569e+00	7.95970e-03
4.75295e+00	7.91677e-03
4.81022e+00	7.87459e-03
4.86748e+00	7.83325e-03
4.92474e+00	7.79303e-03
4.98201e+00	7.75354e-03
5.03927e+00	7.71452e-03
5.09654e+00	7.67577e-03
5.15380e+00	7.63714e-03
5.21107e+00	7.59831e-03
5.26833e+00	7.55932e-03
5.32560e+00	7.52018e-03
5.38286e+00	7.48091e-03
5.44012e+00	7.44153e-03
5.49739e+00	7.40205e-03
5.55465e+00	7.36250e-03
5.61192e+00	7.32288e-03
5.66918e+00	7.28322e-03
5.72645e+00	7.24354e-03
5.78371e+00	7.20384e-03
5.84098e+00	7.16415e-03
5.89824e+00	7.12448e-03
5.95551e+00	7.08483e-03
6.01277e+00	7.04523e-03
6.07003e+00	7.00567e-03
6.12730e+00	6.96618e-03
6.18456e+00	6.92676e-03
6.24183e+00	6.88741e-03
6.29909e+00	6.84816e-03
6.35636e+00	6.80899e-03
6.41362e+00	6.76993e-03
6.47089e+00	6.73099e-03
6.52815e+00	6.69216e-03
6.58541e+00	6.65346e-03
6.64268e+00	6.61489e-03
6.69994e+00	6.57646e-03
6.75721e+00	6.53819e-03
6.81447e+00	6.50004e-03
6.87174e+00	6.46204e-03
6.92900e+00	6.42418e-03
6.98627e+00	6.38645e-03
7.04353e+00	6.34890e-03
7.10079e+00	6.31151e-03
7.15806e+00	6.27430e-03
7.21532e+00	6.23728e-03
7.27259e+00	6.20045e-03
7.32985e+00	6.16384e-03
7.38712e+00	6.12744e-03
7.44438e+00	6.09116e-03
7.50165e+00	6.05499e-03
7.55891e+00	6.01895e-03
7.61617e+00	5.98303e-03
7.67344e+00	5.94722e-03
7.73070e+00	5.91154e-03
7.78797e+00	5.87594e-03
7.84523e+00	5.84028e-03
7.90250e+00	5.80449e-03
7.95976e+00	5.76855e-03
8.01703e+00	5.73248e-03
8.07429e+00	5.69623e-03
8.13155e+00	5.65980e-03
8.18882e+00	5.62320e-03
8.24608e+00	5.58643e-03
8.30335e+00	5.54937e-03
8.36061e+00	5.51195e-03
8.41788e+00	5.47416e-03
8.47514e+00	5.43600e-03
8.53241e+00	5.39726e-03
8.58967e+00	5.35816e-03
8.64694e+00	5.31879e-03
8.70420e+00	5.27918e-03
8.76146e+00	5.23935e-03
8.81873e+00	5.19930e-03
8.87599e+00	5.15904e-03
8.93326e+00	5.11860e-03
8.99052e+00	5.07797e-03
9.04779e+00	5.03729e-03
9.10505e+00	4.99675e-03
9.16232e+00	4.95636e-03
9.21958e+00	4.91614e-03
9.27684e+00	4.87609e-03
9.33411e+00	4.83621e-03
9.39137e+00	4.79651e-03
9.44864e+00	4.75700e-03
9.50590e+00	4.71768e-03
9.56317e+00	4.67855e-03
9.62043e+00	4.63961e-03
9.67770e+00	4.60083e-03
9.73496e+00	4.56221e-03
9.79222e+00	4.52372e-03
9.84949e+00	4.48538e-03
9.90675e+00	4.44720e-03
9.96402e+00	4.40919e-03
1.00213e+01	4.37136e-03
1.00785e+01	4.33383e-03
1.01358e+01	4.29668e-03
1.01931e+01	4.25991e-03
1.02503e+01	4.22350e-03
1.03076e+01	4.18746e-03
1.03649e+01	4.15178e-03
1.04221e+01	4.11645e-03
1.04794e+01	4.08148e-03
1.05367e+01	4.04686e-03
1.05939e+01	4.01261e-03
1.06512e+01	3.97863e-03
1.07085e+01	3.94500e-03
1.07657e+01	3.91172e-03
1.08230e+01	3.87877e-03
1.08802e+01	3.84616e-03
1.09375e+01	3.81388e-03
1.09948e+01	3.78194e-03
1.10520e+01	3.75034e-03
1.11093e+01	3.71907e-03
1.11666e+01	3.68815e-03
1.12238e+01	3.65756e-03
1.12811e+01	3.62724e-03
1.13384e+01	3.59720e-03
1.13956e+01	3.56742e-03
1.14529e+01	3.53792e-03
1.15102e+01	3.50870e-03
1.15674e+01	3.47974e-03
1.16247e+01	3.45020e-03
1.16820e+01	3.41889e-03
1.17392e+01	3.38791e-03
1.17965e+01	3.35709e-03
1.18537e+01	3.32586e-03
1.19110e+01	3.29343e-03
1.19683e+01	3.26083e-03
1.20255e+01	3.22899e-03
1.20828e+01	3.19746e-03
1.21401e+01	3.16613e-03
1.21973e+01	3.13486e-03
1.22546e+01	3.10355e-03
1.23119e+01	3.07211e-03
1.23691e+01	3.04064e-03
1.24264e+01	3.00921e-03
1.24837e+01	2.97770e-03
1.25409e+01	2.94613e-03
1.25982e+01	2.91439e-03
1.26554e+01	2.88263e-03
1.27127e+01	2.85094e-03
1.27700e+01	2.81947e-03
1.28272e+01	2.78829e-03
1.28845e+01	2.75778e-03
1.29418e+01	2.72765e-03
1.29990e+01	2.69846e-03
1.30563e+01	2.66647e-03
1.31136e+01	2.63594e-03
1.31708e+01	2.60805e-03
1.32281e+01	2.57911e-03
1.32854e+01	2.55188e-03
1.33426e+01	2.52556e-03
1.33999e+01	2.49958e-03
1.34572e+01	2.47339e-03
1.35144e+01	2.44686e-03
1.35717e+01	2.42042e-03
1.36289e+01	2.39393e-03
1.36862e+01	2.36744e-03
1.37435e+01	2.34095e-03
1.38007e+01	2.31446e-03
1.38580e+01	2.28796e-03
1.39153e+01	2.26138e-03
1.39725e+01	2.23463e-03
1.40298e+01	2.20771e-03
1.40871e+01	2.18066e-03
1.41443e+01	2.15346e-03
1.42016e+01	2.12616e-03
1.42589e+01	2.09872e-03
1.43161e+01	2.07111e-03
1.43734e+01	2.04334e-03
1.44306e+01	2.01544e-03
1.44879e+01	1.98743e-03
1.45452e+01	1.95935e-03
1.46024e+01	1.93122e-03
1.46597e+01	1.90306e-03
1.47170e+01	1.87490e-03
1.47742e+01	1.84675e-03
1.48315e+01	1.81863e-03
1.48888e+01	1.79056e-03
1.49460e+01	1.76255e-03
1.50033e+01	1.73462e-03
1.50606e+01	1.70687e-03
1.51178e+01	1.67936e-03
1.51751e+01	1.65210e-03
1.52323e+01	1.62509e-03
1.52896e+01	1.59835e-03
1.53469e+01	1.57187e-03
1.54041e+01	1.54566e-03
1.54614e+01	1.51973e-03
1.55187e+01	1.49407e-03
1.55759e+01	1.46870e-03
1.56332e+01	1.44361e-03
1.56905e+01	1.41880e-03
1.57477e+01	1.39427e-03
1.58050e+01	1.36996e-03
1.58623e+01	1.34574e-03
1.59195e+01	1.32161e-03
1.59768e+01	1.29759e-03
1.60341e+01	1.27371e-03
1.60913e+01	1.25002e-03
1.61486e+01	1.22655e-03
1.62058e+01	1.20330e-03
1.62631e+01	1.18027e-03
1.63204e+01	1.15748e-03
1.63776e+01	1.13493e-03
1.64349e+01	1.11262e-03
1.64922e+01	1.09056e-03
1.65494e+01	1.06875e-03
1.66067e+01	1.04718e-03
1.66640e+01	1.02586e-03
1.67212e+01	1.00480e-03
1.67785e+01	9.83991e-04
1.68358e+01	9.63443e-04
1.68930e+01	9.43158e-04
1.69503e+01	9.23140e-04
1.70075e+01	9.03392e-04
1.70648e+01	8.83924e-04
1.71221e+01	8.64743e-04
1.71793e+01	8.45853e-04
1.72366e+01	8.27252e-04
1.72939e+01	8.08944e-04
1.73511e+01	7.90927e-04
1.74084e+01	7.73201e-04
1.74657e+01	7.55763e-04
1.75229e+01	7.38610e-04
1.75802e+01	7.21739e-04
1.76375e+01	7.05145e-04
1.76947e+01	6.88827e-04
1.77520e+01	6.72784e-04
1.78093e+01	6.57015e-04
1.78665e+01	6.41517e-04
1.79238e+01	6.26293e-04
1.79810e+01	6.11338e-04
1.80383e+01	5.96660e-04
1.80956e+01	5.82261e-04
1.81528e+01	5.68142e-04
1.82101e+01	5.54299e-04
1.82674e+01	5.40728e-04
1.83246e+01	5.27426e-04
1.83819e+01	5.14390e-04
1.84392e+01	5.01617e-04
1.84964e+01	4.89103e-04
1.85537e+01	4.76845e-04
1.86110e+01	4.64837e-04
1.86682e+01	4.53076e-04
1.87255e+01	4.41559e-04
1.87827e+01	4.30282e-04
1.88400e+01	4.19242e-04
1.88973e+01	4.08437e-04
1.89545e+01	3.97861e-04
1.90118e+01	3.87515e-04
1.90691e+01	3.77397e-04
1.91263e+01	3.67507e-04
1.91836e+01	3.57842e-04
1.92409e+01	3.48397e-04
1.92981e+01	3.39167e-04
1.93554e+01	3.30150e-04
1.94127e+01	3.21340e-04
1.94699e+01	3.12734e-04
1.95272e+01	3.04329e-04
1.95844e+01	2.96120e-04
1.96417e+01	2.88104e-04
1.96990e+01	2.80276e-04
1.97562e+01	2.72634e-04
1.98135e+01	2.65174e-04
1.98708e+01	2.57891e-04
1.99280e+01	2.50783e-04
1.99853e+01	2.43846e-04
2.00426e+01	2.37078e-04
2.00998e+01	2.30475e-04
2.01571e+01	2.24035e-04
2.02144e+01	2.17755e-04
2.02716e+01	2.11634e-04
2.03289e+01	2.05666e-04
2.03862e+01	1.99850e-04
2.04434e+01	1.94182e-04
2.05007e+01	1.88658e-04
2.05579e+01	1.83279e-04
2.06152e+01	1.78040e-04
2.06725e+01	1.72939e-04
2.07297e+01	1.67973e-04
2.07870e+01	1.63140e-04
2.08443e+01	1.58434e-04
2.09015e+01	1.53855e-04
2.09588e+01	1.49397e-04
2.10161e+01	1.45060e-04
2.10733e+01	1.40840e-04
2.11306e+01	1.36735e-04
2.11879e+01	1.32742e-04
2.12451e+01	1.28859e-04
2.13024e+01	1.25082e-04
2.13596e+01	1.21409e-04
2.14169e+01	1.17837e-04
2.14742e+01	1.14364e-04
2.15314e+01	1.10986e-04
2.15887e+01	1.07702e-04
2.16460e+01	1.04509e-04
2.17032e+01	1.01403e-04
2.17605e+01	9.83846e-05
2.18178e+01	9.54495e-05
2.18750e+01	9.25962e-05
2.19323e+01	8.98227e-05
2.19896e+01	8.71274e-05
2.20468e+01	8.45085e-05
2.21041e+01	8.19649e-05
2.21614e+01	7.94953e-05
2.22186e+01	7.70976e-05
2.22759e+01	7.47698e-05
2.23331e+01	7.25099e-05
2.23904e+01	7.03162e-05
2.24477e+01	6.81867e-05
2.25049e+01	6.61194e-05
2.25622e+01	6.41125e-05
2.26195e+01	6.21644e-05
2.26767e+01	6.02730e-05
2.27340e+01	5.84370e-05
2.27913e+01	5.66547e-05
2.28485e+01	5.49246e-05
2.29058e+01	5.32453e-05
2.29631e+01	5.16154e-05
2.30203e+01	5.00335e-05
2.30776e+01	4.84986e-05
2.31348e+01	4.70094e-05
2.31921e+01	4.55645e-05
2.32494e+01	4.41628e-05
2.33066e+01	4.28030e-05
2.33639e+01	4.14839e-05
2.34212e+01	4.02042e-05
2.34784e+01	3.89629e-05
2.35357e+01	3.77588e-05
2.35930e+01	3.65910e-05
2.36502e+01	3.54582e-05
2.37075e+01	3.43596e-05
2.37648e+01	3.32940e-05
2.38220e+01	3.22606e-05
2.38793e+01	3.12584e-05
2.39365e+01	3.02864e-05
2.39938e+01	2.93438e-05
2.40511e+01	2.84297e-05
2.41083e+01	2.75432e-05
2.41656e+01	2.66835e-05
2.42229e+01	2.58499e-05
2.42801e+01	2.50414e-05
2.43374e+01	2.42575e-05
2.43947e+01	2.34974e-05
2.44519e+01	2.27603e-05
2.45092e+01	2.20456e-05
2.45665e+01	2.13527e-05
2.46237e+01	2.06808e-05
2.46810e+01	2.00294e-05
2.47383e+01	1.93978e-05
2.47955e+01	1.87855e-05
2.48528e+01	1.81918e-05
2.49100e+01	1.76164e-05
2.49673e+01	1.70586e-05
2.50246e+01	1.65179e-05
2.50818e+01	1.59939e-05
2.51391e+01	1.54861e-05
2.51964e+01	1.49942e-05
2.52536e+01	1.45175e-05
2.53109e+01	1.40557e-05
2.53682e+01	1.36083e-05
2.54254e+01	1.31748e-05
2.54827e+01	1.27548e-05
2.55400e+01	1.23478e-05
2.55972e+01	1.19535e-05
2.56545e+01	1.15714e-05
2.57117e+01	1.12011e-05
2.57690e+01	1.08423e-05
2.58263e+01	1.04947e-05
2.58835e+01	1.01578e-05
2.59408e+01	9.83139e-06
2.59981e+01	9.51514e-06
2.60553e+01	9.20884e-06
2.61126e+01	8.91222e-06
2.61699e+01	8.62498e-06
2.62271e+01	8.34683e-06
2.62844e+01	8.07750e-06
2.63417e+01	7.81672e-06
2.63989e+01	7.56422e-06
2.64562e+01	7.31973e-06
2.65135e+01	7.08301e-06
2.65707e+01	6.85383e-06
2.66280e+01	6.63193e-06
2.66852e+01	6.41711e-06
2.67425e+01	6.20914e-06
2.67998e+01	6.00780e-06
2.68570e+01	5.81289e-06
2.69143e+01	5.62420e-06
2.69716e+01	5.44154e-06
2.70288e+01	5.26473e-06
2.70861e+01	5.09357e-06
2.71434e+01	4.92790e-06
2.72006e+01	4.76752e-06
2.72579e+01	4.61229e-06
2.73152e+01	4.46205e-06
2.73724e+01	4.31662e-06
2.74297e+01	4.17587e-06
2.74869e+01	4.03964e-06
2.75442e+01	3.90778e-06
2.76015e+01	3.78017e-06
2.76587e+01	3.65667e-06
2.77160e+01	3.53714e-06
2.77733e+01	3.42147e-06
2.78305e+01	3.30953e-06
2.78878e+01	3.20120e-06
2.79451e+01	3.09636e-06
2.80023e+01	2.99491e-06
2.80596e+01	2.89672e-06
2.81169e+01	2.80171e-06
2.81741e+01	2.70977e-06
2.82314e+01	2.62079e-06
2.82886e+01	2.53468e-06
2.83459e+01	2.45136e-06
2.84032e+01	2.37072e-06
2.84604e+01	2.29270e-06
2.85177e+01	2.21720e-06
2.85750e+01	2.14415e-06
2.86322e+01	2.07346e-06
2.86895e+01	2.00507e-06
2.87468e+01	1.93889e-06
2.88040e+01	1.87486e-06
2.88613e+01	1.81290e-06
2.89186e+01	1.75296e-06
2.89758e+01	1.69497e-06
2.90331e+01	1.63886e-06
2.90904e+01	1.58458e-06
2.91476e+01	1.53206e-06
2.92049e+01	1.48125e-06
2.92621e+01	1.43210e-06
2.93194e+01	1.38455e-06
2.93767e+01	1.33854e-06
2.94339e+01	1.29404e-06
2.94912e+01	1.25099e-06
2.95485e+01	1.20934e-06
2.96057e+01	1.16905e-06
2.96630e+01	1.13008e-06
2.97203e+01	1.09238e-06
2.97775e+01	1.05591e-06
2.98348e+01	1.02063e-06
2.98921e+01	9.86511e-07
2.99493e+01	9.53510e-07
3.00066e+01	9.21591e-07
3.00638e+01	8.90720e-07
3.01211e+01	8.60865e-07
3.01784e+01	8.31996e-07
3.02356e+01	8.04083e-07
3.02929e+01	7.77092e-07
3.03502e+01	7.50995e-07
3.04074e+01	7.25762e-07
3.04647e+01	7.01365e-07
3.05220e+01	6.77777e-07
3.05792e+01	6.54972e-07
3.06365e+01	6.32924e-07
3.06938e+01	6.11608e-07
3.07510e+01	5.91000e-07
3.08083e+01	5.71077e-07
3.08656e+01	5.51817e-07
3.09228e+01	5.33198e-07
3.09801e+01	5.15199e-07
3.10373e+01	4.97800e-07
3.10946e+01	4.80980e-07
3.11519e+01	4.64722e-07
3.12091e+01	4.49006e-07
3.12664e+01	4.33815e-07
3.13237e+01	4.19131e-07
3.13809e+01	4.04938e-07
3.14382e+01	3.91219e-07
3.14955e+01	3.77958e-07
3.15527e+01	3.65142e-07
3.16100e+01	3.52755e-07
3.16673e+01	3.40783e-07
3.17245e+01	3.29212e-07
3.17818e+01	3.18029e-07
3.18390e+01	3.07221e-07
3.18963e+01	2.96776e-07
3.19536e+01	2.86682e-07
3.20108e+01	2.76927e-07
3.20681e+01	2.67499e-07
3.21254e+01	2.58390e-07
3.21826e+01	2.49587e-07
3.22399e+01	2.41081e-07
3.22972e+01	2.32862e-07
3.23544e+01	2.24920e-07
3.24117e+01	2.17247e-07
3.24690e+01	2.09833e-07
3.25262e+01	2.02669e-07
3.25835e+01	1.95747e-07
3.26407e+01	1.89060e-07
3.26980e+01	1.82598e-07
3.27553e+01	1.76355e-07
3.28125e+01	1.70324e-07
3.28698e+01	1.64497e-07
3.29271e+01	1.58867e-07
3.29843e+01	1.53428e-07
3.30416e+01	1.48174e-07
3.30989e+01	1.43098e-07
3.31561e+01	1.38193e-07
3.32134e+01	1.33456e-07
3.32707e+01	1.28879e-07
3.33279e+01	1.24458e-07
3.33852e+01	1.20187e-07
3.34425e+01	1.16061e-07
3.34997e+01	1.12075e-07
3.35570e+01	1.08225e-07
3.36142e+01	1.04506e-07
3.36715e+01	1.00913e-07
3.37288e+01	9.74431e-08
3.37860e+01	9.40911e-08
3.38433e+01	9.08532e-08
3.39006e+01	8.77257e-08
3.39578e+01	8.47048e-08
3.40151e+01	8.17873e-08
3.40724e+01	7.89697e-08
3.41296e+01	7.62486e-08
3.41869e+01	7.36207e-08
3.42442e+01	7.10829e-08
3.43014e+01	6.86320e-08
3.43587e+01	6.62652e-08
3.44159e+01	6.39795e-08
3.44732e+01	6.17722e-08
3.45305e+01	5.96407e-08
3.45877e+01	5.75823e-08
3.46450e+01	5.55946e-08
3.47023e+01	5.36752e-08
3.47595e+01	5.18217e-08
3.48168e+01	5.00320e-08
3.48741e+01	4.83037e-08
3.49313e+01	4.66348e-08
3.49886e+01	4.50233e-08
3.50459e+01	4.34672e-08
3.51031e+01	4.19645e-08
3.51604e+01	4.05134e-08
3.52177e+01	3.91121e-08
3.52749e+01	3.77591e-08
3.53322e+01	3.64525e-08
3.53894e+01	3.51908e-08
3.54467e+01	3.39725e-08
3.55040e+01	3.27961e-08
3.55612e+01	3.16602e-08
3.56185e+01	3.05634e-08
3.56758e+01	2.95042e-08
3.57330e+01	2.84816e-08
3.57903e+01	2.74941e-08
3.58476e+01	2.65407e-08
3.59048e+01	2.56200e-08
3.59621e+01	2.47311e-08
3.60194e+01	2.38728e-08
3.60766e+01	2.30441e-08
3.61339e+01	2.22443e-08
3.61911e+01	2.14722e-08
3.62484e+01	2.07270e-08
3.63057e+01	2.00076e-08
3.63629e+01	1.93132e-08
3.64202e+01	1.86429e-08
3.64775e+01	1.79959e-08
3.65347e+01	1.73713e-08
3.65920e+01	1.67685e-08
3.66493e+01	1.61866e-08
3.67065e+01	1.56248e-08
3.67638e+01	1.50826e-08
3.68211e+01	1.45592e-08
3.68783e+01	1.40540e-08
3.69356e+01	1.35664e-08
3.69928e+01	1.30956e-08
3.70501e+01	1.26412e-08
3.71074e+01	1.22026e-08
3.71646e+01	1.17792e-08
3.72219e+01	1.13706e-08
3.72792e+01	1.09761e-08
3.73364e+01	1.05953e-08
3.73937e+01	1.02278e-08
3.74510e+01	9.87308e-09
3.75082e+01	9.53067e-09
3.75655e+01	9.20016e-09
3.76228e+01	8.88113e-09
3.76800e+01	8.57318e-09
3.77373e+01	8.27593e-09
3.77946e+01	7.98901e-09
3.78518e+01	7.71205e-09
3.79091e+01	7.44472e-09
3.79663e+01	7.18667e-09
3.80236e+01	6.93758e-09
3.80809e+01	6.69715e-09
3.81381e+01	6.46506e-09
3.81954e+01	6.24103e-09
3.82527e+01	6.02477e-09
3.83099e+01	5.81602e-09
3.83672e+01	5.61451e-09
3.84245e+01	5.42003e-09
3.84817e+01	5.23232e-09
3.85390e+01	5.05114e-09
3.85963e+01	4.87628e-09
3.86535e+01	4.70750e-09
3.87108e+01	4.54459e-09
3.87680e+01	4.38735e-09
3.88253e+01	4.23558e-09
3.88826e+01	4.08909e-09
3.89398e+01	3.94769e-09
3.89971e+01	3.81121e-09
3.90544e+01	3.67947e-09
3.91116e+01	3.55231e-09
3.91689e+01	3.42956e-09
3.92262e+01	3.31108e-09
3.92834e+01	3.19671e-09
3.93407e+01	3.08630e-09
3.93980e+01	2.97972e-09
3.94552e+01	2.87684e-09
3.95125e+01	2.77752e-09
3.95697e+01	2.68164e-09
3.96270e+01	2.58908e-09
3.96843e+01	2.49972e-09
3.97415e+01	2.41345e-09
3.97988e+01	2.33017e-09
3.98561e+01	2.24976e-09
3.99133e+01	2.17213e-09
3.99706e+01	2.09718e-09
4.00279e+01	2.02482e-09
4.00851e+01	1.95496e-09
4.01424e+01	1.88752e-09
4.01997e+01	1.82242e-09
4.02569e+01	1.75956e-09
4.03142e+01	1.69888e-09
4.03715e+01	1.64031e-09
4.04287e+01	1.58375e-09
4.04860e+01	1.52916e-09
4.05432e+01	1.47645e-09
4.06005e+01	1.42556e-09
4.06578e+01	1.37644e-09
4.07150e+01	1.32901e-09
4.07723e+01	1.28322e-09
4.08296e+01	1.23901e-09
4.08868e+01	1.19634e-09
4.09441e+01	1.15513e-09
4.10014e+01	1.11535e-09
4.10586e+01	1.07695e-09
4.11159e+01	1.03987e-09
4.11732e+01	1.00407e-09
4.12304e+01	9.69513e-10
4.12877e+01	9.36146e-10
4.13449e+01	9.03930e-10
4.14022e+01	8.72827e-10
4.14595e+01	8.42797e-10
4.15167e+01	8.13804e-10
4.15740e+01	7.85811e-10
4.16313e+01	7.58785e-10
4.16885e+01	7.32691e-10
4.17458e+01	7.07497e-10
4.18031e+01	6.83172e-10
4.18603e+01	6.59687e-10
4.19176e+01	6.37011e-10
4.19749e+01	6.15118e-10
4.20321e+01	5.93980e-10
4.20894e+01	5.73570e-10
4.21467e+01	5.53864e-10
4.22039e+01	5.34838e-10
4.22612e+01	5.16467e-10
4.23184e+01	4.98730e-10
4.23757e+01	4.81604e-10
4.24330e+01	4.65068e-10
4.24902e+01	4.49101e-10
4.25475e+01	4.33685e-10
4.26048e+01	4.18799e-10
4.26620e+01	4.04426e-10
4.27193e+01	3.90548e-10
4.27766e+01	3.77148e-10
4.28338e+01	3.64209e-10
4.28911e+01	3.51717e-10
4.29484e+01	3.39654e-10
4.30056e+01	3.28008e-10
4.30629e+01	3.16762e-10
4.31201e+01	3.05904e-10
4.31774e+01	2.95420e-10
4.32347e+01	2.85296e-10
4.32919e+01	2.75521e-10
4.33492e+01	2.66083e-10
4.34065e+01	2.56969e-10
4.34637e+01	2.48169e-10
4.35210e+01	2.39672e-10
4.35783e+01	2.31467e-10
4.36355e+01	2.23544e-10
4.36928e+01	2.15894e-10
4.37501e+01	2.08507e-10
4.38073e+01	2.01374e-10
4.38646e+01	1.94486e-10
4.39218e+01	1.87835e-10
4.39791e+01	1.81413e-10
4.40364e+01	1.75211e-10
4.40936e+01	1.69223e-10
4.41509e+01	1.63440e-10
4.42082e+01	1.57856e-10
4.42654e+01	1.52463e-10
4.43227e+01	1.47256e-10
4.43800e+01	1.42228e-10
4.44372e+01	1.37372e-10
4.44945e+01	1.32683e-10
4.45518e+01	1.28155e-10
4.46090e+01	1.23782e-10
4.46663e+01	1.19559e-10
4.47236e+01	1.15481e-10
4.47808e+01	1.11543e-10
4.48381e+01	1.07739e-10
4.48953e+01	1.04066e-10
4.49526e+01	1.00519e-10
4.50099e+01	9.70940e-11
4.50671e+01	9.37859e-11
4.51244e+01	9.05910e-11
4.51817e+01	8.75055e-11
4.52389e+01	8.45256e-11
4.52962e+01	8.16477e-11
4.53535e+01	7.88683e-11
4.54107e+01	7.61839e-11
4.54680e+01	7.35914e-11
4.55253e+01	7.10875e-11
4.55825e+01	6.86693e-11
4.56398e+01	6.63337e-11
4.56970e+01	6.40779e-11
4.57543e+01	6.18992e-11
4.58116e+01	5.97950e-11
4.58688e+01	5.77626e-11
4.59261e+01	5.57999e-11
4.59834e+01	5.39043e-11
4.60406e+01	5.20736e-11
4.60979e+01	5.03056e-11
4.61552e+01	4.85981e-11
4.62124e+01	4.69490e-11
4.62697e+01	4.53562e-11
4.63270e+01	4.38179e-11
4.63842e+01	4.23322e-11
4.64415e+01	4.08973e-11
4.64988e+01	3.95113e-11
4.65560e+01	3.81727e-11
4.66133e+01	3.68798e-11
4.66705e+01	3.56310e-11
4.67278e+01	3.44249e-11
4.67851e+01	3.32599e-11
4.68423e+01	3.21346e-11
4.68996e+01	3.10477e-11
4.69569e+01	2.99978e-11
4.70141e+01	2.89837e-11
4.70714e+01	2.80042e-11
4.71287e+01	2.70580e-11
4.71859e+01	2.61440e-11
4.72432e+01	2.52612e-11
4.73005e+01	2.44084e-11
4.73577e+01	2.35846e-11
4.74150e+01	2.27888e-11
4.74722e+01	2.20201e-11
4.75295e+01	2.12776e-11
4.75868e+01	2.05602e-11
4.76440e+01	1.98673e-11
4.77013e+01	1.91978e-11
4.77586e+01	1.85512e-11
4.78158e+01	1.79264e-11
4.78731e+01	1.73229e-11
4.79304e+01	1.67399e-11
4.79876e+01	1.61766e-11
4.80449e+01	1.56325e-11
4.81022e+01	1.51068e-11
4.81594e+01	1.45989e-11
4.82167e+01	1.41083e-11
4.82739e+01	1.36342e-11
4.83312e+01	1.31762e-11
4.83885e+01	1.27338e-11
4.84457e+01	1.23063e-11
4.85030e+01	1.18933e-11
4.85603e+01	1.14942e-11
4.86175e+01	1.11086e-11
4.86748e+01	1.07361e-11
4.87321e+01	1.03762e-11
4.87893e+01	1.00285e-11
4.88466e+01	9.69244e-12
4.89039e+01	9.36778e-12
4.89611e+01	9.05408e-12
4.90184e+01	8.75097e-12
4.90757e+01	8.45809e-12
4.91329e+01	8.17509e-12
4.91902e+01	7.90163e-12
4.92474e+01	7.63739e-12
4.93047e+01	7.38206e-12
4.93620e+01	7.13533e-12
4.94192e+01	6.89691e-12
4.94765e+01	6.66651e-12
4.95338e+01	6.44387e-12
4.95910e+01	6.22872e-12
4.96483e+01	6.02081e-12
4.97056e+01	5.81990e-12
4.97628e+01	5.62574e-12
4.98201e+01	5.43810e-12
4.98774e+01	5.25677e-12
4.99346e+01	5.08154e-12
4.99919e+01	4.91218e-12
5.00491e+01	4.74852e-12
5.01064e+01	4.59034e-12
5.01637e+01	4.43748e-12
5.02209e+01	4.28974e-12
5.02782e+01	4.14696e-12
5.03355e+01	4.00896e-12
5.03927e+01	3.87558e-12
5.04500e+01	3.74668e-12
5.05073e+01	3.62210e-12
5.05645e+01	3.50168e-12
5.06218e+01	3.38531e-12
5.06791e+01	3.27282e-12
5.07363e+01	3.16411e-12
5.07936e+01	3.05903e-12
5.08509e+01	2.95747e-12
5.09081e+01	2.85931e-12
5.09654e+01	2.76444e-12
5.10226e+01	2.67274e-12
5.10799e+01	2.58411e-12
5.11372e+01	2.49844e-12
5.11944e+01	2.41564e-12
5.12517e+01	2.33561e-12
5.13090e+01	2.25825e-12
5.13662e+01	2.18348e-12
5.14235e+01	2.11121e-12
5.14808e+01	2.04136e-12
5.15380e+01	1.97385e-12
5.15953e+01	1.90859e-12
5.16526e+01	1.84552e-12
5.17098e+01	1.78455e-12
5.17671e+01	1.72562e-12
5.18243e+01	1.66866e-12
5.18816e+01	1.61360e-12
5.19389e+01	1.56037e-12
5.19961e+01	1.50893e-12
5.20534e+01	1.45920e-12
5.21107e+01	1.41114e-12
5.21679e+01	1.36467e-12
5.22252e+01	1.31977e-12
5.22825e+01	1.27636e-12
5.23397e+01	1.23440e-12
5.23970e+01	1.19385e-12
5.24543e+01	1.15465e-12
5.25115e+01	1.11676e-12
5.25688e+01	1.08015e-12
5.26260e+01	1.04475e-12
5.26833e+01	1.01055e-12
5.27406e+01	9.77483e-13
5.27978e+01	9.45530e-13
5.28551e+01	9.14647e-13
5.29124e+01	8.84801e-13
5.29696e+01	8.55957e-13
5.30269e+01	8.28081e-13
5.30842e+01	8.01142e-13
5.31414e+01	7.75110e-13
5.31987e+01	7.49954e-13
5.32560e+01	7.25645e-13
5.33132e+01	7.02157e-13
5.33705e+01	6.79461e-13
5.34278e+01	6.57533e-13
5.34850e+01	6.36346e-13
5.35423e+01	6.15878e-13
5.35995e+01	5.96104e-13
5.36568e+01	5.77002e-13
5.37141e+01	5.58550e-13
5.37713e+01	5.40728e-13
5.38286e+01	5.23514e-13
5.38859e+01	5.06890e-13
5.39431e+01	4.90836e-13
5.40004e+01	4.75334e-13
5.40577e+01	4.60367e-13
5.41149e+01	4.45916e-13
5.41722e+01	4.31967e-13
5.42295e+01	4.18502e-13
5.42867e+01	4.05508e-13
5.43440e+01	3.92968e-13
5.44012e+01	3.80868e-13
5.44585e+01	3.69195e-13
5.45158e+01	3.57936e-13
5.45730e+01	3.47078e-13
5.46303e+01	3.36608e-13
5.46876e+01	3.26514e-13
5.47448e+01	3.16786e-13
5.48021e+01	3.07411e-13
5.48594e+01	2.98379e-13
5.49166e+01	2.89681e-13
5.49739e+01	2.81306e-13
5.50312e+01	2.73244e-13
5.50884e+01	2.65487e-13
5.51457e+01	2.58026e-13
5.52030e+01	2.50851e-13
5.52602e+01	2.43956e-13
5.53175e+01	2.37332e-13
5.53747e+01	2.30971e-13
5.54320e+01	2.24867e-13
5.54893e+01	2.19012e-13
5.55465e+01	2.13400e-13
5.56038e+01	2.08024e-13
5.56611e+01	2.02879e-13
5.57183e+01	1.97958e-13
5.57756e+01	1.93256e-13
5.58329e+01	1.88767e-13
5.58901e+01	1.84487e-13
5.59474e+01	1.80410e-13
5.60047e+01	1.76532e-13
5.60619e+01	1.72848e-13
5.61192e+01	1.69354e-13
5.61764e+01	1.66046e-13
5.62337e+01	1.62921e-13
5.62910e+01	1.59974e-13
5.63482e+01	1.57203e-13
5.64055e+01	1.54603e-13
5.64628e+01	1.52173e-13
5.65200e+01	1.49908e-13
5.65773e+01	1.47807e-13
5.66346e+01	1.45868e-13
5.66918e+01	1.44087e-13
5.67491e+01	1.42462e-13
5.68064e+01	1.40992e-13
5.68636e+01	1.39675e-13
5.69209e+01	1.38509e-13
5.69781e+01	1.37494e-13
5.70354e+01	1.36626e-13
5.70927e+01	1.35906e-13
5.71499e+01	1.35333e-13
5.72072e+01	1.34905e-13
5.72645e+01	1.34622e-13
