# The ell = 1 distribution, the first anisotropy.
# E_N [Td]	7.50000e+01
# col_1: Electron Energy [eV], col_2: f1 [eV^(-3/2)]
eV	f1
3.62224e-02	1.68802e-03
7.24448e-02	2.16529e-03
1.08667e-01	2.39906e-03
1.44890e-01	2.57357e-03
1.81112e-01	2.73212e-03
2.17334e-01	2.85062e-03
2.53557e-01	2.97039e-03
2.89779e-01	3.12668e-03
3.26002e-01	3.29733e-03
3.62224e-01	3.43037e-03
3.98446e-01	3.57849e-03
4.34669e-01	3.74572e-03
4.70891e-01	3.93166e-03
5.07114e-01	4.13388e-03
5.43336e-01	4.35196e-03
5.79559e-01	4.59713e-03
6.15781e-01	4.87474e-03
6.52003e-01	5.18379e-03
6.88226e-01	5.53674e-03
7.24448e-01	5.93670e-03
7.60671e-01	6.37516e-03
7.96893e-01	6.81800e-03
8.33115e-01	7.26469e-03
8.69338e-01	7.71597e-03
9.05560e-01	8.19135e-03
9.41783e-01	8.70106e-03
9.78005e-01	9.25084e-03
1.01423e+00	9.84542e-03
1.05045e+00	1.04487e-02
1.08667e+00	1.10746e-02
1.12289e+00	1.16773e-02
1.15912e+00	1.22504e-02
1.19534e+00	1.28121e-02
1.23156e+00	1.33623e-02
1.26778e+00	1.39237e-02
1.30401e+00	1.44721e-02
1.34023e+00	1.50409e-02
1.37645e+00	1.56398e-02
1.41267e+00	1.61696e-02
1.44890e+00	1.66486e-02
1.48512e+00	1.71214e-02
1.52134e+00	1.75760e-02
1.55756e+00	1.80229e-02
1.59379e+00	1.85410e-02
1.63001e+00	1.91160e-02
1.66623e+00	1.97149e-02
1.70245e+00	2.03292e-02
1.73868e+00	2.09448e-02
1.77490e+00	2.14395e-02
1.81112e+00	2.18087e-02
1.84734e+00	2.20861e-02
1.88357e+00	2.22625e-02
1.91979e+00	2.22773e-02
1.95601e+00	2.21270e-02
1.99223e+00	2.18417e-02
2.02845e+00	2.14286e-02
2.06468e+00	2.09915e-02
2.10090e+00	2.05502e-02
2.13712e+00	2.00552e-02
2.17334e+00	1.94914e-02
2.20957e+00	1.89140e-02
2.24579e+00	1.83442e-02
2.28201e+00	1.77954e-02
2.31823e+00	1.72643e-02
2.35446e+00	1.67338e-02
2.39068e+00	1.61980e-02
2.42690e+00	1.56832e-02
2.46312e+00	1.51386e-02
2.49935e+00	1.45591e-02
2.53557e+00	1.40149e-02
2.57179e+00	1.35265e-02
2.60801e+00	1.31057e-02
2.64424e+00	1.26868e-02
2.68046e+00	1.22711e-02
2.71668e+00	1.18595e-02
2.75290e+00	1.15094e-02
2.78913e+00	1.12043e-02
2.82535e+00	1.09108e-02
2.86157e+00	1.06036e-02
2.89779e+00	1.02714e-02
2.93402e+00	9.97899e-03
2.97024e+00	9.72820e-03
3.00646e+00	9.52302e-03
3.04268e+00	9.33016e-03
3.07890e+00	9.13717e-03
3.11513e+00	8.94813e-03
3.15135e+00	8.77614e-03
3.18757e+00	8.61907e-03
3.22379e+00	8.46802e-03
3.26002e+00	8.32258e-03
3.29624e+00	8.18492e-03
3.33246e+00	8.06127e-03
3.36868e+00	7.95120e-03
3.40491e+00	7.85239e-03
3.44113e+00	7.76155e-03
3.47735e+00	7.67527e-03
3.51357e+00	7.59443e-03
3.54980e+00	7.51792e-03
3.58602e+00	7.44373e-03
3.62224e+00	7.37212e-03
3.65846e+00	7.30358e-03
3.69469e+00	7.23821e-03
3.73091e+00	7.17622e-03
3.76713e+00	7.11865e-03
3.80335e+00	7.06592e-03
3.83958e+00	7.01804e-03
3.87580e+00	6.97463e-03
3.91202e+00	6.93302e-03
3.94824e+00	6.89292e-03
3.98446e+00	6.85444e-03
4.02069e+00	6.81724e-03
4.05691e+00	6.78052e-03
4.09313e+00	6.74376e-03
4.12935e+00	6.70691e-03
4.16558e+00	6.66995e-03
4.20180e+00	6.63285e-03
4.23802e+00	6.59558e-03
4.27424e+00	6.55811e-03
4.31047e+00	6.52027e-03
4.34669e+00	6.48204e-03
4.38291e+00	6.44346e-03
4.41913e+00	6.40460e-03
4.45536e+00	6.36564e-03
4.49158e+00	6.32665e-03
4.52780e+00	6.28765e-03
4.56402e+00	6.24887e-03
4.60025e+00	6.21067e-03
4.63647e+00	6.17307e-03
4.67269e+00	6.13643e-03
4.70891e+00	6.10079e-03
4.74514e+00	6.06615e-03
4.78136e+00	6.03250e-03
4.81758e+00	5.99982e-03
4.85380e+00	5.96825e-03
4.89003e+00	5.93795e-03
4.92625e+00	5.90892e-03
4.96247e+00	5.88074e-03
4.99869e+00	5.85322e-03
5.03491e+00	5.82631e-03
5.07114e+00	5.79988e-03
5.10736e+00	5.77387e-03
5.14358e+00	5.74810e-03
5.17980e+00	5.72234e-03
5.21603e+00	5.69662e-03
5.25225e+00	5.67092e-03
5.28847e+00	5.64526e-03
5.32469e+00	5.61964e-03
5.36092e+00	5.59407e-03
5.39714e+00	5.56854e-03
5.43336e+00	5.54306e-03
5.46958e+00	5.51764e-03
5.50581e+00	5.49227e-03
5.54203e+00	5.46697e-03
5.57825e+00	5.44173e-03
5.61447e+00	5.41656e-03
5.65070e+00	5.39146e-03
5.68692e+00	5.36643e-03
5.72314e+00	5.34148e-03
5.75936e+00	5.31662e-03
5.79559e+00	5.29184e-03
5.83181e+00	5.26715e-03
5.86803e+00	5.24255e-03
5.90425e+00	5.21805e-03
5.94048e+00	5.19364e-03
5.97670e+00	5.16933e-03
6.01292e+00	5.14512e-03
6.04914e+00	5.12101e-03
6.08536e+00	5.09701e-03
6.12159e+00	5.07312e-03
6.15781e+00	5.04933e-03
6.19403e+00	5.02566e-03
6.23025e+00	5.00210e-03
6.26648e+00	4.97865e-03
6.30270e+00	4.95532e-03
6.33892e+00	4.93210e-03
6.37514e+00	4.90900e-03
6.41137e+00	4.88602e-03
6.44759e+00	4.86316e-03
6.48381e+00	4.84042e-03
6.52003e+00	4.81781e-03
6.55626e+00	4.79532e-03
6.59248e+00	4.77296e-03
6.62870e+00	4.75072e-03
6.66492e+00	4.72861e-03
6.70115e+00	4.70664e-03
6.73737e+00	4.68479e-03
6.77359e+00	4.66306e-03
6.80981e+00	4.64143e-03
6.84604e+00	4.61992e-03
6.88226e+00	4.59851e-03
6.91848e+00	4.57723e-03
6.95470e+00	4.55603e-03
6.99092e+00	4.53495e-03
7.02715e+00	4.51398e-03
7.06337e+00	4.49317e-03
7.09959e+00	4.47244e-03
7.13581e+00	4.45186e-03
7.17204e+00	4.43140e-03
7.20826e+00	4.41107e-03
7.24448e+00	4.39087e-03
7.28070e+00	4.37082e-03
7.31693e+00	4.35092e-03
7.35315e+00	4.33117e-03
7.38937e+00	4.31154e-03
7.42559e+00	4.29197e-03
7.46182e+00	4.27246e-03
7.49804e+00	4.25302e-03
7.53426e+00	4.23364e-03
7.57048e+00	4.21432e-03
7.60671e+00	4.19505e-03
7.64293e+00	4.17584e-03
7.67915e+00	4.15668e-03
7.71537e+00	4.13758e-03
7.75160e+00	4.11853e-03
7.78782e+00	4.09946e-03
7.82404e+00	4.08029e-03
7.86026e+00	4.06098e-03
7.89649e+00	4.04150e-03
7.93271e+00	4.02187e-03
7.96893e+00	4.00208e-03
8.00515e+00	3.98214e-03
8.04137e+00	3.96203e-03
8.07760e+00	3.94171e-03
8.11382e+00	3.92120e-03
8.15004e+00	3.90051e-03
8.18626e+00	3.87963e-03
8.22249e+00	3.85858e-03
8.25871e+00	3.83729e-03
8.29493e+00	3.81572e-03
8.33115e+00	3.79385e-03
8.36738e+00	3.77164e-03
8.40360e+00	3.74910e-03
8.43982e+00	3.72624e-03
8.47604e+00	3.70302e-03
8.51227e+00	3.67928e-03
8.54849e+00	3.65518e-03
8.58471e+00	3.63080e-03
8.62093e+00	3.60619e-03
8.65716e+00	3.58136e-03
8.69338e+00	3.55631e-03
8.72960e+00	3.53106e-03
8.76582e+00	3.50561e-03
8.80205e+00	3.47997e-03
8.83827e+00	3.45414e-03
8.87449e+00	3.42813e-03
8.91071e+00	3.40196e-03
8.94693e+00	3.37562e-03
8.98316e+00	3.34912e-03
9.01938e+00	3.32254e-03
9.05560e+00	3.29597e-03
9.09182e+00	3.26949e-03
9.12805e+00	3.24310e-03
9.16427e+00	3.21679e-03
9.20049e+00	3.19058e-03
9.23671e+00	3.16446e-03
9.27294e+00	3.13844e-03
9.30916e+00	3.11252e-03
9.34538e+00	3.08670e-03
9.38160e+00	3.06098e-03
9.41783e+00	3.03537e-03
9.45405e+00	3.00986e-03
9.49027e+00	2.98447e-03
9.52649e+00	2.95919e-03
9.56272e+00	2.93403e-03
9.59894e+00	2.90897e-03
9.63516e+00	2.88402e-03
9.67138e+00	2.85915e-03
9.70761e+00	2.83437e-03
9.74383e+00	2.80966e-03
9.78005e+00	2.78504e-03
9.81627e+00	2.76050e-03
9.85250e+00	2.73604e-03
9.88872e+00	2.71168e-03
9.92494e+00	2.68741e-03
9.96116e+00	2.66323e-03
9.99738e+00	2.63919e-03
1.00336e+01	2.61527e-03
1.00698e+01	2.59156e-03
1.01061e+01	2.56808e-03
1.01423e+01	2.54485e-03
1.01785e+01	2.52185e-03
1.02147e+01	2.49907e-03
1.02509e+01	2.47653e-03
1.02872e+01	2.45420e-03
1.03234e+01	2.43209e-03
1.03596e+01	2.41021e-03
1.03958e+01	2.38854e-03
1.04321e+01	2.36709e-03
1.04683e+01	2.34585e-03
1.05045e+01	2.32483e-03
1.05407e+01	2.30401e-03
1.05769e+01	2.28342e-03
1.06132e+01	2.26301e-03
1.06494e+01	2.24276e-03
1.06856e+01	2.22273e-03
1.07218e+01	2.20291e-03
1.07581e+01	2.18328e-03
1.07943e+01	2.16385e-03
1.08305e+01	2.14463e-03
1.08667e+01	2.12559e-03
1.09029e+01	2.10676e-03
1.09392e+01	2.08812e-03
1.09754e+01	2.06968e-03
1.10116e+01	2.05143e-03
1.10478e+01	2.03338e-03
1.10841e+01	2.01552e-03
1.11203e+01	1.99787e-03
1.11565e+01	1.98041e-03
1.11927e+01	1.96314e-03
1.12289e+01	1.94604e-03
1.12652e+01	1.92910e-03
1.13014e+01	1.91232e-03
1.13376e+01	1.89569e-03
1.13738e+01	1.87922e-03
1.14101e+01	1.86290e-03
1.14463e+01	1.84674e-03
1.14825e+01	1.83073e-03
1.15187e+01	1.81488e-03
1.15549e+01	1.79918e-03
1.15912e+01	1.78325e-03
1.16274e+01	1.76691e-03
1.16636e+01	1.74954e-03
1.16998e+01	1.73179e-03
1.17361e+01	1.71459e-03
1.17723e+01	1.69755e-03
1.18085e+01	1.68036e-03
1.18447e+01	1.66285e-03
1.18810e+01	1.64388e-03
1.19172e+01	1.62519e-03
1.19534e+01	1.60668e-03
1.19896e+01	1.58866e-03
1.20258e+01	1.57097e-03
1.20621e+01	1.55347e-03
1.20983e+01	1.53611e-03
1.21345e+01	1.51888e-03
1.21707e+01	1.50171e-03
1.22070e+01	1.48461e-03
1.22432e+01	1.46751e-03
1.22794e+01	1.45039e-03
1.23156e+01	1.43325e-03
1.23518e+01	1.41617e-03
1.23881e+01	1.39915e-03
1.24243e+01	1.38219e-03
1.24605e+01	1.36524e-03
1.24967e+01	1.34832e-03
1.25330e+01	1.33140e-03
1.25692e+01	1.31448e-03
1.26054e+01	1.29754e-03
1.26416e+01	1.28067e-03
1.26778e+01	1.26389e-03
1.27141e+01	1.24721e-03
1.27503e+01	1.23070e-03
1.27865e+01	1.21437e-03
1.28227e+01	1.19824e-03
1.28590e+01	1.18243e-03
1.28952e+01	1.16708e-03
1.29314e+01	1.15181e-03
1.29676e+01	1.13701e-03
1.30038e+01	1.12244e-03
1.30401e+01	1.10647e-03
1.30763e+01	1.08980e-03
1.31125e+01	1.07501e-03
1.31487e+01	1.06150e-03
1.31850e+01	1.04787e-03
1.32212e+01	1.03383e-03
1.32574e+01	1.02067e-03
1.32936e+01	1.00803e-03
1.33298e+01	9.95788e-04
1.33661e+01	9.83792e-04
1.34023e+01	9.71865e-04
1.34385e+01	9.59915e-04
1.34747e+01	9.47798e-04
1.35110e+01	9.35728e-04
1.35472e+01	9.23754e-04
1.35834e+01	9.11818e-04
1.36196e+01	8.99922e-04
1.36558e+01	8.88083e-04
1.36921e+01	8.76302e-04
1.37283e+01	8.64580e-04
1.37645e+01	8.52920e-04
1.38007e+01	8.41323e-04
1.38370e+01	8.29782e-04
1.38732e+01	8.18294e-04
1.39094e+01	8.06828e-04
1.39456e+01	7.95371e-04
1.39818e+01	7.83926e-04
1.40181e+01	7.72491e-04
1.40543e+01	7.61072e-04
1.40905e+01	7.49684e-04
1.41267e+01	7.38323e-04
1.41630e+01	7.26995e-04
1.41992e+01	7.15706e-04
1.42354e+01	7.04453e-04
1.42716e+01	6.93222e-04
1.43079e+01	6.82013e-04
1.43441e+01	6.70833e-04
1.43803e+01	6.59689e-04
1.44165e+01	6.48586e-04
1.44527e+01	6.37531e-04
1.44890e+01	6.26529e-04
1.45252e+01	6.15588e-04
1.45614e+01	6.04715e-04
1.45976e+01	5.93913e-04
1.46339e+01	5.83187e-04
1.46701e+01	5.72543e-04
1.47063e+01	5.61983e-04
1.47425e+01	5.51511e-04
1.47787e+01	5.41131e-04
1.48150e+01	5.30845e-04
1.48512e+01	5.20656e-04
1.48874e+01	5.10567e-04
1.49236e+01	5.00581e-04
1.49599e+01	4.90701e-04
1.49961e+01	4.80930e-04
1.50323e+01	4.71285e-04
1.50685e+01	4.61782e-04
1.51047e+01	4.52424e-04
1.51410e+01	4.43212e-04
1.51772e+01	4.34144e-04
1.52134e+01	4.25220e-04
1.52496e+01	4.16441e-04
1.52859e+01	4.07804e-04
1.53221e+01	3.99310e-04
1.53583e+01	3.90957e-04
1.53945e+01	3.82744e-04
1.54307e+01	3.74672e-04
1.54670e+01	3.66738e-04
1.55032e+01	3.58943e-04
1.55394e+01	3.51284e-04
1.55756e+01	3.43762e-04
1.56119e+01	3.36373e-04
1.56481e+01	3.29116e-04
1.56843e+01	3.21990e-04
1.57205e+01	3.14994e-04
1.57567e+01	3.08126e-04
1.57930e+01	3.01368e-04
1.58292e+01	2.94695e-04
1.58654e+01	2.88109e-04
1.59016e+01	2.81610e-04
1.59379e+01	2.75201e-04
1.59741e+01	2.68882e-04
1.60103e+01	2.62656e-04
1.60465e+01	2.56530e-04
1.60827e+01	2.50508e-04
1.61190e+01	2.44590e-04
1.61552e+01	2.38776e-04
1.61914e+01	2.33065e-04
1.62276e+01	2.27457e-04
1.62639e+01	2.21951e-04
1.63001e+01	2.16548e-04
1.63363e+01	2.11245e-04
1.63725e+01	2.06043e-04
1.64088e+01	2.00940e-04
1.64450e+01	1.95936e-04
1.64812e+01	1.91030e-04
1.65174e+01	1.86220e-04
1.65536e+01	1.81505e-04
1.65899e+01	1.76884e-04
1.66261e+01	1.72354e-04
1.66623e+01	1.67916e-04
1.66985e+01	1.63569e-04
1.67348e+01	1.59311e-04
1.67710e+01	1.55142e-04
1.68072e+01	1.51060e-04
1.68434e+01	1.47065e-04
1.68796e+01	1.43156e-04
1.69159e+01	1.39331e-04
1.69521e+01	1.35589e-04
1.69883e+01	1.31929e-04
1.70245e+01	1.28351e-04
1.70608e+01	1.24855e-04
1.70970e+01	1.21439e-04
1.71332e+01	1.18102e-04
1.71694e+01	1.14844e-04
1.72056e+01	1.11662e-04
1.72419e+01	1.08557e-04
1.72781e+01	1.05525e-04
1.73143e+01	1.02567e-04
1.73505e+01	9.96798e-05
1.73868e+01	9.68633e-05
1.74230e+01	9.41159e-05
1.74592e+01	9.14360e-05
1.74954e+01	8.88223e-05
1.75316e+01	8.62734e-05
1.75679e+01	8.37877e-05
1.76041e+01	8.13639e-05
1.76403e+01	7.90006e-05
1.76765e+01	7.66967e-05
1.77128e+01	7.44510e-05
1.77490e+01	7.22624e-05
1.77852e+01	7.01297e-05
1.78214e+01	6.80517e-05
1.78576e+01	6.60274e-05
1.78939e+01	6.40557e-05
1.79301e+01	6.21356e-05
1.79663e+01	6.02660e-05
1.80025e+01	5.84460e-05
1.80388e+01	5.66752e-05
1.80750e+01	5.49526e-05
1.81112e+01	5.32773e-05
1.81474e+01	5.16483e-05
1.81836e+01	5.00645e-05
1.82199e+01	4.85247e-05
1.82561e+01	4.70277e-05
1.82923e+01	4.55727e-05
1.83285e+01	4.41586e-05
1.83648e+01	4.27844e-05
1.84010e+01	4.14492e-05
1.84372e+01	4.01519e-05
1.84734e+01	3.88917e-05
1.85097e+01	3.76676e-05
1.85459e+01	3.64786e-05
1.85821e+01	3.53239e-05
1.86183e+01	3.42024e-05
1.86545e+01	3.31134e-05
1.86908e+01	3.20561e-05
1.87270e+01	3.10296e-05
1.87632e+01	3.00331e-05
1.87994e+01	2.90658e-05
1.88357e+01	2.81271e-05
1.88719e+01	2.72162e-05
1.89081e+01	2.63323e-05
1.89443e+01	2.54747e-05
1.89805e+01	2.46428e-05
1.90168e+01	2.38359e-05
1.90530e+01	2.30536e-05
1.90892e+01	2.22954e-05
1.91254e+01	2.15604e-05
1.91617e+01	2.08482e-05
1.91979e+01	2.01580e-05
1.92341e+01	1.94891e-05
1.92703e+01	1.88411e-05
1.93065e+01	1.82133e-05
1.93428e+01	1.76050e-05
1.93790e+01	1.70158e-05
1.94152e+01	1.64451e-05
1.94514e+01	1.58924e-05
1.94877e+01	1.53571e-05
1.95239e+01	1.48387e-05
1.95601e+01	1.43367e-05
1.95963e+01	1.38507e-05
1.96325e+01	1.33801e-05
1.96688e+01	1.29246e-05
1.97050e+01	1.24835e-05
1.97412e+01	1.20566e-05
1.97774e+01	1.16434e-05
1.98137e+01	1.12435e-05
1.98499e+01	1.08565e-05
1.98861e+01	1.04819e-05
1.99223e+01	1.01195e-05
1.99585e+01	9.76883e-06
1.99948e+01	9.42955e-06
2.00310e+01	9.10136e-06
2.00672e+01	8.78393e-06
2.01034e+01	8.47694e-06
2.01397e+01	8.18007e-06
2.01759e+01	7.89303e-06
2.02121e+01	7.61554e-06
2.02483e+01	7.34730e-06
2.02845e+01	7.08804e-06
2.03208e+01	6.83747e-06
2.03570e+01	6.59531e-06
2.03932e+01	6.36129e-06
2.04294e+01	6.13516e-06
2.04657e+01	5.91667e-06
2.05019e+01	5.70557e-06
2.05381e+01	5.50169e-06
2.05743e+01	5.30481e-06
2.06106e+01	5.11469e-06
2.06468e+01	4.93113e-06
2.06830e+01	4.75391e-06
2.07192e+01	4.58281e-06
2.07554e+01	4.41763e-06
2.07917e+01	4.25819e-06
2.08279e+01	4.10428e-06
2.08641e+01	3.95573e-06
2.09003e+01	3.81236e-06
2.09366e+01	3.67399e-06
2.09728e+01	3.54046e-06
2.10090e+01	3.41161e-06
2.10452e+01	3.28730e-06
2.10814e+01	3.16736e-06
2.11177e+01	3.05167e-06
2.11539e+01	2.94007e-06
2.11901e+01	2.83242e-06
2.12263e+01	2.72859e-06
2.12626e+01	2.62845e-06
2.12988e+01	2.53188e-06
2.13350e+01	2.43874e-06
2.13712e+01	2.34893e-06
2.14074e+01	2.26233e-06
2.14437e+01	2.17882e-06
2.14799e+01	2.09830e-06
2.15161e+01	2.02066e-06
2.15523e+01	1.94581e-06
2.15886e+01	1.87363e-06
2.16248e+01	1.80405e-06
2.16610e+01	1.73697e-06
2.16972e+01	1.67230e-06
2.17334e+01	1.60995e-06
2.17697e+01	1.54986e-06
2.18059e+01	1.49193e-06
2.18421e+01	1.43610e-06
2.18783e+01	1.38228e-06
2.19146e+01	1.33042e-06
2.19508e+01	1.28044e-06
2.19870e+01	1.23228e-06
2.20232e+01	1.18589e-06
2.20594e+01	1.14119e-06
2.20957e+01	1.09815e-06
2.21319e+01	1.05671e-06
2.21681e+01	1.01680e-06
2.22043e+01	9.78368e-07
2.22406e+01	9.41368e-07
2.22768e+01	9.05744e-07
2.23130e+01	8.71446e-07
2.23492e+01	8.38426e-07
2.23854e+01	8.06636e-07
2.24217e+01	7.76032e-07
2.24579e+01	7.46570e-07
2.24941e+01	7.18208e-07
2.25303e+01	6.90903e-07
2.25666e+01	6.64619e-07
2.26028e+01	6.39315e-07
2.26390e+01	6.14957e-07
2.26752e+01	5.91508e-07
2.27115e+01	5.68935e-07
2.27477e+01	5.47207e-07
2.27839e+01	5.26293e-07
2.28201e+01	5.06163e-07
2.28563e+01	4.86788e-07
2.28926e+01	4.68140e-07
2.29288e+01	4.50193e-07
2.29650e+01	4.32920e-07
2.30012e+01	4.16298e-07
2.30375e+01	4.00304e-07
2.30737e+01	3.84915e-07
2.31099e+01	3.70109e-07
2.31461e+01	3.55864e-07
2.31823e+01	3.42159e-07
2.32186e+01	3.28975e-07
2.32548e+01	3.16292e-07
2.32910e+01	3.04090e-07
2.33272e+01	2.92353e-07
2.33635e+01	2.81063e-07
2.33997e+01	2.70202e-07
2.34359e+01	2.59756e-07
2.34721e+01	2.49707e-07
2.35083e+01	2.40043e-07
2.35446e+01	2.30747e-07
2.35808e+01	2.21806e-07
2.36170e+01	2.13208e-07
2.36532e+01	2.04938e-07
2.36895e+01	1.96985e-07
2.37257e+01	1.89337e-07
2.37619e+01	1.81981e-07
2.37981e+01	1.74908e-07
2.38343e+01	1.68106e-07
2.38706e+01	1.61565e-07
2.39068e+01	1.55275e-07
2.39430e+01	1.49227e-07
2.39792e+01	1.43412e-07
2.40155e+01	1.37820e-07
2.40517e+01	1.32443e-07
2.40879e+01	1.27273e-07
2.41241e+01	1.22303e-07
2.41603e+01	1.17523e-07
2.41966e+01	1.12928e-07
2.42328e+01	1.08510e-07
2.42690e+01	1.04262e-07
2.43052e+01	1.00178e-07
2.43415e+01	9.62521e-08
2.43777e+01	9.24776e-08
2.44139e+01	8.88490e-08
2.44501e+01	8.53607e-08
2.44863e+01	8.20074e-08
2.45226e+01	7.87839e-08
2.45588e+01	7.56853e-08
2.45950e+01	7.27067e-08
2.46312e+01	6.98435e-08
2.46675e+01	6.70913e-08
2.47037e+01	6.44459e-08
2.47399e+01	6.19032e-08
2.47761e+01	5.94591e-08
2.48123e+01	5.71101e-08
2.48486e+01	5.48524e-08
2.48848e+01	5.26825e-08
2.49210e+01	5.05971e-08
2.49572e+01	4.85932e-08
2.49935e+01	4.66674e-08
2.50297e+01	4.48168e-08
2.50659e+01	4.30385e-08
2.51021e+01	4.13300e-08
2.51384e+01	3.96886e-08
2.51746e+01	3.81117e-08
2.52108e+01	3.65968e-08
2.52470e+01	3.51414e-08
2.52832e+01	3.37434e-08
2.53195e+01	3.24003e-08
2.53557e+01	3.11102e-08
2.53919e+01	2.98709e-08
2.54281e+01	2.86805e-08
2.54644e+01	2.75369e-08
2.55006e+01	2.64383e-08
2.55368e+01	2.53829e-08
2.55730e+01	2.43692e-08
2.56092e+01	2.33953e-08
2.56455e+01	2.24599e-08
2.56817e+01	2.15612e-08
2.57179e+01	2.06979e-08
2.57541e+01	1.98686e-08
2.57904e+01	1.90720e-08
2.58266e+01	1.83069e-08
2.58628e+01	1.75719e-08
2.58990e+01	1.68660e-08
2.59352e+01	1.61879e-08
2.59715e+01	1.55367e-08
2.60077e+01	1.49112e-08
2.60439e+01	1.43107e-08
2.60801e+01	1.37342e-08
2.61164e+01	1.31806e-08
2.61526e+01	1.26492e-08
2.61888e+01	1.21389e-08
2.62250e+01	1.16491e-08
2.62612e+01	1.11789e-08
2.62975e+01	1.07274e-08
2.63337e+01	1.02941e-08
2.63699e+01	9.87804e-09
2.64061e+01	9.47870e-09
2.64424e+01	9.09535e-09
2.64786e+01	8.72737e-09
2.65148e+01	8.37415e-09
2.65510e+01	8.03510e-09
2.65872e+01	7.70966e-09
2.66235e+01	7.39728e-09
2.66597e+01	7.09746e-09
2.66959e+01	6.80969e-09
2.67321e+01	6.53349e-09
2.67684e+01	6.26840e-09
2.68046e+01	6.01398e-09
2.68408e+01	5.76981e-09
2.68770e+01	5.53546e-09
2.69132e+01	5.31056e-09
2.69495e+01	5.09472e-09
2.69857e+01	4.88758e-09
2.70219e+01	4.68880e-09
2.70581e+01	4.49804e-09
2.70944e+01	4.31498e-09
2.71306e+01	4.13930e-09
2.71668e+01	3.97073e-09
2.72030e+01	3.80896e-09
2.72393e+01	3.65373e-09
2.72755e+01	3.50479e-09
2.73117e+01	3.36186e-09
2.73479e+01	3.22473e-09
2.73841e+01	3.09314e-09
2.74204e+01	2.96689e-09
2.74566e+01	2.84575e-09
2.74928e+01	2.72952e-09
2.75290e+01	2.61800e-09
2.75653e+01	2.51100e-09
2.76015e+01	2.40834e-09
2.76377e+01	2.30985e-09
2.76739e+01	2.21536e-09
2.77101e+01	2.12471e-09
2.77464e+01	2.03774e-09
2.77826e+01	1.95431e-09
2.78188e+01	1.87426e-09
2.78550e+01	1.79748e-09
2.78913e+01	1.72382e-09
2.79275e+01	1.65315e-09
2.79637e+01	1.58536e-09
2.79999e+01	1.52033e-09
2.80361e+01	1.45795e-09
2.80724e+01	1.39811e-09
2.81086e+01	1.34070e-09
2.81448e+01	1.28564e-09
2.81810e+01	1.23282e-09
2.82173e+01	1.18215e-09
2.82535e+01	1.13354e-09
2.82897e+01	1.08692e-09
2.83259e+01	1.04221e-09
2.83621e+01	9.99312e-10
2.83984e+01	9.58170e-10
2.84346e+01	9.18709e-10
2.84708e+01	8.80860e-10
2.85070e+01	8.44558e-10
2.85433e+01	8.09740e-10
2.85795e+01	7.76347e-10
2.86157e+01	7.44320e-10
2.86519e+01	7.13604e-10
2.86881e+01	6.84146e-10
2.87244e+01	6.55894e-10
2.87606e+01	6.28800e-10
2.87968e+01	6.02817e-10
2.88330e+01	5.77899e-10
2.88693e+01	5.54003e-10
2.89055e+01	5.31088e-10
2.89417e+01	5.09113e-10
2.89779e+01	4.88040e-10
2.90141e+01	4.67833e-10
2.90504e+01	4.48456e-10
2.90866e+01	4.29875e-10
2.91228e+01	4.12059e-10
2.91590e+01	3.94974e-10
2.91953e+01	3.78593e-10
2.92315e+01	3.62885e-10
2.92677e+01	3.47824e-10
2.93039e+01	3.33383e-10
2.93402e+01	3.19537e-10
2.93764e+01	3.06261e-10
2.94126e+01	2.93532e-10
2.94488e+01	2.81327e-10
2.94850e+01	2.69626e-10
2.95213e+01	2.58407e-10
2.95575e+01	2.47650e-10
2.95937e+01	2.37338e-10
2.96299e+01	2.27451e-10
2.96662e+01	2.17972e-10
2.97024e+01	2.08884e-10
2.97386e+01	2.00172e-10
2.97748e+01	1.91820e-10
2.98110e+01	1.83812e-10
2.98473e+01	1.76137e-10
2.98835e+01	1.68778e-10
2.99197e+01	1.61725e-10
2.99559e+01	1.54963e-10
2.99922e+01	1.48481e-10
3.00284e+01	1.42268e-10
3.00646e+01	1.36312e-10
3.01008e+01	1.30603e-10
3.01370e+01	1.25132e-10
3.01733e+01	1.19888e-10
3.02095e+01	1.14862e-10
3.02457e+01	1.10046e-10
3.02819e+01	1.05430e-10
3.03182e+01	1.01006e-10
3.03544e+01	9.67662e-11
3.03906e+01	9.27033e-11
3.04268e+01	8.88097e-11
3.04630e+01	8.50785e-11
3.04993e+01	8.15029e-11
3.05355e+01	7.80766e-11
3.05717e+01	7.47933e-11
3.06079e+01	7.16471e-11
3.06442e+01	6.86323e-11
3.06804e+01	6.57434e-11
3.07166e+01	6.29753e-11
3.07528e+01	6.03230e-11
3.07890e+01	5.77815e-11
3.08253e+01	5.53464e-11
3.08615e+01	5.30132e-11
3.08977e+01	5.07777e-11
3.09339e+01	4.86358e-11
3.09702e+01	4.65837e-11
3.10064e+01	4.46175e-11
3.10426e+01	4.27338e-11
3.10788e+01	4.09291e-11
3.11150e+01	3.92001e-11
3.11513e+01	3.75436e-11
3.11875e+01	3.59567e-11
3.12237e+01	3.44364e-11
3.12599e+01	3.29800e-11
3.12962e+01	3.15847e-11
3.13324e+01	3.02480e-11
3.13686e+01	2.89676e-11
3.14048e+01	2.77410e-11
3.14411e+01	2.65660e-11
3.14773e+01	2.54404e-11
3.15135e+01	2.43622e-11
3.15497e+01	2.33294e-11
3.15859e+01	2.23401e-11
3.16222e+01	2.13925e-11
3.16584e+01	2.04848e-11
3.16946e+01	1.96154e-11
3.17308e+01	1.87826e-11
3.17671e+01	1.79850e-11
3.18033e+01	1.72211e-11
3.18395e+01	1.64894e-11
3.18757e+01	1.57885e-11
3.19119e+01	1.51173e-11
3.19482e+01	1.44744e-11
3.19844e+01	1.38587e-11
3.20206e+01	1.32691e-11
3.20568e+01	1.27043e-11
3.20931e+01	1.21635e-11
3.21293e+01	1.16456e-11
3.21655e+01	1.11496e-11
3.22017e+01	1.06746e-11
3.22379e+01	1.02197e-11
3.22742e+01	9.78416e-12
3.23104e+01	9.36707e-12
3.23466e+01	8.96766e-12
3.23828e+01	8.58520e-12
3.24191e+01	8.21897e-12
3.24553e+01	7.86829e-12
3.24915e+01	7.53250e-12
3.25277e+01	7.21096e-12
3.25639e+01	6.90309e-12
3.26002e+01	6.60831e-12
3.26364e+01	6.32605e-12
3.26726e+01	6.05579e-12
3.27088e+01	5.79703e-12
3.27451e+01	5.54927e-12
3.27813e+01	5.31206e-12
3.28175e+01	5.08495e-12
3.28537e+01	4.86750e-12
3.28899e+01	4.65932e-12
3.29262e+01	4.46000e-12
3.29624e+01	4.26918e-12
3.29986e+01	4.08650e-12
3.30348e+01	3.91160e-12
3.30711e+01	3.74416e-12
3.31073e+01	3.58387e-12
3.31435e+01	3.43042e-12
3.31797e+01	3.28351e-12
3.32159e+01	3.14289e-12
3.32522e+01	3.00827e-12
3.32884e+01	2.87940e-12
3.33246e+01	2.75604e-12
3.33608e+01	2.63795e-12
3.33971e+01	2.52492e-12
3.34333e+01	2.41673e-12
3.34695e+01	2.31316e-12
3.35057e+01	2.21404e-12
3.35420e+01	2.11916e-12
3.35782e+01	2.02834e-12
3.36144e+01	1.94143e-12
3.36506e+01	1.85824e-12
3.36868e+01	1.77862e-12
3.37231e+01	1.70242e-12
3.37593e+01	1.62950e-12
3.37955e+01	1.55972e-12
3.38317e+01	1.49293e-12
3.38680e+01	1.42902e-12
3.39042e+01	1.36787e-12
3.39404e+01	1.30935e-12
3.39766e+01	1.25336e-12
3.40128e+01	1.19979e-12
3.40491e+01	1.14855e-12
3.40853e+01	1.09952e-12
3.41215e+01	1.05262e-12
3.41577e+01	1.00776e-12
3.41940e+01	9.64851e-13
3.42302e+01	9.23809e-13
3.42664e+01	8.84556e-13
3.43026e+01	8.47018e-13
3.43388e+01	8.11120e-13
3.43751e+01	7.76796e-13
3.44113e+01	7.43977e-13
3.44475e+01	7.12602e-13
3.44837e+01	6.82609e-13
3.45200e+01	6.53941e-13
3.45562e+01	6.26543e-13
3.45924e+01	6.00361e-13
3.46286e+01	5.75346e-13
3.46648e+01	5.51449e-13
3.47011e+01	5.28623e-13
3.47373e+01	5.06825e-13
3.47735e+01	4.86013e-13
3.48097e+01	4.66145e-13
3.48460e+01	4.47185e-13
3.48822e+01	4.29094e-13
3.49184e+01	4.11839e-13
3.49546e+01	3.95384e-13
3.49908e+01	3.79699e-13
3.50271e+01	3.64753e-13
3.50633e+01	3.50518e-13
3.50995e+01	3.36964e-13
3.51357e+01	3.24066e-13
3.51720e+01	3.11800e-13
3.52082e+01	3.00141e-13
3.52444e+01	2.89066e-13
3.52806e+01	2.78555e-13
3.53168e+01	2.68587e-13
3.53531e+01	2.59142e-13
3.53893e+01	2.50202e-13
3.54255e+01	2.41750e-13
3.54617e+01	2.33770e-13
3.54980e+01	2.26245e-13
3.55342e+01	2.19162e-13
3.55704e+01	2.12506e-13
3.56066e+01	2.06265e-13
3.56429e+01	2.00426e-13
3.56791e+01	1.94978e-13
3.57153e+01	1.89911e-13
3.57515e+01	1.85214e-13
3.57877e+01	1.80879e-13
3.58240e+01	1.76897e-13
3.58602e+01	1.73260e-13
3.58964e+01	1.69961e-13
3.59326e+01	1.66993e-13
3.59689e+01	1.64352e-13
3.60051e+01	1.62031e-13
3.60413e+01	1.60027e-13
3.60775e+01	1.58335e-13
3.61137e+01	1.56953e-13
3.61500e+01	1.55877e-13
3.61862e+01	1.55105e-13
3.62224e+01	1.54634e-13
