# The ell = 1 distribution, the first anisotropy.
# E_N [Td]	5.00000e+00
# col_1: Electron Energy [eV], col_2: f1 [eV^(-3/2)]
eV	f1
1.16733e-02	8.63809e-05
2.33467e-02	1.32949e-04
3.50200e-02	1.79401e-04
4.66933e-02	2.14452e-04
5.83667e-02	2.45444e-04
7.00400e-02	2.71758e-04
8.17133e-02	2.94974e-04
9.33867e-02	3.17117e-04
1.05060e-01	3.36680e-04
1.16733e-01	3.56114e-04
1.28407e-01	3.74176e-04
1.40080e-01	3.92028e-04
1.51753e-01	4.09750e-04
1.63427e-01	4.26143e-04
1.75100e-01	4.43870e-04
1.86773e-01	4.60877e-04
1.98447e-01	4.77821e-04
2.10120e-01	4.94892e-04
2.21793e-01	5.11959e-04
2.33467e-01	5.29275e-04
2.45140e-01	5.45889e-04
2.56813e-01	5.63360e-04
2.68487e-01	5.80546e-04
2.80160e-01	5.97844e-04
2.91833e-01	6.15036e-04
3.03507e-01	6.29897e-04
3.15180e-01	6.41887e-04
3.26853e-01	6.51484e-04
3.38527e-01	6.60883e-04
3.50200e-01	6.70733e-04
3.61873e-01	6.80443e-04
3.73547e-01	6.91118e-04
3.85220e-01	7.03234e-04
3.96893e-01	7.16688e-04
4.08567e-01	7.31030e-04
4.20240e-01	7.46823e-04
4.31913e-01	7.66526e-04
4.43587e-01	7.89306e-04
4.55260e-01	8.14196e-04
4.66933e-01	8.40809e-04
4.78607e-01	8.73495e-04
4.90280e-01	9.10808e-04
5.01953e-01	9.51430e-04
5.13627e-01	9.94252e-04
5.25300e-01	1.04556e-03
5.36973e-01	1.10628e-03
5.48647e-01	1.17377e-03
5.60320e-01	1.24667e-03
5.71993e-01	1.32524e-03
5.83667e-01	1.41688e-03
5.95340e-01	1.51795e-03
6.07013e-01	1.62586e-03
6.18687e-01	1.73888e-03
6.30360e-01	1.86245e-03
6.42033e-01	2.00465e-03
6.53707e-01	2.16029e-03
6.65380e-01	2.32575e-03
6.77053e-01	2.49782e-03
6.88727e-01	2.69129e-03
7.00400e-01	2.92649e-03
7.12073e-01	3.19461e-03
7.23747e-01	3.48852e-03
7.35420e-01	3.80183e-03
7.47093e-01	4.13321e-03
7.58767e-01	4.52214e-03
7.70440e-01	4.95538e-03
7.82113e-01	5.42217e-03
7.93787e-01	5.91275e-03
8.05460e-01	6.41846e-03
8.17133e-01	6.94440e-03
8.28807e-01	7.48608e-03
8.40480e-01	8.03713e-03
8.52153e-01	8.59202e-03
8.63827e-01	9.14629e-03
8.75500e-01	9.72182e-03
8.87173e-01	1.03414e-02
8.98847e-01	1.09953e-02
9.10520e-01	1.16743e-02
9.22193e-01	1.23705e-02
9.33867e-01	1.30772e-02
9.45540e-01	1.38516e-02
9.57213e-01	1.46946e-02
9.68887e-01	1.55916e-02
9.80560e-01	1.65290e-02
9.92233e-01	1.74953e-02
1.00391e+00	1.84741e-02
1.01558e+00	1.95707e-02
1.02725e+00	2.07676e-02
1.03893e+00	2.20411e-02
1.05060e+00	2.33708e-02
1.06227e+00	2.47377e-02
1.07395e+00	2.61220e-02
1.08562e+00	2.75860e-02
1.09729e+00	2.91157e-02
1.10897e+00	3.06908e-02
1.12064e+00	3.22939e-02
1.13231e+00	3.39101e-02
1.14399e+00	3.55275e-02
1.15566e+00	3.71704e-02
1.16733e+00	3.88334e-02
1.17901e+00	4.05062e-02
1.19068e+00	4.21807e-02
1.20235e+00	4.38460e-02
1.21403e+00	4.54986e-02
1.22570e+00	4.71740e-02
1.23737e+00	4.89143e-02
1.24905e+00	5.07052e-02
1.26072e+00	5.25319e-02
1.27239e+00	5.43793e-02
1.28407e+00	5.62328e-02
1.29574e+00	5.80808e-02
1.30741e+00	6.01072e-02
1.31909e+00	6.23306e-02
1.33076e+00	6.47096e-02
1.34243e+00	6.72050e-02
1.35411e+00	6.97803e-02
1.36578e+00	7.24022e-02
1.37745e+00	7.50578e-02
1.38913e+00	7.76214e-02
1.40080e+00	8.00627e-02
1.41247e+00	8.23858e-02
1.42415e+00	8.45947e-02
1.43582e+00	8.66924e-02
1.44749e+00	8.86807e-02
1.45917e+00	9.05864e-02
1.47084e+00	9.24839e-02
1.48251e+00	9.43482e-02
1.49419e+00	9.61810e-02
1.50586e+00	9.79835e-02
1.51753e+00	9.97498e-02
1.52921e+00	1.01471e-01
1.54088e+00	1.03151e-01
1.55255e+00	1.05053e-01
1.56423e+00	1.07215e-01
1.57590e+00	1.09594e-01
1.58757e+00	1.12137e-01
1.59925e+00	1.14790e-01
1.61092e+00	1.17511e-01
1.62259e+00	1.20257e-01
1.63427e+00	1.22986e-01
1.64594e+00	1.25505e-01
1.65761e+00	1.27816e-01
1.66929e+00	1.29903e-01
1.68096e+00	1.31735e-01
1.69263e+00	1.33321e-01
1.70431e+00	1.34673e-01
1.71598e+00	1.35796e-01
1.72765e+00	1.36639e-01
1.73933e+00	1.37031e-01
1.75100e+00	1.37007e-01
1.76267e+00	1.36500e-01
1.77435e+00	1.35562e-01
1.78602e+00	1.34246e-01
1.79769e+00	1.32551e-01
1.80937e+00	1.30475e-01
1.82104e+00	1.28068e-01
1.83271e+00	1.25512e-01
1.84439e+00	1.22598e-01
1.85606e+00	1.19301e-01
1.86773e+00	1.15626e-01
1.87941e+00	1.11479e-01
1.89108e+00	1.06872e-01
1.90275e+00	1.01895e-01
1.91443e+00	9.66324e-02
1.92610e+00	9.11504e-02
1.93777e+00	8.56209e-02
1.94945e+00	8.00768e-02
1.96112e+00	7.46546e-02
1.97279e+00	6.93922e-02
1.98447e+00	6.43017e-02
1.99614e+00	5.93914e-02
2.00781e+00	5.46607e-02
2.01949e+00	5.01475e-02
2.03116e+00	4.59914e-02
2.04283e+00	4.22108e-02
2.05451e+00	3.87946e-02
2.06618e+00	3.57087e-02
2.07785e+00	3.29112e-02
2.08953e+00	3.03814e-02
2.10120e+00	2.80910e-02
2.11287e+00	2.60162e-02
2.12455e+00	2.40142e-02
2.13622e+00	2.21028e-02
2.14789e+00	2.02809e-02
2.15957e+00	1.85693e-02
2.17124e+00	1.69765e-02
2.18291e+00	1.54964e-02
2.19459e+00	1.41228e-02
2.20626e+00	1.28503e-02
2.21793e+00	1.16832e-02
2.22961e+00	1.06202e-02
2.24128e+00	9.65199e-03
2.25295e+00	8.77736e-03
2.26463e+00	7.98497e-03
2.27630e+00	7.26678e-03
2.28797e+00	6.61791e-03
2.29965e+00	6.03175e-03
2.31132e+00	5.49503e-03
2.32299e+00	5.00583e-03
2.33467e+00	4.55924e-03
2.34634e+00	4.15070e-03
2.35801e+00	3.77927e-03
2.36969e+00	3.43936e-03
2.38136e+00	3.12932e-03
2.39303e+00	2.84651e-03
2.40471e+00	2.59336e-03
2.41638e+00	2.36960e-03
2.42805e+00	2.16710e-03
2.43973e+00	1.97969e-03
2.45140e+00	1.80608e-03
2.46307e+00	1.64607e-03
2.47475e+00	1.49742e-03
2.48642e+00	1.36132e-03
2.49809e+00	1.23761e-03
2.50977e+00	1.12602e-03
2.52144e+00	1.02414e-03
2.53311e+00	9.31260e-04
2.54479e+00	8.47938e-04
2.55646e+00	7.72992e-04
2.56813e+00	7.05301e-04
2.57981e+00	6.43812e-04
2.59148e+00	5.88858e-04
2.60315e+00	5.39421e-04
2.61483e+00	4.94018e-04
2.62650e+00	4.52465e-04
2.63817e+00	4.14175e-04
2.64985e+00	3.79074e-04
2.66152e+00	3.47109e-04
2.67319e+00	3.17992e-04
2.68487e+00	2.91363e-04
2.69654e+00	2.66960e-04
2.70821e+00	2.44871e-04
2.71989e+00	2.25063e-04
2.73156e+00	2.07567e-04
2.74323e+00	1.92080e-04
2.75491e+00	1.78363e-04
2.76658e+00	1.65997e-04
2.77825e+00	1.54543e-04
2.78993e+00	1.43916e-04
2.80160e+00	1.34129e-04
2.81327e+00	1.25109e-04
2.82495e+00	1.16653e-04
2.83662e+00	1.08616e-04
2.84829e+00	1.01016e-04
2.85997e+00	9.38045e-05
2.87164e+00	8.68828e-05
2.88331e+00	8.02383e-05
2.89499e+00	7.41647e-05
2.90666e+00	6.86383e-05
2.91833e+00	6.36129e-05
2.93001e+00	5.90438e-05
2.94168e+00	5.49024e-05
2.95335e+00	5.11486e-05
2.96503e+00	4.77521e-05
2.97670e+00	4.46966e-05
2.98837e+00	4.19697e-05
3.00005e+00	3.94762e-05
3.01172e+00	3.71888e-05
3.02339e+00	3.50351e-05
3.03507e+00	3.30014e-05
3.04674e+00	3.10785e-05
3.05841e+00	2.92605e-05
3.07009e+00	2.75468e-05
3.08176e+00	2.59302e-05
3.09343e+00	2.44037e-05
3.10511e+00	2.29788e-05
3.11678e+00	2.16574e-05
3.12845e+00	2.04299e-05
3.14013e+00	1.92980e-05
3.15180e+00	1.82523e-05
3.16347e+00	1.72796e-05
3.17515e+00	1.63632e-05
3.18682e+00	1.54973e-05
3.19849e+00	1.46789e-05
3.21017e+00	1.39053e-05
3.22184e+00	1.31730e-05
3.23351e+00	1.24808e-05
3.24519e+00	1.18245e-05
3.25686e+00	1.12010e-05
3.26853e+00	1.06102e-05
3.28021e+00	1.00550e-05
3.29188e+00	9.53450e-06
3.30355e+00	9.04792e-06
3.31523e+00	8.59359e-06
3.32690e+00	8.17236e-06
3.33857e+00	7.77947e-06
3.35025e+00	7.41205e-06
3.36192e+00	7.06871e-06
3.37359e+00	6.74817e-06
3.38527e+00	6.44780e-06
3.39694e+00	6.16628e-06
3.40861e+00	5.90207e-06
3.42029e+00	5.65361e-06
3.43196e+00	5.41647e-06
3.44363e+00	5.19098e-06
3.45531e+00	4.97690e-06
3.46698e+00	4.77367e-06
3.47865e+00	4.58086e-06
3.49033e+00	4.39808e-06
3.50200e+00	4.22547e-06
3.51367e+00	4.06170e-06
3.52535e+00	3.90598e-06
3.53702e+00	3.75792e-06
3.54869e+00	3.61677e-06
3.56037e+00	3.48181e-06
3.57204e+00	3.35185e-06
3.58371e+00	3.22707e-06
3.59539e+00	3.10696e-06
3.60706e+00	2.99172e-06
3.61873e+00	2.88138e-06
3.63041e+00	2.77555e-06
3.64208e+00	2.67404e-06
3.65375e+00	2.57666e-06
3.66543e+00	2.48327e-06
3.67710e+00	2.39388e-06
3.68877e+00	2.30831e-06
3.70045e+00	2.22641e-06
3.71212e+00	2.14796e-06
3.72379e+00	2.07311e-06
3.73547e+00	2.00191e-06
3.74714e+00	1.93432e-06
3.75881e+00	1.87022e-06
3.77049e+00	1.80938e-06
3.78216e+00	1.75188e-06
3.79383e+00	1.69760e-06
3.80551e+00	1.64640e-06
3.81718e+00	1.59811e-06
3.82885e+00	1.55265e-06
3.84053e+00	1.50990e-06
3.85220e+00	1.46968e-06
3.86387e+00	1.43184e-06
3.87555e+00	1.39559e-06
3.88722e+00	1.36063e-06
3.89889e+00	1.32702e-06
3.91057e+00	1.29470e-06
3.92224e+00	1.26359e-06
3.93391e+00	1.23364e-06
3.94559e+00	1.20481e-06
3.95726e+00	1.17712e-06
3.96893e+00	1.15051e-06
3.98061e+00	1.12493e-06
3.99228e+00	1.10040e-06
4.00395e+00	1.07669e-06
4.01563e+00	1.05379e-06
4.02730e+00	1.03164e-06
4.03897e+00	1.01001e-06
4.05065e+00	9.88827e-07
4.06232e+00	9.68086e-07
4.07399e+00	9.47794e-07
4.08567e+00	9.27919e-07
4.09734e+00	9.08457e-07
4.10901e+00	8.89398e-07
4.12069e+00	8.70731e-07
4.13236e+00	8.52443e-07
4.14403e+00	8.34517e-07
4.15571e+00	8.16944e-07
4.16738e+00	7.99714e-07
4.17905e+00	7.82823e-07
4.19073e+00	7.66261e-07
4.20240e+00	7.50015e-07
4.21407e+00	7.34074e-07
4.22575e+00	7.18430e-07
4.23742e+00	7.03078e-07
4.24909e+00	6.88012e-07
4.26077e+00	6.73195e-07
4.27244e+00	6.58619e-07
4.28411e+00	6.44272e-07
4.29579e+00	6.30148e-07
4.30746e+00	6.16243e-07
4.31913e+00	6.02551e-07
4.33081e+00	5.89068e-07
4.34248e+00	5.75789e-07
4.35415e+00	5.62710e-07
4.36583e+00	5.49829e-07
4.37750e+00	5.37154e-07
4.38917e+00	5.24677e-07
4.40085e+00	5.12394e-07
4.41252e+00	5.00324e-07
4.42419e+00	4.88432e-07
4.43587e+00	4.76771e-07
4.44754e+00	4.65307e-07
4.45921e+00	4.54045e-07
4.47089e+00	4.42983e-07
4.48256e+00	4.32114e-07
4.49423e+00	4.21432e-07
4.50591e+00	4.10933e-07
4.51758e+00	4.00612e-07
4.52925e+00	3.90463e-07
4.54093e+00	3.80525e-07
4.55260e+00	3.70835e-07
4.56427e+00	3.61395e-07
4.57595e+00	3.52199e-07
4.58762e+00	3.43242e-07
4.59929e+00	3.34517e-07
4.61097e+00	3.26018e-07
4.62264e+00	3.17739e-07
4.63431e+00	3.09710e-07
4.64599e+00	3.01941e-07
4.65766e+00	2.94425e-07
4.66933e+00	2.87155e-07
4.68101e+00	2.80127e-07
4.69268e+00	2.73333e-07
4.70435e+00	2.66768e-07
4.71603e+00	2.60426e-07
4.72770e+00	2.54303e-07
4.73937e+00	2.48394e-07
4.75105e+00	2.42692e-07
4.76272e+00	2.37194e-07
4.77439e+00	2.31894e-07
4.78607e+00	2.26789e-07
4.79774e+00	2.21873e-07
4.80941e+00	2.17142e-07
4.82109e+00	2.12594e-07
4.83276e+00	2.08252e-07
4.84443e+00	2.04118e-07
4.85611e+00	2.00188e-07
4.86778e+00	1.96458e-07
4.87945e+00	1.92923e-07
4.89113e+00	1.89577e-07
4.90280e+00	1.86419e-07
4.91447e+00	1.83440e-07
4.92615e+00	1.80610e-07
4.93782e+00	1.77903e-07
4.94949e+00	1.75315e-07
4.96117e+00	1.72832e-07
4.97284e+00	1.70452e-07
4.98451e+00	1.68171e-07
4.99619e+00	1.65986e-07
5.00786e+00	1.63897e-07
5.01953e+00	1.61880e-07
5.03121e+00	1.59954e-07
5.04288e+00	1.58094e-07
5.05455e+00	1.56300e-07
5.06623e+00	1.54570e-07
5.07790e+00	1.52904e-07
5.08957e+00	1.51300e-07
5.10125e+00	1.49756e-07
5.11292e+00	1.48264e-07
5.12459e+00	1.46796e-07
5.13627e+00	1.45343e-07
5.14794e+00	1.43904e-07
5.15961e+00	1.42480e-07
5.17129e+00	1.41070e-07
5.18296e+00	1.39674e-07
5.19463e+00	1.38291e-07
5.20631e+00	1.36922e-07
5.21798e+00	1.35567e-07
5.22965e+00	1.34226e-07
5.24133e+00	1.32897e-07
5.25300e+00	1.31582e-07
5.26467e+00	1.30279e-07
5.27635e+00	1.28990e-07
5.28802e+00	1.27714e-07
5.29969e+00	1.26450e-07
5.31137e+00	1.25199e-07
5.32304e+00	1.23960e-07
5.33471e+00	1.22734e-07
5.34639e+00	1.21520e-07
5.35806e+00	1.20318e-07
5.36973e+00	1.19128e-07
5.38141e+00	1.17950e-07
5.39308e+00	1.16783e-07
5.40475e+00	1.15629e-07
5.41643e+00	1.14486e-07
5.42810e+00	1.13354e-07
5.43977e+00	1.12234e-07
5.45145e+00	1.11125e-07
5.46312e+00	1.10027e-07
5.47479e+00	1.08940e-07
5.48647e+00	1.07864e-07
5.49814e+00	1.06799e-07
5.50981e+00	1.05745e-07
5.52149e+00	1.04701e-07
5.53316e+00	1.03668e-07
5.54483e+00	1.02645e-07
5.55651e+00	1.01632e-07
5.56818e+00	1.00630e-07
5.57985e+00	9.96379e-08
5.59153e+00	9.86557e-08
5.60320e+00	9.76835e-08
5.61487e+00	9.67211e-08
5.62655e+00	9.57684e-08
5.63822e+00	9.48254e-08
5.64989e+00	9.38919e-08
5.66157e+00	9.29678e-08
5.67324e+00	9.20532e-08
5.68491e+00	9.11478e-08
5.69659e+00	9.02515e-08
5.70826e+00	8.93645e-08
5.71993e+00	8.84865e-08
5.73161e+00	8.76175e-08
5.74328e+00	8.67575e-08
5.75495e+00	8.59062e-08
5.76663e+00	8.50637e-08
5.77830e+00	8.42298e-08
5.78997e+00	8.34044e-08
5.80165e+00	8.25876e-08
5.81332e+00	8.17792e-08
5.82499e+00	8.09791e-08
5.83667e+00	8.01872e-08
5.84834e+00	7.94035e-08
5.86001e+00	7.86278e-08
5.87169e+00	7.78601e-08
5.88336e+00	7.71003e-08
5.89503e+00	7.63483e-08
5.90671e+00	7.56042e-08
5.91838e+00	7.48677e-08
5.93005e+00	7.41386e-08
5.94173e+00	7.34173e-08
5.95340e+00	7.27035e-08
5.96507e+00	7.19971e-08
5.97675e+00	7.12981e-08
5.98842e+00	7.06064e-08
6.00009e+00	6.99220e-08
6.01177e+00	6.92444e-08
6.02344e+00	6.85739e-08
6.03511e+00	6.79133e-08
6.04679e+00	6.72533e-08
6.05846e+00	6.66032e-08
6.07013e+00	6.59595e-08
6.08181e+00	6.53225e-08
6.09348e+00	6.46923e-08
6.10515e+00	6.40687e-08
6.11683e+00	6.34516e-08
6.12850e+00	6.28410e-08
6.14017e+00	6.22369e-08
6.15185e+00	6.16390e-08
6.16352e+00	6.10475e-08
6.17519e+00	6.04622e-08
6.18687e+00	5.98831e-08
6.19854e+00	5.93101e-08
6.21021e+00	5.87431e-08
6.22189e+00	5.81822e-08
6.23356e+00	5.76271e-08
6.24523e+00	5.70780e-08
6.25691e+00	5.65346e-08
6.26858e+00	5.59970e-08
6.28025e+00	5.54652e-08
6.29193e+00	5.49387e-08
6.30360e+00	5.44180e-08
6.31527e+00	5.39027e-08
6.32695e+00	5.33929e-08
6.33862e+00	5.28885e-08
6.35029e+00	5.23894e-08
6.36197e+00	5.18956e-08
6.37364e+00	5.14070e-08
6.38531e+00	5.09236e-08
6.39699e+00	5.04453e-08
6.40866e+00	4.99722e-08
6.42033e+00	4.95039e-08
6.43201e+00	4.90407e-08
6.44368e+00	4.85825e-08
6.45535e+00	4.81292e-08
6.46703e+00	4.76807e-08
6.47870e+00	4.72371e-08
6.49037e+00	4.67982e-08
6.50205e+00	4.63640e-08
6.51372e+00	4.59345e-08
6.52539e+00	4.55097e-08
6.53707e+00	4.50891e-08
6.54874e+00	4.46735e-08
6.56041e+00	4.42622e-08
6.57209e+00	4.38553e-08
6.58376e+00	4.34527e-08
6.59543e+00	4.30545e-08
6.60711e+00	4.26606e-08
6.61878e+00	4.22709e-08
6.63045e+00	4.18853e-08
6.64213e+00	4.15039e-08
6.65380e+00	4.11268e-08
6.66547e+00	4.07531e-08
6.67715e+00	4.03843e-08
6.68882e+00	4.00192e-08
6.70049e+00	3.96581e-08
6.71217e+00	3.93009e-08
6.72384e+00	3.89477e-08
6.73551e+00	3.85979e-08
6.74719e+00	3.82510e-08
6.75886e+00	3.79070e-08
6.77053e+00	3.75659e-08
6.78221e+00	3.72276e-08
6.79388e+00	3.68921e-08
6.80555e+00	3.65595e-08
6.81723e+00	3.62296e-08
6.82890e+00	3.59025e-08
6.84057e+00	3.55781e-08
6.85225e+00	3.52565e-08
6.86392e+00	3.49377e-08
6.87559e+00	3.46215e-08
6.88727e+00	3.43080e-08
6.89894e+00	3.39972e-08
6.91061e+00	3.36891e-08
6.92229e+00	3.33824e-08
6.93396e+00	3.30828e-08
6.94563e+00	3.27803e-08
6.95731e+00	3.24805e-08
6.96898e+00	3.21845e-08
6.98065e+00	3.18910e-08
6.99233e+00	3.16003e-08
7.00400e+00	3.13122e-08
7.01567e+00	3.10271e-08
7.02735e+00	3.07448e-08
7.03902e+00	3.04654e-08
7.05069e+00	3.01889e-08
7.06237e+00	2.99141e-08
7.07404e+00	2.96461e-08
7.08571e+00	2.93751e-08
7.09739e+00	2.91086e-08
7.10906e+00	2.88449e-08
7.12073e+00	2.85839e-08
7.13241e+00	2.83256e-08
7.14408e+00	2.80699e-08
7.15575e+00	2.78169e-08
7.16743e+00	2.75664e-08
7.17910e+00	2.73185e-08
7.19077e+00	2.70732e-08
7.20245e+00	2.68304e-08
7.21412e+00	2.65901e-08
7.22579e+00	2.63522e-08
7.23747e+00	2.61173e-08
7.24914e+00	2.58852e-08
7.26081e+00	2.56559e-08
7.27249e+00	2.54293e-08
7.28416e+00	2.52055e-08
7.29583e+00	2.49843e-08
7.30751e+00	2.47657e-08
7.31918e+00	2.45497e-08
7.33085e+00	2.43362e-08
7.34253e+00	2.41253e-08
7.35420e+00	2.39168e-08
7.36587e+00	2.37107e-08
7.37755e+00	2.35052e-08
7.38922e+00	2.33002e-08
7.40089e+00	2.30956e-08
7.41257e+00	2.28916e-08
7.42424e+00	2.26881e-08
7.43591e+00	2.24852e-08
7.44759e+00	2.22830e-08
7.45926e+00	2.20814e-08
7.47093e+00	2.18806e-08
7.48261e+00	2.16805e-08
7.49428e+00	2.14812e-08
7.50595e+00	2.12828e-08
7.51763e+00	2.10854e-08
7.52930e+00	2.08888e-08
7.54097e+00	2.06929e-08
7.55265e+00	2.04977e-08
7.56432e+00	2.03032e-08
7.57599e+00	2.01095e-08
7.58767e+00	1.99166e-08
7.59934e+00	1.97245e-08
7.61101e+00	1.95331e-08
7.62269e+00	1.93426e-08
7.63436e+00	1.91529e-08
7.64603e+00	1.89640e-08
7.65771e+00	1.87761e-08
7.66938e+00	1.85890e-08
7.68105e+00	1.84029e-08
7.69273e+00	1.82178e-08
7.70440e+00	1.80337e-08
7.71607e+00	1.78505e-08
7.72775e+00	1.76685e-08
7.73942e+00	1.74875e-08
7.75109e+00	1.73075e-08
7.76277e+00	1.71271e-08
7.77444e+00	1.69463e-08
7.78611e+00	1.67650e-08
7.79779e+00	1.65830e-08
7.80946e+00	1.63998e-08
7.82113e+00	1.62156e-08
7.83281e+00	1.60303e-08
7.84448e+00	1.58438e-08
7.85615e+00	1.56561e-08
7.86783e+00	1.54676e-08
7.87950e+00	1.52781e-08
7.89117e+00	1.50878e-08
7.90285e+00	1.48969e-08
7.91452e+00	1.47054e-08
7.92619e+00	1.45136e-08
7.93787e+00	1.43214e-08
7.94954e+00	1.41291e-08
7.96121e+00	1.39367e-08
7.97289e+00	1.37444e-08
7.98456e+00	1.35521e-08
7.99623e+00	1.33599e-08
8.00791e+00	1.31677e-08
8.01958e+00	1.29758e-08
8.03125e+00	1.27840e-08
8.04293e+00	1.25923e-08
8.05460e+00	1.24007e-08
8.06627e+00	1.22095e-08
8.07795e+00	1.20187e-08
8.08962e+00	1.18283e-08
8.10129e+00	1.16387e-08
8.11297e+00	1.14495e-08
8.12464e+00	1.12615e-08
8.13631e+00	1.10743e-08
8.14799e+00	1.08881e-08
8.15966e+00	1.07029e-08
8.17133e+00	1.05189e-08
8.18301e+00	1.03361e-08
8.19468e+00	1.01547e-08
8.20635e+00	9.97462e-09
8.21803e+00	9.79601e-09
8.22970e+00	9.61852e-09
8.24137e+00	9.44184e-09
8.25305e+00	9.26608e-09
8.26472e+00	9.09136e-09
8.27639e+00	8.91776e-09
8.28807e+00	8.74540e-09
8.29974e+00	8.57417e-09
8.31141e+00	8.40399e-09
8.32309e+00	8.23494e-09
8.33476e+00	8.06709e-09
8.34643e+00	7.90042e-09
8.35811e+00	7.73502e-09
8.36978e+00	7.57097e-09
8.38145e+00	7.40836e-09
8.39313e+00	7.24727e-09
8.40480e+00	7.08777e-09
8.41647e+00	6.92993e-09
8.42815e+00	6.77381e-09
8.43982e+00	6.61946e-09
8.45149e+00	6.46696e-09
8.46317e+00	6.31592e-09
8.47484e+00	6.16580e-09
8.48651e+00	6.01671e-09
8.49819e+00	5.86894e-09
8.50986e+00	5.72303e-09
8.52153e+00	5.57903e-09
8.53321e+00	5.43701e-09
8.54488e+00	5.29711e-09
8.55655e+00	5.15953e-09
8.56823e+00	5.02436e-09
8.57990e+00	4.89160e-09
8.59157e+00	4.76125e-09
8.60325e+00	4.63332e-09
8.61492e+00	4.50779e-09
8.62659e+00	4.38467e-09
8.63827e+00	4.26396e-09
8.64994e+00	4.14563e-09
8.66161e+00	4.02968e-09
8.67329e+00	3.91610e-09
8.68496e+00	3.80488e-09
8.69663e+00	3.69601e-09
8.70831e+00	3.58948e-09
8.71998e+00	3.48527e-09
8.73165e+00	3.38335e-09
8.74333e+00	3.28368e-09
8.75500e+00	3.18624e-09
8.76667e+00	3.09101e-09
8.77835e+00	2.99795e-09
8.79002e+00	2.90705e-09
8.80169e+00	2.81828e-09
8.81337e+00	2.73161e-09
8.82504e+00	2.64702e-09
8.83671e+00	2.56448e-09
8.84839e+00	2.48395e-09
8.86006e+00	2.40542e-09
8.87173e+00	2.32886e-09
8.88341e+00	2.25422e-09
8.89508e+00	2.18148e-09
8.90675e+00	2.11062e-09
8.91843e+00	2.04158e-09
8.93010e+00	1.97438e-09
8.94177e+00	1.90894e-09
8.95345e+00	1.84519e-09
8.96512e+00	1.78317e-09
8.97679e+00	1.72285e-09
8.98847e+00	1.66421e-09
9.00014e+00	1.60725e-09
9.01181e+00	1.55197e-09
9.02349e+00	1.49834e-09
9.03516e+00	1.44638e-09
9.04683e+00	1.39606e-09
9.05851e+00	1.34735e-09
9.07018e+00	1.30021e-09
9.08185e+00	1.25458e-09
9.09353e+00	1.21043e-09
9.10520e+00	1.16771e-09
9.11687e+00	1.12638e-09
9.12855e+00	1.08641e-09
9.14022e+00	1.04774e-09
9.15189e+00	1.01035e-09
9.16357e+00	9.74186e-10
9.17524e+00	9.39224e-10
9.18691e+00	9.05425e-10
9.19859e+00	8.72752e-10
9.21026e+00	8.41172e-10
9.22193e+00	8.10652e-10
9.23361e+00	7.81159e-10
9.24528e+00	7.52662e-10
9.25695e+00	7.25130e-10
9.26863e+00	6.98533e-10
9.28030e+00	6.72846e-10
9.29197e+00	6.48036e-10
9.30365e+00	6.24075e-10
9.31532e+00	6.00941e-10
9.32699e+00	5.78606e-10
9.33867e+00	5.57045e-10
9.35034e+00	5.36233e-10
9.36201e+00	5.16147e-10
9.37369e+00	4.96764e-10
9.38536e+00	4.78061e-10
9.39703e+00	4.60017e-10
9.40871e+00	4.42610e-10
9.42038e+00	4.25819e-10
9.43205e+00	4.09625e-10
9.44373e+00	3.94009e-10
9.45540e+00	3.78950e-10
9.46707e+00	3.64432e-10
9.47875e+00	3.50436e-10
9.49042e+00	3.36945e-10
9.50209e+00	3.23943e-10
9.51377e+00	3.11413e-10
9.52544e+00	2.99340e-10
9.53711e+00	2.87707e-10
9.54879e+00	2.76501e-10
9.56046e+00	2.65707e-10
9.57213e+00	2.55309e-10
9.58381e+00	2.45291e-10
9.59548e+00	2.35640e-10
9.60715e+00	2.26344e-10
9.61883e+00	2.17391e-10
9.63050e+00	2.08768e-10
9.64217e+00	2.00469e-10
9.65385e+00	1.92476e-10
9.66552e+00	1.84779e-10
9.67719e+00	1.77372e-10
9.68887e+00	1.70240e-10
9.70054e+00	1.63374e-10
9.71221e+00	1.56766e-10
9.72389e+00	1.50406e-10
9.73556e+00	1.44286e-10
9.74723e+00	1.38398e-10
9.75891e+00	1.32733e-10
9.77058e+00	1.27284e-10
9.78225e+00	1.22043e-10
9.79393e+00	1.17003e-10
9.80560e+00	1.12156e-10
9.81727e+00	1.07496e-10
9.82895e+00	1.03016e-10
9.84062e+00	9.87099e-11
9.85229e+00	9.45714e-11
9.86397e+00	9.05943e-11
9.87564e+00	8.67730e-11
9.88731e+00	8.31017e-11
9.89899e+00	7.95750e-11
9.91066e+00	7.61876e-11
9.92233e+00	7.29343e-11
9.93401e+00	6.98102e-11
9.94568e+00	6.68104e-11
9.95735e+00	6.39308e-11
9.96903e+00	6.11668e-11
9.98070e+00	5.85140e-11
9.99237e+00	5.59696e-11
1.00040e+01	5.35284e-11
1.00157e+01	5.11982e-11
1.00274e+01	4.89619e-11
1.00391e+01	4.68076e-11
1.00507e+01	4.47539e-11
1.00624e+01	4.27875e-11
1.00741e+01	4.09058e-11
1.00858e+01	3.91051e-11
1.00974e+01	3.73820e-11
1.01091e+01	3.57335e-11
1.01208e+01	3.41565e-11
1.01325e+01	3.26478e-11
1.01441e+01	3.12047e-11
1.01558e+01	2.98241e-11
1.01675e+01	2.85035e-11
1.01791e+01	2.72403e-11
1.01908e+01	2.60320e-11
1.02025e+01	2.48762e-11
1.02142e+01	2.37708e-11
1.02258e+01	2.27135e-11
1.02375e+01	2.17022e-11
1.02492e+01	2.07351e-11
1.02609e+01	1.98102e-11
1.02725e+01	1.89257e-11
1.02842e+01	1.80799e-11
1.02959e+01	1.72711e-11
1.03076e+01	1.64978e-11
1.03192e+01	1.57585e-11
1.03309e+01	1.50516e-11
1.03426e+01	1.43758e-11
1.03542e+01	1.37298e-11
1.03659e+01	1.31122e-11
1.03776e+01	1.25219e-11
1.03893e+01	1.19576e-11
1.04009e+01	1.14183e-11
1.04126e+01	1.09029e-11
1.04243e+01	1.04103e-11
1.04360e+01	9.93951e-12
1.04476e+01	9.48965e-12
1.04593e+01	9.05979e-12
1.04710e+01	8.64905e-12
1.04827e+01	8.25661e-12
1.04943e+01	7.88167e-12
1.05060e+01	7.52345e-12
1.05177e+01	7.18123e-12
1.05293e+01	6.85431e-12
1.05410e+01	6.54203e-12
1.05527e+01	6.24370e-12
1.05644e+01	5.95874e-12
1.05760e+01	5.68655e-12
1.05877e+01	5.42642e-12
1.05994e+01	5.17818e-12
1.06111e+01	4.94197e-12
1.06227e+01	4.71408e-12
1.06344e+01	4.49768e-12
1.06461e+01	4.29094e-12
1.06578e+01	4.09360e-12
1.06694e+01	3.90522e-12
1.06811e+01	3.72539e-12
1.06928e+01	3.55374e-12
1.07044e+01	3.38990e-12
1.07161e+01	3.23351e-12
1.07278e+01	3.08425e-12
1.07395e+01	2.94180e-12
1.07511e+01	2.80585e-12
1.07628e+01	2.67611e-12
1.07745e+01	2.55229e-12
1.07862e+01	2.43415e-12
1.07978e+01	2.32141e-12
1.08095e+01	2.21383e-12
1.08212e+01	2.11119e-12
1.08329e+01	2.01326e-12
1.08445e+01	1.91983e-12
1.08562e+01	1.83069e-12
1.08679e+01	1.74566e-12
1.08795e+01	1.66454e-12
1.08912e+01	1.58717e-12
1.09029e+01	1.51336e-12
1.09146e+01	1.44297e-12
1.09262e+01	1.37583e-12
1.09379e+01	1.31180e-12
1.09496e+01	1.25074e-12
1.09613e+01	1.19251e-12
1.09729e+01	1.13700e-12
1.09846e+01	1.08406e-12
1.09963e+01	1.03359e-12
1.10080e+01	9.85470e-13
1.10196e+01	9.39593e-13
1.10313e+01	8.95864e-13
1.10430e+01	8.54185e-13
1.10546e+01	8.14463e-13
1.10663e+01	7.76610e-13
1.10780e+01	7.40541e-13
1.10897e+01	7.06175e-13
1.11013e+01	6.73433e-13
1.11130e+01	6.42243e-13
1.11247e+01	6.12533e-13
1.11364e+01	5.84236e-13
1.11480e+01	5.57287e-13
1.11597e+01	5.31626e-13
1.11714e+01	5.07194e-13
1.11831e+01	4.83935e-13
1.11947e+01	4.61794e-13
1.12064e+01	4.40705e-13
1.12181e+01	4.20620e-13
1.12297e+01	4.01494e-13
1.12414e+01	3.83286e-13
1.12531e+01	3.65956e-13
1.12648e+01	3.49464e-13
1.12764e+01	3.33775e-13
1.12881e+01	3.18852e-13
1.12998e+01	3.04662e-13
1.13115e+01	2.91174e-13
1.13231e+01	2.78356e-13
1.13348e+01	2.66179e-13
1.13465e+01	2.54616e-13
1.13582e+01	2.43641e-13
1.13698e+01	2.33228e-13
1.13815e+01	2.23352e-13
1.13932e+01	2.13992e-13
1.14048e+01	2.05131e-13
1.14165e+01	1.96746e-13
1.14282e+01	1.88819e-13
1.14399e+01	1.81332e-13
1.14515e+01	1.74265e-13
1.14632e+01	1.67603e-13
1.14749e+01	1.61329e-13
1.14866e+01	1.55428e-13
1.14982e+01	1.49886e-13
1.15099e+01	1.44689e-13
1.15216e+01	1.39825e-13
1.15333e+01	1.35281e-13
1.15449e+01	1.31046e-13
1.15566e+01	1.27099e-13
1.15683e+01	1.23401e-13
1.15799e+01	1.19954e-13
1.15916e+01	1.16757e-13
1.16033e+01	1.13809e-13
1.16150e+01	1.11106e-13
1.16266e+01	1.08650e-13
1.16383e+01	1.06421e-13
1.16500e+01	1.04426e-13
1.16617e+01	1.02740e-13
1.16733e+01	1.00914e-13
