# The ell = 1 distribution, the first anisotropy.
# E_N [Td]	7.00000e+00
# col_1: Electron Energy [eV], col_2: f1 [eV^(-3/2)]
eV	f1
1.36773e-02	4.47987e-05
2.73547e-02	8.01555e-05
4.10320e-02	1.17348e-04
5.47094e-02	1.45697e-04
6.83867e-02	1.69429e-04
8.20640e-02	1.89996e-04
9.57414e-02	2.08840e-04
1.09419e-01	2.25889e-04
1.23096e-01	2.41438e-04
1.36773e-01	2.57112e-04
1.50451e-01	2.71902e-04
1.64128e-01	2.86103e-04
1.77805e-01	3.00817e-04
1.91483e-01	3.15324e-04
2.05160e-01	3.29606e-04
2.18837e-01	3.44417e-04
2.32515e-01	3.59188e-04
2.46192e-01	3.74275e-04
2.59869e-01	3.90335e-04
2.73547e-01	4.06551e-04
2.87224e-01	4.23306e-04
3.00902e-01	4.39587e-04
3.14579e-01	4.53757e-04
3.28256e-01	4.65736e-04
3.41934e-01	4.79495e-04
3.55611e-01	4.95008e-04
3.69288e-01	5.11959e-04
3.82966e-01	5.32726e-04
3.96643e-01	5.58799e-04
4.10320e-01	5.88749e-04
4.23998e-01	6.25031e-04
4.37675e-01	6.69957e-04
4.51352e-01	7.21409e-04
4.65030e-01	7.77660e-04
4.78707e-01	8.45858e-04
4.92384e-01	9.25018e-04
5.06062e-01	1.01223e-03
5.19739e-01	1.10668e-03
5.33416e-01	1.22329e-03
5.47094e-01	1.35726e-03
5.60771e-01	1.50448e-03
5.74448e-01	1.66156e-03
5.88126e-01	1.84202e-03
6.01803e-01	2.03993e-03
6.15480e-01	2.25167e-03
6.29158e-01	2.47492e-03
6.42835e-01	2.73929e-03
6.56512e-01	3.03551e-03
6.70190e-01	3.35617e-03
6.83867e-01	3.69470e-03
6.97544e-01	4.10027e-03
7.11222e-01	4.56479e-03
7.24899e-01	5.07649e-03
7.38576e-01	5.62258e-03
7.52254e-01	6.23103e-03
7.65931e-01	6.90769e-03
7.79608e-01	7.63676e-03
7.93286e-01	8.40448e-03
8.06963e-01	9.20405e-03
8.20640e-01	1.00321e-02
8.34318e-01	1.08787e-02
8.47995e-01	1.17358e-02
8.61672e-01	1.25962e-02
8.75350e-01	1.35044e-02
8.89027e-01	1.44755e-02
9.02705e-01	1.54957e-02
9.16382e-01	1.65520e-02
9.30059e-01	1.76386e-02
9.43737e-01	1.88305e-02
9.57414e-01	2.01211e-02
9.71091e-01	2.14893e-02
9.84769e-01	2.29174e-02
9.98446e-01	2.44046e-02
1.01212e+00	2.60443e-02
1.02580e+00	2.78071e-02
1.03948e+00	2.96643e-02
1.05316e+00	3.15911e-02
1.06683e+00	3.35671e-02
1.08051e+00	3.56464e-02
1.09419e+00	3.77842e-02
1.10786e+00	3.99606e-02
1.12154e+00	4.21590e-02
1.13522e+00	4.43648e-02
1.14890e+00	4.65715e-02
1.16257e+00	4.87946e-02
1.17625e+00	5.10238e-02
1.18993e+00	5.32500e-02
1.20361e+00	5.54619e-02
1.21728e+00	5.76490e-02
1.23096e+00	5.98822e-02
1.24464e+00	6.21704e-02
1.25832e+00	6.44984e-02
1.27199e+00	6.68501e-02
1.28567e+00	6.92098e-02
1.29935e+00	7.15485e-02
1.31302e+00	7.41317e-02
1.32670e+00	7.69189e-02
1.34038e+00	7.98706e-02
1.35406e+00	8.29490e-02
1.36773e+00	8.61186e-02
1.38141e+00	8.92711e-02
1.39509e+00	9.22734e-02
1.40877e+00	9.51326e-02
1.42244e+00	9.78548e-02
1.43612e+00	1.00445e-01
1.44980e+00	1.02907e-01
1.46348e+00	1.05249e-01
1.47715e+00	1.07511e-01
1.49083e+00	1.09703e-01
1.50451e+00	1.11830e-01
1.51818e+00	1.13893e-01
1.53186e+00	1.15886e-01
1.54554e+00	1.17829e-01
1.55922e+00	1.19992e-01
1.57289e+00	1.22455e-01
1.58657e+00	1.25171e-01
1.60025e+00	1.28083e-01
1.61393e+00	1.31146e-01
1.62760e+00	1.34319e-01
1.64128e+00	1.37534e-01
1.65496e+00	1.40590e-01
1.66864e+00	1.43469e-01
1.68231e+00	1.46121e-01
1.69599e+00	1.48549e-01
1.70967e+00	1.50755e-01
1.72334e+00	1.52734e-01
1.73702e+00	1.54317e-01
1.75070e+00	1.55344e-01
1.76438e+00	1.55730e-01
1.77805e+00	1.55538e-01
1.79173e+00	1.54824e-01
1.80541e+00	1.53554e-01
1.81909e+00	1.51772e-01
1.83276e+00	1.49639e-01
1.84644e+00	1.47085e-01
1.86012e+00	1.44047e-01
1.87380e+00	1.40490e-01
1.88747e+00	1.36254e-01
1.90115e+00	1.31425e-01
1.91483e+00	1.26094e-01
1.92851e+00	1.20364e-01
1.94218e+00	1.14385e-01
1.95586e+00	1.08250e-01
1.96954e+00	1.02128e-01
1.98321e+00	9.60483e-02
1.99689e+00	9.00345e-02
2.01057e+00	8.40942e-02
2.02425e+00	7.83855e-02
2.03792e+00	7.30587e-02
2.05160e+00	6.81777e-02
2.06528e+00	6.37083e-02
2.07896e+00	5.96009e-02
2.09263e+00	5.58348e-02
2.10631e+00	5.23738e-02
2.11999e+00	4.90767e-02
2.13367e+00	4.58246e-02
2.14734e+00	4.26577e-02
2.16102e+00	3.96236e-02
2.17470e+00	3.67526e-02
2.18837e+00	3.40392e-02
2.20205e+00	3.14776e-02
2.21573e+00	2.90793e-02
2.22941e+00	2.68600e-02
2.24308e+00	2.48109e-02
2.25676e+00	2.29306e-02
2.27044e+00	2.11993e-02
2.28412e+00	1.96077e-02
2.29779e+00	1.81491e-02
2.31147e+00	1.67953e-02
2.32515e+00	1.55408e-02
2.33883e+00	1.43744e-02
2.35250e+00	1.32960e-02
2.36618e+00	1.22954e-02
2.37986e+00	1.13663e-02
2.39353e+00	1.05045e-02
2.40721e+00	9.72294e-03
2.42089e+00	9.02683e-03
2.43457e+00	8.37443e-03
2.44824e+00	7.75651e-03
2.46192e+00	7.17422e-03
2.47560e+00	6.62051e-03
2.48928e+00	6.10448e-03
2.50295e+00	5.63035e-03
2.51663e+00	5.19484e-03
2.53031e+00	4.78998e-03
2.54399e+00	4.42211e-03
2.55766e+00	4.08801e-03
2.57134e+00	3.78279e-03
2.58502e+00	3.50288e-03
2.59869e+00	3.25349e-03
2.61237e+00	3.02167e-03
2.62605e+00	2.80621e-03
2.63973e+00	2.60446e-03
2.65340e+00	2.41698e-03
2.66708e+00	2.24386e-03
2.68076e+00	2.08399e-03
2.69444e+00	1.93492e-03
2.70811e+00	1.79775e-03
2.72179e+00	1.67363e-03
2.73547e+00	1.56356e-03
2.74915e+00	1.46589e-03
2.76282e+00	1.37894e-03
2.77650e+00	1.29766e-03
2.79018e+00	1.22123e-03
2.80385e+00	1.15005e-03
2.81753e+00	1.08368e-03
2.83121e+00	1.01983e-03
2.84489e+00	9.58210e-04
2.85856e+00	8.98848e-04
2.87224e+00	8.40825e-04
2.88592e+00	7.84313e-04
2.89960e+00	7.32415e-04
2.91327e+00	6.84954e-04
2.92695e+00	6.41586e-04
2.94063e+00	6.02097e-04
2.95431e+00	5.66210e-04
2.96798e+00	5.33714e-04
2.98166e+00	5.04592e-04
2.99534e+00	4.78342e-04
3.00902e+00	4.54265e-04
3.02269e+00	4.31487e-04
3.03637e+00	4.09717e-04
3.05005e+00	3.88874e-04
3.06372e+00	3.68958e-04
3.07740e+00	3.49970e-04
3.09108e+00	3.31831e-04
3.10476e+00	3.14703e-04
3.11843e+00	2.98707e-04
3.13211e+00	2.83768e-04
3.14579e+00	2.69963e-04
3.15947e+00	2.57156e-04
3.17314e+00	2.45039e-04
3.18682e+00	2.33498e-04
3.20050e+00	2.22502e-04
3.21418e+00	2.12015e-04
3.22785e+00	2.02027e-04
3.24153e+00	1.92497e-04
3.25521e+00	1.83373e-04
3.26888e+00	1.74655e-04
3.28256e+00	1.66424e-04
3.29624e+00	1.58689e-04
3.30992e+00	1.51451e-04
3.32359e+00	1.44719e-04
3.33727e+00	1.38454e-04
3.35095e+00	1.32589e-04
3.36463e+00	1.27107e-04
3.37830e+00	1.21987e-04
3.39198e+00	1.17183e-04
3.40566e+00	1.12672e-04
3.41934e+00	1.08438e-04
3.43301e+00	1.04384e-04
3.44669e+00	1.00513e-04
3.46037e+00	9.68243e-05
3.47404e+00	9.33101e-05
3.48772e+00	8.99683e-05
3.50140e+00	8.68023e-05
3.51508e+00	8.37924e-05
3.52875e+00	8.09206e-05
3.54243e+00	7.81808e-05
3.55611e+00	7.55514e-05
3.56979e+00	7.30114e-05
3.58346e+00	7.05513e-05
3.59714e+00	6.81734e-05
3.61082e+00	6.58867e-05
3.62450e+00	6.36897e-05
3.63817e+00	6.15765e-05
3.65185e+00	5.95440e-05
3.66553e+00	5.75899e-05
3.67920e+00	5.57161e-05
3.69288e+00	5.39197e-05
3.70656e+00	5.21977e-05
3.72024e+00	5.05500e-05
3.73391e+00	4.89817e-05
3.74759e+00	4.74931e-05
3.76127e+00	4.60849e-05
3.77495e+00	4.47539e-05
3.78862e+00	4.35022e-05
3.80230e+00	4.23274e-05
3.81598e+00	4.12252e-05
3.82966e+00	4.01934e-05
3.84333e+00	3.92302e-05
3.85701e+00	3.83301e-05
3.87069e+00	3.74828e-05
3.88436e+00	3.66663e-05
3.89804e+00	3.58813e-05
3.91172e+00	3.51272e-05
3.92540e+00	3.44017e-05
3.93907e+00	3.37039e-05
3.95275e+00	3.30337e-05
3.96643e+00	3.23908e-05
3.98011e+00	3.17739e-05
3.99378e+00	3.11832e-05
4.00746e+00	3.06121e-05
4.02114e+00	3.00606e-05
4.03482e+00	2.95238e-05
4.04849e+00	2.89960e-05
4.06217e+00	2.84769e-05
4.07585e+00	2.79669e-05
4.08952e+00	2.74653e-05
4.10320e+00	2.69718e-05
4.11688e+00	2.64864e-05
4.13056e+00	2.60087e-05
4.14423e+00	2.55381e-05
4.15791e+00	2.50746e-05
4.17159e+00	2.46179e-05
4.18527e+00	2.41679e-05
4.19894e+00	2.37244e-05
4.21262e+00	2.32870e-05
4.22630e+00	2.28556e-05
4.23998e+00	2.24300e-05
4.25365e+00	2.20102e-05
4.26733e+00	2.15950e-05
4.28101e+00	2.11840e-05
4.29469e+00	2.07767e-05
4.30836e+00	2.03731e-05
4.32204e+00	1.99733e-05
4.33572e+00	1.95770e-05
4.34939e+00	1.91843e-05
4.36307e+00	1.87950e-05
4.37675e+00	1.84096e-05
4.39043e+00	1.80281e-05
4.40410e+00	1.76504e-05
4.41778e+00	1.72768e-05
4.43146e+00	1.69076e-05
4.44514e+00	1.65435e-05
4.45881e+00	1.61840e-05
4.47249e+00	1.58292e-05
4.48617e+00	1.54791e-05
4.49985e+00	1.51335e-05
4.51352e+00	1.47922e-05
4.52720e+00	1.44553e-05
4.54088e+00	1.41238e-05
4.55455e+00	1.37998e-05
4.56823e+00	1.34836e-05
4.58191e+00	1.31750e-05
4.59559e+00	1.28740e-05
4.60926e+00	1.25803e-05
4.62294e+00	1.22938e-05
4.63662e+00	1.20151e-05
4.65030e+00	1.17458e-05
4.66397e+00	1.14855e-05
4.67765e+00	1.12341e-05
4.69133e+00	1.09915e-05
4.70501e+00	1.07574e-05
4.71868e+00	1.05316e-05
4.73236e+00	1.03141e-05
4.74604e+00	1.01047e-05
4.75971e+00	9.90312e-06
4.77339e+00	9.70933e-06
4.78707e+00	9.52316e-06
4.80075e+00	9.34449e-06
4.81442e+00	9.17301e-06
4.82810e+00	9.00899e-06
4.84178e+00	8.85348e-06
4.85546e+00	8.70666e-06
4.86913e+00	8.56833e-06
4.88281e+00	8.43831e-06
4.89649e+00	8.31643e-06
4.91017e+00	8.20249e-06
4.92384e+00	8.09570e-06
4.93752e+00	7.99430e-06
4.95120e+00	7.89798e-06
4.96487e+00	7.80614e-06
4.97855e+00	7.71867e-06
4.99223e+00	7.63542e-06
5.00591e+00	7.55631e-06
5.01958e+00	7.48060e-06
5.03326e+00	7.40870e-06
5.04694e+00	7.33958e-06
5.06062e+00	7.27333e-06
5.07429e+00	7.20986e-06
5.08797e+00	7.14909e-06
5.10165e+00	7.09099e-06
5.11533e+00	7.03517e-06
5.12900e+00	6.97999e-06
5.14268e+00	6.92529e-06
5.15636e+00	6.87103e-06
5.17003e+00	6.81721e-06
5.18371e+00	6.76382e-06
5.19739e+00	6.71087e-06
5.21107e+00	6.65834e-06
5.22474e+00	6.60625e-06
5.23842e+00	6.55457e-06
5.25210e+00	6.50331e-06
5.26578e+00	6.45247e-06
5.27945e+00	6.40204e-06
5.29313e+00	6.35203e-06
5.30681e+00	6.30242e-06
5.32049e+00	6.25322e-06
5.33416e+00	6.20441e-06
5.34784e+00	6.15601e-06
5.36152e+00	6.10801e-06
5.37520e+00	6.06040e-06
5.38887e+00	6.01319e-06
5.40255e+00	5.96635e-06
5.41623e+00	5.91991e-06
5.42990e+00	5.87384e-06
5.44358e+00	5.82816e-06
5.45726e+00	5.78285e-06
5.47094e+00	5.73791e-06
5.48461e+00	5.69335e-06
5.49829e+00	5.64915e-06
5.51197e+00	5.60532e-06
5.52565e+00	5.56186e-06
5.53932e+00	5.51875e-06
5.55300e+00	5.47600e-06
5.56668e+00	5.43361e-06
5.58036e+00	5.39157e-06
5.59403e+00	5.34988e-06
5.60771e+00	5.30854e-06
5.62139e+00	5.26754e-06
5.63506e+00	5.22689e-06
5.64874e+00	5.18658e-06
5.66242e+00	5.14659e-06
5.67610e+00	5.10696e-06
5.68977e+00	5.06764e-06
5.70345e+00	5.02866e-06
5.71713e+00	4.99002e-06
5.73081e+00	4.95171e-06
5.74448e+00	4.91372e-06
5.75816e+00	4.87606e-06
5.77184e+00	4.83872e-06
5.78552e+00	4.80170e-06
5.79919e+00	4.76500e-06
5.81287e+00	4.72863e-06
5.82655e+00	4.69256e-06
5.84022e+00	4.65680e-06
5.85390e+00	4.62135e-06
5.86758e+00	4.58620e-06
5.88126e+00	4.55136e-06
5.89493e+00	4.51681e-06
5.90861e+00	4.48258e-06
5.92229e+00	4.44862e-06
5.93597e+00	4.41497e-06
5.94964e+00	4.38162e-06
5.96332e+00	4.34856e-06
5.97700e+00	4.31580e-06
5.99068e+00	4.28332e-06
6.00435e+00	4.25114e-06
6.01803e+00	4.21918e-06
6.03171e+00	4.18775e-06
6.04538e+00	4.15622e-06
6.05906e+00	4.12512e-06
6.07274e+00	4.09429e-06
6.08642e+00	4.06373e-06
6.10009e+00	4.03344e-06
6.11377e+00	4.00342e-06
6.12745e+00	3.97368e-06
6.14113e+00	3.94419e-06
6.15480e+00	3.91497e-06
6.16848e+00	3.88602e-06
6.18216e+00	3.85732e-06
6.19584e+00	3.82888e-06
6.20951e+00	3.80070e-06
6.22319e+00	3.77278e-06
6.23687e+00	3.74511e-06
6.25054e+00	3.71768e-06
6.26422e+00	3.69051e-06
6.27790e+00	3.66358e-06
6.29158e+00	3.63690e-06
6.30525e+00	3.61045e-06
6.31893e+00	3.58425e-06
6.33261e+00	3.55828e-06
6.34629e+00	3.53255e-06
6.35996e+00	3.50705e-06
6.37364e+00	3.48178e-06
6.38732e+00	3.45674e-06
6.40100e+00	3.43193e-06
6.41467e+00	3.40734e-06
6.42835e+00	3.38298e-06
6.44203e+00	3.35884e-06
6.45570e+00	3.33493e-06
6.46938e+00	3.31125e-06
6.48306e+00	3.28778e-06
6.49674e+00	3.26453e-06
6.51041e+00	3.24150e-06
6.52409e+00	3.21868e-06
6.53777e+00	3.19607e-06
6.55145e+00	3.17368e-06
6.56512e+00	3.15150e-06
6.57880e+00	3.12952e-06
6.59248e+00	3.10775e-06
6.60616e+00	3.08618e-06
6.61983e+00	3.06481e-06
6.63351e+00	3.04364e-06
6.64719e+00	3.02267e-06
6.66087e+00	3.00188e-06
6.67454e+00	2.98130e-06
6.68822e+00	2.96092e-06
6.70190e+00	2.94074e-06
6.71557e+00	2.92075e-06
6.72925e+00	2.90095e-06
6.74293e+00	2.88128e-06
6.75661e+00	2.86174e-06
6.77028e+00	2.84233e-06
6.78396e+00	2.82303e-06
6.79764e+00	2.80386e-06
6.81132e+00	2.78481e-06
6.82499e+00	2.76588e-06
6.83867e+00	2.74707e-06
6.85235e+00	2.72838e-06
6.86603e+00	2.70982e-06
6.87970e+00	2.69137e-06
6.89338e+00	2.67304e-06
6.90706e+00	2.65484e-06
6.92073e+00	2.63667e-06
6.93441e+00	2.61894e-06
6.94809e+00	2.60087e-06
6.96177e+00	2.58305e-06
6.97544e+00	2.56537e-06
6.98912e+00	2.54782e-06
7.00280e+00	2.53041e-06
7.01648e+00	2.51313e-06
7.03015e+00	2.49601e-06
7.04383e+00	2.47902e-06
7.05751e+00	2.46214e-06
7.07119e+00	2.44558e-06
7.08486e+00	2.42892e-06
7.09854e+00	2.41242e-06
7.11222e+00	2.39609e-06
7.12589e+00	2.37990e-06
7.13957e+00	2.36385e-06
7.15325e+00	2.34793e-06
7.16693e+00	2.33216e-06
7.18060e+00	2.31652e-06
7.19428e+00	2.30101e-06
7.20796e+00	2.28564e-06
7.22164e+00	2.27040e-06
7.23531e+00	2.25530e-06
7.24899e+00	2.24038e-06
7.26267e+00	2.22561e-06
7.27635e+00	2.21101e-06
7.29002e+00	2.19657e-06
7.30370e+00	2.18229e-06
7.31738e+00	2.16816e-06
7.33105e+00	2.15418e-06
7.34473e+00	2.14035e-06
7.35841e+00	2.12667e-06
7.37209e+00	2.11308e-06
7.38576e+00	2.09947e-06
7.39944e+00	2.08584e-06
7.41312e+00	2.07220e-06
7.42680e+00	2.05854e-06
7.44047e+00	2.04489e-06
7.45415e+00	2.03123e-06
7.46783e+00	2.01756e-06
7.48151e+00	2.00390e-06
7.49518e+00	1.99026e-06
7.50886e+00	1.97662e-06
7.52254e+00	1.96301e-06
7.53621e+00	1.94940e-06
7.54989e+00	1.93580e-06
7.56357e+00	1.92219e-06
7.57725e+00	1.90858e-06
7.59092e+00	1.89498e-06
7.60460e+00	1.88139e-06
7.61828e+00	1.86780e-06
7.63196e+00	1.85423e-06
7.64563e+00	1.84066e-06
7.65931e+00	1.82710e-06
7.67299e+00	1.81356e-06
7.68667e+00	1.80004e-06
7.70034e+00	1.78654e-06
7.71402e+00	1.77307e-06
7.72770e+00	1.75962e-06
7.74138e+00	1.74621e-06
7.75505e+00	1.73278e-06
7.76873e+00	1.71924e-06
7.78241e+00	1.70559e-06
7.79608e+00	1.69181e-06
7.80976e+00	1.67783e-06
7.82344e+00	1.66368e-06
7.83712e+00	1.64933e-06
7.85079e+00	1.63477e-06
7.86447e+00	1.62003e-06
7.87815e+00	1.60510e-06
7.89183e+00	1.59000e-06
7.90550e+00	1.57474e-06
7.91918e+00	1.55932e-06
7.93286e+00	1.54377e-06
7.94654e+00	1.52809e-06
7.96021e+00	1.51229e-06
7.97389e+00	1.49639e-06
7.98757e+00	1.48038e-06
8.00124e+00	1.46426e-06
8.01492e+00	1.44804e-06
8.02860e+00	1.43173e-06
8.04228e+00	1.41529e-06
8.05595e+00	1.39876e-06
8.06963e+00	1.38213e-06
8.08331e+00	1.36542e-06
8.09699e+00	1.34865e-06
8.11066e+00	1.33180e-06
8.12434e+00	1.31493e-06
8.13802e+00	1.29802e-06
8.15170e+00	1.28108e-06
8.16537e+00	1.26413e-06
8.17905e+00	1.24717e-06
8.19273e+00	1.23022e-06
8.20640e+00	1.21328e-06
8.22008e+00	1.19637e-06
8.23376e+00	1.17942e-06
8.24744e+00	1.16243e-06
8.26111e+00	1.14540e-06
8.27479e+00	1.12835e-06
8.28847e+00	1.11129e-06
8.30215e+00	1.09421e-06
8.31582e+00	1.07710e-06
8.32950e+00	1.05997e-06
8.34318e+00	1.04283e-06
8.35686e+00	1.02567e-06
8.37053e+00	1.00852e-06
8.38421e+00	9.91379e-07
8.39789e+00	9.74268e-07
8.41156e+00	9.57195e-07
8.42524e+00	9.40172e-07
8.43892e+00	9.23208e-07
8.45260e+00	9.06313e-07
8.46627e+00	8.89425e-07
8.47995e+00	8.72485e-07
8.49363e+00	8.55510e-07
8.50731e+00	8.38590e-07
8.52098e+00	8.21752e-07
8.53466e+00	8.05010e-07
8.54834e+00	7.88388e-07
8.56202e+00	7.71926e-07
8.57569e+00	7.55632e-07
8.58937e+00	7.39512e-07
8.60305e+00	7.23570e-07
8.61672e+00	7.07810e-07
8.63040e+00	6.92236e-07
8.64408e+00	6.76852e-07
8.65776e+00	6.61661e-07
8.67143e+00	6.46666e-07
8.68511e+00	6.31869e-07
8.69879e+00	6.17276e-07
8.71247e+00	6.02888e-07
8.72614e+00	5.88708e-07
8.73982e+00	5.74735e-07
8.75350e+00	5.60968e-07
8.76718e+00	5.47408e-07
8.78085e+00	5.34056e-07
8.79453e+00	5.20912e-07
8.80821e+00	5.07979e-07
8.82188e+00	4.95256e-07
8.83556e+00	4.82743e-07
8.84924e+00	4.70440e-07
8.86292e+00	4.58349e-07
8.87659e+00	4.46467e-07
8.89027e+00	4.34795e-07
8.90395e+00	4.23332e-07
8.91763e+00	4.12075e-07
8.93130e+00	4.01035e-07
8.94498e+00	3.90190e-07
8.95866e+00	3.79549e-07
8.97234e+00	3.69113e-07
8.98601e+00	3.58888e-07
8.99969e+00	3.48874e-07
9.01337e+00	3.39084e-07
9.02705e+00	3.29516e-07
9.04072e+00	3.20179e-07
9.05440e+00	3.11074e-07
9.06808e+00	3.02199e-07
9.08175e+00	2.93548e-07
9.09543e+00	2.85115e-07
9.10911e+00	2.76897e-07
9.12279e+00	2.68890e-07
9.13646e+00	2.61088e-07
9.15014e+00	2.53487e-07
9.16382e+00	2.46084e-07
9.17750e+00	2.38873e-07
9.19117e+00	2.31851e-07
9.20485e+00	2.25014e-07
9.21853e+00	2.18356e-07
9.23221e+00	2.11875e-07
9.24588e+00	2.05566e-07
9.25956e+00	1.99426e-07
9.27324e+00	1.93450e-07
9.28691e+00	1.87635e-07
9.30059e+00	1.81976e-07
9.31427e+00	1.76472e-07
9.32795e+00	1.71117e-07
9.34162e+00	1.65909e-07
9.35530e+00	1.60844e-07
9.36898e+00	1.55919e-07
9.38266e+00	1.51130e-07
9.39633e+00	1.46474e-07
9.41001e+00	1.41949e-07
9.42369e+00	1.37550e-07
9.43737e+00	1.33275e-07
9.45104e+00	1.29121e-07
9.46472e+00	1.25084e-07
9.47840e+00	1.21163e-07
9.49207e+00	1.17354e-07
9.50575e+00	1.13654e-07
9.51943e+00	1.10061e-07
9.53311e+00	1.06572e-07
9.54678e+00	1.03184e-07
9.56046e+00	9.98948e-08
9.57414e+00	9.67015e-08
9.58782e+00	9.36002e-08
9.60149e+00	9.05887e-08
9.61517e+00	8.76647e-08
9.62885e+00	8.48256e-08
9.64253e+00	8.20714e-08
9.65620e+00	7.93962e-08
9.66988e+00	7.68000e-08
9.68356e+00	7.42803e-08
9.69723e+00	7.18342e-08
9.71091e+00	6.94601e-08
9.72459e+00	6.71561e-08
9.73827e+00	6.49205e-08
9.75194e+00	6.27514e-08
9.76562e+00	6.06473e-08
9.77930e+00	5.86062e-08
9.79298e+00	5.66265e-08
9.80665e+00	5.47067e-08
9.82033e+00	5.28451e-08
9.83401e+00	5.10401e-08
9.84769e+00	4.92904e-08
9.86136e+00	4.75944e-08
9.87504e+00	4.59507e-08
9.88872e+00	4.43579e-08
9.90239e+00	4.28146e-08
9.91607e+00	4.13194e-08
9.92975e+00	3.98710e-08
9.94343e+00	3.84680e-08
9.95710e+00	3.71094e-08
9.97078e+00	3.57939e-08
9.98446e+00	3.45203e-08
9.99814e+00	3.32876e-08
1.00118e+01	3.20986e-08
1.00255e+01	3.09519e-08
1.00392e+01	2.98347e-08
1.00528e+01	2.87614e-08
1.00665e+01	2.77250e-08
1.00802e+01	2.67250e-08
1.00939e+01	2.57599e-08
1.01076e+01	2.48289e-08
1.01212e+01	2.39307e-08
1.01349e+01	2.30644e-08
1.01486e+01	2.22286e-08
1.01623e+01	2.14223e-08
1.01759e+01	2.06446e-08
1.01896e+01	1.98943e-08
1.02033e+01	1.91706e-08
1.02170e+01	1.84726e-08
1.02307e+01	1.77992e-08
1.02443e+01	1.71497e-08
1.02580e+01	1.65233e-08
1.02717e+01	1.59191e-08
1.02854e+01	1.53364e-08
1.02990e+01	1.47744e-08
1.03127e+01	1.42325e-08
1.03264e+01	1.37100e-08
1.03401e+01	1.32061e-08
1.03537e+01	1.27202e-08
1.03674e+01	1.22517e-08
1.03811e+01	1.18001e-08
1.03948e+01	1.13647e-08
1.04085e+01	1.09449e-08
1.04221e+01	1.05403e-08
1.04358e+01	1.01502e-08
1.04495e+01	9.77427e-09
1.04632e+01	9.41189e-09
1.04768e+01	9.06264e-09
1.04905e+01	8.72605e-09
1.05042e+01	8.40167e-09
1.05179e+01	8.08906e-09
1.05316e+01	7.78782e-09
1.05452e+01	7.49754e-09
1.05589e+01	7.21781e-09
1.05726e+01	6.94825e-09
1.05863e+01	6.68825e-09
1.05999e+01	6.43858e-09
1.06136e+01	6.19747e-09
1.06273e+01	5.96412e-09
1.06410e+01	5.74005e-09
1.06546e+01	5.52416e-09
1.06683e+01	5.31625e-09
1.06820e+01	5.11601e-09
1.06957e+01	4.92317e-09
1.07094e+01	4.73746e-09
1.07230e+01	4.55862e-09
1.07367e+01	4.38642e-09
1.07504e+01	4.22060e-09
1.07641e+01	4.06093e-09
1.07777e+01	3.90720e-09
1.07914e+01	3.75918e-09
1.08051e+01	3.61667e-09
1.08188e+01	3.47948e-09
1.08325e+01	3.34740e-09
1.08461e+01	3.22025e-09
1.08598e+01	3.09785e-09
1.08735e+01	2.98003e-09
1.08872e+01	2.86662e-09
1.09008e+01	2.75746e-09
1.09145e+01	2.65240e-09
1.09282e+01	2.55129e-09
1.09419e+01	2.45398e-09
1.09556e+01	2.36034e-09
1.09692e+01	2.27024e-09
1.09829e+01	2.18354e-09
1.09966e+01	2.10012e-09
1.10103e+01	2.01984e-09
1.10239e+01	1.94261e-09
1.10376e+01	1.86831e-09
1.10513e+01	1.79684e-09
1.10650e+01	1.72810e-09
1.10786e+01	1.66199e-09
1.10923e+01	1.59840e-09
1.11060e+01	1.53726e-09
1.11197e+01	1.47846e-09
1.11334e+01	1.42192e-09
1.11470e+01	1.36755e-09
1.11607e+01	1.31528e-09
1.11744e+01	1.26502e-09
1.11881e+01	1.21670e-09
1.12017e+01	1.17024e-09
1.12154e+01	1.12552e-09
1.12291e+01	1.08250e-09
1.12428e+01	1.04110e-09
1.12565e+01	1.00128e-09
1.12701e+01	9.62973e-10
1.12838e+01	9.26127e-10
1.12975e+01	8.90691e-10
1.13112e+01	8.56613e-10
1.13248e+01	8.23844e-10
1.13385e+01	7.92338e-10
1.13522e+01	7.62048e-10
1.13659e+01	7.32932e-10
1.13795e+01	7.04947e-10
1.13932e+01	6.78053e-10
1.14069e+01	6.52210e-10
1.14206e+01	6.27380e-10
1.14343e+01	6.03530e-10
1.14479e+01	5.80619e-10
1.14616e+01	5.58616e-10
1.14753e+01	5.37490e-10
1.14890e+01	5.17208e-10
1.15026e+01	4.97741e-10
1.15163e+01	4.79059e-10
1.15300e+01	4.61135e-10
1.15437e+01	4.43941e-10
1.15574e+01	4.27399e-10
1.15710e+01	4.11266e-10
1.15847e+01	3.95556e-10
1.15984e+01	3.80263e-10
1.16121e+01	3.65368e-10
1.16257e+01	3.50838e-10
1.16394e+01	3.36424e-10
1.16531e+01	3.22082e-10
1.16668e+01	3.07883e-10
1.16804e+01	2.94276e-10
1.16941e+01	2.81333e-10
1.17078e+01	2.69070e-10
1.17215e+01	2.57487e-10
1.17352e+01	2.46517e-10
1.17488e+01	2.36044e-10
1.17625e+01	2.25950e-10
1.17762e+01	2.16204e-10
1.17899e+01	2.06836e-10
1.18035e+01	1.97864e-10
1.18172e+01	1.89234e-10
1.18309e+01	1.80867e-10
1.18446e+01	1.72226e-10
1.18583e+01	1.63671e-10
1.18719e+01	1.55631e-10
1.18856e+01	1.48180e-10
1.18993e+01	1.40961e-10
1.19130e+01	1.33890e-10
1.19266e+01	1.27166e-10
1.19403e+01	1.20842e-10
1.19540e+01	1.14879e-10
1.19677e+01	1.09243e-10
1.19814e+01	1.03908e-10
1.19950e+01	9.88531e-11
1.20087e+01	9.40511e-11
1.20224e+01	8.94867e-11
1.20361e+01	8.51434e-11
1.20497e+01	8.10074e-11
1.20634e+01	7.70691e-11
1.20771e+01	7.33193e-11
1.20908e+01	6.97493e-11
1.21044e+01	6.63489e-11
1.21181e+01	6.31088e-11
1.21318e+01	6.00194e-11
1.21455e+01	5.70738e-11
1.21592e+01	5.42658e-11
1.21728e+01	5.15897e-11
1.21865e+01	4.90397e-11
1.22002e+01	4.66100e-11
1.22139e+01	4.42915e-11
1.22275e+01	4.20789e-11
1.22412e+01	3.99668e-11
1.22549e+01	3.79510e-11
1.22686e+01	3.60276e-11
1.22823e+01	3.41929e-11
1.22959e+01	3.24438e-11
1.23096e+01	3.07761e-11
1.23233e+01	2.91897e-11
1.23370e+01	2.76809e-11
1.23506e+01	2.62461e-11
1.23643e+01	2.48819e-11
1.23780e+01	2.35851e-11
1.23917e+01	2.23526e-11
1.24053e+01	2.11811e-11
1.24190e+01	2.00668e-11
1.24327e+01	1.90072e-11
1.24464e+01	1.79996e-11
1.24601e+01	1.70416e-11
1.24737e+01	1.61310e-11
1.24874e+01	1.52657e-11
1.25011e+01	1.44435e-11
1.25148e+01	1.36620e-11
1.25284e+01	1.29192e-11
1.25421e+01	1.22131e-11
1.25558e+01	1.15435e-11
1.25695e+01	1.09064e-11
1.25832e+01	1.03011e-11
1.25968e+01	9.72714e-12
1.26105e+01	9.18286e-12
1.26242e+01	8.66703e-12
1.26379e+01	8.17855e-12
1.26515e+01	7.71606e-12
1.26652e+01	7.27823e-12
1.26789e+01	6.86381e-12
1.26926e+01	6.47160e-12
1.27062e+01	6.10090e-12
1.27199e+01	5.75064e-12
1.27336e+01	5.41977e-12
1.27473e+01	5.10743e-12
1.27610e+01	4.81258e-12
1.27746e+01	4.53426e-12
1.27883e+01	4.27155e-12
1.28020e+01	4.02363e-12
1.28157e+01	3.79015e-12
1.28293e+01	3.57043e-12
1.28430e+01	3.36379e-12
1.28567e+01	3.17011e-12
1.28704e+01	2.98876e-12
1.28841e+01	2.81903e-12
1.28977e+01	2.65942e-12
1.29114e+01	2.50882e-12
1.29251e+01	2.36473e-12
1.29388e+01	2.22968e-12
1.29524e+01	2.10418e-12
1.29661e+01	1.98770e-12
1.29798e+01	1.87765e-12
1.29935e+01	1.77327e-12
1.30072e+01	1.67353e-12
1.30208e+01	1.57370e-12
1.30345e+01	1.47362e-12
1.30482e+01	1.37456e-12
1.30619e+01	1.28177e-12
1.30755e+01	1.19870e-12
1.30892e+01	1.12356e-12
1.31029e+01	1.05574e-12
1.31166e+01	9.94129e-13
1.31302e+01	9.37977e-13
1.31439e+01	8.85799e-13
1.31576e+01	8.36096e-13
1.31713e+01	7.88583e-13
1.31850e+01	7.42798e-13
1.31986e+01	6.98896e-13
1.32123e+01	6.57274e-13
1.32260e+01	6.19131e-13
1.32397e+01	5.83990e-13
1.32533e+01	5.51346e-13
1.32670e+01	5.20935e-13
1.32807e+01	4.92538e-13
1.32944e+01	4.66110e-13
1.33081e+01	4.41432e-13
1.33217e+01	4.18357e-13
1.33354e+01	3.96752e-13
1.33491e+01	3.76494e-13
1.33628e+01	3.57484e-13
1.33764e+01	3.39615e-13
1.33901e+01	3.22777e-13
1.34038e+01	3.06929e-13
1.34175e+01	2.92033e-13
1.34311e+01	2.78010e-13
1.34448e+01	2.64815e-13
1.34585e+01	2.52398e-13
1.34722e+01	2.40735e-13
1.34859e+01	2.29895e-13
1.34995e+01	2.19878e-13
1.35132e+01	2.10651e-13
1.35269e+01	2.02153e-13
1.35406e+01	1.94348e-13
1.35542e+01	1.87218e-13
1.35679e+01	1.80741e-13
1.35816e+01	1.74899e-13
1.35953e+01	1.69677e-13
1.36090e+01	1.65060e-13
1.36226e+01	1.61038e-13
1.36363e+01	1.57599e-13
1.36500e+01	1.54731e-13
1.36637e+01	1.52475e-13
1.36773e+01	1.50444e-13
