# The ell = 1 distribution, the first anisotropy.
# E_N [Td]	1.00000e+01
# col_1: Electron Energy [eV], col_2: f1 [eV^(-3/2)]
eV	f1
1.76415e-02	2.61366e-05
3.52830e-02	6.03419e-05
5.29245e-02	9.42163e-05
7.05661e-02	1.20092e-04
8.82076e-02	1.42768e-04
1.05849e-01	1.62967e-04
1.23491e-01	1.81691e-04
1.41132e-01	2.00012e-04
1.58774e-01	2.17468e-04
1.76415e-01	2.35587e-04
1.94057e-01	2.53613e-04
2.11698e-01	2.72578e-04
2.29340e-01	2.92224e-04
2.46981e-01	3.12967e-04
2.64623e-01	3.36722e-04
2.82264e-01	3.62236e-04
2.99906e-01	3.90478e-04
3.17547e-01	4.19175e-04
3.35189e-01	4.48524e-04
3.52830e-01	4.85910e-04
3.70472e-01	5.29102e-04
3.88113e-01	5.83874e-04
4.05755e-01	6.55048e-04
4.23396e-01	7.38411e-04
4.41038e-01	8.43017e-04
4.58679e-01	9.65945e-04
4.76321e-01	1.10376e-03
4.93962e-01	1.27069e-03
5.11604e-01	1.45976e-03
5.29245e-01	1.67401e-03
5.46887e-01	1.93618e-03
5.64528e-01	2.23510e-03
5.82170e-01	2.57521e-03
5.99812e-01	2.96094e-03
6.17453e-01	3.38179e-03
6.35095e-01	3.84502e-03
6.52736e-01	4.39364e-03
6.70378e-01	5.00970e-03
6.88019e-01	5.68952e-03
7.05661e-01	6.48917e-03
7.23302e-01	7.39016e-03
7.40944e-01	8.36932e-03
7.58585e-01	9.43516e-03
7.76227e-01	1.05933e-02
7.93868e-01	1.18209e-02
8.11510e-01	1.31026e-02
8.29151e-01	1.44231e-02
8.46793e-01	1.57694e-02
8.64434e-01	1.71335e-02
8.82076e-01	1.85663e-02
8.99717e-01	2.01033e-02
9.17359e-01	2.17220e-02
9.35000e-01	2.34261e-02
9.52642e-01	2.52805e-02
9.70283e-01	2.72911e-02
9.87925e-01	2.94259e-02
1.00557e+00	3.17319e-02
1.02321e+00	3.42211e-02
1.04085e+00	3.68617e-02
1.05849e+00	3.96172e-02
1.07613e+00	4.25729e-02
1.09377e+00	4.56020e-02
1.11142e+00	4.86475e-02
1.12906e+00	5.16934e-02
1.14670e+00	5.47515e-02
1.16434e+00	5.78207e-02
1.18198e+00	6.08757e-02
1.19962e+00	6.39057e-02
1.21726e+00	6.69217e-02
1.23491e+00	7.00049e-02
1.25255e+00	7.31335e-02
1.27019e+00	7.62889e-02
1.28783e+00	7.94522e-02
1.30547e+00	8.27781e-02
1.32311e+00	8.63433e-02
1.34076e+00	9.01058e-02
1.35840e+00	9.40242e-02
1.37604e+00	9.79601e-02
1.39368e+00	1.01603e-01
1.41132e+00	1.05038e-01
1.42896e+00	1.08279e-01
1.44660e+00	1.11336e-01
1.46425e+00	1.14142e-01
1.48189e+00	1.16757e-01
1.49953e+00	1.19264e-01
1.51717e+00	1.21669e-01
1.53481e+00	1.23974e-01
1.55245e+00	1.26197e-01
1.57009e+00	1.28723e-01
1.58774e+00	1.31624e-01
1.60538e+00	1.34835e-01
1.62302e+00	1.38300e-01
1.64066e+00	1.42048e-01
1.65830e+00	1.45807e-01
1.67594e+00	1.49419e-01
1.69359e+00	1.52839e-01
1.71123e+00	1.56061e-01
1.72887e+00	1.59084e-01
1.74651e+00	1.61632e-01
1.76415e+00	1.63331e-01
1.78179e+00	1.64204e-01
1.79943e+00	1.64296e-01
1.81708e+00	1.63584e-01
1.83472e+00	1.62062e-01
1.85236e+00	1.59979e-01
1.87000e+00	1.57238e-01
1.88764e+00	1.53602e-01
1.90528e+00	1.49091e-01
1.92293e+00	1.43798e-01
1.94057e+00	1.37946e-01
1.95821e+00	1.31635e-01
1.97585e+00	1.25123e-01
1.99349e+00	1.18459e-01
2.01113e+00	1.11672e-01
2.02877e+00	1.05064e-01
2.04642e+00	9.89122e-02
2.06406e+00	9.32395e-02
2.08170e+00	8.79881e-02
2.09934e+00	8.31328e-02
2.11698e+00	7.85984e-02
2.13462e+00	7.39318e-02
2.15226e+00	6.92442e-02
2.16991e+00	6.47258e-02
2.18755e+00	6.04029e-02
2.20519e+00	5.62697e-02
2.22283e+00	5.23865e-02
2.24047e+00	4.87695e-02
2.25811e+00	4.54445e-02
2.27576e+00	4.23595e-02
2.29340e+00	3.95094e-02
2.31104e+00	3.68595e-02
2.32868e+00	3.43723e-02
2.34632e+00	3.20423e-02
2.36396e+00	2.98721e-02
2.38160e+00	2.78317e-02
2.39925e+00	2.59164e-02
2.41689e+00	2.41996e-02
2.43453e+00	2.26070e-02
2.45217e+00	2.10703e-02
2.46981e+00	1.95821e-02
2.48745e+00	1.81528e-02
2.50510e+00	1.68293e-02
2.52274e+00	1.56043e-02
2.54038e+00	1.44720e-02
2.55802e+00	1.34482e-02
2.57566e+00	1.25117e-02
2.59330e+00	1.16684e-02
2.61094e+00	1.09044e-02
2.62859e+00	1.01860e-02
2.64623e+00	9.50403e-03
2.66387e+00	8.86888e-03
2.68151e+00	8.27767e-03
2.69915e+00	7.72345e-03
2.71679e+00	7.21376e-03
2.73443e+00	6.75946e-03
2.75208e+00	6.36234e-03
2.76972e+00	6.00728e-03
2.78736e+00	5.67084e-03
2.80500e+00	5.35586e-03
2.82264e+00	5.05896e-03
2.84028e+00	4.76768e-03
2.85793e+00	4.48286e-03
2.87557e+00	4.19904e-03
2.89321e+00	3.92425e-03
2.91085e+00	3.67373e-03
2.92849e+00	3.44631e-03
2.94613e+00	3.24118e-03
2.96377e+00	3.05658e-03
2.98142e+00	2.89323e-03
2.99906e+00	2.74855e-03
3.01670e+00	2.61559e-03
3.03434e+00	2.48767e-03
3.05198e+00	2.36411e-03
3.06962e+00	2.24516e-03
3.08727e+00	2.13082e-03
3.10491e+00	2.02181e-03
3.12255e+00	1.92010e-03
3.14019e+00	1.82554e-03
3.15783e+00	1.73884e-03
3.17547e+00	1.65719e-03
3.19311e+00	1.57920e-03
3.21076e+00	1.50473e-03
3.22840e+00	1.43357e-03
3.24604e+00	1.36550e-03
3.26368e+00	1.30014e-03
3.28132e+00	1.23821e-03
3.29896e+00	1.18028e-03
3.31660e+00	1.12651e-03
3.33425e+00	1.07719e-03
3.35189e+00	1.03141e-03
3.36953e+00	9.89027e-04
3.38717e+00	9.49731e-04
3.40481e+00	9.13130e-04
3.42245e+00	8.79045e-04
3.44010e+00	8.46461e-04
3.45774e+00	8.15488e-04
3.47538e+00	7.86062e-04
3.49302e+00	7.58184e-04
3.51066e+00	7.31932e-04
3.52830e+00	7.06953e-04
3.54594e+00	6.83177e-04
3.56359e+00	6.60366e-04
3.58123e+00	6.38180e-04
3.59887e+00	6.16649e-04
3.61651e+00	5.96009e-04
3.63415e+00	5.76213e-04
3.65179e+00	5.57227e-04
3.66944e+00	5.39032e-04
3.68708e+00	5.21662e-04
3.70472e+00	5.05092e-04
3.72236e+00	4.89308e-04
3.74000e+00	4.74401e-04
3.75764e+00	4.60389e-04
3.77528e+00	4.47281e-04
3.79293e+00	4.35117e-04
3.81057e+00	4.23862e-04
3.82821e+00	4.13474e-04
3.84585e+00	4.03933e-04
3.86349e+00	3.95164e-04
3.88113e+00	3.86872e-04
3.89877e+00	3.78941e-04
3.91642e+00	3.71366e-04
3.93406e+00	3.64123e-04
3.95170e+00	3.57206e-04
3.96934e+00	3.50609e-04
3.98698e+00	3.44350e-04
4.00462e+00	3.38353e-04
4.02227e+00	3.32585e-04
4.03991e+00	3.26971e-04
4.05755e+00	3.21434e-04
4.07519e+00	3.15982e-04
4.09283e+00	3.10611e-04
4.11047e+00	3.05314e-04
4.12811e+00	3.00089e-04
4.14576e+00	2.94929e-04
4.16340e+00	2.89830e-04
4.18104e+00	2.84792e-04
4.19868e+00	2.79812e-04
4.21632e+00	2.74885e-04
4.23396e+00	2.70008e-04
4.25161e+00	2.65182e-04
4.26925e+00	2.60402e-04
4.28689e+00	2.55644e-04
4.30453e+00	2.50907e-04
4.32217e+00	2.46191e-04
4.33981e+00	2.41494e-04
4.35745e+00	2.36817e-04
4.37510e+00	2.32163e-04
4.39274e+00	2.27537e-04
4.41038e+00	2.22940e-04
4.42802e+00	2.18376e-04
4.44566e+00	2.13870e-04
4.46330e+00	2.09410e-04
4.48094e+00	2.04999e-04
4.49859e+00	2.00635e-04
4.51623e+00	1.96316e-04
4.53387e+00	1.92043e-04
4.55151e+00	1.87857e-04
4.56915e+00	1.83778e-04
4.58679e+00	1.79806e-04
4.60444e+00	1.75938e-04
4.62208e+00	1.72172e-04
4.63972e+00	1.68509e-04
4.65736e+00	1.64988e-04
4.67500e+00	1.61605e-04
4.69264e+00	1.58359e-04
4.71028e+00	1.55247e-04
4.72793e+00	1.52266e-04
4.74557e+00	1.49414e-04
4.76321e+00	1.46690e-04
4.78085e+00	1.44090e-04
4.79849e+00	1.41612e-04
4.81613e+00	1.39254e-04
4.83378e+00	1.37017e-04
4.85142e+00	1.34921e-04
4.86906e+00	1.32972e-04
4.88670e+00	1.31165e-04
4.90434e+00	1.29497e-04
4.92198e+00	1.27965e-04
4.93962e+00	1.26526e-04
4.95727e+00	1.25173e-04
4.97491e+00	1.23896e-04
4.99255e+00	1.22693e-04
5.01019e+00	1.21559e-04
5.02783e+00	1.20489e-04
5.04547e+00	1.19475e-04
5.06311e+00	1.18509e-04
5.08076e+00	1.17591e-04
5.09840e+00	1.16721e-04
5.11604e+00	1.15893e-04
5.13368e+00	1.15076e-04
5.15132e+00	1.14266e-04
5.16896e+00	1.13463e-04
5.18661e+00	1.12666e-04
5.20425e+00	1.11875e-04
5.22189e+00	1.11090e-04
5.23953e+00	1.10312e-04
5.25717e+00	1.09540e-04
5.27481e+00	1.08773e-04
5.29245e+00	1.08013e-04
5.31010e+00	1.07259e-04
5.32774e+00	1.06511e-04
5.34538e+00	1.05769e-04
5.36302e+00	1.05033e-04
5.38066e+00	1.04302e-04
5.39830e+00	1.03578e-04
5.41595e+00	1.02859e-04
5.43359e+00	1.02146e-04
5.45123e+00	1.01439e-04
5.46887e+00	1.00737e-04
5.48651e+00	1.00041e-04
5.50415e+00	9.93504e-05
5.52179e+00	9.86656e-05
5.53944e+00	9.79862e-05
5.55708e+00	9.73123e-05
5.57472e+00	9.66439e-05
5.59236e+00	9.59809e-05
5.61000e+00	9.53233e-05
5.62764e+00	9.46710e-05
5.64528e+00	9.40240e-05
5.66293e+00	9.33823e-05
5.68057e+00	9.27458e-05
5.69821e+00	9.21144e-05
5.71585e+00	9.14884e-05
5.73349e+00	9.08676e-05
5.75113e+00	9.02520e-05
5.76878e+00	8.96417e-05
5.78642e+00	8.90364e-05
5.80406e+00	8.84364e-05
5.82170e+00	8.78414e-05
5.83934e+00	8.72514e-05
5.85698e+00	8.66664e-05
5.87462e+00	8.60864e-05
5.89227e+00	8.55113e-05
5.90991e+00	8.49412e-05
5.92755e+00	8.43757e-05
5.94519e+00	8.38153e-05
5.96283e+00	8.32598e-05
5.98047e+00	8.27092e-05
5.99812e+00	8.21634e-05
6.01576e+00	8.16223e-05
6.03340e+00	8.10876e-05
6.05104e+00	8.05540e-05
6.06868e+00	8.00266e-05
6.08632e+00	7.95038e-05
6.10396e+00	7.89856e-05
6.12161e+00	7.84720e-05
6.13925e+00	7.79630e-05
6.15689e+00	7.74585e-05
6.17453e+00	7.69585e-05
6.19217e+00	7.64631e-05
6.20981e+00	7.59721e-05
6.22745e+00	7.54856e-05
6.24510e+00	7.50035e-05
6.26274e+00	7.45257e-05
6.28038e+00	7.40523e-05
6.29802e+00	7.35831e-05
6.31566e+00	7.31182e-05
6.33330e+00	7.26575e-05
6.35095e+00	7.22010e-05
6.36859e+00	7.17486e-05
6.38623e+00	7.13002e-05
6.40387e+00	7.08560e-05
6.42151e+00	7.04158e-05
6.43915e+00	6.99796e-05
6.45679e+00	6.95476e-05
6.47444e+00	6.91196e-05
6.49208e+00	6.86957e-05
6.50972e+00	6.82758e-05
6.52736e+00	6.78597e-05
6.54500e+00	6.74476e-05
6.56264e+00	6.70395e-05
6.58029e+00	6.66351e-05
6.59793e+00	6.62345e-05
6.61557e+00	6.58377e-05
6.63321e+00	6.54447e-05
6.65085e+00	6.50553e-05
6.66849e+00	6.46693e-05
6.68613e+00	6.42877e-05
6.70378e+00	6.39095e-05
6.72142e+00	6.35350e-05
6.73906e+00	6.31638e-05
6.75670e+00	6.27946e-05
6.77434e+00	6.24276e-05
6.79198e+00	6.20627e-05
6.80962e+00	6.16998e-05
6.82727e+00	6.13391e-05
6.84491e+00	6.09804e-05
6.86255e+00	6.06239e-05
6.88019e+00	6.02694e-05
6.89783e+00	5.99171e-05
6.91547e+00	5.95656e-05
6.93312e+00	5.92212e-05
6.95076e+00	5.88710e-05
6.96840e+00	5.85259e-05
6.98604e+00	5.81830e-05
7.00368e+00	5.78426e-05
7.02132e+00	5.75048e-05
7.03896e+00	5.71698e-05
7.05661e+00	5.68370e-05
7.07425e+00	5.65101e-05
7.09189e+00	5.61802e-05
7.10953e+00	5.58554e-05
7.12717e+00	5.55330e-05
7.14481e+00	5.52134e-05
7.16246e+00	5.48965e-05
7.18010e+00	5.45822e-05
7.19774e+00	5.42706e-05
7.21538e+00	5.39615e-05
7.23302e+00	5.36551e-05
7.25066e+00	5.33520e-05
7.26830e+00	5.30524e-05
7.28595e+00	5.27563e-05
7.30359e+00	5.24635e-05
7.32123e+00	5.21741e-05
7.33887e+00	5.18879e-05
7.35651e+00	5.16049e-05
7.37415e+00	5.13240e-05
7.39179e+00	5.10420e-05
7.40944e+00	5.07590e-05
7.42708e+00	5.04750e-05
7.44472e+00	5.01903e-05
7.46236e+00	4.99048e-05
7.48000e+00	4.96186e-05
7.49764e+00	4.93321e-05
7.51529e+00	4.90452e-05
7.53293e+00	4.87580e-05
7.55057e+00	4.84700e-05
7.56821e+00	4.81814e-05
7.58585e+00	4.78920e-05
7.60349e+00	4.76020e-05
7.62113e+00	4.73113e-05
7.63878e+00	4.70200e-05
7.65642e+00	4.67281e-05
7.67406e+00	4.64359e-05
7.69170e+00	4.61432e-05
7.70934e+00	4.58502e-05
7.72698e+00	4.55570e-05
7.74463e+00	4.52637e-05
7.76227e+00	4.49682e-05
7.77991e+00	4.46685e-05
7.79755e+00	4.43639e-05
7.81519e+00	4.40529e-05
7.83283e+00	4.37355e-05
7.85047e+00	4.34107e-05
7.86812e+00	4.30791e-05
7.88576e+00	4.27407e-05
7.90340e+00	4.23958e-05
7.92104e+00	4.20448e-05
7.93868e+00	4.16881e-05
7.95632e+00	4.13259e-05
7.97396e+00	4.09586e-05
7.99161e+00	4.05861e-05
8.00925e+00	4.02084e-05
8.02689e+00	3.98258e-05
8.04453e+00	3.94374e-05
8.06217e+00	3.90436e-05
8.07981e+00	3.86448e-05
8.09746e+00	3.82413e-05
8.11510e+00	3.78333e-05
8.13274e+00	3.74219e-05
8.15038e+00	3.70066e-05
8.16802e+00	3.65882e-05
8.18566e+00	3.61668e-05
8.20330e+00	3.57429e-05
8.22095e+00	3.53168e-05
8.23859e+00	3.48867e-05
8.25623e+00	3.44519e-05
8.27387e+00	3.40130e-05
8.29151e+00	3.35705e-05
8.30915e+00	3.31236e-05
8.32680e+00	3.26725e-05
8.34444e+00	3.22171e-05
8.36208e+00	3.17577e-05
8.37972e+00	3.12948e-05
8.39736e+00	3.08288e-05
8.41500e+00	3.03602e-05
8.43264e+00	2.98893e-05
8.45029e+00	2.94167e-05
8.46793e+00	2.89407e-05
8.48557e+00	2.84584e-05
8.50321e+00	2.79716e-05
8.52085e+00	2.74831e-05
8.53849e+00	2.69937e-05
8.55613e+00	2.65046e-05
8.57378e+00	2.60173e-05
8.59142e+00	2.55320e-05
8.60906e+00	2.50489e-05
8.62670e+00	2.45684e-05
8.64434e+00	2.40906e-05
8.66198e+00	2.36158e-05
8.67963e+00	2.31442e-05
8.69727e+00	2.26760e-05
8.71491e+00	2.22116e-05
8.73255e+00	2.17511e-05
8.75019e+00	2.12945e-05
8.76783e+00	2.08419e-05
8.78547e+00	2.03935e-05
8.80312e+00	1.99494e-05
8.82076e+00	1.95098e-05
8.83840e+00	1.90749e-05
8.85604e+00	1.86446e-05
8.87368e+00	1.82192e-05
8.89132e+00	1.77987e-05
8.90897e+00	1.73833e-05
8.92661e+00	1.69731e-05
8.94425e+00	1.65680e-05
8.96189e+00	1.61679e-05
8.97953e+00	1.57734e-05
8.99717e+00	1.53847e-05
9.01481e+00	1.50026e-05
9.03246e+00	1.46274e-05
9.05010e+00	1.42597e-05
9.06774e+00	1.38996e-05
9.08538e+00	1.35472e-05
9.10302e+00	1.32021e-05
9.12066e+00	1.28644e-05
9.13830e+00	1.25339e-05
9.15595e+00	1.22105e-05
9.17359e+00	1.18941e-05
9.19123e+00	1.15846e-05
9.20887e+00	1.12819e-05
9.22651e+00	1.09859e-05
9.24415e+00	1.06965e-05
9.26180e+00	1.04135e-05
9.27944e+00	1.01369e-05
9.29708e+00	9.86655e-06
9.31472e+00	9.60232e-06
9.33236e+00	9.34415e-06
9.35000e+00	9.09191e-06
9.36764e+00	8.84552e-06
9.38529e+00	8.60486e-06
9.40293e+00	8.36985e-06
9.42057e+00	8.14036e-06
9.43821e+00	7.91632e-06
9.45585e+00	7.69761e-06
9.47349e+00	7.48415e-06
9.49114e+00	7.27583e-06
9.50878e+00	7.07257e-06
9.52642e+00	6.87428e-06
9.54406e+00	6.68085e-06
9.56170e+00	6.49219e-06
9.57934e+00	6.30815e-06
9.59698e+00	6.12856e-06
9.61463e+00	5.95332e-06
9.63227e+00	5.78240e-06
9.64991e+00	5.61571e-06
9.66755e+00	5.45303e-06
9.68519e+00	5.29439e-06
9.70283e+00	5.13961e-06
9.72047e+00	4.98863e-06
9.73812e+00	4.84137e-06
9.75576e+00	4.69777e-06
9.77340e+00	4.55775e-06
9.79104e+00	4.42124e-06
9.80868e+00	4.28817e-06
9.82632e+00	4.15847e-06
9.84397e+00	4.03207e-06
9.86161e+00	3.90891e-06
9.87925e+00	3.78893e-06
9.89689e+00	3.67206e-06
9.91453e+00	3.55825e-06
9.93217e+00	3.44741e-06
9.94981e+00	3.33950e-06
9.96746e+00	3.23447e-06
9.98510e+00	3.13223e-06
1.00027e+01	3.03276e-06
1.00204e+01	2.93688e-06
1.00380e+01	2.84267e-06
1.00557e+01	2.75183e-06
1.00733e+01	2.66372e-06
1.00909e+01	2.57833e-06
1.01086e+01	2.49558e-06
1.01262e+01	2.41542e-06
1.01439e+01	2.33775e-06
1.01615e+01	2.26250e-06
1.01792e+01	2.18960e-06
1.01968e+01	2.11896e-06
1.02144e+01	2.05053e-06
1.02321e+01	1.98422e-06
1.02497e+01	1.91999e-06
1.02674e+01	1.85776e-06
1.02850e+01	1.79747e-06
1.03026e+01	1.73907e-06
1.03203e+01	1.68251e-06
1.03379e+01	1.62772e-06
1.03556e+01	1.57465e-06
1.03732e+01	1.52326e-06
1.03909e+01	1.47349e-06
1.04085e+01	1.42530e-06
1.04261e+01	1.37863e-06
1.04438e+01	1.33345e-06
1.04614e+01	1.28970e-06
1.04791e+01	1.24735e-06
1.04967e+01	1.20635e-06
1.05143e+01	1.16666e-06
1.05320e+01	1.12824e-06
1.05496e+01	1.09104e-06
1.05673e+01	1.05504e-06
1.05849e+01	1.02014e-06
1.06026e+01	9.86567e-07
1.06202e+01	9.53752e-07
1.06378e+01	9.22087e-07
1.06555e+01	8.91455e-07
1.06731e+01	8.61817e-07
1.06908e+01	8.33142e-07
1.07084e+01	8.05402e-07
1.07260e+01	7.78565e-07
1.07437e+01	7.52605e-07
1.07613e+01	7.27493e-07
1.07790e+01	7.03204e-07
1.07966e+01	6.79711e-07
1.08142e+01	6.56989e-07
1.08319e+01	6.35014e-07
1.08495e+01	6.13764e-07
1.08672e+01	5.93214e-07
1.08848e+01	5.73343e-07
1.09025e+01	5.54130e-07
1.09201e+01	5.35554e-07
1.09377e+01	5.17595e-07
1.09554e+01	5.00236e-07
1.09730e+01	4.83457e-07
1.09907e+01	4.67239e-07
1.10083e+01	4.51564e-07
1.10259e+01	4.36414e-07
1.10436e+01	4.21775e-07
1.10612e+01	4.07633e-07
1.10789e+01	3.93971e-07
1.10965e+01	3.80775e-07
1.11142e+01	3.68029e-07
1.11318e+01	3.55719e-07
1.11494e+01	3.43832e-07
1.11671e+01	3.32353e-07
1.11847e+01	3.21269e-07
1.12024e+01	3.10564e-07
1.12200e+01	3.00215e-07
1.12376e+01	2.90211e-07
1.12553e+01	2.80542e-07
1.12729e+01	2.71198e-07
1.12906e+01	2.62169e-07
1.13082e+01	2.53446e-07
1.13259e+01	2.45020e-07
1.13435e+01	2.36881e-07
1.13611e+01	2.29021e-07
1.13788e+01	2.21431e-07
1.13964e+01	2.14105e-07
1.14141e+01	2.07032e-07
1.14317e+01	2.00207e-07
1.14493e+01	1.93622e-07
1.14670e+01	1.87268e-07
1.14846e+01	1.81141e-07
1.15023e+01	1.75232e-07
1.15199e+01	1.69535e-07
1.15376e+01	1.64045e-07
1.15552e+01	1.58755e-07
1.15728e+01	1.53551e-07
1.15905e+01	1.48432e-07
1.16081e+01	1.43398e-07
1.16258e+01	1.38431e-07
1.16434e+01	1.33422e-07
1.16610e+01	1.28357e-07
1.16787e+01	1.23384e-07
1.16963e+01	1.18625e-07
1.17140e+01	1.14110e-07
1.17316e+01	1.09839e-07
1.17492e+01	1.05751e-07
1.17669e+01	1.01773e-07
1.17845e+01	9.79038e-08
1.18022e+01	9.41679e-08
1.18198e+01	9.05498e-08
1.18375e+01	8.69620e-08
1.18551e+01	8.31303e-08
1.18727e+01	7.95001e-08
1.18904e+01	7.61235e-08
1.19080e+01	7.27958e-08
1.19257e+01	6.95522e-08
1.19433e+01	6.64962e-08
1.19609e+01	6.36045e-08
1.19786e+01	6.08580e-08
1.19962e+01	5.82454e-08
1.20139e+01	5.57505e-08
1.20315e+01	5.33656e-08
1.20492e+01	5.10806e-08
1.20668e+01	4.88914e-08
1.20844e+01	4.67941e-08
1.21021e+01	4.47843e-08
1.21197e+01	4.28568e-08
1.21374e+01	4.10063e-08
1.21550e+01	3.92296e-08
1.21726e+01	3.75244e-08
1.21903e+01	3.58883e-08
1.22079e+01	3.43174e-08
1.22256e+01	3.28067e-08
1.22432e+01	3.13532e-08
1.22609e+01	2.99549e-08
1.22785e+01	2.86102e-08
1.22961e+01	2.73179e-08
1.23138e+01	2.60763e-08
1.23314e+01	2.48867e-08
1.23491e+01	2.37470e-08
1.23667e+01	2.26553e-08
1.23843e+01	2.16099e-08
1.24020e+01	2.06091e-08
1.24196e+01	1.96498e-08
1.24373e+01	1.87302e-08
1.24549e+01	1.78489e-08
1.24726e+01	1.70043e-08
1.24902e+01	1.61952e-08
1.25078e+01	1.54202e-08
1.25255e+01	1.46772e-08
1.25431e+01	1.39651e-08
1.25608e+01	1.32842e-08
1.25784e+01	1.26297e-08
1.25960e+01	1.20043e-08
1.26137e+01	1.14063e-08
1.26313e+01	1.08351e-08
1.26490e+01	1.02899e-08
1.26666e+01	9.76978e-09
1.26842e+01	9.27354e-09
1.27019e+01	8.80047e-09
1.27195e+01	8.35013e-09
1.27372e+01	7.92160e-09
1.27548e+01	7.51412e-09
1.27725e+01	7.12670e-09
1.27901e+01	6.75835e-09
1.28077e+01	6.40827e-09
1.28254e+01	6.07672e-09
1.28430e+01	5.76290e-09
1.28607e+01	5.46720e-09
1.28783e+01	5.18911e-09
1.28959e+01	4.92674e-09
1.29136e+01	4.67760e-09
1.29312e+01	4.43738e-09
1.29489e+01	4.21250e-09
1.29665e+01	4.00342e-09
1.29842e+01	3.80454e-09
1.30018e+01	3.61393e-09
1.30194e+01	3.42244e-09
1.30371e+01	3.22460e-09
1.30547e+01	3.02600e-09
1.30724e+01	2.84559e-09
1.30900e+01	2.68389e-09
1.31076e+01	2.53866e-09
1.31253e+01	2.40737e-09
1.31429e+01	2.28641e-09
1.31606e+01	2.17017e-09
1.31782e+01	2.05726e-09
1.31959e+01	1.94700e-09
1.32135e+01	1.84081e-09
1.32311e+01	1.74374e-09
1.32488e+01	1.65332e-09
1.32664e+01	1.56894e-09
1.32841e+01	1.48970e-09
1.33017e+01	1.41544e-09
1.33193e+01	1.34550e-09
1.33370e+01	1.27947e-09
1.33546e+01	1.21691e-09
1.33723e+01	1.15745e-09
1.33899e+01	1.10066e-09
1.34076e+01	1.04637e-09
1.34252e+01	9.94429e-10
1.34428e+01	9.44508e-10
1.34605e+01	8.96440e-10
1.34781e+01	8.50221e-10
1.34958e+01	8.06323e-10
1.35134e+01	7.64755e-10
1.35310e+01	7.25195e-10
1.35487e+01	6.87502e-10
1.35663e+01	6.51605e-10
1.35840e+01	6.17427e-10
1.36016e+01	5.84890e-10
1.36192e+01	5.53941e-10
1.36369e+01	5.24517e-10
1.36545e+01	4.96547e-10
1.36722e+01	4.69969e-10
1.36898e+01	4.44719e-10
1.37075e+01	4.20736e-10
1.37251e+01	3.97965e-10
1.37427e+01	3.76351e-10
1.37604e+01	3.55838e-10
1.37780e+01	3.36377e-10
1.37957e+01	3.17920e-10
1.38133e+01	3.00413e-10
1.38309e+01	2.83810e-10
1.38486e+01	2.68069e-10
1.38662e+01	2.53145e-10
1.38839e+01	2.38984e-10
1.39015e+01	2.25544e-10
1.39192e+01	2.12789e-10
1.39368e+01	2.00685e-10
1.39544e+01	1.89203e-10
1.39721e+01	1.78320e-10
1.39897e+01	1.68009e-10
1.40074e+01	1.58232e-10
1.40250e+01	1.48969e-10
1.40426e+01	1.40203e-10
1.40603e+01	1.31911e-10
1.40779e+01	1.24071e-10
1.40956e+01	1.16658e-10
1.41132e+01	1.09651e-10
1.41309e+01	1.03031e-10
1.41485e+01	9.67805e-11
1.41661e+01	9.08802e-11
1.41838e+01	8.53132e-11
1.42014e+01	8.00627e-11
1.42191e+01	7.51112e-11
1.42367e+01	7.04407e-11
1.42543e+01	6.60353e-11
1.42720e+01	6.18815e-11
1.42896e+01	5.79664e-11
1.43073e+01	5.42779e-11
1.43249e+01	5.08048e-11
1.43426e+01	4.75360e-11
1.43602e+01	4.44608e-11
1.43778e+01	4.15689e-11
1.43955e+01	3.88506e-11
1.44131e+01	3.62967e-11
1.44308e+01	3.38981e-11
1.44484e+01	3.16463e-11
1.44660e+01	2.95333e-11
1.44837e+01	2.75518e-11
1.45013e+01	2.56942e-11
1.45190e+01	2.39534e-11
1.45366e+01	2.23230e-11
1.45543e+01	2.07964e-11
1.45719e+01	1.93677e-11
1.45895e+01	1.80311e-11
1.46072e+01	1.67812e-11
1.46248e+01	1.56127e-11
1.46425e+01	1.45209e-11
1.46601e+01	1.35010e-11
1.46777e+01	1.25487e-11
1.46954e+01	1.16597e-11
1.47130e+01	1.08303e-11
1.47307e+01	1.00567e-11
1.47483e+01	9.33533e-12
1.47659e+01	8.66298e-12
1.47836e+01	8.03649e-12
1.48012e+01	7.45294e-12
1.48189e+01	6.90956e-12
1.48365e+01	6.40375e-12
1.48542e+01	5.93307e-12
1.48718e+01	5.49523e-12
1.48894e+01	5.08808e-12
1.49071e+01	4.70957e-12
1.49247e+01	4.35781e-12
1.49424e+01	4.03101e-12
1.49600e+01	3.72749e-12
1.49776e+01	3.44569e-12
1.49953e+01	3.18420e-12
1.50129e+01	2.94171e-12
1.50306e+01	2.71706e-12
1.50482e+01	2.50903e-12
1.50659e+01	2.31646e-12
1.50835e+01	2.13826e-12
1.51011e+01	1.97338e-12
1.51188e+01	1.82086e-12
1.51364e+01	1.67981e-12
1.51541e+01	1.54938e-12
1.51717e+01	1.42881e-12
1.51893e+01	1.31737e-12
1.52070e+01	1.21439e-12
1.52246e+01	1.11926e-12
1.52423e+01	1.03138e-12
1.52599e+01	9.50225e-13
1.52776e+01	8.75293e-13
1.52952e+01	8.06121e-13
1.53128e+01	7.42279e-13
1.53305e+01	6.83369e-13
1.53481e+01	6.29018e-13
1.53658e+01	5.78885e-13
1.53834e+01	5.32651e-13
1.54010e+01	4.90021e-13
1.54187e+01	4.50724e-13
1.54363e+01	4.14505e-13
1.54540e+01	3.81130e-13
1.54716e+01	3.50382e-13
1.54893e+01	3.22059e-13
1.55069e+01	2.95976e-13
1.55245e+01	2.71960e-13
1.55422e+01	2.49852e-13
1.55598e+01	2.29505e-13
1.55775e+01	2.10781e-13
1.55951e+01	1.93555e-13
1.56127e+01	1.77708e-13
1.56304e+01	1.63134e-13
1.56480e+01	1.49732e-13
1.56657e+01	1.37411e-13
1.56833e+01	1.26088e-13
1.57009e+01	1.15683e-13
1.57186e+01	1.06124e-13
1.57362e+01	9.73451e-14
1.57539e+01	8.92846e-14
1.57715e+01	8.18821e-14
1.57892e+01	7.50670e-14
1.58068e+01	6.87955e-14
1.58244e+01	6.30262e-14
1.58421e+01	5.77206e-14
1.58597e+01	5.28437e-14
1.58774e+01	4.83623e-14
1.58950e+01	4.42455e-14
1.59126e+01	4.04655e-14
1.59303e+01	3.69957e-14
1.59479e+01	3.38117e-14
1.59656e+01	3.08909e-14
1.59832e+01	2.82127e-14
1.60009e+01	2.57583e-14
1.60185e+01	2.35104e-14
1.60361e+01	2.14526e-14
1.60538e+01	1.95697e-14
1.60714e+01	1.78473e-14
1.60891e+01	1.62724e-14
1.61067e+01	1.48327e-14
1.61243e+01	1.35169e-14
1.61420e+01	1.23147e-14
1.61596e+01	1.12166e-14
1.61773e+01	1.02138e-14
1.61949e+01	9.29834e-15
1.62126e+01	8.46288e-15
1.62302e+01	7.70057e-15
1.62478e+01	7.00518e-15
1.62655e+01	6.37102e-15
1.62831e+01	5.79286e-15
1.63008e+01	5.26591e-15
1.63184e+01	4.78573e-15
1.63360e+01	4.34826e-15
1.63537e+01	3.94986e-15
1.63713e+01	3.58710e-15
1.63890e+01	3.25687e-15
1.64066e+01	2.95636e-15
1.64243e+01	2.68295e-15
1.64419e+01	2.43425e-15
1.64595e+01	2.20809e-15
1.64772e+01	2.00250e-15
1.64948e+01	1.81563e-15
1.65125e+01	1.64582e-15
1.65301e+01	1.49153e-15
1.65477e+01	1.35137e-15
1.65654e+01	1.22408e-15
1.65830e+01	1.10852e-15
1.66007e+01	1.00363e-15
1.66183e+01	9.08445e-16
1.66359e+01	8.22093e-16
1.66536e+01	7.43768e-16
1.66712e+01	6.72745e-16
1.66889e+01	6.08360e-16
1.67065e+01	5.50008e-16
1.67242e+01	4.97137e-16
1.67418e+01	4.49244e-16
1.67594e+01	4.05869e-16
1.67771e+01	3.66597e-16
1.67947e+01	3.31050e-16
1.68124e+01	2.98880e-16
1.68300e+01	2.69773e-16
1.68476e+01	2.43445e-16
1.68653e+01	2.19637e-16
1.68829e+01	1.98112e-16
1.69006e+01	1.78658e-16
1.69182e+01	1.61077e-16
1.69359e+01	1.45194e-16
1.69535e+01	1.30847e-16
1.69711e+01	1.17893e-16
1.69888e+01	1.06198e-16
1.70064e+01	9.56433e-17
1.70241e+01	8.61205e-17
1.70417e+01	7.75309e-17
1.70593e+01	6.97852e-17
1.70770e+01	6.28026e-17
1.70946e+01	5.65096e-17
1.71123e+01	5.08395e-17
1.71299e+01	4.57322e-17
1.71476e+01	4.11328e-17
1.71652e+01	3.69920e-17
1.71828e+01	3.32652e-17
1.72005e+01	2.99121e-17
1.72181e+01	2.68964e-17
1.72358e+01	2.41851e-17
1.72534e+01	2.17485e-17
1.72710e+01	1.95600e-17
1.72887e+01	1.75953e-17
1.73063e+01	1.58327e-17
1.73240e+01	1.42525e-17
1.73416e+01	1.28370e-17
1.73593e+01	1.15705e-17
1.73769e+01	1.04387e-17
1.73945e+01	9.42904e-18
1.74122e+01	8.53011e-18
1.74298e+01	7.73168e-18
1.74475e+01	7.02465e-18
1.74651e+01	6.40091e-18
1.74827e+01	5.85332e-18
1.75004e+01	5.37560e-18
1.75180e+01	4.96224e-18
1.75357e+01	4.60850e-18
1.75533e+01	4.31028e-18
1.75709e+01	4.06415e-18
1.75886e+01	3.86728e-18
1.76062e+01	3.71740e-18
1.76239e+01	3.61332e-18
1.76415e+01	3.55006e-18
