# The ell = 1 distribution, the first anisotropy.
# E_N [Td]	1.20000e+01
# col_1: Electron Energy [eV], col_2: f1 [eV^(-3/2)]
eV	f1
1.87688e-02	3.20176e-05
3.75375e-02	7.18633e-05
5.63063e-02	1.09370e-04
7.50751e-02	1.39712e-04
9.38438e-02	1.67338e-04
1.12613e-01	1.92665e-04
1.31381e-01	2.17405e-04
1.50150e-01	2.41546e-04
1.68919e-01	2.65847e-04
1.87688e-01	2.90624e-04
2.06456e-01	3.16296e-04
2.25225e-01	3.43476e-04
2.43994e-01	3.73169e-04
2.62763e-01	4.07349e-04
2.81532e-01	4.45056e-04
3.00300e-01	4.88424e-04
3.19069e-01	5.33965e-04
3.37838e-01	5.88247e-04
3.56607e-01	6.52009e-04
3.75375e-01	7.29217e-04
3.94144e-01	8.30326e-04
4.12913e-01	9.49955e-04
4.31682e-01	1.09915e-03
4.50450e-01	1.27204e-03
4.69219e-01	1.47112e-03
4.87988e-01	1.70363e-03
5.06757e-01	1.96134e-03
5.25526e-01	2.26094e-03
5.44294e-01	2.61404e-03
5.63063e-01	3.00893e-03
5.81832e-01	3.44381e-03
6.00601e-01	3.93111e-03
6.19369e-01	4.45968e-03
6.38138e-01	5.06669e-03
6.56907e-01	5.76811e-03
6.75676e-01	6.54544e-03
6.94444e-01	7.39329e-03
7.13213e-01	8.36854e-03
7.31982e-01	9.45014e-03
7.50751e-01	1.05892e-02
7.69520e-01	1.18133e-02
7.88288e-01	1.31182e-02
8.07057e-01	1.44811e-02
8.25826e-01	1.58861e-02
8.44595e-01	1.73255e-02
8.63363e-01	1.87877e-02
8.82132e-01	2.03051e-02
9.00901e-01	2.19410e-02
9.19670e-01	2.36730e-02
9.38438e-01	2.54983e-02
9.57207e-01	2.74790e-02
9.75976e-01	2.96256e-02
9.94745e-01	3.19061e-02
1.01351e+00	3.43811e-02
1.03228e+00	3.70260e-02
1.05105e+00	3.98062e-02
1.06982e+00	4.27218e-02
1.08859e+00	4.58381e-02
1.10736e+00	4.89537e-02
1.12613e+00	5.20567e-02
1.14489e+00	5.51548e-02
1.16366e+00	5.82718e-02
1.18243e+00	6.13671e-02
1.20120e+00	6.44333e-02
1.21997e+00	6.74893e-02
1.23874e+00	7.06002e-02
1.25751e+00	7.37501e-02
1.27628e+00	7.69235e-02
1.29505e+00	8.01276e-02
1.31381e+00	8.35124e-02
1.33258e+00	8.70996e-02
1.35135e+00	9.08547e-02
1.37012e+00	9.47455e-02
1.38889e+00	9.83635e-02
1.40766e+00	1.01767e-01
1.42643e+00	1.04973e-01
1.44520e+00	1.07991e-01
1.46396e+00	1.10779e-01
1.48273e+00	1.13373e-01
1.50150e+00	1.15853e-01
1.52027e+00	1.18225e-01
1.53904e+00	1.20495e-01
1.55781e+00	1.22691e-01
1.57658e+00	1.25269e-01
1.59535e+00	1.28183e-01
1.61411e+00	1.31378e-01
1.63288e+00	1.34823e-01
1.65165e+00	1.38514e-01
1.67042e+00	1.42133e-01
1.68919e+00	1.45619e-01
1.70796e+00	1.48962e-01
1.72673e+00	1.52160e-01
1.74550e+00	1.55026e-01
1.76426e+00	1.57096e-01
1.78303e+00	1.58375e-01
1.80180e+00	1.58889e-01
1.82057e+00	1.58619e-01
1.83934e+00	1.57619e-01
1.85811e+00	1.56005e-01
1.87688e+00	1.53714e-01
1.89565e+00	1.50510e-01
1.91441e+00	1.46478e-01
1.93318e+00	1.41769e-01
1.95195e+00	1.36458e-01
1.97072e+00	1.30801e-01
1.98949e+00	1.24891e-01
2.00826e+00	1.18759e-01
2.02703e+00	1.12627e-01
2.04580e+00	1.06882e-01
2.06456e+00	1.01537e-01
2.08333e+00	9.65422e-02
2.10210e+00	9.18766e-02
2.12087e+00	8.73764e-02
2.13964e+00	8.26538e-02
2.15841e+00	7.79029e-02
2.17718e+00	7.33144e-02
2.19595e+00	6.88871e-02
2.21471e+00	6.46474e-02
2.23348e+00	6.06507e-02
2.25225e+00	5.69584e-02
2.27102e+00	5.35078e-02
2.28979e+00	5.02877e-02
2.30856e+00	4.72861e-02
2.32733e+00	4.44361e-02
2.34610e+00	4.17426e-02
2.36486e+00	3.92132e-02
2.38363e+00	3.68103e-02
2.40240e+00	3.45341e-02
2.42117e+00	3.24989e-02
2.43994e+00	3.05478e-02
2.45871e+00	2.86413e-02
2.47748e+00	2.67613e-02
2.49625e+00	2.49618e-02
2.51502e+00	2.33039e-02
2.53378e+00	2.17396e-02
2.55255e+00	2.03203e-02
2.57132e+00	1.90215e-02
2.59009e+00	1.78387e-02
2.60886e+00	1.67805e-02
2.62763e+00	1.57744e-02
2.64640e+00	1.48103e-02
2.66517e+00	1.39043e-02
2.68393e+00	1.30530e-02
2.70270e+00	1.22488e-02
2.72147e+00	1.15088e-02
2.74024e+00	1.08523e-02
2.75901e+00	1.02779e-02
2.77778e+00	9.74797e-03
2.79655e+00	9.24370e-03
2.81532e+00	8.76990e-03
2.83408e+00	8.30661e-03
2.85285e+00	7.84880e-03
2.87162e+00	7.39105e-03
2.89039e+00	6.93463e-03
2.90916e+00	6.51711e-03
2.92793e+00	6.13748e-03
2.94670e+00	5.79480e-03
2.96547e+00	5.48670e-03
2.98423e+00	5.21535e-03
3.00300e+00	4.97372e-03
3.02177e+00	4.74848e-03
3.04054e+00	4.52990e-03
3.05931e+00	4.31726e-03
3.07808e+00	4.11177e-03
3.09685e+00	3.91298e-03
3.11562e+00	3.72586e-03
3.13438e+00	3.55085e-03
3.15315e+00	3.38992e-03
3.17192e+00	3.23948e-03
3.19069e+00	3.09538e-03
3.20946e+00	2.95729e-03
3.22823e+00	2.82491e-03
3.24700e+00	2.69786e-03
3.26577e+00	2.57548e-03
3.28453e+00	2.45956e-03
3.30330e+00	2.35134e-03
3.32207e+00	2.25118e-03
3.34084e+00	2.15919e-03
3.35961e+00	2.07389e-03
3.37838e+00	1.99513e-03
3.39715e+00	1.92184e-03
3.41592e+00	1.85386e-03
3.43468e+00	1.78938e-03
3.45345e+00	1.72781e-03
3.47222e+00	1.66925e-03
3.49099e+00	1.61368e-03
3.50976e+00	1.56134e-03
3.52853e+00	1.51150e-03
3.54730e+00	1.46399e-03
3.56607e+00	1.41829e-03
3.58483e+00	1.37363e-03
3.60360e+00	1.33034e-03
3.62237e+00	1.28887e-03
3.64114e+00	1.24906e-03
3.65991e+00	1.21085e-03
3.67868e+00	1.17430e-03
3.69745e+00	1.13942e-03
3.71622e+00	1.10611e-03
3.73498e+00	1.07464e-03
3.75375e+00	1.04501e-03
3.77252e+00	1.01732e-03
3.79129e+00	9.91661e-04
3.81006e+00	9.67982e-04
3.82883e+00	9.46190e-04
3.84760e+00	9.26243e-04
3.86637e+00	9.07975e-04
3.88514e+00	8.90597e-04
3.90390e+00	8.74012e-04
3.92267e+00	8.58158e-04
3.94144e+00	8.43011e-04
3.96021e+00	8.28568e-04
3.97898e+00	8.14828e-04
3.99775e+00	8.01763e-04
4.01652e+00	7.89190e-04
4.03529e+00	7.77031e-04
4.05405e+00	7.65031e-04
4.07282e+00	7.53189e-04
4.09159e+00	7.41509e-04
4.11036e+00	7.29969e-04
4.12913e+00	7.18567e-04
4.14790e+00	7.07285e-04
4.16667e+00	6.96116e-04
4.18544e+00	6.85060e-04
4.20420e+00	6.74110e-04
4.22297e+00	6.63253e-04
4.24174e+00	6.52487e-04
4.26051e+00	6.41817e-04
4.27928e+00	6.31197e-04
4.29805e+00	6.20599e-04
4.31682e+00	6.10024e-04
4.33559e+00	5.99470e-04
4.35435e+00	5.88938e-04
4.37312e+00	5.78435e-04
4.39189e+00	5.67973e-04
4.41066e+00	5.57556e-04
4.42943e+00	5.47202e-04
4.44820e+00	5.36958e-04
4.46697e+00	5.26806e-04
4.48574e+00	5.16753e-04
4.50450e+00	5.06792e-04
4.52327e+00	4.96923e-04
4.54204e+00	4.87175e-04
4.56081e+00	4.77653e-04
4.57958e+00	4.68375e-04
4.59835e+00	4.59335e-04
4.61712e+00	4.50532e-04
4.63589e+00	4.41960e-04
4.65465e+00	4.33697e-04
4.67342e+00	4.25762e-04
4.69219e+00	4.18150e-04
4.71096e+00	4.10854e-04
4.72973e+00	4.03871e-04
4.74850e+00	3.97194e-04
4.76727e+00	3.90820e-04
4.78604e+00	3.84742e-04
4.80480e+00	3.78955e-04
4.82357e+00	3.73458e-04
4.84234e+00	3.68263e-04
4.86111e+00	3.63425e-04
4.87988e+00	3.58937e-04
4.89865e+00	3.54792e-04
4.91742e+00	3.50982e-04
4.93619e+00	3.47429e-04
4.95495e+00	3.44089e-04
4.97372e+00	3.40936e-04
4.99249e+00	3.37966e-04
5.01126e+00	3.35164e-04
5.03003e+00	3.32520e-04
5.04880e+00	3.30007e-04
5.06757e+00	3.27615e-04
5.08634e+00	3.25342e-04
5.10511e+00	3.23184e-04
5.12387e+00	3.21104e-04
5.14264e+00	3.19041e-04
5.16141e+00	3.16994e-04
5.18018e+00	3.14962e-04
5.19895e+00	3.12946e-04
5.21772e+00	3.10945e-04
5.23649e+00	3.08960e-04
5.25526e+00	3.06989e-04
5.27402e+00	3.05034e-04
5.29279e+00	3.03093e-04
5.31156e+00	3.01168e-04
5.33033e+00	2.99257e-04
5.34910e+00	2.97361e-04
5.36787e+00	2.95479e-04
5.38664e+00	2.93612e-04
5.40541e+00	2.91759e-04
5.42417e+00	2.89921e-04
5.44294e+00	2.88096e-04
5.46171e+00	2.86286e-04
5.48048e+00	2.84489e-04
5.49925e+00	2.82707e-04
5.51802e+00	2.80938e-04
5.53679e+00	2.79183e-04
5.55556e+00	2.77442e-04
5.57432e+00	2.75714e-04
5.59309e+00	2.74000e-04
5.61186e+00	2.72299e-04
5.63063e+00	2.70612e-04
5.64940e+00	2.68937e-04
5.66817e+00	2.67276e-04
5.68694e+00	2.65627e-04
5.70571e+00	2.63992e-04
5.72447e+00	2.62370e-04
5.74324e+00	2.60762e-04
5.76201e+00	2.59166e-04
5.78078e+00	2.57583e-04
5.79955e+00	2.56014e-04
5.81832e+00	2.54457e-04
5.83709e+00	2.52912e-04
5.85586e+00	2.51381e-04
5.87462e+00	2.49861e-04
5.89339e+00	2.48354e-04
5.91216e+00	2.46860e-04
5.93093e+00	2.45378e-04
5.94970e+00	2.43908e-04
5.96847e+00	2.42451e-04
5.98724e+00	2.41007e-04
6.00601e+00	2.39573e-04
6.02477e+00	2.38157e-04
6.04354e+00	2.36746e-04
6.06231e+00	2.35347e-04
6.08108e+00	2.33961e-04
6.09985e+00	2.32587e-04
6.11862e+00	2.31224e-04
6.13739e+00	2.29874e-04
6.15616e+00	2.28534e-04
6.17492e+00	2.27207e-04
6.19369e+00	2.25890e-04
6.21246e+00	2.24586e-04
6.23123e+00	2.23293e-04
6.25000e+00	2.22010e-04
6.26877e+00	2.20740e-04
6.28754e+00	2.19480e-04
6.30631e+00	2.18231e-04
6.32508e+00	2.16993e-04
6.34384e+00	2.15766e-04
6.36261e+00	2.14549e-04
6.38138e+00	2.13343e-04
6.40015e+00	2.12148e-04
6.41892e+00	2.10963e-04
6.43769e+00	2.09788e-04
6.45646e+00	2.08624e-04
6.47523e+00	2.07471e-04
6.49399e+00	2.06328e-04
6.51276e+00	2.05196e-04
6.53153e+00	2.04073e-04
6.55030e+00	2.02962e-04
6.56907e+00	2.01860e-04
6.58784e+00	2.00768e-04
6.60661e+00	1.99685e-04
6.62538e+00	1.98613e-04
6.64414e+00	1.97551e-04
6.66291e+00	1.96497e-04
6.68168e+00	1.95454e-04
6.70045e+00	1.94421e-04
6.71922e+00	1.93398e-04
6.73799e+00	1.92383e-04
6.75676e+00	1.91374e-04
6.77553e+00	1.90370e-04
6.79429e+00	1.89372e-04
6.81306e+00	1.88379e-04
6.83183e+00	1.87392e-04
6.85060e+00	1.86410e-04
6.86937e+00	1.85433e-04
6.88814e+00	1.84462e-04
6.90691e+00	1.83495e-04
6.92568e+00	1.82539e-04
6.94444e+00	1.81582e-04
6.96321e+00	1.80627e-04
6.98198e+00	1.79680e-04
7.00075e+00	1.78740e-04
7.01952e+00	1.77807e-04
7.03829e+00	1.76881e-04
7.05706e+00	1.75962e-04
7.07583e+00	1.75055e-04
7.09459e+00	1.74143e-04
7.11336e+00	1.73244e-04
7.13213e+00	1.72352e-04
7.15090e+00	1.71466e-04
7.16967e+00	1.70588e-04
7.18844e+00	1.69717e-04
7.20721e+00	1.68853e-04
7.22598e+00	1.67995e-04
7.24474e+00	1.67146e-04
7.26351e+00	1.66306e-04
7.28228e+00	1.65475e-04
7.30105e+00	1.64654e-04
7.31982e+00	1.63841e-04
7.33859e+00	1.63038e-04
7.35736e+00	1.62243e-04
7.37613e+00	1.61453e-04
7.39489e+00	1.60660e-04
7.41366e+00	1.59864e-04
7.43243e+00	1.59065e-04
7.45120e+00	1.58263e-04
7.46997e+00	1.57459e-04
7.48874e+00	1.56654e-04
7.50751e+00	1.55847e-04
7.52628e+00	1.55038e-04
7.54505e+00	1.54228e-04
7.56381e+00	1.53415e-04
7.58258e+00	1.52599e-04
7.60135e+00	1.51782e-04
7.62012e+00	1.50961e-04
7.63889e+00	1.50139e-04
7.65766e+00	1.49314e-04
7.67643e+00	1.48488e-04
7.69520e+00	1.47659e-04
7.71396e+00	1.46830e-04
7.73273e+00	1.45999e-04
7.75150e+00	1.45167e-04
7.77027e+00	1.44323e-04
7.78904e+00	1.43466e-04
7.80781e+00	1.42591e-04
7.82658e+00	1.41697e-04
7.84535e+00	1.40781e-04
7.86411e+00	1.39843e-04
7.88288e+00	1.38884e-04
7.90165e+00	1.37905e-04
7.92042e+00	1.36906e-04
7.93919e+00	1.35888e-04
7.95796e+00	1.34852e-04
7.97673e+00	1.33800e-04
7.99550e+00	1.32731e-04
8.01426e+00	1.31644e-04
8.03303e+00	1.30539e-04
8.05180e+00	1.29416e-04
8.07057e+00	1.28274e-04
8.08934e+00	1.27116e-04
8.10811e+00	1.25940e-04
8.12688e+00	1.24752e-04
8.14565e+00	1.23548e-04
8.16441e+00	1.22332e-04
8.18318e+00	1.21105e-04
8.20195e+00	1.19866e-04
8.22072e+00	1.18617e-04
8.23949e+00	1.17353e-04
8.25826e+00	1.16071e-04
8.27703e+00	1.14773e-04
8.29580e+00	1.13461e-04
8.31456e+00	1.12130e-04
8.33333e+00	1.10783e-04
8.35210e+00	1.09419e-04
8.37087e+00	1.08038e-04
8.38964e+00	1.06642e-04
8.40841e+00	1.05234e-04
8.42718e+00	1.03813e-04
8.44595e+00	1.02381e-04
8.46471e+00	1.00937e-04
8.48348e+00	9.94683e-05
8.50225e+00	9.79779e-05
8.52102e+00	9.64770e-05
8.53979e+00	9.49675e-05
8.55856e+00	9.34543e-05
8.57733e+00	9.19413e-05
8.59610e+00	9.04296e-05
8.61486e+00	8.89200e-05
8.63363e+00	8.74132e-05
8.65240e+00	8.59102e-05
8.67117e+00	8.44117e-05
8.68994e+00	8.29186e-05
8.70871e+00	8.14317e-05
8.72748e+00	7.99520e-05
8.74625e+00	7.84796e-05
8.76502e+00	7.70148e-05
8.78378e+00	7.55582e-05
8.80255e+00	7.41105e-05
8.82132e+00	7.26721e-05
8.84009e+00	7.12437e-05
8.85886e+00	6.98258e-05
8.87763e+00	6.84188e-05
8.89640e+00	6.70232e-05
8.91517e+00	6.56390e-05
8.93393e+00	6.42685e-05
8.95270e+00	6.29081e-05
8.97147e+00	6.15616e-05
8.99024e+00	6.02293e-05
9.00901e+00	5.89138e-05
9.02778e+00	5.76165e-05
9.04655e+00	5.63406e-05
9.06532e+00	5.50871e-05
9.08408e+00	5.38558e-05
9.10285e+00	5.26463e-05
9.12162e+00	5.14584e-05
9.14039e+00	5.02921e-05
9.15916e+00	4.91471e-05
9.17793e+00	4.80231e-05
9.19670e+00	4.69199e-05
9.21547e+00	4.58372e-05
9.23423e+00	4.47748e-05
9.25300e+00	4.37325e-05
9.27177e+00	4.27100e-05
9.29054e+00	4.17071e-05
9.30931e+00	4.07234e-05
9.32808e+00	3.97588e-05
9.34685e+00	3.88131e-05
9.36562e+00	3.78860e-05
9.38438e+00	3.69772e-05
9.40315e+00	3.60866e-05
9.42192e+00	3.52138e-05
9.44069e+00	3.43587e-05
9.45946e+00	3.35209e-05
9.47823e+00	3.27003e-05
9.49700e+00	3.18966e-05
9.51577e+00	3.11096e-05
9.53453e+00	3.03391e-05
9.55330e+00	2.95847e-05
9.57207e+00	2.88463e-05
9.59084e+00	2.81230e-05
9.60961e+00	2.74146e-05
9.62838e+00	2.67209e-05
9.64715e+00	2.60419e-05
9.66592e+00	2.53766e-05
9.68468e+00	2.47254e-05
9.70345e+00	2.40876e-05
9.72222e+00	2.34629e-05
9.74099e+00	2.28513e-05
9.75976e+00	2.22526e-05
9.77853e+00	2.16665e-05
9.79730e+00	2.10928e-05
9.81607e+00	2.05314e-05
9.83483e+00	1.99820e-05
9.85360e+00	1.94445e-05
9.87237e+00	1.89188e-05
9.89114e+00	1.84046e-05
9.90991e+00	1.79018e-05
9.92868e+00	1.74101e-05
9.94745e+00	1.69295e-05
9.96622e+00	1.64597e-05
9.98498e+00	1.60005e-05
1.00038e+01	1.55526e-05
1.00225e+01	1.51177e-05
1.00413e+01	1.46900e-05
1.00601e+01	1.42757e-05
1.00788e+01	1.38723e-05
1.00976e+01	1.34798e-05
1.01164e+01	1.30981e-05
1.01351e+01	1.27268e-05
1.01539e+01	1.23657e-05
1.01727e+01	1.20145e-05
1.01914e+01	1.16729e-05
1.02102e+01	1.13407e-05
1.02290e+01	1.10175e-05
1.02477e+01	1.07032e-05
1.02665e+01	1.03975e-05
1.02853e+01	1.01002e-05
1.03041e+01	9.81102e-06
1.03228e+01	9.52985e-06
1.03416e+01	9.25645e-06
1.03604e+01	8.99060e-06
1.03791e+01	8.73213e-06
1.03979e+01	8.48083e-06
1.04167e+01	8.23652e-06
1.04354e+01	7.99903e-06
1.04542e+01	7.76817e-06
1.04730e+01	7.54377e-06
1.04917e+01	7.32567e-06
1.05105e+01	7.11369e-06
1.05293e+01	6.90767e-06
1.05480e+01	6.70745e-06
1.05668e+01	6.51284e-06
1.05856e+01	6.32339e-06
1.06044e+01	6.14061e-06
1.06231e+01	5.96081e-06
1.06419e+01	5.78699e-06
1.06607e+01	5.61803e-06
1.06794e+01	5.45390e-06
1.06982e+01	5.29447e-06
1.07170e+01	5.13961e-06
1.07357e+01	4.98919e-06
1.07545e+01	4.84309e-06
1.07733e+01	4.70120e-06
1.07920e+01	4.56341e-06
1.08108e+01	4.42959e-06
1.08296e+01	4.29965e-06
1.08483e+01	4.17347e-06
1.08671e+01	4.05097e-06
1.08859e+01	3.93202e-06
1.09047e+01	3.81655e-06
1.09234e+01	3.70446e-06
1.09422e+01	3.59565e-06
1.09610e+01	3.49005e-06
1.09797e+01	3.38757e-06
1.09985e+01	3.28812e-06
1.10173e+01	3.19160e-06
1.10360e+01	3.09795e-06
1.10548e+01	3.00711e-06
1.10736e+01	2.91899e-06
1.10923e+01	2.83353e-06
1.11111e+01	2.75066e-06
1.11299e+01	2.67029e-06
1.11486e+01	2.59237e-06
1.11674e+01	2.51682e-06
1.11862e+01	2.44358e-06
1.12050e+01	2.37255e-06
1.12237e+01	2.30359e-06
1.12425e+01	2.23665e-06
1.12613e+01	2.17169e-06
1.12800e+01	2.10865e-06
1.12988e+01	2.04749e-06
1.13176e+01	1.98816e-06
1.13363e+01	1.93061e-06
1.13551e+01	1.87479e-06
1.13739e+01	1.82067e-06
1.13926e+01	1.76819e-06
1.14114e+01	1.71732e-06
1.14302e+01	1.66802e-06
1.14489e+01	1.62024e-06
1.14677e+01	1.57395e-06
1.14865e+01	1.52912e-06
1.15053e+01	1.48570e-06
1.15240e+01	1.44365e-06
1.15428e+01	1.40296e-06
1.15616e+01	1.36335e-06
1.15803e+01	1.32409e-06
1.15991e+01	1.28524e-06
1.16179e+01	1.24673e-06
1.16366e+01	1.20828e-06
1.16554e+01	1.16879e-06
1.16742e+01	1.12915e-06
1.16929e+01	1.09092e-06
1.17117e+01	1.05446e-06
1.17305e+01	1.01984e-06
1.17492e+01	9.86590e-07
1.17680e+01	9.54052e-07
1.17868e+01	9.22224e-07
1.18056e+01	8.91349e-07
1.18243e+01	8.61190e-07
1.18431e+01	8.30020e-07
1.18619e+01	7.97889e-07
1.18806e+01	7.67886e-07
1.18994e+01	7.38926e-07
1.19182e+01	7.09881e-07
1.19369e+01	6.82313e-07
1.19557e+01	6.56161e-07
1.19745e+01	6.31232e-07
1.19932e+01	6.07419e-07
1.20120e+01	5.84570e-07
1.20308e+01	5.62614e-07
1.20495e+01	5.41466e-07
1.20683e+01	5.21093e-07
1.20871e+01	5.01468e-07
1.21059e+01	4.82554e-07
1.21246e+01	4.64307e-07
1.21434e+01	4.46684e-07
1.21622e+01	4.29669e-07
1.21809e+01	4.13244e-07
1.21997e+01	3.97393e-07
1.22185e+01	3.82062e-07
1.22372e+01	3.67224e-07
1.22560e+01	3.52859e-07
1.22748e+01	3.38957e-07
1.22935e+01	3.25510e-07
1.23123e+01	3.12506e-07
1.23311e+01	2.99969e-07
1.23498e+01	2.87884e-07
1.23686e+01	2.76237e-07
1.23874e+01	2.65015e-07
1.24062e+01	2.54202e-07
1.24249e+01	2.43770e-07
1.24437e+01	2.33706e-07
1.24625e+01	2.23999e-07
1.24812e+01	2.14637e-07
1.25000e+01	2.05610e-07
1.25188e+01	1.96902e-07
1.25375e+01	1.88497e-07
1.25563e+01	1.80407e-07
1.25751e+01	1.72581e-07
1.25938e+01	1.65045e-07
1.26126e+01	1.57792e-07
1.26314e+01	1.50817e-07
1.26502e+01	1.44117e-07
1.26689e+01	1.37681e-07
1.26877e+01	1.31500e-07
1.27065e+01	1.25571e-07
1.27252e+01	1.19890e-07
1.27440e+01	1.14451e-07
1.27628e+01	1.09246e-07
1.27815e+01	1.04265e-07
1.28003e+01	9.94985e-08
1.28191e+01	9.49495e-08
1.28378e+01	9.06160e-08
1.28566e+01	8.65018e-08
1.28754e+01	8.26094e-08
1.28941e+01	7.89199e-08
1.29129e+01	7.53956e-08
1.29317e+01	7.19745e-08
1.29505e+01	6.87549e-08
1.29692e+01	6.57455e-08
1.29880e+01	6.28540e-08
1.30068e+01	6.00550e-08
1.30255e+01	5.71541e-08
1.30443e+01	5.41300e-08
1.30631e+01	5.11910e-08
1.30818e+01	4.85698e-08
1.31006e+01	4.62020e-08
1.31194e+01	4.40593e-08
1.31381e+01	4.20967e-08
1.31569e+01	4.02176e-08
1.31757e+01	3.83840e-08
1.31944e+01	3.65760e-08
1.32132e+01	3.48169e-08
1.32320e+01	3.32030e-08
1.32508e+01	3.16910e-08
1.32695e+01	3.02720e-08
1.32883e+01	2.89337e-08
1.33071e+01	2.76710e-08
1.33258e+01	2.64744e-08
1.33446e+01	2.53358e-08
1.33634e+01	2.42499e-08
1.33821e+01	2.32084e-08
1.34009e+01	2.22058e-08
1.34197e+01	2.12406e-08
1.34384e+01	2.03071e-08
1.34572e+01	1.94030e-08
1.34760e+01	1.85250e-08
1.34947e+01	1.76847e-08
1.35135e+01	1.68839e-08
1.35323e+01	1.61165e-08
1.35511e+01	1.53802e-08
1.35698e+01	1.46742e-08
1.35886e+01	1.39972e-08
1.36074e+01	1.33482e-08
1.36261e+01	1.27268e-08
1.36449e+01	1.21318e-08
1.36637e+01	1.15624e-08
1.36824e+01	1.10175e-08
1.37012e+01	1.04962e-08
1.37200e+01	9.99764e-09
1.37387e+01	9.52098e-09
1.37575e+01	9.06531e-09
1.37763e+01	8.62987e-09
1.37950e+01	8.21387e-09
1.38138e+01	7.81642e-09
1.38326e+01	7.43670e-09
1.38514e+01	7.07405e-09
1.38701e+01	6.72766e-09
1.38889e+01	6.39639e-09
1.39077e+01	6.07963e-09
1.39264e+01	5.77666e-09
1.39452e+01	5.48698e-09
1.39640e+01	5.21011e-09
1.39827e+01	4.94575e-09
1.40015e+01	4.69316e-09
1.40203e+01	4.45186e-09
1.40390e+01	4.22168e-09
1.40578e+01	4.00213e-09
1.40766e+01	3.79293e-09
1.40953e+01	3.59351e-09
1.41141e+01	3.40350e-09
1.41329e+01	3.22255e-09
1.41517e+01	3.05029e-09
1.41704e+01	2.88637e-09
1.41892e+01	2.73046e-09
1.42080e+01	2.58223e-09
1.42267e+01	2.44125e-09
1.42455e+01	2.30716e-09
1.42643e+01	2.17962e-09
1.42830e+01	2.05837e-09
1.43018e+01	1.94315e-09
1.43206e+01	1.83370e-09
1.43393e+01	1.72980e-09
1.43581e+01	1.63119e-09
1.43769e+01	1.53766e-09
1.43956e+01	1.44898e-09
1.44144e+01	1.36492e-09
1.44332e+01	1.28529e-09
1.44520e+01	1.20988e-09
1.44707e+01	1.13850e-09
1.44895e+01	1.07098e-09
1.45083e+01	1.00712e-09
1.45270e+01	9.46758e-10
1.45458e+01	8.89722e-10
1.45646e+01	8.35852e-10
1.45833e+01	7.84991e-10
1.46021e+01	7.36991e-10
1.46209e+01	6.91707e-10
1.46396e+01	6.49002e-10
1.46584e+01	6.08744e-10
1.46772e+01	5.70805e-10
1.46959e+01	5.35065e-10
1.47147e+01	5.01410e-10
1.47335e+01	4.69727e-10
1.47523e+01	4.39913e-10
1.47710e+01	4.11865e-10
1.47898e+01	3.85487e-10
1.48086e+01	3.60689e-10
1.48273e+01	3.37383e-10
1.48461e+01	3.15485e-10
1.48649e+01	2.94918e-10
1.48836e+01	2.75608e-10
1.49024e+01	2.57482e-10
1.49212e+01	2.40474e-10
1.49399e+01	2.24519e-10
1.49587e+01	2.09556e-10
1.49775e+01	1.95530e-10
1.49962e+01	1.82388e-10
1.50150e+01	1.70083e-10
1.50338e+01	1.58575e-10
1.50526e+01	1.47815e-10
1.50713e+01	1.37760e-10
1.50901e+01	1.28364e-10
1.51089e+01	1.19588e-10
1.51276e+01	1.11391e-10
1.51464e+01	1.03738e-10
1.51652e+01	9.65924e-11
1.51839e+01	8.99230e-11
1.52027e+01	8.36991e-11
1.52215e+01	7.78921e-11
1.52402e+01	7.24752e-11
1.52590e+01	6.74232e-11
1.52778e+01	6.27123e-11
1.52965e+01	5.83205e-11
1.53153e+01	5.42268e-11
1.53341e+01	5.04118e-11
1.53529e+01	4.68571e-11
1.53716e+01	4.35456e-11
1.53904e+01	4.04614e-11
1.54092e+01	3.75893e-11
1.54279e+01	3.49153e-11
1.54467e+01	3.24263e-11
1.54655e+01	3.01098e-11
1.54842e+01	2.79544e-11
1.55030e+01	2.59492e-11
1.55218e+01	2.40841e-11
1.55405e+01	2.23498e-11
1.55593e+01	2.07372e-11
1.55781e+01	1.92382e-11
1.55968e+01	1.78451e-11
1.56156e+01	1.65504e-11
1.56344e+01	1.53475e-11
1.56532e+01	1.42301e-11
1.56719e+01	1.31923e-11
1.56907e+01	1.22288e-11
1.57095e+01	1.13344e-11
1.57282e+01	1.05043e-11
1.57470e+01	9.73417e-12
1.57658e+01	9.01983e-12
1.57845e+01	8.35551e-12
1.58033e+01	7.73759e-12
1.58221e+01	7.16300e-12
1.58408e+01	6.62887e-12
1.58596e+01	6.13258e-12
1.58784e+01	5.67158e-12
1.58971e+01	5.24349e-12
1.59159e+01	4.84615e-12
1.59347e+01	4.47745e-12
1.59535e+01	4.13541e-12
1.59722e+01	3.81824e-12
1.59910e+01	3.52425e-12
1.60098e+01	3.25193e-12
1.60285e+01	2.99983e-12
1.60473e+01	2.76655e-12
1.60661e+01	2.55077e-12
1.60848e+01	2.35125e-12
1.61036e+01	2.16681e-12
1.61224e+01	1.99635e-12
1.61411e+01	1.83886e-12
1.61599e+01	1.69338e-12
1.61787e+01	1.55904e-12
1.61974e+01	1.43503e-12
1.62162e+01	1.32056e-12
1.62350e+01	1.21495e-12
1.62538e+01	1.11751e-12
1.62725e+01	1.02765e-12
1.62913e+01	9.44804e-13
1.63101e+01	8.68438e-13
1.63288e+01	7.98057e-13
1.63476e+01	7.33213e-13
1.63664e+01	6.73488e-13
1.63851e+01	6.18485e-13
1.64039e+01	5.67849e-13
1.64227e+01	5.21244e-13
1.64414e+01	4.78356e-13
1.64602e+01	4.38902e-13
1.64790e+01	4.02616e-13
1.64977e+01	3.69249e-13
1.65165e+01	3.38572e-13
1.65353e+01	3.10373e-13
1.65541e+01	2.84456e-13
1.65728e+01	2.60643e-13
1.65916e+01	2.38769e-13
1.66104e+01	2.18681e-13
1.66291e+01	2.00238e-13
1.66479e+01	1.83309e-13
1.66667e+01	1.67772e-13
1.66854e+01	1.53517e-13
1.67042e+01	1.40443e-13
1.67230e+01	1.28453e-13
1.67417e+01	1.17461e-13
1.67605e+01	1.07385e-13
1.67793e+01	9.81522e-14
1.67980e+01	8.96934e-14
1.68168e+01	8.19453e-14
1.68356e+01	7.48499e-14
1.68544e+01	6.83539e-14
1.68731e+01	6.24080e-14
1.68919e+01	5.69670e-14
1.69107e+01	5.19892e-14
1.69294e+01	4.74358e-14
1.69482e+01	4.32718e-14
1.69670e+01	3.94648e-14
1.69857e+01	3.59849e-14
1.70045e+01	3.28049e-14
1.70233e+01	2.98998e-14
1.70420e+01	2.72465e-14
1.70608e+01	2.48237e-14
1.70796e+01	2.26121e-14
1.70983e+01	2.05936e-14
1.71171e+01	1.87518e-14
1.71359e+01	1.70716e-14
1.71547e+01	1.55390e-14
1.71734e+01	1.41414e-14
1.71922e+01	1.28671e-14
1.72110e+01	1.17055e-14
1.72297e+01	1.06468e-14
1.72485e+01	9.68215e-15
1.72673e+01	8.80330e-15
1.72860e+01	8.00280e-15
1.73048e+01	7.27382e-15
1.73236e+01	6.61006e-15
1.73423e+01	6.00580e-15
1.73611e+01	5.45581e-15
1.73799e+01	4.95532e-15
1.73986e+01	4.49997e-15
1.74174e+01	4.08575e-15
1.74362e+01	3.70901e-15
1.74550e+01	3.36643e-15
1.74737e+01	3.05495e-15
1.74925e+01	2.77180e-15
1.75113e+01	2.51446e-15
1.75300e+01	2.28061e-15
1.75488e+01	2.06814e-15
1.75676e+01	1.87513e-15
1.75863e+01	1.69982e-15
1.76051e+01	1.54062e-15
1.76239e+01	1.39607e-15
1.76426e+01	1.26486e-15
1.76614e+01	1.14577e-15
1.76802e+01	1.03771e-15
1.76989e+01	9.39663e-16
1.77177e+01	8.50731e-16
1.77365e+01	7.70077e-16
1.77553e+01	6.96945e-16
1.77740e+01	6.30646e-16
1.77928e+01	5.70551e-16
1.78116e+01	5.16089e-16
1.78303e+01	4.66737e-16
1.78491e+01	4.22032e-16
1.78679e+01	3.81538e-16
1.78866e+01	3.44868e-16
1.79054e+01	3.11666e-16
1.79242e+01	2.81609e-16
1.79429e+01	2.54403e-16
1.79617e+01	2.29785e-16
1.79805e+01	2.07512e-16
1.79992e+01	1.87367e-16
1.80180e+01	1.69151e-16
1.80368e+01	1.52682e-16
1.80556e+01	1.37797e-16
1.80743e+01	1.24346e-16
1.80931e+01	1.12192e-16
1.81119e+01	1.01213e-16
1.81306e+01	9.12976e-17
1.81494e+01	8.23432e-17
1.81682e+01	7.42589e-17
1.81869e+01	6.69610e-17
1.82057e+01	6.03741e-17
1.82245e+01	5.44305e-17
1.82432e+01	4.90686e-17
1.82620e+01	4.42326e-17
1.82808e+01	3.98720e-17
1.82995e+01	3.59414e-17
1.83183e+01	3.23996e-17
1.83371e+01	2.92092e-17
1.83559e+01	2.63366e-17
1.83746e+01	2.37512e-17
1.83934e+01	2.14255e-17
1.84122e+01	1.93348e-17
1.84309e+01	1.74568e-17
1.84497e+01	1.57713e-17
1.84685e+01	1.42602e-17
1.84872e+01	1.29072e-17
1.85060e+01	1.16977e-17
1.85248e+01	1.06189e-17
1.85435e+01	9.65901e-18
1.85623e+01	8.80766e-18
1.85811e+01	8.05553e-18
1.85998e+01	7.39440e-18
1.86186e+01	6.81702e-18
1.86374e+01	6.31707e-18
1.86562e+01	5.88907e-18
1.86749e+01	5.52831e-18
1.86937e+01	5.23085e-18
1.87125e+01	4.99343e-18
1.87312e+01	4.81345e-18
1.87500e+01	4.68939e-18
1.87688e+01	4.61665e-18
