# The ell = 0 distribution, the isotropy.
# E_N [Td]	2.00000e+00
# col_1: Electron Energy [eV], col_2: f0 [eV^(-3/2)]
eV	f0
6.95725e-03	1.31373e-01
2.08718e-02	1.31372e-01
3.47863e-02	1.31372e-01
4.87008e-02	1.31371e-01
6.26153e-02	1.31370e-01
7.65298e-02	1.31370e-01
9.04443e-02	1.31370e-01
1.04359e-01	1.31370e-01
1.18273e-01	1.31370e-01
1.32188e-01	1.31370e-01
1.46102e-01	1.31370e-01
1.60017e-01	1.31370e-01
1.73931e-01	1.31370e-01
1.87846e-01	1.31370e-01
2.01760e-01	1.31370e-01
2.15675e-01	1.31370e-01
2.29589e-01	1.31370e-01
2.43504e-01	1.31369e-01
2.57418e-01	1.31369e-01
2.71333e-01	1.31369e-01
2.85247e-01	1.31369e-01
2.99162e-01	1.31369e-01
3.13076e-01	1.31369e-01
3.26991e-01	1.31369e-01
3.40905e-01	1.31369e-01
3.54820e-01	1.31369e-01
3.68734e-01	1.31369e-01
3.82649e-01	1.31369e-01
3.96563e-01	1.31369e-01
4.10478e-01	1.31369e-01
4.24392e-01	1.31369e-01
4.38307e-01	1.31368e-01
4.52221e-01	1.31368e-01
4.66136e-01	1.31368e-01
4.80050e-01	1.31368e-01
4.93965e-01	1.31367e-01
5.07879e-01	1.31367e-01
5.21794e-01	1.31366e-01
5.35708e-01	1.31366e-01
5.49623e-01	1.31365e-01
5.63537e-01	1.31364e-01
5.77452e-01	1.31363e-01
5.91366e-01	1.31362e-01
6.05281e-01	1.31361e-01
6.19195e-01	1.31360e-01
6.33110e-01	1.31359e-01
6.47024e-01	1.31358e-01
6.60939e-01	1.31356e-01
6.74853e-01	1.31355e-01
6.88768e-01	1.31353e-01
7.02682e-01	1.31351e-01
7.16597e-01	1.31349e-01
7.30511e-01	1.31347e-01
7.44426e-01	1.31345e-01
7.58340e-01	1.31342e-01
7.72255e-01	1.31339e-01
7.86169e-01	1.31336e-01
8.00084e-01	1.31333e-01
8.13998e-01	1.31330e-01
8.27913e-01	1.31326e-01
8.41827e-01	1.31323e-01
8.55742e-01	1.31319e-01
8.69656e-01	1.31314e-01
8.83571e-01	1.31310e-01
8.97485e-01	1.31305e-01
9.11400e-01	1.31300e-01
9.25314e-01	1.31295e-01
9.39229e-01	1.31289e-01
9.53143e-01	1.31283e-01
9.67058e-01	1.31277e-01
9.80972e-01	1.31270e-01
9.94887e-01	1.31263e-01
1.00880e+00	1.31256e-01
1.02272e+00	1.31248e-01
1.03663e+00	1.31240e-01
1.05054e+00	1.31231e-01
1.06446e+00	1.31223e-01
1.07837e+00	1.31214e-01
1.09229e+00	1.31204e-01
1.10620e+00	1.31195e-01
1.12012e+00	1.31185e-01
1.13403e+00	1.31174e-01
1.14795e+00	1.31163e-01
1.16186e+00	1.31152e-01
1.17578e+00	1.31141e-01
1.18969e+00	1.31129e-01
1.20360e+00	1.31116e-01
1.21752e+00	1.31103e-01
1.23143e+00	1.31090e-01
1.24535e+00	1.31076e-01
1.25926e+00	1.31062e-01
1.27318e+00	1.31048e-01
1.28709e+00	1.31033e-01
1.30101e+00	1.31017e-01
1.31492e+00	1.31001e-01
1.32883e+00	1.30985e-01
1.34275e+00	1.30968e-01
1.35666e+00	1.30950e-01
1.37058e+00	1.30932e-01
1.38449e+00	1.30914e-01
1.39841e+00	1.30894e-01
1.41232e+00	1.30875e-01
1.42624e+00	1.30855e-01
1.44015e+00	1.30834e-01
1.45407e+00	1.30812e-01
1.46798e+00	1.30790e-01
1.48189e+00	1.30768e-01
1.49581e+00	1.30745e-01
1.50972e+00	1.30721e-01
1.52364e+00	1.30696e-01
1.53755e+00	1.30671e-01
1.55147e+00	1.30645e-01
1.56538e+00	1.30619e-01
1.57930e+00	1.30591e-01
1.59321e+00	1.30563e-01
1.60713e+00	1.30534e-01
1.62104e+00	1.30505e-01
1.63495e+00	1.30474e-01
1.64887e+00	1.30443e-01
1.66278e+00	1.30411e-01
1.67670e+00	1.30379e-01
1.69061e+00	1.30345e-01
1.70453e+00	1.30311e-01
1.71844e+00	1.30276e-01
1.73236e+00	1.30240e-01
1.74627e+00	1.30203e-01
1.76018e+00	1.30165e-01
1.77410e+00	1.30127e-01
1.78801e+00	1.30088e-01
1.80193e+00	1.30048e-01
1.81584e+00	1.30007e-01
1.82976e+00	1.29965e-01
1.84367e+00	1.29922e-01
1.85759e+00	1.29878e-01
1.87150e+00	1.29834e-01
1.88542e+00	1.29788e-01
1.89933e+00	1.29742e-01
1.91324e+00	1.29695e-01
1.92716e+00	1.29646e-01
1.94107e+00	1.29597e-01
1.95499e+00	1.29547e-01
1.96890e+00	1.29496e-01
1.98282e+00	1.29443e-01
1.99673e+00	1.29390e-01
2.01065e+00	1.29335e-01
2.02456e+00	1.29280e-01
2.03847e+00	1.29223e-01
2.05239e+00	1.29165e-01
2.06630e+00	1.29106e-01
2.08022e+00	1.29046e-01
2.09413e+00	1.28984e-01
2.10805e+00	1.28921e-01
2.12196e+00	1.28857e-01
2.13588e+00	1.28791e-01
2.14979e+00	1.28725e-01
2.16371e+00	1.28656e-01
2.17762e+00	1.28587e-01
2.19153e+00	1.28516e-01
2.20545e+00	1.28444e-01
2.21936e+00	1.28370e-01
2.23328e+00	1.28295e-01
2.24719e+00	1.28218e-01
2.26111e+00	1.28140e-01
2.27502e+00	1.28061e-01
2.28894e+00	1.27980e-01
2.30285e+00	1.27898e-01
2.31676e+00	1.27814e-01
2.33068e+00	1.27728e-01
2.34459e+00	1.27641e-01
2.35851e+00	1.27553e-01
2.37242e+00	1.27462e-01
2.38634e+00	1.27371e-01
2.40025e+00	1.27277e-01
2.41417e+00	1.27182e-01
2.42808e+00	1.27085e-01
2.44200e+00	1.26987e-01
2.45591e+00	1.26887e-01
2.46982e+00	1.26785e-01
2.48374e+00	1.26682e-01
2.49765e+00	1.26577e-01
2.51157e+00	1.26470e-01
2.52548e+00	1.26361e-01
2.53940e+00	1.26250e-01
2.55331e+00	1.26138e-01
2.56723e+00	1.26023e-01
2.58114e+00	1.25907e-01
2.59505e+00	1.25788e-01
2.60897e+00	1.25668e-01
2.62288e+00	1.25546e-01
2.63680e+00	1.25422e-01
2.65071e+00	1.25296e-01
2.66463e+00	1.25168e-01
2.67854e+00	1.25037e-01
2.69246e+00	1.24905e-01
2.70637e+00	1.24771e-01
2.72029e+00	1.24634e-01
2.73420e+00	1.24496e-01
2.74811e+00	1.24355e-01
2.76203e+00	1.24212e-01
2.77594e+00	1.24068e-01
2.78986e+00	1.23920e-01
2.80377e+00	1.23771e-01
2.81769e+00	1.23620e-01
2.83160e+00	1.23466e-01
2.84552e+00	1.23310e-01
2.85943e+00	1.23152e-01
2.87334e+00	1.22991e-01
2.88726e+00	1.22829e-01
2.90117e+00	1.22664e-01
2.91509e+00	1.22496e-01
2.92900e+00	1.22326e-01
2.94292e+00	1.22154e-01
2.95683e+00	1.21980e-01
2.97075e+00	1.21803e-01
2.98466e+00	1.21624e-01
2.99858e+00	1.21442e-01
3.01249e+00	1.21258e-01
3.02640e+00	1.21072e-01
3.04032e+00	1.20883e-01
3.05423e+00	1.20692e-01
3.06815e+00	1.20498e-01
3.08206e+00	1.20302e-01
3.09598e+00	1.20104e-01
3.10989e+00	1.19903e-01
3.12381e+00	1.19699e-01
3.13772e+00	1.19493e-01
3.15163e+00	1.19285e-01
3.16555e+00	1.19074e-01
3.17946e+00	1.18860e-01
3.19338e+00	1.18644e-01
3.20729e+00	1.18426e-01
3.22121e+00	1.18205e-01
3.23512e+00	1.17981e-01
3.24904e+00	1.17755e-01
3.26295e+00	1.17526e-01
3.27687e+00	1.17294e-01
3.29078e+00	1.17060e-01
3.30469e+00	1.16823e-01
3.31861e+00	1.16584e-01
3.33252e+00	1.16342e-01
3.34644e+00	1.16097e-01
3.36035e+00	1.15850e-01
3.37427e+00	1.15600e-01
3.38818e+00	1.15347e-01
3.40210e+00	1.15092e-01
3.41601e+00	1.14834e-01
3.42992e+00	1.14573e-01
3.44384e+00	1.14310e-01
3.45775e+00	1.14044e-01
3.47167e+00	1.13775e-01
3.48558e+00	1.13503e-01
3.49950e+00	1.13229e-01
3.51341e+00	1.12952e-01
3.52733e+00	1.12672e-01
3.54124e+00	1.12390e-01
3.55516e+00	1.12105e-01
3.56907e+00	1.11817e-01
3.58298e+00	1.11526e-01
3.59690e+00	1.11233e-01
3.61081e+00	1.10937e-01
3.62473e+00	1.10638e-01
3.63864e+00	1.10336e-01
3.65256e+00	1.10032e-01
3.66647e+00	1.09725e-01
3.68039e+00	1.09415e-01
3.69430e+00	1.09102e-01
3.70821e+00	1.08787e-01
3.72213e+00	1.08469e-01
3.73604e+00	1.08148e-01
3.74996e+00	1.07824e-01
3.76387e+00	1.07498e-01
3.77779e+00	1.07169e-01
3.79170e+00	1.06837e-01
3.80562e+00	1.06502e-01
3.81953e+00	1.06165e-01
3.83345e+00	1.05825e-01
3.84736e+00	1.05482e-01
3.86127e+00	1.05137e-01
3.87519e+00	1.04789e-01
3.88910e+00	1.04438e-01
3.90302e+00	1.04085e-01
3.91693e+00	1.03728e-01
3.93085e+00	1.03369e-01
3.94476e+00	1.03008e-01
3.95868e+00	1.02644e-01
3.97259e+00	1.02277e-01
3.98650e+00	1.01908e-01
4.00042e+00	1.01535e-01
4.01433e+00	1.01159e-01
4.02825e+00	1.00780e-01
4.04216e+00	1.00398e-01
4.05608e+00	1.00012e-01
4.06999e+00	9.96237e-02
4.08391e+00	9.92319e-02
4.09782e+00	9.88368e-02
4.11174e+00	9.84384e-02
4.12565e+00	9.80367e-02
4.13956e+00	9.76319e-02
4.15348e+00	9.72238e-02
4.16739e+00	9.68125e-02
4.18131e+00	9.63980e-02
4.19522e+00	9.59803e-02
4.20914e+00	9.55595e-02
4.22305e+00	9.51356e-02
4.23697e+00	9.47086e-02
4.25088e+00	9.42785e-02
4.26479e+00	9.38453e-02
4.27871e+00	9.34090e-02
4.29262e+00	9.29698e-02
4.30654e+00	9.25275e-02
4.32045e+00	9.20823e-02
4.33437e+00	9.16341e-02
4.34828e+00	9.11830e-02
4.36220e+00	9.07290e-02
4.37611e+00	9.02721e-02
4.39003e+00	8.98124e-02
4.40394e+00	8.93499e-02
4.41785e+00	8.88846e-02
4.43177e+00	8.84166e-02
4.44568e+00	8.79458e-02
4.45960e+00	8.74724e-02
4.47351e+00	8.69963e-02
4.48743e+00	8.65176e-02
4.50134e+00	8.60363e-02
4.51526e+00	8.55524e-02
4.52917e+00	8.50661e-02
4.54308e+00	8.45773e-02
4.55700e+00	8.40861e-02
4.57091e+00	8.35925e-02
4.58483e+00	8.30965e-02
4.59874e+00	8.25982e-02
4.61266e+00	8.20977e-02
4.62657e+00	8.15949e-02
4.64049e+00	8.10899e-02
4.65440e+00	8.05829e-02
4.66832e+00	8.00737e-02
4.68223e+00	7.95624e-02
4.69614e+00	7.90492e-02
4.71006e+00	7.85340e-02
4.72397e+00	7.80169e-02
4.73789e+00	7.74979e-02
4.75180e+00	7.69771e-02
4.76572e+00	7.64546e-02
4.77963e+00	7.59303e-02
4.79355e+00	7.54043e-02
4.80746e+00	7.48768e-02
4.82138e+00	7.43476e-02
4.83529e+00	7.38169e-02
4.84920e+00	7.32848e-02
4.86312e+00	7.27513e-02
4.87703e+00	7.22164e-02
4.89095e+00	7.16803e-02
4.90486e+00	7.11428e-02
4.91878e+00	7.06042e-02
4.93269e+00	7.00645e-02
4.94661e+00	6.95236e-02
4.96052e+00	6.89816e-02
4.97443e+00	6.84387e-02
4.98835e+00	6.78948e-02
5.00226e+00	6.73499e-02
5.01618e+00	6.68043e-02
5.03009e+00	6.62580e-02
5.04401e+00	6.57107e-02
5.05792e+00	6.51626e-02
5.07184e+00	6.46138e-02
5.08575e+00	6.40643e-02
5.09967e+00	6.35143e-02
5.11358e+00	6.29637e-02
5.12749e+00	6.24126e-02
5.14141e+00	6.18611e-02
5.15532e+00	6.13092e-02
5.16924e+00	6.07571e-02
5.18315e+00	6.02047e-02
5.19707e+00	5.96522e-02
5.21098e+00	5.90996e-02
5.22490e+00	5.85469e-02
5.23881e+00	5.79944e-02
5.25272e+00	5.74419e-02
5.26664e+00	5.68896e-02
5.28055e+00	5.63376e-02
5.29447e+00	5.57858e-02
5.30838e+00	5.52345e-02
5.32230e+00	5.46836e-02
5.33621e+00	5.41333e-02
5.35013e+00	5.35835e-02
5.36404e+00	5.30344e-02
5.37796e+00	5.24859e-02
5.39187e+00	5.19383e-02
5.40578e+00	5.13915e-02
5.41970e+00	5.08457e-02
5.43361e+00	5.03008e-02
5.44753e+00	4.97570e-02
5.46144e+00	4.92142e-02
5.47536e+00	4.86727e-02
5.48927e+00	4.81324e-02
5.50319e+00	4.75935e-02
5.51710e+00	4.70559e-02
5.53101e+00	4.65198e-02
5.54493e+00	4.59851e-02
5.55884e+00	4.54521e-02
5.57276e+00	4.49207e-02
5.58667e+00	4.43910e-02
5.60059e+00	4.38631e-02
5.61450e+00	4.33369e-02
5.62842e+00	4.28127e-02
5.64233e+00	4.22904e-02
5.65625e+00	4.17702e-02
5.67016e+00	4.12520e-02
5.68407e+00	4.07359e-02
5.69799e+00	4.02220e-02
5.71190e+00	3.97104e-02
5.72582e+00	3.92011e-02
5.73973e+00	3.86942e-02
5.75365e+00	3.81897e-02
5.76756e+00	3.76876e-02
5.78148e+00	3.71881e-02
5.79539e+00	3.66912e-02
5.80930e+00	3.61969e-02
5.82322e+00	3.57054e-02
5.83713e+00	3.52165e-02
5.85105e+00	3.47305e-02
5.86496e+00	3.42473e-02
5.87888e+00	3.37670e-02
5.89279e+00	3.32897e-02
5.90671e+00	3.28153e-02
5.92062e+00	3.23440e-02
5.93454e+00	3.18758e-02
5.94845e+00	3.14108e-02
5.96236e+00	3.09490e-02
5.97628e+00	3.04904e-02
5.99019e+00	3.00351e-02
6.00411e+00	2.95832e-02
6.01802e+00	2.91347e-02
6.03194e+00	2.86895e-02
6.04585e+00	2.82478e-02
6.05977e+00	2.78098e-02
6.07368e+00	2.73753e-02
6.08759e+00	2.69444e-02
6.10151e+00	2.65172e-02
6.11542e+00	2.60936e-02
6.12934e+00	2.56738e-02
6.14325e+00	2.52577e-02
6.15717e+00	2.48454e-02
6.17108e+00	2.44369e-02
6.18500e+00	2.40321e-02
6.19891e+00	2.36312e-02
6.21283e+00	2.32342e-02
6.22674e+00	2.28410e-02
6.24065e+00	2.24517e-02
6.25457e+00	2.20663e-02
6.26848e+00	2.16848e-02
6.28240e+00	2.13072e-02
6.29631e+00	2.09336e-02
6.31023e+00	2.05640e-02
6.32414e+00	2.01983e-02
6.33806e+00	1.98366e-02
6.35197e+00	1.94789e-02
6.36588e+00	1.91252e-02
6.37980e+00	1.87756e-02
6.39371e+00	1.84299e-02
6.40763e+00	1.80882e-02
6.42154e+00	1.77506e-02
6.43546e+00	1.74170e-02
6.44937e+00	1.70874e-02
6.46329e+00	1.67618e-02
6.47720e+00	1.64403e-02
6.49112e+00	1.61228e-02
6.50503e+00	1.58093e-02
6.51894e+00	1.54998e-02
6.53286e+00	1.51944e-02
6.54677e+00	1.48929e-02
6.56069e+00	1.45955e-02
6.57460e+00	1.43020e-02
6.58852e+00	1.40125e-02
6.60243e+00	1.37270e-02
6.61635e+00	1.34455e-02
6.63026e+00	1.31679e-02
6.64417e+00	1.28942e-02
6.65809e+00	1.26245e-02
6.67200e+00	1.23586e-02
6.68592e+00	1.20967e-02
6.69983e+00	1.18386e-02
6.71375e+00	1.15844e-02
6.72766e+00	1.13341e-02
6.74158e+00	1.10875e-02
6.75549e+00	1.08448e-02
6.76941e+00	1.06059e-02
6.78332e+00	1.03707e-02
6.79723e+00	1.01393e-02
6.81115e+00	9.91157e-03
6.82506e+00	9.68756e-03
6.83898e+00	9.46722e-03
6.85289e+00	9.25054e-03
6.86681e+00	9.03747e-03
6.88072e+00	8.82801e-03
6.89464e+00	8.62212e-03
6.90855e+00	8.41977e-03
6.92246e+00	8.22095e-03
6.93638e+00	8.02558e-03
6.95029e+00	7.83368e-03
6.96421e+00	7.64531e-03
6.97812e+00	7.46041e-03
6.99204e+00	7.27894e-03
7.00595e+00	7.10086e-03
7.01987e+00	6.92614e-03
7.03378e+00	6.75474e-03
7.04770e+00	6.58663e-03
7.06161e+00	6.42178e-03
7.07552e+00	6.26011e-03
7.08944e+00	6.10163e-03
7.10335e+00	5.94635e-03
7.11727e+00	5.79421e-03
7.13118e+00	5.64517e-03
7.14510e+00	5.49919e-03
7.15901e+00	5.35622e-03
7.17293e+00	5.21624e-03
7.18684e+00	5.07919e-03
7.20075e+00	4.94504e-03
7.21467e+00	4.81374e-03
7.22858e+00	4.68525e-03
7.24250e+00	4.55954e-03
7.25641e+00	4.43656e-03
7.27033e+00	4.31627e-03
7.28424e+00	4.19864e-03
7.29816e+00	4.08361e-03
7.31207e+00	3.97116e-03
7.32599e+00	3.86124e-03
7.33990e+00	3.75380e-03
7.35381e+00	3.64882e-03
7.36773e+00	3.54625e-03
7.38164e+00	3.44605e-03
7.39556e+00	3.34819e-03
7.40947e+00	3.25262e-03
7.42339e+00	3.15930e-03
7.43730e+00	3.06820e-03
7.45122e+00	2.97928e-03
7.46513e+00	2.89250e-03
7.47904e+00	2.80782e-03
7.49296e+00	2.72520e-03
7.50687e+00	2.64462e-03
7.52079e+00	2.56602e-03
7.53470e+00	2.48938e-03
7.54862e+00	2.41466e-03
7.56253e+00	2.34182e-03
7.57645e+00	2.27082e-03
7.59036e+00	2.20164e-03
7.60428e+00	2.13423e-03
7.61819e+00	2.06856e-03
7.63210e+00	2.00460e-03
7.64602e+00	1.94232e-03
7.65993e+00	1.88167e-03
7.67385e+00	1.82263e-03
7.68776e+00	1.76516e-03
7.70168e+00	1.70924e-03
7.71559e+00	1.65482e-03
7.72951e+00	1.60188e-03
7.74342e+00	1.55039e-03
7.75733e+00	1.50031e-03
7.77125e+00	1.45161e-03
7.78516e+00	1.40427e-03
7.79908e+00	1.35825e-03
7.81299e+00	1.31353e-03
7.82691e+00	1.27008e-03
7.84082e+00	1.22786e-03
7.85474e+00	1.18685e-03
7.86865e+00	1.14703e-03
7.88257e+00	1.10835e-03
7.89648e+00	1.07081e-03
7.91039e+00	1.03437e-03
7.92431e+00	9.98999e-04
7.93822e+00	9.64679e-04
7.95214e+00	9.31384e-04
7.96605e+00	8.99089e-04
7.97997e+00	8.67767e-04
7.99388e+00	8.37397e-04
8.00780e+00	8.07954e-04
8.02171e+00	7.79414e-04
8.03563e+00	7.51756e-04
8.04954e+00	7.24956e-04
8.06345e+00	6.98994e-04
8.07737e+00	6.73846e-04
8.09128e+00	6.49492e-04
8.10520e+00	6.25911e-04
8.11911e+00	6.03083e-04
8.13303e+00	5.80987e-04
8.14694e+00	5.59605e-04
8.16086e+00	5.38916e-04
8.17477e+00	5.18903e-04
8.18868e+00	4.99545e-04
8.20260e+00	4.80827e-04
8.21651e+00	4.62728e-04
8.23043e+00	4.45234e-04
8.24434e+00	4.28325e-04
8.25826e+00	4.11986e-04
8.27217e+00	3.96201e-04
8.28609e+00	3.80953e-04
8.30000e+00	3.66227e-04
8.31392e+00	3.52008e-04
8.32783e+00	3.38281e-04
8.34174e+00	3.25031e-04
8.35566e+00	3.12244e-04
8.36957e+00	2.99907e-04
8.38349e+00	2.88005e-04
8.39740e+00	2.76526e-04
8.41132e+00	2.65456e-04
8.42523e+00	2.54784e-04
8.43915e+00	2.44496e-04
8.45306e+00	2.34581e-04
8.46697e+00	2.25027e-04
8.48089e+00	2.15822e-04
8.49480e+00	2.06957e-04
8.50872e+00	1.98419e-04
8.52263e+00	1.90198e-04
8.53655e+00	1.82285e-04
8.55046e+00	1.74668e-04
8.56438e+00	1.67339e-04
8.57829e+00	1.60287e-04
8.59221e+00	1.53504e-04
8.60612e+00	1.46981e-04
8.62003e+00	1.40709e-04
8.63395e+00	1.34679e-04
8.64786e+00	1.28883e-04
8.66178e+00	1.23314e-04
8.67569e+00	1.17963e-04
8.68961e+00	1.12823e-04
8.70352e+00	1.07886e-04
8.71744e+00	1.03146e-04
8.73135e+00	9.85956e-05
8.74526e+00	9.42279e-05
8.75918e+00	9.00365e-05
8.77309e+00	8.60151e-05
8.78701e+00	8.21576e-05
8.80092e+00	7.84580e-05
8.81484e+00	7.49105e-05
8.82875e+00	7.15097e-05
8.84267e+00	6.82501e-05
8.85658e+00	6.51265e-05
8.87050e+00	6.21337e-05
8.88441e+00	5.92670e-05
8.89832e+00	5.65215e-05
8.91224e+00	5.38927e-05
8.92615e+00	5.13762e-05
8.94007e+00	4.89672e-05
8.95398e+00	4.66625e-05
8.96790e+00	4.44578e-05
8.98181e+00	4.23492e-05
8.99573e+00	4.03329e-05
9.00964e+00	3.84052e-05
9.02355e+00	3.65627e-05
9.03747e+00	3.48019e-05
9.05138e+00	3.31196e-05
9.06530e+00	3.15125e-05
9.07921e+00	2.99776e-05
9.09313e+00	2.85119e-05
9.10704e+00	2.71126e-05
9.12096e+00	2.57771e-05
9.13487e+00	2.45025e-05
9.14879e+00	2.32864e-05
9.16270e+00	2.21264e-05
9.17661e+00	2.10200e-05
9.19053e+00	1.99651e-05
9.20444e+00	1.89593e-05
9.21836e+00	1.80007e-05
9.23227e+00	1.70872e-05
9.24619e+00	1.62169e-05
9.26010e+00	1.53878e-05
9.27402e+00	1.45982e-05
9.28793e+00	1.38464e-05
9.30184e+00	1.31307e-05
9.31576e+00	1.24496e-05
9.32967e+00	1.18014e-05
9.34359e+00	1.11848e-05
9.35750e+00	1.05983e-05
9.37142e+00	1.00405e-05
9.38533e+00	9.51020e-06
9.39925e+00	9.00610e-06
9.41316e+00	8.52701e-06
9.42708e+00	8.07178e-06
9.44099e+00	7.63933e-06
9.45490e+00	7.22859e-06
9.46882e+00	6.83855e-06
9.48273e+00	6.46825e-06
9.49665e+00	6.11677e-06
9.51056e+00	5.78321e-06
9.52448e+00	5.46673e-06
9.53839e+00	5.16652e-06
9.55231e+00	4.88181e-06
9.56622e+00	4.61184e-06
9.58013e+00	4.35591e-06
9.59405e+00	4.11334e-06
9.60796e+00	3.88348e-06
9.62188e+00	3.66571e-06
9.63579e+00	3.45945e-06
9.64971e+00	3.26411e-06
9.66362e+00	3.07917e-06
9.67754e+00	2.90414e-06
9.69145e+00	2.73850e-06
9.70537e+00	2.58179e-06
9.71928e+00	2.43356e-06
9.73319e+00	2.29338e-06
9.74711e+00	2.16083e-06
9.76102e+00	2.03553e-06
9.77494e+00	1.91711e-06
9.78885e+00	1.80521e-06
9.80277e+00	1.69950e-06
9.81668e+00	1.59965e-06
9.83060e+00	1.50536e-06
9.84451e+00	1.41634e-06
9.85842e+00	1.33231e-06
9.87234e+00	1.25301e-06
9.88625e+00	1.17819e-06
9.90017e+00	1.10760e-06
9.91408e+00	1.04103e-06
9.92800e+00	9.78263e-07
9.94191e+00	9.19088e-07
9.95583e+00	8.63313e-07
9.96974e+00	8.10755e-07
9.98366e+00	7.61238e-07
9.99757e+00	7.14597e-07
1.00115e+01	6.70694e-07
1.00254e+01	6.29297e-07
1.00393e+01	5.90392e-07
1.00532e+01	5.53824e-07
1.00671e+01	5.19453e-07
1.00811e+01	4.87150e-07
1.00950e+01	4.56796e-07
1.01089e+01	4.28276e-07
1.01228e+01	4.01484e-07
1.01367e+01	3.76318e-07
1.01506e+01	3.52682e-07
1.01645e+01	3.30487e-07
1.01785e+01	3.09648e-07
1.01924e+01	2.90084e-07
1.02063e+01	2.71719e-07
1.02202e+01	2.54484e-07
1.02341e+01	2.38309e-07
1.02480e+01	2.23133e-07
1.02619e+01	2.08895e-07
1.02759e+01	1.95539e-07
1.02898e+01	1.83012e-07
1.03037e+01	1.71265e-07
1.03176e+01	1.60250e-07
1.03315e+01	1.49923e-07
1.03454e+01	1.40243e-07
1.03593e+01	1.31170e-07
1.03733e+01	1.22667e-07
1.03872e+01	1.14699e-07
1.04011e+01	1.07234e-07
1.04150e+01	1.00242e-07
1.04289e+01	9.36921e-08
1.04428e+01	8.75583e-08
1.04567e+01	8.18147e-08
1.04707e+01	7.64372e-08
1.04846e+01	7.14032e-08
1.04985e+01	6.66914e-08
1.05124e+01	6.22817e-08
1.05263e+01	5.81553e-08
1.05402e+01	5.42946e-08
1.05541e+01	5.06830e-08
1.05681e+01	4.73049e-08
1.05820e+01	4.41455e-08
1.05959e+01	4.11923e-08
1.06098e+01	3.84280e-08
1.06237e+01	3.58464e-08
1.06376e+01	3.34366e-08
1.06516e+01	3.11866e-08
1.06655e+01	2.90858e-08
1.06794e+01	2.71246e-08
1.06933e+01	2.52938e-08
1.07072e+01	2.35847e-08
1.07211e+01	2.19894e-08
1.07350e+01	2.05004e-08
1.07490e+01	1.91108e-08
1.07629e+01	1.78139e-08
1.07768e+01	1.66036e-08
1.07907e+01	1.54742e-08
1.08046e+01	1.44204e-08
1.08185e+01	1.34372e-08
1.08324e+01	1.25199e-08
1.08464e+01	1.16641e-08
1.08603e+01	1.08658e-08
1.08742e+01	1.01211e-08
1.08881e+01	9.42646e-09
1.09020e+01	8.77860e-09
1.09159e+01	8.17437e-09
1.09298e+01	7.61088e-09
1.09438e+01	7.08540e-09
1.09577e+01	6.59541e-09
1.09716e+01	6.13853e-09
1.09855e+01	5.71255e-09
1.09994e+01	5.31541e-09
1.10133e+01	4.94517e-09
1.10272e+01	4.60004e-09
1.10412e+01	4.27833e-09
1.10551e+01	3.97847e-09
1.10690e+01	3.69899e-09
1.10829e+01	3.43852e-09
1.10968e+01	3.19579e-09
1.11107e+01	2.96960e-09
1.11246e+01	2.75884e-09
1.11386e+01	2.56246e-09
1.11525e+01	2.37950e-09
1.11664e+01	2.20905e-09
1.11803e+01	2.05026e-09
1.11942e+01	1.90235e-09
1.12081e+01	1.76458e-09
1.12220e+01	1.63626e-09
1.12360e+01	1.51676e-09
1.12499e+01	1.40546e-09
1.12638e+01	1.30183e-09
1.12777e+01	1.20532e-09
1.12916e+01	1.11547e-09
1.13055e+01	1.03182e-09
1.13194e+01	9.53944e-10
1.13334e+01	8.81449e-10
1.13473e+01	8.13968e-10
1.13612e+01	7.51159e-10
1.13751e+01	6.92703e-10
1.13890e+01	6.38302e-10
1.14029e+01	5.87678e-10
1.14168e+01	5.40574e-10
1.14308e+01	4.96747e-10
1.14447e+01	4.55973e-10
1.14586e+01	4.18041e-10
1.14725e+01	3.82758e-10
1.14864e+01	3.49939e-10
1.15003e+01	3.19417e-10
1.15143e+01	2.91033e-10
1.15282e+01	2.64639e-10
1.15421e+01	2.40098e-10
1.15560e+01	2.17282e-10
1.15699e+01	1.96116e-10
1.15838e+01	1.76552e-10
1.15977e+01	1.58528e-10
1.16117e+01	1.41980e-10
1.16256e+01	1.26843e-10
1.16395e+01	1.13054e-10
1.16534e+01	1.00614e-10
1.16673e+01	8.94843e-11
1.16812e+01	7.95673e-11
1.16951e+01	7.07329e-11
1.17091e+01	6.28510e-11
1.17230e+01	5.58010e-11
1.17369e+01	4.94780e-11
1.17508e+01	4.38012e-11
1.17647e+01	3.87087e-11
1.17786e+01	3.41516e-11
1.17925e+01	3.00808e-11
1.18065e+01	2.64470e-11
1.18204e+01	2.32059e-11
1.18343e+01	2.03217e-11
1.18482e+01	1.77897e-11
1.18621e+01	1.56018e-11
1.18760e+01	1.37119e-11
1.18899e+01	1.20664e-11
1.19039e+01	1.06248e-11
1.19178e+01	9.35802e-12
1.19317e+01	8.24249e-12
1.19456e+01	7.25865e-12
1.19595e+01	6.39011e-12
1.19734e+01	5.62294e-12
1.19873e+01	4.94524e-12
1.20013e+01	4.34659e-12
1.20152e+01	3.81787e-12
1.20291e+01	3.35109e-12
1.20430e+01	2.93920e-12
1.20569e+01	2.57595e-12
1.20708e+01	2.25575e-12
1.20847e+01	1.97365e-12
1.20987e+01	1.72523e-12
1.21126e+01	1.50662e-12
1.21265e+01	1.31438e-12
1.21404e+01	1.14549e-12
1.21543e+01	9.97246e-13
1.21682e+01	8.67253e-13
1.21821e+01	7.53363e-13
1.21961e+01	6.53666e-13
1.22100e+01	5.66475e-13
1.22239e+01	4.90320e-13
1.22378e+01	4.23894e-13
1.22517e+01	3.66037e-13
1.22656e+01	3.15719e-13
1.22795e+01	2.72019e-13
1.22935e+01	2.34122e-13
1.23074e+01	2.01302e-13
1.23213e+01	1.72917e-13
1.23352e+01	1.48390e-13
1.23491e+01	1.27218e-13
1.23630e+01	1.08957e-13
1.23769e+01	9.32233e-14
1.23909e+01	7.96785e-14
1.24048e+01	6.80281e-14
1.24187e+01	5.80181e-14
1.24326e+01	4.94273e-14
1.24465e+01	4.20631e-14
1.24604e+01	3.57578e-14
1.24744e+01	3.03658e-14
1.24883e+01	2.57600e-14
1.25022e+01	2.18306e-14
1.25161e+01	1.84821e-14
1.25300e+01	1.56319e-14
1.25439e+01	1.32087e-14
1.25578e+01	1.11509e-14
1.25718e+01	9.40498e-15
1.25857e+01	7.92686e-15
1.25996e+01	6.67648e-15
1.26135e+01	5.61985e-15
1.26274e+01	4.72776e-15
1.26413e+01	3.97517e-15
1.26552e+01	3.34073e-15
1.26692e+01	2.80630e-15
1.26831e+01	2.35645e-15
1.26970e+01	1.97811e-15
1.27109e+01	1.66011e-15
1.27248e+01	1.39295e-15
1.27387e+01	1.16861e-15
1.27526e+01	9.80315e-16
1.27666e+01	8.22323e-16
1.27805e+01	6.89816e-16
1.27944e+01	5.78738e-16
1.28083e+01	4.85667e-16
1.28222e+01	4.07692e-16
1.28361e+01	3.42356e-16
1.28500e+01	2.87594e-16
1.28640e+01	2.41643e-16
1.28779e+01	2.03024e-16
1.28918e+01	1.70509e-16
1.29057e+01	1.43110e-16
1.29196e+01	1.20023e-16
1.29335e+01	1.00642e-16
1.29474e+01	8.43466e-17
1.29614e+01	7.05915e-17
1.29753e+01	5.89305e-17
1.29892e+01	4.90424e-17
1.30031e+01	4.06607e-17
1.30170e+01	3.35742e-17
1.30309e+01	2.76749e-17
1.30448e+01	2.28448e-17
1.30588e+01	1.89502e-17
1.30727e+01	1.58030e-17
1.30866e+01	1.32321e-17
1.31005e+01	1.11146e-17
1.31144e+01	9.35386e-18
1.31283e+01	7.87642e-18
1.31422e+01	6.62756e-18
1.31562e+01	5.57029e-18
1.31701e+01	4.67726e-18
1.31840e+01	3.92649e-18
1.31979e+01	3.29927e-18
1.32118e+01	2.77816e-18
1.32257e+01	2.34476e-18
1.32396e+01	1.98164e-18
1.32536e+01	1.67676e-18
1.32675e+01	1.41995e-18
1.32814e+01	1.20328e-18
1.32953e+01	1.02003e-18
1.33092e+01	8.64719e-19
1.33231e+01	7.32888e-19
1.33371e+01	6.20834e-19
1.33510e+01	5.25519e-19
1.33649e+01	4.44390e-19
1.33788e+01	3.75340e-19
1.33927e+01	3.16613e-19
1.34066e+01	2.66714e-19
1.34205e+01	2.24358e-19
1.34345e+01	1.88458e-19
1.34484e+01	1.58093e-19
1.34623e+01	1.32471e-19
1.34762e+01	1.10923e-19
1.34901e+01	9.28296e-20
1.35040e+01	7.76370e-20
1.35179e+01	6.48756e-20
1.35319e+01	5.41623e-20
1.35458e+01	4.51768e-20
1.35597e+01	3.76478e-20
1.35736e+01	3.13451e-20
1.35875e+01	2.60740e-20
1.36014e+01	2.16696e-20
1.36153e+01	1.79931e-20
1.36293e+01	1.49264e-20
1.36432e+01	1.23705e-20
1.36571e+01	1.02419e-20
1.36710e+01	8.47038e-21
1.36849e+01	6.99713e-21
1.36988e+01	5.77265e-21
1.37127e+01	4.75551e-21
1.37267e+01	3.91095e-21
1.37406e+01	3.20986e-21
1.37545e+01	2.62792e-21
1.37684e+01	2.14478e-21
1.37823e+01	1.74341e-21
1.37962e+01	1.40958e-21
1.38101e+01	1.13143e-21
1.38241e+01	8.99034e-22
1.38380e+01	7.04085e-22
1.38519e+01	5.39622e-22
1.38658e+01	3.99796e-22
1.38797e+01	2.79680e-22
1.38936e+01	1.75118e-22
1.39075e+01	8.23438e-23
