# The ell = 0 distribution, the isotropy.
# E_N [Td]	1.00000e+02
# col_1: Electron Energy [eV], col_2: f0 [eV^(-3/2)]
eV	f0
2.21693e-02	5.42680e-02
6.65079e-02	5.42572e-02
1.10847e-01	5.42502e-02
1.55185e-01	5.42462e-02
1.99524e-01	5.42440e-02
2.43862e-01	5.42423e-02
2.88201e-01	5.42405e-02
3.32540e-01	5.42379e-02
3.76878e-01	5.42342e-02
4.21217e-01	5.42292e-02
4.65556e-01	5.42226e-02
5.09894e-01	5.42142e-02
5.54233e-01	5.42041e-02
5.98572e-01	5.41920e-02
6.42910e-01	5.41778e-02
6.87249e-01	5.41615e-02
7.31587e-01	5.41430e-02
7.75926e-01	5.41221e-02
8.20265e-01	5.40988e-02
8.64603e-01	5.40731e-02
9.08942e-01	5.40447e-02
9.53281e-01	5.40136e-02
9.97619e-01	5.39796e-02
1.04196e+00	5.39430e-02
1.08630e+00	5.39042e-02
1.13064e+00	5.38629e-02
1.17497e+00	5.38194e-02
1.21931e+00	5.37736e-02
1.26365e+00	5.37254e-02
1.30799e+00	5.36751e-02
1.35233e+00	5.36225e-02
1.39667e+00	5.35678e-02
1.44101e+00	5.35110e-02
1.48534e+00	5.34521e-02
1.52968e+00	5.33912e-02
1.57402e+00	5.33280e-02
1.61836e+00	5.32627e-02
1.66270e+00	5.31954e-02
1.70704e+00	5.31262e-02
1.75138e+00	5.30553e-02
1.79571e+00	5.29826e-02
1.84005e+00	5.29083e-02
1.88439e+00	5.28323e-02
1.92873e+00	5.27547e-02
1.97307e+00	5.26755e-02
2.01741e+00	5.25945e-02
2.06175e+00	5.25117e-02
2.10609e+00	5.24270e-02
2.15042e+00	5.23404e-02
2.19476e+00	5.22520e-02
2.23910e+00	5.21616e-02
2.28344e+00	5.20695e-02
2.32778e+00	5.19754e-02
2.37212e+00	5.18796e-02
2.41646e+00	5.17820e-02
2.46079e+00	5.16825e-02
2.50513e+00	5.15813e-02
2.54947e+00	5.14782e-02
2.59381e+00	5.13733e-02
2.63815e+00	5.12666e-02
2.68249e+00	5.11581e-02
2.72683e+00	5.10478e-02
2.77116e+00	5.09357e-02
2.81550e+00	5.08220e-02
2.85984e+00	5.07065e-02
2.90418e+00	5.05893e-02
2.94852e+00	5.04704e-02
2.99286e+00	5.03499e-02
3.03720e+00	5.02278e-02
3.08153e+00	5.01041e-02
3.12587e+00	4.99789e-02
3.17021e+00	4.98523e-02
3.21455e+00	4.97241e-02
3.25889e+00	4.95945e-02
3.30323e+00	4.94634e-02
3.34757e+00	4.93309e-02
3.39191e+00	4.91971e-02
3.43624e+00	4.90619e-02
3.48058e+00	4.89253e-02
3.52492e+00	4.87874e-02
3.56926e+00	4.86482e-02
3.61360e+00	4.85078e-02
3.65794e+00	4.83661e-02
3.70228e+00	4.82232e-02
3.74661e+00	4.80791e-02
3.79095e+00	4.79338e-02
3.83529e+00	4.77874e-02
3.87963e+00	4.76398e-02
3.92397e+00	4.74911e-02
3.96831e+00	4.73413e-02
4.01265e+00	4.71904e-02
4.05698e+00	4.70381e-02
4.10132e+00	4.68843e-02
4.14566e+00	4.67291e-02
4.19000e+00	4.65725e-02
4.23434e+00	4.64144e-02
4.27868e+00	4.62549e-02
4.32302e+00	4.60941e-02
4.36736e+00	4.59319e-02
4.41169e+00	4.57684e-02
4.45603e+00	4.56037e-02
4.50037e+00	4.54376e-02
4.54471e+00	4.52703e-02
4.58905e+00	4.51018e-02
4.63339e+00	4.49320e-02
4.67773e+00	4.47611e-02
4.72206e+00	4.45890e-02
4.76640e+00	4.44158e-02
4.81074e+00	4.42415e-02
4.85508e+00	4.40661e-02
4.89942e+00	4.38896e-02
4.94376e+00	4.37121e-02
4.98810e+00	4.35335e-02
5.03243e+00	4.33538e-02
5.07677e+00	4.31732e-02
5.12111e+00	4.29914e-02
5.16545e+00	4.28086e-02
5.20979e+00	4.26248e-02
5.25413e+00	4.24399e-02
5.29847e+00	4.22541e-02
5.34281e+00	4.20672e-02
5.38714e+00	4.18795e-02
5.43148e+00	4.16908e-02
5.47582e+00	4.15012e-02
5.52016e+00	4.13107e-02
5.56450e+00	4.11193e-02
5.60884e+00	4.09271e-02
5.65318e+00	4.07340e-02
5.69751e+00	4.05401e-02
5.74185e+00	4.03453e-02
5.78619e+00	4.01498e-02
5.83053e+00	3.99536e-02
5.87487e+00	3.97565e-02
5.91921e+00	3.95588e-02
5.96355e+00	3.93603e-02
6.00788e+00	3.91611e-02
6.05222e+00	3.89613e-02
6.09656e+00	3.87608e-02
6.14090e+00	3.85598e-02
6.18524e+00	3.83582e-02
6.22958e+00	3.81561e-02
6.27392e+00	3.79534e-02
6.31826e+00	3.77502e-02
6.36259e+00	3.75465e-02
6.40693e+00	3.73423e-02
6.45127e+00	3.71376e-02
6.49561e+00	3.69325e-02
6.53995e+00	3.67268e-02
6.58429e+00	3.65207e-02
6.62863e+00	3.63142e-02
6.67296e+00	3.61072e-02
6.71730e+00	3.58998e-02
6.76164e+00	3.56920e-02
6.80598e+00	3.54838e-02
6.85032e+00	3.52752e-02
6.89466e+00	3.50662e-02
6.93900e+00	3.48568e-02
6.98333e+00	3.46471e-02
7.02767e+00	3.44372e-02
7.07201e+00	3.42271e-02
7.11635e+00	3.40169e-02
7.16069e+00	3.38065e-02
7.20503e+00	3.35960e-02
7.24937e+00	3.33855e-02
7.29371e+00	3.31749e-02
7.33804e+00	3.29642e-02
7.38238e+00	3.27534e-02
7.42672e+00	3.25426e-02
7.47106e+00	3.23317e-02
7.51540e+00	3.21208e-02
7.55974e+00	3.19098e-02
7.60408e+00	3.16988e-02
7.64841e+00	3.14877e-02
7.69275e+00	3.12766e-02
7.73709e+00	3.10655e-02
7.78143e+00	3.08543e-02
7.82577e+00	3.06432e-02
7.87011e+00	3.04319e-02
7.91445e+00	3.02207e-02
7.95878e+00	3.00095e-02
8.00312e+00	2.97982e-02
8.04746e+00	2.95869e-02
8.09180e+00	2.93757e-02
8.13614e+00	2.91644e-02
8.18048e+00	2.89531e-02
8.22482e+00	2.87418e-02
8.26916e+00	2.85305e-02
8.31349e+00	2.83193e-02
8.35783e+00	2.81080e-02
8.40217e+00	2.78968e-02
8.44651e+00	2.76855e-02
8.49085e+00	2.74743e-02
8.53519e+00	2.72631e-02
8.57953e+00	2.70519e-02
8.62386e+00	2.68408e-02
8.66820e+00	2.66296e-02
8.71254e+00	2.64185e-02
8.75688e+00	2.62074e-02
8.80122e+00	2.59964e-02
8.84556e+00	2.57854e-02
8.88990e+00	2.55744e-02
8.93423e+00	2.53634e-02
8.97857e+00	2.51525e-02
9.02291e+00	2.49417e-02
9.06725e+00	2.47310e-02
9.11159e+00	2.45203e-02
9.15593e+00	2.43098e-02
9.20027e+00	2.40994e-02
9.24460e+00	2.38890e-02
9.28894e+00	2.36788e-02
9.33328e+00	2.34686e-02
9.37762e+00	2.32585e-02
9.42196e+00	2.30486e-02
9.46630e+00	2.28388e-02
9.51064e+00	2.26290e-02
9.55498e+00	2.24194e-02
9.59931e+00	2.22099e-02
9.64365e+00	2.20005e-02
9.68799e+00	2.17912e-02
9.73233e+00	2.15820e-02
9.77667e+00	2.13730e-02
9.82101e+00	2.11642e-02
9.86535e+00	2.09554e-02
9.90968e+00	2.07469e-02
9.95402e+00	2.05385e-02
9.99836e+00	2.03302e-02
1.00427e+01	2.01221e-02
1.00870e+01	1.99145e-02
1.01314e+01	1.97075e-02
1.01757e+01	1.95012e-02
1.02201e+01	1.92955e-02
1.02644e+01	1.90903e-02
1.03087e+01	1.88858e-02
1.03531e+01	1.86818e-02
1.03974e+01	1.84785e-02
1.04417e+01	1.82757e-02
1.04861e+01	1.80735e-02
1.05304e+01	1.78718e-02
1.05748e+01	1.76708e-02
1.06191e+01	1.74703e-02
1.06634e+01	1.72706e-02
1.07078e+01	1.70720e-02
1.07521e+01	1.68742e-02
1.07965e+01	1.66775e-02
1.08408e+01	1.64817e-02
1.08851e+01	1.62868e-02
1.09295e+01	1.60929e-02
1.09738e+01	1.59000e-02
1.10182e+01	1.57079e-02
1.10625e+01	1.55168e-02
1.11068e+01	1.53265e-02
1.11512e+01	1.51372e-02
1.11955e+01	1.49488e-02
1.12398e+01	1.47613e-02
1.12842e+01	1.45746e-02
1.13285e+01	1.43888e-02
1.13729e+01	1.42039e-02
1.14172e+01	1.40198e-02
1.14615e+01	1.38366e-02
1.15059e+01	1.36543e-02
1.15502e+01	1.34728e-02
1.15946e+01	1.32920e-02
1.16389e+01	1.31122e-02
1.16832e+01	1.29332e-02
1.17276e+01	1.27553e-02
1.17719e+01	1.25785e-02
1.18162e+01	1.24028e-02
1.18606e+01	1.22280e-02
1.19049e+01	1.20546e-02
1.19493e+01	1.18824e-02
1.19936e+01	1.17114e-02
1.20379e+01	1.15415e-02
1.20823e+01	1.13728e-02
1.21266e+01	1.12051e-02
1.21710e+01	1.10385e-02
1.22153e+01	1.08731e-02
1.22596e+01	1.07088e-02
1.23040e+01	1.05457e-02
1.23483e+01	1.03838e-02
1.23926e+01	1.02232e-02
1.24370e+01	1.00638e-02
1.24813e+01	9.90562e-03
1.25257e+01	9.74877e-03
1.25700e+01	9.59322e-03
1.26143e+01	9.43914e-03
1.26587e+01	9.28664e-03
1.27030e+01	9.13573e-03
1.27474e+01	8.98641e-03
1.27917e+01	8.83869e-03
1.28360e+01	8.69255e-03
1.28804e+01	8.54800e-03
1.29247e+01	8.40498e-03
1.29691e+01	8.26347e-03
1.30134e+01	8.12340e-03
1.30577e+01	7.98452e-03
1.31021e+01	7.84757e-03
1.31464e+01	7.71239e-03
1.31907e+01	7.57854e-03
1.32351e+01	7.44609e-03
1.32794e+01	7.31513e-03
1.33238e+01	7.18552e-03
1.33681e+01	7.05717e-03
1.34124e+01	6.93004e-03
1.34568e+01	6.80410e-03
1.35011e+01	6.67939e-03
1.35455e+01	6.55596e-03
1.35898e+01	6.43379e-03
1.36341e+01	6.31289e-03
1.36785e+01	6.19327e-03
1.37228e+01	6.07494e-03
1.37671e+01	5.95790e-03
1.38115e+01	5.84215e-03
1.38558e+01	5.72769e-03
1.39002e+01	5.61453e-03
1.39445e+01	5.50266e-03
1.39888e+01	5.39210e-03
1.40332e+01	5.28285e-03
1.40775e+01	5.17495e-03
1.41219e+01	5.06842e-03
1.41662e+01	4.96327e-03
1.42105e+01	4.85952e-03
1.42549e+01	4.75717e-03
1.42992e+01	4.65622e-03
1.43435e+01	4.55669e-03
1.43879e+01	4.45858e-03
1.44322e+01	4.36191e-03
1.44766e+01	4.26668e-03
1.45209e+01	4.17288e-03
1.45652e+01	4.08054e-03
1.46096e+01	3.98964e-03
1.46539e+01	3.90019e-03
1.46983e+01	3.81220e-03
1.47426e+01	3.72565e-03
1.47869e+01	3.64054e-03
1.48313e+01	3.55688e-03
1.48756e+01	3.47466e-03
1.49199e+01	3.39387e-03
1.49643e+01	3.31450e-03
1.50086e+01	3.23656e-03
1.50530e+01	3.16004e-03
1.50973e+01	3.08492e-03
1.51416e+01	3.01120e-03
1.51860e+01	2.93886e-03
1.52303e+01	2.86787e-03
1.52747e+01	2.79824e-03
1.53190e+01	2.72993e-03
1.53633e+01	2.66294e-03
1.54077e+01	2.59724e-03
1.54520e+01	2.53282e-03
1.54964e+01	2.46967e-03
1.55407e+01	2.40776e-03
1.55850e+01	2.34707e-03
1.56294e+01	2.28760e-03
1.56737e+01	2.22932e-03
1.57180e+01	2.17222e-03
1.57624e+01	2.11627e-03
1.58067e+01	2.06145e-03
1.58511e+01	2.00775e-03
1.58954e+01	1.95514e-03
1.59397e+01	1.90363e-03
1.59841e+01	1.85321e-03
1.60284e+01	1.80387e-03
1.60728e+01	1.75559e-03
1.61171e+01	1.70838e-03
1.61614e+01	1.66221e-03
1.62058e+01	1.61707e-03
1.62501e+01	1.57294e-03
1.62944e+01	1.52982e-03
1.63388e+01	1.48769e-03
1.63831e+01	1.44652e-03
1.64275e+01	1.40632e-03
1.64718e+01	1.36705e-03
1.65161e+01	1.32872e-03
1.65605e+01	1.29129e-03
1.66048e+01	1.25476e-03
1.66492e+01	1.21912e-03
1.66935e+01	1.18434e-03
1.67378e+01	1.15041e-03
1.67822e+01	1.11733e-03
1.68265e+01	1.08507e-03
1.68708e+01	1.05361e-03
1.69152e+01	1.02295e-03
1.69595e+01	9.93072e-04
1.70039e+01	9.63957e-04
1.70482e+01	9.35593e-04
1.70925e+01	9.07967e-04
1.71369e+01	8.81062e-04
1.71812e+01	8.54865e-04
1.72256e+01	8.29361e-04
1.72699e+01	8.04537e-04
1.73142e+01	7.80376e-04
1.73586e+01	7.56866e-04
1.74029e+01	7.33993e-04
1.74473e+01	7.11742e-04
1.74916e+01	6.90100e-04
1.75359e+01	6.69053e-04
1.75803e+01	6.48587e-04
1.76246e+01	6.28691e-04
1.76689e+01	6.09350e-04
1.77133e+01	5.90552e-04
1.77576e+01	5.72285e-04
1.78020e+01	5.54536e-04
1.78463e+01	5.37294e-04
1.78906e+01	5.20543e-04
1.79350e+01	5.04270e-04
1.79793e+01	4.88464e-04
1.80237e+01	4.73115e-04
1.80680e+01	4.58211e-04
1.81123e+01	4.43743e-04
1.81567e+01	4.29698e-04
1.82010e+01	4.16066e-04
1.82453e+01	4.02833e-04
1.82897e+01	3.89989e-04
1.83340e+01	3.77525e-04
1.83784e+01	3.65429e-04
1.84227e+01	3.53694e-04
1.84670e+01	3.42309e-04
1.85114e+01	3.31265e-04
1.85557e+01	3.20552e-04
1.86001e+01	3.10163e-04
1.86444e+01	3.00088e-04
1.86887e+01	2.90319e-04
1.87331e+01	2.80847e-04
1.87774e+01	2.71666e-04
1.88217e+01	2.62766e-04
1.88661e+01	2.54140e-04
1.89104e+01	2.45781e-04
1.89548e+01	2.37682e-04
1.89991e+01	2.29834e-04
1.90434e+01	2.22233e-04
1.90878e+01	2.14870e-04
1.91321e+01	2.07739e-04
1.91765e+01	2.00833e-04
1.92208e+01	1.94147e-04
1.92651e+01	1.87672e-04
1.93095e+01	1.81405e-04
1.93538e+01	1.75337e-04
1.93982e+01	1.69464e-04
1.94425e+01	1.63780e-04
1.94868e+01	1.58278e-04
1.95312e+01	1.52955e-04
1.95755e+01	1.47804e-04
1.96198e+01	1.42820e-04
1.96642e+01	1.37998e-04
1.97085e+01	1.33334e-04
1.97529e+01	1.28823e-04
1.97972e+01	1.24460e-04
1.98415e+01	1.20241e-04
1.98859e+01	1.16161e-04
1.99302e+01	1.12215e-04
1.99746e+01	1.08396e-04
2.00189e+01	1.04700e-04
2.00632e+01	1.01125e-04
2.01076e+01	9.76653e-05
2.01519e+01	9.43189e-05
2.01962e+01	9.10819e-05
2.02406e+01	8.79511e-05
2.02849e+01	8.49231e-05
2.03293e+01	8.19949e-05
2.03736e+01	7.91634e-05
2.04179e+01	7.64257e-05
2.04623e+01	7.37788e-05
2.05066e+01	7.12200e-05
2.05510e+01	6.87466e-05
2.05953e+01	6.63561e-05
2.06396e+01	6.40459e-05
2.06840e+01	6.18130e-05
2.07283e+01	5.96549e-05
2.07726e+01	5.75694e-05
2.08170e+01	5.55540e-05
2.08613e+01	5.36065e-05
2.09057e+01	5.17248e-05
2.09500e+01	4.99068e-05
2.09943e+01	4.81504e-05
2.10387e+01	4.64537e-05
2.10830e+01	4.48147e-05
2.11274e+01	4.32317e-05
2.11717e+01	4.17026e-05
2.12160e+01	4.02259e-05
2.12604e+01	3.87998e-05
2.13047e+01	3.74226e-05
2.13491e+01	3.60928e-05
2.13934e+01	3.48087e-05
2.14377e+01	3.35688e-05
2.14821e+01	3.23718e-05
2.15264e+01	3.12161e-05
2.15707e+01	3.01005e-05
2.16151e+01	2.90235e-05
2.16594e+01	2.79838e-05
2.17038e+01	2.69804e-05
2.17481e+01	2.60119e-05
2.17924e+01	2.50771e-05
2.18368e+01	2.41751e-05
2.18811e+01	2.33046e-05
2.19255e+01	2.24646e-05
2.19698e+01	2.16542e-05
2.20141e+01	2.08723e-05
2.20585e+01	2.01180e-05
2.21028e+01	1.93904e-05
2.21471e+01	1.86886e-05
2.21915e+01	1.80117e-05
2.22358e+01	1.73588e-05
2.22802e+01	1.67291e-05
2.23245e+01	1.61218e-05
2.23688e+01	1.55362e-05
2.24132e+01	1.49714e-05
2.24575e+01	1.44267e-05
2.25019e+01	1.39015e-05
2.25462e+01	1.33950e-05
2.25905e+01	1.29066e-05
2.26349e+01	1.24357e-05
2.26792e+01	1.19816e-05
2.27235e+01	1.15438e-05
2.27679e+01	1.11217e-05
2.28122e+01	1.07147e-05
2.28566e+01	1.03224e-05
2.29009e+01	9.94414e-06
2.29452e+01	9.57953e-06
2.29896e+01	9.22806e-06
2.30339e+01	8.88928e-06
2.30783e+01	8.56275e-06
2.31226e+01	8.24802e-06
2.31669e+01	7.94469e-06
2.32113e+01	7.65234e-06
2.32556e+01	7.37060e-06
2.33000e+01	7.09908e-06
2.33443e+01	6.83742e-06
2.33886e+01	6.58526e-06
2.34330e+01	6.34228e-06
2.34773e+01	6.10814e-06
2.35216e+01	5.88252e-06
2.35660e+01	5.66513e-06
2.36103e+01	5.45566e-06
2.36547e+01	5.25385e-06
2.36990e+01	5.05940e-06
2.37433e+01	4.87205e-06
2.37877e+01	4.69156e-06
2.38320e+01	4.51768e-06
2.38764e+01	4.35016e-06
2.39207e+01	4.18878e-06
2.39650e+01	4.03331e-06
2.40094e+01	3.88356e-06
2.40537e+01	3.73930e-06
2.40980e+01	3.60034e-06
2.41424e+01	3.46648e-06
2.41867e+01	3.33756e-06
2.42311e+01	3.21338e-06
2.42754e+01	3.09377e-06
2.43197e+01	2.97858e-06
2.43641e+01	2.86764e-06
2.44084e+01	2.76079e-06
2.44528e+01	2.65790e-06
2.44971e+01	2.55881e-06
2.45414e+01	2.46339e-06
2.45858e+01	2.37151e-06
2.46301e+01	2.28303e-06
2.46744e+01	2.19784e-06
2.47188e+01	2.11581e-06
2.47631e+01	2.03682e-06
2.48075e+01	1.96074e-06
2.48518e+01	1.88749e-06
2.48961e+01	1.81695e-06
2.49405e+01	1.74902e-06
2.49848e+01	1.68362e-06
2.50292e+01	1.62066e-06
2.50735e+01	1.56003e-06
2.51178e+01	1.50166e-06
2.51622e+01	1.44548e-06
2.52065e+01	1.39137e-06
2.52509e+01	1.33926e-06
2.52952e+01	1.28907e-06
2.53395e+01	1.24074e-06
2.53839e+01	1.19420e-06
2.54282e+01	1.14938e-06
2.54725e+01	1.10622e-06
2.55169e+01	1.06466e-06
2.55612e+01	1.02463e-06
2.56056e+01	9.86090e-07
2.56499e+01	9.48976e-07
2.56942e+01	9.13239e-07
2.57386e+01	8.78827e-07
2.57829e+01	8.45694e-07
2.58273e+01	8.13792e-07
2.58716e+01	7.83077e-07
2.59159e+01	7.53505e-07
2.59603e+01	7.25036e-07
2.60046e+01	6.97629e-07
2.60489e+01	6.71247e-07
2.60933e+01	6.45853e-07
2.61376e+01	6.21410e-07
2.61820e+01	5.97883e-07
2.62263e+01	5.75239e-07
2.62706e+01	5.53444e-07
2.63150e+01	5.32467e-07
2.63593e+01	5.12279e-07
2.64037e+01	4.92848e-07
2.64480e+01	4.74148e-07
2.64923e+01	4.56151e-07
2.65367e+01	4.38831e-07
2.65810e+01	4.22163e-07
2.66253e+01	4.06123e-07
2.66697e+01	3.90686e-07
2.67140e+01	3.75832e-07
2.67584e+01	3.61537e-07
2.68027e+01	3.47781e-07
2.68470e+01	3.34544e-07
2.68914e+01	3.21807e-07
2.69357e+01	3.09551e-07
2.69801e+01	2.97758e-07
2.70244e+01	2.86410e-07
2.70687e+01	2.75491e-07
2.71131e+01	2.64985e-07
2.71574e+01	2.54876e-07
2.72018e+01	2.45150e-07
2.72461e+01	2.35792e-07
2.72904e+01	2.26788e-07
2.73348e+01	2.18126e-07
2.73791e+01	2.09792e-07
2.74234e+01	2.01773e-07
2.74678e+01	1.94059e-07
2.75121e+01	1.86637e-07
2.75565e+01	1.79497e-07
2.76008e+01	1.72629e-07
2.76451e+01	1.66020e-07
2.76895e+01	1.59663e-07
2.77338e+01	1.53548e-07
2.77782e+01	1.47665e-07
2.78225e+01	1.42005e-07
2.78668e+01	1.36561e-07
2.79112e+01	1.31324e-07
2.79555e+01	1.26286e-07
2.79998e+01	1.21440e-07
2.80442e+01	1.16779e-07
2.80885e+01	1.12295e-07
2.81329e+01	1.07982e-07
2.81772e+01	1.03833e-07
2.82215e+01	9.98424e-08
2.82659e+01	9.60041e-08
2.83102e+01	9.23122e-08
2.83546e+01	8.87611e-08
2.83989e+01	8.53457e-08
2.84432e+01	8.20608e-08
2.84876e+01	7.89013e-08
2.85319e+01	7.58627e-08
2.85762e+01	7.29403e-08
2.86206e+01	7.01297e-08
2.86649e+01	6.74266e-08
2.87093e+01	6.48271e-08
2.87536e+01	6.23271e-08
2.87979e+01	5.99230e-08
2.88423e+01	5.76110e-08
2.88866e+01	5.53877e-08
2.89310e+01	5.32496e-08
2.89753e+01	5.11937e-08
2.90196e+01	4.92167e-08
2.90640e+01	4.73156e-08
2.91083e+01	4.54876e-08
2.91527e+01	4.37299e-08
2.91970e+01	4.20398e-08
2.92413e+01	4.04147e-08
2.92857e+01	3.88522e-08
2.93300e+01	3.73499e-08
2.93743e+01	3.59054e-08
2.94187e+01	3.45166e-08
2.94630e+01	3.31814e-08
2.95074e+01	3.18977e-08
2.95517e+01	3.06635e-08
2.95960e+01	2.94769e-08
2.96404e+01	2.83361e-08
2.96847e+01	2.72393e-08
2.97291e+01	2.61848e-08
2.97734e+01	2.51710e-08
2.98177e+01	2.41964e-08
2.98621e+01	2.32595e-08
2.99064e+01	2.23588e-08
2.99507e+01	2.14930e-08
2.99951e+01	2.06607e-08
3.00394e+01	1.98606e-08
3.00838e+01	1.90916e-08
3.01281e+01	1.83522e-08
3.01724e+01	1.76412e-08
3.02168e+01	1.69575e-08
3.02611e+01	1.63001e-08
3.03055e+01	1.56679e-08
3.03498e+01	1.50600e-08
3.03941e+01	1.44755e-08
3.04385e+01	1.39135e-08
3.04828e+01	1.33731e-08
3.05271e+01	1.28535e-08
3.05715e+01	1.23539e-08
3.06158e+01	1.18736e-08
3.06602e+01	1.14118e-08
3.07045e+01	1.09678e-08
3.07488e+01	1.05409e-08
3.07932e+01	1.01305e-08
3.08375e+01	9.73591e-09
3.08819e+01	9.35659e-09
3.09262e+01	8.99191e-09
3.09705e+01	8.64134e-09
3.10149e+01	8.30431e-09
3.10592e+01	7.98032e-09
3.11036e+01	7.66887e-09
3.11479e+01	7.36947e-09
3.11922e+01	7.08167e-09
3.12366e+01	6.80501e-09
3.12809e+01	6.53907e-09
3.13252e+01	6.28345e-09
3.13696e+01	6.03773e-09
3.14139e+01	5.80155e-09
3.14583e+01	5.57453e-09
3.15026e+01	5.35632e-09
3.15469e+01	5.14659e-09
3.15913e+01	4.94501e-09
3.16356e+01	4.75127e-09
3.16800e+01	4.56506e-09
3.17243e+01	4.38609e-09
3.17686e+01	4.21408e-09
3.18130e+01	4.04877e-09
3.18573e+01	3.88990e-09
3.19016e+01	3.73721e-09
3.19460e+01	3.59048e-09
3.19903e+01	3.44946e-09
3.20347e+01	3.31394e-09
3.20790e+01	3.18371e-09
3.21233e+01	3.05857e-09
3.21677e+01	2.93831e-09
3.22120e+01	2.82275e-09
3.22564e+01	2.71171e-09
3.23007e+01	2.60500e-09
3.23450e+01	2.50247e-09
3.23894e+01	2.40395e-09
3.24337e+01	2.30928e-09
3.24780e+01	2.21832e-09
3.25224e+01	2.13092e-09
3.25667e+01	2.04694e-09
3.26111e+01	1.96625e-09
3.26554e+01	1.88872e-09
3.26997e+01	1.81423e-09
3.27441e+01	1.74266e-09
3.27884e+01	1.67389e-09
3.28328e+01	1.60783e-09
3.28771e+01	1.54435e-09
3.29214e+01	1.48337e-09
3.29658e+01	1.42478e-09
3.30101e+01	1.36849e-09
3.30545e+01	1.31441e-09
3.30988e+01	1.26246e-09
3.31431e+01	1.21255e-09
3.31875e+01	1.16460e-09
3.32318e+01	1.11854e-09
3.32761e+01	1.07428e-09
3.33205e+01	1.03177e-09
3.33648e+01	9.90935e-10
3.34092e+01	9.51705e-10
3.34535e+01	9.14019e-10
3.34978e+01	8.77818e-10
3.35422e+01	8.43043e-10
3.35865e+01	8.09639e-10
3.36309e+01	7.77552e-10
3.36752e+01	7.46729e-10
3.37195e+01	7.17123e-10
3.37639e+01	6.88685e-10
3.38082e+01	6.61369e-10
3.38525e+01	6.35131e-10
3.38969e+01	6.09930e-10
3.39412e+01	5.85724e-10
3.39856e+01	5.62475e-10
3.40299e+01	5.40146e-10
3.40742e+01	5.18700e-10
3.41186e+01	4.98103e-10
3.41629e+01	4.78321e-10
3.42073e+01	4.59322e-10
3.42516e+01	4.41076e-10
3.42959e+01	4.23552e-10
3.43403e+01	4.06722e-10
3.43846e+01	3.90558e-10
3.44289e+01	3.75035e-10
3.44733e+01	3.60127e-10
3.45176e+01	3.45810e-10
3.45620e+01	3.32060e-10
3.46063e+01	3.18856e-10
3.46506e+01	3.06175e-10
3.46950e+01	2.93997e-10
3.47393e+01	2.82302e-10
3.47837e+01	2.71071e-10
3.48280e+01	2.60286e-10
3.48723e+01	2.49928e-10
3.49167e+01	2.39982e-10
3.49610e+01	2.30430e-10
3.50054e+01	2.21258e-10
3.50497e+01	2.12449e-10
3.50940e+01	2.03990e-10
3.51384e+01	1.95867e-10
3.51827e+01	1.88066e-10
3.52270e+01	1.80576e-10
3.52714e+01	1.73382e-10
3.53157e+01	1.66475e-10
3.53601e+01	1.59842e-10
3.54044e+01	1.53472e-10
3.54487e+01	1.47356e-10
3.54931e+01	1.41483e-10
3.55374e+01	1.35843e-10
3.55818e+01	1.30428e-10
3.56261e+01	1.25228e-10
3.56704e+01	1.20235e-10
3.57148e+01	1.15440e-10
3.57591e+01	1.10837e-10
3.58034e+01	1.06416e-10
3.58478e+01	1.02172e-10
3.58921e+01	9.80966e-11
3.59365e+01	9.41836e-11
3.59808e+01	9.04264e-11
3.60251e+01	8.68190e-11
3.60695e+01	8.33556e-11
3.61138e+01	8.00305e-11
3.61582e+01	7.68382e-11
3.62025e+01	7.37735e-11
3.62468e+01	7.08312e-11
3.62912e+01	6.80064e-11
3.63355e+01	6.52944e-11
3.63798e+01	6.26908e-11
3.64242e+01	6.01911e-11
3.64685e+01	5.77913e-11
3.65129e+01	5.54873e-11
3.65572e+01	5.32753e-11
3.66015e+01	5.11517e-11
3.66459e+01	4.91128e-11
3.66902e+01	4.71554e-11
3.67346e+01	4.52761e-11
3.67789e+01	4.34719e-11
3.68232e+01	4.17397e-11
3.68676e+01	4.00767e-11
3.69119e+01	3.84801e-11
3.69563e+01	3.69472e-11
3.70006e+01	3.54755e-11
3.70449e+01	3.40625e-11
3.70893e+01	3.27060e-11
3.71336e+01	3.14036e-11
3.71779e+01	3.01532e-11
3.72223e+01	2.89527e-11
3.72666e+01	2.78002e-11
3.73110e+01	2.66937e-11
3.73553e+01	2.56314e-11
3.73996e+01	2.46114e-11
3.74440e+01	2.36322e-11
3.74883e+01	2.26920e-11
3.75327e+01	2.17894e-11
3.75770e+01	2.09228e-11
3.76213e+01	2.00908e-11
3.76657e+01	1.92919e-11
3.77100e+01	1.85249e-11
3.77543e+01	1.77886e-11
3.77987e+01	1.70815e-11
3.78430e+01	1.64027e-11
3.78874e+01	1.57510e-11
3.79317e+01	1.51252e-11
3.79760e+01	1.45244e-11
3.80204e+01	1.39476e-11
3.80647e+01	1.33937e-11
3.81091e+01	1.28619e-11
3.81534e+01	1.23513e-11
3.81977e+01	1.18611e-11
3.82421e+01	1.13904e-11
3.82864e+01	1.09385e-11
3.83307e+01	1.05045e-11
3.83751e+01	1.00879e-11
3.84194e+01	9.68790e-12
3.84638e+01	9.30385e-12
3.85081e+01	8.93511e-12
3.85524e+01	8.58108e-12
3.85968e+01	8.24116e-12
3.86411e+01	7.91479e-12
3.86855e+01	7.60142e-12
3.87298e+01	7.30053e-12
3.87741e+01	7.01163e-12
3.88185e+01	6.73423e-12
3.88628e+01	6.46788e-12
3.89072e+01	6.21213e-12
3.89515e+01	5.96657e-12
3.89958e+01	5.73077e-12
3.90402e+01	5.50436e-12
3.90845e+01	5.28695e-12
3.91288e+01	5.07819e-12
3.91732e+01	4.87774e-12
3.92175e+01	4.68525e-12
3.92619e+01	4.50041e-12
3.93062e+01	4.32292e-12
3.93505e+01	4.15249e-12
3.93949e+01	3.98882e-12
3.94392e+01	3.83166e-12
3.94836e+01	3.68074e-12
3.95279e+01	3.53581e-12
3.95722e+01	3.39663e-12
3.96166e+01	3.26299e-12
3.96609e+01	3.13464e-12
3.97052e+01	3.01139e-12
3.97496e+01	2.89303e-12
3.97939e+01	2.77937e-12
3.98383e+01	2.67022e-12
3.98826e+01	2.56540e-12
3.99269e+01	2.46473e-12
3.99713e+01	2.36806e-12
4.00156e+01	2.27520e-12
4.00600e+01	2.18599e-12
4.01043e+01	2.10027e-12
4.01486e+01	2.01792e-12
4.01930e+01	1.93879e-12
4.02373e+01	1.86278e-12
4.02816e+01	1.78974e-12
4.03260e+01	1.71956e-12
4.03703e+01	1.65214e-12
4.04147e+01	1.58735e-12
4.04590e+01	1.52511e-12
4.05033e+01	1.46530e-12
4.05477e+01	1.40783e-12
4.05920e+01	1.35262e-12
4.06364e+01	1.29956e-12
4.06807e+01	1.24858e-12
4.07250e+01	1.19960e-12
4.07694e+01	1.15253e-12
4.08137e+01	1.10729e-12
4.08581e+01	1.06383e-12
4.09024e+01	1.02206e-12
4.09467e+01	9.81926e-13
4.09911e+01	9.43355e-13
4.10354e+01	9.06288e-13
4.10797e+01	8.70667e-13
4.11241e+01	8.36433e-13
4.11684e+01	8.03532e-13
4.12128e+01	7.71912e-13
4.12571e+01	7.41521e-13
4.13014e+01	7.12311e-13
4.13458e+01	6.84235e-13
4.13901e+01	6.57249e-13
4.14345e+01	6.31309e-13
4.14788e+01	6.06374e-13
4.15231e+01	5.82403e-13
4.15675e+01	5.59358e-13
4.16118e+01	5.37203e-13
4.16561e+01	5.15903e-13
4.17005e+01	4.95422e-13
4.17448e+01	4.75729e-13
4.17892e+01	4.56792e-13
4.18335e+01	4.38581e-13
4.18778e+01	4.21067e-13
4.19222e+01	4.04221e-13
4.19665e+01	3.88018e-13
4.20109e+01	3.72431e-13
4.20552e+01	3.57436e-13
4.20995e+01	3.43008e-13
4.21439e+01	3.29125e-13
4.21882e+01	3.15764e-13
4.22325e+01	3.02904e-13
4.22769e+01	2.90526e-13
4.23212e+01	2.78608e-13
4.23656e+01	2.67133e-13
4.24099e+01	2.56081e-13
4.24542e+01	2.45436e-13
4.24986e+01	2.35180e-13
4.25429e+01	2.25297e-13
4.25873e+01	2.15772e-13
4.26316e+01	2.06590e-13
4.26759e+01	1.97735e-13
4.27203e+01	1.89194e-13
4.27646e+01	1.80953e-13
4.28090e+01	1.73000e-13
4.28533e+01	1.65322e-13
4.28976e+01	1.57906e-13
4.29420e+01	1.50741e-13
4.29863e+01	1.43816e-13
4.30306e+01	1.37120e-13
4.30750e+01	1.30642e-13
4.31193e+01	1.24372e-13
4.31637e+01	1.18299e-13
4.32080e+01	1.12416e-13
4.32523e+01	1.06711e-13
4.32967e+01	1.01177e-13
4.33410e+01	9.58047e-14
4.33854e+01	9.05854e-14
4.34297e+01	8.55110e-14
4.34740e+01	8.05737e-14
4.35184e+01	7.57658e-14
4.35627e+01	7.10798e-14
4.36070e+01	6.65083e-14
4.36514e+01	6.20443e-14
4.36957e+01	5.76808e-14
4.37401e+01	5.34111e-14
4.37844e+01	4.92286e-14
4.38287e+01	4.51268e-14
4.38731e+01	4.10993e-14
4.39174e+01	3.71399e-14
4.39618e+01	3.32427e-14
4.40061e+01	2.94014e-14
4.40504e+01	2.56104e-14
4.40948e+01	2.18637e-14
4.41391e+01	1.81558e-14
4.41834e+01	1.44808e-14
4.42278e+01	1.08332e-14
4.42721e+01	7.20755e-15
4.43165e+01	3.59829e-15
