# The average (mean) electron energy.
# col_1: E_N [Td], col_2: avg_en [eV]
E_N	avg_en
1.50000e+00	2.88662e+00
2.00000e+00	3.28738e+00
2.50000e+00	3.63767e+00
3.00000e+00	3.95473e+00
4.00000e+00	4.49102e+00
5.00000e+00	4.84252e+00
6.00000e+00	5.03366e+00
7.00000e+00	5.13905e+00
8.00000e+00	5.20456e+00
9.00000e+00	5.25149e+00
1.00000e+01	5.28947e+00
1.20000e+01	5.35209e+00
1.50000e+01	5.43364e+00
2.00000e+01	5.55583e+00
3.00000e+01	5.77034e+00
5.00000e+01	6.11063e+00
7.50000e+01	6.43986e+00
1.00000e+02	6.71329e+00
1.50000e+02	7.18384e+00
2.00000e+02	7.60958e+00
