# (HD+GE only) The bulk drift velocity.
# col_1: E_N [Td], col_2: W_BULK [m s^-1]
E_N	w_BULK
1.50000e+00	3.21970e+03
2.00000e+00	3.43243e+03
2.50000e+00	3.61277e+03
3.00000e+00	3.77501e+03
4.00000e+00	4.14191e+03
5.00000e+00	4.77099e+03
6.00000e+00	5.65580e+03
7.00000e+00	6.65512e+03
8.00000e+00	7.68714e+03
9.00000e+00	8.71963e+03
1.00000e+01	9.72889e+03
1.20000e+01	1.16951e+04
1.50000e+01	1.45085e+04
2.00000e+01	1.89313e+04
3.00000e+01	2.71646e+04
5.00000e+01	4.29597e+04
7.50000e+01	6.27233e+04
1.00000e+02	8.27685e+04
1.50000e+02	1.23086e+05
2.00000e+02	1.63176e+05
