# The ell = 0 distribution, the isotropy.
# E_N [Td]	1.50000e+01
# col_1: Electron Energy [eV], col_2: f0 [eV^(-3/2)]
eV	f0
1.06244e-02	2.33999e-01
3.18731e-02	2.34206e-01
5.31218e-02	2.34413e-01
7.43705e-02	2.34628e-01
9.56193e-02	2.34852e-01
1.16868e-01	2.35085e-01
1.38117e-01	2.35325e-01
1.59365e-01	2.35573e-01
1.80614e-01	2.35827e-01
2.01863e-01	2.36089e-01
2.23112e-01	2.36357e-01
2.44360e-01	2.36631e-01
2.65609e-01	2.36912e-01
2.86858e-01	2.37198e-01
3.08107e-01	2.37490e-01
3.29355e-01	2.37787e-01
3.50604e-01	2.38089e-01
3.71853e-01	2.38396e-01
3.93101e-01	2.38708e-01
4.14350e-01	2.39024e-01
4.35599e-01	2.39343e-01
4.56848e-01	2.39665e-01
4.78096e-01	2.39989e-01
4.99345e-01	2.40315e-01
5.20594e-01	2.40641e-01
5.41843e-01	2.40968e-01
5.63091e-01	2.41293e-01
5.84340e-01	2.41616e-01
6.05589e-01	2.41934e-01
6.26837e-01	2.42247e-01
6.48086e-01	2.42553e-01
6.69335e-01	2.42848e-01
6.90584e-01	2.43128e-01
7.11832e-01	2.43392e-01
7.33081e-01	2.43635e-01
7.54330e-01	2.43851e-01
7.75579e-01	2.44042e-01
7.96827e-01	2.44205e-01
8.18076e-01	2.44341e-01
8.39325e-01	2.44449e-01
8.60573e-01	2.44529e-01
8.81822e-01	2.44583e-01
9.03071e-01	2.44606e-01
9.24320e-01	2.44597e-01
9.45568e-01	2.44550e-01
9.66817e-01	2.44462e-01
9.88066e-01	2.44325e-01
1.00931e+00	2.44135e-01
1.03056e+00	2.43887e-01
1.05181e+00	2.43578e-01
1.07306e+00	2.43206e-01
1.09431e+00	2.42766e-01
1.11556e+00	2.42261e-01
1.13681e+00	2.41695e-01
1.15806e+00	2.41071e-01
1.17930e+00	2.40389e-01
1.20055e+00	2.39653e-01
1.22180e+00	2.38863e-01
1.24305e+00	2.38017e-01
1.26430e+00	2.37113e-01
1.28555e+00	2.36148e-01
1.30680e+00	2.35120e-01
1.32805e+00	2.34019e-01
1.34929e+00	2.32836e-01
1.37054e+00	2.31561e-01
1.39179e+00	2.30186e-01
1.41304e+00	2.28717e-01
1.43429e+00	2.27166e-01
1.45554e+00	2.25542e-01
1.47679e+00	2.23849e-01
1.49804e+00	2.22095e-01
1.51928e+00	2.20284e-01
1.54053e+00	2.18419e-01
1.56178e+00	2.16489e-01
1.58303e+00	2.14472e-01
1.60428e+00	2.12347e-01
1.62553e+00	2.10095e-01
1.64678e+00	2.07700e-01
1.66803e+00	2.05147e-01
1.68927e+00	2.02426e-01
1.71052e+00	1.99529e-01
1.73177e+00	1.96443e-01
1.75302e+00	1.93182e-01
1.77427e+00	1.89765e-01
1.79552e+00	1.86216e-01
1.81677e+00	1.82557e-01
1.83801e+00	1.78796e-01
1.85926e+00	1.74916e-01
1.88051e+00	1.70925e-01
1.90176e+00	1.66841e-01
1.92301e+00	1.62699e-01
1.94426e+00	1.58580e-01
1.96551e+00	1.54537e-01
1.98676e+00	1.50593e-01
2.00800e+00	1.46766e-01
2.02925e+00	1.43084e-01
2.05050e+00	1.39554e-01
2.07175e+00	1.36156e-01
2.09300e+00	1.32868e-01
2.11425e+00	1.29673e-01
2.13550e+00	1.26552e-01
2.15675e+00	1.23503e-01
2.17799e+00	1.20543e-01
2.19924e+00	1.17671e-01
2.22049e+00	1.14889e-01
2.24174e+00	1.12192e-01
2.26299e+00	1.09608e-01
2.28424e+00	1.07140e-01
2.30549e+00	1.04782e-01
2.32674e+00	1.02526e-01
2.34798e+00	1.00370e-01
2.36923e+00	9.82975e-02
2.39048e+00	9.62864e-02
2.41173e+00	9.43422e-02
2.43298e+00	9.24459e-02
2.45423e+00	9.05942e-02
2.47548e+00	8.88029e-02
2.49673e+00	8.71126e-02
2.51797e+00	8.55267e-02
2.53922e+00	8.40383e-02
2.56047e+00	8.26397e-02
2.58172e+00	8.13184e-02
2.60297e+00	8.00606e-02
2.62422e+00	7.88385e-02
2.64547e+00	7.76547e-02
2.66672e+00	7.65145e-02
2.68796e+00	7.54182e-02
2.70921e+00	7.43675e-02
2.73046e+00	7.33660e-02
2.75171e+00	7.24110e-02
2.77296e+00	7.14870e-02
2.79421e+00	7.05907e-02
2.81546e+00	6.97237e-02
2.83670e+00	6.88854e-02
2.85795e+00	6.80818e-02
2.87920e+00	6.73142e-02
2.90045e+00	6.65946e-02
2.92170e+00	6.59174e-02
2.94295e+00	6.52758e-02
2.96420e+00	6.46628e-02
2.98545e+00	6.40718e-02
3.00669e+00	6.34949e-02
3.02794e+00	6.29284e-02
3.04919e+00	6.23749e-02
3.07044e+00	6.18370e-02
3.09169e+00	6.13167e-02
3.11294e+00	6.08156e-02
3.13419e+00	6.03326e-02
3.15544e+00	5.98653e-02
3.17668e+00	5.94110e-02
3.19793e+00	5.89697e-02
3.21918e+00	5.85417e-02
3.24043e+00	5.81273e-02
3.26168e+00	5.77268e-02
3.28293e+00	5.73408e-02
3.30418e+00	5.69681e-02
3.32543e+00	5.66073e-02
3.34667e+00	5.62565e-02
3.36792e+00	5.59144e-02
3.38917e+00	5.55798e-02
3.41042e+00	5.52517e-02
3.43167e+00	5.49292e-02
3.45292e+00	5.46124e-02
3.47417e+00	5.43013e-02
3.49542e+00	5.39958e-02
3.51666e+00	5.36954e-02
3.53791e+00	5.34000e-02
3.55916e+00	5.31093e-02
3.58041e+00	5.28234e-02
3.60166e+00	5.25424e-02
3.62291e+00	5.22661e-02
3.64416e+00	5.19946e-02
3.66541e+00	5.17276e-02
3.68665e+00	5.14653e-02
3.70790e+00	5.12073e-02
3.72915e+00	5.09537e-02
3.75040e+00	5.07041e-02
3.77165e+00	5.04580e-02
3.79290e+00	5.02151e-02
3.81415e+00	4.99747e-02
3.83540e+00	4.97365e-02
3.85664e+00	4.94999e-02
3.87789e+00	4.92644e-02
3.89914e+00	4.90302e-02
3.92039e+00	4.87970e-02
3.94164e+00	4.85651e-02
3.96289e+00	4.83342e-02
3.98414e+00	4.81044e-02
4.00538e+00	4.78753e-02
4.02663e+00	4.76468e-02
4.04788e+00	4.74188e-02
4.06913e+00	4.71915e-02
4.09038e+00	4.69649e-02
4.11163e+00	4.67391e-02
4.13288e+00	4.65142e-02
4.15413e+00	4.62902e-02
4.17537e+00	4.60671e-02
4.19662e+00	4.58450e-02
4.21787e+00	4.56240e-02
4.23912e+00	4.54039e-02
4.26037e+00	4.51850e-02
4.28162e+00	4.49672e-02
4.30287e+00	4.47505e-02
4.32412e+00	4.45352e-02
4.34536e+00	4.43211e-02
4.36661e+00	4.41084e-02
4.38786e+00	4.38971e-02
4.40911e+00	4.36873e-02
4.43036e+00	4.34790e-02
4.45161e+00	4.32722e-02
4.47286e+00	4.30670e-02
4.49411e+00	4.28633e-02
4.51535e+00	4.26611e-02
4.53660e+00	4.24606e-02
4.55785e+00	4.22618e-02
4.57910e+00	4.20646e-02
4.60035e+00	4.18689e-02
4.62160e+00	4.16747e-02
4.64285e+00	4.14821e-02
4.66410e+00	4.12908e-02
4.68534e+00	4.11008e-02
4.70659e+00	4.09120e-02
4.72784e+00	4.07243e-02
4.74909e+00	4.05377e-02
4.77034e+00	4.03521e-02
4.79159e+00	4.01674e-02
4.81284e+00	3.99836e-02
4.83409e+00	3.98007e-02
4.85533e+00	3.96184e-02
4.87658e+00	3.94367e-02
4.89783e+00	3.92554e-02
4.91908e+00	3.90745e-02
4.94033e+00	3.88938e-02
4.96158e+00	3.87132e-02
4.98283e+00	3.85328e-02
5.00408e+00	3.83524e-02
5.02532e+00	3.81721e-02
5.04657e+00	3.79918e-02
5.06782e+00	3.78115e-02
5.08907e+00	3.76310e-02
5.11032e+00	3.74505e-02
5.13157e+00	3.72698e-02
5.15282e+00	3.70890e-02
5.17406e+00	3.69081e-02
5.19531e+00	3.67272e-02
5.21656e+00	3.65462e-02
5.23781e+00	3.63651e-02
5.25906e+00	3.61841e-02
5.28031e+00	3.60030e-02
5.30156e+00	3.58219e-02
5.32281e+00	3.56408e-02
5.34405e+00	3.54596e-02
5.36530e+00	3.52785e-02
5.38655e+00	3.50974e-02
5.40780e+00	3.49163e-02
5.42905e+00	3.47352e-02
5.45030e+00	3.45541e-02
5.47155e+00	3.43730e-02
5.49280e+00	3.41920e-02
5.51404e+00	3.40109e-02
5.53529e+00	3.38299e-02
5.55654e+00	3.36489e-02
5.57779e+00	3.34679e-02
5.59904e+00	3.32870e-02
5.62029e+00	3.31061e-02
5.64154e+00	3.29252e-02
5.66279e+00	3.27444e-02
5.68403e+00	3.25635e-02
5.70528e+00	3.23828e-02
5.72653e+00	3.22020e-02
5.74778e+00	3.20214e-02
5.76903e+00	3.18407e-02
5.79028e+00	3.16601e-02
5.81153e+00	3.14796e-02
5.83278e+00	3.12991e-02
5.85402e+00	3.11186e-02
5.87527e+00	3.09382e-02
5.89652e+00	3.07578e-02
5.91777e+00	3.05775e-02
5.93902e+00	3.03973e-02
5.96027e+00	3.02171e-02
5.98152e+00	3.00370e-02
6.00277e+00	2.98569e-02
6.02401e+00	2.96769e-02
6.04526e+00	2.94970e-02
6.06651e+00	2.93172e-02
6.08776e+00	2.91374e-02
6.10901e+00	2.89578e-02
6.13026e+00	2.87782e-02
6.15151e+00	2.85988e-02
6.17275e+00	2.84194e-02
6.19400e+00	2.82402e-02
6.21525e+00	2.80610e-02
6.23650e+00	2.78819e-02
6.25775e+00	2.77030e-02
6.27900e+00	2.75241e-02
6.30025e+00	2.73453e-02
6.32150e+00	2.71666e-02
6.34274e+00	2.69881e-02
6.36399e+00	2.68096e-02
6.38524e+00	2.66312e-02
6.40649e+00	2.64529e-02
6.42774e+00	2.62747e-02
6.44899e+00	2.60966e-02
6.47024e+00	2.59187e-02
6.49149e+00	2.57408e-02
6.51273e+00	2.55630e-02
6.53398e+00	2.53853e-02
6.55523e+00	2.52077e-02
6.57648e+00	2.50302e-02
6.59773e+00	2.48528e-02
6.61898e+00	2.46755e-02
6.64023e+00	2.44983e-02
6.66148e+00	2.43212e-02
6.68272e+00	2.41442e-02
6.70397e+00	2.39672e-02
6.72522e+00	2.37904e-02
6.74647e+00	2.36137e-02
6.76772e+00	2.34370e-02
6.78897e+00	2.32605e-02
6.81022e+00	2.30840e-02
6.83147e+00	2.29077e-02
6.85271e+00	2.27314e-02
6.87396e+00	2.25552e-02
6.89521e+00	2.23792e-02
6.91646e+00	2.22033e-02
6.93771e+00	2.20274e-02
6.95896e+00	2.18517e-02
6.98021e+00	2.16762e-02
7.00146e+00	2.15008e-02
7.02270e+00	2.13257e-02
7.04395e+00	2.11506e-02
7.06520e+00	2.09758e-02
7.08645e+00	2.08011e-02
7.10770e+00	2.06267e-02
7.12895e+00	2.04524e-02
7.15020e+00	2.02784e-02
7.17145e+00	2.01046e-02
7.19269e+00	1.99309e-02
7.21394e+00	1.97575e-02
7.23519e+00	1.95844e-02
7.25644e+00	1.94114e-02
7.27769e+00	1.92386e-02
7.29894e+00	1.90661e-02
7.32019e+00	1.88937e-02
7.34143e+00	1.87215e-02
7.36268e+00	1.85495e-02
7.38393e+00	1.83777e-02
7.40518e+00	1.82061e-02
7.42643e+00	1.80347e-02
7.44768e+00	1.78635e-02
7.46893e+00	1.76926e-02
7.49018e+00	1.75218e-02
7.51142e+00	1.73513e-02
7.53267e+00	1.71810e-02
7.55392e+00	1.70109e-02
7.57517e+00	1.68411e-02
7.59642e+00	1.66715e-02
7.61767e+00	1.65022e-02
7.63892e+00	1.63331e-02
7.66017e+00	1.61643e-02
7.68141e+00	1.59958e-02
7.70266e+00	1.58275e-02
7.72391e+00	1.56596e-02
7.74516e+00	1.54919e-02
7.76641e+00	1.53244e-02
7.78766e+00	1.51573e-02
7.80891e+00	1.49904e-02
7.83016e+00	1.48239e-02
7.85140e+00	1.46577e-02
7.87265e+00	1.44920e-02
7.89390e+00	1.43266e-02
7.91515e+00	1.41616e-02
7.93640e+00	1.39971e-02
7.95765e+00	1.38330e-02
7.97890e+00	1.36695e-02
8.00015e+00	1.35064e-02
8.02139e+00	1.33439e-02
8.04264e+00	1.31819e-02
8.06389e+00	1.30204e-02
8.08514e+00	1.28596e-02
8.10639e+00	1.26994e-02
8.12764e+00	1.25398e-02
8.14889e+00	1.23809e-02
8.17014e+00	1.22226e-02
8.19138e+00	1.20651e-02
8.21263e+00	1.19082e-02
8.23388e+00	1.17521e-02
8.25513e+00	1.15967e-02
8.27638e+00	1.14421e-02
8.29763e+00	1.12883e-02
8.31888e+00	1.11354e-02
8.34013e+00	1.09833e-02
8.36137e+00	1.08321e-02
8.38262e+00	1.06818e-02
8.40387e+00	1.05324e-02
8.42512e+00	1.03840e-02
8.44637e+00	1.02366e-02
8.46762e+00	1.00903e-02
8.48887e+00	9.94493e-03
8.51011e+00	9.80071e-03
8.53136e+00	9.65764e-03
8.55261e+00	9.51573e-03
8.57386e+00	9.37501e-03
8.59511e+00	9.23549e-03
8.61636e+00	9.09717e-03
8.63761e+00	8.96009e-03
8.65886e+00	8.82424e-03
8.68010e+00	8.68965e-03
8.70135e+00	8.55633e-03
8.72260e+00	8.42428e-03
8.74385e+00	8.29353e-03
8.76510e+00	8.16408e-03
8.78635e+00	8.03594e-03
8.80760e+00	7.90913e-03
8.82885e+00	7.78365e-03
8.85009e+00	7.65951e-03
8.87134e+00	7.53673e-03
8.89259e+00	7.41531e-03
8.91384e+00	7.29526e-03
8.93509e+00	7.17658e-03
8.95634e+00	7.05928e-03
8.97759e+00	6.94340e-03
8.99884e+00	6.82894e-03
9.02008e+00	6.71589e-03
9.04133e+00	6.60425e-03
9.06258e+00	6.49402e-03
9.08383e+00	6.38518e-03
9.10508e+00	6.27772e-03
9.12633e+00	6.17163e-03
9.14758e+00	6.06690e-03
9.16883e+00	5.96352e-03
9.19007e+00	5.86148e-03
9.21132e+00	5.76078e-03
9.23257e+00	5.66139e-03
9.25382e+00	5.56332e-03
9.27507e+00	5.46655e-03
9.29632e+00	5.37108e-03
9.31757e+00	5.27689e-03
9.33882e+00	5.18397e-03
9.36006e+00	5.09232e-03
9.38131e+00	5.00193e-03
9.40256e+00	4.91278e-03
9.42381e+00	4.82487e-03
9.44506e+00	4.73818e-03
9.46631e+00	4.65270e-03
9.48756e+00	4.56842e-03
9.50880e+00	4.48534e-03
9.53005e+00	4.40344e-03
9.55130e+00	4.32271e-03
9.57255e+00	4.24314e-03
9.59380e+00	4.16471e-03
9.61505e+00	4.08743e-03
9.63630e+00	4.01127e-03
9.65755e+00	3.93623e-03
9.67879e+00	3.86231e-03
9.70004e+00	3.78949e-03
9.72129e+00	3.71777e-03
9.74254e+00	3.64714e-03
9.76379e+00	3.57759e-03
9.78504e+00	3.50911e-03
9.80629e+00	3.44169e-03
9.82754e+00	3.37531e-03
9.84878e+00	3.30998e-03
9.87003e+00	3.24568e-03
9.89128e+00	3.18240e-03
9.91253e+00	3.12014e-03
9.93378e+00	3.05887e-03
9.95503e+00	2.99860e-03
9.97628e+00	2.93931e-03
9.99753e+00	2.88099e-03
1.00188e+01	2.82363e-03
1.00400e+01	2.76721e-03
1.00613e+01	2.71181e-03
1.00825e+01	2.65738e-03
1.01038e+01	2.60392e-03
1.01250e+01	2.55140e-03
1.01463e+01	2.49980e-03
1.01675e+01	2.44913e-03
1.01888e+01	2.39934e-03
1.02100e+01	2.35044e-03
1.02313e+01	2.30241e-03
1.02525e+01	2.25522e-03
1.02738e+01	2.20888e-03
1.02950e+01	2.16335e-03
1.03163e+01	2.11864e-03
1.03375e+01	2.07472e-03
1.03588e+01	2.03158e-03
1.03800e+01	1.98920e-03
1.04013e+01	1.94759e-03
1.04225e+01	1.90671e-03
1.04437e+01	1.86656e-03
1.04650e+01	1.82712e-03
1.04862e+01	1.78838e-03
1.05075e+01	1.75034e-03
1.05287e+01	1.71297e-03
1.05500e+01	1.67627e-03
1.05712e+01	1.64022e-03
1.05925e+01	1.60482e-03
1.06137e+01	1.57002e-03
1.06350e+01	1.53588e-03
1.06562e+01	1.50239e-03
1.06775e+01	1.46952e-03
1.06987e+01	1.43728e-03
1.07200e+01	1.40564e-03
1.07412e+01	1.37459e-03
1.07625e+01	1.34413e-03
1.07837e+01	1.31425e-03
1.08050e+01	1.28492e-03
1.08262e+01	1.25615e-03
1.08475e+01	1.22791e-03
1.08687e+01	1.20021e-03
1.08900e+01	1.17302e-03
1.09112e+01	1.14634e-03
1.09325e+01	1.12016e-03
1.09537e+01	1.09446e-03
1.09750e+01	1.06925e-03
1.09962e+01	1.04450e-03
1.10175e+01	1.02021e-03
1.10387e+01	9.96374e-04
1.10600e+01	9.72976e-04
1.10812e+01	9.50010e-04
1.11025e+01	9.27465e-04
1.11237e+01	9.05334e-04
1.11450e+01	8.83607e-04
1.11662e+01	8.62276e-04
1.11875e+01	8.41333e-04
1.12087e+01	8.20768e-04
1.12300e+01	8.00574e-04
1.12512e+01	7.80744e-04
1.12724e+01	7.61271e-04
1.12937e+01	7.42147e-04
1.13149e+01	7.23366e-04
1.13362e+01	7.04921e-04
1.13574e+01	6.86804e-04
1.13787e+01	6.69008e-04
1.13999e+01	6.51527e-04
1.14212e+01	6.34354e-04
1.14424e+01	6.17482e-04
1.14637e+01	6.00905e-04
1.14849e+01	5.84614e-04
1.15062e+01	5.68603e-04
1.15274e+01	5.52864e-04
1.15487e+01	5.37384e-04
1.15699e+01	5.22145e-04
1.15912e+01	5.07165e-04
1.16124e+01	4.92452e-04
1.16337e+01	4.78009e-04
1.16549e+01	4.63870e-04
1.16762e+01	4.50098e-04
1.16974e+01	4.36693e-04
1.17187e+01	4.23621e-04
1.17399e+01	4.10843e-04
1.17612e+01	3.98336e-04
1.17824e+01	3.86111e-04
1.18037e+01	3.74167e-04
1.18249e+01	3.62484e-04
1.18462e+01	3.51051e-04
1.18674e+01	3.40028e-04
1.18887e+01	3.29357e-04
1.19099e+01	3.18975e-04
1.19312e+01	3.08897e-04
1.19524e+01	2.99098e-04
1.19737e+01	2.89560e-04
1.19949e+01	2.80275e-04
1.20162e+01	2.71234e-04
1.20374e+01	2.62431e-04
1.20587e+01	2.53861e-04
1.20799e+01	2.45519e-04
1.21011e+01	2.37399e-04
1.21224e+01	2.29496e-04
1.21436e+01	2.21806e-04
1.21649e+01	2.14326e-04
1.21861e+01	2.07050e-04
1.22074e+01	1.99975e-04
1.22286e+01	1.93097e-04
1.22499e+01	1.86413e-04
1.22711e+01	1.79921e-04
1.22924e+01	1.73620e-04
1.23136e+01	1.67505e-04
1.23349e+01	1.61574e-04
1.23561e+01	1.55822e-04
1.23774e+01	1.50246e-04
1.23986e+01	1.44839e-04
1.24199e+01	1.39599e-04
1.24411e+01	1.34523e-04
1.24624e+01	1.29607e-04
1.24836e+01	1.24847e-04
1.25049e+01	1.20242e-04
1.25261e+01	1.15787e-04
1.25474e+01	1.11480e-04
1.25686e+01	1.07316e-04
1.25899e+01	1.03296e-04
1.26111e+01	9.94175e-05
1.26324e+01	9.56767e-05
1.26536e+01	9.20698e-05
1.26749e+01	8.85928e-05
1.26961e+01	8.52423e-05
1.27174e+01	8.20146e-05
1.27386e+01	7.89057e-05
1.27599e+01	7.59115e-05
1.27811e+01	7.30283e-05
1.28024e+01	7.02525e-05
1.28236e+01	6.75810e-05
1.28449e+01	6.50094e-05
1.28661e+01	6.25330e-05
1.28874e+01	6.01456e-05
1.29086e+01	5.78413e-05
1.29298e+01	5.56200e-05
1.29511e+01	5.34819e-05
1.29723e+01	5.14160e-05
1.29936e+01	4.94153e-05
1.30148e+01	4.74755e-05
1.30361e+01	4.56091e-05
1.30573e+01	4.38410e-05
1.30786e+01	4.21704e-05
1.30998e+01	4.05748e-05
1.31211e+01	3.90399e-05
1.31423e+01	3.75541e-05
1.31636e+01	3.61142e-05
1.31848e+01	3.47235e-05
1.32061e+01	3.33876e-05
1.32273e+01	3.21090e-05
1.32486e+01	3.08774e-05
1.32698e+01	2.96890e-05
1.32911e+01	2.85418e-05
1.33123e+01	2.74328e-05
1.33336e+01	2.63599e-05
1.33548e+01	2.53216e-05
1.33761e+01	2.43165e-05
1.33973e+01	2.33437e-05
1.34186e+01	2.24027e-05
1.34398e+01	2.14929e-05
1.34611e+01	2.06141e-05
1.34823e+01	1.97671e-05
1.35036e+01	1.89509e-05
1.35248e+01	1.81636e-05
1.35461e+01	1.74043e-05
1.35673e+01	1.66723e-05
1.35886e+01	1.59669e-05
1.36098e+01	1.52872e-05
1.36311e+01	1.46326e-05
1.36523e+01	1.40022e-05
1.36736e+01	1.33953e-05
1.36948e+01	1.28111e-05
1.37161e+01	1.22489e-05
1.37373e+01	1.17080e-05
1.37586e+01	1.11876e-05
1.37798e+01	1.06872e-05
1.38010e+01	1.02060e-05
1.38223e+01	9.74336e-06
1.38435e+01	9.29869e-06
1.38648e+01	8.87134e-06
1.38860e+01	8.46071e-06
1.39073e+01	8.06633e-06
1.39285e+01	7.68768e-06
1.39498e+01	7.32432e-06
1.39710e+01	6.97576e-06
1.39923e+01	6.64152e-06
1.40135e+01	6.32115e-06
1.40348e+01	6.01422e-06
1.40560e+01	5.72028e-06
1.40773e+01	5.43888e-06
1.40985e+01	5.16960e-06
1.41198e+01	4.91202e-06
1.41410e+01	4.66572e-06
1.41623e+01	4.43030e-06
1.41835e+01	4.20536e-06
1.42048e+01	3.99049e-06
1.42260e+01	3.78533e-06
1.42473e+01	3.58949e-06
1.42685e+01	3.40263e-06
1.42898e+01	3.22444e-06
1.43110e+01	3.05457e-06
1.43323e+01	2.89272e-06
1.43535e+01	2.73856e-06
1.43748e+01	2.59179e-06
1.43960e+01	2.45211e-06
1.44173e+01	2.31924e-06
1.44385e+01	2.19289e-06
1.44598e+01	2.07278e-06
1.44810e+01	1.95866e-06
1.45023e+01	1.85027e-06
1.45235e+01	1.74736e-06
1.45448e+01	1.64969e-06
1.45660e+01	1.55702e-06
1.45873e+01	1.46913e-06
1.46085e+01	1.38581e-06
1.46297e+01	1.30685e-06
1.46510e+01	1.23203e-06
1.46722e+01	1.16118e-06
1.46935e+01	1.09410e-06
1.47147e+01	1.03062e-06
1.47360e+01	9.70561e-07
1.47572e+01	9.13760e-07
1.47785e+01	8.60059e-07
1.47997e+01	8.09306e-07
1.48210e+01	7.61355e-07
1.48422e+01	7.16068e-07
1.48635e+01	6.73311e-07
1.48847e+01	6.32957e-07
1.49060e+01	5.94883e-07
1.49272e+01	5.58974e-07
1.49485e+01	5.25119e-07
1.49697e+01	4.93212e-07
1.49910e+01	4.63152e-07
1.50122e+01	4.34844e-07
1.50335e+01	4.08194e-07
1.50547e+01	3.83108e-07
1.50760e+01	3.59499e-07
1.50972e+01	3.37284e-07
1.51185e+01	3.16384e-07
1.51397e+01	2.96725e-07
1.51610e+01	2.78238e-07
1.51822e+01	2.60855e-07
1.52035e+01	2.44513e-07
1.52247e+01	2.29154e-07
1.52460e+01	2.14721e-07
1.52672e+01	2.01160e-07
1.52885e+01	1.88422e-07
1.53097e+01	1.76458e-07
1.53310e+01	1.65224e-07
1.53522e+01	1.54677e-07
1.53735e+01	1.44777e-07
1.53947e+01	1.35485e-07
1.54160e+01	1.26767e-07
1.54372e+01	1.18588e-07
1.54584e+01	1.10916e-07
1.54797e+01	1.03721e-07
1.55009e+01	9.69736e-08
1.55222e+01	9.06481e-08
1.55434e+01	8.47186e-08
1.55647e+01	7.91612e-08
1.55859e+01	7.39533e-08
1.56072e+01	6.90736e-08
1.56284e+01	6.45021e-08
1.56497e+01	6.02199e-08
1.56709e+01	5.62093e-08
1.56922e+01	5.24533e-08
1.57134e+01	4.89362e-08
1.57347e+01	4.56429e-08
1.57559e+01	4.25592e-08
1.57772e+01	3.96711e-08
1.57984e+01	3.69672e-08
1.58197e+01	3.44371e-08
1.58409e+01	3.20707e-08
1.58622e+01	2.98584e-08
1.58834e+01	2.77909e-08
1.59047e+01	2.58594e-08
1.59259e+01	2.40556e-08
1.59472e+01	2.23719e-08
1.59684e+01	2.08006e-08
1.59897e+01	1.93351e-08
1.60109e+01	1.79685e-08
1.60322e+01	1.66948e-08
1.60534e+01	1.55078e-08
1.60747e+01	1.44019e-08
1.60959e+01	1.33719e-08
1.61172e+01	1.24127e-08
1.61384e+01	1.15197e-08
1.61597e+01	1.06885e-08
1.61809e+01	9.91510e-09
1.62022e+01	9.19559e-09
1.62234e+01	8.52640e-09
1.62447e+01	7.90415e-09
1.62659e+01	7.32569e-09
1.62871e+01	6.78807e-09
1.63084e+01	6.28853e-09
1.63296e+01	5.82448e-09
1.63509e+01	5.39349e-09
1.63721e+01	4.99331e-09
1.63934e+01	4.62182e-09
1.64146e+01	4.27705e-09
1.64359e+01	3.95714e-09
1.64571e+01	3.66036e-09
1.64784e+01	3.38512e-09
1.64996e+01	3.12988e-09
1.65209e+01	2.89326e-09
1.65421e+01	2.67395e-09
1.65634e+01	2.47072e-09
1.65846e+01	2.28245e-09
1.66059e+01	2.10808e-09
1.66271e+01	1.94662e-09
1.66484e+01	1.79715e-09
1.66696e+01	1.65881e-09
1.66909e+01	1.53080e-09
1.67121e+01	1.41238e-09
1.67334e+01	1.30285e-09
1.67546e+01	1.20158e-09
1.67759e+01	1.10795e-09
1.67971e+01	1.02141e-09
1.68184e+01	9.41447e-10
1.68396e+01	8.67572e-10
1.68609e+01	7.99337e-10
1.68821e+01	7.36328e-10
1.69034e+01	6.78155e-10
1.69246e+01	6.24460e-10
1.69459e+01	5.74908e-10
1.69671e+01	5.29191e-10
1.69884e+01	4.87021e-10
1.70096e+01	4.48132e-10
1.70309e+01	4.12276e-10
1.70521e+01	3.79223e-10
1.70734e+01	3.48760e-10
1.70946e+01	3.20690e-10
1.71158e+01	2.94828e-10
1.71371e+01	2.71006e-10
1.71583e+01	2.49066e-10
1.71796e+01	2.28864e-10
1.72008e+01	2.10265e-10
1.72221e+01	1.93145e-10
1.72433e+01	1.77389e-10
1.72646e+01	1.62892e-10
1.72858e+01	1.49555e-10
1.73071e+01	1.37288e-10
1.73283e+01	1.26005e-10
1.73496e+01	1.15631e-10
1.73708e+01	1.06094e-10
1.73921e+01	9.73276e-11
1.74133e+01	8.92710e-11
1.74346e+01	8.18680e-11
1.74558e+01	7.50667e-11
1.74771e+01	6.88192e-11
1.74983e+01	6.30814e-11
1.75196e+01	5.78127e-11
1.75408e+01	5.29755e-11
1.75621e+01	4.85351e-11
1.75833e+01	4.44598e-11
1.76046e+01	4.07201e-11
1.76258e+01	3.72892e-11
1.76471e+01	3.41419e-11
1.76683e+01	3.12555e-11
1.76896e+01	2.86086e-11
1.77108e+01	2.61820e-11
1.77321e+01	2.39575e-11
1.77533e+01	2.19188e-11
1.77746e+01	2.00506e-11
1.77958e+01	1.83389e-11
1.78171e+01	1.67710e-11
1.78383e+01	1.53350e-11
1.78596e+01	1.40199e-11
1.78808e+01	1.28157e-11
1.79021e+01	1.17133e-11
1.79233e+01	1.07041e-11
1.79445e+01	9.78058e-12
1.79658e+01	8.93549e-12
1.79870e+01	8.16237e-12
1.80083e+01	7.45519e-12
1.80295e+01	6.80844e-12
1.80508e+01	6.21703e-12
1.80720e+01	5.67631e-12
1.80933e+01	5.18199e-12
1.81145e+01	4.73016e-12
1.81358e+01	4.31722e-12
1.81570e+01	3.93986e-12
1.81783e+01	3.59506e-12
1.81995e+01	3.28002e-12
1.82208e+01	2.99222e-12
1.82420e+01	2.72932e-12
1.82633e+01	2.48921e-12
1.82845e+01	2.26994e-12
1.83058e+01	2.06973e-12
1.83270e+01	1.88694e-12
1.83483e+01	1.72009e-12
1.83695e+01	1.56779e-12
1.83908e+01	1.42880e-12
1.84120e+01	1.30198e-12
1.84333e+01	1.18627e-12
1.84545e+01	1.08071e-12
1.84758e+01	9.84421e-13
1.84970e+01	8.96603e-13
1.85183e+01	8.16519e-13
1.85395e+01	7.43496e-13
1.85608e+01	6.76922e-13
1.85820e+01	6.16233e-13
1.86033e+01	5.60918e-13
1.86245e+01	5.10506e-13
1.86458e+01	4.64569e-13
1.86670e+01	4.22716e-13
1.86883e+01	3.84587e-13
1.87095e+01	3.49857e-13
1.87308e+01	3.18226e-13
1.87520e+01	2.89421e-13
1.87732e+01	2.63194e-13
1.87945e+01	2.39316e-13
1.88157e+01	2.17579e-13
1.88370e+01	1.97796e-13
1.88582e+01	1.79791e-13
1.88795e+01	1.63407e-13
1.89007e+01	1.48501e-13
1.89220e+01	1.34940e-13
1.89432e+01	1.22605e-13
1.89645e+01	1.11386e-13
1.89857e+01	1.01184e-13
1.90070e+01	9.19079e-14
1.90282e+01	8.34747e-14
1.90495e+01	7.58085e-14
1.90707e+01	6.88404e-14
1.90920e+01	6.25072e-14
1.91132e+01	5.67517e-14
1.91345e+01	5.15216e-14
1.91557e+01	4.67694e-14
1.91770e+01	4.24518e-14
1.91982e+01	3.85295e-14
1.92195e+01	3.49665e-14
1.92407e+01	3.17303e-14
1.92620e+01	2.87911e-14
1.92832e+01	2.61220e-14
1.93045e+01	2.36983e-14
1.93257e+01	2.14977e-14
1.93470e+01	1.94997e-14
1.93682e+01	1.76860e-14
1.93895e+01	1.60397e-14
1.94107e+01	1.45454e-14
1.94320e+01	1.31893e-14
1.94532e+01	1.19586e-14
1.94745e+01	1.08419e-14
1.94957e+01	9.82867e-15
1.95170e+01	8.90942e-15
1.95382e+01	8.07551e-15
1.95595e+01	7.31907e-15
1.95807e+01	6.63297e-15
1.96019e+01	6.01072e-15
1.96232e+01	5.44642e-15
1.96444e+01	4.93473e-15
1.96657e+01	4.47077e-15
1.96869e+01	4.05014e-15
1.97082e+01	3.66883e-15
1.97294e+01	3.32318e-15
1.97507e+01	3.00988e-15
1.97719e+01	2.72594e-15
1.97932e+01	2.46862e-15
1.98144e+01	2.23545e-15
1.98357e+01	2.02418e-15
1.98569e+01	1.83277e-15
1.98782e+01	1.65937e-15
1.98994e+01	1.50232e-15
1.99207e+01	1.36003e-15
1.99419e+01	1.23111e-15
1.99632e+01	1.11432e-15
1.99844e+01	1.00852e-15
2.00057e+01	9.12696e-16
2.00269e+01	8.25902e-16
2.00482e+01	7.47299e-16
2.00694e+01	6.76120e-16
2.00907e+01	6.11670e-16
2.01119e+01	5.53318e-16
2.01332e+01	5.00491e-16
2.01544e+01	4.52672e-16
2.01757e+01	4.09388e-16
2.01969e+01	3.70213e-16
2.02182e+01	3.34760e-16
2.02394e+01	3.02678e-16
2.02607e+01	2.73649e-16
2.02819e+01	2.47384e-16
2.03032e+01	2.23621e-16
2.03244e+01	2.02125e-16
2.03457e+01	1.82680e-16
2.03669e+01	1.65092e-16
2.03882e+01	1.49185e-16
2.04094e+01	1.34799e-16
2.04307e+01	1.21791e-16
2.04519e+01	1.10028e-16
2.04731e+01	9.93928e-17
2.04944e+01	8.97779e-17
2.05156e+01	8.10862e-17
2.05369e+01	7.32290e-17
2.05581e+01	6.61264e-17
2.05794e+01	5.97061e-17
2.06006e+01	5.39025e-17
2.06219e+01	4.86566e-17
2.06431e+01	4.39145e-17
2.06644e+01	3.96273e-17
2.06856e+01	3.57513e-17
2.07069e+01	3.22466e-17
2.07281e+01	2.90773e-17
2.07494e+01	2.62109e-17
2.07706e+01	2.36178e-17
2.07919e+01	2.12713e-17
2.08131e+01	1.91474e-17
2.08344e+01	1.72240e-17
2.08556e+01	1.54813e-17
2.08769e+01	1.39013e-17
2.08981e+01	1.24676e-17
2.09194e+01	1.11654e-17
2.09406e+01	9.98113e-18
2.09619e+01	8.90261e-18
2.09831e+01	7.91865e-18
2.10044e+01	7.01900e-18
2.10256e+01	6.19432e-18
2.10469e+01	5.43605e-18
2.10681e+01	4.73632e-18
2.10894e+01	4.08794e-18
2.11106e+01	3.48429e-18
2.11319e+01	2.91934e-18
2.11531e+01	2.38763e-18
2.11744e+01	1.88446e-18
2.11956e+01	1.40609e-18
2.12169e+01	9.50523e-19
2.12381e+01	5.18503e-19
