# The ell = 0 distribution, the isotropy.
# E_N [Td]	5.00000e+01
# col_1: Electron Energy [eV], col_2: f0 [eV^(-3/2)]
eV	f0
1.53557e-02	8.15966e-02
4.60671e-02	8.16017e-02
7.67785e-02	8.16030e-02
1.07490e-01	8.16149e-02
1.38201e-01	8.16383e-02
1.68913e-01	8.16719e-02
1.99624e-01	8.17148e-02
2.30335e-01	8.17659e-02
2.61047e-01	8.18239e-02
2.91758e-01	8.18879e-02
3.22470e-01	8.19564e-02
3.53181e-01	8.20293e-02
3.83892e-01	8.21063e-02
4.14604e-01	8.21868e-02
4.45315e-01	8.22699e-02
4.76027e-01	8.23550e-02
5.06738e-01	8.24411e-02
5.37449e-01	8.25276e-02
5.68161e-01	8.26135e-02
5.98872e-01	8.26980e-02
6.29584e-01	8.27801e-02
6.60295e-01	8.28587e-02
6.91006e-01	8.29325e-02
7.21718e-01	8.30003e-02
7.52429e-01	8.30606e-02
7.83140e-01	8.31123e-02
8.13852e-01	8.31552e-02
8.44563e-01	8.31890e-02
8.75275e-01	8.32133e-02
9.05986e-01	8.32274e-02
9.36697e-01	8.32301e-02
9.67409e-01	8.32204e-02
9.98120e-01	8.31967e-02
1.02883e+00	8.31583e-02
1.05954e+00	8.31054e-02
1.09025e+00	8.30373e-02
1.12097e+00	8.29547e-02
1.15168e+00	8.28583e-02
1.18239e+00	8.27483e-02
1.21310e+00	8.26247e-02
1.24381e+00	8.24872e-02
1.27452e+00	8.23350e-02
1.30523e+00	8.21675e-02
1.33595e+00	8.19836e-02
1.36666e+00	8.17821e-02
1.39737e+00	8.15619e-02
1.42808e+00	8.13247e-02
1.45879e+00	8.10716e-02
1.48950e+00	8.08042e-02
1.52021e+00	8.05223e-02
1.55093e+00	8.02263e-02
1.58164e+00	7.99152e-02
1.61235e+00	7.95860e-02
1.64306e+00	7.92359e-02
1.67377e+00	7.88594e-02
1.70448e+00	7.84544e-02
1.73519e+00	7.80191e-02
1.76591e+00	7.75492e-02
1.79662e+00	7.70472e-02
1.82733e+00	7.65164e-02
1.85804e+00	7.59620e-02
1.88875e+00	7.53848e-02
1.91946e+00	7.47882e-02
1.95017e+00	7.41832e-02
1.98088e+00	7.35808e-02
2.01160e+00	7.29869e-02
2.04231e+00	7.24081e-02
2.07302e+00	7.18427e-02
2.10373e+00	7.12893e-02
2.13444e+00	7.07447e-02
2.16515e+00	7.02130e-02
2.19586e+00	6.96979e-02
2.22658e+00	6.92003e-02
2.25729e+00	6.87218e-02
2.28800e+00	6.82654e-02
2.31871e+00	6.78296e-02
2.34942e+00	6.74134e-02
2.38013e+00	6.70122e-02
2.41084e+00	6.66221e-02
2.44156e+00	6.62418e-02
2.47227e+00	6.58711e-02
2.50298e+00	6.55203e-02
2.53369e+00	6.51924e-02
2.56440e+00	6.48857e-02
2.59511e+00	6.45969e-02
2.62582e+00	6.43171e-02
2.65654e+00	6.40439e-02
2.68725e+00	6.37781e-02
2.71796e+00	6.35198e-02
2.74867e+00	6.32714e-02
2.77938e+00	6.30310e-02
2.81009e+00	6.27971e-02
2.84080e+00	6.25694e-02
2.87152e+00	6.23488e-02
2.90223e+00	6.21366e-02
2.93294e+00	6.19328e-02
2.96365e+00	6.17353e-02
2.99436e+00	6.15420e-02
3.02507e+00	6.13504e-02
3.05578e+00	6.11599e-02
3.08649e+00	6.09714e-02
3.11721e+00	6.07854e-02
3.14792e+00	6.06018e-02
3.17863e+00	6.04203e-02
3.20934e+00	6.02405e-02
3.24005e+00	6.00626e-02
3.27076e+00	5.98867e-02
3.30147e+00	5.97127e-02
3.33219e+00	5.95404e-02
3.36290e+00	5.93691e-02
3.39361e+00	5.91983e-02
3.42432e+00	5.90277e-02
3.45503e+00	5.88569e-02
3.48574e+00	5.86858e-02
3.51645e+00	5.85145e-02
3.54717e+00	5.83429e-02
3.57788e+00	5.81710e-02
3.60859e+00	5.79988e-02
3.63930e+00	5.78265e-02
3.67001e+00	5.76540e-02
3.70072e+00	5.74815e-02
3.73143e+00	5.73088e-02
3.76215e+00	5.71360e-02
3.79286e+00	5.69628e-02
3.82357e+00	5.67891e-02
3.85428e+00	5.66147e-02
3.88499e+00	5.64395e-02
3.91570e+00	5.62634e-02
3.94641e+00	5.60862e-02
3.97713e+00	5.59082e-02
4.00784e+00	5.57291e-02
4.03855e+00	5.55489e-02
4.06926e+00	5.53674e-02
4.09997e+00	5.51848e-02
4.13068e+00	5.50011e-02
4.16139e+00	5.48165e-02
4.19211e+00	5.46309e-02
4.22282e+00	5.44445e-02
4.25353e+00	5.42573e-02
4.28424e+00	5.40694e-02
4.31495e+00	5.38807e-02
4.34566e+00	5.36915e-02
4.37637e+00	5.35017e-02
4.40708e+00	5.33115e-02
4.43780e+00	5.31209e-02
4.46851e+00	5.29298e-02
4.49922e+00	5.27384e-02
4.52993e+00	5.25467e-02
4.56064e+00	5.23547e-02
4.59135e+00	5.21624e-02
4.62206e+00	5.19699e-02
4.65278e+00	5.17771e-02
4.68349e+00	5.15840e-02
4.71420e+00	5.13906e-02
4.74491e+00	5.11969e-02
4.77562e+00	5.10027e-02
4.80633e+00	5.08082e-02
4.83704e+00	5.06132e-02
4.86776e+00	5.04178e-02
4.89847e+00	5.02218e-02
4.92918e+00	5.00252e-02
4.95989e+00	4.98280e-02
4.99060e+00	4.96301e-02
5.02131e+00	4.94315e-02
5.05202e+00	4.92323e-02
5.08274e+00	4.90323e-02
5.11345e+00	4.88315e-02
5.14416e+00	4.86300e-02
5.17487e+00	4.84278e-02
5.20558e+00	4.82248e-02
5.23629e+00	4.80213e-02
5.26700e+00	4.78170e-02
5.29772e+00	4.76122e-02
5.32843e+00	4.74068e-02
5.35914e+00	4.72008e-02
5.38985e+00	4.69943e-02
5.42056e+00	4.67872e-02
5.45127e+00	4.65795e-02
5.48198e+00	4.63714e-02
5.51269e+00	4.61627e-02
5.54341e+00	4.59536e-02
5.57412e+00	4.57440e-02
5.60483e+00	4.55339e-02
5.63554e+00	4.53233e-02
5.66625e+00	4.51123e-02
5.69696e+00	4.49008e-02
5.72767e+00	4.46890e-02
5.75839e+00	4.44767e-02
5.78910e+00	4.42639e-02
5.81981e+00	4.40508e-02
5.85052e+00	4.38373e-02
5.88123e+00	4.36234e-02
5.91194e+00	4.34091e-02
5.94265e+00	4.31945e-02
5.97337e+00	4.29794e-02
6.00408e+00	4.27641e-02
6.03479e+00	4.25484e-02
6.06550e+00	4.23323e-02
6.09621e+00	4.21160e-02
6.12692e+00	4.18995e-02
6.15763e+00	4.16826e-02
6.18835e+00	4.14655e-02
6.21906e+00	4.12481e-02
6.24977e+00	4.10305e-02
6.28048e+00	4.08126e-02
6.31119e+00	4.05945e-02
6.34190e+00	4.03761e-02
6.37261e+00	4.01576e-02
6.40333e+00	3.99387e-02
6.43404e+00	3.97197e-02
6.46475e+00	3.95004e-02
6.49546e+00	3.92810e-02
6.52617e+00	3.90613e-02
6.55688e+00	3.88414e-02
6.58759e+00	3.86213e-02
6.61830e+00	3.84010e-02
6.64902e+00	3.81805e-02
6.67973e+00	3.79598e-02
6.71044e+00	3.77389e-02
6.74115e+00	3.75179e-02
6.77186e+00	3.72966e-02
6.80257e+00	3.70752e-02
6.83328e+00	3.68535e-02
6.86400e+00	3.66317e-02
6.89471e+00	3.64098e-02
6.92542e+00	3.61876e-02
6.95613e+00	3.59653e-02
6.98684e+00	3.57429e-02
7.01755e+00	3.55205e-02
7.04826e+00	3.52980e-02
7.07898e+00	3.50755e-02
7.10969e+00	3.48530e-02
7.14040e+00	3.46304e-02
7.17111e+00	3.44079e-02
7.20182e+00	3.41855e-02
7.23253e+00	3.39630e-02
7.26324e+00	3.37406e-02
7.29396e+00	3.35183e-02
7.32467e+00	3.32959e-02
7.35538e+00	3.30736e-02
7.38609e+00	3.28513e-02
7.41680e+00	3.26290e-02
7.44751e+00	3.24067e-02
7.47822e+00	3.21845e-02
7.50894e+00	3.19623e-02
7.53965e+00	3.17401e-02
7.57036e+00	3.15180e-02
7.60107e+00	3.12959e-02
7.63178e+00	3.10739e-02
7.66249e+00	3.08519e-02
7.69320e+00	3.06300e-02
7.72392e+00	3.04081e-02
7.75463e+00	3.01862e-02
7.78534e+00	2.99644e-02
7.81605e+00	2.97427e-02
7.84676e+00	2.95210e-02
7.87747e+00	2.92994e-02
7.90818e+00	2.90779e-02
7.93889e+00	2.88565e-02
7.96961e+00	2.86353e-02
8.00032e+00	2.84142e-02
8.03103e+00	2.81932e-02
8.06174e+00	2.79725e-02
8.09245e+00	2.77519e-02
8.12316e+00	2.75315e-02
8.15387e+00	2.73114e-02
8.18459e+00	2.70915e-02
8.21530e+00	2.68718e-02
8.24601e+00	2.66524e-02
8.27672e+00	2.64332e-02
8.30743e+00	2.62144e-02
8.33814e+00	2.59958e-02
8.36885e+00	2.57776e-02
8.39957e+00	2.55598e-02
8.43028e+00	2.53423e-02
8.46099e+00	2.51252e-02
8.49170e+00	2.49086e-02
8.52241e+00	2.46925e-02
8.55312e+00	2.44769e-02
8.58383e+00	2.42619e-02
8.61455e+00	2.40474e-02
8.64526e+00	2.38335e-02
8.67597e+00	2.36203e-02
8.70668e+00	2.34076e-02
8.73739e+00	2.31956e-02
8.76810e+00	2.29842e-02
8.79881e+00	2.27735e-02
8.82953e+00	2.25634e-02
8.86024e+00	2.23541e-02
8.89095e+00	2.21455e-02
8.92166e+00	2.19377e-02
8.95237e+00	2.17306e-02
8.98308e+00	2.15243e-02
9.01379e+00	2.13189e-02
9.04450e+00	2.11143e-02
9.07522e+00	2.09106e-02
9.10593e+00	2.07077e-02
9.13664e+00	2.05057e-02
9.16735e+00	2.03046e-02
9.19806e+00	2.01043e-02
9.22877e+00	1.99048e-02
9.25948e+00	1.97062e-02
9.29020e+00	1.95085e-02
9.32091e+00	1.93116e-02
9.35162e+00	1.91155e-02
9.38233e+00	1.89204e-02
9.41304e+00	1.87261e-02
9.44375e+00	1.85327e-02
9.47446e+00	1.83402e-02
9.50518e+00	1.81485e-02
9.53589e+00	1.79577e-02
9.56660e+00	1.77678e-02
9.59731e+00	1.75788e-02
9.62802e+00	1.73907e-02
9.65873e+00	1.72034e-02
9.68944e+00	1.70170e-02
9.72016e+00	1.68316e-02
9.75087e+00	1.66470e-02
9.78158e+00	1.64634e-02
9.81229e+00	1.62807e-02
9.84300e+00	1.60990e-02
9.87371e+00	1.59182e-02
9.90442e+00	1.57383e-02
9.93514e+00	1.55594e-02
9.96585e+00	1.53814e-02
9.99656e+00	1.52043e-02
1.00273e+01	1.50282e-02
1.00580e+01	1.48532e-02
1.00887e+01	1.46794e-02
1.01194e+01	1.45068e-02
1.01501e+01	1.43354e-02
1.01808e+01	1.41652e-02
1.02115e+01	1.39961e-02
1.02422e+01	1.38282e-02
1.02730e+01	1.36614e-02
1.03037e+01	1.34958e-02
1.03344e+01	1.33313e-02
1.03651e+01	1.31679e-02
1.03958e+01	1.30056e-02
1.04265e+01	1.28444e-02
1.04572e+01	1.26843e-02
1.04879e+01	1.25252e-02
1.05187e+01	1.23673e-02
1.05494e+01	1.22104e-02
1.05801e+01	1.20545e-02
1.06108e+01	1.18997e-02
1.06415e+01	1.17460e-02
1.06722e+01	1.15935e-02
1.07029e+01	1.14423e-02
1.07336e+01	1.12923e-02
1.07643e+01	1.11435e-02
1.07951e+01	1.09959e-02
1.08258e+01	1.08494e-02
1.08565e+01	1.07042e-02
1.08872e+01	1.05601e-02
1.09179e+01	1.04172e-02
1.09486e+01	1.02754e-02
1.09793e+01	1.01348e-02
1.10100e+01	9.99522e-03
1.10407e+01	9.85679e-03
1.10715e+01	9.71944e-03
1.11022e+01	9.58318e-03
1.11329e+01	9.44798e-03
1.11636e+01	9.31383e-03
1.11943e+01	9.18072e-03
1.12250e+01	9.04864e-03
1.12557e+01	8.91757e-03
1.12864e+01	8.78750e-03
1.13171e+01	8.65843e-03
1.13479e+01	8.53034e-03
1.13786e+01	8.40322e-03
1.14093e+01	8.27704e-03
1.14400e+01	8.15180e-03
1.14707e+01	8.02745e-03
1.15014e+01	7.90398e-03
1.15321e+01	7.78134e-03
1.15628e+01	7.65945e-03
1.15936e+01	7.53831e-03
1.16243e+01	7.41801e-03
1.16550e+01	7.29863e-03
1.16857e+01	7.18063e-03
1.17164e+01	7.06403e-03
1.17471e+01	6.94860e-03
1.17778e+01	6.83417e-03
1.18085e+01	6.72081e-03
1.18392e+01	6.60847e-03
1.18700e+01	6.49768e-03
1.19007e+01	6.38852e-03
1.19314e+01	6.28076e-03
1.19621e+01	6.17432e-03
1.19928e+01	6.06909e-03
1.20235e+01	5.96501e-03
1.20542e+01	5.86206e-03
1.20849e+01	5.76024e-03
1.21156e+01	5.65952e-03
1.21464e+01	5.55991e-03
1.21771e+01	5.46141e-03
1.22078e+01	5.36402e-03
1.22385e+01	5.26775e-03
1.22692e+01	5.17261e-03
1.22999e+01	5.07864e-03
1.23306e+01	4.98586e-03
1.23613e+01	4.89425e-03
1.23920e+01	4.80381e-03
1.24228e+01	4.71454e-03
1.24535e+01	4.62643e-03
1.24842e+01	4.53950e-03
1.25149e+01	4.45375e-03
1.25456e+01	4.36919e-03
1.25763e+01	4.28583e-03
1.26070e+01	4.20374e-03
1.26377e+01	4.12296e-03
1.26684e+01	4.04347e-03
1.26992e+01	3.96527e-03
1.27299e+01	3.88835e-03
1.27606e+01	3.81270e-03
1.27913e+01	3.73830e-03
1.28220e+01	3.66514e-03
1.28527e+01	3.59318e-03
1.28834e+01	3.52237e-03
1.29141e+01	3.45260e-03
1.29449e+01	3.38390e-03
1.29756e+01	3.31619e-03
1.30063e+01	3.24932e-03
1.30370e+01	3.18336e-03
1.30677e+01	3.11906e-03
1.30984e+01	3.05636e-03
1.31291e+01	2.99479e-03
1.31598e+01	2.93400e-03
1.31905e+01	2.87400e-03
1.32213e+01	2.81503e-03
1.32520e+01	2.75707e-03
1.32827e+01	2.69996e-03
1.33134e+01	2.64362e-03
1.33441e+01	2.58801e-03
1.33748e+01	2.53308e-03
1.34055e+01	2.47883e-03
1.34362e+01	2.42529e-03
1.34669e+01	2.37248e-03
1.34977e+01	2.32047e-03
1.35284e+01	2.26924e-03
1.35591e+01	2.21878e-03
1.35898e+01	2.16909e-03
1.36205e+01	2.12017e-03
1.36512e+01	2.07200e-03
1.36819e+01	2.02460e-03
1.37126e+01	1.97794e-03
1.37433e+01	1.93203e-03
1.37741e+01	1.88686e-03
1.38048e+01	1.84241e-03
1.38355e+01	1.79869e-03
1.38662e+01	1.75568e-03
1.38969e+01	1.71337e-03
1.39276e+01	1.67177e-03
1.39583e+01	1.63088e-03
1.39890e+01	1.59069e-03
1.40198e+01	1.55121e-03
1.40505e+01	1.51243e-03
1.40812e+01	1.47436e-03
1.41119e+01	1.43699e-03
1.41426e+01	1.40033e-03
1.41733e+01	1.36436e-03
1.42040e+01	1.32908e-03
1.42347e+01	1.29449e-03
1.42654e+01	1.26058e-03
1.42962e+01	1.22735e-03
1.43269e+01	1.19479e-03
1.43576e+01	1.16290e-03
1.43883e+01	1.13168e-03
1.44190e+01	1.10113e-03
1.44497e+01	1.07122e-03
1.44804e+01	1.04197e-03
1.45111e+01	1.01335e-03
1.45418e+01	9.85377e-04
1.45726e+01	9.58029e-04
1.46033e+01	9.31302e-04
1.46340e+01	9.05188e-04
1.46647e+01	8.79679e-04
1.46954e+01	8.54768e-04
1.47261e+01	8.30445e-04
1.47568e+01	8.06702e-04
1.47875e+01	7.83532e-04
1.48182e+01	7.60925e-04
1.48490e+01	7.38873e-04
1.48797e+01	7.17368e-04
1.49104e+01	6.96401e-04
1.49411e+01	6.75964e-04
1.49718e+01	6.56049e-04
1.50025e+01	6.36649e-04
1.50332e+01	6.17755e-04
1.50639e+01	5.99357e-04
1.50946e+01	5.81442e-04
1.51254e+01	5.63999e-04
1.51561e+01	5.47016e-04
1.51868e+01	5.30484e-04
1.52175e+01	5.14392e-04
1.52482e+01	4.98729e-04
1.52789e+01	4.83485e-04
1.53096e+01	4.68651e-04
1.53403e+01	4.54218e-04
1.53711e+01	4.40175e-04
1.54018e+01	4.26514e-04
1.54325e+01	4.13225e-04
1.54632e+01	4.00299e-04
1.54939e+01	3.87729e-04
1.55246e+01	3.75504e-04
1.55553e+01	3.63617e-04
1.55860e+01	3.52058e-04
1.56167e+01	3.40820e-04
1.56475e+01	3.29894e-04
1.56782e+01	3.19272e-04
1.57089e+01	3.08946e-04
1.57396e+01	2.98906e-04
1.57703e+01	2.89145e-04
1.58010e+01	2.79652e-04
1.58317e+01	2.70426e-04
1.58624e+01	2.61461e-04
1.58931e+01	2.52754e-04
1.59239e+01	2.44299e-04
1.59546e+01	2.36093e-04
1.59853e+01	2.28131e-04
1.60160e+01	2.20408e-04
1.60467e+01	2.12918e-04
1.60774e+01	2.05657e-04
1.61081e+01	1.98617e-04
1.61388e+01	1.91794e-04
1.61695e+01	1.85181e-04
1.62003e+01	1.78773e-04
1.62310e+01	1.72565e-04
1.62617e+01	1.66551e-04
1.62924e+01	1.60726e-04
1.63231e+01	1.55086e-04
1.63538e+01	1.49624e-04
1.63845e+01	1.44337e-04
1.64152e+01	1.39219e-04
1.64460e+01	1.34266e-04
1.64767e+01	1.29473e-04
1.65074e+01	1.24836e-04
1.65381e+01	1.20349e-04
1.65688e+01	1.16010e-04
1.65995e+01	1.11814e-04
1.66302e+01	1.07756e-04
1.66609e+01	1.03833e-04
1.66916e+01	1.00042e-04
1.67224e+01	9.63774e-05
1.67531e+01	9.28365e-05
1.67838e+01	8.94156e-05
1.68145e+01	8.61111e-05
1.68452e+01	8.29194e-05
1.68759e+01	7.98374e-05
1.69066e+01	7.68616e-05
1.69373e+01	7.39888e-05
1.69680e+01	7.12159e-05
1.69988e+01	6.85399e-05
1.70295e+01	6.59578e-05
1.70602e+01	6.34666e-05
1.70909e+01	6.10635e-05
1.71216e+01	5.87456e-05
1.71523e+01	5.65102e-05
1.71830e+01	5.43545e-05
1.72137e+01	5.22760e-05
1.72444e+01	5.02721e-05
1.72752e+01	4.83404e-05
1.73059e+01	4.64786e-05
1.73366e+01	4.46842e-05
1.73673e+01	4.29551e-05
1.73980e+01	4.12890e-05
1.74287e+01	3.96839e-05
1.74594e+01	3.81376e-05
1.74901e+01	3.66482e-05
1.75208e+01	3.52138e-05
1.75516e+01	3.38324e-05
1.75823e+01	3.25023e-05
1.76130e+01	3.12218e-05
1.76437e+01	2.99891e-05
1.76744e+01	2.88026e-05
1.77051e+01	2.76608e-05
1.77358e+01	2.65620e-05
1.77665e+01	2.55048e-05
1.77973e+01	2.44878e-05
1.78280e+01	2.35096e-05
1.78587e+01	2.25687e-05
1.78894e+01	2.16638e-05
1.79201e+01	2.07935e-05
1.79508e+01	1.99567e-05
1.79815e+01	1.91521e-05
1.80122e+01	1.83787e-05
1.80429e+01	1.76353e-05
1.80737e+01	1.69208e-05
1.81044e+01	1.62341e-05
1.81351e+01	1.55743e-05
1.81658e+01	1.49404e-05
1.81965e+01	1.43312e-05
1.82272e+01	1.37459e-05
1.82579e+01	1.31835e-05
1.82886e+01	1.26432e-05
1.83193e+01	1.21242e-05
1.83501e+01	1.16256e-05
1.83808e+01	1.11468e-05
1.84115e+01	1.06869e-05
1.84422e+01	1.02453e-05
1.84729e+01	9.82118e-06
1.85036e+01	9.41399e-06
1.85343e+01	9.02305e-06
1.85650e+01	8.64773e-06
1.85957e+01	8.28745e-06
1.86265e+01	7.94163e-06
1.86572e+01	7.60973e-06
1.86879e+01	7.29121e-06
1.87186e+01	6.98556e-06
1.87493e+01	6.69228e-06
1.87800e+01	6.41091e-06
1.88107e+01	6.14098e-06
1.88414e+01	5.88206e-06
1.88722e+01	5.63371e-06
1.89029e+01	5.39553e-06
1.89336e+01	5.16712e-06
1.89643e+01	4.94810e-06
1.89950e+01	4.73811e-06
1.90257e+01	4.53680e-06
1.90564e+01	4.34382e-06
1.90871e+01	4.15885e-06
1.91178e+01	3.98156e-06
1.91486e+01	3.81163e-06
1.91793e+01	3.64878e-06
1.92100e+01	3.49272e-06
1.92407e+01	3.34317e-06
1.92714e+01	3.19987e-06
1.93021e+01	3.06256e-06
1.93328e+01	2.93101e-06
1.93635e+01	2.80499e-06
1.93942e+01	2.68426e-06
1.94250e+01	2.56861e-06
1.94557e+01	2.45783e-06
1.94864e+01	2.35173e-06
1.95171e+01	2.25011e-06
1.95478e+01	2.15280e-06
1.95785e+01	2.05961e-06
1.96092e+01	1.97038e-06
1.96399e+01	1.88494e-06
1.96706e+01	1.80314e-06
1.97014e+01	1.72483e-06
1.97321e+01	1.64987e-06
1.97628e+01	1.57811e-06
1.97935e+01	1.50943e-06
1.98242e+01	1.44370e-06
1.98549e+01	1.38080e-06
1.98856e+01	1.32061e-06
1.99163e+01	1.26301e-06
1.99470e+01	1.20787e-06
1.99778e+01	1.15508e-06
2.00085e+01	1.10455e-06
2.00392e+01	1.05619e-06
2.00699e+01	1.00989e-06
2.01006e+01	9.65585e-07
2.01313e+01	9.23181e-07
2.01620e+01	8.82600e-07
2.01927e+01	8.43767e-07
2.02235e+01	8.06608e-07
2.02542e+01	7.71053e-07
2.02849e+01	7.37035e-07
2.03156e+01	7.04488e-07
2.03463e+01	6.73351e-07
2.03770e+01	6.43565e-07
2.04077e+01	6.15072e-07
2.04384e+01	5.87819e-07
2.04691e+01	5.61754e-07
2.04999e+01	5.36826e-07
2.05306e+01	5.12988e-07
2.05613e+01	4.90194e-07
2.05920e+01	4.68398e-07
2.06227e+01	4.47558e-07
2.06534e+01	4.27631e-07
2.06841e+01	4.08578e-07
2.07148e+01	3.90360e-07
2.07455e+01	3.72941e-07
2.07763e+01	3.56287e-07
2.08070e+01	3.40365e-07
2.08377e+01	3.25143e-07
2.08684e+01	3.10591e-07
2.08991e+01	2.96680e-07
2.09298e+01	2.83383e-07
2.09605e+01	2.70673e-07
2.09912e+01	2.58524e-07
2.10219e+01	2.46913e-07
2.10527e+01	2.35816e-07
2.10834e+01	2.25211e-07
2.11141e+01	2.15076e-07
2.11448e+01	2.05390e-07
2.11755e+01	1.96135e-07
2.12062e+01	1.87291e-07
2.12369e+01	1.78840e-07
2.12676e+01	1.70765e-07
2.12984e+01	1.63050e-07
2.13291e+01	1.55678e-07
2.13598e+01	1.48635e-07
2.13905e+01	1.41906e-07
2.14212e+01	1.35477e-07
2.14519e+01	1.29336e-07
2.14826e+01	1.23469e-07
2.15133e+01	1.17865e-07
2.15440e+01	1.12512e-07
2.15748e+01	1.07398e-07
2.16055e+01	1.02514e-07
2.16362e+01	9.78490e-08
2.16669e+01	9.33935e-08
2.16976e+01	8.91384e-08
2.17283e+01	8.50747e-08
2.17590e+01	8.11941e-08
2.17897e+01	7.74884e-08
2.18204e+01	7.39500e-08
2.18512e+01	7.05714e-08
2.18819e+01	6.73457e-08
2.19126e+01	6.42660e-08
2.19433e+01	6.13259e-08
2.19740e+01	5.85193e-08
2.20047e+01	5.58402e-08
2.20354e+01	5.32829e-08
2.20661e+01	5.08420e-08
2.20968e+01	4.85124e-08
2.21276e+01	4.62890e-08
2.21583e+01	4.41668e-08
2.21890e+01	4.21414e-08
2.22197e+01	4.02084e-08
2.22504e+01	3.83634e-08
2.22811e+01	3.66026e-08
2.23118e+01	3.49221e-08
2.23425e+01	3.33182e-08
2.23732e+01	3.17875e-08
2.24040e+01	3.03266e-08
2.24347e+01	2.89324e-08
2.24654e+01	2.76019e-08
2.24961e+01	2.63321e-08
2.25268e+01	2.51203e-08
2.25575e+01	2.39638e-08
2.25882e+01	2.28603e-08
2.26189e+01	2.18071e-08
2.26497e+01	2.08021e-08
2.26804e+01	1.98431e-08
2.27111e+01	1.89280e-08
2.27418e+01	1.80549e-08
2.27725e+01	1.72217e-08
2.28032e+01	1.64267e-08
2.28339e+01	1.56683e-08
2.28646e+01	1.49446e-08
2.28953e+01	1.42541e-08
2.29261e+01	1.35954e-08
2.29568e+01	1.29670e-08
2.29875e+01	1.23674e-08
2.30182e+01	1.17955e-08
2.30489e+01	1.12499e-08
2.30796e+01	1.07294e-08
2.31103e+01	1.02329e-08
2.31410e+01	9.75928e-09
2.31717e+01	9.30749e-09
2.32025e+01	8.87653e-09
2.32332e+01	8.46544e-09
2.32639e+01	8.07331e-09
2.32946e+01	7.69927e-09
2.33253e+01	7.34249e-09
2.33560e+01	7.00217e-09
2.33867e+01	6.67756e-09
2.34174e+01	6.36794e-09
2.34481e+01	6.07262e-09
2.34789e+01	5.79094e-09
2.35096e+01	5.52228e-09
2.35403e+01	5.26604e-09
2.35710e+01	5.02164e-09
2.36017e+01	4.78854e-09
2.36324e+01	4.56623e-09
2.36631e+01	4.35419e-09
2.36938e+01	4.15197e-09
2.37246e+01	3.95911e-09
2.37553e+01	3.77517e-09
2.37860e+01	3.59975e-09
2.38167e+01	3.43245e-09
2.38474e+01	3.27290e-09
2.38781e+01	3.12074e-09
2.39088e+01	2.97563e-09
2.39395e+01	2.83725e-09
2.39702e+01	2.70528e-09
2.40010e+01	2.57942e-09
2.40317e+01	2.45941e-09
2.40624e+01	2.34496e-09
2.40931e+01	2.23582e-09
2.41238e+01	2.13174e-09
2.41545e+01	2.03249e-09
2.41852e+01	1.93785e-09
2.42159e+01	1.84760e-09
2.42466e+01	1.76155e-09
2.42774e+01	1.67949e-09
2.43081e+01	1.60125e-09
2.43388e+01	1.52664e-09
2.43695e+01	1.45550e-09
2.44002e+01	1.38767e-09
2.44309e+01	1.32300e-09
2.44616e+01	1.26133e-09
2.44923e+01	1.20254e-09
2.45230e+01	1.14648e-09
2.45538e+01	1.09304e-09
2.45845e+01	1.04208e-09
2.46152e+01	9.93502e-10
2.46459e+01	9.47185e-10
2.46766e+01	9.03029e-10
2.47073e+01	8.60934e-10
2.47380e+01	8.20800e-10
2.47687e+01	7.82535e-10
2.47994e+01	7.46052e-10
2.48302e+01	7.11268e-10
2.48609e+01	6.78105e-10
2.48916e+01	6.46487e-10
2.49223e+01	6.16344e-10
2.49530e+01	5.87607e-10
2.49837e+01	5.60211e-10
2.50144e+01	5.34094e-10
2.50451e+01	5.09196e-10
2.50759e+01	4.85462e-10
2.51066e+01	4.62839e-10
2.51373e+01	4.41274e-10
2.51680e+01	4.20718e-10
2.51987e+01	4.01118e-10
2.52294e+01	3.82430e-10
2.52601e+01	3.64610e-10
2.52908e+01	3.47619e-10
2.53215e+01	3.31417e-10
2.53523e+01	3.15969e-10
2.53830e+01	3.01237e-10
2.54137e+01	2.87190e-10
2.54444e+01	2.73796e-10
2.54751e+01	2.61022e-10
2.55058e+01	2.48842e-10
2.55365e+01	2.37228e-10
2.55672e+01	2.26153e-10
2.55979e+01	2.15593e-10
2.56287e+01	2.05524e-10
2.56594e+01	1.95922e-10
2.56901e+01	1.86766e-10
2.57208e+01	1.78037e-10
2.57515e+01	1.69713e-10
2.57822e+01	1.61777e-10
2.58129e+01	1.54211e-10
2.58436e+01	1.46997e-10
2.58743e+01	1.40119e-10
2.59051e+01	1.33562e-10
2.59358e+01	1.27310e-10
2.59665e+01	1.21351e-10
2.59972e+01	1.15670e-10
2.60279e+01	1.10255e-10
2.60586e+01	1.05093e-10
2.60893e+01	1.00172e-10
2.61200e+01	9.54819e-11
2.61508e+01	9.10110e-11
2.61815e+01	8.67492e-11
2.62122e+01	8.26867e-11
2.62429e+01	7.88142e-11
2.62736e+01	7.51230e-11
2.63043e+01	7.16043e-11
2.63350e+01	6.82503e-11
2.63657e+01	6.50532e-11
2.63964e+01	6.20057e-11
2.64272e+01	5.91007e-11
2.64579e+01	5.63317e-11
2.64886e+01	5.36922e-11
2.65193e+01	5.11762e-11
2.65500e+01	4.87780e-11
2.65807e+01	4.64921e-11
2.66114e+01	4.43131e-11
2.66421e+01	4.22361e-11
2.66728e+01	4.02564e-11
2.67036e+01	3.83694e-11
2.67343e+01	3.65707e-11
2.67650e+01	3.48563e-11
2.67957e+01	3.32221e-11
2.68264e+01	3.16645e-11
2.68571e+01	3.01798e-11
2.68878e+01	2.87646e-11
2.69185e+01	2.74158e-11
2.69492e+01	2.61301e-11
2.69800e+01	2.49047e-11
2.70107e+01	2.37366e-11
2.70414e+01	2.26233e-11
2.70721e+01	2.15622e-11
2.71028e+01	2.05507e-11
2.71335e+01	1.95867e-11
2.71642e+01	1.86678e-11
2.71949e+01	1.77920e-11
2.72256e+01	1.69573e-11
2.72564e+01	1.61617e-11
2.72871e+01	1.54034e-11
2.73178e+01	1.46806e-11
2.73485e+01	1.39917e-11
2.73792e+01	1.33352e-11
2.74099e+01	1.27094e-11
2.74406e+01	1.21129e-11
2.74713e+01	1.15444e-11
2.75021e+01	1.10026e-11
2.75328e+01	1.04861e-11
2.75635e+01	9.99393e-12
2.75942e+01	9.52480e-12
2.76249e+01	9.07768e-12
2.76556e+01	8.65152e-12
2.76863e+01	8.24534e-12
2.77170e+01	7.85822e-12
2.77477e+01	7.48926e-12
2.77785e+01	7.13760e-12
2.78092e+01	6.80243e-12
2.78399e+01	6.48298e-12
2.78706e+01	6.17852e-12
2.79013e+01	5.88833e-12
2.79320e+01	5.61174e-12
2.79627e+01	5.34813e-12
2.79934e+01	5.09688e-12
2.80241e+01	4.85741e-12
2.80549e+01	4.62917e-12
2.80856e+01	4.41164e-12
2.81163e+01	4.20430e-12
2.81470e+01	4.00669e-12
2.81777e+01	3.81834e-12
2.82084e+01	3.63882e-12
2.82391e+01	3.46772e-12
2.82698e+01	3.30465e-12
2.83005e+01	3.14922e-12
2.83313e+01	3.00108e-12
2.83620e+01	2.85989e-12
2.83927e+01	2.72531e-12
2.84234e+01	2.59705e-12
2.84541e+01	2.47480e-12
2.84848e+01	2.35828e-12
2.85155e+01	2.24722e-12
2.85462e+01	2.14136e-12
2.85770e+01	2.04047e-12
2.86077e+01	1.94430e-12
2.86384e+01	1.85264e-12
2.86691e+01	1.76527e-12
2.86998e+01	1.68199e-12
2.87305e+01	1.60260e-12
2.87612e+01	1.52694e-12
2.87919e+01	1.45481e-12
2.88226e+01	1.38605e-12
2.88534e+01	1.32051e-12
2.88841e+01	1.25802e-12
2.89148e+01	1.19846e-12
2.89455e+01	1.14167e-12
2.89762e+01	1.08754e-12
2.90069e+01	1.03592e-12
2.90376e+01	9.86709e-13
2.90683e+01	9.39785e-13
2.90990e+01	8.95042e-13
2.91298e+01	8.52375e-13
2.91605e+01	8.11687e-13
2.91912e+01	7.72882e-13
2.92219e+01	7.35872e-13
2.92526e+01	7.00569e-13
2.92833e+01	6.66894e-13
2.93140e+01	6.34767e-13
2.93447e+01	6.04115e-13
2.93754e+01	5.74866e-13
2.94062e+01	5.46953e-13
2.94369e+01	5.20311e-13
2.94676e+01	4.94880e-13
2.94983e+01	4.70599e-13
2.95290e+01	4.47413e-13
2.95597e+01	4.25269e-13
2.95904e+01	4.04113e-13
2.96211e+01	3.83898e-13
2.96518e+01	3.64577e-13
2.96826e+01	3.46104e-13
2.97133e+01	3.28438e-13
2.97440e+01	3.11537e-13
2.97747e+01	2.95363e-13
2.98054e+01	2.79879e-13
2.98361e+01	2.65049e-13
2.98668e+01	2.50840e-13
2.98975e+01	2.37218e-13
2.99283e+01	2.24152e-13
2.99590e+01	2.11612e-13
2.99897e+01	1.99571e-13
3.00204e+01	1.88000e-13
3.00511e+01	1.76873e-13
3.00818e+01	1.66165e-13
3.01125e+01	1.55851e-13
3.01432e+01	1.45904e-13
3.01739e+01	1.36304e-13
3.02047e+01	1.27028e-13
3.02354e+01	1.18056e-13
3.02661e+01	1.09368e-13
3.02968e+01	1.00944e-13
3.03275e+01	9.27678e-14
3.03582e+01	8.48212e-14
3.03889e+01	7.70881e-14
3.04196e+01	6.95530e-14
3.04503e+01	6.22017e-14
3.04811e+01	5.50209e-14
3.05118e+01	4.79986e-14
3.05425e+01	4.11243e-14
3.05732e+01	3.43896e-14
3.06039e+01	2.77879e-14
3.06346e+01	2.13159e-14
3.06653e+01	1.49734e-14
3.06960e+01	8.76446e-15
