# The ell = 0 distribution, the isotropy.
# E_N [Td]	3.00000e+01
# col_1: Electron Energy [eV], col_2: f0 [eV^(-3/2)]
eV	f0
1.40625e-02	6.96453e-02
4.21875e-02	6.95388e-02
7.03124e-02	6.94433e-02
9.84374e-02	6.93639e-02
1.26562e-01	6.92978e-02
1.54687e-01	6.92395e-02
1.82812e-01	6.91859e-02
2.10937e-01	6.91347e-02
2.39062e-01	6.90846e-02
2.67187e-01	6.90347e-02
2.95312e-01	6.89845e-02
3.23437e-01	6.89336e-02
3.51562e-01	6.88820e-02
3.79687e-01	6.88298e-02
4.07812e-01	6.87770e-02
4.35937e-01	6.87234e-02
4.64062e-01	6.86691e-02
4.92187e-01	6.86141e-02
5.20312e-01	6.85583e-02
5.48437e-01	6.85018e-02
5.76562e-01	6.84445e-02
6.04687e-01	6.83863e-02
6.32812e-01	6.83271e-02
6.60937e-01	6.82669e-02
6.89062e-01	6.82056e-02
7.17187e-01	6.81431e-02
7.45312e-01	6.80792e-02
7.73437e-01	6.80140e-02
8.01562e-01	6.79474e-02
8.29687e-01	6.78792e-02
8.57812e-01	6.78095e-02
8.85937e-01	6.77381e-02
9.14062e-01	6.76649e-02
9.42187e-01	6.75899e-02
9.70312e-01	6.75130e-02
9.98436e-01	6.74340e-02
1.02656e+00	6.73534e-02
1.05469e+00	6.72712e-02
1.08281e+00	6.71875e-02
1.11094e+00	6.71024e-02
1.13906e+00	6.70157e-02
1.16719e+00	6.69277e-02
1.19531e+00	6.68383e-02
1.22344e+00	6.67475e-02
1.25156e+00	6.66552e-02
1.27969e+00	6.65617e-02
1.30781e+00	6.64671e-02
1.33594e+00	6.63716e-02
1.36406e+00	6.62752e-02
1.39219e+00	6.61779e-02
1.42031e+00	6.60798e-02
1.44844e+00	6.59809e-02
1.47656e+00	6.58812e-02
1.50469e+00	6.57804e-02
1.53281e+00	6.56784e-02
1.56094e+00	6.55758e-02
1.58906e+00	6.54726e-02
1.61719e+00	6.53690e-02
1.64531e+00	6.52651e-02
1.67344e+00	6.51608e-02
1.70156e+00	6.50563e-02
1.72969e+00	6.49516e-02
1.75781e+00	6.48468e-02
1.78594e+00	6.47418e-02
1.81406e+00	6.46367e-02
1.84219e+00	6.45313e-02
1.87031e+00	6.44257e-02
1.89844e+00	6.43198e-02
1.92656e+00	6.42136e-02
1.95469e+00	6.41071e-02
1.98281e+00	6.40002e-02
2.01094e+00	6.38929e-02
2.03906e+00	6.37851e-02
2.06719e+00	6.36768e-02
2.09531e+00	6.35678e-02
2.12344e+00	6.34582e-02
2.15156e+00	6.33479e-02
2.17969e+00	6.32370e-02
2.20781e+00	6.31255e-02
2.23594e+00	6.30133e-02
2.26406e+00	6.29004e-02
2.29219e+00	6.27869e-02
2.32031e+00	6.26727e-02
2.34844e+00	6.25578e-02
2.37656e+00	6.24421e-02
2.40469e+00	6.23258e-02
2.43281e+00	6.22088e-02
2.46094e+00	6.20911e-02
2.48906e+00	6.19727e-02
2.51718e+00	6.18535e-02
2.54531e+00	6.17336e-02
2.57343e+00	6.16130e-02
2.60156e+00	6.14916e-02
2.62968e+00	6.13694e-02
2.65781e+00	6.12466e-02
2.68593e+00	6.11230e-02
2.71406e+00	6.09987e-02
2.74218e+00	6.08738e-02
2.77031e+00	6.07481e-02
2.79843e+00	6.06217e-02
2.82656e+00	6.04947e-02
2.85468e+00	6.03671e-02
2.88281e+00	6.02387e-02
2.91093e+00	6.01098e-02
2.93906e+00	5.99802e-02
2.96718e+00	5.98500e-02
2.99531e+00	5.97193e-02
3.02343e+00	5.95879e-02
3.05156e+00	5.94560e-02
3.07968e+00	5.93236e-02
3.10781e+00	5.91906e-02
3.13593e+00	5.90572e-02
3.16406e+00	5.89232e-02
3.19218e+00	5.87887e-02
3.22031e+00	5.86538e-02
3.24843e+00	5.85184e-02
3.27656e+00	5.83826e-02
3.30468e+00	5.82463e-02
3.33281e+00	5.81095e-02
3.36093e+00	5.79724e-02
3.38906e+00	5.78348e-02
3.41718e+00	5.76968e-02
3.44531e+00	5.75585e-02
3.47343e+00	5.74197e-02
3.50156e+00	5.72806e-02
3.52968e+00	5.71411e-02
3.55781e+00	5.70013e-02
3.58593e+00	5.68611e-02
3.61406e+00	5.67206e-02
3.64218e+00	5.65797e-02
3.67031e+00	5.64386e-02
3.69843e+00	5.62971e-02
3.72656e+00	5.61553e-02
3.75468e+00	5.60133e-02
3.78281e+00	5.58709e-02
3.81093e+00	5.57283e-02
3.83906e+00	5.55854e-02
3.86718e+00	5.54422e-02
3.89531e+00	5.52988e-02
3.92343e+00	5.51552e-02
3.95156e+00	5.50113e-02
3.97968e+00	5.48671e-02
4.00781e+00	5.47227e-02
4.03593e+00	5.45778e-02
4.06406e+00	5.44324e-02
4.09218e+00	5.42866e-02
4.12031e+00	5.41403e-02
4.14843e+00	5.39935e-02
4.17656e+00	5.38463e-02
4.20468e+00	5.36985e-02
4.23281e+00	5.35504e-02
4.26093e+00	5.34017e-02
4.28906e+00	5.32526e-02
4.31718e+00	5.31031e-02
4.34531e+00	5.29531e-02
4.37343e+00	5.28027e-02
4.40156e+00	5.26519e-02
4.42968e+00	5.25006e-02
4.45781e+00	5.23490e-02
4.48593e+00	5.21969e-02
4.51406e+00	5.20444e-02
4.54218e+00	5.18916e-02
4.57031e+00	5.17383e-02
4.59843e+00	5.15846e-02
4.62656e+00	5.14306e-02
4.65468e+00	5.12762e-02
4.68281e+00	5.11215e-02
4.71093e+00	5.09663e-02
4.73906e+00	5.08108e-02
4.76718e+00	5.06550e-02
4.79531e+00	5.04988e-02
4.82343e+00	5.03422e-02
4.85156e+00	5.01853e-02
4.87968e+00	5.00281e-02
4.90781e+00	4.98705e-02
4.93593e+00	4.97126e-02
4.96406e+00	4.95544e-02
4.99218e+00	4.93958e-02
5.02031e+00	4.92369e-02
5.04843e+00	4.90777e-02
5.07656e+00	4.89181e-02
5.10468e+00	4.87581e-02
5.13281e+00	4.85977e-02
5.16093e+00	4.84370e-02
5.18906e+00	4.82760e-02
5.21718e+00	4.81145e-02
5.24531e+00	4.79528e-02
5.27343e+00	4.77906e-02
5.30156e+00	4.76282e-02
5.32968e+00	4.74654e-02
5.35781e+00	4.73022e-02
5.38593e+00	4.71388e-02
5.41406e+00	4.69750e-02
5.44218e+00	4.68108e-02
5.47031e+00	4.66464e-02
5.49843e+00	4.64816e-02
5.52656e+00	4.63165e-02
5.55468e+00	4.61511e-02
5.58281e+00	4.59854e-02
5.61093e+00	4.58193e-02
5.63906e+00	4.56530e-02
5.66718e+00	4.54864e-02
5.69531e+00	4.53194e-02
5.72343e+00	4.51521e-02
5.75156e+00	4.49846e-02
5.77968e+00	4.48167e-02
5.80781e+00	4.46486e-02
5.83593e+00	4.44802e-02
5.86406e+00	4.43114e-02
5.89218e+00	4.41424e-02
5.92031e+00	4.39731e-02
5.94843e+00	4.38035e-02
5.97656e+00	4.36337e-02
6.00468e+00	4.34636e-02
6.03281e+00	4.32932e-02
6.06093e+00	4.31226e-02
6.08906e+00	4.29518e-02
6.11718e+00	4.27807e-02
6.14531e+00	4.26094e-02
6.17343e+00	4.24379e-02
6.20156e+00	4.22662e-02
6.22968e+00	4.20943e-02
6.25781e+00	4.19222e-02
6.28593e+00	4.17498e-02
6.31406e+00	4.15772e-02
6.34218e+00	4.14044e-02
6.37031e+00	4.12315e-02
6.39843e+00	4.10583e-02
6.42656e+00	4.08849e-02
6.45468e+00	4.07113e-02
6.48281e+00	4.05375e-02
6.51093e+00	4.03634e-02
6.53906e+00	4.01892e-02
6.56718e+00	4.00148e-02
6.59531e+00	3.98402e-02
6.62343e+00	3.96654e-02
6.65156e+00	3.94904e-02
6.67968e+00	3.93152e-02
6.70781e+00	3.91398e-02
6.73593e+00	3.89642e-02
6.76406e+00	3.87884e-02
6.79218e+00	3.86124e-02
6.82031e+00	3.84363e-02
6.84843e+00	3.82599e-02
6.87656e+00	3.80834e-02
6.90468e+00	3.79066e-02
6.93281e+00	3.77297e-02
6.96093e+00	3.75526e-02
6.98906e+00	3.73754e-02
7.01718e+00	3.71981e-02
7.04531e+00	3.70207e-02
7.07343e+00	3.68432e-02
7.10156e+00	3.66656e-02
7.12968e+00	3.64880e-02
7.15781e+00	3.63103e-02
7.18593e+00	3.61326e-02
7.21406e+00	3.59548e-02
7.24218e+00	3.57770e-02
7.27031e+00	3.55991e-02
7.29843e+00	3.54212e-02
7.32656e+00	3.52433e-02
7.35468e+00	3.50653e-02
7.38281e+00	3.48873e-02
7.41093e+00	3.47092e-02
7.43906e+00	3.45311e-02
7.46718e+00	3.43530e-02
7.49530e+00	3.41748e-02
7.52343e+00	3.39966e-02
7.55155e+00	3.38183e-02
7.57968e+00	3.36400e-02
7.60780e+00	3.34616e-02
7.63593e+00	3.32832e-02
7.66405e+00	3.31048e-02
7.69218e+00	3.29263e-02
7.72030e+00	3.27478e-02
7.74843e+00	3.25693e-02
7.77655e+00	3.23907e-02
7.80468e+00	3.22121e-02
7.83280e+00	3.20334e-02
7.86093e+00	3.18547e-02
7.88905e+00	3.16760e-02
7.91718e+00	3.14972e-02
7.94530e+00	3.13184e-02
7.97343e+00	3.11396e-02
8.00155e+00	3.09607e-02
8.02968e+00	3.07818e-02
8.05780e+00	3.06029e-02
8.08593e+00	3.04239e-02
8.11405e+00	3.02449e-02
8.14218e+00	3.00658e-02
8.17030e+00	2.98867e-02
8.19843e+00	2.97076e-02
8.22655e+00	2.95285e-02
8.25468e+00	2.93493e-02
8.28280e+00	2.91701e-02
8.31093e+00	2.89909e-02
8.33905e+00	2.88116e-02
8.36718e+00	2.86323e-02
8.39530e+00	2.84530e-02
8.42343e+00	2.82737e-02
8.45155e+00	2.80943e-02
8.47968e+00	2.79149e-02
8.50780e+00	2.77355e-02
8.53593e+00	2.75561e-02
8.56405e+00	2.73766e-02
8.59218e+00	2.71971e-02
8.62030e+00	2.70176e-02
8.64843e+00	2.68380e-02
8.67655e+00	2.66585e-02
8.70468e+00	2.64789e-02
8.73280e+00	2.62993e-02
8.76093e+00	2.61197e-02
8.78905e+00	2.59401e-02
8.81718e+00	2.57604e-02
8.84530e+00	2.55807e-02
8.87343e+00	2.54011e-02
8.90155e+00	2.52214e-02
8.92968e+00	2.50417e-02
8.95780e+00	2.48619e-02
8.98593e+00	2.46822e-02
9.01405e+00	2.45025e-02
9.04218e+00	2.43229e-02
9.07030e+00	2.41432e-02
9.09843e+00	2.39636e-02
9.12655e+00	2.37840e-02
9.15468e+00	2.36044e-02
9.18280e+00	2.34249e-02
9.21093e+00	2.32454e-02
9.23905e+00	2.30659e-02
9.26718e+00	2.28864e-02
9.29530e+00	2.27069e-02
9.32343e+00	2.25275e-02
9.35155e+00	2.23481e-02
9.37968e+00	2.21688e-02
9.40780e+00	2.19895e-02
9.43593e+00	2.18102e-02
9.46405e+00	2.16310e-02
9.49218e+00	2.14518e-02
9.52030e+00	2.12726e-02
9.54843e+00	2.10935e-02
9.57655e+00	2.09144e-02
9.60468e+00	2.07354e-02
9.63280e+00	2.05564e-02
9.66093e+00	2.03774e-02
9.68905e+00	2.01985e-02
9.71718e+00	2.00197e-02
9.74530e+00	1.98410e-02
9.77343e+00	1.96623e-02
9.80155e+00	1.94837e-02
9.82968e+00	1.93052e-02
9.85780e+00	1.91267e-02
9.88593e+00	1.89483e-02
9.91405e+00	1.87700e-02
9.94218e+00	1.85918e-02
9.97030e+00	1.84136e-02
9.99843e+00	1.82356e-02
1.00266e+01	1.80575e-02
1.00547e+01	1.78797e-02
1.00828e+01	1.77023e-02
1.01109e+01	1.75252e-02
1.01391e+01	1.73485e-02
1.01672e+01	1.71721e-02
1.01953e+01	1.69961e-02
1.02234e+01	1.68204e-02
1.02516e+01	1.66451e-02
1.02797e+01	1.64701e-02
1.03078e+01	1.62955e-02
1.03359e+01	1.61212e-02
1.03641e+01	1.59473e-02
1.03922e+01	1.57737e-02
1.04203e+01	1.56004e-02
1.04484e+01	1.54275e-02
1.04766e+01	1.52550e-02
1.05047e+01	1.50827e-02
1.05328e+01	1.49109e-02
1.05609e+01	1.47393e-02
1.05891e+01	1.45681e-02
1.06172e+01	1.43972e-02
1.06453e+01	1.42269e-02
1.06734e+01	1.40571e-02
1.07016e+01	1.38879e-02
1.07297e+01	1.37192e-02
1.07578e+01	1.35512e-02
1.07859e+01	1.33837e-02
1.08141e+01	1.32167e-02
1.08422e+01	1.30504e-02
1.08703e+01	1.28846e-02
1.08984e+01	1.27194e-02
1.09266e+01	1.25547e-02
1.09547e+01	1.23906e-02
1.09828e+01	1.22270e-02
1.10109e+01	1.20640e-02
1.10391e+01	1.19015e-02
1.10672e+01	1.17396e-02
1.10953e+01	1.15782e-02
1.11234e+01	1.14174e-02
1.11516e+01	1.12571e-02
1.11797e+01	1.10973e-02
1.12078e+01	1.09381e-02
1.12359e+01	1.07794e-02
1.12641e+01	1.06212e-02
1.12922e+01	1.04635e-02
1.13203e+01	1.03064e-02
1.13484e+01	1.01497e-02
1.13766e+01	9.99360e-03
1.14047e+01	9.83794e-03
1.14328e+01	9.68275e-03
1.14609e+01	9.52801e-03
1.14891e+01	9.37369e-03
1.15172e+01	9.21976e-03
1.15453e+01	9.06618e-03
1.15734e+01	8.91287e-03
1.16016e+01	8.75999e-03
1.16297e+01	8.60775e-03
1.16578e+01	8.45642e-03
1.16859e+01	8.30672e-03
1.17141e+01	8.15862e-03
1.17422e+01	8.01187e-03
1.17703e+01	7.86627e-03
1.17984e+01	7.72191e-03
1.18266e+01	7.57883e-03
1.18547e+01	7.43710e-03
1.18828e+01	7.29792e-03
1.19109e+01	7.16073e-03
1.19391e+01	7.02512e-03
1.19672e+01	6.89092e-03
1.19953e+01	6.75807e-03
1.20234e+01	6.62652e-03
1.20516e+01	6.49630e-03
1.20797e+01	6.36740e-03
1.21078e+01	6.23983e-03
1.21359e+01	6.11360e-03
1.21641e+01	5.98875e-03
1.21922e+01	5.86529e-03
1.22203e+01	5.74325e-03
1.22484e+01	5.62268e-03
1.22766e+01	5.50363e-03
1.23047e+01	5.38615e-03
1.23328e+01	5.27029e-03
1.23609e+01	5.15608e-03
1.23891e+01	5.04350e-03
1.24172e+01	4.93258e-03
1.24453e+01	4.82333e-03
1.24734e+01	4.71578e-03
1.25015e+01	4.60995e-03
1.25297e+01	4.50588e-03
1.25578e+01	4.40357e-03
1.25859e+01	4.30307e-03
1.26140e+01	4.20448e-03
1.26422e+01	4.10781e-03
1.26703e+01	4.01304e-03
1.26984e+01	3.92016e-03
1.27265e+01	3.82917e-03
1.27547e+01	3.74003e-03
1.27828e+01	3.65272e-03
1.28109e+01	3.56720e-03
1.28390e+01	3.48344e-03
1.28672e+01	3.40138e-03
1.28953e+01	3.32088e-03
1.29234e+01	3.24184e-03
1.29515e+01	3.16434e-03
1.29797e+01	3.08820e-03
1.30078e+01	3.01331e-03
1.30359e+01	2.93981e-03
1.30640e+01	2.86851e-03
1.30922e+01	2.79945e-03
1.31203e+01	2.73205e-03
1.31484e+01	2.66583e-03
1.31765e+01	2.60067e-03
1.32047e+01	2.53674e-03
1.32328e+01	2.47423e-03
1.32609e+01	2.41291e-03
1.32890e+01	2.35264e-03
1.33172e+01	2.29334e-03
1.33453e+01	2.23491e-03
1.33734e+01	2.17734e-03
1.34015e+01	2.12061e-03
1.34297e+01	2.06474e-03
1.34578e+01	2.00977e-03
1.34859e+01	1.95575e-03
1.35140e+01	1.90273e-03
1.35422e+01	1.85065e-03
1.35703e+01	1.79952e-03
1.35984e+01	1.74934e-03
1.36265e+01	1.70010e-03
1.36547e+01	1.65181e-03
1.36828e+01	1.60445e-03
1.37109e+01	1.55802e-03
1.37390e+01	1.51251e-03
1.37672e+01	1.46791e-03
1.37953e+01	1.42421e-03
1.38234e+01	1.38140e-03
1.38515e+01	1.33948e-03
1.38797e+01	1.29842e-03
1.39078e+01	1.25823e-03
1.39359e+01	1.21891e-03
1.39640e+01	1.18045e-03
1.39922e+01	1.14285e-03
1.40203e+01	1.10611e-03
1.40484e+01	1.07022e-03
1.40765e+01	1.03519e-03
1.41047e+01	1.00101e-03
1.41328e+01	9.67671e-04
1.41609e+01	9.35169e-04
1.41890e+01	9.03495e-04
1.42172e+01	8.72640e-04
1.42453e+01	8.42594e-04
1.42734e+01	8.13348e-04
1.43015e+01	7.84895e-04
1.43297e+01	7.57224e-04
1.43578e+01	7.30327e-04
1.43859e+01	7.04193e-04
1.44140e+01	6.78811e-04
1.44422e+01	6.54170e-04
1.44703e+01	6.30258e-04
1.44984e+01	6.07063e-04
1.45265e+01	5.84572e-04
1.45547e+01	5.62772e-04
1.45828e+01	5.41650e-04
1.46109e+01	5.21192e-04
1.46390e+01	5.01386e-04
1.46672e+01	4.82217e-04
1.46953e+01	4.63672e-04
1.47234e+01	4.45737e-04
1.47515e+01	4.28398e-04
1.47797e+01	4.11641e-04
1.48078e+01	3.95453e-04
1.48359e+01	3.79819e-04
1.48640e+01	3.64727e-04
1.48922e+01	3.50162e-04
1.49203e+01	3.36111e-04
1.49484e+01	3.22562e-04
1.49765e+01	3.09501e-04
1.50047e+01	2.96915e-04
1.50328e+01	2.84791e-04
1.50609e+01	2.73116e-04
1.50890e+01	2.61873e-04
1.51172e+01	2.51050e-04
1.51453e+01	2.40632e-04
1.51734e+01	2.30605e-04
1.52015e+01	2.20957e-04
1.52297e+01	2.11675e-04
1.52578e+01	2.02747e-04
1.52859e+01	1.94159e-04
1.53140e+01	1.85902e-04
1.53422e+01	1.77963e-04
1.53703e+01	1.70332e-04
1.53984e+01	1.62998e-04
1.54265e+01	1.55950e-04
1.54547e+01	1.49179e-04
1.54828e+01	1.42674e-04
1.55109e+01	1.36426e-04
1.55390e+01	1.30425e-04
1.55672e+01	1.24664e-04
1.55953e+01	1.19132e-04
1.56234e+01	1.13821e-04
1.56515e+01	1.08723e-04
1.56797e+01	1.03830e-04
1.57078e+01	9.91345e-05
1.57359e+01	9.46278e-05
1.57640e+01	9.03028e-05
1.57922e+01	8.61517e-05
1.58203e+01	8.21692e-05
1.58484e+01	7.83502e-05
1.58765e+01	7.46897e-05
1.59047e+01	7.11826e-05
1.59328e+01	6.78241e-05
1.59609e+01	6.46090e-05
1.59890e+01	6.15327e-05
1.60172e+01	5.85902e-05
1.60453e+01	5.57769e-05
1.60734e+01	5.30878e-05
1.61015e+01	5.05179e-05
1.61297e+01	4.80626e-05
1.61578e+01	4.57174e-05
1.61859e+01	4.34777e-05
1.62140e+01	4.13395e-05
1.62422e+01	3.92985e-05
1.62703e+01	3.73507e-05
1.62984e+01	3.54925e-05
1.63265e+01	3.37200e-05
1.63547e+01	3.20296e-05
1.63828e+01	3.04180e-05
1.64109e+01	2.88818e-05
1.64390e+01	2.74179e-05
1.64672e+01	2.60230e-05
1.64953e+01	2.46943e-05
1.65234e+01	2.34288e-05
1.65515e+01	2.22238e-05
1.65797e+01	2.10768e-05
1.66078e+01	1.99851e-05
1.66359e+01	1.89464e-05
1.66640e+01	1.79583e-05
1.66922e+01	1.70186e-05
1.67203e+01	1.61251e-05
1.67484e+01	1.52757e-05
1.67765e+01	1.44685e-05
1.68047e+01	1.37015e-05
1.68328e+01	1.29728e-05
1.68609e+01	1.22808e-05
1.68890e+01	1.16237e-05
1.69172e+01	1.09999e-05
1.69453e+01	1.04078e-05
1.69734e+01	9.84598e-06
1.70015e+01	9.31297e-06
1.70297e+01	8.80743e-06
1.70578e+01	8.32802e-06
1.70859e+01	7.87348e-06
1.71140e+01	7.44261e-06
1.71422e+01	7.03423e-06
1.71703e+01	6.64725e-06
1.71984e+01	6.28059e-06
1.72265e+01	5.93327e-06
1.72547e+01	5.60431e-06
1.72828e+01	5.29281e-06
1.73109e+01	4.99787e-06
1.73390e+01	4.71868e-06
1.73672e+01	4.45443e-06
1.73953e+01	4.20436e-06
1.74234e+01	3.96776e-06
1.74515e+01	3.74394e-06
1.74797e+01	3.53223e-06
1.75078e+01	3.33202e-06
1.75359e+01	3.14272e-06
1.75640e+01	2.96376e-06
1.75922e+01	2.79460e-06
1.76203e+01	2.63473e-06
1.76484e+01	2.48368e-06
1.76765e+01	2.34097e-06
1.77047e+01	2.20617e-06
1.77328e+01	2.07887e-06
1.77609e+01	1.95867e-06
1.77890e+01	1.84519e-06
1.78172e+01	1.73807e-06
1.78453e+01	1.63698e-06
1.78734e+01	1.54158e-06
1.79015e+01	1.45156e-06
1.79297e+01	1.36664e-06
1.79578e+01	1.28653e-06
1.79859e+01	1.21098e-06
1.80140e+01	1.13975e-06
1.80422e+01	1.07259e-06
1.80703e+01	1.00929e-06
1.80984e+01	9.49623e-07
1.81265e+01	8.93395e-07
1.81547e+01	8.40413e-07
1.81828e+01	7.90494e-07
1.82109e+01	7.43459e-07
1.82390e+01	6.99147e-07
1.82672e+01	6.57405e-07
1.82953e+01	6.18090e-07
1.83234e+01	5.81063e-07
1.83515e+01	5.46196e-07
1.83797e+01	5.13367e-07
1.84078e+01	4.82459e-07
1.84359e+01	4.53364e-07
1.84640e+01	4.25979e-07
1.84922e+01	4.00206e-07
1.85203e+01	3.75953e-07
1.85484e+01	3.53132e-07
1.85765e+01	3.31662e-07
1.86047e+01	3.11465e-07
1.86328e+01	2.92468e-07
1.86609e+01	2.74601e-07
1.86890e+01	2.57800e-07
1.87172e+01	2.42002e-07
1.87453e+01	2.27150e-07
1.87734e+01	2.13189e-07
1.88015e+01	2.00067e-07
1.88297e+01	1.87735e-07
1.88578e+01	1.76147e-07
1.88859e+01	1.65260e-07
1.89140e+01	1.55031e-07
1.89422e+01	1.45423e-07
1.89703e+01	1.36399e-07
1.89984e+01	1.27925e-07
1.90265e+01	1.19968e-07
1.90547e+01	1.12497e-07
1.90828e+01	1.05483e-07
1.91109e+01	9.89000e-08
1.91390e+01	9.27206e-08
1.91672e+01	8.69209e-08
1.91953e+01	8.14780e-08
1.92234e+01	7.63703e-08
1.92515e+01	7.15777e-08
1.92797e+01	6.70810e-08
1.93078e+01	6.28624e-08
1.93359e+01	5.89049e-08
1.93640e+01	5.51926e-08
1.93922e+01	5.17108e-08
1.94203e+01	4.84453e-08
1.94484e+01	4.53829e-08
1.94765e+01	4.25112e-08
1.95047e+01	3.98186e-08
1.95328e+01	3.72942e-08
1.95609e+01	3.49275e-08
1.95890e+01	3.27090e-08
1.96172e+01	3.06295e-08
1.96453e+01	2.86804e-08
1.96734e+01	2.68538e-08
1.97015e+01	2.51422e-08
1.97297e+01	2.35383e-08
1.97578e+01	2.20356e-08
1.97859e+01	2.06279e-08
1.98140e+01	1.93091e-08
1.98422e+01	1.80739e-08
1.98703e+01	1.69170e-08
1.98984e+01	1.58336e-08
1.99265e+01	1.48187e-08
1.99547e+01	1.38678e-08
1.99828e+01	1.29771e-08
2.00109e+01	1.21427e-08
2.00390e+01	1.13612e-08
2.00672e+01	1.06292e-08
2.00953e+01	9.94366e-09
2.01234e+01	9.30171e-09
2.01515e+01	8.70060e-09
2.01797e+01	8.13778e-09
2.02078e+01	7.61085e-09
2.02359e+01	7.11756e-09
2.02640e+01	6.65579e-09
2.02922e+01	6.22357e-09
2.03203e+01	5.81904e-09
2.03484e+01	5.44045e-09
2.03765e+01	5.08616e-09
2.04047e+01	4.75466e-09
2.04328e+01	4.44449e-09
2.04609e+01	4.15432e-09
2.04890e+01	3.88287e-09
2.05172e+01	3.62898e-09
2.05453e+01	3.39152e-09
2.05734e+01	3.16944e-09
2.06015e+01	2.96176e-09
2.06297e+01	2.76756e-09
2.06578e+01	2.58596e-09
2.06859e+01	2.41614e-09
2.07140e+01	2.25736e-09
2.07422e+01	2.10889e-09
2.07703e+01	1.97009e-09
2.07984e+01	1.84032e-09
2.08265e+01	1.71901e-09
2.08547e+01	1.60561e-09
2.08828e+01	1.49961e-09
2.09109e+01	1.40054e-09
2.09390e+01	1.30794e-09
2.09672e+01	1.22141e-09
2.09953e+01	1.14054e-09
2.10234e+01	1.06498e-09
2.10515e+01	9.94375e-10
2.10797e+01	9.28408e-10
2.11078e+01	8.66776e-10
2.11359e+01	8.09197e-10
2.11640e+01	7.55408e-10
2.11922e+01	7.05161e-10
2.12203e+01	6.58225e-10
2.12484e+01	6.14384e-10
2.12765e+01	5.73437e-10
2.13047e+01	5.35193e-10
2.13328e+01	4.99477e-10
2.13609e+01	4.66122e-10
2.13890e+01	4.34974e-10
2.14172e+01	4.05888e-10
2.14453e+01	3.78730e-10
2.14734e+01	3.53371e-10
2.15015e+01	3.29695e-10
2.15297e+01	3.07590e-10
2.15578e+01	2.86953e-10
2.15859e+01	2.67689e-10
2.16140e+01	2.49706e-10
2.16422e+01	2.32920e-10
2.16703e+01	2.17253e-10
2.16984e+01	2.02630e-10
2.17265e+01	1.88984e-10
2.17547e+01	1.76248e-10
2.17828e+01	1.64364e-10
2.18109e+01	1.53275e-10
2.18390e+01	1.42929e-10
2.18672e+01	1.33275e-10
2.18953e+01	1.24270e-10
2.19234e+01	1.15868e-10
2.19515e+01	1.08032e-10
2.19797e+01	1.00723e-10
2.20078e+01	9.39052e-11
2.20359e+01	8.75470e-11
2.20640e+01	8.16175e-11
2.20922e+01	7.60881e-11
2.21203e+01	7.09320e-11
2.21484e+01	6.61239e-11
2.21765e+01	6.16405e-11
2.22047e+01	5.74599e-11
2.22328e+01	5.35617e-11
2.22609e+01	4.99268e-11
2.22890e+01	4.65376e-11
2.23172e+01	4.33775e-11
2.23453e+01	4.04310e-11
2.23734e+01	3.76839e-11
2.24015e+01	3.51225e-11
2.24297e+01	3.27345e-11
2.24578e+01	3.05081e-11
2.24859e+01	2.84324e-11
2.25140e+01	2.64972e-11
2.25422e+01	2.46932e-11
2.25703e+01	2.30114e-11
2.25984e+01	2.14435e-11
2.26265e+01	1.99820e-11
2.26547e+01	1.86196e-11
2.26828e+01	1.73496e-11
2.27109e+01	1.61659e-11
2.27390e+01	1.50626e-11
2.27672e+01	1.40342e-11
2.27953e+01	1.30757e-11
2.28234e+01	1.21825e-11
2.28515e+01	1.13500e-11
2.28797e+01	1.05741e-11
2.29078e+01	9.85109e-12
2.29359e+01	9.17732e-12
2.29640e+01	8.54947e-12
2.29922e+01	7.96443e-12
2.30203e+01	7.41931e-12
2.30484e+01	6.91139e-12
2.30765e+01	6.43814e-12
2.31047e+01	5.99721e-12
2.31328e+01	5.58639e-12
2.31609e+01	5.20363e-12
2.31890e+01	4.84703e-12
2.32172e+01	4.51479e-12
2.32453e+01	4.20527e-12
2.32734e+01	3.91692e-12
2.33015e+01	3.64828e-12
2.33297e+01	3.39801e-12
2.33578e+01	3.16487e-12
2.33859e+01	2.94768e-12
2.34140e+01	2.74536e-12
2.34422e+01	2.55689e-12
2.34703e+01	2.38132e-12
2.34984e+01	2.21778e-12
2.35265e+01	2.06545e-12
2.35547e+01	1.92355e-12
2.35828e+01	1.79138e-12
2.36109e+01	1.66826e-12
2.36390e+01	1.55359e-12
2.36672e+01	1.44678e-12
2.36953e+01	1.34730e-12
2.37234e+01	1.25465e-12
2.37515e+01	1.16835e-12
2.37797e+01	1.08797e-12
2.38078e+01	1.01311e-12
2.38359e+01	9.43389e-13
2.38640e+01	8.78455e-13
2.38922e+01	8.17981e-13
2.39203e+01	7.61661e-13
2.39484e+01	7.09210e-13
2.39765e+01	6.60363e-13
2.40047e+01	6.14873e-13
2.40328e+01	5.72510e-13
2.40609e+01	5.33060e-13
2.40890e+01	4.96322e-13
2.41172e+01	4.62110e-13
2.41453e+01	4.30252e-13
2.41734e+01	4.00585e-13
2.42015e+01	3.72960e-13
2.42297e+01	3.47237e-13
2.42578e+01	3.23284e-13
2.42859e+01	3.00980e-13
2.43140e+01	2.80212e-13
2.43422e+01	2.60875e-13
2.43703e+01	2.42870e-13
2.43984e+01	2.26106e-13
2.44265e+01	2.10498e-13
2.44547e+01	1.95965e-13
2.44828e+01	1.82435e-13
2.45109e+01	1.69837e-13
2.45390e+01	1.58109e-13
2.45672e+01	1.47189e-13
2.45953e+01	1.37023e-13
2.46234e+01	1.27559e-13
2.46515e+01	1.18748e-13
2.46797e+01	1.10546e-13
2.47078e+01	1.02910e-13
2.47359e+01	9.58011e-14
2.47640e+01	8.91827e-14
2.47922e+01	8.30209e-14
2.48203e+01	7.72843e-14
2.48484e+01	7.19436e-14
2.48765e+01	6.69717e-14
2.49047e+01	6.23431e-14
2.49328e+01	5.80343e-14
2.49609e+01	5.40233e-14
2.49890e+01	5.02894e-14
2.50172e+01	4.68137e-14
2.50453e+01	4.35784e-14
2.50734e+01	4.05669e-14
2.51015e+01	3.77639e-14
2.51297e+01	3.51549e-14
2.51578e+01	3.27266e-14
2.51859e+01	3.04660e-14
2.52140e+01	2.83614e-14
2.52422e+01	2.64019e-14
2.52703e+01	2.45776e-14
2.52984e+01	2.28791e-14
2.53265e+01	2.12978e-14
2.53547e+01	1.98255e-14
2.53828e+01	1.84547e-14
2.54109e+01	1.71785e-14
2.54390e+01	1.59903e-14
2.54672e+01	1.48841e-14
2.54953e+01	1.38541e-14
2.55234e+01	1.28952e-14
2.55515e+01	1.20024e-14
2.55797e+01	1.11712e-14
2.56078e+01	1.03974e-14
2.56359e+01	9.67706e-15
2.56640e+01	9.00640e-15
2.56922e+01	8.38206e-15
2.57203e+01	7.80085e-15
2.57484e+01	7.25981e-15
2.57765e+01	6.75617e-15
2.58047e+01	6.28737e-15
2.58328e+01	5.85099e-15
2.58609e+01	5.44481e-15
2.58890e+01	5.06676e-15
2.59172e+01	4.71488e-15
2.59453e+01	4.38739e-15
2.59734e+01	4.08260e-15
2.60015e+01	3.79896e-15
2.60297e+01	3.53500e-15
2.60578e+01	3.28937e-15
2.60859e+01	3.06079e-15
2.61140e+01	2.84807e-15
2.61422e+01	2.65013e-15
2.61703e+01	2.46593e-15
2.61984e+01	2.29452e-15
2.62265e+01	2.13501e-15
2.62547e+01	1.98658e-15
2.62828e+01	1.84846e-15
2.63109e+01	1.71993e-15
2.63390e+01	1.60033e-15
2.63672e+01	1.48903e-15
2.63953e+01	1.38546e-15
2.64234e+01	1.28909e-15
2.64515e+01	1.19940e-15
2.64797e+01	1.11595e-15
2.65078e+01	1.03830e-15
2.65359e+01	9.66033e-16
2.65640e+01	8.98790e-16
2.65922e+01	8.36217e-16
2.66203e+01	7.77991e-16
2.66484e+01	7.23808e-16
2.66765e+01	6.73389e-16
2.67047e+01	6.26471e-16
2.67328e+01	5.82811e-16
2.67609e+01	5.42182e-16
2.67890e+01	5.04373e-16
2.68172e+01	4.69188e-16
2.68453e+01	4.36444e-16
2.68734e+01	4.05971e-16
2.69015e+01	3.77612e-16
2.69297e+01	3.51218e-16
2.69578e+01	3.26652e-16
2.69859e+01	3.03787e-16
2.70140e+01	2.82504e-16
2.70422e+01	2.62693e-16
2.70703e+01	2.44250e-16
2.70984e+01	2.27079e-16
2.71265e+01	2.11092e-16
2.71547e+01	1.96205e-16
2.71828e+01	1.82341e-16
2.72109e+01	1.69427e-16
2.72390e+01	1.57397e-16
2.72672e+01	1.46189e-16
2.72953e+01	1.35743e-16
2.73234e+01	1.26005e-16
2.73515e+01	1.16925e-16
2.73797e+01	1.08456e-16
2.74078e+01	1.00554e-16
2.74359e+01	9.31772e-17
2.74640e+01	8.62876e-17
2.74922e+01	7.98495e-17
2.75203e+01	7.38296e-17
2.75484e+01	6.81965e-17
2.75765e+01	6.29213e-17
2.76047e+01	5.79765e-17
2.76328e+01	5.33368e-17
2.76609e+01	4.89781e-17
2.76890e+01	4.48782e-17
2.77172e+01	4.10161e-17
2.77453e+01	3.73720e-17
2.77734e+01	3.39275e-17
2.78015e+01	3.06653e-17
2.78297e+01	2.75691e-17
2.78578e+01	2.46236e-17
2.78859e+01	2.18145e-17
2.79140e+01	1.91284e-17
2.79422e+01	1.65526e-17
2.79703e+01	1.40755e-17
2.79984e+01	1.16862e-17
2.80265e+01	9.37466e-18
2.80547e+01	7.13182e-18
2.80828e+01	4.94949e-18
2.81109e+01	2.82031e-18
