# The ell = 0 distribution, the isotropy.
# E_N [Td]	7.50000e+01
# col_1: Electron Energy [eV], col_2: f0 [eV^(-3/2)]
eV	f0
1.96643e-02	5.95966e-02
5.89929e-02	5.95250e-02
9.83215e-02	5.94665e-02
1.37650e-01	5.94156e-02
1.76979e-01	5.93682e-02
2.16307e-01	5.93225e-02
2.55636e-01	5.92772e-02
2.94965e-01	5.92318e-02
3.34293e-01	5.91856e-02
3.73622e-01	5.91386e-02
4.12950e-01	5.90905e-02
4.52279e-01	5.90411e-02
4.91608e-01	5.89905e-02
5.30936e-01	5.89385e-02
5.70265e-01	5.88849e-02
6.09594e-01	5.88298e-02
6.48922e-01	5.87729e-02
6.88251e-01	5.87142e-02
7.27579e-01	5.86536e-02
7.66908e-01	5.85910e-02
8.06237e-01	5.85263e-02
8.45565e-01	5.84595e-02
8.84894e-01	5.83904e-02
9.24223e-01	5.83189e-02
9.63551e-01	5.82451e-02
1.00288e+00	5.81687e-02
1.04221e+00	5.80901e-02
1.08154e+00	5.80095e-02
1.12087e+00	5.79270e-02
1.16019e+00	5.78426e-02
1.19952e+00	5.77564e-02
1.23885e+00	5.76683e-02
1.27818e+00	5.75785e-02
1.31751e+00	5.74871e-02
1.35684e+00	5.73944e-02
1.39617e+00	5.73002e-02
1.43549e+00	5.72047e-02
1.47482e+00	5.71080e-02
1.51415e+00	5.70098e-02
1.55348e+00	5.69103e-02
1.59281e+00	5.68098e-02
1.63214e+00	5.67083e-02
1.67147e+00	5.66061e-02
1.71079e+00	5.65033e-02
1.75012e+00	5.63999e-02
1.78945e+00	5.62959e-02
1.82878e+00	5.61915e-02
1.86811e+00	5.60865e-02
1.90744e+00	5.59810e-02
1.94677e+00	5.58748e-02
1.98610e+00	5.57681e-02
2.02542e+00	5.56607e-02
2.06475e+00	5.55526e-02
2.10408e+00	5.54436e-02
2.14341e+00	5.53337e-02
2.18274e+00	5.52230e-02
2.22207e+00	5.51115e-02
2.26140e+00	5.49990e-02
2.30072e+00	5.48858e-02
2.34005e+00	5.47716e-02
2.37938e+00	5.46565e-02
2.41871e+00	5.45406e-02
2.45804e+00	5.44237e-02
2.49737e+00	5.43059e-02
2.53670e+00	5.41871e-02
2.57602e+00	5.40674e-02
2.61535e+00	5.39466e-02
2.65468e+00	5.38249e-02
2.69401e+00	5.37021e-02
2.73334e+00	5.35784e-02
2.77267e+00	5.34537e-02
2.81200e+00	5.33281e-02
2.85132e+00	5.32014e-02
2.89065e+00	5.30738e-02
2.92998e+00	5.29452e-02
2.96931e+00	5.28156e-02
3.00864e+00	5.26851e-02
3.04797e+00	5.25536e-02
3.08730e+00	5.24213e-02
3.12663e+00	5.22880e-02
3.16595e+00	5.21538e-02
3.20528e+00	5.20188e-02
3.24461e+00	5.18828e-02
3.28394e+00	5.17460e-02
3.32327e+00	5.16083e-02
3.36260e+00	5.14698e-02
3.40193e+00	5.13304e-02
3.44125e+00	5.11901e-02
3.48058e+00	5.10490e-02
3.51991e+00	5.09071e-02
3.55924e+00	5.07644e-02
3.59857e+00	5.06209e-02
3.63790e+00	5.04766e-02
3.67723e+00	5.03315e-02
3.71655e+00	5.01857e-02
3.75588e+00	5.00391e-02
3.79521e+00	4.98917e-02
3.83454e+00	4.97437e-02
3.87387e+00	4.95949e-02
3.91320e+00	4.94454e-02
3.95253e+00	4.92952e-02
3.99185e+00	4.91443e-02
4.03118e+00	4.89925e-02
4.07051e+00	4.88397e-02
4.10984e+00	4.86860e-02
4.14917e+00	4.85312e-02
4.18850e+00	4.83754e-02
4.22783e+00	4.82186e-02
4.26716e+00	4.80607e-02
4.30648e+00	4.79019e-02
4.34581e+00	4.77422e-02
4.38514e+00	4.75814e-02
4.42447e+00	4.74197e-02
4.46380e+00	4.72571e-02
4.50313e+00	4.70936e-02
4.54246e+00	4.69291e-02
4.58178e+00	4.67638e-02
4.62111e+00	4.65976e-02
4.66044e+00	4.64305e-02
4.69977e+00	4.62625e-02
4.73910e+00	4.60937e-02
4.77843e+00	4.59241e-02
4.81776e+00	4.57536e-02
4.85708e+00	4.55824e-02
4.89641e+00	4.54104e-02
4.93574e+00	4.52375e-02
4.97507e+00	4.50639e-02
5.01440e+00	4.48896e-02
5.05373e+00	4.47144e-02
5.09306e+00	4.45385e-02
5.13238e+00	4.43617e-02
5.17171e+00	4.41842e-02
5.21104e+00	4.40058e-02
5.25037e+00	4.38267e-02
5.28970e+00	4.36469e-02
5.32903e+00	4.34663e-02
5.36836e+00	4.32850e-02
5.40768e+00	4.31030e-02
5.44701e+00	4.29203e-02
5.48634e+00	4.27369e-02
5.52567e+00	4.25529e-02
5.56500e+00	4.23681e-02
5.60433e+00	4.21828e-02
5.64366e+00	4.19967e-02
5.68299e+00	4.18101e-02
5.72231e+00	4.16228e-02
5.76164e+00	4.14349e-02
5.80097e+00	4.12465e-02
5.84030e+00	4.10574e-02
5.87963e+00	4.08678e-02
5.91896e+00	4.06776e-02
5.95829e+00	4.04869e-02
5.99761e+00	4.02957e-02
6.03694e+00	4.01039e-02
6.07627e+00	3.99117e-02
6.11560e+00	3.97191e-02
6.15493e+00	3.95260e-02
6.19426e+00	3.93325e-02
6.23359e+00	3.91386e-02
6.27291e+00	3.89443e-02
6.31224e+00	3.87496e-02
6.35157e+00	3.85545e-02
6.39090e+00	3.83591e-02
6.43023e+00	3.81632e-02
6.46956e+00	3.79671e-02
6.50889e+00	3.77705e-02
6.54821e+00	3.75737e-02
6.58754e+00	3.73765e-02
6.62687e+00	3.71790e-02
6.66620e+00	3.69811e-02
6.70553e+00	3.67829e-02
6.74486e+00	3.65844e-02
6.78419e+00	3.63856e-02
6.82352e+00	3.61866e-02
6.86284e+00	3.59872e-02
6.90217e+00	3.57875e-02
6.94150e+00	3.55876e-02
6.98083e+00	3.53874e-02
7.02016e+00	3.51871e-02
7.05949e+00	3.49866e-02
7.09882e+00	3.47860e-02
7.13814e+00	3.45854e-02
7.17747e+00	3.43847e-02
7.21680e+00	3.41839e-02
7.25613e+00	3.39831e-02
7.29546e+00	3.37823e-02
7.33479e+00	3.35814e-02
7.37412e+00	3.33806e-02
7.41344e+00	3.31796e-02
7.45277e+00	3.29787e-02
7.49210e+00	3.27777e-02
7.53143e+00	3.25768e-02
7.57076e+00	3.23758e-02
7.61009e+00	3.21747e-02
7.64942e+00	3.19737e-02
7.68874e+00	3.17727e-02
7.72807e+00	3.15716e-02
7.76740e+00	3.13706e-02
7.80673e+00	3.11695e-02
7.84606e+00	3.09684e-02
7.88539e+00	3.07674e-02
7.92472e+00	3.05663e-02
7.96405e+00	3.03652e-02
8.00337e+00	3.01641e-02
8.04270e+00	2.99631e-02
8.08203e+00	2.97620e-02
8.12136e+00	2.95610e-02
8.16069e+00	2.93599e-02
8.20002e+00	2.91589e-02
8.23935e+00	2.89578e-02
8.27867e+00	2.87568e-02
8.31800e+00	2.85558e-02
8.35733e+00	2.83548e-02
8.39666e+00	2.81538e-02
8.43599e+00	2.79529e-02
8.47532e+00	2.77519e-02
8.51465e+00	2.75510e-02
8.55397e+00	2.73500e-02
8.59330e+00	2.71491e-02
8.63263e+00	2.69482e-02
8.67196e+00	2.67474e-02
8.71129e+00	2.65465e-02
8.75062e+00	2.63457e-02
8.78995e+00	2.61449e-02
8.82927e+00	2.59441e-02
8.86860e+00	2.57434e-02
8.90793e+00	2.55426e-02
8.94726e+00	2.53419e-02
8.98659e+00	2.51412e-02
9.02592e+00	2.49406e-02
9.06525e+00	2.47401e-02
9.10458e+00	2.45397e-02
9.14390e+00	2.43393e-02
9.18323e+00	2.41390e-02
9.22256e+00	2.39387e-02
9.26189e+00	2.37386e-02
9.30122e+00	2.35385e-02
9.34055e+00	2.33385e-02
9.37988e+00	2.31385e-02
9.41920e+00	2.29387e-02
9.45853e+00	2.27389e-02
9.49786e+00	2.25392e-02
9.53719e+00	2.23396e-02
9.57652e+00	2.21400e-02
9.61585e+00	2.19405e-02
9.65518e+00	2.17411e-02
9.69450e+00	2.15419e-02
9.73383e+00	2.13427e-02
9.77316e+00	2.11436e-02
9.81249e+00	2.09446e-02
9.85182e+00	2.07458e-02
9.89115e+00	2.05471e-02
9.93048e+00	2.03484e-02
9.96980e+00	2.01499e-02
1.00091e+01	1.99515e-02
1.00485e+01	1.97532e-02
1.00878e+01	1.95554e-02
1.01271e+01	1.93581e-02
1.01664e+01	1.91613e-02
1.02058e+01	1.89650e-02
1.02451e+01	1.87693e-02
1.02844e+01	1.85740e-02
1.03238e+01	1.83792e-02
1.03631e+01	1.81849e-02
1.04024e+01	1.79911e-02
1.04417e+01	1.77977e-02
1.04811e+01	1.76049e-02
1.05204e+01	1.74125e-02
1.05597e+01	1.72206e-02
1.05991e+01	1.70291e-02
1.06384e+01	1.68382e-02
1.06777e+01	1.66480e-02
1.07170e+01	1.64587e-02
1.07564e+01	1.62702e-02
1.07957e+01	1.60825e-02
1.08350e+01	1.58956e-02
1.08744e+01	1.57095e-02
1.09137e+01	1.55241e-02
1.09530e+01	1.53396e-02
1.09923e+01	1.51558e-02
1.10317e+01	1.49727e-02
1.10710e+01	1.47904e-02
1.11103e+01	1.46089e-02
1.11497e+01	1.44281e-02
1.11890e+01	1.42480e-02
1.12283e+01	1.40686e-02
1.12676e+01	1.38899e-02
1.13070e+01	1.37119e-02
1.13463e+01	1.35346e-02
1.13856e+01	1.33579e-02
1.14250e+01	1.31818e-02
1.14643e+01	1.30064e-02
1.15036e+01	1.28315e-02
1.15429e+01	1.26573e-02
1.15823e+01	1.24835e-02
1.16216e+01	1.23103e-02
1.16609e+01	1.21378e-02
1.17003e+01	1.19664e-02
1.17396e+01	1.17963e-02
1.17789e+01	1.16271e-02
1.18182e+01	1.14590e-02
1.18576e+01	1.12919e-02
1.18969e+01	1.11264e-02
1.19362e+01	1.09623e-02
1.19756e+01	1.07994e-02
1.20149e+01	1.06376e-02
1.20542e+01	1.04768e-02
1.20936e+01	1.03171e-02
1.21329e+01	1.01585e-02
1.21722e+01	1.00009e-02
1.22115e+01	9.84441e-03
1.22509e+01	9.68905e-03
1.22902e+01	9.53486e-03
1.23295e+01	9.38191e-03
1.23689e+01	9.23023e-03
1.24082e+01	9.07984e-03
1.24475e+01	8.93077e-03
1.24868e+01	8.78305e-03
1.25262e+01	8.63672e-03
1.25655e+01	8.49182e-03
1.26048e+01	8.34847e-03
1.26442e+01	8.20680e-03
1.26835e+01	8.06684e-03
1.27228e+01	7.92858e-03
1.27621e+01	7.79203e-03
1.28015e+01	7.65717e-03
1.28408e+01	7.52398e-03
1.28801e+01	7.39242e-03
1.29195e+01	7.26237e-03
1.29588e+01	7.13385e-03
1.29981e+01	7.00671e-03
1.30374e+01	6.88079e-03
1.30768e+01	6.75689e-03
1.31161e+01	6.63509e-03
1.31554e+01	6.51479e-03
1.31948e+01	6.39568e-03
1.32341e+01	6.27803e-03
1.32734e+01	6.16175e-03
1.33127e+01	6.04666e-03
1.33521e+01	5.93264e-03
1.33914e+01	5.81964e-03
1.34307e+01	5.70764e-03
1.34701e+01	5.59668e-03
1.35094e+01	5.48687e-03
1.35487e+01	5.37821e-03
1.35880e+01	5.27071e-03
1.36274e+01	5.16439e-03
1.36667e+01	5.05925e-03
1.37060e+01	4.95530e-03
1.37454e+01	4.85256e-03
1.37847e+01	4.75101e-03
1.38240e+01	4.65067e-03
1.38633e+01	4.55153e-03
1.39027e+01	4.45360e-03
1.39420e+01	4.35688e-03
1.39813e+01	4.26139e-03
1.40207e+01	4.16716e-03
1.40600e+01	4.07419e-03
1.40993e+01	3.98253e-03
1.41386e+01	3.89217e-03
1.41780e+01	3.80315e-03
1.42173e+01	3.71546e-03
1.42566e+01	3.62911e-03
1.42960e+01	3.54411e-03
1.43353e+01	3.46047e-03
1.43746e+01	3.37820e-03
1.44139e+01	3.29730e-03
1.44533e+01	3.21778e-03
1.44926e+01	3.13964e-03
1.45319e+01	3.06288e-03
1.45713e+01	2.98750e-03
1.46106e+01	2.91350e-03
1.46499e+01	2.84088e-03
1.46892e+01	2.76962e-03
1.47286e+01	2.69974e-03
1.47679e+01	2.63121e-03
1.48072e+01	2.56404e-03
1.48466e+01	2.49821e-03
1.48859e+01	2.43372e-03
1.49252e+01	2.37056e-03
1.49645e+01	2.30871e-03
1.50039e+01	2.24817e-03
1.50432e+01	2.18894e-03
1.50825e+01	2.13098e-03
1.51219e+01	2.07429e-03
1.51612e+01	2.01883e-03
1.52005e+01	1.96460e-03
1.52398e+01	1.91156e-03
1.52792e+01	1.85970e-03
1.53185e+01	1.80900e-03
1.53578e+01	1.75943e-03
1.53972e+01	1.71098e-03
1.54365e+01	1.66362e-03
1.54758e+01	1.61734e-03
1.55151e+01	1.57212e-03
1.55545e+01	1.52793e-03
1.55938e+01	1.48475e-03
1.56331e+01	1.44257e-03
1.56725e+01	1.40136e-03
1.57118e+01	1.36111e-03
1.57511e+01	1.32179e-03
1.57904e+01	1.28338e-03
1.58298e+01	1.24586e-03
1.58691e+01	1.20923e-03
1.59084e+01	1.17347e-03
1.59478e+01	1.13859e-03
1.59871e+01	1.10456e-03
1.60264e+01	1.07139e-03
1.60657e+01	1.03905e-03
1.61051e+01	1.00755e-03
1.61444e+01	9.76863e-04
1.61837e+01	9.46973e-04
1.62231e+01	9.17867e-04
1.62624e+01	8.89530e-04
1.63017e+01	8.61947e-04
1.63410e+01	8.35103e-04
1.63804e+01	8.08984e-04
1.64197e+01	7.83575e-04
1.64590e+01	7.58860e-04
1.64984e+01	7.34827e-04
1.65377e+01	7.11458e-04
1.65770e+01	6.88741e-04
1.66163e+01	6.66662e-04
1.66557e+01	6.45207e-04
1.66950e+01	6.24362e-04
1.67343e+01	6.04115e-04
1.67737e+01	5.84452e-04
1.68130e+01	5.65360e-04
1.68523e+01	5.46825e-04
1.68916e+01	5.28836e-04
1.69310e+01	5.11379e-04
1.69703e+01	4.94441e-04
1.70096e+01	4.78011e-04
1.70490e+01	4.62076e-04
1.70883e+01	4.46624e-04
1.71276e+01	4.31643e-04
1.71669e+01	4.17120e-04
1.72063e+01	4.03044e-04
1.72456e+01	3.89402e-04
1.72849e+01	3.76184e-04
1.73243e+01	3.63378e-04
1.73636e+01	3.50973e-04
1.74029e+01	3.38958e-04
1.74422e+01	3.27322e-04
1.74816e+01	3.16056e-04
1.75209e+01	3.05149e-04
1.75602e+01	2.94590e-04
1.75996e+01	2.84371e-04
1.76389e+01	2.74481e-04
1.76782e+01	2.64912e-04
1.77175e+01	2.55655e-04
1.77569e+01	2.46701e-04
1.77962e+01	2.38041e-04
1.78355e+01	2.29667e-04
1.78749e+01	2.21570e-04
1.79142e+01	2.13741e-04
1.79535e+01	2.06172e-04
1.79928e+01	1.98855e-04
1.80322e+01	1.91785e-04
1.80715e+01	1.84952e-04
1.81108e+01	1.78350e-04
1.81502e+01	1.71972e-04
1.81895e+01	1.65811e-04
1.82288e+01	1.59859e-04
1.82681e+01	1.54109e-04
1.83075e+01	1.48554e-04
1.83468e+01	1.43189e-04
1.83861e+01	1.38008e-04
1.84255e+01	1.33005e-04
1.84648e+01	1.28174e-04
1.85041e+01	1.23509e-04
1.85434e+01	1.19006e-04
1.85828e+01	1.14659e-04
1.86221e+01	1.10463e-04
1.86614e+01	1.06413e-04
1.87008e+01	1.02505e-04
1.87401e+01	9.87338e-05
1.87794e+01	9.50951e-05
1.88187e+01	9.15848e-05
1.88581e+01	8.81987e-05
1.88974e+01	8.49326e-05
1.89367e+01	8.17827e-05
1.89761e+01	7.87452e-05
1.90154e+01	7.58164e-05
1.90547e+01	7.29929e-05
1.90940e+01	7.02710e-05
1.91334e+01	6.76473e-05
1.91727e+01	6.51184e-05
1.92120e+01	6.26811e-05
1.92514e+01	6.03322e-05
1.92907e+01	5.80687e-05
1.93300e+01	5.58877e-05
1.93693e+01	5.37862e-05
1.94087e+01	5.17615e-05
1.94480e+01	4.98110e-05
1.94873e+01	4.79321e-05
1.95267e+01	4.61223e-05
1.95660e+01	4.43791e-05
1.96053e+01	4.27004e-05
1.96446e+01	4.10837e-05
1.96840e+01	3.95270e-05
1.97233e+01	3.80281e-05
1.97626e+01	3.65851e-05
1.98020e+01	3.51959e-05
1.98413e+01	3.38588e-05
1.98806e+01	3.25718e-05
1.99199e+01	3.13330e-05
1.99593e+01	3.01398e-05
1.99986e+01	2.89907e-05
2.00379e+01	2.78842e-05
2.00773e+01	2.68186e-05
2.01166e+01	2.57925e-05
2.01559e+01	2.48047e-05
2.01952e+01	2.38536e-05
2.02346e+01	2.29380e-05
2.02739e+01	2.20566e-05
2.03132e+01	2.12081e-05
2.03526e+01	2.03915e-05
2.03919e+01	1.96055e-05
2.04312e+01	1.88491e-05
2.04705e+01	1.81212e-05
2.05099e+01	1.74208e-05
2.05492e+01	1.67470e-05
2.05885e+01	1.60986e-05
2.06279e+01	1.54749e-05
2.06672e+01	1.48749e-05
2.07065e+01	1.42976e-05
2.07458e+01	1.37422e-05
2.07852e+01	1.32080e-05
2.08245e+01	1.26940e-05
2.08638e+01	1.21996e-05
2.09032e+01	1.17241e-05
2.09425e+01	1.12667e-05
2.09818e+01	1.08267e-05
2.10211e+01	1.04036e-05
2.10605e+01	9.99672e-06
2.10998e+01	9.60543e-06
2.11391e+01	9.22916e-06
2.11785e+01	8.86734e-06
2.12178e+01	8.51942e-06
2.12571e+01	8.18490e-06
2.12964e+01	7.86326e-06
2.13358e+01	7.55401e-06
2.13751e+01	7.25670e-06
2.14144e+01	6.97087e-06
2.14538e+01	6.69608e-06
2.14931e+01	6.43192e-06
2.15324e+01	6.17798e-06
2.15717e+01	5.93389e-06
2.16111e+01	5.69926e-06
2.16504e+01	5.47375e-06
2.16897e+01	5.25700e-06
2.17291e+01	5.04869e-06
2.17684e+01	4.84851e-06
2.18077e+01	4.65613e-06
2.18470e+01	4.47127e-06
2.18864e+01	4.29365e-06
2.19257e+01	4.12299e-06
2.19650e+01	3.95904e-06
2.20044e+01	3.80153e-06
2.20437e+01	3.65022e-06
2.20830e+01	3.50488e-06
2.21223e+01	3.36529e-06
2.21617e+01	3.23120e-06
2.22010e+01	3.10242e-06
2.22403e+01	2.97873e-06
2.22797e+01	2.85992e-06
2.23190e+01	2.74581e-06
2.23583e+01	2.63622e-06
2.23976e+01	2.53096e-06
2.24370e+01	2.42986e-06
2.24763e+01	2.33277e-06
2.25156e+01	2.23951e-06
2.25550e+01	2.14995e-06
2.25943e+01	2.06394e-06
2.26336e+01	1.98133e-06
2.26729e+01	1.90200e-06
2.27123e+01	1.82581e-06
2.27516e+01	1.75265e-06
2.27909e+01	1.68240e-06
2.28303e+01	1.61493e-06
2.28696e+01	1.55015e-06
2.29089e+01	1.48795e-06
2.29482e+01	1.42822e-06
2.29876e+01	1.37087e-06
2.30269e+01	1.31581e-06
2.30662e+01	1.26295e-06
2.31056e+01	1.21220e-06
2.31449e+01	1.16348e-06
2.31842e+01	1.11670e-06
2.32235e+01	1.07180e-06
2.32629e+01	1.02868e-06
2.33022e+01	9.87299e-07
2.33415e+01	9.47568e-07
2.33809e+01	9.09428e-07
2.34202e+01	8.72815e-07
2.34595e+01	8.37668e-07
2.34988e+01	8.03929e-07
2.35382e+01	7.71542e-07
2.35775e+01	7.40454e-07
2.36168e+01	7.10612e-07
2.36562e+01	6.81967e-07
2.36955e+01	6.54472e-07
2.37348e+01	6.28080e-07
2.37741e+01	6.02747e-07
2.38135e+01	5.78432e-07
2.38528e+01	5.55094e-07
2.38921e+01	5.32693e-07
2.39315e+01	5.11192e-07
2.39708e+01	4.90556e-07
2.40101e+01	4.70749e-07
2.40494e+01	4.51740e-07
2.40888e+01	4.33495e-07
2.41281e+01	4.15984e-07
2.41674e+01	3.99179e-07
2.42068e+01	3.83051e-07
2.42461e+01	3.67572e-07
2.42854e+01	3.52717e-07
2.43248e+01	3.38462e-07
2.43641e+01	3.24781e-07
2.44034e+01	3.11653e-07
2.44427e+01	2.99056e-07
2.44821e+01	2.86967e-07
2.45214e+01	2.75367e-07
2.45607e+01	2.64236e-07
2.46001e+01	2.53555e-07
2.46394e+01	2.43307e-07
2.46787e+01	2.33474e-07
2.47180e+01	2.24040e-07
2.47574e+01	2.14987e-07
2.47967e+01	2.06299e-07
2.48360e+01	1.97963e-07
2.48754e+01	1.89964e-07
2.49147e+01	1.82288e-07
2.49540e+01	1.74923e-07
2.49933e+01	1.67857e-07
2.50327e+01	1.61077e-07
2.50720e+01	1.54572e-07
2.51113e+01	1.48331e-07
2.51507e+01	1.42344e-07
2.51900e+01	1.36599e-07
2.52293e+01	1.31086e-07
2.52686e+01	1.25794e-07
2.53080e+01	1.20715e-07
2.53473e+01	1.15841e-07
2.53866e+01	1.11163e-07
2.54260e+01	1.06673e-07
2.54653e+01	1.02363e-07
2.55046e+01	9.82268e-08
2.55439e+01	9.42565e-08
2.55833e+01	9.04459e-08
2.56226e+01	8.67885e-08
2.56619e+01	8.32780e-08
2.57013e+01	7.99088e-08
2.57406e+01	7.66750e-08
2.57799e+01	7.35714e-08
2.58192e+01	7.05928e-08
2.58586e+01	6.77341e-08
2.58979e+01	6.49907e-08
2.59372e+01	6.23580e-08
2.59766e+01	5.98315e-08
2.60159e+01	5.74072e-08
2.60552e+01	5.50810e-08
2.60945e+01	5.28490e-08
2.61339e+01	5.07073e-08
2.61732e+01	4.86523e-08
2.62125e+01	4.66805e-08
2.62519e+01	4.47886e-08
2.62912e+01	4.29732e-08
2.63305e+01	4.12314e-08
2.63698e+01	3.95601e-08
2.64092e+01	3.79564e-08
2.64485e+01	3.64177e-08
2.64878e+01	3.49413e-08
2.65272e+01	3.35247e-08
2.65665e+01	3.21654e-08
2.66058e+01	3.08612e-08
2.66451e+01	2.96098e-08
2.66845e+01	2.84091e-08
2.67238e+01	2.72570e-08
2.67631e+01	2.61516e-08
2.68025e+01	2.50910e-08
2.68418e+01	2.40733e-08
2.68811e+01	2.30969e-08
2.69204e+01	2.21600e-08
2.69598e+01	2.12611e-08
2.69991e+01	2.03986e-08
2.70384e+01	1.95710e-08
2.70778e+01	1.87770e-08
2.71171e+01	1.80152e-08
2.71564e+01	1.72842e-08
2.71957e+01	1.65829e-08
2.72351e+01	1.59100e-08
2.72744e+01	1.52643e-08
2.73137e+01	1.46449e-08
2.73531e+01	1.40506e-08
2.73924e+01	1.34803e-08
2.74317e+01	1.29332e-08
2.74710e+01	1.24083e-08
2.75104e+01	1.19046e-08
2.75497e+01	1.14214e-08
2.75890e+01	1.09578e-08
2.76284e+01	1.05129e-08
2.76677e+01	1.00862e-08
2.77070e+01	9.67669e-09
2.77463e+01	9.28383e-09
2.77857e+01	8.90690e-09
2.78250e+01	8.54526e-09
2.78643e+01	8.19829e-09
2.79037e+01	7.86539e-09
2.79430e+01	7.54599e-09
2.79823e+01	7.23955e-09
2.80216e+01	6.94553e-09
2.80610e+01	6.66344e-09
2.81003e+01	6.39280e-09
2.81396e+01	6.13314e-09
2.81790e+01	5.88400e-09
2.82183e+01	5.64498e-09
2.82576e+01	5.41565e-09
2.82969e+01	5.19563e-09
2.83363e+01	4.98454e-09
2.83756e+01	4.78202e-09
2.84149e+01	4.58772e-09
2.84543e+01	4.40131e-09
2.84936e+01	4.22247e-09
2.85329e+01	4.05090e-09
2.85722e+01	3.88629e-09
2.86116e+01	3.72837e-09
2.86509e+01	3.57686e-09
2.86902e+01	3.43151e-09
2.87296e+01	3.29206e-09
2.87689e+01	3.15828e-09
2.88082e+01	3.02994e-09
2.88475e+01	2.90682e-09
2.88869e+01	2.78870e-09
2.89262e+01	2.67538e-09
2.89655e+01	2.56668e-09
2.90049e+01	2.46239e-09
2.90442e+01	2.36234e-09
2.90835e+01	2.26636e-09
2.91228e+01	2.17429e-09
2.91622e+01	2.08596e-09
2.92015e+01	2.00123e-09
2.92408e+01	1.91994e-09
2.92802e+01	1.84196e-09
2.93195e+01	1.76716e-09
2.93588e+01	1.69540e-09
2.93981e+01	1.62657e-09
2.94375e+01	1.56053e-09
2.94768e+01	1.49719e-09
2.95161e+01	1.43643e-09
2.95555e+01	1.37814e-09
2.95948e+01	1.32223e-09
2.96341e+01	1.26859e-09
2.96734e+01	1.21713e-09
2.97128e+01	1.16777e-09
2.97521e+01	1.12042e-09
2.97914e+01	1.07500e-09
2.98308e+01	1.03143e-09
2.98701e+01	9.89634e-10
2.99094e+01	9.49543e-10
2.99487e+01	9.11088e-10
2.99881e+01	8.74203e-10
3.00274e+01	8.38823e-10
3.00667e+01	8.04888e-10
3.01061e+01	7.72339e-10
3.01454e+01	7.41108e-10
3.01847e+01	7.11141e-10
3.02240e+01	6.82387e-10
3.02634e+01	6.54796e-10
3.03027e+01	6.28322e-10
3.03420e+01	6.02918e-10
3.03814e+01	5.78541e-10
3.04207e+01	5.55150e-10
3.04600e+01	5.32705e-10
3.04993e+01	5.11167e-10
3.05387e+01	4.90499e-10
3.05780e+01	4.70666e-10
3.06173e+01	4.51635e-10
3.06567e+01	4.33372e-10
3.06960e+01	4.15847e-10
3.07353e+01	3.99030e-10
3.07746e+01	3.82893e-10
3.08140e+01	3.67407e-10
3.08533e+01	3.52547e-10
3.08926e+01	3.38287e-10
3.09320e+01	3.24603e-10
3.09713e+01	3.11472e-10
3.10106e+01	2.98871e-10
3.10499e+01	2.86780e-10
3.10893e+01	2.75177e-10
3.11286e+01	2.64042e-10
3.11679e+01	2.53357e-10
3.12073e+01	2.43105e-10
3.12466e+01	2.33266e-10
3.12859e+01	2.23825e-10
3.13252e+01	2.14765e-10
3.13646e+01	2.06071e-10
3.14039e+01	1.97729e-10
3.14432e+01	1.89724e-10
3.14826e+01	1.82043e-10
3.15219e+01	1.74672e-10
3.15612e+01	1.67599e-10
3.16005e+01	1.60812e-10
3.16399e+01	1.54299e-10
3.16792e+01	1.48050e-10
3.17185e+01	1.42054e-10
3.17579e+01	1.36300e-10
3.17972e+01	1.30779e-10
3.18365e+01	1.25481e-10
3.18758e+01	1.20398e-10
3.19152e+01	1.15520e-10
3.19545e+01	1.10840e-10
3.19938e+01	1.06349e-10
3.20332e+01	1.02039e-10
3.20725e+01	9.79047e-11
3.21118e+01	9.39375e-11
3.21511e+01	9.01309e-11
3.21905e+01	8.64785e-11
3.22298e+01	8.29741e-11
3.22691e+01	7.96116e-11
3.23085e+01	7.63852e-11
3.23478e+01	7.32896e-11
3.23871e+01	7.03194e-11
3.24264e+01	6.74694e-11
3.24658e+01	6.47350e-11
3.25051e+01	6.21113e-11
3.25444e+01	5.95939e-11
3.25838e+01	5.71784e-11
3.26231e+01	5.48608e-11
3.26624e+01	5.26372e-11
3.27017e+01	5.05036e-11
3.27411e+01	4.84565e-11
3.27804e+01	4.64923e-11
3.28197e+01	4.46077e-11
3.28591e+01	4.27995e-11
3.28984e+01	4.10645e-11
3.29377e+01	3.93999e-11
3.29770e+01	3.78027e-11
3.30164e+01	3.62702e-11
3.30557e+01	3.47999e-11
3.30950e+01	3.33891e-11
3.31344e+01	3.20356e-11
3.31737e+01	3.07369e-11
3.32130e+01	2.94908e-11
3.32523e+01	2.82952e-11
3.32917e+01	2.71481e-11
3.33310e+01	2.60476e-11
3.33703e+01	2.49916e-11
3.34097e+01	2.39784e-11
3.34490e+01	2.30063e-11
3.34883e+01	2.20737e-11
3.35276e+01	2.11788e-11
3.35670e+01	2.03202e-11
3.36063e+01	1.94965e-11
3.36456e+01	1.87061e-11
3.36850e+01	1.79478e-11
3.37243e+01	1.72203e-11
3.37636e+01	1.65223e-11
3.38029e+01	1.58526e-11
3.38423e+01	1.52100e-11
3.38816e+01	1.45936e-11
3.39209e+01	1.40021e-11
3.39603e+01	1.34347e-11
3.39996e+01	1.28902e-11
3.40389e+01	1.23679e-11
3.40782e+01	1.18669e-11
3.41176e+01	1.13861e-11
3.41569e+01	1.09249e-11
3.41962e+01	1.04824e-11
3.42356e+01	1.00578e-11
3.42749e+01	9.65049e-12
3.43142e+01	9.25969e-12
3.43535e+01	8.88476e-12
3.43929e+01	8.52503e-12
3.44322e+01	8.17990e-12
3.44715e+01	7.84877e-12
3.45109e+01	7.53108e-12
3.45502e+01	7.22626e-12
3.45895e+01	6.93382e-12
3.46288e+01	6.65323e-12
3.46682e+01	6.38401e-12
3.47075e+01	6.12572e-12
3.47468e+01	5.87789e-12
3.47862e+01	5.64011e-12
3.48255e+01	5.41197e-12
3.48648e+01	5.19308e-12
3.49041e+01	4.98305e-12
3.49435e+01	4.78153e-12
3.49828e+01	4.58817e-12
3.50221e+01	4.40264e-12
3.50615e+01	4.22463e-12
3.51008e+01	4.05382e-12
3.51401e+01	3.88992e-12
3.51794e+01	3.73266e-12
3.52188e+01	3.58177e-12
3.52581e+01	3.43698e-12
3.52974e+01	3.29805e-12
3.53368e+01	3.16475e-12
3.53761e+01	3.03683e-12
3.54154e+01	2.91410e-12
3.54547e+01	2.79632e-12
3.54941e+01	2.68332e-12
3.55334e+01	2.57488e-12
3.55727e+01	2.47083e-12
3.56121e+01	2.37098e-12
3.56514e+01	2.27518e-12
3.56907e+01	2.18325e-12
3.57300e+01	2.09503e-12
3.57694e+01	2.01039e-12
3.58087e+01	1.92916e-12
3.58480e+01	1.85122e-12
3.58874e+01	1.77642e-12
3.59267e+01	1.70465e-12
3.59660e+01	1.63578e-12
3.60053e+01	1.56970e-12
3.60447e+01	1.50628e-12
3.60840e+01	1.44543e-12
3.61233e+01	1.38704e-12
3.61627e+01	1.33102e-12
3.62020e+01	1.27725e-12
3.62413e+01	1.22566e-12
3.62807e+01	1.17615e-12
3.63200e+01	1.12864e-12
3.63593e+01	1.08304e-12
3.63986e+01	1.03928e-12
3.64380e+01	9.97276e-13
3.64773e+01	9.56966e-13
3.65166e+01	9.18276e-13
3.65560e+01	8.81140e-13
3.65953e+01	8.45495e-13
3.66346e+01	8.11280e-13
3.66739e+01	7.78435e-13
3.67133e+01	7.46905e-13
3.67526e+01	7.16637e-13
3.67919e+01	6.87578e-13
3.68313e+01	6.59678e-13
3.68706e+01	6.32891e-13
3.69099e+01	6.07170e-13
3.69492e+01	5.82473e-13
3.69886e+01	5.58756e-13
3.70279e+01	5.35979e-13
3.70672e+01	5.14104e-13
3.71066e+01	4.93094e-13
3.71459e+01	4.72912e-13
3.71852e+01	4.53526e-13
3.72245e+01	4.34901e-13
3.72639e+01	4.17008e-13
3.73032e+01	3.99814e-13
3.73425e+01	3.83291e-13
3.73819e+01	3.67411e-13
3.74212e+01	3.52148e-13
3.74605e+01	3.37475e-13
3.74998e+01	3.23367e-13
3.75392e+01	3.09801e-13
3.75785e+01	2.96754e-13
3.76178e+01	2.84204e-13
3.76572e+01	2.72130e-13
3.76965e+01	2.60512e-13
3.77358e+01	2.49330e-13
3.77751e+01	2.38565e-13
3.78145e+01	2.28199e-13
3.78538e+01	2.18216e-13
3.78931e+01	2.08598e-13
3.79325e+01	1.99330e-13
3.79718e+01	1.90395e-13
3.80111e+01	1.81780e-13
3.80504e+01	1.73470e-13
3.80898e+01	1.65452e-13
3.81291e+01	1.57711e-13
3.81684e+01	1.50236e-13
3.82078e+01	1.43014e-13
3.82471e+01	1.36033e-13
3.82864e+01	1.29283e-13
3.83257e+01	1.22751e-13
3.83651e+01	1.16428e-13
3.84044e+01	1.10304e-13
3.84437e+01	1.04368e-13
3.84831e+01	9.86119e-14
3.85224e+01	9.30257e-14
3.85617e+01	8.76009e-14
3.86010e+01	8.23289e-14
3.86404e+01	7.72015e-14
3.86797e+01	7.22108e-14
3.87190e+01	6.73492e-14
3.87584e+01	6.26094e-14
3.87977e+01	5.79844e-14
3.88370e+01	5.34673e-14
3.88763e+01	4.90516e-14
3.89157e+01	4.47312e-14
3.89550e+01	4.04999e-14
3.89943e+01	3.63520e-14
3.90337e+01	3.22820e-14
3.90730e+01	2.82847e-14
3.91123e+01	2.43550e-14
3.91516e+01	2.04881e-14
3.91910e+01	1.66796e-14
3.92303e+01	1.29252e-14
3.92696e+01	9.22107e-15
3.93090e+01	5.56336e-15
