# The ell = 0 distribution, the isotropy.
# E_N [Td]	2.00000e+02
# col_1: Electron Energy [eV], col_2: f0 [eV^(-3/2)]
eV	f0
5.00501e-02	4.81682e-02
1.50150e-01	4.81083e-02
2.50250e-01	4.80511e-02
3.50350e-01	4.79931e-02
4.50450e-01	4.79322e-02
5.50551e-01	4.78673e-02
6.50651e-01	4.77971e-02
7.50751e-01	4.77207e-02
8.50851e-01	4.76370e-02
9.50951e-01	4.75451e-02
1.05105e+00	4.74442e-02
1.15115e+00	4.73352e-02
1.25125e+00	4.72181e-02
1.35135e+00	4.70928e-02
1.45145e+00	4.69598e-02
1.55155e+00	4.68192e-02
1.65165e+00	4.66706e-02
1.75175e+00	4.65150e-02
1.85185e+00	4.63531e-02
1.95195e+00	4.61850e-02
2.05205e+00	4.60106e-02
2.15215e+00	4.58295e-02
2.25225e+00	4.56416e-02
2.35235e+00	4.54472e-02
2.45245e+00	4.52464e-02
2.55255e+00	4.50393e-02
2.65265e+00	4.48258e-02
2.75275e+00	4.46063e-02
2.85285e+00	4.43809e-02
2.95295e+00	4.41499e-02
3.05305e+00	4.39137e-02
3.15315e+00	4.36725e-02
3.25325e+00	4.34267e-02
3.35335e+00	4.31764e-02
3.45345e+00	4.29221e-02
3.55355e+00	4.26638e-02
3.65365e+00	4.24018e-02
3.75375e+00	4.21365e-02
3.85385e+00	4.18678e-02
3.95395e+00	4.15962e-02
4.05405e+00	4.13214e-02
4.15415e+00	4.10425e-02
4.25425e+00	4.07596e-02
4.35435e+00	4.04728e-02
4.45445e+00	4.01822e-02
4.55455e+00	3.98880e-02
4.65465e+00	3.95902e-02
4.75475e+00	3.92890e-02
4.85485e+00	3.89844e-02
4.95495e+00	3.86767e-02
5.05506e+00	3.83657e-02
5.15516e+00	3.80514e-02
5.25526e+00	3.77336e-02
5.35536e+00	3.74127e-02
5.45546e+00	3.70885e-02
5.55556e+00	3.67611e-02
5.65566e+00	3.64307e-02
5.75576e+00	3.60972e-02
5.85586e+00	3.57607e-02
5.95596e+00	3.54213e-02
6.05606e+00	3.50791e-02
6.15616e+00	3.47343e-02
6.25626e+00	3.43871e-02
6.35636e+00	3.40374e-02
6.45646e+00	3.36854e-02
6.55656e+00	3.33310e-02
6.65666e+00	3.29744e-02
6.75676e+00	3.26155e-02
6.85686e+00	3.22545e-02
6.95696e+00	3.18913e-02
7.05706e+00	3.15264e-02
7.15716e+00	3.11601e-02
7.25726e+00	3.07926e-02
7.35736e+00	3.04242e-02
7.45746e+00	3.00548e-02
7.55756e+00	2.96844e-02
7.65766e+00	2.93132e-02
7.75776e+00	2.89411e-02
7.85786e+00	2.85683e-02
7.95796e+00	2.81947e-02
8.05806e+00	2.78203e-02
8.15816e+00	2.74454e-02
8.25826e+00	2.70698e-02
8.35836e+00	2.66936e-02
8.45846e+00	2.63168e-02
8.55856e+00	2.59396e-02
8.65866e+00	2.55619e-02
8.75876e+00	2.51837e-02
8.85886e+00	2.48051e-02
8.95896e+00	2.44262e-02
9.05906e+00	2.40470e-02
9.15916e+00	2.36678e-02
9.25926e+00	2.32884e-02
9.35936e+00	2.29090e-02
9.45946e+00	2.25296e-02
9.55956e+00	2.21502e-02
9.65966e+00	2.17708e-02
9.75976e+00	2.13915e-02
9.85986e+00	2.10124e-02
9.95996e+00	2.06336e-02
1.00601e+01	2.02549e-02
1.01602e+01	1.98780e-02
1.02603e+01	1.95032e-02
1.03604e+01	1.91304e-02
1.04605e+01	1.87597e-02
1.05606e+01	1.83910e-02
1.06607e+01	1.80243e-02
1.07608e+01	1.76612e-02
1.08609e+01	1.73018e-02
1.09610e+01	1.69458e-02
1.10611e+01	1.65934e-02
1.11612e+01	1.62444e-02
1.12613e+01	1.58987e-02
1.13614e+01	1.55563e-02
1.14615e+01	1.52171e-02
1.15616e+01	1.48810e-02
1.16617e+01	1.45477e-02
1.17618e+01	1.42180e-02
1.18619e+01	1.38917e-02
1.19620e+01	1.35696e-02
1.20621e+01	1.32511e-02
1.21622e+01	1.29361e-02
1.22623e+01	1.26246e-02
1.23624e+01	1.23166e-02
1.24625e+01	1.20123e-02
1.25626e+01	1.17117e-02
1.26627e+01	1.14154e-02
1.27628e+01	1.11241e-02
1.28629e+01	1.08377e-02
1.29630e+01	1.05562e-02
1.30631e+01	1.02788e-02
1.31632e+01	1.00072e-02
1.32633e+01	9.73987e-03
1.33634e+01	9.47700e-03
1.34635e+01	9.21788e-03
1.35636e+01	8.96259e-03
1.36637e+01	8.71119e-03
1.37638e+01	8.46373e-03
1.38639e+01	8.22022e-03
1.39640e+01	7.98064e-03
1.40641e+01	7.74505e-03
1.41642e+01	7.51363e-03
1.42643e+01	7.28653e-03
1.43644e+01	7.06381e-03
1.44645e+01	6.84556e-03
1.45646e+01	6.63187e-03
1.46647e+01	6.42279e-03
1.47648e+01	6.21837e-03
1.48649e+01	6.01864e-03
1.49650e+01	5.82362e-03
1.50651e+01	5.63334e-03
1.51652e+01	5.44780e-03
1.52653e+01	5.26693e-03
1.53654e+01	5.09067e-03
1.54655e+01	4.91892e-03
1.55656e+01	4.75162e-03
1.56657e+01	4.58868e-03
1.57658e+01	4.43002e-03
1.58659e+01	4.27547e-03
1.59660e+01	4.12500e-03
1.60661e+01	3.97864e-03
1.61662e+01	3.83642e-03
1.62663e+01	3.69827e-03
1.63664e+01	3.56417e-03
1.64665e+01	3.43406e-03
1.65666e+01	3.30787e-03
1.66667e+01	3.18556e-03
1.67668e+01	3.06705e-03
1.68669e+01	2.95229e-03
1.69670e+01	2.84123e-03
1.70671e+01	2.73378e-03
1.71672e+01	2.62990e-03
1.72673e+01	2.52950e-03
1.73674e+01	2.43252e-03
1.74675e+01	2.33886e-03
1.75676e+01	2.24846e-03
1.76677e+01	2.16123e-03
1.77678e+01	2.07710e-03
1.78679e+01	1.99598e-03
1.79680e+01	1.91777e-03
1.80681e+01	1.84240e-03
1.81682e+01	1.76978e-03
1.82683e+01	1.69982e-03
1.83684e+01	1.63242e-03
1.84685e+01	1.56751e-03
1.85686e+01	1.50501e-03
1.86687e+01	1.44484e-03
1.87688e+01	1.38694e-03
1.88689e+01	1.33123e-03
1.89690e+01	1.27764e-03
1.90691e+01	1.22612e-03
1.91692e+01	1.17660e-03
1.92693e+01	1.12902e-03
1.93694e+01	1.08330e-03
1.94695e+01	1.03939e-03
1.95696e+01	9.97221e-04
1.96697e+01	9.56738e-04
1.97698e+01	9.17882e-04
1.98699e+01	8.80597e-04
1.99700e+01	8.44809e-04
2.00701e+01	8.10412e-04
2.01702e+01	7.77358e-04
2.02703e+01	7.45600e-04
2.03704e+01	7.15093e-04
2.04705e+01	6.85793e-04
2.05706e+01	6.57657e-04
2.06707e+01	6.30647e-04
2.07708e+01	6.04711e-04
2.08709e+01	5.79809e-04
2.09710e+01	5.55901e-04
2.10711e+01	5.32950e-04
2.11712e+01	5.10922e-04
2.12713e+01	4.89779e-04
2.13714e+01	4.69490e-04
2.14715e+01	4.50020e-04
2.15716e+01	4.31337e-04
2.16717e+01	4.13412e-04
2.17718e+01	3.96215e-04
2.18719e+01	3.79718e-04
2.19720e+01	3.63896e-04
2.20721e+01	3.48723e-04
2.21722e+01	3.34177e-04
2.22723e+01	3.20233e-04
2.23724e+01	3.06866e-04
2.24725e+01	2.94051e-04
2.25726e+01	2.81767e-04
2.26727e+01	2.69991e-04
2.27728e+01	2.58703e-04
2.28729e+01	2.47883e-04
2.29730e+01	2.37512e-04
2.30731e+01	2.27573e-04
2.31732e+01	2.18049e-04
2.32733e+01	2.08922e-04
2.33734e+01	2.00176e-04
2.34735e+01	1.91797e-04
2.35736e+01	1.83768e-04
2.36737e+01	1.76075e-04
2.37738e+01	1.68705e-04
2.38739e+01	1.61644e-04
2.39740e+01	1.54879e-04
2.40741e+01	1.48399e-04
2.41742e+01	1.42192e-04
2.42743e+01	1.36246e-04
2.43744e+01	1.30551e-04
2.44745e+01	1.25096e-04
2.45746e+01	1.19873e-04
2.46747e+01	1.14871e-04
2.47748e+01	1.10081e-04
2.48749e+01	1.05493e-04
2.49750e+01	1.01099e-04
2.50751e+01	9.68900e-05
2.51752e+01	9.28601e-05
2.52753e+01	8.89987e-05
2.53754e+01	8.52978e-05
2.54755e+01	8.17507e-05
2.55756e+01	7.83505e-05
2.56757e+01	7.50913e-05
2.57758e+01	7.19670e-05
2.58759e+01	6.89722e-05
2.59760e+01	6.61017e-05
2.60761e+01	6.33508e-05
2.61762e+01	6.07147e-05
2.62763e+01	5.81887e-05
2.63764e+01	5.57682e-05
2.64765e+01	5.34487e-05
2.65766e+01	5.12259e-05
2.66767e+01	4.90960e-05
2.67768e+01	4.70549e-05
2.68769e+01	4.50989e-05
2.69770e+01	4.32245e-05
2.70771e+01	4.14282e-05
2.71772e+01	3.97069e-05
2.72773e+01	3.80573e-05
2.73774e+01	3.64764e-05
2.74775e+01	3.49615e-05
2.75776e+01	3.35097e-05
2.76777e+01	3.21184e-05
2.77778e+01	3.07851e-05
2.78779e+01	2.95074e-05
2.79780e+01	2.82829e-05
2.80781e+01	2.71094e-05
2.81782e+01	2.59848e-05
2.82783e+01	2.49070e-05
2.83784e+01	2.38742e-05
2.84785e+01	2.28844e-05
2.85786e+01	2.19359e-05
2.86787e+01	2.10270e-05
2.87788e+01	2.01561e-05
2.88789e+01	1.93216e-05
2.89790e+01	1.85220e-05
2.90791e+01	1.77558e-05
2.91792e+01	1.70217e-05
2.92793e+01	1.63184e-05
2.93794e+01	1.56446e-05
2.94795e+01	1.49991e-05
2.95796e+01	1.43807e-05
2.96797e+01	1.37882e-05
2.97798e+01	1.32206e-05
2.98799e+01	1.26768e-05
2.99800e+01	1.21560e-05
3.00801e+01	1.16570e-05
3.01802e+01	1.11789e-05
3.02803e+01	1.07205e-05
3.03804e+01	1.02810e-05
3.04805e+01	9.85960e-06
3.05806e+01	9.45556e-06
3.06807e+01	9.06814e-06
3.07808e+01	8.69665e-06
3.08809e+01	8.34043e-06
3.09810e+01	7.99885e-06
3.10811e+01	7.67130e-06
3.11812e+01	7.35720e-06
3.12813e+01	7.05600e-06
3.13814e+01	6.76715e-06
3.14815e+01	6.49016e-06
3.15816e+01	6.22454e-06
3.16817e+01	5.96981e-06
3.17818e+01	5.72554e-06
3.18819e+01	5.49129e-06
3.19820e+01	5.26664e-06
3.20821e+01	5.05121e-06
3.21822e+01	4.84463e-06
3.22823e+01	4.64652e-06
3.23824e+01	4.45655e-06
3.24825e+01	4.27437e-06
3.25826e+01	4.09967e-06
3.26827e+01	3.93213e-06
3.27828e+01	3.77147e-06
3.28829e+01	3.61739e-06
3.29830e+01	3.46963e-06
3.30831e+01	3.32793e-06
3.31832e+01	3.19205e-06
3.32833e+01	3.06173e-06
3.33834e+01	2.93676e-06
3.34835e+01	2.81691e-06
3.35836e+01	2.70197e-06
3.36837e+01	2.59175e-06
3.37838e+01	2.48605e-06
3.38839e+01	2.38468e-06
3.39840e+01	2.28748e-06
3.40841e+01	2.19426e-06
3.41842e+01	2.10488e-06
3.42843e+01	2.01917e-06
3.43844e+01	1.93698e-06
3.44845e+01	1.85816e-06
3.45846e+01	1.78258e-06
3.46847e+01	1.71010e-06
3.47848e+01	1.64060e-06
3.48849e+01	1.57395e-06
3.49850e+01	1.51002e-06
3.50851e+01	1.44872e-06
3.51852e+01	1.38993e-06
3.52853e+01	1.33355e-06
3.53854e+01	1.27947e-06
3.54855e+01	1.22761e-06
3.55856e+01	1.17788e-06
3.56857e+01	1.13018e-06
3.57858e+01	1.08443e-06
3.58859e+01	1.04056e-06
3.59860e+01	9.98486e-07
3.60861e+01	9.58138e-07
3.61862e+01	9.19450e-07
3.62863e+01	8.82353e-07
3.63864e+01	8.46781e-07
3.64865e+01	8.12670e-07
3.65866e+01	7.79959e-07
3.66867e+01	7.48589e-07
3.67868e+01	7.18506e-07
3.68869e+01	6.89655e-07
3.69870e+01	6.61986e-07
3.70871e+01	6.35449e-07
3.71872e+01	6.09997e-07
3.72873e+01	5.85586e-07
3.73874e+01	5.62174e-07
3.74875e+01	5.39718e-07
3.75876e+01	5.18179e-07
3.76877e+01	4.97519e-07
3.77878e+01	4.77702e-07
3.78879e+01	4.58692e-07
3.79880e+01	4.40456e-07
3.80881e+01	4.22963e-07
3.81882e+01	4.06182e-07
3.82883e+01	3.90084e-07
3.83884e+01	3.74641e-07
3.84885e+01	3.59827e-07
3.85886e+01	3.45616e-07
3.86887e+01	3.31984e-07
3.87888e+01	3.18907e-07
3.88889e+01	3.06360e-07
3.89890e+01	2.94324e-07
3.90891e+01	2.82776e-07
3.91892e+01	2.71697e-07
3.92893e+01	2.61067e-07
3.93894e+01	2.50868e-07
3.94895e+01	2.41082e-07
3.95896e+01	2.31693e-07
3.96897e+01	2.22685e-07
3.97898e+01	2.14041e-07
3.98899e+01	2.05748e-07
3.99900e+01	1.97791e-07
4.00901e+01	1.90151e-07
4.01902e+01	1.82814e-07
4.02903e+01	1.75768e-07
4.03904e+01	1.68999e-07
4.04905e+01	1.62498e-07
4.05906e+01	1.56252e-07
4.06907e+01	1.50252e-07
4.07908e+01	1.44488e-07
4.08909e+01	1.38950e-07
4.09910e+01	1.33628e-07
4.10911e+01	1.28515e-07
4.11912e+01	1.23602e-07
4.12913e+01	1.18880e-07
4.13914e+01	1.14342e-07
4.14915e+01	1.09982e-07
4.15916e+01	1.05790e-07
4.16917e+01	1.01762e-07
4.17918e+01	9.78896e-08
4.18919e+01	9.41677e-08
4.19920e+01	9.05899e-08
4.20921e+01	8.71506e-08
4.21922e+01	8.38444e-08
4.22923e+01	8.06659e-08
4.23924e+01	7.76101e-08
4.24925e+01	7.46721e-08
4.25926e+01	7.18474e-08
4.26927e+01	6.91315e-08
4.27928e+01	6.65202e-08
4.28929e+01	6.40093e-08
4.29930e+01	6.15950e-08
4.30931e+01	5.92734e-08
4.31932e+01	5.70410e-08
4.32933e+01	5.48943e-08
4.33934e+01	5.28299e-08
4.34935e+01	5.08445e-08
4.35936e+01	4.89351e-08
4.36937e+01	4.70988e-08
4.37938e+01	4.53327e-08
4.38939e+01	4.36341e-08
4.39940e+01	4.20003e-08
4.40941e+01	4.04288e-08
4.41942e+01	3.89172e-08
4.42943e+01	3.74632e-08
4.43944e+01	3.60645e-08
4.44945e+01	3.47190e-08
4.45946e+01	3.34247e-08
4.46947e+01	3.21795e-08
4.47948e+01	3.09816e-08
4.48949e+01	2.98290e-08
4.49950e+01	2.87202e-08
4.50951e+01	2.76533e-08
4.51952e+01	2.66268e-08
4.52953e+01	2.56391e-08
4.53954e+01	2.46887e-08
4.54955e+01	2.37742e-08
4.55956e+01	2.28942e-08
4.56957e+01	2.20474e-08
4.57958e+01	2.12325e-08
4.58959e+01	2.04483e-08
4.59960e+01	1.96937e-08
4.60961e+01	1.89676e-08
4.61962e+01	1.82688e-08
4.62963e+01	1.75963e-08
4.63964e+01	1.69491e-08
4.64965e+01	1.63262e-08
4.65966e+01	1.57267e-08
4.66967e+01	1.51497e-08
4.67968e+01	1.45943e-08
4.68969e+01	1.40597e-08
4.69970e+01	1.35451e-08
4.70971e+01	1.30498e-08
4.71972e+01	1.25730e-08
4.72973e+01	1.21139e-08
4.73974e+01	1.16721e-08
4.74975e+01	1.12466e-08
4.75976e+01	1.08371e-08
4.76977e+01	1.04427e-08
4.77978e+01	1.00631e-08
4.78979e+01	9.69752e-09
4.79980e+01	9.34555e-09
4.80981e+01	9.00665e-09
4.81982e+01	8.68031e-09
4.82983e+01	8.36608e-09
4.83984e+01	8.06348e-09
4.84985e+01	7.77208e-09
4.85986e+01	7.49146e-09
4.86987e+01	7.22121e-09
4.87988e+01	6.96094e-09
4.88989e+01	6.71028e-09
4.89990e+01	6.46887e-09
4.90991e+01	6.23636e-09
4.91992e+01	6.01241e-09
4.92993e+01	5.79671e-09
4.93994e+01	5.58895e-09
4.94995e+01	5.38882e-09
4.95996e+01	5.19603e-09
4.96997e+01	5.01029e-09
4.97998e+01	4.83136e-09
4.98999e+01	4.65896e-09
5.00000e+01	4.49287e-09
5.01001e+01	4.33284e-09
5.02002e+01	4.17866e-09
5.03003e+01	4.03009e-09
5.04004e+01	3.88693e-09
5.05005e+01	3.74894e-09
5.06006e+01	3.61595e-09
5.07007e+01	3.48777e-09
5.08008e+01	3.36421e-09
5.09009e+01	3.24511e-09
5.10010e+01	3.13031e-09
5.11011e+01	3.01964e-09
5.12012e+01	2.91295e-09
5.13013e+01	2.81010e-09
5.14014e+01	2.71095e-09
5.15015e+01	2.61535e-09
5.16016e+01	2.52319e-09
5.17017e+01	2.43433e-09
5.18018e+01	2.34865e-09
5.19019e+01	2.26603e-09
5.20020e+01	2.18637e-09
5.21021e+01	2.10955e-09
5.22022e+01	2.03547e-09
5.23023e+01	1.96403e-09
5.24024e+01	1.89514e-09
5.25025e+01	1.82870e-09
5.26026e+01	1.76463e-09
5.27027e+01	1.70284e-09
5.28028e+01	1.64324e-09
5.29029e+01	1.58577e-09
5.30030e+01	1.53033e-09
5.31031e+01	1.47686e-09
5.32032e+01	1.42529e-09
5.33033e+01	1.37555e-09
5.34034e+01	1.32757e-09
5.35035e+01	1.28129e-09
5.36036e+01	1.23665e-09
5.37037e+01	1.19359e-09
5.38038e+01	1.15205e-09
5.39039e+01	1.11199e-09
5.40040e+01	1.07333e-09
5.41041e+01	1.03604e-09
5.42042e+01	1.00007e-09
5.43043e+01	9.65368e-10
5.44044e+01	9.31887e-10
5.45045e+01	8.99587e-10
5.46046e+01	8.68424e-10
5.47047e+01	8.38357e-10
5.48048e+01	8.09348e-10
5.49049e+01	7.81359e-10
5.50050e+01	7.54354e-10
5.51051e+01	7.28297e-10
5.52052e+01	7.03154e-10
5.53053e+01	6.78893e-10
5.54054e+01	6.55483e-10
5.55055e+01	6.32893e-10
5.56056e+01	6.11095e-10
5.57057e+01	5.90059e-10
5.58058e+01	5.69760e-10
5.59059e+01	5.50171e-10
5.60060e+01	5.31267e-10
5.61061e+01	5.13023e-10
5.62062e+01	4.95417e-10
5.63063e+01	4.78425e-10
5.64064e+01	4.62026e-10
5.65065e+01	4.46199e-10
5.66066e+01	4.30923e-10
5.67067e+01	4.16179e-10
5.68068e+01	4.01949e-10
5.69069e+01	3.88214e-10
5.70070e+01	3.74956e-10
5.71071e+01	3.62158e-10
5.72072e+01	3.49806e-10
5.73073e+01	3.37882e-10
5.74074e+01	3.26372e-10
5.75075e+01	3.15260e-10
5.76076e+01	3.04534e-10
5.77077e+01	2.94180e-10
5.78078e+01	2.84184e-10
5.79079e+01	2.74534e-10
5.80080e+01	2.65217e-10
5.81081e+01	2.56223e-10
5.82082e+01	2.47539e-10
5.83083e+01	2.39155e-10
5.84084e+01	2.31060e-10
5.85085e+01	2.23244e-10
5.86086e+01	2.15698e-10
5.87087e+01	2.08412e-10
5.88088e+01	2.01376e-10
5.89089e+01	1.94583e-10
5.90090e+01	1.88023e-10
5.91091e+01	1.81689e-10
5.92092e+01	1.75573e-10
5.93093e+01	1.69667e-10
5.94094e+01	1.63963e-10
5.95095e+01	1.58455e-10
5.96096e+01	1.53136e-10
5.97097e+01	1.48000e-10
5.98098e+01	1.43039e-10
5.99099e+01	1.38249e-10
6.00100e+01	1.33622e-10
6.01101e+01	1.29153e-10
6.02102e+01	1.24836e-10
6.03103e+01	1.20665e-10
6.04104e+01	1.16636e-10
6.05105e+01	1.12743e-10
6.06106e+01	1.08982e-10
6.07107e+01	1.05349e-10
6.08108e+01	1.01839e-10
6.09109e+01	9.84467e-11
6.10110e+01	9.51696e-11
6.11111e+01	9.20031e-11
6.12112e+01	8.89435e-11
6.13113e+01	8.59871e-11
6.14114e+01	8.31303e-11
6.15115e+01	8.03698e-11
6.16116e+01	7.77023e-11
6.17117e+01	7.51246e-11
6.18118e+01	7.26336e-11
6.19119e+01	7.02263e-11
6.20120e+01	6.78999e-11
6.21121e+01	6.56517e-11
6.22122e+01	6.34790e-11
6.23123e+01	6.13791e-11
6.24124e+01	5.93497e-11
6.25125e+01	5.73883e-11
6.26126e+01	5.54927e-11
6.27127e+01	5.36605e-11
6.28128e+01	5.18897e-11
6.29129e+01	5.01781e-11
6.30130e+01	4.85238e-11
6.31131e+01	4.69247e-11
6.32132e+01	4.53791e-11
6.33133e+01	4.38851e-11
6.34134e+01	4.24410e-11
6.35135e+01	4.10451e-11
6.36136e+01	3.96957e-11
6.37137e+01	3.83914e-11
6.38138e+01	3.71305e-11
6.39139e+01	3.59116e-11
6.40140e+01	3.47333e-11
6.41141e+01	3.35942e-11
6.42142e+01	3.24931e-11
6.43143e+01	3.14285e-11
6.44144e+01	3.03994e-11
6.45145e+01	2.94046e-11
6.46146e+01	2.84429e-11
6.47147e+01	2.75132e-11
6.48148e+01	2.66143e-11
6.49149e+01	2.57454e-11
6.50150e+01	2.49053e-11
6.51151e+01	2.40931e-11
6.52152e+01	2.33078e-11
6.53153e+01	2.25485e-11
6.54154e+01	2.18144e-11
6.55155e+01	2.11046e-11
6.56156e+01	2.04183e-11
6.57157e+01	1.97547e-11
6.58158e+01	1.91131e-11
6.59159e+01	1.84926e-11
6.60160e+01	1.78926e-11
6.61161e+01	1.73124e-11
6.62162e+01	1.67514e-11
6.63163e+01	1.62088e-11
6.64164e+01	1.56842e-11
6.65165e+01	1.51768e-11
6.66166e+01	1.46861e-11
6.67167e+01	1.42115e-11
6.68168e+01	1.37526e-11
6.69169e+01	1.33087e-11
6.70170e+01	1.28794e-11
6.71171e+01	1.24642e-11
6.72172e+01	1.20627e-11
6.73173e+01	1.16743e-11
6.74174e+01	1.12986e-11
6.75175e+01	1.09352e-11
6.76176e+01	1.05838e-11
6.77177e+01	1.02438e-11
6.78178e+01	9.91499e-12
6.79179e+01	9.59691e-12
6.80180e+01	9.28923e-12
6.81181e+01	8.99160e-12
6.82182e+01	8.70370e-12
6.83183e+01	8.42519e-12
6.84184e+01	8.15578e-12
6.85185e+01	7.89516e-12
6.86186e+01	7.64303e-12
6.87187e+01	7.39913e-12
6.88188e+01	7.16318e-12
6.89189e+01	6.93492e-12
6.90190e+01	6.71409e-12
6.91191e+01	6.50044e-12
6.92192e+01	6.29373e-12
6.93193e+01	6.09374e-12
6.94194e+01	5.90023e-12
6.95195e+01	5.71301e-12
6.96196e+01	5.53185e-12
6.97197e+01	5.35658e-12
6.98198e+01	5.18699e-12
6.99199e+01	5.02289e-12
7.00200e+01	4.86412e-12
7.01201e+01	4.71049e-12
7.02202e+01	4.56185e-12
7.03203e+01	4.41798e-12
7.04204e+01	4.27872e-12
7.05205e+01	4.14392e-12
7.06206e+01	4.01342e-12
7.07207e+01	3.88709e-12
7.08208e+01	3.76479e-12
7.09209e+01	3.64640e-12
7.10210e+01	3.53178e-12
7.11211e+01	3.42082e-12
7.12212e+01	3.31339e-12
7.13213e+01	3.20937e-12
7.14214e+01	3.10867e-12
7.15215e+01	3.01117e-12
7.16216e+01	2.91676e-12
7.17217e+01	2.82535e-12
7.18218e+01	2.73684e-12
7.19219e+01	2.65113e-12
7.20220e+01	2.56814e-12
7.21221e+01	2.48778e-12
7.22222e+01	2.40997e-12
7.23223e+01	2.33461e-12
7.24224e+01	2.26164e-12
7.25225e+01	2.19097e-12
7.26226e+01	2.12254e-12
7.27227e+01	2.05627e-12
7.28228e+01	1.99209e-12
7.29229e+01	1.92993e-12
7.30230e+01	1.86973e-12
7.31231e+01	1.81143e-12
7.32232e+01	1.75497e-12
7.33233e+01	1.70029e-12
7.34234e+01	1.64733e-12
7.35235e+01	1.59603e-12
7.36236e+01	1.54635e-12
7.37237e+01	1.49823e-12
7.38238e+01	1.45162e-12
7.39239e+01	1.40648e-12
7.40240e+01	1.36276e-12
7.41241e+01	1.32040e-12
7.42242e+01	1.27938e-12
7.43243e+01	1.23964e-12
7.44244e+01	1.20115e-12
7.45245e+01	1.16387e-12
7.46246e+01	1.12775e-12
7.47247e+01	1.09277e-12
7.48248e+01	1.05888e-12
7.49249e+01	1.02605e-12
7.50250e+01	9.94252e-13
7.51251e+01	9.63446e-13
7.52252e+01	9.33603e-13
7.53253e+01	9.04693e-13
7.54254e+01	8.76687e-13
7.55255e+01	8.49555e-13
7.56256e+01	8.23271e-13
7.57257e+01	7.97807e-13
7.58258e+01	7.73137e-13
7.59259e+01	7.49238e-13
7.60260e+01	7.26083e-13
7.61261e+01	7.03651e-13
7.62262e+01	6.81918e-13
7.63263e+01	6.60862e-13
7.64264e+01	6.40462e-13
7.65265e+01	6.20697e-13
7.66266e+01	6.01548e-13
7.67267e+01	5.82994e-13
7.68268e+01	5.65018e-13
7.69269e+01	5.47600e-13
7.70270e+01	5.30725e-13
7.71271e+01	5.14374e-13
7.72272e+01	4.98531e-13
7.73273e+01	4.83180e-13
7.74274e+01	4.68306e-13
7.75275e+01	4.53894e-13
7.76276e+01	4.39929e-13
7.77277e+01	4.26397e-13
7.78278e+01	4.13286e-13
7.79279e+01	4.00581e-13
7.80280e+01	3.88269e-13
7.81281e+01	3.76340e-13
7.82282e+01	3.64781e-13
7.83283e+01	3.53580e-13
7.84284e+01	3.42726e-13
7.85285e+01	3.32209e-13
7.86286e+01	3.22017e-13
7.87287e+01	3.12142e-13
7.88288e+01	3.02572e-13
7.89289e+01	2.93298e-13
7.90290e+01	2.84312e-13
7.91291e+01	2.75606e-13
7.92292e+01	2.67169e-13
7.93293e+01	2.58995e-13
7.94294e+01	2.51074e-13
7.95295e+01	2.43399e-13
7.96296e+01	2.35962e-13
7.97297e+01	2.28755e-13
7.98298e+01	2.21771e-13
7.99299e+01	2.15004e-13
8.00300e+01	2.08445e-13
8.01301e+01	2.02090e-13
8.02302e+01	1.95931e-13
8.03303e+01	1.89961e-13
8.04304e+01	1.84176e-13
8.05305e+01	1.78570e-13
8.06306e+01	1.73136e-13
8.07307e+01	1.67870e-13
8.08308e+01	1.62766e-13
8.09309e+01	1.57819e-13
8.10310e+01	1.53025e-13
8.11311e+01	1.48378e-13
8.12312e+01	1.43875e-13
8.13313e+01	1.39510e-13
8.14314e+01	1.35279e-13
8.15315e+01	1.31179e-13
8.16316e+01	1.27204e-13
8.17317e+01	1.23352e-13
8.18318e+01	1.19618e-13
8.19319e+01	1.15998e-13
8.20320e+01	1.12490e-13
8.21321e+01	1.09089e-13
8.22322e+01	1.05793e-13
8.23323e+01	1.02597e-13
8.24324e+01	9.94994e-14
8.25325e+01	9.64966e-14
8.26326e+01	9.35857e-14
8.27327e+01	9.07639e-14
8.28328e+01	8.80283e-14
8.29329e+01	8.53763e-14
8.30330e+01	8.28053e-14
8.31331e+01	8.03128e-14
8.32332e+01	7.78964e-14
8.33333e+01	7.55537e-14
8.34334e+01	7.32824e-14
8.35335e+01	7.10804e-14
8.36336e+01	6.89454e-14
8.37337e+01	6.68755e-14
8.38338e+01	6.48685e-14
8.39339e+01	6.29226e-14
8.40340e+01	6.10359e-14
8.41341e+01	5.92066e-14
8.42342e+01	5.74328e-14
8.43343e+01	5.57129e-14
8.44344e+01	5.40452e-14
8.45345e+01	5.24282e-14
8.46346e+01	5.08602e-14
8.47347e+01	4.93397e-14
8.48348e+01	4.78654e-14
8.49349e+01	4.64357e-14
8.50350e+01	4.50493e-14
8.51351e+01	4.37049e-14
8.52352e+01	4.24012e-14
8.53353e+01	4.11370e-14
8.54354e+01	3.99109e-14
8.55355e+01	3.87220e-14
8.56356e+01	3.75689e-14
8.57357e+01	3.64507e-14
8.58358e+01	3.53662e-14
8.59359e+01	3.43145e-14
8.60360e+01	3.32944e-14
8.61361e+01	3.23052e-14
8.62362e+01	3.13457e-14
8.63363e+01	3.04152e-14
8.64364e+01	2.95126e-14
8.65365e+01	2.86372e-14
8.66366e+01	2.77882e-14
8.67367e+01	2.69647e-14
8.68368e+01	2.61659e-14
8.69369e+01	2.53911e-14
8.70370e+01	2.46396e-14
8.71371e+01	2.39106e-14
8.72372e+01	2.32035e-14
8.73373e+01	2.25176e-14
8.74374e+01	2.18522e-14
8.75375e+01	2.12068e-14
8.76376e+01	2.05807e-14
8.77377e+01	1.99734e-14
8.78378e+01	1.93842e-14
8.79379e+01	1.88126e-14
8.80380e+01	1.82581e-14
8.81381e+01	1.77202e-14
8.82382e+01	1.71983e-14
8.83383e+01	1.66920e-14
8.84384e+01	1.62009e-14
8.85385e+01	1.57244e-14
8.86386e+01	1.52621e-14
8.87387e+01	1.48136e-14
8.88388e+01	1.43785e-14
8.89389e+01	1.39563e-14
8.90390e+01	1.35467e-14
8.91391e+01	1.31492e-14
8.92392e+01	1.27636e-14
8.93393e+01	1.23894e-14
8.94394e+01	1.20263e-14
8.95395e+01	1.16740e-14
8.96396e+01	1.13322e-14
8.97397e+01	1.10004e-14
8.98398e+01	1.06785e-14
8.99399e+01	1.03660e-14
9.00400e+01	1.00627e-14
9.01401e+01	9.76827e-15
9.02402e+01	9.48251e-15
9.03403e+01	9.20514e-15
9.04404e+01	8.93588e-15
9.05405e+01	8.67451e-15
9.06406e+01	8.42077e-15
9.07407e+01	8.17444e-15
9.08408e+01	7.93529e-15
9.09409e+01	7.70312e-15
9.10410e+01	7.47769e-15
9.11411e+01	7.25882e-15
9.12412e+01	7.04630e-15
9.13413e+01	6.83994e-15
9.14414e+01	6.63956e-15
9.15415e+01	6.44495e-15
9.16416e+01	6.25597e-15
9.17417e+01	6.07242e-15
9.18418e+01	5.89415e-15
9.19419e+01	5.72100e-15
9.20420e+01	5.55282e-15
9.21421e+01	5.38945e-15
9.22422e+01	5.23075e-15
9.23423e+01	5.07657e-15
9.24424e+01	4.92679e-15
9.25425e+01	4.78126e-15
9.26426e+01	4.63986e-15
9.27427e+01	4.50246e-15
9.28428e+01	4.36895e-15
9.29429e+01	4.23919e-15
9.30430e+01	4.11309e-15
9.31431e+01	3.99052e-15
9.32432e+01	3.87138e-15
9.33433e+01	3.75557e-15
9.34434e+01	3.64298e-15
9.35435e+01	3.53351e-15
9.36436e+01	3.42708e-15
9.37437e+01	3.32358e-15
9.38438e+01	3.22293e-15
9.39439e+01	3.12503e-15
9.40440e+01	3.02981e-15
9.41441e+01	2.93718e-15
9.42442e+01	2.84706e-15
9.43443e+01	2.75938e-15
9.44444e+01	2.67405e-15
9.45445e+01	2.59100e-15
9.46446e+01	2.51016e-15
9.47447e+01	2.43147e-15
9.48448e+01	2.35485e-15
9.49449e+01	2.28024e-15
9.50450e+01	2.20758e-15
9.51451e+01	2.13680e-15
9.52452e+01	2.06785e-15
9.53453e+01	2.00066e-15
9.54454e+01	1.93517e-15
9.55455e+01	1.87135e-15
9.56456e+01	1.80912e-15
9.57457e+01	1.74843e-15
9.58458e+01	1.68925e-15
9.59459e+01	1.63151e-15
9.60460e+01	1.57517e-15
9.61461e+01	1.52018e-15
9.62462e+01	1.46650e-15
9.63463e+01	1.41408e-15
9.64464e+01	1.36288e-15
9.65465e+01	1.31286e-15
9.66466e+01	1.26398e-15
9.67467e+01	1.21620e-15
9.68468e+01	1.16947e-15
9.69469e+01	1.12377e-15
9.70470e+01	1.07906e-15
9.71471e+01	1.03530e-15
9.72472e+01	9.92452e-16
9.73473e+01	9.50490e-16
9.74474e+01	9.09381e-16
9.75475e+01	8.69092e-16
9.76476e+01	8.29593e-16
9.77477e+01	7.90854e-16
9.78478e+01	7.52848e-16
9.79479e+01	7.15546e-16
9.80480e+01	6.78922e-16
9.81481e+01	6.42949e-16
9.82482e+01	6.07603e-16
9.83483e+01	5.72859e-16
9.84484e+01	5.38695e-16
9.85485e+01	5.05087e-16
9.86486e+01	4.72013e-16
9.87487e+01	4.39454e-16
9.88488e+01	4.07389e-16
9.89489e+01	3.75799e-16
9.90490e+01	3.44666e-16
9.91491e+01	3.13972e-16
9.92492e+01	2.83702e-16
9.93493e+01	2.53840e-16
9.94494e+01	2.24371e-16
9.95495e+01	1.95283e-16
9.96496e+01	1.66561e-16
9.97497e+01	1.38191e-16
9.98498e+01	1.10163e-16
9.99499e+01	8.24677e-17
1.00050e+02	5.50969e-17
