# The ell = 0 distribution, the isotropy.
# E_N [Td]	7.00000e+00
# col_1: Electron Energy [eV], col_2: f0 [eV^(-3/2)]
eV	f0
9.44075e-03	7.57002e-02
2.83222e-02	7.56051e-02
4.72037e-02	7.54577e-02
6.60852e-02	7.53190e-02
8.49667e-02	7.52027e-02
1.03848e-01	7.51079e-02
1.22730e-01	7.50306e-02
1.41611e-01	7.49655e-02
1.60493e-01	7.49084e-02
1.79374e-01	7.48563e-02
1.98256e-01	7.48074e-02
2.17137e-01	7.47605e-02
2.36019e-01	7.47146e-02
2.54900e-01	7.46694e-02
2.73782e-01	7.46244e-02
2.92663e-01	7.45794e-02
3.11545e-01	7.45341e-02
3.30426e-01	7.44886e-02
3.49308e-01	7.44429e-02
3.68189e-01	7.43972e-02
3.87071e-01	7.43514e-02
4.05952e-01	7.43056e-02
4.24834e-01	7.42599e-02
4.43715e-01	7.42143e-02
4.62597e-01	7.41689e-02
4.81478e-01	7.41237e-02
5.00360e-01	7.40786e-02
5.19241e-01	7.40338e-02
5.38123e-01	7.39892e-02
5.57004e-01	7.39448e-02
5.75886e-01	7.39006e-02
5.94767e-01	7.38566e-02
6.13649e-01	7.38128e-02
6.32530e-01	7.37691e-02
6.51412e-01	7.37255e-02
6.70293e-01	7.36819e-02
6.89175e-01	7.36383e-02
7.08056e-01	7.35947e-02
7.26938e-01	7.35511e-02
7.45819e-01	7.35073e-02
7.64701e-01	7.34635e-02
7.83582e-01	7.34195e-02
8.02463e-01	7.33752e-02
8.21345e-01	7.33308e-02
8.40226e-01	7.32861e-02
8.59108e-01	7.32411e-02
8.77989e-01	7.31957e-02
8.96871e-01	7.31500e-02
9.15752e-01	7.31039e-02
9.34634e-01	7.30574e-02
9.53515e-01	7.30104e-02
9.72397e-01	7.29629e-02
9.91278e-01	7.29149e-02
1.01016e+00	7.28665e-02
1.02904e+00	7.28177e-02
1.04792e+00	7.27687e-02
1.06680e+00	7.27195e-02
1.08569e+00	7.26700e-02
1.10457e+00	7.26203e-02
1.12345e+00	7.25703e-02
1.14233e+00	7.25201e-02
1.16121e+00	7.24697e-02
1.18009e+00	7.24190e-02
1.19897e+00	7.23681e-02
1.21786e+00	7.23170e-02
1.23674e+00	7.22657e-02
1.25562e+00	7.22142e-02
1.27450e+00	7.21625e-02
1.29338e+00	7.21106e-02
1.31226e+00	7.20586e-02
1.33115e+00	7.20065e-02
1.35003e+00	7.19541e-02
1.36891e+00	7.19017e-02
1.38779e+00	7.18491e-02
1.40667e+00	7.17964e-02
1.42555e+00	7.17435e-02
1.44443e+00	7.16905e-02
1.46332e+00	7.16374e-02
1.48220e+00	7.15841e-02
1.50108e+00	7.15307e-02
1.51996e+00	7.14771e-02
1.53884e+00	7.14233e-02
1.55772e+00	7.13693e-02
1.57660e+00	7.13151e-02
1.59549e+00	7.12608e-02
1.61437e+00	7.12064e-02
1.63325e+00	7.11518e-02
1.65213e+00	7.10971e-02
1.67101e+00	7.10422e-02
1.68989e+00	7.09872e-02
1.70878e+00	7.09320e-02
1.72766e+00	7.08768e-02
1.74654e+00	7.08215e-02
1.76542e+00	7.07661e-02
1.78430e+00	7.07107e-02
1.80318e+00	7.06552e-02
1.82206e+00	7.05996e-02
1.84095e+00	7.05440e-02
1.85983e+00	7.04883e-02
1.87871e+00	7.04325e-02
1.89759e+00	7.03766e-02
1.91647e+00	7.03207e-02
1.93535e+00	7.02647e-02
1.95423e+00	7.02086e-02
1.97312e+00	7.01525e-02
1.99200e+00	7.00963e-02
2.01088e+00	7.00399e-02
2.02976e+00	6.99835e-02
2.04864e+00	6.99269e-02
2.06752e+00	6.98701e-02
2.08641e+00	6.98131e-02
2.10529e+00	6.97560e-02
2.12417e+00	6.96987e-02
2.14305e+00	6.96412e-02
2.16193e+00	6.95836e-02
2.18081e+00	6.95258e-02
2.19969e+00	6.94678e-02
2.21858e+00	6.94097e-02
2.23746e+00	6.93514e-02
2.25634e+00	6.92929e-02
2.27522e+00	6.92342e-02
2.29410e+00	6.91754e-02
2.31298e+00	6.91164e-02
2.33186e+00	6.90572e-02
2.35075e+00	6.89979e-02
2.36963e+00	6.89384e-02
2.38851e+00	6.88787e-02
2.40739e+00	6.88188e-02
2.42627e+00	6.87588e-02
2.44515e+00	6.86986e-02
2.46403e+00	6.86382e-02
2.48292e+00	6.85776e-02
2.50180e+00	6.85168e-02
2.52068e+00	6.84558e-02
2.53956e+00	6.83947e-02
2.55844e+00	6.83333e-02
2.57732e+00	6.82717e-02
2.59621e+00	6.82099e-02
2.61509e+00	6.81478e-02
2.63397e+00	6.80856e-02
2.65285e+00	6.80231e-02
2.67173e+00	6.79604e-02
2.69061e+00	6.78975e-02
2.70949e+00	6.78343e-02
2.72838e+00	6.77710e-02
2.74726e+00	6.77074e-02
2.76614e+00	6.76436e-02
2.78502e+00	6.75795e-02
2.80390e+00	6.75152e-02
2.82278e+00	6.74507e-02
2.84166e+00	6.73859e-02
2.86055e+00	6.73209e-02
2.87943e+00	6.72557e-02
2.89831e+00	6.71902e-02
2.91719e+00	6.71245e-02
2.93607e+00	6.70586e-02
2.95495e+00	6.69923e-02
2.97384e+00	6.69259e-02
2.99272e+00	6.68592e-02
3.01160e+00	6.67922e-02
3.03048e+00	6.67250e-02
3.04936e+00	6.66576e-02
3.06824e+00	6.65899e-02
3.08712e+00	6.65220e-02
3.10601e+00	6.64538e-02
3.12489e+00	6.63854e-02
3.14377e+00	6.63167e-02
3.16265e+00	6.62478e-02
3.18153e+00	6.61786e-02
3.20041e+00	6.61092e-02
3.21929e+00	6.60395e-02
3.23818e+00	6.59695e-02
3.25706e+00	6.58993e-02
3.27594e+00	6.58288e-02
3.29482e+00	6.57580e-02
3.31370e+00	6.56870e-02
3.33258e+00	6.56157e-02
3.35147e+00	6.55441e-02
3.37035e+00	6.54723e-02
3.38923e+00	6.54001e-02
3.40811e+00	6.53277e-02
3.42699e+00	6.52550e-02
3.44587e+00	6.51820e-02
3.46475e+00	6.51087e-02
3.48364e+00	6.50351e-02
3.50252e+00	6.49613e-02
3.52140e+00	6.48871e-02
3.54028e+00	6.48126e-02
3.55916e+00	6.47379e-02
3.57804e+00	6.46628e-02
3.59692e+00	6.45874e-02
3.61581e+00	6.45118e-02
3.63469e+00	6.44358e-02
3.65357e+00	6.43595e-02
3.67245e+00	6.42828e-02
3.69133e+00	6.42059e-02
3.71021e+00	6.41287e-02
3.72910e+00	6.40511e-02
3.74798e+00	6.39732e-02
3.76686e+00	6.38950e-02
3.78574e+00	6.38164e-02
3.80462e+00	6.37375e-02
3.82350e+00	6.36583e-02
3.84238e+00	6.35788e-02
3.86127e+00	6.34989e-02
3.88015e+00	6.34186e-02
3.89903e+00	6.33381e-02
3.91791e+00	6.32572e-02
3.93679e+00	6.31759e-02
3.95567e+00	6.30943e-02
3.97455e+00	6.30124e-02
3.99344e+00	6.29301e-02
4.01232e+00	6.28473e-02
4.03120e+00	6.27641e-02
4.05008e+00	6.26803e-02
4.06896e+00	6.25961e-02
4.08784e+00	6.25114e-02
4.10672e+00	6.24261e-02
4.12561e+00	6.23403e-02
4.14449e+00	6.22540e-02
4.16337e+00	6.21672e-02
4.18225e+00	6.20798e-02
4.20113e+00	6.19919e-02
4.22001e+00	6.19035e-02
4.23890e+00	6.18146e-02
4.25778e+00	6.17251e-02
4.27666e+00	6.16350e-02
4.29554e+00	6.15445e-02
4.31442e+00	6.14533e-02
4.33330e+00	6.13617e-02
4.35218e+00	6.12694e-02
4.37107e+00	6.11766e-02
4.38995e+00	6.10833e-02
4.40883e+00	6.09894e-02
4.42771e+00	6.08949e-02
4.44659e+00	6.07999e-02
4.46547e+00	6.07043e-02
4.48435e+00	6.06081e-02
4.50324e+00	6.05113e-02
4.52212e+00	6.04140e-02
4.54100e+00	6.03160e-02
4.55988e+00	6.02175e-02
4.57876e+00	6.01184e-02
4.59764e+00	6.00188e-02
4.61653e+00	5.99185e-02
4.63541e+00	5.98176e-02
4.65429e+00	5.97162e-02
4.67317e+00	5.96141e-02
4.69205e+00	5.95114e-02
4.71093e+00	5.94082e-02
4.72981e+00	5.93043e-02
4.74870e+00	5.91998e-02
4.76758e+00	5.90947e-02
4.78646e+00	5.89889e-02
4.80534e+00	5.88826e-02
4.82422e+00	5.87756e-02
4.84310e+00	5.86680e-02
4.86198e+00	5.85598e-02
4.88087e+00	5.84510e-02
4.89975e+00	5.83415e-02
4.91863e+00	5.82314e-02
4.93751e+00	5.81206e-02
4.95639e+00	5.80092e-02
4.97527e+00	5.78972e-02
4.99416e+00	5.77845e-02
5.01304e+00	5.76711e-02
5.03192e+00	5.75571e-02
5.05080e+00	5.74424e-02
5.06968e+00	5.73270e-02
5.08856e+00	5.72109e-02
5.10744e+00	5.70941e-02
5.12633e+00	5.69766e-02
5.14521e+00	5.68584e-02
5.16409e+00	5.67395e-02
5.18297e+00	5.66199e-02
5.20185e+00	5.64996e-02
5.22073e+00	5.63785e-02
5.23961e+00	5.62567e-02
5.25850e+00	5.61343e-02
5.27738e+00	5.60111e-02
5.29626e+00	5.58872e-02
5.31514e+00	5.57625e-02
5.33402e+00	5.56372e-02
5.35290e+00	5.55111e-02
5.37179e+00	5.53843e-02
5.39067e+00	5.52567e-02
5.40955e+00	5.51285e-02
5.42843e+00	5.49994e-02
5.44731e+00	5.48697e-02
5.46619e+00	5.47392e-02
5.48507e+00	5.46080e-02
5.50396e+00	5.44761e-02
5.52284e+00	5.43434e-02
5.54172e+00	5.42100e-02
5.56060e+00	5.40758e-02
5.57948e+00	5.39409e-02
5.59836e+00	5.38052e-02
5.61724e+00	5.36688e-02
5.63613e+00	5.35317e-02
5.65501e+00	5.33938e-02
5.67389e+00	5.32551e-02
5.69277e+00	5.31157e-02
5.71165e+00	5.29756e-02
5.73053e+00	5.28347e-02
5.74941e+00	5.26930e-02
5.76830e+00	5.25506e-02
5.78718e+00	5.24075e-02
5.80606e+00	5.22636e-02
5.82494e+00	5.21189e-02
5.84382e+00	5.19735e-02
5.86270e+00	5.18274e-02
5.88159e+00	5.16804e-02
5.90047e+00	5.15328e-02
5.91935e+00	5.13843e-02
5.93823e+00	5.12352e-02
5.95711e+00	5.10853e-02
5.97599e+00	5.09346e-02
5.99487e+00	5.07832e-02
6.01376e+00	5.06311e-02
6.03264e+00	5.04783e-02
6.05152e+00	5.03247e-02
6.07040e+00	5.01704e-02
6.08928e+00	5.00154e-02
6.10816e+00	4.98597e-02
6.12704e+00	4.97033e-02
6.14593e+00	4.95463e-02
6.16481e+00	4.93885e-02
6.18369e+00	4.92300e-02
6.20257e+00	4.90708e-02
6.22145e+00	4.89110e-02
6.24033e+00	4.87504e-02
6.25922e+00	4.85891e-02
6.27810e+00	4.84272e-02
6.29698e+00	4.82646e-02
6.31586e+00	4.81012e-02
6.33474e+00	4.79372e-02
6.35362e+00	4.77725e-02
6.37250e+00	4.76072e-02
6.39139e+00	4.74411e-02
6.41027e+00	4.72744e-02
6.42915e+00	4.71070e-02
6.44803e+00	4.69389e-02
6.46691e+00	4.67702e-02
6.48579e+00	4.66008e-02
6.50467e+00	4.64307e-02
6.52356e+00	4.62600e-02
6.54244e+00	4.60886e-02
6.56132e+00	4.59166e-02
6.58020e+00	4.57439e-02
6.59908e+00	4.55705e-02
6.61796e+00	4.53965e-02
6.63685e+00	4.52219e-02
6.65573e+00	4.50466e-02
6.67461e+00	4.48707e-02
6.69349e+00	4.46941e-02
6.71237e+00	4.45169e-02
6.73125e+00	4.43391e-02
6.75013e+00	4.41607e-02
6.76902e+00	4.39816e-02
6.78790e+00	4.38019e-02
6.80678e+00	4.36217e-02
6.82566e+00	4.34408e-02
6.84454e+00	4.32593e-02
6.86342e+00	4.30772e-02
6.88230e+00	4.28945e-02
6.90119e+00	4.27112e-02
6.92007e+00	4.25274e-02
6.93895e+00	4.23429e-02
6.95783e+00	4.21579e-02
6.97671e+00	4.19725e-02
6.99559e+00	4.17865e-02
7.01448e+00	4.16001e-02
7.03336e+00	4.14133e-02
7.05224e+00	4.12259e-02
7.07112e+00	4.10381e-02
7.09000e+00	4.08498e-02
7.10888e+00	4.06612e-02
7.12776e+00	4.04722e-02
7.14665e+00	4.02828e-02
7.16553e+00	4.00931e-02
7.18441e+00	3.99029e-02
7.20329e+00	3.97125e-02
7.22217e+00	3.95217e-02
7.24105e+00	3.93305e-02
7.25993e+00	3.91390e-02
7.27882e+00	3.89471e-02
7.29770e+00	3.87550e-02
7.31658e+00	3.85625e-02
7.33546e+00	3.83696e-02
7.35434e+00	3.81765e-02
7.37322e+00	3.79831e-02
7.39210e+00	3.77893e-02
7.41099e+00	3.75953e-02
7.42987e+00	3.74010e-02
7.44875e+00	3.72064e-02
7.46763e+00	3.70115e-02
7.48651e+00	3.68163e-02
7.50539e+00	3.66209e-02
7.52428e+00	3.64253e-02
7.54316e+00	3.62293e-02
7.56204e+00	3.60332e-02
7.58092e+00	3.58368e-02
7.59980e+00	3.56401e-02
7.61868e+00	3.54433e-02
7.63756e+00	3.52462e-02
7.65645e+00	3.50489e-02
7.67533e+00	3.48514e-02
7.69421e+00	3.46538e-02
7.71309e+00	3.44559e-02
7.73197e+00	3.42578e-02
7.75085e+00	3.40596e-02
7.76973e+00	3.38612e-02
7.78862e+00	3.36627e-02
7.80750e+00	3.34640e-02
7.82638e+00	3.32651e-02
7.84526e+00	3.30661e-02
7.86414e+00	3.28670e-02
7.88302e+00	3.26677e-02
7.90191e+00	3.24684e-02
7.92079e+00	3.22689e-02
7.93967e+00	3.20693e-02
7.95855e+00	3.18697e-02
7.97743e+00	3.16699e-02
7.99631e+00	3.14701e-02
8.01519e+00	3.12702e-02
8.03408e+00	3.10703e-02
8.05296e+00	3.08703e-02
8.07184e+00	3.06702e-02
8.09072e+00	3.04701e-02
8.10960e+00	3.02700e-02
8.12848e+00	3.00699e-02
8.14736e+00	2.98698e-02
8.16625e+00	2.96696e-02
8.18513e+00	2.94695e-02
8.20401e+00	2.92693e-02
8.22289e+00	2.90692e-02
8.24177e+00	2.88691e-02
8.26065e+00	2.86691e-02
8.27954e+00	2.84691e-02
8.29842e+00	2.82692e-02
8.31730e+00	2.80693e-02
8.33618e+00	2.78695e-02
8.35506e+00	2.76697e-02
8.37394e+00	2.74701e-02
8.39282e+00	2.72706e-02
8.41171e+00	2.70711e-02
8.43059e+00	2.68718e-02
8.44947e+00	2.66726e-02
8.46835e+00	2.64735e-02
8.48723e+00	2.62746e-02
8.50611e+00	2.60758e-02
8.52499e+00	2.58772e-02
8.54388e+00	2.56787e-02
8.56276e+00	2.54805e-02
8.58164e+00	2.52824e-02
8.60052e+00	2.50845e-02
8.61940e+00	2.48868e-02
8.63828e+00	2.46893e-02
8.65717e+00	2.44920e-02
8.67605e+00	2.42950e-02
8.69493e+00	2.40982e-02
8.71381e+00	2.39016e-02
8.73269e+00	2.37053e-02
8.75157e+00	2.35093e-02
8.77045e+00	2.33135e-02
8.78934e+00	2.31180e-02
8.80822e+00	2.29228e-02
8.82710e+00	2.27280e-02
8.84598e+00	2.25334e-02
8.86486e+00	2.23391e-02
8.88374e+00	2.21452e-02
8.90262e+00	2.19516e-02
8.92151e+00	2.17583e-02
8.94039e+00	2.15654e-02
8.95927e+00	2.13729e-02
8.97815e+00	2.11807e-02
8.99703e+00	2.09890e-02
9.01591e+00	2.07978e-02
9.03479e+00	2.06069e-02
9.05368e+00	2.04165e-02
9.07256e+00	2.02265e-02
9.09144e+00	2.00370e-02
9.11032e+00	1.98479e-02
9.12920e+00	1.96593e-02
9.14808e+00	1.94712e-02
9.16697e+00	1.92836e-02
9.18585e+00	1.90965e-02
9.20473e+00	1.89098e-02
9.22361e+00	1.87237e-02
9.24249e+00	1.85381e-02
9.26137e+00	1.83531e-02
9.28025e+00	1.81685e-02
9.29914e+00	1.79845e-02
9.31802e+00	1.78011e-02
9.33690e+00	1.76182e-02
9.35578e+00	1.74359e-02
9.37466e+00	1.72542e-02
9.39354e+00	1.70730e-02
9.41242e+00	1.68925e-02
9.43131e+00	1.67125e-02
9.45019e+00	1.65332e-02
9.46907e+00	1.63544e-02
9.48795e+00	1.61763e-02
9.50683e+00	1.59989e-02
9.52571e+00	1.58220e-02
9.54460e+00	1.56458e-02
9.56348e+00	1.54703e-02
9.58236e+00	1.52954e-02
9.60124e+00	1.51212e-02
9.62012e+00	1.49476e-02
9.63900e+00	1.47748e-02
9.65788e+00	1.46026e-02
9.67677e+00	1.44311e-02
9.69565e+00	1.42603e-02
9.71453e+00	1.40903e-02
9.73341e+00	1.39210e-02
9.75229e+00	1.37525e-02
9.77117e+00	1.35847e-02
9.79005e+00	1.34176e-02
9.80894e+00	1.32513e-02
9.82782e+00	1.30858e-02
9.84670e+00	1.29210e-02
9.86558e+00	1.27570e-02
9.88446e+00	1.25938e-02
9.90334e+00	1.24314e-02
9.92223e+00	1.22698e-02
9.94111e+00	1.21089e-02
9.95999e+00	1.19489e-02
9.97887e+00	1.17896e-02
9.99775e+00	1.16313e-02
1.00166e+01	1.14736e-02
1.00355e+01	1.13167e-02
1.00544e+01	1.11610e-02
1.00733e+01	1.10064e-02
1.00922e+01	1.08528e-02
1.01110e+01	1.07002e-02
1.01299e+01	1.05488e-02
1.01488e+01	1.03983e-02
1.01677e+01	1.02490e-02
1.01866e+01	1.01007e-02
1.02054e+01	9.95338e-03
1.02243e+01	9.80715e-03
1.02432e+01	9.66197e-03
1.02621e+01	9.51783e-03
1.02810e+01	9.37472e-03
1.02999e+01	9.23266e-03
1.03187e+01	9.09164e-03
1.03376e+01	8.95165e-03
1.03565e+01	8.81269e-03
1.03754e+01	8.67477e-03
1.03943e+01	8.53787e-03
1.04131e+01	8.40201e-03
1.04320e+01	8.26716e-03
1.04509e+01	8.13334e-03
1.04698e+01	8.00054e-03
1.04887e+01	7.86876e-03
1.05076e+01	7.73799e-03
1.05264e+01	7.60824e-03
1.05453e+01	7.47949e-03
1.05642e+01	7.35175e-03
1.05831e+01	7.22505e-03
1.06020e+01	7.09930e-03
1.06208e+01	6.97449e-03
1.06397e+01	6.85094e-03
1.06586e+01	6.72854e-03
1.06775e+01	6.60728e-03
1.06964e+01	6.48716e-03
1.07152e+01	6.36817e-03
1.07341e+01	6.25030e-03
1.07530e+01	6.13354e-03
1.07719e+01	6.01789e-03
1.07908e+01	5.90334e-03
1.08097e+01	5.78988e-03
1.08285e+01	5.67750e-03
1.08474e+01	5.56620e-03
1.08663e+01	5.45596e-03
1.08852e+01	5.34679e-03
1.09041e+01	5.23867e-03
1.09229e+01	5.13159e-03
1.09418e+01	5.02556e-03
1.09607e+01	4.92055e-03
1.09796e+01	4.81657e-03
1.09985e+01	4.71360e-03
1.10174e+01	4.61165e-03
1.10362e+01	4.51069e-03
1.10551e+01	4.41073e-03
1.10740e+01	4.31176e-03
1.10929e+01	4.21376e-03
1.11118e+01	4.11674e-03
1.11306e+01	4.02069e-03
1.11495e+01	3.92559e-03
1.11684e+01	3.83145e-03
1.11873e+01	3.73825e-03
1.12062e+01	3.64598e-03
1.12250e+01	3.55465e-03
1.12439e+01	3.46424e-03
1.12628e+01	3.37475e-03
1.12817e+01	3.28617e-03
1.13006e+01	3.19849e-03
1.13195e+01	3.11171e-03
1.13383e+01	3.02582e-03
1.13572e+01	2.94081e-03
1.13761e+01	2.85667e-03
1.13950e+01	2.77341e-03
1.14139e+01	2.69101e-03
1.14327e+01	2.60946e-03
1.14516e+01	2.52876e-03
1.14705e+01	2.44891e-03
1.14894e+01	2.36988e-03
1.15083e+01	2.29168e-03
1.15272e+01	2.21429e-03
1.15460e+01	2.13767e-03
1.15649e+01	2.06177e-03
1.15838e+01	1.98679e-03
1.16027e+01	1.91291e-03
1.16216e+01	1.84025e-03
1.16404e+01	1.76896e-03
1.16593e+01	1.69958e-03
1.16782e+01	1.63261e-03
1.16971e+01	1.56792e-03
1.17160e+01	1.50530e-03
1.17348e+01	1.44448e-03
1.17537e+01	1.38530e-03
1.17726e+01	1.32777e-03
1.17915e+01	1.27197e-03
1.18104e+01	1.21787e-03
1.18293e+01	1.16539e-03
1.18481e+01	1.11471e-03
1.18670e+01	1.06676e-03
1.18859e+01	1.02118e-03
1.19048e+01	9.77478e-04
1.19237e+01	9.35413e-04
1.19425e+01	8.94865e-04
1.19614e+01	8.55743e-04
1.19803e+01	8.17984e-04
1.19992e+01	7.81541e-04
1.20181e+01	7.46371e-04
1.20370e+01	7.12438e-04
1.20558e+01	6.79710e-04
1.20747e+01	6.48154e-04
1.20936e+01	6.17734e-04
1.21125e+01	5.88419e-04
1.21314e+01	5.60179e-04
1.21502e+01	5.32994e-04
1.21691e+01	5.06839e-04
1.21880e+01	4.81689e-04
1.22069e+01	4.57516e-04
1.22258e+01	4.34301e-04
1.22446e+01	4.12027e-04
1.22635e+01	3.90678e-04
1.22824e+01	3.70236e-04
1.23013e+01	3.50682e-04
1.23202e+01	3.31995e-04
1.23391e+01	3.14148e-04
1.23579e+01	2.97111e-04
1.23768e+01	2.80858e-04
1.23957e+01	2.65360e-04
1.24146e+01	2.50591e-04
1.24335e+01	2.36527e-04
1.24523e+01	2.23146e-04
1.24712e+01	2.10426e-04
1.24901e+01	1.98343e-04
1.25090e+01	1.86876e-04
1.25279e+01	1.76002e-04
1.25468e+01	1.65699e-04
1.25656e+01	1.55943e-04
1.25845e+01	1.46719e-04
1.26034e+01	1.38008e-04
1.26223e+01	1.29788e-04
1.26412e+01	1.22035e-04
1.26600e+01	1.14727e-04
1.26789e+01	1.07841e-04
1.26978e+01	1.01359e-04
1.27167e+01	9.52589e-05
1.27356e+01	8.95203e-05
1.27544e+01	8.41233e-05
1.27733e+01	7.90489e-05
1.27922e+01	7.42792e-05
1.28111e+01	6.97978e-05
1.28300e+01	6.55872e-05
1.28489e+01	6.16300e-05
1.28677e+01	5.79078e-05
1.28866e+01	5.44007e-05
1.29055e+01	5.10921e-05
1.29244e+01	4.79703e-05
1.29433e+01	4.50359e-05
1.29621e+01	4.22683e-05
1.29810e+01	3.96461e-05
1.29999e+01	3.71619e-05
1.30188e+01	3.48092e-05
1.30377e+01	3.26147e-05
1.30566e+01	3.06060e-05
1.30754e+01	2.87736e-05
1.30943e+01	2.70779e-05
1.31132e+01	2.54945e-05
1.31321e+01	2.40032e-05
1.31510e+01	2.25892e-05
1.31698e+01	2.12518e-05
1.31887e+01	1.99931e-05
1.32076e+01	1.88162e-05
1.32265e+01	1.77193e-05
1.32454e+01	1.66884e-05
1.32642e+01	1.57170e-05
1.32831e+01	1.47999e-05
1.33020e+01	1.39325e-05
1.33209e+01	1.31106e-05
1.33398e+01	1.23310e-05
1.33587e+01	1.15912e-05
1.33775e+01	1.08887e-05
1.33964e+01	1.02221e-05
1.34153e+01	9.59011e-06
1.34342e+01	8.99124e-06
1.34531e+01	8.42476e-06
1.34719e+01	7.89014e-06
1.34908e+01	7.38668e-06
1.35097e+01	6.91234e-06
1.35286e+01	6.46513e-06
1.35475e+01	6.04374e-06
1.35664e+01	5.64693e-06
1.35852e+01	5.27350e-06
1.36041e+01	4.92228e-06
1.36230e+01	4.59217e-06
1.36419e+01	4.28201e-06
1.36608e+01	3.99076e-06
1.36796e+01	3.71738e-06
1.36985e+01	3.46091e-06
1.37174e+01	3.22040e-06
1.37363e+01	2.99497e-06
1.37552e+01	2.78377e-06
1.37740e+01	2.58598e-06
1.37929e+01	2.40083e-06
1.38118e+01	2.22758e-06
1.38307e+01	2.06554e-06
1.38496e+01	1.91407e-06
1.38685e+01	1.77251e-06
1.38873e+01	1.64030e-06
1.39062e+01	1.51691e-06
1.39251e+01	1.40182e-06
1.39440e+01	1.29459e-06
1.39629e+01	1.19474e-06
1.39817e+01	1.10184e-06
1.40006e+01	1.01546e-06
1.40195e+01	9.35219e-07
1.40384e+01	8.60745e-07
1.40573e+01	7.91667e-07
1.40762e+01	7.27646e-07
1.40950e+01	6.68355e-07
1.41139e+01	6.13486e-07
1.41328e+01	5.62748e-07
1.41517e+01	5.15865e-07
1.41706e+01	4.72576e-07
1.41894e+01	4.32632e-07
1.42083e+01	3.95802e-07
1.42272e+01	3.61864e-07
1.42461e+01	3.30613e-07
1.42650e+01	3.01859e-07
1.42839e+01	2.75424e-07
1.43027e+01	2.51139e-07
1.43216e+01	2.28847e-07
1.43405e+01	2.08400e-07
1.43594e+01	1.89659e-07
1.43783e+01	1.72495e-07
1.43971e+01	1.56785e-07
1.44160e+01	1.42418e-07
1.44349e+01	1.29288e-07
1.44538e+01	1.17297e-07
1.44727e+01	1.06353e-07
1.44915e+01	9.63732e-08
1.45104e+01	8.72776e-08
1.45293e+01	7.89938e-08
1.45482e+01	7.14545e-08
1.45671e+01	6.45973e-08
1.45860e+01	5.83646e-08
1.46048e+01	5.27031e-08
1.46237e+01	4.75639e-08
1.46426e+01	4.29017e-08
1.46615e+01	3.86750e-08
1.46804e+01	3.48454e-08
1.46992e+01	3.13779e-08
1.47181e+01	2.82401e-08
1.47370e+01	2.54024e-08
1.47559e+01	2.28377e-08
1.47748e+01	2.05211e-08
1.47937e+01	1.84298e-08
1.48125e+01	1.65431e-08
1.48314e+01	1.48420e-08
1.48503e+01	1.33092e-08
1.48692e+01	1.19287e-08
1.48881e+01	1.06863e-08
1.49069e+01	9.56869e-09
1.49258e+01	8.56404e-09
1.49447e+01	7.66146e-09
1.49636e+01	6.85107e-09
1.49825e+01	6.12393e-09
1.50013e+01	5.47187e-09
1.50202e+01	4.88749e-09
1.50391e+01	4.36400e-09
1.50580e+01	3.89522e-09
1.50769e+01	3.47559e-09
1.50958e+01	3.10009e-09
1.51146e+01	2.76420e-09
1.51335e+01	2.46386e-09
1.51524e+01	2.19539e-09
1.51713e+01	1.95551e-09
1.51902e+01	1.74124e-09
1.52090e+01	1.54992e-09
1.52279e+01	1.37916e-09
1.52468e+01	1.22680e-09
1.52657e+01	1.09090e-09
1.52846e+01	9.69737e-10
1.53035e+01	8.61743e-10
1.53223e+01	7.65521e-10
1.53412e+01	6.79818e-10
1.53601e+01	6.03512e-10
1.53790e+01	5.35595e-10
1.53979e+01	4.75166e-10
1.54167e+01	4.21418e-10
1.54356e+01	3.73628e-10
1.54545e+01	3.31151e-10
1.54734e+01	2.93407e-10
1.54923e+01	2.59881e-10
1.55111e+01	2.30111e-10
1.55300e+01	2.03685e-10
1.55489e+01	1.80235e-10
1.55678e+01	1.59432e-10
1.55867e+01	1.40983e-10
1.56056e+01	1.24627e-10
1.56244e+01	1.10130e-10
1.56433e+01	9.72859e-11
1.56622e+01	8.59082e-11
1.56811e+01	7.58323e-11
1.57000e+01	6.69116e-11
1.57188e+01	5.90153e-11
1.57377e+01	5.20268e-11
1.57566e+01	4.58424e-11
1.57755e+01	4.03692e-11
1.57944e+01	3.55281e-11
1.58133e+01	3.12493e-11
1.58321e+01	2.74702e-11
1.58510e+01	2.41347e-11
1.58699e+01	2.11925e-11
1.58888e+01	1.85989e-11
1.59077e+01	1.63140e-11
1.59265e+01	1.43023e-11
1.59454e+01	1.25323e-11
1.59643e+01	1.09759e-11
1.59832e+01	9.60819e-12
1.60021e+01	8.40711e-12
1.60209e+01	7.35295e-12
1.60398e+01	6.42820e-12
1.60587e+01	5.61736e-12
1.60776e+01	4.90673e-12
1.60965e+01	4.28418e-12
1.61154e+01	3.73903e-12
1.61342e+01	3.26187e-12
1.61531e+01	2.84442e-12
1.61720e+01	2.47936e-12
1.61909e+01	2.16026e-12
1.62098e+01	1.88146e-12
1.62286e+01	1.63796e-12
1.62475e+01	1.42539e-12
1.62664e+01	1.23991e-12
1.62853e+01	1.07812e-12
1.63042e+01	9.37072e-13
1.63231e+01	8.14146e-13
1.63419e+01	7.07063e-13
1.63608e+01	6.13821e-13
1.63797e+01	5.32664e-13
1.63986e+01	4.62055e-13
1.64175e+01	4.00647e-13
1.64363e+01	3.47264e-13
1.64552e+01	3.00876e-13
1.64741e+01	2.60581e-13
1.64930e+01	2.25594e-13
1.65119e+01	1.95225e-13
1.65307e+01	1.68877e-13
1.65496e+01	1.46027e-13
1.65685e+01	1.26218e-13
1.65874e+01	1.09054e-13
1.66063e+01	9.41874e-14
1.66252e+01	8.13155e-14
1.66440e+01	7.01754e-14
1.66629e+01	6.05382e-14
1.66818e+01	5.22045e-14
1.67007e+01	4.50010e-14
1.67196e+01	3.87768e-14
1.67384e+01	3.34009e-14
1.67573e+01	2.87595e-14
1.67762e+01	2.47539e-14
1.67951e+01	2.12983e-14
1.68140e+01	1.83183e-14
1.68329e+01	1.57495e-14
1.68517e+01	1.35360e-14
1.68706e+01	1.16294e-14
1.68895e+01	9.98785e-15
1.69084e+01	8.57493e-15
1.69273e+01	7.35929e-15
1.69461e+01	6.31379e-15
1.69650e+01	5.41497e-15
1.69839e+01	4.64254e-15
1.70028e+01	3.97898e-15
1.70217e+01	3.40916e-15
1.70405e+01	2.92001e-15
1.70594e+01	2.50025e-15
1.70783e+01	2.14016e-15
1.70972e+01	1.83137e-15
1.71161e+01	1.56664e-15
1.71350e+01	1.33976e-15
1.71538e+01	1.14538e-15
1.71727e+01	9.78897e-16
1.71916e+01	8.36359e-16
1.72105e+01	7.14358e-16
1.72294e+01	6.09970e-16
1.72482e+01	5.20679e-16
1.72671e+01	4.44326e-16
1.72860e+01	3.79057e-16
1.73049e+01	3.23280e-16
1.73238e+01	2.75628e-16
1.73427e+01	2.34931e-16
1.73615e+01	2.00183e-16
1.73804e+01	1.70526e-16
1.73993e+01	1.45220e-16
1.74182e+01	1.23633e-16
1.74371e+01	1.05225e-16
1.74559e+01	8.95316e-17
1.74748e+01	7.61568e-17
1.74937e+01	6.47613e-17
1.75126e+01	5.50551e-17
1.75315e+01	4.67902e-17
1.75503e+01	3.97545e-17
1.75692e+01	3.37670e-17
1.75881e+01	2.86732e-17
1.76070e+01	2.43408e-17
1.76259e+01	2.06572e-17
1.76448e+01	1.75262e-17
1.76636e+01	1.48656e-17
1.76825e+01	1.26054e-17
1.77014e+01	1.06859e-17
1.77203e+01	9.05628e-18
1.77392e+01	7.67307e-18
1.77580e+01	6.49937e-18
1.77769e+01	5.50373e-18
1.77958e+01	4.65937e-18
1.78147e+01	3.94351e-18
1.78336e+01	3.33679e-18
1.78525e+01	2.82268e-18
1.78713e+01	2.38715e-18
1.78902e+01	2.01827e-18
1.79091e+01	1.70595e-18
1.79280e+01	1.44158e-18
1.79469e+01	1.21787e-18
1.79657e+01	1.02862e-18
1.79846e+01	8.68581e-19
1.80035e+01	7.33271e-19
1.80224e+01	6.18901e-19
1.80413e+01	5.22255e-19
1.80601e+01	4.40606e-19
1.80790e+01	3.71643e-19
1.80979e+01	3.13408e-19
1.81168e+01	2.64242e-19
1.81357e+01	2.22744e-19
1.81546e+01	1.87724e-19
1.81734e+01	1.58179e-19
1.81923e+01	1.33254e-19
1.82112e+01	1.12232e-19
1.82301e+01	9.45064e-20
1.82490e+01	7.95627e-20
1.82678e+01	6.69676e-20
1.82867e+01	5.63541e-20
1.83056e+01	4.74126e-20
1.83245e+01	3.98813e-20
1.83434e+01	3.35391e-20
1.83623e+01	2.81993e-20
1.83811e+01	2.37045e-20
1.84000e+01	1.99217e-20
1.84189e+01	1.67389e-20
1.84378e+01	1.40613e-20
1.84567e+01	1.18092e-20
1.84755e+01	9.91537e-21
1.84944e+01	8.32297e-21
1.85133e+01	6.98424e-21
1.85322e+01	5.85890e-21
1.85511e+01	4.91300e-21
1.85699e+01	4.11795e-21
1.85888e+01	3.44966e-21
1.86077e+01	2.88783e-21
1.86266e+01	2.41534e-21
1.86455e+01	2.01778e-21
1.86644e+01	1.68298e-21
1.86832e+01	1.40068e-21
1.87021e+01	1.16222e-21
1.87210e+01	9.60248e-22
1.87399e+01	7.88553e-22
1.87588e+01	6.41849e-22
1.87776e+01	5.15636e-22
1.87965e+01	4.06074e-22
1.88154e+01	3.09895e-22
1.88343e+01	2.24360e-22
1.88532e+01	1.47283e-22
1.88721e+01	7.70616e-23
