# The ell = 0 distribution, the isotropy.
# E_N [Td]	1.50000e+00
# col_1: Electron Energy [eV], col_2: f0 [eV^(-3/2)]
eV	f0
2.68036e-03	7.43122e-01
8.04107e-03	7.43117e-01
1.34018e-02	7.43107e-01
1.87625e-02	7.43096e-01
2.41232e-02	7.43079e-01
2.94839e-02	7.43059e-01
3.48447e-02	7.43040e-01
4.02054e-02	7.43017e-01
4.55661e-02	7.42993e-01
5.09268e-02	7.42970e-01
5.62875e-02	7.42947e-01
6.16482e-02	7.42925e-01
6.70090e-02	7.42902e-01
7.23697e-02	7.42882e-01
7.77304e-02	7.42861e-01
8.30911e-02	7.42841e-01
8.84518e-02	7.42822e-01
9.38125e-02	7.42804e-01
9.91732e-02	7.42786e-01
1.04534e-01	7.42769e-01
1.09895e-01	7.42753e-01
1.15255e-01	7.42737e-01
1.20616e-01	7.42721e-01
1.25977e-01	7.42706e-01
1.31338e-01	7.42691e-01
1.36698e-01	7.42677e-01
1.42059e-01	7.42662e-01
1.47420e-01	7.42648e-01
1.52780e-01	7.42635e-01
1.58141e-01	7.42621e-01
1.63502e-01	7.42607e-01
1.68863e-01	7.42593e-01
1.74223e-01	7.42580e-01
1.79584e-01	7.42566e-01
1.84945e-01	7.42552e-01
1.90305e-01	7.42538e-01
1.95666e-01	7.42524e-01
2.01027e-01	7.42509e-01
2.06388e-01	7.42495e-01
2.11748e-01	7.42480e-01
2.17109e-01	7.42465e-01
2.22470e-01	7.42449e-01
2.27830e-01	7.42433e-01
2.33191e-01	7.42417e-01
2.38552e-01	7.42400e-01
2.43913e-01	7.42383e-01
2.49273e-01	7.42365e-01
2.54634e-01	7.42347e-01
2.59995e-01	7.42328e-01
2.65355e-01	7.42308e-01
2.70716e-01	7.42288e-01
2.76077e-01	7.42267e-01
2.81438e-01	7.42245e-01
2.86798e-01	7.42223e-01
2.92159e-01	7.42200e-01
2.97520e-01	7.42176e-01
3.02880e-01	7.42152e-01
3.08241e-01	7.42127e-01
3.13602e-01	7.42101e-01
3.18963e-01	7.42075e-01
3.24323e-01	7.42048e-01
3.29684e-01	7.42021e-01
3.35045e-01	7.41994e-01
3.40405e-01	7.41966e-01
3.45766e-01	7.41937e-01
3.51127e-01	7.41908e-01
3.56488e-01	7.41879e-01
3.61848e-01	7.41849e-01
3.67209e-01	7.41819e-01
3.72570e-01	7.41788e-01
3.77930e-01	7.41757e-01
3.83291e-01	7.41725e-01
3.88652e-01	7.41693e-01
3.94013e-01	7.41661e-01
3.99373e-01	7.41627e-01
4.04734e-01	7.41593e-01
4.10095e-01	7.41559e-01
4.15455e-01	7.41524e-01
4.20816e-01	7.41488e-01
4.26177e-01	7.41452e-01
4.31538e-01	7.41415e-01
4.36898e-01	7.41378e-01
4.42259e-01	7.41340e-01
4.47620e-01	7.41301e-01
4.52981e-01	7.41261e-01
4.58341e-01	7.41221e-01
4.63702e-01	7.41180e-01
4.69063e-01	7.41139e-01
4.74423e-01	7.41096e-01
4.79784e-01	7.41053e-01
4.85145e-01	7.41009e-01
4.90506e-01	7.40964e-01
4.95866e-01	7.40919e-01
5.01227e-01	7.40872e-01
5.06588e-01	7.40825e-01
5.11948e-01	7.40777e-01
5.17309e-01	7.40728e-01
5.22670e-01	7.40679e-01
5.28031e-01	7.40628e-01
5.33391e-01	7.40577e-01
5.38752e-01	7.40524e-01
5.44113e-01	7.40471e-01
5.49473e-01	7.40416e-01
5.54834e-01	7.40360e-01
5.60195e-01	7.40303e-01
5.65556e-01	7.40245e-01
5.70916e-01	7.40186e-01
5.76277e-01	7.40126e-01
5.81638e-01	7.40065e-01
5.86998e-01	7.40002e-01
5.92359e-01	7.39938e-01
5.97720e-01	7.39872e-01
6.03081e-01	7.39805e-01
6.08441e-01	7.39737e-01
6.13802e-01	7.39667e-01
6.19163e-01	7.39596e-01
6.24523e-01	7.39523e-01
6.29884e-01	7.39450e-01
6.35245e-01	7.39375e-01
6.40606e-01	7.39298e-01
6.45966e-01	7.39220e-01
6.51327e-01	7.39141e-01
6.56688e-01	7.39060e-01
6.62048e-01	7.38978e-01
6.67409e-01	7.38895e-01
6.72770e-01	7.38810e-01
6.78131e-01	7.38725e-01
6.83491e-01	7.38638e-01
6.88852e-01	7.38549e-01
6.94213e-01	7.38458e-01
6.99573e-01	7.38365e-01
7.04934e-01	7.38268e-01
7.10295e-01	7.38168e-01
7.15656e-01	7.38064e-01
7.21016e-01	7.37957e-01
7.26377e-01	7.37846e-01
7.31738e-01	7.37731e-01
7.37098e-01	7.37613e-01
7.42459e-01	7.37491e-01
7.47820e-01	7.37364e-01
7.53181e-01	7.37232e-01
7.58541e-01	7.37093e-01
7.63902e-01	7.36948e-01
7.69263e-01	7.36796e-01
7.74623e-01	7.36636e-01
7.79984e-01	7.36469e-01
7.85345e-01	7.36294e-01
7.90706e-01	7.36112e-01
7.96066e-01	7.35922e-01
8.01427e-01	7.35725e-01
8.06788e-01	7.35520e-01
8.12148e-01	7.35307e-01
8.17509e-01	7.35086e-01
8.22870e-01	7.34857e-01
8.28231e-01	7.34619e-01
8.33591e-01	7.34373e-01
8.38952e-01	7.34118e-01
8.44313e-01	7.33855e-01
8.49673e-01	7.33584e-01
8.55034e-01	7.33304e-01
8.60395e-01	7.33018e-01
8.65756e-01	7.32723e-01
8.71116e-01	7.32421e-01
8.76477e-01	7.32109e-01
8.81838e-01	7.31787e-01
8.87199e-01	7.31454e-01
8.92559e-01	7.31111e-01
8.97920e-01	7.30756e-01
9.03281e-01	7.30389e-01
9.08641e-01	7.30011e-01
9.14002e-01	7.29621e-01
9.19363e-01	7.29219e-01
9.24724e-01	7.28806e-01
9.30084e-01	7.28383e-01
9.35445e-01	7.27946e-01
9.40806e-01	7.27496e-01
9.46166e-01	7.27031e-01
9.51527e-01	7.26550e-01
9.56888e-01	7.26051e-01
9.62249e-01	7.25536e-01
9.67609e-01	7.25002e-01
9.72970e-01	7.24450e-01
9.78331e-01	7.23879e-01
9.83691e-01	7.23291e-01
9.89052e-01	7.22685e-01
9.94413e-01	7.22062e-01
9.99774e-01	7.21422e-01
1.00513e+00	7.20765e-01
1.01049e+00	7.20086e-01
1.01586e+00	7.19384e-01
1.02122e+00	7.18657e-01
1.02658e+00	7.17905e-01
1.03194e+00	7.17126e-01
1.03730e+00	7.16320e-01
1.04266e+00	7.15488e-01
1.04802e+00	7.14628e-01
1.05338e+00	7.13743e-01
1.05874e+00	7.12831e-01
1.06410e+00	7.11894e-01
1.06946e+00	7.10933e-01
1.07482e+00	7.09947e-01
1.08018e+00	7.08932e-01
1.08555e+00	7.07889e-01
1.09091e+00	7.06815e-01
1.09627e+00	7.05711e-01
1.10163e+00	7.04574e-01
1.10699e+00	7.03407e-01
1.11235e+00	7.02208e-01
1.11771e+00	7.00977e-01
1.12307e+00	6.99716e-01
1.12843e+00	6.98424e-01
1.13379e+00	6.97102e-01
1.13915e+00	6.95752e-01
1.14451e+00	6.94374e-01
1.14987e+00	6.92966e-01
1.15523e+00	6.91527e-01
1.16060e+00	6.90056e-01
1.16596e+00	6.88551e-01
1.17132e+00	6.87012e-01
1.17668e+00	6.85439e-01
1.18204e+00	6.83830e-01
1.18740e+00	6.82187e-01
1.19276e+00	6.80508e-01
1.19812e+00	6.78795e-01
1.20348e+00	6.77048e-01
1.20884e+00	6.75266e-01
1.21420e+00	6.73454e-01
1.21956e+00	6.71608e-01
1.22492e+00	6.69725e-01
1.23028e+00	6.67803e-01
1.23565e+00	6.65839e-01
1.24101e+00	6.63830e-01
1.24637e+00	6.61776e-01
1.25173e+00	6.59674e-01
1.25709e+00	6.57524e-01
1.26245e+00	6.55326e-01
1.26781e+00	6.53081e-01
1.27317e+00	6.50788e-01
1.27853e+00	6.48449e-01
1.28389e+00	6.46066e-01
1.28925e+00	6.43640e-01
1.29461e+00	6.41175e-01
1.29997e+00	6.38666e-01
1.30533e+00	6.36106e-01
1.31070e+00	6.33491e-01
1.31606e+00	6.30815e-01
1.32142e+00	6.28075e-01
1.32678e+00	6.25269e-01
1.33214e+00	6.22397e-01
1.33750e+00	6.19456e-01
1.34286e+00	6.16447e-01
1.34822e+00	6.13370e-01
1.35358e+00	6.10226e-01
1.35894e+00	6.07017e-01
1.36430e+00	6.03743e-01
1.36966e+00	6.00406e-01
1.37502e+00	5.97008e-01
1.38038e+00	5.93551e-01
1.38575e+00	5.90037e-01
1.39111e+00	5.86465e-01
1.39647e+00	5.82839e-01
1.40183e+00	5.79159e-01
1.40719e+00	5.75427e-01
1.41255e+00	5.71644e-01
1.41791e+00	5.67811e-01
1.42327e+00	5.63930e-01
1.42863e+00	5.60002e-01
1.43399e+00	5.56028e-01
1.43935e+00	5.52010e-01
1.44471e+00	5.47951e-01
1.45007e+00	5.43853e-01
1.45543e+00	5.39718e-01
1.46080e+00	5.35548e-01
1.46616e+00	5.31337e-01
1.47152e+00	5.27081e-01
1.47688e+00	5.22776e-01
1.48224e+00	5.18420e-01
1.48760e+00	5.14010e-01
1.49296e+00	5.09543e-01
1.49832e+00	5.05020e-01
1.50368e+00	5.00437e-01
1.50904e+00	4.95795e-01
1.51440e+00	4.91093e-01
1.51976e+00	4.86333e-01
1.52512e+00	4.81516e-01
1.53048e+00	4.76644e-01
1.53585e+00	4.71719e-01
1.54121e+00	4.66749e-01
1.54657e+00	4.61727e-01
1.55193e+00	4.56641e-01
1.55729e+00	4.51480e-01
1.56265e+00	4.46238e-01
1.56801e+00	4.40908e-01
1.57337e+00	4.35486e-01
1.57873e+00	4.29969e-01
1.58409e+00	4.24354e-01
1.58945e+00	4.18642e-01
1.59481e+00	4.12834e-01
1.60017e+00	4.06930e-01
1.60553e+00	4.00932e-01
1.61090e+00	3.94843e-01
1.61626e+00	3.88664e-01
1.62162e+00	3.82398e-01
1.62698e+00	3.76048e-01
1.63234e+00	3.69616e-01
1.63770e+00	3.63101e-01
1.64306e+00	3.56513e-01
1.64842e+00	3.49858e-01
1.65378e+00	3.43142e-01
1.65914e+00	3.36371e-01
1.66450e+00	3.29549e-01
1.66986e+00	3.22684e-01
1.67522e+00	3.15782e-01
1.68058e+00	3.08851e-01
1.68595e+00	3.01899e-01
1.69131e+00	2.94930e-01
1.69667e+00	2.87949e-01
1.70203e+00	2.80960e-01
1.70739e+00	2.73968e-01
1.71275e+00	2.66976e-01
1.71811e+00	2.59984e-01
1.72347e+00	2.52999e-01
1.72883e+00	2.46021e-01
1.73419e+00	2.39058e-01
1.73955e+00	2.32114e-01
1.74491e+00	2.25194e-01
1.75027e+00	2.18299e-01
1.75563e+00	2.11440e-01
1.76100e+00	2.04626e-01
1.76636e+00	1.97865e-01
1.77172e+00	1.91165e-01
1.77708e+00	1.84530e-01
1.78244e+00	1.77965e-01
1.78780e+00	1.71473e-01
1.79316e+00	1.65056e-01
1.79852e+00	1.58722e-01
1.80388e+00	1.52477e-01
1.80924e+00	1.46325e-01
1.81460e+00	1.40272e-01
1.81996e+00	1.34318e-01
1.82532e+00	1.28466e-01
1.83068e+00	1.22713e-01
1.83605e+00	1.17055e-01
1.84141e+00	1.11502e-01
1.84677e+00	1.06066e-01
1.85213e+00	1.00754e-01
1.85749e+00	9.55723e-02
1.86285e+00	9.05262e-02
1.86821e+00	8.56191e-02
1.87357e+00	8.08547e-02
1.87893e+00	7.62434e-02
1.88429e+00	7.17935e-02
1.88965e+00	6.75112e-02
1.89501e+00	6.34007e-02
1.90037e+00	5.94649e-02
1.90573e+00	5.57051e-02
1.91110e+00	5.21222e-02
1.91646e+00	4.87140e-02
1.92182e+00	4.54842e-02
1.92718e+00	4.24348e-02
1.93254e+00	3.95590e-02
1.93790e+00	3.68508e-02
1.94326e+00	3.43046e-02
1.94862e+00	3.19153e-02
1.95398e+00	2.96774e-02
1.95934e+00	2.75821e-02
1.96470e+00	2.56218e-02
1.97006e+00	2.37892e-02
1.97542e+00	2.20772e-02
1.98078e+00	2.04793e-02
1.98615e+00	1.89896e-02
1.99151e+00	1.76023e-02
1.99687e+00	1.63121e-02
2.00223e+00	1.51140e-02
2.00759e+00	1.40035e-02
2.01295e+00	1.29767e-02
2.01831e+00	1.20311e-02
2.02367e+00	1.11595e-02
2.02903e+00	1.03546e-02
2.03439e+00	9.61181e-03
2.03975e+00	8.92554e-03
2.04511e+00	8.29070e-03
2.05047e+00	7.70283e-03
2.05583e+00	7.15793e-03
2.06120e+00	6.65240e-03
2.06656e+00	6.18292e-03
2.07192e+00	5.74666e-03
2.07728e+00	5.34109e-03
2.08264e+00	4.96373e-03
2.08800e+00	4.61227e-03
2.09336e+00	4.28455e-03
2.09872e+00	3.97861e-03
2.10408e+00	3.69256e-03
2.10944e+00	3.42457e-03
2.11480e+00	3.17282e-03
2.12016e+00	2.93702e-03
2.12552e+00	2.71673e-03
2.13088e+00	2.51112e-03
2.13625e+00	2.31943e-03
2.14161e+00	2.14100e-03
2.14697e+00	1.97520e-03
2.15233e+00	1.82151e-03
2.15769e+00	1.67911e-03
2.16305e+00	1.54722e-03
2.16841e+00	1.42509e-03
2.17377e+00	1.31207e-03
2.17913e+00	1.20753e-03
2.18449e+00	1.11089e-03
2.18985e+00	1.02162e-03
2.19521e+00	9.39217e-04
2.20057e+00	8.63216e-04
2.20593e+00	7.93214e-04
2.21130e+00	7.28744e-04
2.21666e+00	6.69399e-04
2.22202e+00	6.14776e-04
2.22738e+00	5.64521e-04
2.23274e+00	5.18292e-04
2.23810e+00	4.75743e-04
2.24346e+00	4.36752e-04
2.24882e+00	4.01011e-04
2.25418e+00	3.68250e-04
2.25954e+00	3.38220e-04
2.26490e+00	3.10690e-04
2.27026e+00	2.85451e-04
2.27562e+00	2.62313e-04
2.28098e+00	2.41098e-04
2.28635e+00	2.21638e-04
2.29171e+00	2.03778e-04
2.29707e+00	1.87377e-04
2.30243e+00	1.72300e-04
2.30779e+00	1.58445e-04
2.31315e+00	1.45736e-04
2.31851e+00	1.34070e-04
2.32387e+00	1.23362e-04
2.32923e+00	1.13536e-04
2.33459e+00	1.04520e-04
2.33995e+00	9.62472e-05
2.34531e+00	8.86601e-05
2.35067e+00	8.17129e-05
2.35603e+00	7.53155e-05
2.36140e+00	6.94214e-05
2.36676e+00	6.39893e-05
2.37212e+00	5.89833e-05
2.37748e+00	5.43702e-05
2.38284e+00	5.01205e-05
2.38820e+00	4.62071e-05
2.39356e+00	4.26060e-05
2.39892e+00	3.92969e-05
2.40428e+00	3.62486e-05
2.40964e+00	3.34373e-05
2.41500e+00	3.08382e-05
2.42036e+00	2.84254e-05
2.42572e+00	2.61865e-05
2.43108e+00	2.41105e-05
2.43645e+00	2.21873e-05
2.44181e+00	2.04075e-05
2.44717e+00	1.87616e-05
2.45253e+00	1.72404e-05
2.45789e+00	1.58355e-05
2.46325e+00	1.45384e-05
2.46861e+00	1.33396e-05
2.47397e+00	1.22399e-05
2.47933e+00	1.12320e-05
2.48469e+00	1.03092e-05
2.49005e+00	9.46528e-06
2.49541e+00	8.69352e-06
2.50077e+00	7.98724e-06
2.50613e+00	7.34042e-06
2.51150e+00	6.74755e-06
2.51686e+00	6.20436e-06
2.52222e+00	5.70701e-06
2.52758e+00	5.25207e-06
2.53294e+00	4.83621e-06
2.53830e+00	4.45572e-06
2.54366e+00	4.10728e-06
2.54902e+00	3.78797e-06
2.55438e+00	3.49512e-06
2.55974e+00	3.22650e-06
2.56510e+00	2.98005e-06
2.57046e+00	2.75392e-06
2.57582e+00	2.54643e-06
2.58118e+00	2.35602e-06
2.58655e+00	2.18152e-06
2.59191e+00	2.02131e-06
2.59727e+00	1.87306e-06
2.60263e+00	1.73575e-06
2.60799e+00	1.60860e-06
2.61335e+00	1.49090e-06
2.61871e+00	1.38194e-06
2.62407e+00	1.28106e-06
2.62943e+00	1.18765e-06
2.63479e+00	1.10121e-06
2.64015e+00	1.02126e-06
2.64551e+00	9.47366e-07
2.65087e+00	8.79043e-07
2.65623e+00	8.15851e-07
2.66160e+00	7.57388e-07
2.66696e+00	7.03287e-07
2.67232e+00	6.53209e-07
2.67768e+00	6.06838e-07
2.68304e+00	5.63910e-07
2.68840e+00	5.24186e-07
2.69376e+00	4.87440e-07
2.69912e+00	4.53459e-07
2.70448e+00	4.22058e-07
2.70984e+00	3.93046e-07
2.71520e+00	3.66121e-07
2.72056e+00	3.41246e-07
2.72592e+00	3.18242e-07
2.73128e+00	2.96951e-07
2.73665e+00	2.77221e-07
2.74201e+00	2.58911e-07
2.74737e+00	2.41892e-07
2.75273e+00	2.26045e-07
2.75809e+00	2.11263e-07
2.76345e+00	1.97448e-07
2.76881e+00	1.84541e-07
2.77417e+00	1.72487e-07
2.77953e+00	1.61233e-07
2.78489e+00	1.50732e-07
2.79025e+00	1.40934e-07
2.79561e+00	1.31786e-07
2.80097e+00	1.23241e-07
2.80633e+00	1.15254e-07
2.81170e+00	1.07783e-07
2.81706e+00	1.00789e-07
2.82242e+00	9.42432e-08
2.82778e+00	8.81204e-08
2.83314e+00	8.23969e-08
2.83850e+00	7.70489e-08
2.84386e+00	7.20578e-08
2.84922e+00	6.73978e-08
2.85458e+00	6.30414e-08
2.85994e+00	5.89710e-08
2.86530e+00	5.51704e-08
2.87066e+00	5.16274e-08
2.87602e+00	4.83307e-08
2.88138e+00	4.52717e-08
2.88675e+00	4.24344e-08
2.89211e+00	3.97996e-08
2.89747e+00	3.73507e-08
2.90283e+00	3.50729e-08
2.90819e+00	3.29526e-08
2.91355e+00	3.09777e-08
2.91891e+00	2.91372e-08
2.92427e+00	2.74211e-08
2.92963e+00	2.58202e-08
2.93499e+00	2.43258e-08
2.94035e+00	2.29299e-08
2.94571e+00	2.16252e-08
2.95107e+00	2.04048e-08
2.95643e+00	1.92628e-08
2.96180e+00	1.81936e-08
2.96716e+00	1.71915e-08
2.97252e+00	1.62515e-08
2.97788e+00	1.53686e-08
2.98324e+00	1.45380e-08
2.98860e+00	1.37551e-08
2.99396e+00	1.30169e-08
2.99932e+00	1.23203e-08
3.00468e+00	1.16625e-08
3.01004e+00	1.10406e-08
3.01540e+00	1.04525e-08
3.02076e+00	9.89680e-09
3.02612e+00	9.37167e-09
3.03148e+00	8.87558e-09
3.03685e+00	8.40697e-09
3.04221e+00	7.96435e-09
3.04757e+00	7.54635e-09
3.05293e+00	7.15167e-09
3.05829e+00	6.77904e-09
3.06365e+00	6.42722e-09
3.06901e+00	6.09503e-09
3.07437e+00	5.78137e-09
3.07973e+00	5.48522e-09
3.08509e+00	5.20565e-09
3.09045e+00	4.94179e-09
3.09581e+00	4.69282e-09
3.10117e+00	4.45785e-09
3.10653e+00	4.23595e-09
3.11190e+00	4.02630e-09
3.11726e+00	3.82813e-09
3.12262e+00	3.64069e-09
3.12798e+00	3.46344e-09
3.13334e+00	3.29574e-09
3.13870e+00	3.13698e-09
3.14406e+00	2.98656e-09
3.14942e+00	2.84395e-09
3.15478e+00	2.70866e-09
3.16014e+00	2.58021e-09
3.16550e+00	2.45827e-09
3.17086e+00	2.34249e-09
3.17622e+00	2.23255e-09
3.18158e+00	2.12818e-09
3.18695e+00	2.02907e-09
3.19231e+00	1.93497e-09
3.19767e+00	1.84560e-09
3.20303e+00	1.76073e-09
3.20839e+00	1.68011e-09
3.21375e+00	1.60355e-09
3.21911e+00	1.53082e-09
3.22447e+00	1.46172e-09
3.22983e+00	1.39607e-09
3.23519e+00	1.33369e-09
3.24055e+00	1.27440e-09
3.24591e+00	1.21807e-09
3.25127e+00	1.16454e-09
3.25664e+00	1.11368e-09
3.26200e+00	1.06536e-09
3.26736e+00	1.01947e-09
3.27272e+00	9.75865e-10
3.27808e+00	9.34419e-10
3.28344e+00	8.95019e-10
3.28880e+00	8.57553e-10
3.29416e+00	8.21919e-10
3.29952e+00	7.88016e-10
3.30488e+00	7.55751e-10
3.31024e+00	7.25035e-10
3.31560e+00	6.95787e-10
3.32096e+00	6.67919e-10
3.32632e+00	6.41349e-10
3.33169e+00	6.16004e-10
3.33705e+00	5.91821e-10
3.34241e+00	5.68741e-10
3.34777e+00	5.46707e-10
3.35313e+00	5.25666e-10
3.35849e+00	5.05566e-10
3.36385e+00	4.86357e-10
3.36921e+00	4.67993e-10
3.37457e+00	4.50428e-10
3.37993e+00	4.33623e-10
3.38529e+00	4.17540e-10
3.39065e+00	4.02144e-10
3.39601e+00	3.87400e-10
3.40137e+00	3.73276e-10
3.40674e+00	3.59739e-10
3.41210e+00	3.46759e-10
3.41746e+00	3.34312e-10
3.42282e+00	3.22367e-10
3.42818e+00	3.10908e-10
3.43354e+00	2.99914e-10
3.43890e+00	2.89366e-10
3.44426e+00	2.79242e-10
3.44962e+00	2.69526e-10
3.45498e+00	2.60197e-10
3.46034e+00	2.51240e-10
3.46570e+00	2.42637e-10
3.47106e+00	2.34373e-10
3.47642e+00	2.26433e-10
3.48179e+00	2.18803e-10
3.48715e+00	2.11469e-10
3.49251e+00	2.04418e-10
3.49787e+00	1.97636e-10
3.50323e+00	1.91110e-10
3.50859e+00	1.84829e-10
3.51395e+00	1.78783e-10
3.51931e+00	1.72962e-10
3.52467e+00	1.67356e-10
3.53003e+00	1.61956e-10
3.53539e+00	1.56753e-10
3.54075e+00	1.51739e-10
3.54611e+00	1.46905e-10
3.55147e+00	1.42244e-10
3.55684e+00	1.37750e-10
3.56220e+00	1.33414e-10
3.56756e+00	1.29233e-10
3.57292e+00	1.25199e-10
3.57828e+00	1.21308e-10
3.58364e+00	1.17554e-10
3.58900e+00	1.13931e-10
3.59436e+00	1.10436e-10
3.59972e+00	1.07065e-10
3.60508e+00	1.03811e-10
3.61044e+00	1.00672e-10
3.61580e+00	9.76412e-11
3.62116e+00	9.47160e-11
3.62652e+00	9.18923e-11
3.63189e+00	8.91663e-11
3.63725e+00	8.65344e-11
3.64261e+00	8.39931e-11
3.64797e+00	8.15393e-11
3.65333e+00	7.91696e-11
3.65869e+00	7.68812e-11
3.66405e+00	7.46710e-11
3.66941e+00	7.25361e-11
3.67477e+00	7.04738e-11
3.68013e+00	6.84814e-11
3.68549e+00	6.65563e-11
3.69085e+00	6.46959e-11
3.69621e+00	6.28981e-11
3.70157e+00	6.11604e-11
3.70694e+00	5.94808e-11
3.71230e+00	5.78574e-11
3.71766e+00	5.62878e-11
3.72302e+00	5.47701e-11
3.72838e+00	5.33023e-11
3.73374e+00	5.18825e-11
3.73910e+00	5.05089e-11
3.74446e+00	4.91796e-11
3.74982e+00	4.78929e-11
3.75518e+00	4.66474e-11
3.76054e+00	4.54413e-11
3.76590e+00	4.42734e-11
3.77126e+00	4.31421e-11
3.77662e+00	4.20461e-11
3.78199e+00	4.09839e-11
3.78735e+00	3.99544e-11
3.79271e+00	3.89561e-11
3.79807e+00	3.79879e-11
3.80343e+00	3.70486e-11
3.80879e+00	3.61371e-11
3.81415e+00	3.52524e-11
3.81951e+00	3.43935e-11
3.82487e+00	3.35593e-11
3.83023e+00	3.27489e-11
3.83559e+00	3.19613e-11
3.84095e+00	3.11957e-11
3.84631e+00	3.04511e-11
3.85167e+00	2.97268e-11
3.85704e+00	2.90220e-11
3.86240e+00	2.83359e-11
3.86776e+00	2.76677e-11
3.87312e+00	2.70171e-11
3.87848e+00	2.63835e-11
3.88384e+00	2.57665e-11
3.88920e+00	2.51655e-11
3.89456e+00	2.45802e-11
3.89992e+00	2.40101e-11
3.90528e+00	2.34546e-11
3.91064e+00	2.29133e-11
3.91600e+00	2.23858e-11
3.92136e+00	2.18717e-11
3.92672e+00	2.13706e-11
3.93209e+00	2.08821e-11
3.93745e+00	2.04058e-11
3.94281e+00	1.99414e-11
3.94817e+00	1.94886e-11
3.95353e+00	1.90470e-11
3.95889e+00	1.86162e-11
3.96425e+00	1.81959e-11
3.96961e+00	1.77859e-11
3.97497e+00	1.73857e-11
3.98033e+00	1.69952e-11
3.98569e+00	1.66141e-11
3.99105e+00	1.62418e-11
3.99641e+00	1.58782e-11
4.00177e+00	1.55230e-11
4.00714e+00	1.51761e-11
4.01250e+00	1.48372e-11
4.01786e+00	1.45060e-11
4.02322e+00	1.41824e-11
4.02858e+00	1.38661e-11
4.03394e+00	1.35570e-11
4.03930e+00	1.32549e-11
4.04466e+00	1.29597e-11
4.05002e+00	1.26711e-11
4.05538e+00	1.23892e-11
4.06074e+00	1.21136e-11
4.06610e+00	1.18443e-11
4.07146e+00	1.15811e-11
4.07682e+00	1.13239e-11
4.08219e+00	1.10725e-11
4.08755e+00	1.08267e-11
4.09291e+00	1.05865e-11
4.09827e+00	1.03518e-11
4.10363e+00	1.01223e-11
4.10899e+00	9.89801e-12
4.11435e+00	9.67878e-12
4.11971e+00	9.46448e-12
4.12507e+00	9.25501e-12
4.13043e+00	9.05025e-12
4.13579e+00	8.85010e-12
4.14115e+00	8.65446e-12
4.14651e+00	8.46321e-12
4.15187e+00	8.27626e-12
4.15724e+00	8.09352e-12
4.16260e+00	7.91488e-12
4.16796e+00	7.74026e-12
4.17332e+00	7.56956e-12
4.17868e+00	7.40269e-12
4.18404e+00	7.23956e-12
4.18940e+00	7.08010e-12
4.19476e+00	6.92421e-12
4.20012e+00	6.77182e-12
4.20548e+00	6.62284e-12
4.21084e+00	6.47721e-12
4.21620e+00	6.33484e-12
4.22156e+00	6.19566e-12
4.22692e+00	6.05960e-12
4.23229e+00	5.92659e-12
4.23765e+00	5.79657e-12
4.24301e+00	5.66945e-12
4.24837e+00	5.54518e-12
4.25373e+00	5.42370e-12
4.25909e+00	5.30493e-12
4.26445e+00	5.18883e-12
4.26981e+00	5.07533e-12
4.27517e+00	4.96437e-12
4.28053e+00	4.85591e-12
4.28589e+00	4.74987e-12
4.29125e+00	4.64622e-12
4.29661e+00	4.54489e-12
4.30197e+00	4.44584e-12
4.30734e+00	4.34901e-12
4.31270e+00	4.25437e-12
4.31806e+00	4.16185e-12
4.32342e+00	4.07142e-12
4.32878e+00	3.98302e-12
4.33414e+00	3.89662e-12
4.33950e+00	3.81216e-12
4.34486e+00	3.72961e-12
4.35022e+00	3.64893e-12
4.35558e+00	3.57006e-12
4.36094e+00	3.49299e-12
4.36630e+00	3.41765e-12
4.37166e+00	3.34402e-12
4.37702e+00	3.27206e-12
4.38239e+00	3.20173e-12
4.38775e+00	3.13300e-12
4.39311e+00	3.06582e-12
4.39847e+00	3.00017e-12
4.40383e+00	2.93601e-12
4.40919e+00	2.87331e-12
4.41455e+00	2.81203e-12
4.41991e+00	2.75214e-12
4.42527e+00	2.69361e-12
4.43063e+00	2.63642e-12
4.43599e+00	2.58052e-12
4.44135e+00	2.52589e-12
4.44671e+00	2.47251e-12
4.45207e+00	2.42033e-12
4.45744e+00	2.36934e-12
4.46280e+00	2.31950e-12
4.46816e+00	2.27080e-12
4.47352e+00	2.22321e-12
4.47888e+00	2.17669e-12
4.48424e+00	2.13124e-12
4.48960e+00	2.08682e-12
4.49496e+00	2.04341e-12
4.50032e+00	2.00100e-12
4.50568e+00	1.95955e-12
4.51104e+00	1.91904e-12
4.51640e+00	1.87947e-12
4.52176e+00	1.84080e-12
4.52712e+00	1.80301e-12
4.53249e+00	1.76609e-12
4.53785e+00	1.73002e-12
4.54321e+00	1.69478e-12
4.54857e+00	1.66034e-12
4.55393e+00	1.62669e-12
4.55929e+00	1.59380e-12
4.56465e+00	1.56166e-12
4.57001e+00	1.53024e-12
4.57537e+00	1.49953e-12
4.58073e+00	1.46952e-12
4.58609e+00	1.44018e-12
4.59145e+00	1.41150e-12
4.59681e+00	1.38346e-12
4.60217e+00	1.35604e-12
4.60754e+00	1.32923e-12
4.61290e+00	1.30302e-12
4.61826e+00	1.27739e-12
4.62362e+00	1.25233e-12
4.62898e+00	1.22782e-12
4.63434e+00	1.20384e-12
4.63970e+00	1.18040e-12
4.64506e+00	1.15746e-12
4.65042e+00	1.13502e-12
4.65578e+00	1.11306e-12
4.66114e+00	1.09158e-12
4.66650e+00	1.07056e-12
4.67186e+00	1.04999e-12
4.67722e+00	1.02985e-12
4.68259e+00	1.01014e-12
4.68795e+00	9.90848e-13
4.69331e+00	9.71960e-13
4.69867e+00	9.53467e-13
4.70403e+00	9.35359e-13
4.70939e+00	9.17625e-13
4.71475e+00	9.00258e-13
4.72011e+00	8.83246e-13
4.72547e+00	8.66582e-13
4.73083e+00	8.50256e-13
4.73619e+00	8.34260e-13
4.74155e+00	8.18586e-13
4.74691e+00	8.03225e-13
4.75227e+00	7.88169e-13
4.75764e+00	7.73411e-13
4.76300e+00	7.58943e-13
4.76836e+00	7.44758e-13
4.77372e+00	7.30848e-13
4.77908e+00	7.17208e-13
4.78444e+00	7.03829e-13
4.78980e+00	6.90705e-13
4.79516e+00	6.77830e-13
4.80052e+00	6.65198e-13
4.80588e+00	6.52801e-13
4.81124e+00	6.40635e-13
4.81660e+00	6.28693e-13
4.82196e+00	6.16970e-13
4.82732e+00	6.05459e-13
4.83269e+00	5.94156e-13
4.83805e+00	5.83054e-13
4.84341e+00	5.72147e-13
4.84877e+00	5.61432e-13
4.85413e+00	5.50903e-13
4.85949e+00	5.40554e-13
4.86485e+00	5.30381e-13
4.87021e+00	5.20380e-13
4.87557e+00	5.10545e-13
4.88093e+00	5.00872e-13
4.88629e+00	4.91357e-13
4.89165e+00	4.81996e-13
4.89701e+00	4.72785e-13
4.90237e+00	4.63719e-13
4.90774e+00	4.54794e-13
4.91310e+00	4.46007e-13
4.91846e+00	4.37354e-13
4.92382e+00	4.28832e-13
4.92918e+00	4.20437e-13
4.93454e+00	4.12168e-13
4.93990e+00	4.04021e-13
4.94526e+00	3.95994e-13
4.95062e+00	3.88084e-13
4.95598e+00	3.80288e-13
4.96134e+00	3.72604e-13
4.96670e+00	3.65031e-13
4.97206e+00	3.57564e-13
4.97742e+00	3.50204e-13
4.98279e+00	3.42946e-13
4.98815e+00	3.35789e-13
4.99351e+00	3.28731e-13
4.99887e+00	3.21770e-13
5.00423e+00	3.14904e-13
5.00959e+00	3.08131e-13
5.01495e+00	3.01449e-13
5.02031e+00	2.94856e-13
5.02567e+00	2.88353e-13
5.03103e+00	2.81934e-13
5.03639e+00	2.75600e-13
5.04175e+00	2.69348e-13
5.04711e+00	2.63178e-13
5.05247e+00	2.57088e-13
5.05784e+00	2.51076e-13
5.06320e+00	2.45141e-13
5.06856e+00	2.39282e-13
5.07392e+00	2.33498e-13
5.07928e+00	2.27787e-13
5.08464e+00	2.22148e-13
5.09000e+00	2.16579e-13
5.09536e+00	2.11079e-13
5.10072e+00	2.05646e-13
5.10608e+00	2.00278e-13
5.11144e+00	1.94974e-13
5.11680e+00	1.89733e-13
5.12216e+00	1.84554e-13
5.12752e+00	1.79436e-13
5.13289e+00	1.74377e-13
5.13825e+00	1.69377e-13
5.14361e+00	1.64434e-13
5.14897e+00	1.59548e-13
5.15433e+00	1.54717e-13
5.15969e+00	1.49941e-13
5.16505e+00	1.45217e-13
5.17041e+00	1.40547e-13
5.17577e+00	1.35927e-13
5.18113e+00	1.31358e-13
5.18649e+00	1.26839e-13
5.19185e+00	1.22368e-13
5.19721e+00	1.17945e-13
5.20257e+00	1.13568e-13
5.20794e+00	1.09238e-13
5.21330e+00	1.04952e-13
5.21866e+00	1.00710e-13
5.22402e+00	9.65111e-14
5.22938e+00	9.23547e-14
5.23474e+00	8.82397e-14
5.24010e+00	8.41654e-14
5.24546e+00	8.01308e-14
5.25082e+00	7.61353e-14
5.25618e+00	7.21779e-14
5.26154e+00	6.82579e-14
5.26690e+00	6.43746e-14
5.27226e+00	6.05270e-14
5.27762e+00	5.67146e-14
5.28299e+00	5.29365e-14
5.28835e+00	4.91921e-14
5.29371e+00	4.54805e-14
5.29907e+00	4.18011e-14
5.30443e+00	3.81532e-14
5.30979e+00	3.45362e-14
5.31515e+00	3.09493e-14
5.32051e+00	2.73920e-14
5.32587e+00	2.38638e-14
5.33123e+00	2.03642e-14
5.33659e+00	1.68932e-14
5.34195e+00	1.34512e-14
5.34731e+00	1.00402e-14
5.35267e+00	6.66610e-15
5.35804e+00	3.33393e-15
