# The ell = 0 distribution, the isotropy.
# E_N [Td]	1.20000e+01
# col_1: Electron Energy [eV], col_2: f0 [eV^(-3/2)]
eV	f0
9.94801e-03	3.13548e-01
2.98440e-02	3.13817e-01
4.97401e-02	3.14086e-01
6.96361e-02	3.14360e-01
8.95321e-02	3.14638e-01
1.09428e-01	3.14923e-01
1.29324e-01	3.15212e-01
1.49220e-01	3.15507e-01
1.69116e-01	3.15807e-01
1.89012e-01	3.16111e-01
2.08908e-01	3.16420e-01
2.28804e-01	3.16734e-01
2.48700e-01	3.17052e-01
2.68596e-01	3.17375e-01
2.88492e-01	3.17702e-01
3.08388e-01	3.18033e-01
3.28284e-01	3.18368e-01
3.48180e-01	3.18708e-01
3.68076e-01	3.19051e-01
3.87972e-01	3.19399e-01
4.07868e-01	3.19749e-01
4.27764e-01	3.20103e-01
4.47660e-01	3.20459e-01
4.67557e-01	3.20818e-01
4.87453e-01	3.21177e-01
5.07349e-01	3.21538e-01
5.27245e-01	3.21900e-01
5.47141e-01	3.22261e-01
5.67037e-01	3.22621e-01
5.86933e-01	3.22978e-01
6.06829e-01	3.23331e-01
6.26725e-01	3.23677e-01
6.46621e-01	3.24015e-01
6.66517e-01	3.24342e-01
6.86413e-01	3.24654e-01
7.06309e-01	3.24947e-01
7.26205e-01	3.25216e-01
7.46101e-01	3.25456e-01
7.65997e-01	3.25664e-01
7.85893e-01	3.25837e-01
8.05789e-01	3.25976e-01
8.25685e-01	3.26077e-01
8.45581e-01	3.26141e-01
8.65477e-01	3.26168e-01
8.85373e-01	3.26157e-01
9.05269e-01	3.26103e-01
9.25165e-01	3.26002e-01
9.45061e-01	3.25850e-01
9.64957e-01	3.25640e-01
9.84853e-01	3.25363e-01
1.00475e+00	3.25013e-01
1.02465e+00	3.24590e-01
1.04454e+00	3.24086e-01
1.06444e+00	3.23499e-01
1.08433e+00	3.22824e-01
1.10423e+00	3.22065e-01
1.12413e+00	3.21224e-01
1.14402e+00	3.20303e-01
1.16392e+00	3.19303e-01
1.18381e+00	3.18225e-01
1.20371e+00	3.17071e-01
1.22361e+00	3.15842e-01
1.24350e+00	3.14532e-01
1.26340e+00	3.13138e-01
1.28329e+00	3.11656e-01
1.30319e+00	3.10085e-01
1.32309e+00	3.08411e-01
1.34298e+00	3.06622e-01
1.36288e+00	3.04709e-01
1.38277e+00	3.02661e-01
1.40267e+00	3.00482e-01
1.42257e+00	2.98182e-01
1.44246e+00	2.95772e-01
1.46236e+00	2.93262e-01
1.48225e+00	2.90657e-01
1.50215e+00	2.87962e-01
1.52205e+00	2.85181e-01
1.54194e+00	2.82318e-01
1.56184e+00	2.79355e-01
1.58173e+00	2.76262e-01
1.60163e+00	2.73016e-01
1.62153e+00	2.69597e-01
1.64142e+00	2.65981e-01
1.66132e+00	2.62154e-01
1.68121e+00	2.58104e-01
1.70111e+00	2.53824e-01
1.72101e+00	2.49304e-01
1.74090e+00	2.44548e-01
1.76080e+00	2.39576e-01
1.78069e+00	2.34415e-01
1.80059e+00	2.29094e-01
1.82049e+00	2.23643e-01
1.84038e+00	2.18066e-01
1.86028e+00	2.12345e-01
1.88017e+00	2.06495e-01
1.90007e+00	2.00542e-01
1.91997e+00	1.94534e-01
1.93986e+00	1.88568e-01
1.95976e+00	1.82716e-01
1.97965e+00	1.77019e-01
1.99955e+00	1.71495e-01
2.01945e+00	1.66165e-01
2.03934e+00	1.61064e-01
2.05924e+00	1.56177e-01
2.07913e+00	1.51472e-01
2.09903e+00	1.46929e-01
2.11893e+00	1.42522e-01
2.13882e+00	1.38227e-01
2.15872e+00	1.34047e-01
2.17861e+00	1.29999e-01
2.19851e+00	1.26083e-01
2.21841e+00	1.22301e-01
2.23830e+00	1.18647e-01
2.25820e+00	1.15152e-01
2.27809e+00	1.11825e-01
2.29799e+00	1.08658e-01
2.31789e+00	1.05634e-01
2.33778e+00	1.02754e-01
2.35768e+00	1.00013e-01
2.37757e+00	9.73639e-02
2.39747e+00	9.48033e-02
2.41737e+00	9.23330e-02
2.43726e+00	8.99284e-02
2.45716e+00	8.75925e-02
2.47705e+00	8.53400e-02
2.49695e+00	8.32197e-02
2.51685e+00	8.12300e-02
2.53674e+00	7.93614e-02
2.55664e+00	7.76079e-02
2.57653e+00	7.59548e-02
2.59643e+00	7.43923e-02
2.61633e+00	7.28846e-02
2.63622e+00	7.14282e-02
2.65612e+00	7.00268e-02
2.67601e+00	6.86811e-02
2.69591e+00	6.73905e-02
2.71581e+00	6.61571e-02
2.73570e+00	6.49837e-02
2.75560e+00	6.38643e-02
2.77550e+00	6.27842e-02
2.79539e+00	6.17423e-02
2.81529e+00	6.07389e-02
2.83518e+00	5.97726e-02
2.85508e+00	5.88484e-02
2.87498e+00	5.79653e-02
2.89487e+00	5.71331e-02
2.91477e+00	5.63497e-02
2.93466e+00	5.56088e-02
2.95456e+00	5.49041e-02
2.97446e+00	5.42296e-02
2.99435e+00	5.35783e-02
3.01425e+00	5.29447e-02
3.03414e+00	5.23269e-02
3.05404e+00	5.17269e-02
3.07394e+00	5.11466e-02
3.09383e+00	5.05871e-02
3.11373e+00	5.00494e-02
3.13362e+00	4.95322e-02
3.15352e+00	4.90336e-02
3.17342e+00	4.85508e-02
3.19331e+00	4.80835e-02
3.21321e+00	4.76318e-02
3.23310e+00	4.71958e-02
3.25300e+00	4.67753e-02
3.27290e+00	4.63707e-02
3.29279e+00	4.59814e-02
3.31269e+00	4.56063e-02
3.33258e+00	4.52438e-02
3.35248e+00	4.48923e-02
3.37238e+00	4.45506e-02
3.39227e+00	4.42177e-02
3.41217e+00	4.38927e-02
3.43206e+00	4.35747e-02
3.45196e+00	4.32636e-02
3.47186e+00	4.29594e-02
3.49175e+00	4.26619e-02
3.51165e+00	4.23706e-02
3.53154e+00	4.20853e-02
3.55144e+00	4.18057e-02
3.57134e+00	4.15318e-02
3.59123e+00	4.12634e-02
3.61113e+00	4.10006e-02
3.63102e+00	4.07432e-02
3.65092e+00	4.04910e-02
3.67082e+00	4.02441e-02
3.69071e+00	4.00022e-02
3.71061e+00	3.97651e-02
3.73050e+00	3.95328e-02
3.75040e+00	3.93050e-02
3.77030e+00	3.90810e-02
3.79019e+00	3.88607e-02
3.81009e+00	3.86435e-02
3.82998e+00	3.84290e-02
3.84988e+00	3.82167e-02
3.86978e+00	3.80063e-02
3.88967e+00	3.77976e-02
3.90957e+00	3.75905e-02
3.92946e+00	3.73849e-02
3.94936e+00	3.71809e-02
3.96926e+00	3.69783e-02
3.98915e+00	3.67771e-02
4.00905e+00	3.65769e-02
4.02894e+00	3.63778e-02
4.04884e+00	3.61795e-02
4.06874e+00	3.59823e-02
4.08863e+00	3.57861e-02
4.10853e+00	3.55911e-02
4.12842e+00	3.53972e-02
4.14832e+00	3.52045e-02
4.16822e+00	3.50130e-02
4.18811e+00	3.48228e-02
4.20801e+00	3.46338e-02
4.22790e+00	3.44462e-02
4.24780e+00	3.42598e-02
4.26770e+00	3.40747e-02
4.28759e+00	3.38911e-02
4.30749e+00	3.37088e-02
4.32738e+00	3.35280e-02
4.34728e+00	3.33487e-02
4.36718e+00	3.31710e-02
4.38707e+00	3.29949e-02
4.40697e+00	3.28204e-02
4.42686e+00	3.26475e-02
4.44676e+00	3.24763e-02
4.46666e+00	3.23068e-02
4.48655e+00	3.21390e-02
4.50645e+00	3.19728e-02
4.52635e+00	3.18084e-02
4.54624e+00	3.16458e-02
4.56614e+00	3.14848e-02
4.58603e+00	3.13256e-02
4.60593e+00	3.11680e-02
4.62583e+00	3.10120e-02
4.64572e+00	3.08576e-02
4.66562e+00	3.07046e-02
4.68551e+00	3.05531e-02
4.70541e+00	3.04028e-02
4.72531e+00	3.02537e-02
4.74520e+00	3.01059e-02
4.76510e+00	2.99591e-02
4.78499e+00	2.98134e-02
4.80489e+00	2.96686e-02
4.82479e+00	2.95249e-02
4.84468e+00	2.93819e-02
4.86458e+00	2.92397e-02
4.88447e+00	2.90981e-02
4.90437e+00	2.89570e-02
4.92427e+00	2.88164e-02
4.94416e+00	2.86760e-02
4.96406e+00	2.85359e-02
4.98395e+00	2.83961e-02
5.00385e+00	2.82564e-02
5.02375e+00	2.81170e-02
5.04364e+00	2.79776e-02
5.06354e+00	2.78383e-02
5.08343e+00	2.76991e-02
5.10333e+00	2.75599e-02
5.12323e+00	2.74207e-02
5.14312e+00	2.72814e-02
5.16302e+00	2.71422e-02
5.18291e+00	2.70030e-02
5.20281e+00	2.68638e-02
5.22271e+00	2.67247e-02
5.24260e+00	2.65856e-02
5.26250e+00	2.64466e-02
5.28239e+00	2.63077e-02
5.30229e+00	2.61688e-02
5.32219e+00	2.60300e-02
5.34208e+00	2.58913e-02
5.36198e+00	2.57527e-02
5.38187e+00	2.56141e-02
5.40177e+00	2.54756e-02
5.42167e+00	2.53372e-02
5.44156e+00	2.51989e-02
5.46146e+00	2.50607e-02
5.48135e+00	2.49225e-02
5.50125e+00	2.47845e-02
5.52115e+00	2.46465e-02
5.54104e+00	2.45086e-02
5.56094e+00	2.43709e-02
5.58083e+00	2.42332e-02
5.60073e+00	2.40956e-02
5.62063e+00	2.39581e-02
5.64052e+00	2.38207e-02
5.66042e+00	2.36834e-02
5.68031e+00	2.35462e-02
5.70021e+00	2.34091e-02
5.72011e+00	2.32721e-02
5.74000e+00	2.31352e-02
5.75990e+00	2.29985e-02
5.77979e+00	2.28618e-02
5.79969e+00	2.27252e-02
5.81959e+00	2.25887e-02
5.83948e+00	2.24524e-02
5.85938e+00	2.23161e-02
5.87927e+00	2.21800e-02
5.89917e+00	2.20440e-02
5.91907e+00	2.19080e-02
5.93896e+00	2.17722e-02
5.95886e+00	2.16365e-02
5.97875e+00	2.15010e-02
5.99865e+00	2.13655e-02
6.01855e+00	2.12302e-02
6.03844e+00	2.10950e-02
6.05834e+00	2.09599e-02
6.07823e+00	2.08249e-02
6.09813e+00	2.06901e-02
6.11803e+00	2.05554e-02
6.13792e+00	2.04209e-02
6.15782e+00	2.02865e-02
6.17771e+00	2.01522e-02
6.19761e+00	2.00181e-02
6.21751e+00	1.98841e-02
6.23740e+00	1.97503e-02
6.25730e+00	1.96166e-02
6.27719e+00	1.94830e-02
6.29709e+00	1.93496e-02
6.31699e+00	1.92163e-02
6.33688e+00	1.90832e-02
6.35678e+00	1.89502e-02
6.37668e+00	1.88173e-02
6.39657e+00	1.86846e-02
6.41647e+00	1.85520e-02
6.43636e+00	1.84195e-02
6.45626e+00	1.82872e-02
6.47616e+00	1.81550e-02
6.49605e+00	1.80229e-02
6.51595e+00	1.78910e-02
6.53584e+00	1.77593e-02
6.55574e+00	1.76276e-02
6.57564e+00	1.74961e-02
6.59553e+00	1.73648e-02
6.61543e+00	1.72335e-02
6.63532e+00	1.71024e-02
6.65522e+00	1.69714e-02
6.67512e+00	1.68406e-02
6.69501e+00	1.67099e-02
6.71491e+00	1.65793e-02
6.73480e+00	1.64489e-02
6.75470e+00	1.63186e-02
6.77460e+00	1.61884e-02
6.79449e+00	1.60583e-02
6.81439e+00	1.59284e-02
6.83428e+00	1.57986e-02
6.85418e+00	1.56690e-02
6.87408e+00	1.55394e-02
6.89397e+00	1.54101e-02
6.91387e+00	1.52809e-02
6.93376e+00	1.51518e-02
6.95366e+00	1.50228e-02
6.97356e+00	1.48941e-02
6.99345e+00	1.47655e-02
7.01335e+00	1.46372e-02
7.03324e+00	1.45090e-02
7.05314e+00	1.43810e-02
7.07304e+00	1.42532e-02
7.09293e+00	1.41256e-02
7.11283e+00	1.39982e-02
7.13272e+00	1.38710e-02
7.15262e+00	1.37440e-02
7.17252e+00	1.36173e-02
7.19241e+00	1.34907e-02
7.21231e+00	1.33644e-02
7.23220e+00	1.32383e-02
7.25210e+00	1.31124e-02
7.27200e+00	1.29868e-02
7.29189e+00	1.28613e-02
7.31179e+00	1.27360e-02
7.33168e+00	1.26110e-02
7.35158e+00	1.24861e-02
7.37148e+00	1.23614e-02
7.39137e+00	1.22370e-02
7.41127e+00	1.21127e-02
7.43116e+00	1.19886e-02
7.45106e+00	1.18648e-02
7.47096e+00	1.17412e-02
7.49085e+00	1.16178e-02
7.51075e+00	1.14946e-02
7.53064e+00	1.13716e-02
7.55054e+00	1.12489e-02
7.57044e+00	1.11265e-02
7.59033e+00	1.10043e-02
7.61023e+00	1.08823e-02
7.63012e+00	1.07606e-02
7.65002e+00	1.06392e-02
7.66992e+00	1.05180e-02
7.68981e+00	1.03971e-02
7.70971e+00	1.02764e-02
7.72960e+00	1.01561e-02
7.74950e+00	1.00360e-02
7.76940e+00	9.91618e-03
7.78929e+00	9.79665e-03
7.80919e+00	9.67743e-03
7.82908e+00	9.55853e-03
7.84898e+00	9.43996e-03
7.86888e+00	9.32176e-03
7.88877e+00	9.20394e-03
7.90867e+00	9.08651e-03
7.92856e+00	8.96950e-03
7.94846e+00	8.85291e-03
7.96836e+00	8.73677e-03
7.98825e+00	8.62109e-03
8.00815e+00	8.50589e-03
8.02804e+00	8.39118e-03
8.04794e+00	8.27697e-03
8.06784e+00	8.16329e-03
8.08773e+00	8.05016e-03
8.10763e+00	7.93759e-03
8.12753e+00	7.82560e-03
8.14742e+00	7.71420e-03
8.16732e+00	7.60341e-03
8.18721e+00	7.49324e-03
8.20711e+00	7.38370e-03
8.22701e+00	7.27480e-03
8.24690e+00	7.16657e-03
8.26680e+00	7.05901e-03
8.28669e+00	6.95215e-03
8.30659e+00	6.84601e-03
8.32649e+00	6.74061e-03
8.34638e+00	6.63596e-03
8.36628e+00	6.53210e-03
8.38617e+00	6.42903e-03
8.40607e+00	6.32678e-03
8.42597e+00	6.22537e-03
8.44586e+00	6.12481e-03
8.46576e+00	6.02511e-03
8.48565e+00	5.92629e-03
8.50555e+00	5.82841e-03
8.52545e+00	5.73148e-03
8.54534e+00	5.63552e-03
8.56524e+00	5.54054e-03
8.58513e+00	5.44655e-03
8.60503e+00	5.35356e-03
8.62493e+00	5.26157e-03
8.64482e+00	5.17060e-03
8.66472e+00	5.08064e-03
8.68461e+00	4.99171e-03
8.70451e+00	4.90382e-03
8.72441e+00	4.81696e-03
8.74430e+00	4.73115e-03
8.76420e+00	4.64638e-03
8.78409e+00	4.56267e-03
8.80399e+00	4.48002e-03
8.82389e+00	4.39842e-03
8.84378e+00	4.31789e-03
8.86368e+00	4.23843e-03
8.88357e+00	4.16004e-03
8.90347e+00	4.08272e-03
8.92337e+00	4.00647e-03
8.94326e+00	3.93129e-03
8.96316e+00	3.85720e-03
8.98305e+00	3.78419e-03
9.00295e+00	3.71227e-03
9.02285e+00	3.64142e-03
9.04274e+00	3.57166e-03
9.06264e+00	3.50295e-03
9.08253e+00	3.43530e-03
9.10243e+00	3.36869e-03
9.12233e+00	3.30311e-03
9.14222e+00	3.23855e-03
9.16212e+00	3.17500e-03
9.18201e+00	3.11244e-03
9.20191e+00	3.05088e-03
9.22181e+00	2.99029e-03
9.24170e+00	2.93067e-03
9.26160e+00	2.87202e-03
9.28149e+00	2.81430e-03
9.30139e+00	2.75753e-03
9.32129e+00	2.70168e-03
9.34118e+00	2.64676e-03
9.36108e+00	2.59274e-03
9.38097e+00	2.53962e-03
9.40087e+00	2.48738e-03
9.42077e+00	2.43602e-03
9.44066e+00	2.38553e-03
9.46056e+00	2.33590e-03
9.48045e+00	2.28711e-03
9.50035e+00	2.23915e-03
9.52025e+00	2.19203e-03
9.54014e+00	2.14571e-03
9.56004e+00	2.10020e-03
9.57993e+00	2.05549e-03
9.59983e+00	2.01155e-03
9.61973e+00	1.96840e-03
9.63962e+00	1.92600e-03
9.65952e+00	1.88437e-03
9.67941e+00	1.84348e-03
9.69931e+00	1.80334e-03
9.71921e+00	1.76392e-03
9.73910e+00	1.72523e-03
9.75900e+00	1.68726e-03
9.77889e+00	1.64999e-03
9.79879e+00	1.61342e-03
9.81869e+00	1.57754e-03
9.83858e+00	1.54233e-03
9.85848e+00	1.50780e-03
9.87837e+00	1.47393e-03
9.89827e+00	1.44071e-03
9.91817e+00	1.40813e-03
9.93806e+00	1.37619e-03
9.95796e+00	1.34488e-03
9.97786e+00	1.31419e-03
9.99775e+00	1.28411e-03
1.00176e+01	1.25462e-03
1.00375e+01	1.22572e-03
1.00574e+01	1.19743e-03
1.00773e+01	1.16975e-03
1.00972e+01	1.14265e-03
1.01171e+01	1.11612e-03
1.01370e+01	1.09015e-03
1.01569e+01	1.06474e-03
1.01768e+01	1.03986e-03
1.01967e+01	1.01551e-03
1.02166e+01	9.91674e-04
1.02365e+01	9.68346e-04
1.02564e+01	9.45515e-04
1.02763e+01	9.23170e-04
1.02962e+01	9.01301e-04
1.03161e+01	8.79898e-04
1.03360e+01	8.58952e-04
1.03559e+01	8.38453e-04
1.03758e+01	8.18393e-04
1.03957e+01	7.98761e-04
1.04156e+01	7.79550e-04
1.04355e+01	7.60750e-04
1.04554e+01	7.42353e-04
1.04753e+01	7.24351e-04
1.04952e+01	7.06734e-04
1.05150e+01	6.89496e-04
1.05349e+01	6.72628e-04
1.05548e+01	6.56121e-04
1.05747e+01	6.39970e-04
1.05946e+01	6.24168e-04
1.06145e+01	6.08695e-04
1.06344e+01	5.93573e-04
1.06543e+01	5.78790e-04
1.06742e+01	5.64340e-04
1.06941e+01	5.50216e-04
1.07140e+01	5.36409e-04
1.07339e+01	5.22914e-04
1.07538e+01	5.09722e-04
1.07737e+01	4.96828e-04
1.07936e+01	4.84223e-04
1.08135e+01	4.71902e-04
1.08334e+01	4.59858e-04
1.08533e+01	4.48084e-04
1.08732e+01	4.36575e-04
1.08931e+01	4.25324e-04
1.09130e+01	4.14326e-04
1.09329e+01	4.03573e-04
1.09528e+01	3.93062e-04
1.09727e+01	3.82786e-04
1.09926e+01	3.72739e-04
1.10124e+01	3.62916e-04
1.10323e+01	3.53312e-04
1.10522e+01	3.43921e-04
1.10721e+01	3.34739e-04
1.10920e+01	3.25761e-04
1.11119e+01	3.16981e-04
1.11318e+01	3.08394e-04
1.11517e+01	2.99996e-04
1.11716e+01	2.91783e-04
1.11915e+01	2.83749e-04
1.12114e+01	2.75889e-04
1.12313e+01	2.68201e-04
1.12512e+01	2.60681e-04
1.12711e+01	2.53323e-04
1.12910e+01	2.46125e-04
1.13109e+01	2.39082e-04
1.13308e+01	2.32191e-04
1.13507e+01	2.25448e-04
1.13706e+01	2.18849e-04
1.13905e+01	2.12392e-04
1.14104e+01	2.06071e-04
1.14303e+01	1.99885e-04
1.14502e+01	1.93829e-04
1.14701e+01	1.87901e-04
1.14900e+01	1.82096e-04
1.15098e+01	1.76411e-04
1.15297e+01	1.70843e-04
1.15496e+01	1.65385e-04
1.15695e+01	1.60033e-04
1.15894e+01	1.54792e-04
1.16093e+01	1.49665e-04
1.16292e+01	1.44651e-04
1.16491e+01	1.39759e-04
1.16690e+01	1.35007e-04
1.16889e+01	1.30403e-04
1.17088e+01	1.25937e-04
1.17287e+01	1.21596e-04
1.17486e+01	1.17370e-04
1.17685e+01	1.13253e-04
1.17884e+01	1.09249e-04
1.18083e+01	1.05355e-04
1.18282e+01	1.01565e-04
1.18481e+01	9.78796e-05
1.18680e+01	9.43431e-05
1.18879e+01	9.09369e-05
1.19078e+01	8.76417e-05
1.19277e+01	8.44590e-05
1.19476e+01	8.13817e-05
1.19675e+01	7.84030e-05
1.19874e+01	7.55186e-05
1.20072e+01	7.27249e-05
1.20271e+01	7.00188e-05
1.20470e+01	6.73979e-05
1.20669e+01	6.48600e-05
1.20868e+01	6.24025e-05
1.21067e+01	6.00231e-05
1.21266e+01	5.77196e-05
1.21465e+01	5.54902e-05
1.21664e+01	5.33330e-05
1.21863e+01	5.12463e-05
1.22062e+01	4.92278e-05
1.22261e+01	4.72761e-05
1.22460e+01	4.53898e-05
1.22659e+01	4.35677e-05
1.22858e+01	4.18085e-05
1.23057e+01	4.01107e-05
1.23256e+01	3.84731e-05
1.23455e+01	3.68939e-05
1.23654e+01	3.53712e-05
1.23853e+01	3.39034e-05
1.24052e+01	3.24889e-05
1.24251e+01	3.11260e-05
1.24450e+01	2.98135e-05
1.24649e+01	2.85500e-05
1.24848e+01	2.73342e-05
1.25046e+01	2.61648e-05
1.25245e+01	2.50404e-05
1.25444e+01	2.39600e-05
1.25643e+01	2.29219e-05
1.25842e+01	2.19256e-05
1.26041e+01	2.09702e-05
1.26240e+01	2.00544e-05
1.26439e+01	1.91769e-05
1.26638e+01	1.83362e-05
1.26837e+01	1.75311e-05
1.27036e+01	1.67605e-05
1.27235e+01	1.60229e-05
1.27434e+01	1.53171e-05
1.27633e+01	1.46418e-05
1.27832e+01	1.39959e-05
1.28031e+01	1.33780e-05
1.28230e+01	1.27873e-05
1.28429e+01	1.22224e-05
1.28628e+01	1.16821e-05
1.28827e+01	1.11647e-05
1.29026e+01	1.06687e-05
1.29225e+01	1.01931e-05
1.29424e+01	9.73845e-06
1.29623e+01	9.30281e-06
1.29822e+01	8.88389e-06
1.30021e+01	8.48095e-06
1.30219e+01	8.09324e-06
1.30418e+01	7.72467e-06
1.30617e+01	7.37903e-06
1.30816e+01	7.05388e-06
1.31015e+01	6.74531e-06
1.31214e+01	6.45050e-06
1.31413e+01	6.16716e-06
1.31612e+01	5.89449e-06
1.31811e+01	5.63280e-06
1.32010e+01	5.38293e-06
1.32209e+01	5.14540e-06
1.32408e+01	4.91860e-06
1.32607e+01	4.70148e-06
1.32806e+01	4.49329e-06
1.33005e+01	4.29349e-06
1.33204e+01	4.10155e-06
1.33403e+01	3.91703e-06
1.33602e+01	3.73960e-06
1.33801e+01	3.56895e-06
1.34000e+01	3.40488e-06
1.34199e+01	3.24722e-06
1.34398e+01	3.09579e-06
1.34597e+01	2.95051e-06
1.34796e+01	2.81137e-06
1.34995e+01	2.67821e-06
1.35193e+01	2.55065e-06
1.35392e+01	2.42846e-06
1.35591e+01	2.31146e-06
1.35790e+01	2.19946e-06
1.35989e+01	2.09228e-06
1.36188e+01	1.98976e-06
1.36387e+01	1.89171e-06
1.36586e+01	1.79797e-06
1.36785e+01	1.70836e-06
1.36984e+01	1.62272e-06
1.37183e+01	1.54090e-06
1.37382e+01	1.46275e-06
1.37581e+01	1.38812e-06
1.37780e+01	1.31686e-06
1.37979e+01	1.24883e-06
1.38178e+01	1.18392e-06
1.38377e+01	1.12198e-06
1.38576e+01	1.06289e-06
1.38775e+01	1.00653e-06
1.38974e+01	9.52806e-07
1.39173e+01	9.01602e-07
1.39372e+01	8.52827e-07
1.39571e+01	8.06386e-07
1.39770e+01	7.62188e-07
1.39969e+01	7.20138e-07
1.40167e+01	6.80153e-07
1.40366e+01	6.42150e-07
1.40565e+01	6.06045e-07
1.40764e+01	5.71757e-07
1.40963e+01	5.39210e-07
1.41162e+01	5.08327e-07
1.41361e+01	4.79035e-07
1.41560e+01	4.51265e-07
1.41759e+01	4.24947e-07
1.41958e+01	4.00014e-07
1.42157e+01	3.76402e-07
1.42356e+01	3.54050e-07
1.42555e+01	3.32898e-07
1.42754e+01	3.12893e-07
1.42953e+01	2.93981e-07
1.43152e+01	2.76111e-07
1.43351e+01	2.59233e-07
1.43550e+01	2.43299e-07
1.43749e+01	2.28263e-07
1.43948e+01	2.14081e-07
1.44147e+01	2.00709e-07
1.44346e+01	1.88107e-07
1.44545e+01	1.76236e-07
1.44744e+01	1.65058e-07
1.44943e+01	1.54536e-07
1.45141e+01	1.44637e-07
1.45340e+01	1.35327e-07
1.45539e+01	1.26575e-07
1.45738e+01	1.18350e-07
1.45937e+01	1.10624e-07
1.46136e+01	1.03369e-07
1.46335e+01	9.65592e-08
1.46534e+01	9.01696e-08
1.46733e+01	8.41765e-08
1.46932e+01	7.85575e-08
1.47131e+01	7.32912e-08
1.47330e+01	6.83572e-08
1.47529e+01	6.37363e-08
1.47728e+01	5.94102e-08
1.47927e+01	5.53615e-08
1.48126e+01	5.15740e-08
1.48325e+01	4.80319e-08
1.48524e+01	4.47207e-08
1.48723e+01	4.16264e-08
1.48922e+01	3.87359e-08
1.49121e+01	3.60368e-08
1.49320e+01	3.35173e-08
1.49519e+01	3.11664e-08
1.49718e+01	2.89737e-08
1.49917e+01	2.69293e-08
1.50115e+01	2.50240e-08
1.50314e+01	2.32489e-08
1.50513e+01	2.15955e-08
1.50712e+01	2.00557e-08
1.50911e+01	1.86219e-08
1.51110e+01	1.72872e-08
1.51309e+01	1.60449e-08
1.51508e+01	1.48890e-08
1.51707e+01	1.38136e-08
1.51906e+01	1.28133e-08
1.52105e+01	1.18831e-08
1.52304e+01	1.10182e-08
1.52503e+01	1.02143e-08
1.52702e+01	9.46713e-09
1.52901e+01	8.77291e-09
1.53100e+01	8.12801e-09
1.53299e+01	7.52903e-09
1.53498e+01	6.97282e-09
1.53697e+01	6.45643e-09
1.53896e+01	5.97711e-09
1.54095e+01	5.53229e-09
1.54294e+01	5.11955e-09
1.54493e+01	4.73667e-09
1.54692e+01	4.38155e-09
1.54891e+01	4.05224e-09
1.55089e+01	3.74691e-09
1.55288e+01	3.46388e-09
1.55487e+01	3.20156e-09
1.55686e+01	2.95848e-09
1.55885e+01	2.73327e-09
1.56084e+01	2.52464e-09
1.56283e+01	2.33140e-09
1.56482e+01	2.15246e-09
1.56681e+01	1.98676e-09
1.56880e+01	1.83337e-09
1.57079e+01	1.69137e-09
1.57278e+01	1.55993e-09
1.57477e+01	1.43828e-09
1.57676e+01	1.32567e-09
1.57875e+01	1.22144e-09
1.58074e+01	1.12501e-09
1.58273e+01	1.03585e-09
1.58472e+01	9.53450e-10
1.58671e+01	8.77323e-10
1.58870e+01	8.07022e-10
1.59069e+01	7.42127e-10
1.59268e+01	6.82245e-10
1.59467e+01	6.27012e-10
1.59666e+01	5.76087e-10
1.59865e+01	5.29153e-10
1.60063e+01	4.85916e-10
1.60262e+01	4.46098e-10
1.60461e+01	4.09439e-10
1.60660e+01	3.75699e-10
1.60859e+01	3.44653e-10
1.61058e+01	3.16093e-10
1.61257e+01	2.89826e-10
1.61456e+01	2.65677e-10
1.61655e+01	2.43479e-10
1.61854e+01	2.23080e-10
1.62053e+01	2.04341e-10
1.62252e+01	1.87129e-10
1.62451e+01	1.71326e-10
1.62650e+01	1.56818e-10
1.62849e+01	1.43505e-10
1.63048e+01	1.31290e-10
1.63247e+01	1.20086e-10
1.63446e+01	1.09811e-10
1.63645e+01	1.00392e-10
1.63844e+01	9.17588e-11
1.64043e+01	8.38480e-11
1.64242e+01	7.66011e-11
1.64441e+01	6.99638e-11
1.64640e+01	6.38865e-11
1.64839e+01	5.83232e-11
1.65038e+01	5.32315e-11
1.65236e+01	4.85727e-11
1.65435e+01	4.43109e-11
1.65634e+01	4.04134e-11
1.65833e+01	3.68501e-11
1.66032e+01	3.35931e-11
1.66231e+01	3.06167e-11
1.66430e+01	2.78976e-11
1.66629e+01	2.54141e-11
1.66828e+01	2.31464e-11
1.67027e+01	2.10762e-11
1.67226e+01	1.91869e-11
1.67425e+01	1.74629e-11
1.67624e+01	1.58903e-11
1.67823e+01	1.44561e-11
1.68022e+01	1.31485e-11
1.68221e+01	1.19565e-11
1.68420e+01	1.08702e-11
1.68619e+01	9.88044e-12
1.68818e+01	8.97890e-12
1.69017e+01	8.15789e-12
1.69216e+01	7.41039e-12
1.69415e+01	6.72999e-12
1.69614e+01	6.11080e-12
1.69813e+01	5.54747e-12
1.70012e+01	5.03507e-12
1.70210e+01	4.56911e-12
1.70409e+01	4.14548e-12
1.70608e+01	3.76041e-12
1.70807e+01	3.41046e-12
1.71006e+01	3.09250e-12
1.71205e+01	2.80366e-12
1.71404e+01	2.54132e-12
1.71603e+01	2.30309e-12
1.71802e+01	2.08681e-12
1.72001e+01	1.89048e-12
1.72200e+01	1.71232e-12
1.72399e+01	1.55066e-12
1.72598e+01	1.40401e-12
1.72797e+01	1.27099e-12
1.72996e+01	1.15037e-12
1.73195e+01	1.04101e-12
1.73394e+01	9.41876e-13
1.73593e+01	8.52029e-13
1.73792e+01	7.70614e-13
1.73991e+01	6.96854e-13
1.74190e+01	6.30042e-13
1.74389e+01	5.69534e-13
1.74588e+01	5.14744e-13
1.74787e+01	4.65143e-13
1.74986e+01	4.20246e-13
1.75184e+01	3.79615e-13
1.75383e+01	3.42852e-13
1.75582e+01	3.09593e-13
1.75781e+01	2.79511e-13
1.75980e+01	2.52308e-13
1.76179e+01	2.27712e-13
1.76378e+01	2.05478e-13
1.76577e+01	1.85384e-13
1.76776e+01	1.67225e-13
1.76975e+01	1.50820e-13
1.77174e+01	1.36001e-13
1.77373e+01	1.22618e-13
1.77572e+01	1.10534e-13
1.77771e+01	9.96238e-14
1.77970e+01	8.97762e-14
1.78169e+01	8.08891e-14
1.78368e+01	7.28705e-14
1.78567e+01	6.56363e-14
1.78766e+01	5.91106e-14
1.78965e+01	5.32251e-14
1.79164e+01	4.79179e-14
1.79363e+01	4.31331e-14
1.79562e+01	3.88202e-14
1.79761e+01	3.49334e-14
1.79960e+01	3.14313e-14
1.80158e+01	2.82763e-14
1.80357e+01	2.54345e-14
1.80556e+01	2.28753e-14
1.80755e+01	2.05708e-14
1.80954e+01	1.84960e-14
1.81153e+01	1.66283e-14
1.81352e+01	1.49472e-14
1.81551e+01	1.34343e-14
1.81750e+01	1.20731e-14
1.81949e+01	1.08482e-14
1.82148e+01	9.74625e-15
1.82347e+01	8.75502e-15
1.82546e+01	7.86352e-15
1.82745e+01	7.06182e-15
1.82944e+01	6.34100e-15
1.83143e+01	5.69298e-15
1.83342e+01	5.11049e-15
1.83541e+01	4.58698e-15
1.83740e+01	4.11654e-15
1.83939e+01	3.69384e-15
1.84138e+01	3.31410e-15
1.84337e+01	2.97301e-15
1.84536e+01	2.66666e-15
1.84735e+01	2.39157e-15
1.84934e+01	2.14456e-15
1.85132e+01	1.92280e-15
1.85331e+01	1.72375e-15
1.85530e+01	1.54509e-15
1.85729e+01	1.38476e-15
1.85928e+01	1.24090e-15
1.86127e+01	1.11184e-15
1.86326e+01	9.96075e-16
1.86525e+01	8.92243e-16
1.86724e+01	7.99130e-16
1.86923e+01	7.15641e-16
1.87122e+01	6.40791e-16
1.87321e+01	5.73697e-16
1.87520e+01	5.13561e-16
1.87719e+01	4.59671e-16
1.87918e+01	4.11384e-16
1.88117e+01	3.68124e-16
1.88316e+01	3.29372e-16
1.88515e+01	2.94663e-16
1.88714e+01	2.63580e-16
1.88913e+01	2.35748e-16
1.89112e+01	2.10829e-16
1.89311e+01	1.88522e-16
1.89510e+01	1.68556e-16
1.89709e+01	1.50689e-16
1.89908e+01	1.34700e-16
1.90106e+01	1.20396e-16
1.90305e+01	1.07600e-16
1.90504e+01	9.61536e-17
1.90703e+01	8.59166e-17
1.90902e+01	7.67617e-17
1.91101e+01	6.85753e-17
1.91300e+01	6.12556e-17
1.91499e+01	5.47115e-17
1.91698e+01	4.88612e-17
1.91897e+01	4.36318e-17
1.92096e+01	3.89577e-17
1.92295e+01	3.47804e-17
1.92494e+01	3.10473e-17
1.92693e+01	2.77113e-17
1.92892e+01	2.47306e-17
1.93091e+01	2.20673e-17
1.93290e+01	1.96878e-17
1.93489e+01	1.75619e-17
1.93688e+01	1.56627e-17
1.93887e+01	1.39659e-17
1.94086e+01	1.24500e-17
1.94285e+01	1.10956e-17
1.94484e+01	9.88527e-18
1.94683e+01	8.80364e-18
1.94882e+01	7.83679e-18
1.95080e+01	6.97231e-18
1.95279e+01	6.19906e-18
1.95478e+01	5.50709e-18
1.95677e+01	4.88746e-18
1.95876e+01	4.33217e-18
1.96075e+01	3.83404e-18
1.96274e+01	3.38664e-18
1.96473e+01	2.98414e-18
1.96672e+01	2.62132e-18
1.96871e+01	2.29346e-18
1.97070e+01	1.99630e-18
1.97269e+01	1.72599e-18
1.97468e+01	1.47902e-18
1.97667e+01	1.25223e-18
1.97866e+01	1.04276e-18
1.98065e+01	8.48012e-19
1.98264e+01	6.65739e-19
1.98463e+01	4.94058e-19
1.98662e+01	3.31647e-19
1.98861e+01	1.77934e-19
