# The ell = 0 distribution, the isotropy.
# E_N [Td]	5.00000e+00
# col_1: Electron Energy [eV], col_2: f0 [eV^(-3/2)]
eV	f0
7.52442e-03	6.11704e-01
2.25732e-02	6.11790e-01
3.76221e-02	6.11875e-01
5.26709e-02	6.11960e-01
6.77197e-02	6.12046e-01
8.27686e-02	6.12134e-01
9.78174e-02	6.12223e-01
1.12866e-01	6.12312e-01
1.27915e-01	6.12403e-01
1.42964e-01	6.12494e-01
1.58013e-01	6.12586e-01
1.73062e-01	6.12679e-01
1.88110e-01	6.12772e-01
2.03159e-01	6.12865e-01
2.18208e-01	6.12959e-01
2.33257e-01	6.13054e-01
2.48306e-01	6.13149e-01
2.63355e-01	6.13244e-01
2.78403e-01	6.13340e-01
2.93452e-01	6.13437e-01
3.08501e-01	6.13534e-01
3.23550e-01	6.13632e-01
3.38599e-01	6.13732e-01
3.53648e-01	6.13834e-01
3.68696e-01	6.13937e-01
3.83745e-01	6.14042e-01
3.98794e-01	6.14149e-01
4.13843e-01	6.14259e-01
4.28892e-01	6.14370e-01
4.43941e-01	6.14483e-01
4.58989e-01	6.14598e-01
4.74038e-01	6.14714e-01
4.89087e-01	6.14832e-01
5.04136e-01	6.14951e-01
5.19185e-01	6.15072e-01
5.34234e-01	6.15193e-01
5.49282e-01	6.15314e-01
5.64331e-01	6.15433e-01
5.79380e-01	6.15551e-01
5.94429e-01	6.15666e-01
6.09478e-01	6.15779e-01
6.24527e-01	6.15888e-01
6.39575e-01	6.15992e-01
6.54624e-01	6.16089e-01
6.69673e-01	6.16177e-01
6.84722e-01	6.16254e-01
6.99771e-01	6.16318e-01
7.14820e-01	6.16363e-01
7.29868e-01	6.16385e-01
7.44917e-01	6.16381e-01
7.59966e-01	6.16350e-01
7.75015e-01	6.16286e-01
7.90064e-01	6.16184e-01
8.05113e-01	6.16041e-01
8.20161e-01	6.15858e-01
8.35210e-01	6.15631e-01
8.50259e-01	6.15363e-01
8.65308e-01	6.15054e-01
8.80357e-01	6.14706e-01
8.95406e-01	6.14312e-01
9.10454e-01	6.13868e-01
9.25503e-01	6.13371e-01
9.40552e-01	6.12822e-01
9.55601e-01	6.12211e-01
9.70650e-01	6.11526e-01
9.85699e-01	6.10761e-01
1.00075e+00	6.09910e-01
1.01580e+00	6.08970e-01
1.03085e+00	6.07924e-01
1.04589e+00	6.06762e-01
1.06094e+00	6.05475e-01
1.07599e+00	6.04057e-01
1.09104e+00	6.02494e-01
1.10609e+00	6.00782e-01
1.12114e+00	5.98920e-01
1.13619e+00	5.96906e-01
1.15124e+00	5.94741e-01
1.16628e+00	5.92425e-01
1.18133e+00	5.89957e-01
1.19638e+00	5.87339e-01
1.21143e+00	5.84573e-01
1.22648e+00	5.81662e-01
1.24153e+00	5.78599e-01
1.25658e+00	5.75375e-01
1.27163e+00	5.71988e-01
1.28668e+00	5.68436e-01
1.30172e+00	5.64721e-01
1.31677e+00	5.60830e-01
1.33182e+00	5.56729e-01
1.34687e+00	5.52390e-01
1.36192e+00	5.47787e-01
1.37697e+00	5.42903e-01
1.39202e+00	5.37732e-01
1.40707e+00	5.32299e-01
1.42211e+00	5.26623e-01
1.43716e+00	5.20722e-01
1.45221e+00	5.14614e-01
1.46726e+00	5.08314e-01
1.48231e+00	5.01829e-01
1.49736e+00	4.95168e-01
1.51241e+00	4.88336e-01
1.52746e+00	4.81341e-01
1.54251e+00	4.74196e-01
1.55755e+00	4.66898e-01
1.57260e+00	4.59383e-01
1.58765e+00	4.51596e-01
1.60270e+00	4.43489e-01
1.61775e+00	4.35025e-01
1.63280e+00	4.26171e-01
1.64785e+00	4.16885e-01
1.66290e+00	4.07172e-01
1.67794e+00	3.97039e-01
1.69299e+00	3.86501e-01
1.70804e+00	3.75570e-01
1.72309e+00	3.64245e-01
1.73814e+00	3.52518e-01
1.75319e+00	3.40443e-01
1.76824e+00	3.28086e-01
1.78329e+00	3.15524e-01
1.79834e+00	3.02814e-01
1.81338e+00	2.90017e-01
1.82843e+00	2.77193e-01
1.84348e+00	2.64340e-01
1.85853e+00	2.51478e-01
1.87358e+00	2.38653e-01
1.88863e+00	2.25919e-01
1.90368e+00	2.13383e-01
1.91873e+00	2.01138e-01
1.93377e+00	1.89325e-01
1.94882e+00	1.78031e-01
1.96387e+00	1.67310e-01
1.97892e+00	1.57167e-01
1.99397e+00	1.47600e-01
2.00902e+00	1.38617e-01
2.02407e+00	1.30251e-01
2.03912e+00	1.22454e-01
2.05417e+00	1.15164e-01
2.06921e+00	1.08314e-01
2.08426e+00	1.01845e-01
2.09931e+00	9.57094e-02
2.11436e+00	8.98620e-02
2.12941e+00	8.42624e-02
2.14446e+00	7.89364e-02
2.15951e+00	7.38998e-02
2.17456e+00	6.91530e-02
2.18961e+00	6.46856e-02
2.20465e+00	6.04888e-02
2.21970e+00	5.65556e-02
2.23475e+00	5.28689e-02
2.24980e+00	4.94301e-02
2.26485e+00	4.62410e-02
2.27990e+00	4.32830e-02
2.29495e+00	4.05389e-02
2.31000e+00	3.79872e-02
2.32504e+00	3.56184e-02
2.34009e+00	3.34217e-02
2.35514e+00	3.13874e-02
2.37019e+00	2.94795e-02
2.38524e+00	2.76876e-02
2.40029e+00	2.60058e-02
2.41534e+00	2.44265e-02
2.43039e+00	2.29268e-02
2.44544e+00	2.15032e-02
2.46048e+00	2.01568e-02
2.47553e+00	1.88899e-02
2.49058e+00	1.77219e-02
2.50563e+00	1.66484e-02
2.52068e+00	1.56598e-02
2.53573e+00	1.47517e-02
2.55078e+00	1.39178e-02
2.56583e+00	1.31496e-02
2.58087e+00	1.24413e-02
2.59592e+00	1.17877e-02
2.61097e+00	1.11717e-02
2.62602e+00	1.05911e-02
2.64107e+00	1.00443e-02
2.65612e+00	9.53091e-03
2.67117e+00	9.04886e-03
2.68622e+00	8.59601e-03
2.70127e+00	8.17143e-03
2.71631e+00	7.77401e-03
2.73136e+00	7.40329e-03
2.74641e+00	7.05685e-03
2.76146e+00	6.73072e-03
2.77651e+00	6.42185e-03
2.79156e+00	6.12996e-03
2.80661e+00	5.85437e-03
2.82166e+00	5.59377e-03
2.83670e+00	5.34770e-03
2.85175e+00	5.11637e-03
2.86680e+00	4.89878e-03
2.88185e+00	4.69538e-03
2.89690e+00	4.50691e-03
2.91195e+00	4.33172e-03
2.92700e+00	4.16827e-03
2.94205e+00	4.01529e-03
2.95710e+00	3.87155e-03
2.97214e+00	3.73603e-03
2.98719e+00	3.60757e-03
3.00224e+00	3.48496e-03
3.01729e+00	3.36752e-03
3.03234e+00	3.25515e-03
3.04739e+00	3.14789e-03
3.06244e+00	3.04576e-03
3.07749e+00	2.94869e-03
3.09254e+00	2.85656e-03
3.10758e+00	2.76930e-03
3.12263e+00	2.68653e-03
3.13768e+00	2.60796e-03
3.15273e+00	2.53319e-03
3.16778e+00	2.46181e-03
3.18283e+00	2.39365e-03
3.19788e+00	2.32862e-03
3.21293e+00	2.26662e-03
3.22797e+00	2.20754e-03
3.24302e+00	2.15126e-03
3.25807e+00	2.09771e-03
3.27312e+00	2.04681e-03
3.28817e+00	1.99843e-03
3.30322e+00	1.95239e-03
3.31827e+00	1.90851e-03
3.33332e+00	1.86661e-03
3.34837e+00	1.82650e-03
3.36341e+00	1.78806e-03
3.37846e+00	1.75117e-03
3.39351e+00	1.71571e-03
3.40856e+00	1.68159e-03
3.42361e+00	1.64868e-03
3.43866e+00	1.61694e-03
3.45371e+00	1.58633e-03
3.46876e+00	1.55681e-03
3.48380e+00	1.52833e-03
3.49885e+00	1.50084e-03
3.51390e+00	1.47428e-03
3.52895e+00	1.44859e-03
3.54400e+00	1.42373e-03
3.55905e+00	1.39968e-03
3.57410e+00	1.37639e-03
3.58915e+00	1.35387e-03
3.60420e+00	1.33208e-03
3.61924e+00	1.31101e-03
3.63429e+00	1.29063e-03
3.64934e+00	1.27090e-03
3.66439e+00	1.25181e-03
3.67944e+00	1.23334e-03
3.69449e+00	1.21545e-03
3.70954e+00	1.19813e-03
3.72459e+00	1.18135e-03
3.73963e+00	1.16508e-03
3.75468e+00	1.14930e-03
3.76973e+00	1.13398e-03
3.78478e+00	1.11908e-03
3.79983e+00	1.10458e-03
3.81488e+00	1.09045e-03
3.82993e+00	1.07665e-03
3.84498e+00	1.06315e-03
3.86003e+00	1.04993e-03
3.87507e+00	1.03696e-03
3.89012e+00	1.02424e-03
3.90517e+00	1.01176e-03
3.92022e+00	9.99506e-04
3.93527e+00	9.87478e-04
3.95032e+00	9.75666e-04
3.96537e+00	9.64058e-04
3.98042e+00	9.52650e-04
3.99547e+00	9.41421e-04
4.01051e+00	9.30361e-04
4.02556e+00	9.19460e-04
4.04061e+00	9.08715e-04
4.05566e+00	8.98126e-04
4.07071e+00	8.87694e-04
4.08576e+00	8.77416e-04
4.10081e+00	8.67291e-04
4.11586e+00	8.57318e-04
4.13090e+00	8.47495e-04
4.14595e+00	8.37821e-04
4.16100e+00	8.28295e-04
4.17605e+00	8.18915e-04
4.19110e+00	8.09680e-04
4.20615e+00	8.00589e-04
4.22120e+00	7.91641e-04
4.23625e+00	7.82835e-04
4.25130e+00	7.74169e-04
4.26634e+00	7.65642e-04
4.28139e+00	7.57253e-04
4.29644e+00	7.49004e-04
4.31149e+00	7.40893e-04
4.32654e+00	7.32921e-04
4.34159e+00	7.25088e-04
4.35664e+00	7.17394e-04
4.37169e+00	7.09838e-04
4.38673e+00	7.02421e-04
4.40178e+00	6.95142e-04
4.41683e+00	6.88000e-04
4.43188e+00	6.80996e-04
4.44693e+00	6.74126e-04
4.46198e+00	6.67391e-04
4.47703e+00	6.60789e-04
4.49208e+00	6.54319e-04
4.50713e+00	6.47980e-04
4.52217e+00	6.41771e-04
4.53722e+00	6.35694e-04
4.55227e+00	6.29746e-04
4.56732e+00	6.23924e-04
4.58237e+00	6.18225e-04
4.59742e+00	6.12644e-04
4.61247e+00	6.07181e-04
4.62752e+00	6.01832e-04
4.64256e+00	5.96595e-04
4.65761e+00	5.91466e-04
4.67266e+00	5.86440e-04
4.68771e+00	5.81514e-04
4.70276e+00	5.76684e-04
4.71781e+00	5.71945e-04
4.73286e+00	5.67295e-04
4.74791e+00	5.62730e-04
4.76296e+00	5.58246e-04
4.77800e+00	5.53840e-04
4.79305e+00	5.49508e-04
4.80810e+00	5.45248e-04
4.82315e+00	5.41056e-04
4.83820e+00	5.36931e-04
4.85325e+00	5.32865e-04
4.86830e+00	5.28856e-04
4.88335e+00	5.24899e-04
4.89840e+00	5.20989e-04
4.91344e+00	5.17122e-04
4.92849e+00	5.13294e-04
4.94354e+00	5.09501e-04
4.95859e+00	5.05741e-04
4.97364e+00	5.02014e-04
4.98869e+00	4.98317e-04
5.00374e+00	4.94647e-04
5.01879e+00	4.91004e-04
5.03383e+00	4.87385e-04
5.04888e+00	4.83788e-04
5.06393e+00	4.80213e-04
5.07898e+00	4.76657e-04
5.09403e+00	4.73119e-04
5.10908e+00	4.69598e-04
5.12413e+00	4.66092e-04
5.13918e+00	4.62602e-04
5.15423e+00	4.59128e-04
5.16927e+00	4.55669e-04
5.18432e+00	4.52228e-04
5.19937e+00	4.48802e-04
5.21442e+00	4.45393e-04
5.22947e+00	4.42000e-04
5.24452e+00	4.38623e-04
5.25957e+00	4.35263e-04
5.27462e+00	4.31919e-04
5.28966e+00	4.28591e-04
5.30471e+00	4.25279e-04
5.31976e+00	4.21984e-04
5.33481e+00	4.18705e-04
5.34986e+00	4.15441e-04
5.36491e+00	4.12194e-04
5.37996e+00	4.08963e-04
5.39501e+00	4.05748e-04
5.41006e+00	4.02548e-04
5.42510e+00	3.99365e-04
5.44015e+00	3.96197e-04
5.45520e+00	3.93045e-04
5.47025e+00	3.89909e-04
5.48530e+00	3.86788e-04
5.50035e+00	3.83684e-04
5.51540e+00	3.80594e-04
5.53045e+00	3.77521e-04
5.54549e+00	3.74463e-04
5.56054e+00	3.71420e-04
5.57559e+00	3.68393e-04
5.59064e+00	3.65381e-04
5.60569e+00	3.62385e-04
5.62074e+00	3.59404e-04
5.63579e+00	3.56438e-04
5.65084e+00	3.53487e-04
5.66589e+00	3.50551e-04
5.68093e+00	3.47631e-04
5.69598e+00	3.44725e-04
5.71103e+00	3.41834e-04
5.72608e+00	3.38959e-04
5.74113e+00	3.36098e-04
5.75618e+00	3.33252e-04
5.77123e+00	3.30421e-04
5.78628e+00	3.27605e-04
5.80132e+00	3.24803e-04
5.81637e+00	3.22016e-04
5.83142e+00	3.19243e-04
5.84647e+00	3.16485e-04
5.86152e+00	3.13741e-04
5.87657e+00	3.11012e-04
5.89162e+00	3.08297e-04
5.90667e+00	3.05596e-04
5.92172e+00	3.02909e-04
5.93676e+00	3.00237e-04
5.95181e+00	2.97579e-04
5.96686e+00	2.94934e-04
5.98191e+00	2.92304e-04
5.99696e+00	2.89688e-04
6.01201e+00	2.87086e-04
6.02706e+00	2.84498e-04
6.04211e+00	2.81923e-04
6.05716e+00	2.79363e-04
6.07220e+00	2.76817e-04
6.08725e+00	2.74284e-04
6.10230e+00	2.71766e-04
6.11735e+00	2.69261e-04
6.13240e+00	2.66770e-04
6.14745e+00	2.64293e-04
6.16250e+00	2.61829e-04
6.17755e+00	2.59379e-04
6.19259e+00	2.56942e-04
6.20764e+00	2.54519e-04
6.22269e+00	2.52109e-04
6.23774e+00	2.49712e-04
6.25279e+00	2.47328e-04
6.26784e+00	2.44958e-04
6.28289e+00	2.42601e-04
6.29794e+00	2.40256e-04
6.31299e+00	2.37925e-04
6.32803e+00	2.35606e-04
6.34308e+00	2.33300e-04
6.35813e+00	2.31007e-04
6.37318e+00	2.28727e-04
6.38823e+00	2.26459e-04
6.40328e+00	2.24204e-04
6.41833e+00	2.21961e-04
6.43338e+00	2.19731e-04
6.44842e+00	2.17513e-04
6.46347e+00	2.15307e-04
6.47852e+00	2.13114e-04
6.49357e+00	2.10933e-04
6.50862e+00	2.08763e-04
6.52367e+00	2.06606e-04
6.53872e+00	2.04461e-04
6.55377e+00	2.02328e-04
6.56882e+00	2.00206e-04
6.58386e+00	1.98096e-04
6.59891e+00	1.95998e-04
6.61396e+00	1.93912e-04
6.62901e+00	1.91837e-04
6.64406e+00	1.89773e-04
6.65911e+00	1.87721e-04
6.67416e+00	1.85680e-04
6.68921e+00	1.83651e-04
6.70425e+00	1.81633e-04
6.71930e+00	1.79626e-04
6.73435e+00	1.77630e-04
6.74940e+00	1.75645e-04
6.76445e+00	1.73671e-04
6.77950e+00	1.71708e-04
6.79455e+00	1.69756e-04
6.80960e+00	1.67815e-04
6.82465e+00	1.65886e-04
6.83969e+00	1.63967e-04
6.85474e+00	1.62059e-04
6.86979e+00	1.60162e-04
6.88484e+00	1.58276e-04
6.89989e+00	1.56401e-04
6.91494e+00	1.54537e-04
6.92999e+00	1.52684e-04
6.94504e+00	1.50841e-04
6.96009e+00	1.49010e-04
6.97513e+00	1.47190e-04
6.99018e+00	1.45382e-04
7.00523e+00	1.43585e-04
7.02028e+00	1.41799e-04
7.03533e+00	1.40024e-04
7.05038e+00	1.38260e-04
7.06543e+00	1.36508e-04
7.08048e+00	1.34766e-04
7.09552e+00	1.33035e-04
7.11057e+00	1.31316e-04
7.12562e+00	1.29608e-04
7.14067e+00	1.27911e-04
7.15572e+00	1.26225e-04
7.17077e+00	1.24550e-04
7.18582e+00	1.22886e-04
7.20087e+00	1.21233e-04
7.21592e+00	1.19590e-04
7.23096e+00	1.17959e-04
7.24601e+00	1.16338e-04
7.26106e+00	1.14728e-04
7.27611e+00	1.13128e-04
7.29116e+00	1.11539e-04
7.30621e+00	1.09960e-04
7.32126e+00	1.08391e-04
7.33631e+00	1.06833e-04
7.35135e+00	1.05285e-04
7.36640e+00	1.03746e-04
7.38145e+00	1.02218e-04
7.39650e+00	1.00700e-04
7.41155e+00	9.91913e-05
7.42660e+00	9.76932e-05
7.44165e+00	9.62053e-05
7.45670e+00	9.47278e-05
7.47175e+00	9.32605e-05
7.48679e+00	9.18035e-05
7.50184e+00	9.03570e-05
7.51689e+00	8.89208e-05
7.53194e+00	8.74950e-05
7.54699e+00	8.60797e-05
7.56204e+00	8.46749e-05
7.57709e+00	8.32806e-05
7.59214e+00	8.18968e-05
7.60718e+00	8.05236e-05
7.62223e+00	7.91610e-05
7.63728e+00	7.78091e-05
7.65233e+00	7.64677e-05
7.66738e+00	7.51371e-05
7.68243e+00	7.38172e-05
7.69748e+00	7.25079e-05
7.71253e+00	7.12094e-05
7.72758e+00	6.99216e-05
7.74262e+00	6.86445e-05
7.75767e+00	6.73780e-05
7.77272e+00	6.61223e-05
7.78777e+00	6.48776e-05
7.80282e+00	6.36438e-05
7.81787e+00	6.24213e-05
7.83292e+00	6.12102e-05
7.84797e+00	6.00107e-05
7.86302e+00	5.88229e-05
7.87806e+00	5.76472e-05
7.89311e+00	5.64836e-05
7.90816e+00	5.53323e-05
7.92321e+00	5.41934e-05
7.93826e+00	5.30672e-05
7.95331e+00	5.19536e-05
7.96836e+00	5.08528e-05
7.98341e+00	4.97650e-05
7.99845e+00	4.86901e-05
8.01350e+00	4.76283e-05
8.02855e+00	4.65798e-05
8.04360e+00	4.55445e-05
8.05865e+00	4.45226e-05
8.07370e+00	4.35142e-05
8.08875e+00	4.25194e-05
8.10380e+00	4.15382e-05
8.11885e+00	4.05708e-05
8.13389e+00	3.96170e-05
8.14894e+00	3.86770e-05
8.16399e+00	3.77508e-05
8.17904e+00	3.68384e-05
8.19409e+00	3.59398e-05
8.20914e+00	3.50549e-05
8.22419e+00	3.41838e-05
8.23924e+00	3.33265e-05
8.25428e+00	3.24830e-05
8.26933e+00	3.16533e-05
8.28438e+00	3.08375e-05
8.29943e+00	3.00355e-05
8.31448e+00	2.92474e-05
8.32953e+00	2.84733e-05
8.34458e+00	2.77130e-05
8.35963e+00	2.69667e-05
8.37468e+00	2.62343e-05
8.38972e+00	2.55157e-05
8.40477e+00	2.48111e-05
8.41982e+00	2.41203e-05
8.43487e+00	2.34433e-05
8.44992e+00	2.27800e-05
8.46497e+00	2.21303e-05
8.48002e+00	2.14942e-05
8.49507e+00	2.08719e-05
8.51011e+00	2.02632e-05
8.52516e+00	1.96682e-05
8.54021e+00	1.90867e-05
8.55526e+00	1.85186e-05
8.57031e+00	1.79638e-05
8.58536e+00	1.74221e-05
8.60041e+00	1.68934e-05
8.61546e+00	1.63774e-05
8.63051e+00	1.58740e-05
8.64555e+00	1.53831e-05
8.66060e+00	1.49045e-05
8.67565e+00	1.44379e-05
8.69070e+00	1.39832e-05
8.70575e+00	1.35403e-05
8.72080e+00	1.31089e-05
8.73585e+00	1.26889e-05
8.75090e+00	1.22801e-05
8.76594e+00	1.18822e-05
8.78099e+00	1.14951e-05
8.79604e+00	1.11186e-05
8.81109e+00	1.07526e-05
8.82614e+00	1.03968e-05
8.84119e+00	1.00510e-05
8.85624e+00	9.71504e-06
8.87129e+00	9.38876e-06
8.88634e+00	9.07195e-06
8.90138e+00	8.76442e-06
8.91643e+00	8.46599e-06
8.93148e+00	8.17646e-06
8.94653e+00	7.89563e-06
8.96158e+00	7.62338e-06
8.97663e+00	7.35950e-06
8.99168e+00	7.10382e-06
9.00673e+00	6.85614e-06
9.02178e+00	6.61626e-06
9.03682e+00	6.38399e-06
9.05187e+00	6.15911e-06
9.06692e+00	5.94142e-06
9.08197e+00	5.73070e-06
9.09702e+00	5.52677e-06
9.11207e+00	5.32944e-06
9.12712e+00	5.13851e-06
9.14217e+00	4.95380e-06
9.15721e+00	4.77514e-06
9.17226e+00	4.60234e-06
9.18731e+00	4.43524e-06
9.20236e+00	4.27367e-06
9.21741e+00	4.11747e-06
9.23246e+00	3.96648e-06
9.24751e+00	3.82054e-06
9.26256e+00	3.67951e-06
9.27761e+00	3.54324e-06
9.29265e+00	3.41158e-06
9.30770e+00	3.28440e-06
9.32275e+00	3.16156e-06
9.33780e+00	3.04293e-06
9.35285e+00	2.92838e-06
9.36790e+00	2.81778e-06
9.38295e+00	2.71102e-06
9.39800e+00	2.60796e-06
9.41304e+00	2.50850e-06
9.42809e+00	2.41252e-06
9.44314e+00	2.31992e-06
9.45819e+00	2.23058e-06
9.47324e+00	2.14440e-06
9.48829e+00	2.06128e-06
9.50334e+00	1.98112e-06
9.51839e+00	1.90383e-06
9.53344e+00	1.82931e-06
9.54848e+00	1.75747e-06
9.56353e+00	1.68823e-06
9.57858e+00	1.62149e-06
9.59363e+00	1.55718e-06
9.60868e+00	1.49521e-06
9.62373e+00	1.43552e-06
9.63878e+00	1.37802e-06
9.65383e+00	1.32264e-06
9.66887e+00	1.26932e-06
9.68392e+00	1.21798e-06
9.69897e+00	1.16857e-06
9.71402e+00	1.12101e-06
9.72907e+00	1.07525e-06
9.74412e+00	1.03122e-06
9.75917e+00	9.88865e-07
9.77422e+00	9.48128e-07
9.78927e+00	9.08955e-07
9.80431e+00	8.71290e-07
9.81936e+00	8.35082e-07
9.83441e+00	8.00280e-07
9.84946e+00	7.66836e-07
9.86451e+00	7.34701e-07
9.87956e+00	7.03831e-07
9.89461e+00	6.74179e-07
9.90966e+00	6.45703e-07
9.92471e+00	6.18361e-07
9.93975e+00	5.92113e-07
9.95480e+00	5.66918e-07
9.96985e+00	5.42740e-07
9.98490e+00	5.19541e-07
9.99995e+00	4.97286e-07
1.00150e+01	4.75941e-07
1.00300e+01	4.55451e-07
1.00451e+01	4.35829e-07
1.00601e+01	4.17026e-07
1.00752e+01	3.99011e-07
1.00902e+01	3.81752e-07
1.01053e+01	3.65218e-07
1.01203e+01	3.49380e-07
1.01354e+01	3.34209e-07
1.01504e+01	3.19678e-07
1.01655e+01	3.05761e-07
1.01805e+01	2.92431e-07
1.01956e+01	2.79665e-07
1.02106e+01	2.67441e-07
1.02257e+01	2.55735e-07
1.02407e+01	2.44526e-07
1.02558e+01	2.33793e-07
1.02708e+01	2.23518e-07
1.02859e+01	2.13681e-07
1.03009e+01	2.04264e-07
1.03160e+01	1.95249e-07
1.03310e+01	1.86621e-07
1.03461e+01	1.78362e-07
1.03611e+01	1.70457e-07
1.03762e+01	1.62892e-07
1.03912e+01	1.55652e-07
1.04063e+01	1.48724e-07
1.04213e+01	1.42095e-07
1.04364e+01	1.35752e-07
1.04514e+01	1.29683e-07
1.04665e+01	1.23877e-07
1.04815e+01	1.18322e-07
1.04966e+01	1.13008e-07
1.05116e+01	1.07925e-07
1.05267e+01	1.03063e-07
1.05417e+01	9.84123e-08
1.05568e+01	9.39641e-08
1.05718e+01	8.97100e-08
1.05869e+01	8.56419e-08
1.06019e+01	8.17519e-08
1.06170e+01	7.80295e-08
1.06320e+01	7.44752e-08
1.06470e+01	7.10792e-08
1.06621e+01	6.78350e-08
1.06771e+01	6.47360e-08
1.06922e+01	6.17757e-08
1.07072e+01	5.89481e-08
1.07223e+01	5.62472e-08
1.07373e+01	5.36676e-08
1.07524e+01	5.12038e-08
1.07674e+01	4.88508e-08
1.07825e+01	4.66037e-08
1.07975e+01	4.44576e-08
1.08126e+01	4.24083e-08
1.08276e+01	4.04514e-08
1.08427e+01	3.85827e-08
1.08577e+01	3.67984e-08
1.08728e+01	3.50947e-08
1.08878e+01	3.34679e-08
1.09029e+01	3.19148e-08
1.09179e+01	3.04320e-08
1.09330e+01	2.90163e-08
1.09480e+01	2.76647e-08
1.09631e+01	2.63745e-08
1.09781e+01	2.51427e-08
1.09932e+01	2.39668e-08
1.10082e+01	2.28442e-08
1.10233e+01	2.17726e-08
1.10383e+01	2.07497e-08
1.10534e+01	1.97733e-08
1.10684e+01	1.88412e-08
1.10835e+01	1.79514e-08
1.10985e+01	1.71021e-08
1.11136e+01	1.62913e-08
1.11286e+01	1.55173e-08
1.11437e+01	1.47785e-08
1.11587e+01	1.40732e-08
1.11738e+01	1.33999e-08
1.11888e+01	1.27571e-08
1.12039e+01	1.21433e-08
1.12189e+01	1.15574e-08
1.12340e+01	1.09981e-08
1.12490e+01	1.04641e-08
1.12641e+01	9.95428e-09
1.12791e+01	9.46756e-09
1.12941e+01	9.00289e-09
1.13092e+01	8.55925e-09
1.13242e+01	8.13568e-09
1.13393e+01	7.73125e-09
1.13543e+01	7.34508e-09
1.13694e+01	6.97632e-09
1.13844e+01	6.62417e-09
1.13995e+01	6.28785e-09
1.14145e+01	5.96662e-09
1.14296e+01	5.65978e-09
1.14446e+01	5.36664e-09
1.14597e+01	5.08655e-09
1.14747e+01	4.81889e-09
1.14898e+01	4.56308e-09
1.15048e+01	4.31853e-09
1.15199e+01	4.08470e-09
1.15349e+01	3.86106e-09
1.15500e+01	3.64707e-09
1.15650e+01	3.44219e-09
1.15801e+01	3.24638e-09
1.15951e+01	3.05944e-09
1.16102e+01	2.88115e-09
1.16252e+01	2.71129e-09
1.16403e+01	2.54957e-09
1.16553e+01	2.39645e-09
1.16704e+01	2.25209e-09
1.16854e+01	2.11613e-09
1.17005e+01	1.98798e-09
1.17155e+01	1.86702e-09
1.17306e+01	1.75267e-09
1.17456e+01	1.64442e-09
1.17607e+01	1.54195e-09
1.17757e+01	1.44506e-09
1.17908e+01	1.35355e-09
1.18058e+01	1.26711e-09
1.18209e+01	1.18542e-09
1.18359e+01	1.10818e-09
1.18510e+01	1.03584e-09
1.18660e+01	9.68656e-10
1.18811e+01	9.06043e-10
1.18961e+01	8.47389e-10
1.19112e+01	7.92456e-10
1.19262e+01	7.41121e-10
1.19412e+01	6.93072e-10
1.19563e+01	6.48054e-10
1.19713e+01	6.05851e-10
1.19864e+01	5.66277e-10
1.20014e+01	5.29161e-10
1.20165e+01	4.94346e-10
1.20315e+01	4.61693e-10
1.20466e+01	4.31070e-10
1.20616e+01	4.02356e-10
1.20767e+01	3.75435e-10
1.20917e+01	3.50197e-10
1.21068e+01	3.26541e-10
1.21218e+01	3.04370e-10
1.21369e+01	2.83598e-10
1.21519e+01	2.64143e-10
1.21670e+01	2.45928e-10
1.21820e+01	2.28877e-10
1.21971e+01	2.12920e-10
1.22121e+01	1.97991e-10
1.22272e+01	1.84032e-10
1.22422e+01	1.70985e-10
1.22573e+01	1.58798e-10
1.22723e+01	1.47422e-10
1.22874e+01	1.36809e-10
1.23024e+01	1.26911e-10
1.23175e+01	1.17688e-10
1.23325e+01	1.09096e-10
1.23476e+01	1.01093e-10
1.23626e+01	9.36419e-11
1.23777e+01	8.67069e-11
1.23927e+01	8.02542e-11
1.24078e+01	7.42518e-11
1.24228e+01	6.86709e-11
1.24379e+01	6.34842e-11
1.24529e+01	5.86662e-11
1.24680e+01	5.41929e-11
1.24830e+01	5.00415e-11
1.24981e+01	4.61908e-11
1.25131e+01	4.26205e-11
1.25282e+01	3.93121e-11
1.25432e+01	3.62481e-11
1.25583e+01	3.34117e-11
1.25733e+01	3.07871e-11
1.25883e+01	2.83620e-11
1.26034e+01	2.61219e-11
1.26184e+01	2.40538e-11
1.26335e+01	2.21453e-11
1.26485e+01	2.03847e-11
1.26636e+01	1.87611e-11
1.26786e+01	1.72644e-11
1.26937e+01	1.58853e-11
1.27087e+01	1.46151e-11
1.27238e+01	1.34453e-11
1.27388e+01	1.23684e-11
1.27539e+01	1.13771e-11
1.27689e+01	1.04648e-11
1.27840e+01	9.62539e-12
1.27990e+01	8.85324e-12
1.28141e+01	8.14319e-12
1.28291e+01	7.49014e-12
1.28442e+01	6.88947e-12
1.28592e+01	6.33676e-12
1.28743e+01	5.82773e-12
1.28893e+01	5.35835e-12
1.29044e+01	4.92526e-12
1.29194e+01	4.52554e-12
1.29345e+01	4.15788e-12
1.29495e+01	3.81926e-12
1.29646e+01	3.50648e-12
1.29796e+01	3.21687e-12
1.29947e+01	2.94881e-12
1.30097e+01	2.70043e-12
1.30248e+01	2.47158e-12
1.30398e+01	2.26305e-12
1.30549e+01	2.07533e-12
1.30699e+01	1.90672e-12
1.30850e+01	1.75379e-12
1.31000e+01	1.61438e-12
1.31151e+01	1.48660e-12
1.31301e+01	1.36889e-12
1.31452e+01	1.26002e-12
1.31602e+01	1.15940e-12
1.31753e+01	1.06659e-12
1.31903e+01	9.81320e-13
1.32054e+01	9.03284e-13
1.32204e+01	8.32086e-13
1.32354e+01	7.66787e-13
1.32505e+01	7.06730e-13
1.32655e+01	6.51412e-13
1.32806e+01	6.00429e-13
1.32956e+01	5.53388e-13
1.33107e+01	5.09934e-13
1.33257e+01	4.69765e-13
1.33408e+01	4.32606e-13
1.33558e+01	3.98224e-13
1.33709e+01	3.66399e-13
1.33859e+01	3.36945e-13
1.34010e+01	3.09702e-13
1.34160e+01	2.84515e-13
1.34311e+01	2.61237e-13
1.34461e+01	2.39747e-13
1.34612e+01	2.19928e-13
1.34762e+01	2.01690e-13
1.34913e+01	1.84919e-13
1.35063e+01	1.69490e-13
1.35214e+01	1.55288e-13
1.35364e+01	1.42221e-13
1.35515e+01	1.30204e-13
1.35665e+01	1.19157e-13
1.35816e+01	1.09007e-13
1.35966e+01	9.96846e-14
1.36117e+01	9.11266e-14
1.36267e+01	8.32728e-14
1.36418e+01	7.60678e-14
1.36568e+01	6.94604e-14
1.36719e+01	6.34032e-14
1.36869e+01	5.78523e-14
1.37020e+01	5.27672e-14
1.37170e+01	4.81105e-14
1.37321e+01	4.38475e-14
1.37471e+01	3.99462e-14
1.37622e+01	3.63773e-14
1.37772e+01	3.31134e-14
1.37923e+01	3.01294e-14
1.38073e+01	2.74022e-14
1.38224e+01	2.49104e-14
1.38374e+01	2.26347e-14
1.38525e+01	2.05570e-14
1.38675e+01	1.86605e-14
1.38825e+01	1.69302e-14
1.38976e+01	1.53523e-14
1.39126e+01	1.39141e-14
1.39277e+01	1.26041e-14
1.39427e+01	1.14114e-14
1.39578e+01	1.03262e-14
1.39728e+01	9.33933e-15
1.39879e+01	8.44231e-15
1.40029e+01	7.62742e-15
1.40180e+01	6.88762e-15
1.40330e+01	6.21643e-15
1.40481e+01	5.60775e-15
1.40631e+01	5.05609e-15
1.40782e+01	4.55634e-15
1.40932e+01	4.10387e-15
1.41083e+01	3.69445e-15
1.41233e+01	3.32417e-15
1.41384e+01	2.98947e-15
1.41534e+01	2.68710e-15
1.41685e+01	2.41406e-15
1.41835e+01	2.16764e-15
1.41986e+01	1.94536e-15
1.42136e+01	1.74494e-15
1.42287e+01	1.56432e-15
1.42437e+01	1.40164e-15
1.42588e+01	1.25520e-15
1.42738e+01	1.12346e-15
1.42889e+01	1.00501e-15
1.43039e+01	8.98577e-16
1.43190e+01	8.02996e-16
1.43340e+01	7.17210e-16
1.43491e+01	6.40257e-16
1.43641e+01	5.71268e-16
1.43792e+01	5.09453e-16
1.43942e+01	4.54096e-16
1.44093e+01	4.04549e-16
1.44243e+01	3.60229e-16
1.44394e+01	3.20604e-16
1.44544e+01	2.85197e-16
1.44695e+01	2.53576e-16
1.44845e+01	2.25351e-16
1.44996e+01	2.00170e-16
1.45146e+01	1.77716e-16
1.45296e+01	1.57705e-16
1.45447e+01	1.39879e-16
1.45597e+01	1.24008e-16
1.45748e+01	1.09885e-16
1.45898e+01	9.73221e-17
1.46049e+01	8.61531e-17
1.46199e+01	7.62279e-17
1.46350e+01	6.74118e-17
1.46500e+01	5.95844e-17
1.46651e+01	5.26376e-17
1.46801e+01	4.64750e-17
1.46952e+01	4.10100e-17
1.47102e+01	3.61655e-17
1.47253e+01	3.18721e-17
1.47403e+01	2.80684e-17
1.47554e+01	2.46990e-17
1.47704e+01	2.17149e-17
1.47855e+01	1.90722e-17
1.48005e+01	1.67315e-17
1.48156e+01	1.46579e-17
1.48306e+01	1.28203e-17
1.48457e+01	1.11906e-17
1.48607e+01	9.74418e-18
1.48758e+01	8.45864e-18
1.48908e+01	7.31413e-18
1.49059e+01	6.29284e-18
1.49209e+01	5.37880e-18
1.49360e+01	4.55764e-18
1.49510e+01	3.81640e-18
1.49661e+01	3.14338e-18
1.49811e+01	2.52794e-18
1.49962e+01	1.96047e-18
1.50112e+01	1.43247e-18
1.50263e+01	9.37420e-19
1.50413e+01	4.72126e-19
