# The ell = 0 distribution, the isotropy.
# E_N [Td]	6.00000e+00
# col_1: Electron Energy [eV], col_2: f0 [eV^(-3/2)]
eV	f0
8.03168e-03	5.75156e-01
2.40950e-02	5.75285e-01
4.01584e-02	5.75415e-01
5.62218e-02	5.75548e-01
7.22851e-02	5.75683e-01
8.83485e-02	5.75820e-01
1.04412e-01	5.75959e-01
1.20475e-01	5.76100e-01
1.36539e-01	5.76243e-01
1.52602e-01	5.76387e-01
1.68665e-01	5.76533e-01
1.84729e-01	5.76681e-01
2.00792e-01	5.76829e-01
2.16855e-01	5.76979e-01
2.32919e-01	5.77131e-01
2.48982e-01	5.77284e-01
2.65045e-01	5.77438e-01
2.81109e-01	5.77594e-01
2.97172e-01	5.77751e-01
3.13236e-01	5.77911e-01
3.29299e-01	5.78073e-01
3.45362e-01	5.78237e-01
3.61426e-01	5.78403e-01
3.77489e-01	5.78573e-01
3.93552e-01	5.78745e-01
4.09616e-01	5.78920e-01
4.25679e-01	5.79098e-01
4.41742e-01	5.79278e-01
4.57806e-01	5.79460e-01
4.73869e-01	5.79646e-01
4.89933e-01	5.79833e-01
5.05996e-01	5.80021e-01
5.22059e-01	5.80212e-01
5.38123e-01	5.80403e-01
5.54186e-01	5.80594e-01
5.70249e-01	5.80784e-01
5.86313e-01	5.80972e-01
6.02376e-01	5.81156e-01
6.18439e-01	5.81337e-01
6.34503e-01	5.81514e-01
6.50566e-01	5.81684e-01
6.66629e-01	5.81843e-01
6.82693e-01	5.81990e-01
6.98756e-01	5.82120e-01
7.14820e-01	5.82228e-01
7.30883e-01	5.82308e-01
7.46946e-01	5.82358e-01
7.63010e-01	5.82371e-01
7.79073e-01	5.82343e-01
7.95136e-01	5.82271e-01
8.11200e-01	5.82152e-01
8.27263e-01	5.81987e-01
8.43326e-01	5.81775e-01
8.59390e-01	5.81518e-01
8.75453e-01	5.81216e-01
8.91517e-01	5.80863e-01
9.07580e-01	5.80455e-01
9.23643e-01	5.79987e-01
9.39707e-01	5.79459e-01
9.55770e-01	5.78857e-01
9.71833e-01	5.78172e-01
9.87897e-01	5.77395e-01
1.00396e+00	5.76521e-01
1.02002e+00	5.75548e-01
1.03609e+00	5.74462e-01
1.05215e+00	5.73252e-01
1.06821e+00	5.71909e-01
1.08428e+00	5.70440e-01
1.10034e+00	5.68840e-01
1.11640e+00	5.67106e-01
1.13247e+00	5.65235e-01
1.14853e+00	5.63227e-01
1.16459e+00	5.61081e-01
1.18066e+00	5.58795e-01
1.19672e+00	5.56371e-01
1.21278e+00	5.53810e-01
1.22885e+00	5.51110e-01
1.24491e+00	5.48259e-01
1.26097e+00	5.45251e-01
1.27704e+00	5.42085e-01
1.29310e+00	5.38759e-01
1.30916e+00	5.35250e-01
1.32523e+00	5.31525e-01
1.34129e+00	5.27561e-01
1.35735e+00	5.23334e-01
1.37342e+00	5.18829e-01
1.38948e+00	5.14039e-01
1.40554e+00	5.08989e-01
1.42161e+00	5.03699e-01
1.43767e+00	4.98187e-01
1.45373e+00	4.92471e-01
1.46980e+00	4.86575e-01
1.48586e+00	4.80515e-01
1.50192e+00	4.74298e-01
1.51799e+00	4.67929e-01
1.53405e+00	4.61419e-01
1.55011e+00	4.54776e-01
1.56618e+00	4.47955e-01
1.58224e+00	4.40902e-01
1.59830e+00	4.33569e-01
1.61437e+00	4.25914e-01
1.63043e+00	4.17903e-01
1.64649e+00	4.09486e-01
1.66256e+00	4.00656e-01
1.67862e+00	3.91413e-01
1.69468e+00	3.81766e-01
1.71075e+00	3.71716e-01
1.72681e+00	3.61259e-01
1.74287e+00	3.50394e-01
1.75894e+00	3.39177e-01
1.77500e+00	3.27680e-01
1.79106e+00	3.15971e-01
1.80713e+00	3.04102e-01
1.82319e+00	2.92136e-01
1.83925e+00	2.80112e-01
1.85532e+00	2.68007e-01
1.87138e+00	2.55864e-01
1.88744e+00	2.43724e-01
1.90351e+00	2.31685e-01
1.91957e+00	2.19842e-01
1.93563e+00	2.08344e-01
1.95170e+00	1.97287e-01
1.96776e+00	1.86730e-01
1.98383e+00	1.76684e-01
1.99989e+00	1.67159e-01
2.01595e+00	1.58173e-01
2.03202e+00	1.49755e-01
2.04808e+00	1.41843e-01
2.06414e+00	1.34373e-01
2.08021e+00	1.27284e-01
2.09627e+00	1.20527e-01
2.11233e+00	1.14056e-01
2.12840e+00	1.07821e-01
2.14446e+00	1.01849e-01
2.16052e+00	9.61600e-02
2.17659e+00	9.07588e-02
2.19265e+00	8.56375e-02
2.20871e+00	8.07906e-02
2.22478e+00	7.62133e-02
2.24084e+00	7.18888e-02
2.25690e+00	6.78394e-02
2.27297e+00	6.40553e-02
2.28903e+00	6.05196e-02
2.30509e+00	5.72119e-02
2.32116e+00	5.41152e-02
2.33722e+00	5.12207e-02
2.35328e+00	4.85193e-02
2.36935e+00	4.59702e-02
2.38541e+00	4.35563e-02
2.40147e+00	4.12722e-02
2.41754e+00	3.91094e-02
2.43360e+00	3.70395e-02
2.44966e+00	3.50615e-02
2.46573e+00	3.31786e-02
2.48179e+00	3.14090e-02
2.49785e+00	2.97698e-02
2.51392e+00	2.82533e-02
2.52998e+00	2.68490e-02
2.54604e+00	2.55526e-02
2.56211e+00	2.43516e-02
2.57817e+00	2.32370e-02
2.59423e+00	2.22024e-02
2.61030e+00	2.12221e-02
2.62636e+00	2.02915e-02
2.64242e+00	1.94088e-02
2.65849e+00	1.85745e-02
2.67455e+00	1.77858e-02
2.69061e+00	1.70404e-02
2.70668e+00	1.63372e-02
2.72274e+00	1.56748e-02
2.73880e+00	1.50548e-02
2.75487e+00	1.44701e-02
2.77093e+00	1.39140e-02
2.78699e+00	1.33847e-02
2.80306e+00	1.28822e-02
2.81912e+00	1.24047e-02
2.83518e+00	1.19511e-02
2.85125e+00	1.15224e-02
2.86731e+00	1.11174e-02
2.88337e+00	1.07372e-02
2.89944e+00	1.03834e-02
2.91550e+00	1.00531e-02
2.93156e+00	9.74359e-03
2.94763e+00	9.45236e-03
2.96369e+00	9.17722e-03
2.97975e+00	8.91606e-03
2.99582e+00	8.66621e-03
3.01188e+00	8.42615e-03
3.02794e+00	8.19508e-03
3.04401e+00	7.97332e-03
3.06007e+00	7.76111e-03
3.07613e+00	7.55851e-03
3.09220e+00	7.36545e-03
3.10826e+00	7.18194e-03
3.12432e+00	7.00726e-03
3.14039e+00	6.84088e-03
3.15645e+00	6.68189e-03
3.17251e+00	6.52953e-03
3.18858e+00	6.38359e-03
3.20464e+00	6.24391e-03
3.22070e+00	6.11034e-03
3.23677e+00	5.98268e-03
3.25283e+00	5.86079e-03
3.26889e+00	5.74458e-03
3.28496e+00	5.63384e-03
3.30102e+00	5.52820e-03
3.31708e+00	5.42728e-03
3.33315e+00	5.33064e-03
3.34921e+00	5.23789e-03
3.36527e+00	5.14873e-03
3.38134e+00	5.06287e-03
3.39740e+00	4.98006e-03
3.41346e+00	4.90008e-03
3.42953e+00	4.82269e-03
3.44559e+00	4.74783e-03
3.46165e+00	4.67544e-03
3.47772e+00	4.60541e-03
3.49378e+00	4.53765e-03
3.50984e+00	4.47201e-03
3.52591e+00	4.40838e-03
3.54197e+00	4.34667e-03
3.55803e+00	4.28678e-03
3.57410e+00	4.22868e-03
3.59016e+00	4.17233e-03
3.60622e+00	4.11771e-03
3.62229e+00	4.06474e-03
3.63835e+00	4.01337e-03
3.65441e+00	3.96354e-03
3.67048e+00	3.91521e-03
3.68654e+00	3.86832e-03
3.70260e+00	3.82282e-03
3.71867e+00	3.77865e-03
3.73473e+00	3.73575e-03
3.75079e+00	3.69406e-03
3.76686e+00	3.65349e-03
3.78292e+00	3.61396e-03
3.79898e+00	3.57540e-03
3.81505e+00	3.53771e-03
3.83111e+00	3.50083e-03
3.84717e+00	3.46468e-03
3.86324e+00	3.42916e-03
3.87930e+00	3.39423e-03
3.89536e+00	3.35988e-03
3.91143e+00	3.32609e-03
3.92749e+00	3.29284e-03
3.94356e+00	3.26012e-03
3.95962e+00	3.22791e-03
3.97568e+00	3.19617e-03
3.99175e+00	3.16489e-03
4.00781e+00	3.13401e-03
4.02387e+00	3.10351e-03
4.03994e+00	3.07338e-03
4.05600e+00	3.04362e-03
4.07206e+00	3.01424e-03
4.08813e+00	2.98523e-03
4.10419e+00	2.95659e-03
4.12025e+00	2.92833e-03
4.13632e+00	2.90044e-03
4.15238e+00	2.87292e-03
4.16844e+00	2.84576e-03
4.18451e+00	2.81897e-03
4.20057e+00	2.79255e-03
4.21663e+00	2.76649e-03
4.23270e+00	2.74079e-03
4.24876e+00	2.71545e-03
4.26482e+00	2.69046e-03
4.28089e+00	2.66583e-03
4.29695e+00	2.64157e-03
4.31301e+00	2.61767e-03
4.32908e+00	2.59413e-03
4.34514e+00	2.57096e-03
4.36120e+00	2.54816e-03
4.37727e+00	2.52573e-03
4.39333e+00	2.50367e-03
4.40939e+00	2.48198e-03
4.42546e+00	2.46067e-03
4.44152e+00	2.43972e-03
4.45758e+00	2.41915e-03
4.47365e+00	2.39893e-03
4.48971e+00	2.37908e-03
4.50577e+00	2.35959e-03
4.52184e+00	2.34047e-03
4.53790e+00	2.32171e-03
4.55396e+00	2.30330e-03
4.57003e+00	2.28526e-03
4.58609e+00	2.26755e-03
4.60215e+00	2.25017e-03
4.61822e+00	2.23313e-03
4.63428e+00	2.21640e-03
4.65034e+00	2.19999e-03
4.66641e+00	2.18387e-03
4.68247e+00	2.16804e-03
4.69853e+00	2.15249e-03
4.71460e+00	2.13719e-03
4.73066e+00	2.12215e-03
4.74672e+00	2.10735e-03
4.76279e+00	2.09278e-03
4.77885e+00	2.07843e-03
4.79491e+00	2.06429e-03
4.81098e+00	2.05036e-03
4.82704e+00	2.03662e-03
4.84310e+00	2.02306e-03
4.85917e+00	2.00966e-03
4.87523e+00	1.99642e-03
4.89129e+00	1.98332e-03
4.90736e+00	1.97034e-03
4.92342e+00	1.95747e-03
4.93948e+00	1.94470e-03
4.95555e+00	1.93202e-03
4.97161e+00	1.91943e-03
4.98767e+00	1.90692e-03
5.00374e+00	1.89448e-03
5.01980e+00	1.88211e-03
5.03586e+00	1.86980e-03
5.05193e+00	1.85755e-03
5.06799e+00	1.84536e-03
5.08405e+00	1.83321e-03
5.10012e+00	1.82110e-03
5.11618e+00	1.80903e-03
5.13224e+00	1.79700e-03
5.14831e+00	1.78501e-03
5.16437e+00	1.77306e-03
5.18043e+00	1.76114e-03
5.19650e+00	1.74927e-03
5.21256e+00	1.73744e-03
5.22862e+00	1.72564e-03
5.24469e+00	1.71389e-03
5.26075e+00	1.70219e-03
5.27681e+00	1.69052e-03
5.29288e+00	1.67889e-03
5.30894e+00	1.66731e-03
5.32500e+00	1.65576e-03
5.34107e+00	1.64426e-03
5.35713e+00	1.63280e-03
5.37319e+00	1.62138e-03
5.38926e+00	1.61000e-03
5.40532e+00	1.59866e-03
5.42138e+00	1.58736e-03
5.43745e+00	1.57611e-03
5.45351e+00	1.56489e-03
5.46957e+00	1.55372e-03
5.48564e+00	1.54259e-03
5.50170e+00	1.53149e-03
5.51776e+00	1.52044e-03
5.53383e+00	1.50943e-03
5.54989e+00	1.49846e-03
5.56595e+00	1.48754e-03
5.58202e+00	1.47665e-03
5.59808e+00	1.46580e-03
5.61414e+00	1.45500e-03
5.63021e+00	1.44423e-03
5.64627e+00	1.43351e-03
5.66233e+00	1.42282e-03
5.67840e+00	1.41218e-03
5.69446e+00	1.40157e-03
5.71052e+00	1.39101e-03
5.72659e+00	1.38049e-03
5.74265e+00	1.37001e-03
5.75871e+00	1.35956e-03
5.77478e+00	1.34916e-03
5.79084e+00	1.33880e-03
5.80690e+00	1.32847e-03
5.82297e+00	1.31819e-03
5.83903e+00	1.30795e-03
5.85509e+00	1.29774e-03
5.87116e+00	1.28758e-03
5.88722e+00	1.27745e-03
5.90329e+00	1.26736e-03
5.91935e+00	1.25732e-03
5.93541e+00	1.24731e-03
5.95148e+00	1.23734e-03
5.96754e+00	1.22741e-03
5.98360e+00	1.21752e-03
5.99967e+00	1.20767e-03
6.01573e+00	1.19786e-03
6.03179e+00	1.18808e-03
6.04786e+00	1.17834e-03
6.06392e+00	1.16865e-03
6.07998e+00	1.15899e-03
6.09605e+00	1.14938e-03
6.11211e+00	1.13980e-03
6.12817e+00	1.13026e-03
6.14424e+00	1.12076e-03
6.16030e+00	1.11130e-03
6.17636e+00	1.10188e-03
6.19243e+00	1.09250e-03
6.20849e+00	1.08315e-03
6.22455e+00	1.07385e-03
6.24062e+00	1.06458e-03
6.25668e+00	1.05535e-03
6.27274e+00	1.04616e-03
6.28881e+00	1.03700e-03
6.30487e+00	1.02789e-03
6.32093e+00	1.01881e-03
6.33700e+00	1.00976e-03
6.35306e+00	1.00076e-03
6.36912e+00	9.91789e-04
6.38519e+00	9.82858e-04
6.40125e+00	9.73963e-04
6.41731e+00	9.65105e-04
6.43338e+00	9.56283e-04
6.44944e+00	9.47497e-04
6.46550e+00	9.38748e-04
6.48157e+00	9.30034e-04
6.49763e+00	9.21356e-04
6.51369e+00	9.12714e-04
6.52976e+00	9.04107e-04
6.54582e+00	8.95536e-04
6.56188e+00	8.86999e-04
6.57795e+00	8.78498e-04
6.59401e+00	8.70031e-04
6.61007e+00	8.61599e-04
6.62614e+00	8.53201e-04
6.64220e+00	8.44838e-04
6.65826e+00	8.36509e-04
6.67433e+00	8.28214e-04
6.69039e+00	8.19952e-04
6.70645e+00	8.11725e-04
6.72252e+00	8.03530e-04
6.73858e+00	7.95369e-04
6.75464e+00	7.87242e-04
6.77071e+00	7.79147e-04
6.78677e+00	7.71086e-04
6.80283e+00	7.63059e-04
6.81890e+00	7.55065e-04
6.83496e+00	7.47104e-04
6.85102e+00	7.39177e-04
6.86709e+00	7.31284e-04
6.88315e+00	7.23424e-04
6.89921e+00	7.15598e-04
6.91528e+00	7.07806e-04
6.93134e+00	7.00047e-04
6.94740e+00	6.92320e-04
6.96347e+00	6.84631e-04
6.97953e+00	6.76978e-04
6.99559e+00	6.69360e-04
7.01166e+00	6.61778e-04
7.02772e+00	6.54232e-04
7.04378e+00	6.46721e-04
7.05985e+00	6.39246e-04
7.07591e+00	6.31804e-04
7.09197e+00	6.24399e-04
7.10804e+00	6.17031e-04
7.12410e+00	6.09699e-04
7.14016e+00	6.02404e-04
7.15623e+00	5.95144e-04
7.17229e+00	5.87921e-04
7.18835e+00	5.80734e-04
7.20442e+00	5.73582e-04
7.22048e+00	5.66466e-04
7.23654e+00	5.59385e-04
7.25261e+00	5.52339e-04
7.26867e+00	5.45329e-04
7.28473e+00	5.38353e-04
7.30080e+00	5.31411e-04
7.31686e+00	5.24504e-04
7.33292e+00	5.17630e-04
7.34899e+00	5.10790e-04
7.36505e+00	5.03983e-04
7.38111e+00	4.97209e-04
7.39718e+00	4.90468e-04
7.41324e+00	4.83761e-04
7.42930e+00	4.77089e-04
7.44537e+00	4.70451e-04
7.46143e+00	4.63848e-04
7.47749e+00	4.57280e-04
7.49356e+00	4.50747e-04
7.50962e+00	4.44250e-04
7.52568e+00	4.37788e-04
7.54175e+00	4.31363e-04
7.55781e+00	4.24973e-04
7.57387e+00	4.18620e-04
7.58994e+00	4.12304e-04
7.60600e+00	4.06025e-04
7.62206e+00	3.99782e-04
7.63813e+00	3.93577e-04
7.65419e+00	3.87410e-04
7.67025e+00	3.81280e-04
7.68632e+00	3.75189e-04
7.70238e+00	3.69135e-04
7.71844e+00	3.63120e-04
7.73451e+00	3.57143e-04
7.75057e+00	3.51204e-04
7.76663e+00	3.45304e-04
7.78270e+00	3.39443e-04
7.79876e+00	3.33622e-04
7.81482e+00	3.27842e-04
7.83089e+00	3.22104e-04
7.84695e+00	3.16409e-04
7.86302e+00	3.10758e-04
7.87908e+00	3.05151e-04
7.89514e+00	2.99591e-04
7.91121e+00	2.94077e-04
7.92727e+00	2.88611e-04
7.94333e+00	2.83193e-04
7.95940e+00	2.77824e-04
7.97546e+00	2.72506e-04
7.99152e+00	2.67237e-04
8.00759e+00	2.62020e-04
8.02365e+00	2.56854e-04
8.03971e+00	2.51741e-04
8.05578e+00	2.46681e-04
8.07184e+00	2.41675e-04
8.08790e+00	2.36723e-04
8.10397e+00	2.31827e-04
8.12003e+00	2.26986e-04
8.13609e+00	2.22201e-04
8.15216e+00	2.17473e-04
8.16822e+00	2.12801e-04
8.18428e+00	2.08187e-04
8.20035e+00	2.03630e-04
8.21641e+00	1.99131e-04
8.23247e+00	1.94690e-04
8.24854e+00	1.90307e-04
8.26460e+00	1.85982e-04
8.28066e+00	1.81717e-04
8.29673e+00	1.77512e-04
8.31279e+00	1.73367e-04
8.32885e+00	1.69282e-04
8.34492e+00	1.65258e-04
8.36098e+00	1.61296e-04
8.37704e+00	1.57395e-04
8.39311e+00	1.53556e-04
8.40917e+00	1.49780e-04
8.42523e+00	1.46065e-04
8.44130e+00	1.42414e-04
8.45736e+00	1.38824e-04
8.47342e+00	1.35297e-04
8.48949e+00	1.31833e-04
8.50555e+00	1.28433e-04
8.52161e+00	1.25097e-04
8.53768e+00	1.21825e-04
8.55374e+00	1.18617e-04
8.56980e+00	1.15472e-04
8.58587e+00	1.12390e-04
8.60193e+00	1.09370e-04
8.61799e+00	1.06413e-04
8.63406e+00	1.03517e-04
8.65012e+00	1.00682e-04
8.66618e+00	9.79074e-05
8.68225e+00	9.51928e-05
8.69831e+00	9.25375e-05
8.71437e+00	8.99408e-05
8.73044e+00	8.74022e-05
8.74650e+00	8.49210e-05
8.76256e+00	8.24965e-05
8.77863e+00	8.01280e-05
8.79469e+00	7.78150e-05
8.81075e+00	7.55567e-05
8.82682e+00	7.33523e-05
8.84288e+00	7.12012e-05
8.85894e+00	6.91027e-05
8.87501e+00	6.70560e-05
8.89107e+00	6.50603e-05
8.90713e+00	6.31150e-05
8.92320e+00	6.12192e-05
8.93926e+00	5.93721e-05
8.95532e+00	5.75731e-05
8.97139e+00	5.58217e-05
8.98745e+00	5.41169e-05
9.00351e+00	5.24580e-05
9.01958e+00	5.08440e-05
9.03564e+00	4.92741e-05
9.05170e+00	4.77473e-05
9.06777e+00	4.62625e-05
9.08383e+00	4.48187e-05
9.09989e+00	4.34151e-05
9.11596e+00	4.20505e-05
9.13202e+00	4.07242e-05
9.14808e+00	3.94352e-05
9.16415e+00	3.81825e-05
9.18021e+00	3.69654e-05
9.19627e+00	3.57830e-05
9.21234e+00	3.46344e-05
9.22840e+00	3.35188e-05
9.24446e+00	3.24353e-05
9.26053e+00	3.13832e-05
9.27659e+00	3.03617e-05
9.29265e+00	2.93701e-05
9.30872e+00	2.84075e-05
9.32478e+00	2.74733e-05
9.34084e+00	2.65667e-05
9.35691e+00	2.56870e-05
9.37297e+00	2.48335e-05
9.38903e+00	2.40056e-05
9.40510e+00	2.32025e-05
9.42116e+00	2.24237e-05
9.43722e+00	2.16684e-05
9.45329e+00	2.09361e-05
9.46935e+00	2.02261e-05
9.48541e+00	1.95379e-05
9.50148e+00	1.88708e-05
9.51754e+00	1.82242e-05
9.53360e+00	1.75977e-05
9.54967e+00	1.69907e-05
9.56573e+00	1.64026e-05
9.58179e+00	1.58329e-05
9.59786e+00	1.52810e-05
9.61392e+00	1.47466e-05
9.62998e+00	1.42291e-05
9.64605e+00	1.37281e-05
9.66211e+00	1.32431e-05
9.67817e+00	1.27737e-05
9.69424e+00	1.23194e-05
9.71030e+00	1.18799e-05
9.72636e+00	1.14547e-05
9.74243e+00	1.10434e-05
9.75849e+00	1.06456e-05
9.77455e+00	1.02610e-05
9.79062e+00	9.88917e-06
9.80668e+00	9.52972e-06
9.82275e+00	9.18231e-06
9.83881e+00	8.84659e-06
9.85487e+00	8.52221e-06
9.87094e+00	8.20886e-06
9.88700e+00	7.90619e-06
9.90306e+00	7.61389e-06
9.91913e+00	7.33165e-06
9.93519e+00	7.05918e-06
9.95125e+00	6.79617e-06
9.96732e+00	6.54234e-06
9.98338e+00	6.29741e-06
9.99944e+00	6.06113e-06
1.00155e+01	5.83320e-06
1.00316e+01	5.61320e-06
1.00476e+01	5.40131e-06
1.00637e+01	5.19711e-06
1.00798e+01	5.00038e-06
1.00958e+01	4.81082e-06
1.01119e+01	4.62821e-06
1.01279e+01	4.45228e-06
1.01440e+01	4.28280e-06
1.01601e+01	4.11955e-06
1.01761e+01	3.96229e-06
1.01922e+01	3.81081e-06
1.02083e+01	3.66492e-06
1.02243e+01	3.52441e-06
1.02404e+01	3.38909e-06
1.02565e+01	3.25877e-06
1.02725e+01	3.13328e-06
1.02886e+01	3.01244e-06
1.03046e+01	2.89609e-06
1.03207e+01	2.78406e-06
1.03368e+01	2.67620e-06
1.03528e+01	2.57236e-06
1.03689e+01	2.47240e-06
1.03850e+01	2.37617e-06
1.04010e+01	2.28354e-06
1.04171e+01	2.19437e-06
1.04332e+01	2.10856e-06
1.04492e+01	2.02596e-06
1.04653e+01	1.94646e-06
1.04813e+01	1.86996e-06
1.04974e+01	1.79634e-06
1.05135e+01	1.72549e-06
1.05295e+01	1.65732e-06
1.05456e+01	1.59173e-06
1.05617e+01	1.52861e-06
1.05777e+01	1.46788e-06
1.05938e+01	1.40948e-06
1.06098e+01	1.35325e-06
1.06259e+01	1.29919e-06
1.06420e+01	1.24724e-06
1.06580e+01	1.19731e-06
1.06741e+01	1.14933e-06
1.06902e+01	1.10322e-06
1.07062e+01	1.05890e-06
1.07223e+01	1.01632e-06
1.07384e+01	9.75399e-07
1.07544e+01	9.36079e-07
1.07705e+01	8.98298e-07
1.07865e+01	8.61996e-07
1.08026e+01	8.27116e-07
1.08187e+01	7.93603e-07
1.08347e+01	7.61405e-07
1.08508e+01	7.30470e-07
1.08669e+01	7.00750e-07
1.08829e+01	6.72198e-07
1.08990e+01	6.44768e-07
1.09151e+01	6.18417e-07
1.09311e+01	5.93103e-07
1.09472e+01	5.68784e-07
1.09632e+01	5.45423e-07
1.09793e+01	5.22982e-07
1.09954e+01	5.01425e-07
1.10114e+01	4.80716e-07
1.10275e+01	4.60823e-07
1.10436e+01	4.41714e-07
1.10596e+01	4.23358e-07
1.10757e+01	4.05724e-07
1.10918e+01	3.88784e-07
1.11078e+01	3.72510e-07
1.11239e+01	3.56877e-07
1.11399e+01	3.41857e-07
1.11560e+01	3.27427e-07
1.11721e+01	3.13563e-07
1.11881e+01	3.00242e-07
1.12042e+01	2.87443e-07
1.12203e+01	2.75144e-07
1.12363e+01	2.63326e-07
1.12524e+01	2.51970e-07
1.12684e+01	2.41058e-07
1.12845e+01	2.30573e-07
1.13006e+01	2.20496e-07
1.13166e+01	2.10813e-07
1.13327e+01	2.01506e-07
1.13488e+01	1.92562e-07
1.13648e+01	1.83964e-07
1.13809e+01	1.75700e-07
1.13970e+01	1.67755e-07
1.14130e+01	1.60116e-07
1.14291e+01	1.52772e-07
1.14451e+01	1.45708e-07
1.14612e+01	1.38915e-07
1.14773e+01	1.32381e-07
1.14933e+01	1.26094e-07
1.15094e+01	1.20044e-07
1.15255e+01	1.14221e-07
1.15415e+01	1.08614e-07
1.15576e+01	1.03212e-07
1.15737e+01	9.80106e-08
1.15897e+01	9.30092e-08
1.16058e+01	8.82053e-08
1.16218e+01	8.35954e-08
1.16379e+01	7.91739e-08
1.16540e+01	7.49549e-08
1.16700e+01	7.09462e-08
1.16861e+01	6.71425e-08
1.17022e+01	6.35299e-08
1.17182e+01	6.00940e-08
1.17343e+01	5.68201e-08
1.17503e+01	5.36970e-08
1.17664e+01	5.07187e-08
1.17825e+01	4.78829e-08
1.17985e+01	4.51842e-08
1.18146e+01	4.26141e-08
1.18307e+01	4.01658e-08
1.18467e+01	3.78416e-08
1.18628e+01	3.56659e-08
1.18789e+01	3.36250e-08
1.18949e+01	3.16974e-08
1.19110e+01	2.98767e-08
1.19270e+01	2.81608e-08
1.19431e+01	2.65412e-08
1.19592e+01	2.50109e-08
1.19752e+01	2.35642e-08
1.19913e+01	2.21962e-08
1.20074e+01	2.09023e-08
1.20234e+01	1.96786e-08
1.20395e+01	1.85212e-08
1.20556e+01	1.74268e-08
1.20716e+01	1.63921e-08
1.20877e+01	1.54140e-08
1.21037e+01	1.44893e-08
1.21198e+01	1.36153e-08
1.21359e+01	1.27894e-08
1.21519e+01	1.20094e-08
1.21680e+01	1.12727e-08
1.21841e+01	1.05773e-08
1.22001e+01	9.92085e-09
1.22162e+01	9.30146e-09
1.22322e+01	8.71731e-09
1.22483e+01	8.16670e-09
1.22644e+01	7.64799e-09
1.22804e+01	7.15961e-09
1.22965e+01	6.70004e-09
1.23126e+01	6.26782e-09
1.23286e+01	5.86149e-09
1.23447e+01	5.47961e-09
1.23608e+01	5.12080e-09
1.23768e+01	4.78378e-09
1.23929e+01	4.46733e-09
1.24089e+01	4.17025e-09
1.24250e+01	3.89150e-09
1.24411e+01	3.63005e-09
1.24571e+01	3.38495e-09
1.24732e+01	3.15529e-09
1.24893e+01	2.94019e-09
1.25053e+01	2.73883e-09
1.25214e+01	2.55041e-09
1.25375e+01	2.37421e-09
1.25535e+01	2.20952e-09
1.25696e+01	2.05561e-09
1.25856e+01	1.91201e-09
1.26017e+01	1.77807e-09
1.26178e+01	1.65321e-09
1.26338e+01	1.53686e-09
1.26499e+01	1.42848e-09
1.26660e+01	1.32756e-09
1.26820e+01	1.23363e-09
1.26981e+01	1.14623e-09
1.27141e+01	1.06494e-09
1.27302e+01	9.89345e-10
1.27463e+01	9.19066e-10
1.27623e+01	8.53737e-10
1.27784e+01	7.93022e-10
1.27945e+01	7.36608e-10
1.28105e+01	6.84208e-10
1.28266e+01	6.35535e-10
1.28427e+01	5.90318e-10
1.28587e+01	5.48301e-10
1.28748e+01	5.09220e-10
1.28908e+01	4.72825e-10
1.29069e+01	4.38911e-10
1.29230e+01	4.07306e-10
1.29390e+01	3.77954e-10
1.29551e+01	3.50636e-10
1.29712e+01	3.25125e-10
1.29872e+01	3.01279e-10
1.30033e+01	2.78988e-10
1.30194e+01	2.58148e-10
1.30354e+01	2.38893e-10
1.30515e+01	2.21328e-10
1.30675e+01	2.05394e-10
1.30836e+01	1.90815e-10
1.30997e+01	1.77390e-10
1.31157e+01	1.64959e-10
1.31318e+01	1.53387e-10
1.31479e+01	1.42572e-10
1.31639e+01	1.32480e-10
1.31800e+01	1.23085e-10
1.31961e+01	1.14380e-10
1.32121e+01	1.06346e-10
1.32282e+01	9.89268e-11
1.32442e+01	9.20366e-11
1.32603e+01	8.56313e-11
1.32764e+01	7.96689e-11
1.32924e+01	7.41150e-11
1.33085e+01	6.89344e-11
1.33246e+01	6.40983e-11
1.33406e+01	5.95807e-11
1.33567e+01	5.53593e-11
1.33727e+01	5.14136e-11
1.33888e+01	4.77261e-11
1.34049e+01	4.42821e-11
1.34209e+01	4.10667e-11
1.34370e+01	3.80665e-11
1.34531e+01	3.52701e-11
1.34691e+01	3.26679e-11
1.34852e+01	3.02503e-11
1.35013e+01	2.80038e-11
1.35173e+01	2.59151e-11
1.35334e+01	2.39731e-11
1.35494e+01	2.21685e-11
1.35655e+01	2.04924e-11
1.35816e+01	1.89362e-11
1.35976e+01	1.74920e-11
1.36137e+01	1.61523e-11
1.36298e+01	1.49099e-11
1.36458e+01	1.37582e-11
1.36619e+01	1.26909e-11
1.36780e+01	1.17020e-11
1.36940e+01	1.07863e-11
1.37101e+01	9.93852e-12
1.37261e+01	9.15389e-12
1.37422e+01	8.42795e-12
1.37583e+01	7.75652e-12
1.37743e+01	7.13571e-12
1.37904e+01	6.56186e-12
1.38065e+01	6.03158e-12
1.38225e+01	5.54172e-12
1.38386e+01	5.08935e-12
1.38546e+01	4.67173e-12
1.38707e+01	4.28629e-12
1.38868e+01	3.93069e-12
1.39028e+01	3.60280e-12
1.39189e+01	3.30060e-12
1.39350e+01	3.02224e-12
1.39510e+01	2.76598e-12
1.39671e+01	2.53021e-12
1.39832e+01	2.31337e-12
1.39992e+01	2.11404e-12
1.40153e+01	1.93094e-12
1.40313e+01	1.76284e-12
1.40474e+01	1.60859e-12
1.40635e+01	1.46712e-12
1.40795e+01	1.33743e-12
1.40956e+01	1.21861e-12
1.41117e+01	1.10980e-12
1.41277e+01	1.01022e-12
1.41438e+01	9.19120e-13
1.41599e+01	8.35828e-13
1.41759e+01	7.59709e-13
1.41920e+01	6.90179e-13
1.42080e+01	6.26698e-13
1.42241e+01	5.68765e-13
1.42402e+01	5.15923e-13
1.42562e+01	4.67750e-13
1.42723e+01	4.23861e-13
1.42884e+01	3.83897e-13
1.43044e+01	3.47527e-13
1.43205e+01	3.14448e-13
1.43365e+01	2.84378e-13
1.43526e+01	2.57058e-13
1.43687e+01	2.32250e-13
1.43847e+01	2.09735e-13
1.44008e+01	1.89313e-13
1.44169e+01	1.70798e-13
1.44329e+01	1.54021e-13
1.44490e+01	1.38828e-13
1.44651e+01	1.25075e-13
1.44811e+01	1.12633e-13
1.44972e+01	1.01383e-13
1.45132e+01	9.12151e-14
1.45293e+01	8.20301e-14
1.45454e+01	7.37371e-14
1.45614e+01	6.62531e-14
1.45775e+01	5.95026e-14
1.45936e+01	5.34164e-14
1.46096e+01	4.79320e-14
1.46257e+01	4.29920e-14
1.46418e+01	3.85446e-14
1.46578e+01	3.45426e-14
1.46739e+01	3.09429e-14
1.46899e+01	2.77067e-14
1.47060e+01	2.47986e-14
1.47221e+01	2.21865e-14
1.47381e+01	1.98413e-14
1.47542e+01	1.77367e-14
1.47703e+01	1.58489e-14
1.47863e+01	1.41563e-14
1.48024e+01	1.26393e-14
1.48185e+01	1.12805e-14
1.48345e+01	1.00637e-14
1.48506e+01	8.97470e-15
1.48666e+01	8.00047e-15
1.48827e+01	7.12929e-15
1.48988e+01	6.35061e-15
1.49148e+01	5.65491e-15
1.49309e+01	5.03363e-15
1.49470e+01	4.47907e-15
1.49630e+01	3.98428e-15
1.49791e+01	3.54303e-15
1.49951e+01	3.14972e-15
1.50112e+01	2.79928e-15
1.50273e+01	2.48717e-15
1.50433e+01	2.20928e-15
1.50594e+01	1.96191e-15
1.50755e+01	1.74179e-15
1.50915e+01	1.54595e-15
1.51076e+01	1.37177e-15
1.51237e+01	1.21690e-15
1.51397e+01	1.07923e-15
1.51558e+01	9.56884e-16
1.51718e+01	8.48188e-16
1.51879e+01	7.51644e-16
1.52040e+01	6.65918e-16
1.52200e+01	5.89817e-16
1.52361e+01	5.22279e-16
1.52522e+01	4.62357e-16
1.52682e+01	4.09205e-16
1.52843e+01	3.62072e-16
1.53004e+01	3.20287e-16
1.53164e+01	2.83252e-16
1.53325e+01	2.50436e-16
1.53485e+01	2.21367e-16
1.53646e+01	1.95622e-16
1.53807e+01	1.72829e-16
1.53967e+01	1.52653e-16
1.54128e+01	1.34799e-16
1.54289e+01	1.19004e-16
1.54449e+01	1.05033e-16
1.54610e+01	9.26791e-17
1.54770e+01	8.17578e-17
1.54931e+01	7.21054e-17
1.55092e+01	6.35763e-17
1.55252e+01	5.60418e-17
1.55413e+01	4.93874e-17
1.55574e+01	4.35116e-17
1.55734e+01	3.83245e-17
1.55895e+01	3.37463e-17
1.56056e+01	2.97065e-17
1.56216e+01	2.61423e-17
1.56377e+01	2.29985e-17
1.56537e+01	2.02260e-17
1.56698e+01	1.77812e-17
1.56859e+01	1.56256e-17
1.57019e+01	1.37253e-17
1.57180e+01	1.20500e-17
1.57341e+01	1.05730e-17
1.57501e+01	9.27081e-18
1.57662e+01	8.12228e-18
1.57823e+01	7.10903e-18
1.57983e+01	6.21529e-18
1.58144e+01	5.42688e-18
1.58304e+01	4.73118e-18
1.58465e+01	4.11695e-18
1.58626e+01	3.57419e-18
1.58786e+01	3.09400e-18
1.58947e+01	2.66843e-18
1.59108e+01	2.29043e-18
1.59268e+01	1.95365e-18
1.59429e+01	1.65243e-18
1.59589e+01	1.38169e-18
1.59750e+01	1.13684e-18
1.59911e+01	9.13725e-19
1.60071e+01	7.08633e-19
1.60232e+01	5.18300e-19
1.60393e+01	3.40238e-19
1.60553e+01	1.73251e-19
