# The ell = 0 distribution, the isotropy.
# E_N [Td]	9.00000e+00
# col_1: Electron Energy [eV], col_2: f0 [eV^(-3/2)]
eV	f0
9.10257e-03	4.36076e-01
2.73077e-02	4.36306e-01
4.55129e-02	4.36538e-01
6.37180e-02	4.36775e-01
8.19231e-02	4.37017e-01
1.00128e-01	4.37262e-01
1.18333e-01	4.37512e-01
1.36539e-01	4.37766e-01
1.54744e-01	4.38024e-01
1.72949e-01	4.38286e-01
1.91154e-01	4.38552e-01
2.09359e-01	4.38821e-01
2.27564e-01	4.39094e-01
2.45769e-01	4.39371e-01
2.63975e-01	4.39651e-01
2.82180e-01	4.39935e-01
3.00385e-01	4.40223e-01
3.18590e-01	4.40514e-01
3.36795e-01	4.40810e-01
3.55000e-01	4.41109e-01
3.73205e-01	4.41413e-01
3.91411e-01	4.41720e-01
4.09616e-01	4.42031e-01
4.27821e-01	4.42346e-01
4.46026e-01	4.42663e-01
4.64231e-01	4.42983e-01
4.82436e-01	4.43306e-01
5.00641e-01	4.43630e-01
5.18847e-01	4.43956e-01
5.37052e-01	4.44284e-01
5.55257e-01	4.44612e-01
5.73462e-01	4.44938e-01
5.91667e-01	4.45261e-01
6.09872e-01	4.45581e-01
6.28077e-01	4.45895e-01
6.46283e-01	4.46203e-01
6.64488e-01	4.46501e-01
6.82693e-01	4.46784e-01
7.00898e-01	4.47051e-01
7.19103e-01	4.47294e-01
7.37308e-01	4.47509e-01
7.55513e-01	4.47692e-01
7.73719e-01	4.47838e-01
7.91924e-01	4.47946e-01
8.10129e-01	4.48014e-01
8.28334e-01	4.48038e-01
8.46539e-01	4.48020e-01
8.64744e-01	4.47959e-01
8.82949e-01	4.47855e-01
9.01155e-01	4.47705e-01
9.19360e-01	4.47502e-01
9.37565e-01	4.47243e-01
9.55770e-01	4.46922e-01
9.73975e-01	4.46527e-01
9.92180e-01	4.46050e-01
1.01039e+00	4.45486e-01
1.02859e+00	4.44824e-01
1.04680e+00	4.44056e-01
1.06500e+00	4.43177e-01
1.08321e+00	4.42179e-01
1.10141e+00	4.41059e-01
1.11962e+00	4.39818e-01
1.13782e+00	4.38459e-01
1.15603e+00	4.36982e-01
1.17423e+00	4.35388e-01
1.19244e+00	4.33680e-01
1.21064e+00	4.31860e-01
1.22885e+00	4.29924e-01
1.24705e+00	4.27868e-01
1.26526e+00	4.25686e-01
1.28346e+00	4.23376e-01
1.30167e+00	4.20935e-01
1.31987e+00	4.18336e-01
1.33808e+00	4.15564e-01
1.35628e+00	4.12602e-01
1.37449e+00	4.09436e-01
1.39269e+00	4.06069e-01
1.41090e+00	4.02520e-01
1.42910e+00	3.98803e-01
1.44731e+00	3.94930e-01
1.46551e+00	3.90917e-01
1.48372e+00	3.86782e-01
1.50192e+00	3.82531e-01
1.52013e+00	3.78169e-01
1.53833e+00	3.73701e-01
1.55654e+00	3.69131e-01
1.57474e+00	3.64408e-01
1.59295e+00	3.59497e-01
1.61116e+00	3.54364e-01
1.62936e+00	3.48980e-01
1.64757e+00	3.43300e-01
1.66577e+00	3.37310e-01
1.68398e+00	3.31000e-01
1.70218e+00	3.24365e-01
1.72039e+00	3.17397e-01
1.73859e+00	3.10074e-01
1.75680e+00	3.02433e-01
1.77500e+00	2.94516e-01
1.79321e+00	2.86374e-01
1.81141e+00	2.78045e-01
1.82962e+00	2.69582e-01
1.84782e+00	2.60976e-01
1.86603e+00	2.52239e-01
1.88423e+00	2.43389e-01
1.90244e+00	2.34484e-01
1.92064e+00	2.25595e-01
1.93885e+00	2.16851e-01
1.95705e+00	2.08340e-01
1.97526e+00	2.00117e-01
1.99346e+00	1.92198e-01
2.01167e+00	1.84608e-01
2.02987e+00	1.77397e-01
2.04808e+00	1.70527e-01
2.06628e+00	1.63958e-01
2.08449e+00	1.57649e-01
2.10269e+00	1.51565e-01
2.12090e+00	1.45660e-01
2.13910e+00	1.39932e-01
2.15731e+00	1.34393e-01
2.17551e+00	1.29065e-01
2.19372e+00	1.23946e-01
2.21192e+00	1.19034e-01
2.23013e+00	1.14326e-01
2.24834e+00	1.09823e-01
2.26654e+00	1.05559e-01
2.28475e+00	1.01521e-01
2.30295e+00	9.76955e-02
2.32116e+00	9.40648e-02
2.33936e+00	9.06253e-02
2.35757e+00	8.73704e-02
2.37577e+00	8.42428e-02
2.39398e+00	8.12368e-02
2.41218e+00	7.83549e-02
2.43039e+00	7.55692e-02
2.44859e+00	7.28703e-02
2.46680e+00	7.02683e-02
2.48500e+00	6.77996e-02
2.50321e+00	6.54919e-02
2.52141e+00	6.33332e-02
2.53962e+00	6.13178e-02
2.55782e+00	5.94343e-02
2.57603e+00	5.76677e-02
2.59423e+00	5.60082e-02
2.61244e+00	5.44167e-02
2.63064e+00	5.28862e-02
2.64885e+00	5.14176e-02
2.66705e+00	5.00130e-02
2.68526e+00	4.86702e-02
2.70346e+00	4.73890e-02
2.72167e+00	4.61701e-02
2.73987e+00	4.50174e-02
2.75808e+00	4.39197e-02
2.77628e+00	4.28643e-02
2.79449e+00	4.18510e-02
2.81269e+00	4.08794e-02
2.83090e+00	3.99470e-02
2.84910e+00	3.90572e-02
2.86731e+00	3.82098e-02
2.88552e+00	3.74085e-02
2.90372e+00	3.66579e-02
2.92193e+00	3.59519e-02
2.94013e+00	3.52851e-02
2.95834e+00	3.46519e-02
2.97654e+00	3.40473e-02
2.99475e+00	3.34652e-02
3.01295e+00	3.29010e-02
3.03116e+00	3.23532e-02
3.04936e+00	3.18232e-02
3.06757e+00	3.13123e-02
3.08577e+00	3.08213e-02
3.10398e+00	3.03508e-02
3.12218e+00	2.99002e-02
3.14039e+00	2.94682e-02
3.15859e+00	2.90527e-02
3.17680e+00	2.86520e-02
3.19500e+00	2.82657e-02
3.21321e+00	2.78937e-02
3.23141e+00	2.75361e-02
3.24962e+00	2.71925e-02
3.26782e+00	2.68630e-02
3.28603e+00	2.65473e-02
3.30423e+00	2.62444e-02
3.32244e+00	2.59534e-02
3.34064e+00	2.56728e-02
3.35885e+00	2.54016e-02
3.37705e+00	2.51390e-02
3.39526e+00	2.48841e-02
3.41346e+00	2.46364e-02
3.43167e+00	2.43950e-02
3.44987e+00	2.41601e-02
3.46808e+00	2.39313e-02
3.48628e+00	2.37085e-02
3.50449e+00	2.34916e-02
3.52269e+00	2.32799e-02
3.54090e+00	2.30734e-02
3.55911e+00	2.28719e-02
3.57731e+00	2.26753e-02
3.59552e+00	2.24835e-02
3.61372e+00	2.22965e-02
3.63193e+00	2.21141e-02
3.65013e+00	2.19363e-02
3.66834e+00	2.17628e-02
3.68654e+00	2.15937e-02
3.70475e+00	2.14286e-02
3.72295e+00	2.12675e-02
3.74116e+00	2.11102e-02
3.75936e+00	2.09564e-02
3.77757e+00	2.08058e-02
3.79577e+00	2.06582e-02
3.81398e+00	2.05131e-02
3.83218e+00	2.03704e-02
3.85039e+00	2.02297e-02
3.86859e+00	2.00907e-02
3.88680e+00	1.99532e-02
3.90500e+00	1.98174e-02
3.92321e+00	1.96830e-02
3.94141e+00	1.95501e-02
3.95962e+00	1.94186e-02
3.97782e+00	1.92884e-02
3.99603e+00	1.91595e-02
4.01423e+00	1.90316e-02
4.03244e+00	1.89046e-02
4.05064e+00	1.87787e-02
4.06885e+00	1.86537e-02
4.08705e+00	1.85299e-02
4.10526e+00	1.84070e-02
4.12346e+00	1.82853e-02
4.14167e+00	1.81646e-02
4.15987e+00	1.80450e-02
4.17808e+00	1.79266e-02
4.19629e+00	1.78092e-02
4.21449e+00	1.76930e-02
4.23270e+00	1.75778e-02
4.25090e+00	1.74638e-02
4.26911e+00	1.73509e-02
4.28731e+00	1.72392e-02
4.30552e+00	1.71287e-02
4.32372e+00	1.70193e-02
4.34193e+00	1.69112e-02
4.36013e+00	1.68043e-02
4.37834e+00	1.66986e-02
4.39654e+00	1.65943e-02
4.41475e+00	1.64912e-02
4.43295e+00	1.63895e-02
4.45116e+00	1.62890e-02
4.46936e+00	1.61899e-02
4.48757e+00	1.60920e-02
4.50577e+00	1.59955e-02
4.52398e+00	1.59002e-02
4.54218e+00	1.58063e-02
4.56039e+00	1.57138e-02
4.57859e+00	1.56225e-02
4.59680e+00	1.55324e-02
4.61500e+00	1.54436e-02
4.63321e+00	1.53560e-02
4.65141e+00	1.52695e-02
4.66962e+00	1.51842e-02
4.68782e+00	1.50999e-02
4.70603e+00	1.50166e-02
4.72423e+00	1.49342e-02
4.74244e+00	1.48528e-02
4.76064e+00	1.47722e-02
4.77885e+00	1.46925e-02
4.79705e+00	1.46135e-02
4.81526e+00	1.45352e-02
4.83347e+00	1.44577e-02
4.85167e+00	1.43808e-02
4.86988e+00	1.43045e-02
4.88808e+00	1.42287e-02
4.90629e+00	1.41533e-02
4.92449e+00	1.40783e-02
4.94270e+00	1.40036e-02
4.96090e+00	1.39291e-02
4.97911e+00	1.38549e-02
4.99731e+00	1.37810e-02
5.01552e+00	1.37072e-02
5.03372e+00	1.36337e-02
5.05193e+00	1.35602e-02
5.07013e+00	1.34869e-02
5.08834e+00	1.34137e-02
5.10654e+00	1.33406e-02
5.12475e+00	1.32676e-02
5.14295e+00	1.31946e-02
5.16116e+00	1.31217e-02
5.17936e+00	1.30489e-02
5.19757e+00	1.29761e-02
5.21577e+00	1.29035e-02
5.23398e+00	1.28309e-02
5.25218e+00	1.27585e-02
5.27039e+00	1.26862e-02
5.28859e+00	1.26139e-02
5.30680e+00	1.25418e-02
5.32500e+00	1.24698e-02
5.34321e+00	1.23979e-02
5.36141e+00	1.23260e-02
5.37962e+00	1.22543e-02
5.39782e+00	1.21827e-02
5.41603e+00	1.21112e-02
5.43423e+00	1.20399e-02
5.45244e+00	1.19686e-02
5.47065e+00	1.18974e-02
5.48885e+00	1.18264e-02
5.50706e+00	1.17554e-02
5.52526e+00	1.16846e-02
5.54347e+00	1.16139e-02
5.56167e+00	1.15433e-02
5.57988e+00	1.14728e-02
5.59808e+00	1.14024e-02
5.61629e+00	1.13322e-02
5.63449e+00	1.12620e-02
5.65270e+00	1.11920e-02
5.67090e+00	1.11221e-02
5.68911e+00	1.10523e-02
5.70731e+00	1.09826e-02
5.72552e+00	1.09130e-02
5.74372e+00	1.08436e-02
5.76193e+00	1.07742e-02
5.78013e+00	1.07050e-02
5.79834e+00	1.06359e-02
5.81654e+00	1.05669e-02
5.83475e+00	1.04981e-02
5.85295e+00	1.04293e-02
5.87116e+00	1.03607e-02
5.88936e+00	1.02922e-02
5.90757e+00	1.02238e-02
5.92577e+00	1.01555e-02
5.94398e+00	1.00873e-02
5.96218e+00	1.00193e-02
5.98039e+00	9.95137e-03
5.99859e+00	9.88357e-03
6.01680e+00	9.81590e-03
6.03500e+00	9.74834e-03
6.05321e+00	9.68091e-03
6.07141e+00	9.61361e-03
6.08962e+00	9.54644e-03
6.10783e+00	9.47940e-03
6.12603e+00	9.41249e-03
6.14424e+00	9.34570e-03
6.16244e+00	9.27905e-03
6.18065e+00	9.21253e-03
6.19885e+00	9.14613e-03
6.21706e+00	9.07986e-03
6.23526e+00	9.01372e-03
6.25347e+00	8.94771e-03
6.27167e+00	8.88183e-03
6.28988e+00	8.81607e-03
6.30808e+00	8.75044e-03
6.32629e+00	8.68493e-03
6.34449e+00	8.61956e-03
6.36270e+00	8.55431e-03
6.38090e+00	8.48918e-03
6.39911e+00	8.42418e-03
6.41731e+00	8.35931e-03
6.43552e+00	8.29456e-03
6.45372e+00	8.22994e-03
6.47193e+00	8.16544e-03
6.49013e+00	8.10107e-03
6.50834e+00	8.03682e-03
6.52654e+00	7.97269e-03
6.54475e+00	7.90869e-03
6.56295e+00	7.84481e-03
6.58116e+00	7.78105e-03
6.59936e+00	7.71741e-03
6.61757e+00	7.65390e-03
6.63577e+00	7.59050e-03
6.65398e+00	7.52723e-03
6.67218e+00	7.46407e-03
6.69039e+00	7.40104e-03
6.70859e+00	7.33812e-03
6.72680e+00	7.27532e-03
6.74501e+00	7.21264e-03
6.76321e+00	7.15008e-03
6.78142e+00	7.08764e-03
6.79962e+00	7.02531e-03
6.81783e+00	6.96311e-03
6.83603e+00	6.90103e-03
6.85424e+00	6.83907e-03
6.87244e+00	6.77723e-03
6.89065e+00	6.71552e-03
6.90885e+00	6.65393e-03
6.92706e+00	6.59247e-03
6.94526e+00	6.53113e-03
6.96347e+00	6.46993e-03
6.98167e+00	6.40888e-03
6.99988e+00	6.34797e-03
7.01808e+00	6.28721e-03
7.03629e+00	6.22660e-03
7.05449e+00	6.16613e-03
7.07270e+00	6.10580e-03
7.09090e+00	6.04561e-03
7.10911e+00	5.98559e-03
7.12731e+00	5.92572e-03
7.14552e+00	5.86602e-03
7.16372e+00	5.80647e-03
7.18193e+00	5.74707e-03
7.20013e+00	5.68783e-03
7.21834e+00	5.62875e-03
7.23654e+00	5.56982e-03
7.25475e+00	5.51105e-03
7.27295e+00	5.45243e-03
7.29116e+00	5.39397e-03
7.30936e+00	5.33565e-03
7.32757e+00	5.27748e-03
7.34577e+00	5.21946e-03
7.36398e+00	5.16158e-03
7.38219e+00	5.10385e-03
7.40039e+00	5.04626e-03
7.41860e+00	4.98882e-03
7.43680e+00	4.93154e-03
7.45501e+00	4.87442e-03
7.47321e+00	4.81745e-03
7.49142e+00	4.76065e-03
7.50962e+00	4.70401e-03
7.52783e+00	4.64754e-03
7.54603e+00	4.59123e-03
7.56424e+00	4.53510e-03
7.58244e+00	4.47913e-03
7.60065e+00	4.42335e-03
7.61885e+00	4.36774e-03
7.63706e+00	4.31231e-03
7.65526e+00	4.25706e-03
7.67347e+00	4.20200e-03
7.69167e+00	4.14712e-03
7.70988e+00	4.09243e-03
7.72808e+00	4.03794e-03
7.74629e+00	3.98363e-03
7.76449e+00	3.92951e-03
7.78270e+00	3.87559e-03
7.80090e+00	3.82187e-03
7.81911e+00	3.76837e-03
7.83731e+00	3.71509e-03
7.85552e+00	3.66203e-03
7.87372e+00	3.60922e-03
7.89193e+00	3.55666e-03
7.91013e+00	3.50435e-03
7.92834e+00	3.45231e-03
7.94654e+00	3.40055e-03
7.96475e+00	3.34907e-03
7.98295e+00	3.29787e-03
8.00116e+00	3.24697e-03
8.01937e+00	3.19638e-03
8.03757e+00	3.14609e-03
8.05578e+00	3.09613e-03
8.07398e+00	3.04649e-03
8.09219e+00	2.99719e-03
8.11039e+00	2.94823e-03
8.12860e+00	2.89962e-03
8.14680e+00	2.85137e-03
8.16501e+00	2.80348e-03
8.18321e+00	2.75595e-03
8.20142e+00	2.70881e-03
8.21962e+00	2.66204e-03
8.23783e+00	2.61565e-03
8.25603e+00	2.56966e-03
8.27424e+00	2.52406e-03
8.29244e+00	2.47888e-03
8.31065e+00	2.43410e-03
8.32885e+00	2.38976e-03
8.34706e+00	2.34584e-03
8.36526e+00	2.30236e-03
8.38347e+00	2.25933e-03
8.40167e+00	2.21676e-03
8.41988e+00	2.17465e-03
8.43808e+00	2.13300e-03
8.45629e+00	2.09183e-03
8.47449e+00	2.05113e-03
8.49270e+00	2.01092e-03
8.51090e+00	1.97122e-03
8.52911e+00	1.93202e-03
8.54731e+00	1.89334e-03
8.56552e+00	1.85519e-03
8.58372e+00	1.81754e-03
8.60193e+00	1.78042e-03
8.62013e+00	1.74383e-03
8.63834e+00	1.70775e-03
8.65655e+00	1.67220e-03
8.67475e+00	1.63717e-03
8.69296e+00	1.60266e-03
8.71116e+00	1.56868e-03
8.72937e+00	1.53523e-03
8.74757e+00	1.50229e-03
8.76578e+00	1.46988e-03
8.78398e+00	1.43799e-03
8.80219e+00	1.40662e-03
8.82039e+00	1.37577e-03
8.83860e+00	1.34544e-03
8.85680e+00	1.31562e-03
8.87501e+00	1.28631e-03
8.89321e+00	1.25752e-03
8.91142e+00	1.22924e-03
8.92962e+00	1.20146e-03
8.94783e+00	1.17419e-03
8.96603e+00	1.14742e-03
8.98424e+00	1.12116e-03
9.00244e+00	1.09539e-03
9.02065e+00	1.07011e-03
9.03885e+00	1.04533e-03
9.05706e+00	1.02103e-03
9.07526e+00	9.97197e-04
9.09347e+00	9.73835e-04
9.11167e+00	9.50932e-04
9.12988e+00	9.28483e-04
9.14808e+00	9.06480e-04
9.16629e+00	8.84916e-04
9.18449e+00	8.63786e-04
9.20270e+00	8.43083e-04
9.22090e+00	8.22799e-04
9.23911e+00	8.02929e-04
9.25731e+00	7.83466e-04
9.27552e+00	7.64403e-04
9.29373e+00	7.45734e-04
9.31193e+00	7.27454e-04
9.33014e+00	7.09556e-04
9.34834e+00	6.92034e-04
9.36655e+00	6.74882e-04
9.38475e+00	6.58093e-04
9.40296e+00	6.41661e-04
9.42116e+00	6.25581e-04
9.43937e+00	6.09847e-04
9.45757e+00	5.94452e-04
9.47578e+00	5.79391e-04
9.49398e+00	5.64658e-04
9.51219e+00	5.50248e-04
9.53039e+00	5.36153e-04
9.54860e+00	5.22370e-04
9.56680e+00	5.08892e-04
9.58501e+00	4.95714e-04
9.60321e+00	4.82830e-04
9.62142e+00	4.70236e-04
9.63962e+00	4.57926e-04
9.65783e+00	4.45895e-04
9.67603e+00	4.34139e-04
9.69424e+00	4.22654e-04
9.71244e+00	4.11434e-04
9.73065e+00	4.00476e-04
9.74885e+00	3.89773e-04
9.76706e+00	3.79323e-04
9.78526e+00	3.69120e-04
9.80347e+00	3.59159e-04
9.82167e+00	3.49436e-04
9.83988e+00	3.39947e-04
9.85808e+00	3.30688e-04
9.87629e+00	3.21653e-04
9.89449e+00	3.12840e-04
9.91270e+00	3.04243e-04
9.93091e+00	2.95858e-04
9.94911e+00	2.87681e-04
9.96732e+00	2.79709e-04
9.98552e+00	2.71937e-04
1.00037e+01	2.64362e-04
1.00219e+01	2.56975e-04
1.00401e+01	2.49779e-04
1.00583e+01	2.42775e-04
1.00765e+01	2.35955e-04
1.00948e+01	2.29316e-04
1.01130e+01	2.22853e-04
1.01312e+01	2.16562e-04
1.01494e+01	2.10437e-04
1.01676e+01	2.04476e-04
1.01858e+01	1.98673e-04
1.02040e+01	1.93024e-04
1.02222e+01	1.87527e-04
1.02404e+01	1.82176e-04
1.02586e+01	1.76968e-04
1.02768e+01	1.71900e-04
1.02950e+01	1.66967e-04
1.03132e+01	1.62167e-04
1.03314e+01	1.57496e-04
1.03496e+01	1.52950e-04
1.03678e+01	1.48527e-04
1.03860e+01	1.44222e-04
1.04042e+01	1.40034e-04
1.04224e+01	1.35959e-04
1.04406e+01	1.31995e-04
1.04589e+01	1.28137e-04
1.04771e+01	1.24384e-04
1.04953e+01	1.20733e-04
1.05135e+01	1.17180e-04
1.05317e+01	1.13724e-04
1.05499e+01	1.10362e-04
1.05681e+01	1.07091e-04
1.05863e+01	1.03910e-04
1.06045e+01	1.00814e-04
1.06227e+01	9.78029e-05
1.06409e+01	9.48774e-05
1.06591e+01	9.20343e-05
1.06773e+01	8.92715e-05
1.06955e+01	8.65867e-05
1.07137e+01	8.39778e-05
1.07319e+01	8.14427e-05
1.07501e+01	7.89793e-05
1.07683e+01	7.65855e-05
1.07865e+01	7.42595e-05
1.08048e+01	7.19993e-05
1.08230e+01	6.98031e-05
1.08412e+01	6.76690e-05
1.08594e+01	6.55954e-05
1.08776e+01	6.35804e-05
1.08958e+01	6.16224e-05
1.09140e+01	5.97199e-05
1.09322e+01	5.78712e-05
1.09504e+01	5.60747e-05
1.09686e+01	5.43291e-05
1.09868e+01	5.26327e-05
1.10050e+01	5.09842e-05
1.10232e+01	4.93822e-05
1.10414e+01	4.78254e-05
1.10596e+01	4.63124e-05
1.10778e+01	4.48420e-05
1.10960e+01	4.34128e-05
1.11142e+01	4.20238e-05
1.11324e+01	4.06736e-05
1.11506e+01	3.93611e-05
1.11689e+01	3.80853e-05
1.11871e+01	3.68449e-05
1.12053e+01	3.56389e-05
1.12235e+01	3.44664e-05
1.12417e+01	3.33264e-05
1.12599e+01	3.22179e-05
1.12781e+01	3.11400e-05
1.12963e+01	3.00918e-05
1.13145e+01	2.90725e-05
1.13327e+01	2.80812e-05
1.13509e+01	2.71171e-05
1.13691e+01	2.61793e-05
1.13873e+01	2.52670e-05
1.14055e+01	2.43796e-05
1.14237e+01	2.35161e-05
1.14419e+01	2.26759e-05
1.14601e+01	2.18583e-05
1.14783e+01	2.10626e-05
1.14965e+01	2.02879e-05
1.15148e+01	1.95338e-05
1.15330e+01	1.87993e-05
1.15512e+01	1.80836e-05
1.15694e+01	1.73860e-05
1.15876e+01	1.67070e-05
1.16058e+01	1.60468e-05
1.16240e+01	1.54054e-05
1.16422e+01	1.47823e-05
1.16604e+01	1.41805e-05
1.16786e+01	1.36017e-05
1.16968e+01	1.30447e-05
1.17150e+01	1.25078e-05
1.17332e+01	1.19894e-05
1.17514e+01	1.14880e-05
1.17696e+01	1.10033e-05
1.17878e+01	1.05353e-05
1.18060e+01	1.00836e-05
1.18242e+01	9.64718e-06
1.18424e+01	9.22538e-06
1.18607e+01	8.82355e-06
1.18789e+01	8.44078e-06
1.18971e+01	8.07371e-06
1.19153e+01	7.72164e-06
1.19335e+01	7.38441e-06
1.19517e+01	7.06091e-06
1.19699e+01	6.75033e-06
1.19881e+01	6.45206e-06
1.20063e+01	6.16553e-06
1.20245e+01	5.89028e-06
1.20427e+01	5.62588e-06
1.20609e+01	5.37194e-06
1.20791e+01	5.12808e-06
1.20973e+01	4.89391e-06
1.21155e+01	4.66907e-06
1.21337e+01	4.45322e-06
1.21519e+01	4.24607e-06
1.21701e+01	4.04732e-06
1.21883e+01	3.85668e-06
1.22065e+01	3.67384e-06
1.22248e+01	3.49854e-06
1.22430e+01	3.33057e-06
1.22612e+01	3.16969e-06
1.22794e+01	3.01568e-06
1.22976e+01	2.86834e-06
1.23158e+01	2.72744e-06
1.23340e+01	2.59275e-06
1.23522e+01	2.46402e-06
1.23704e+01	2.34103e-06
1.23886e+01	2.22353e-06
1.24068e+01	2.11133e-06
1.24250e+01	2.00421e-06
1.24432e+01	1.90199e-06
1.24614e+01	1.80449e-06
1.24796e+01	1.71153e-06
1.24978e+01	1.62294e-06
1.25160e+01	1.53855e-06
1.25342e+01	1.45820e-06
1.25524e+01	1.38173e-06
1.25707e+01	1.30898e-06
1.25889e+01	1.23986e-06
1.26071e+01	1.17422e-06
1.26253e+01	1.11191e-06
1.26435e+01	1.05279e-06
1.26617e+01	9.96708e-07
1.26799e+01	9.43528e-07
1.26981e+01	8.93120e-07
1.27163e+01	8.45353e-07
1.27345e+01	8.00098e-07
1.27527e+01	7.57230e-07
1.27709e+01	7.16628e-07
1.27891e+01	6.78182e-07
1.28073e+01	6.41787e-07
1.28255e+01	6.07337e-07
1.28437e+01	5.74725e-07
1.28619e+01	5.43843e-07
1.28801e+01	5.14569e-07
1.28983e+01	4.86784e-07
1.29165e+01	4.60404e-07
1.29348e+01	4.35428e-07
1.29530e+01	4.11765e-07
1.29712e+01	3.89269e-07
1.29894e+01	3.67848e-07
1.30076e+01	3.47440e-07
1.30258e+01	3.28055e-07
1.30440e+01	3.09872e-07
1.30622e+01	2.93038e-07
1.30804e+01	2.77373e-07
1.30986e+01	2.62674e-07
1.31168e+01	2.48793e-07
1.31350e+01	2.35611e-07
1.31532e+01	2.23048e-07
1.31714e+01	2.11107e-07
1.31896e+01	1.99796e-07
1.32078e+01	1.89134e-07
1.32260e+01	1.79105e-07
1.32442e+01	1.69613e-07
1.32624e+01	1.60617e-07
1.32807e+01	1.52080e-07
1.32989e+01	1.43971e-07
1.33171e+01	1.36261e-07
1.33353e+01	1.28925e-07
1.33535e+01	1.21942e-07
1.33717e+01	1.15293e-07
1.33899e+01	1.08962e-07
1.34081e+01	1.02939e-07
1.34263e+01	9.72091e-08
1.34445e+01	9.17637e-08
1.34627e+01	8.65936e-08
1.34809e+01	8.16952e-08
1.34991e+01	7.70556e-08
1.35173e+01	7.26577e-08
1.35355e+01	6.84886e-08
1.35537e+01	6.45381e-08
1.35719e+01	6.07963e-08
1.35901e+01	5.72534e-08
1.36083e+01	5.39002e-08
1.36265e+01	5.07274e-08
1.36448e+01	4.77263e-08
1.36630e+01	4.48883e-08
1.36812e+01	4.22052e-08
1.36994e+01	3.96694e-08
1.37176e+01	3.72734e-08
1.37358e+01	3.50102e-08
1.37540e+01	3.28728e-08
1.37722e+01	3.08549e-08
1.37904e+01	2.89503e-08
1.38086e+01	2.71529e-08
1.38268e+01	2.54573e-08
1.38450e+01	2.38580e-08
1.38632e+01	2.23501e-08
1.38814e+01	2.09285e-08
1.38996e+01	1.95890e-08
1.39178e+01	1.83273e-08
1.39360e+01	1.71396e-08
1.39542e+01	1.60221e-08
1.39724e+01	1.49711e-08
1.39907e+01	1.39831e-08
1.40089e+01	1.30547e-08
1.40271e+01	1.21828e-08
1.40453e+01	1.13645e-08
1.40635e+01	1.05966e-08
1.40817e+01	9.87653e-09
1.40999e+01	9.20151e-09
1.41181e+01	8.56905e-09
1.41363e+01	7.97673e-09
1.41545e+01	7.42225e-09
1.41727e+01	6.90342e-09
1.41909e+01	6.41814e-09
1.42091e+01	5.96443e-09
1.42273e+01	5.54040e-09
1.42455e+01	5.14429e-09
1.42637e+01	4.77445e-09
1.42819e+01	4.42931e-09
1.43001e+01	4.10739e-09
1.43183e+01	3.80728e-09
1.43365e+01	3.52764e-09
1.43548e+01	3.26720e-09
1.43730e+01	3.02476e-09
1.43912e+01	2.79917e-09
1.44094e+01	2.58937e-09
1.44276e+01	2.39434e-09
1.44458e+01	2.21313e-09
1.44640e+01	2.04484e-09
1.44822e+01	1.88861e-09
1.45004e+01	1.74366e-09
1.45186e+01	1.60921e-09
1.45368e+01	1.48457e-09
1.45550e+01	1.36907e-09
1.45732e+01	1.26208e-09
1.45914e+01	1.16303e-09
1.46096e+01	1.07136e-09
1.46278e+01	9.86553e-10
1.46460e+01	9.08132e-10
1.46642e+01	8.35644e-10
1.46824e+01	7.68670e-10
1.47007e+01	7.06814e-10
1.47189e+01	6.49708e-10
1.47371e+01	5.97010e-10
1.47553e+01	5.48397e-10
1.47735e+01	5.03571e-10
1.47917e+01	4.62253e-10
1.48099e+01	4.24184e-10
1.48281e+01	3.89123e-10
1.48463e+01	3.56844e-10
1.48645e+01	3.27139e-10
1.48827e+01	2.99814e-10
1.49009e+01	2.74686e-10
1.49191e+01	2.51590e-10
1.49373e+01	2.30370e-10
1.49555e+01	2.10880e-10
1.49737e+01	1.92989e-10
1.49919e+01	1.76571e-10
1.50101e+01	1.61512e-10
1.50283e+01	1.47704e-10
1.50465e+01	1.35046e-10
1.50648e+01	1.23445e-10
1.50830e+01	1.12815e-10
1.51012e+01	1.03078e-10
1.51194e+01	9.41599e-11
1.51376e+01	8.59941e-11
1.51558e+01	7.85190e-11
1.51740e+01	7.16777e-11
1.51922e+01	6.54179e-11
1.52104e+01	5.96917e-11
1.52286e+01	5.44547e-11
1.52468e+01	4.96662e-11
1.52650e+01	4.52889e-11
1.52832e+01	4.12884e-11
1.53014e+01	3.76330e-11
1.53196e+01	3.42938e-11
1.53378e+01	3.12441e-11
1.53560e+01	2.84595e-11
1.53742e+01	2.59174e-11
1.53924e+01	2.35973e-11
1.54107e+01	2.14803e-11
1.54289e+01	1.95489e-11
1.54471e+01	1.77874e-11
1.54653e+01	1.61811e-11
1.54835e+01	1.47167e-11
1.55017e+01	1.33819e-11
1.55199e+01	1.21655e-11
1.55381e+01	1.10572e-11
1.55563e+01	1.00476e-11
1.55745e+01	9.12814e-12
1.55927e+01	8.29089e-12
1.56109e+01	7.52865e-12
1.56291e+01	6.83485e-12
1.56473e+01	6.20345e-12
1.56655e+01	5.62894e-12
1.56837e+01	5.10628e-12
1.57019e+01	4.63087e-12
1.57201e+01	4.19848e-12
1.57383e+01	3.80526e-12
1.57566e+01	3.44767e-12
1.57748e+01	3.12244e-12
1.57930e+01	2.82676e-12
1.58112e+01	2.55809e-12
1.58294e+01	2.31409e-12
1.58476e+01	2.09260e-12
1.58658e+01	1.89162e-12
1.58840e+01	1.70933e-12
1.59022e+01	1.54407e-12
1.59204e+01	1.39431e-12
1.59386e+01	1.25864e-12
1.59568e+01	1.13580e-12
1.59750e+01	1.02463e-12
1.59932e+01	9.24055e-13
1.60114e+01	8.33109e-13
1.60296e+01	7.50898e-13
1.60478e+01	6.76607e-13
1.60660e+01	6.09494e-13
1.60842e+01	5.48883e-13
1.61024e+01	4.94160e-13
1.61207e+01	4.44767e-13
1.61389e+01	4.00199e-13
1.61571e+01	3.59996e-13
1.61753e+01	3.23742e-13
1.61935e+01	2.91059e-13
1.62117e+01	2.61603e-13
1.62299e+01	2.35063e-13
1.62481e+01	2.11158e-13
1.62663e+01	1.89632e-13
1.62845e+01	1.70255e-13
1.63027e+01	1.52816e-13
1.63209e+01	1.37127e-13
1.63391e+01	1.23015e-13
1.63573e+01	1.10326e-13
1.63755e+01	9.89196e-14
1.63937e+01	8.86688e-14
1.64119e+01	7.94593e-14
1.64301e+01	7.11873e-14
1.64483e+01	6.37596e-14
1.64666e+01	5.70918e-14
1.64848e+01	5.11076e-14
1.65030e+01	4.57383e-14
1.65212e+01	4.09221e-14
1.65394e+01	3.66032e-14
1.65576e+01	3.27313e-14
1.65758e+01	2.92612e-14
1.65940e+01	2.61522e-14
1.66122e+01	2.33673e-14
1.66304e+01	2.08735e-14
1.66486e+01	1.86410e-14
1.66668e+01	1.66430e-14
1.66850e+01	1.48553e-14
1.67032e+01	1.32562e-14
1.67214e+01	1.18263e-14
1.67396e+01	1.05479e-14
1.67578e+01	9.40539e-15
1.67760e+01	8.38450e-15
1.67942e+01	7.47255e-15
1.68124e+01	6.65814e-15
1.68307e+01	5.93103e-15
1.68489e+01	5.28203e-15
1.68671e+01	4.70291e-15
1.68853e+01	4.18628e-15
1.69035e+01	3.72552e-15
1.69217e+01	3.31468e-15
1.69399e+01	2.94845e-15
1.69581e+01	2.62208e-15
1.69763e+01	2.33131e-15
1.69945e+01	2.07231e-15
1.70127e+01	1.84169e-15
1.70309e+01	1.63637e-15
1.70491e+01	1.45364e-15
1.70673e+01	1.29103e-15
1.70855e+01	1.14638e-15
1.71037e+01	1.01771e-15
1.71219e+01	9.03299e-16
1.71401e+01	8.01580e-16
1.71583e+01	7.11167e-16
1.71766e+01	6.30820e-16
1.71948e+01	5.59434e-16
1.72130e+01	4.96025e-16
1.72312e+01	4.39713e-16
1.72494e+01	3.89714e-16
1.72676e+01	3.45331e-16
1.72858e+01	3.05940e-16
1.73040e+01	2.70988e-16
1.73222e+01	2.39980e-16
1.73404e+01	2.12478e-16
1.73586e+01	1.88090e-16
1.73768e+01	1.66467e-16
1.73950e+01	1.47301e-16
1.74132e+01	1.30315e-16
1.74314e+01	1.15266e-16
1.74496e+01	1.01933e-16
1.74678e+01	9.01247e-17
1.74860e+01	7.96682e-17
1.75042e+01	7.04107e-17
1.75224e+01	6.22163e-17
1.75407e+01	5.49642e-17
1.75589e+01	4.85475e-17
1.75771e+01	4.28710e-17
1.75953e+01	3.78504e-17
1.76135e+01	3.34107e-17
1.76317e+01	2.94855e-17
1.76499e+01	2.60158e-17
1.76681e+01	2.29494e-17
1.76863e+01	2.02398e-17
1.77045e+01	1.78459e-17
1.77227e+01	1.57312e-17
1.77409e+01	1.38635e-17
1.77591e+01	1.22141e-17
1.77773e+01	1.07576e-17
1.77955e+01	9.47153e-18
1.78137e+01	8.33604e-18
1.78319e+01	7.33349e-18
1.78501e+01	6.44823e-18
1.78683e+01	5.66636e-18
1.78866e+01	4.97565e-18
1.79048e+01	4.36524e-18
1.79230e+01	3.82553e-18
1.79412e+01	3.34802e-18
1.79594e+01	2.92513e-18
1.79776e+01	2.55015e-18
1.79958e+01	2.21708e-18
1.80140e+01	1.92061e-18
1.80322e+01	1.65599e-18
1.80504e+01	1.41895e-18
1.80686e+01	1.20570e-18
1.80868e+01	1.01281e-18
1.81050e+01	8.37213e-19
1.81232e+01	6.76154e-19
1.81414e+01	5.27192e-19
1.81596e+01	3.88264e-19
1.81778e+01	2.57865e-19
1.81960e+01	1.35313e-19
