# The ell = 1 distribution, the first anisotropy.
# E_N [Td]	1.50000e+02
# col_1: Electron Energy [eV], col_2: f1 [eV^(-3/2)]
eV	f1
6.39779e-02	1.55401e-03
1.27956e-01	2.01965e-03
1.91934e-01	2.31448e-03
2.55912e-01	2.61765e-03
3.19889e-01	2.94147e-03
3.83867e-01	3.26648e-03
4.47845e-01	3.58388e-03
5.11823e-01	3.91591e-03
5.75801e-01	4.27279e-03
6.39779e-01	4.66196e-03
7.03757e-01	5.08929e-03
7.67735e-01	5.57315e-03
8.31713e-01	6.08246e-03
8.95690e-01	6.60228e-03
9.59668e-01	7.16361e-03
1.02365e+00	7.77187e-03
1.08762e+00	8.35670e-03
1.15160e+00	8.85635e-03
1.21558e+00	9.31728e-03
1.27956e+00	9.78293e-03
1.34354e+00	1.03079e-02
1.40751e+00	1.08904e-02
1.47149e+00	1.14139e-02
1.53547e+00	1.18508e-02
1.59945e+00	1.23050e-02
1.66343e+00	1.27779e-02
1.72740e+00	1.32851e-02
1.79138e+00	1.36797e-02
1.85536e+00	1.40144e-02
1.91934e+00	1.41802e-02
1.98331e+00	1.41043e-02
2.04729e+00	1.38344e-02
2.11127e+00	1.35608e-02
2.17525e+00	1.32605e-02
2.23923e+00	1.29296e-02
2.30320e+00	1.25942e-02
2.36718e+00	1.22561e-02
2.43116e+00	1.19021e-02
2.49514e+00	1.15424e-02
2.55912e+00	1.12079e-02
2.62309e+00	1.09208e-02
2.68707e+00	1.06303e-02
2.75105e+00	1.03758e-02
2.81503e+00	1.01738e-02
2.87901e+00	9.96491e-03
2.94298e+00	9.76068e-03
3.00696e+00	9.60746e-03
3.07094e+00	9.47095e-03
3.13492e+00	9.33776e-03
3.19889e+00	9.22494e-03
3.26287e+00	9.11766e-03
3.32685e+00	9.02002e-03
3.39083e+00	8.93831e-03
3.45481e+00	8.86609e-03
3.51878e+00	8.79843e-03
3.58276e+00	8.73542e-03
3.64674e+00	8.67505e-03
3.71072e+00	8.61738e-03
3.77470e+00	8.56407e-03
3.83867e+00	8.51598e-03
3.90265e+00	8.47220e-03
3.96663e+00	8.42949e-03
4.03061e+00	8.38777e-03
4.09459e+00	8.34555e-03
4.15856e+00	8.30234e-03
4.22254e+00	8.25817e-03
4.28652e+00	8.21283e-03
4.35050e+00	8.16629e-03
4.41447e+00	8.11863e-03
4.47845e+00	8.07014e-03
4.54243e+00	8.02104e-03
4.60641e+00	7.97191e-03
4.67039e+00	7.92349e-03
4.73436e+00	7.87594e-03
4.79834e+00	7.82928e-03
4.86232e+00	7.78381e-03
4.92630e+00	7.73969e-03
4.99028e+00	7.69643e-03
5.05425e+00	7.65369e-03
5.11823e+00	7.61124e-03
5.18221e+00	7.56871e-03
5.24619e+00	7.52593e-03
5.31017e+00	7.48292e-03
5.37414e+00	7.43973e-03
5.43812e+00	7.39637e-03
5.50210e+00	7.35288e-03
5.56608e+00	7.30928e-03
5.63005e+00	7.26558e-03
5.69403e+00	7.22181e-03
5.75801e+00	7.17800e-03
5.82199e+00	7.13418e-03
5.88597e+00	7.09035e-03
5.94994e+00	7.04654e-03
6.01392e+00	7.00276e-03
6.07790e+00	6.95903e-03
6.14188e+00	6.91537e-03
6.20586e+00	6.87179e-03
6.26983e+00	6.82830e-03
6.33381e+00	6.78491e-03
6.39779e+00	6.74163e-03
6.46177e+00	6.69849e-03
6.52574e+00	6.65548e-03
6.58972e+00	6.61263e-03
6.65370e+00	6.56993e-03
6.71768e+00	6.52741e-03
6.78166e+00	6.48506e-03
6.84563e+00	6.44286e-03
6.90961e+00	6.40085e-03
6.97359e+00	6.35899e-03
7.03757e+00	6.31734e-03
7.10155e+00	6.27589e-03
7.16552e+00	6.23466e-03
7.22950e+00	6.19366e-03
7.29348e+00	6.15292e-03
7.35746e+00	6.11245e-03
7.42144e+00	6.07218e-03
7.48541e+00	6.03205e-03
7.54939e+00	5.99207e-03
7.61337e+00	5.95224e-03
7.67735e+00	5.91255e-03
7.74132e+00	5.87300e-03
7.80530e+00	5.83354e-03
7.86928e+00	5.79395e-03
7.93326e+00	5.75419e-03
7.99724e+00	5.71426e-03
8.06121e+00	5.67413e-03
8.12519e+00	5.63377e-03
8.18917e+00	5.59318e-03
8.25315e+00	5.55239e-03
8.31713e+00	5.51122e-03
8.38110e+00	5.46959e-03
8.44508e+00	5.42751e-03
8.50906e+00	5.38482e-03
8.57304e+00	5.34155e-03
8.63702e+00	5.29795e-03
8.70099e+00	5.25404e-03
8.76497e+00	5.20985e-03
8.82895e+00	5.16539e-03
8.89293e+00	5.12068e-03
8.95690e+00	5.07573e-03
9.02088e+00	5.03060e-03
9.08486e+00	4.98554e-03
9.14884e+00	4.94068e-03
9.21282e+00	4.89602e-03
9.27679e+00	4.85157e-03
9.34077e+00	4.80733e-03
9.40475e+00	4.76332e-03
9.46873e+00	4.71953e-03
9.53271e+00	4.67599e-03
9.59668e+00	4.63269e-03
9.66066e+00	4.58959e-03
9.72464e+00	4.54669e-03
9.78862e+00	4.50396e-03
9.85260e+00	4.46141e-03
9.91657e+00	4.41906e-03
9.98055e+00	4.37693e-03
1.00445e+01	4.33504e-03
1.01085e+01	4.29358e-03
1.01725e+01	4.25259e-03
1.02365e+01	4.21207e-03
1.03004e+01	4.17199e-03
1.03644e+01	4.13235e-03
1.04284e+01	4.09316e-03
1.04924e+01	4.05440e-03
1.05564e+01	4.01610e-03
1.06203e+01	3.97818e-03
1.06843e+01	3.94066e-03
1.07483e+01	3.90357e-03
1.08123e+01	3.86690e-03
1.08762e+01	3.83064e-03
1.09402e+01	3.79480e-03
1.10042e+01	3.75937e-03
1.10682e+01	3.72436e-03
1.11322e+01	3.68977e-03
1.11961e+01	3.65561e-03
1.12601e+01	3.62181e-03
1.13241e+01	3.58835e-03
1.13881e+01	3.55522e-03
1.14520e+01	3.52244e-03
1.15160e+01	3.48999e-03
1.15800e+01	3.45788e-03
1.16440e+01	3.42479e-03
1.17080e+01	3.38975e-03
1.17719e+01	3.35575e-03
1.18359e+01	3.32143e-03
1.18999e+01	3.28497e-03
1.19639e+01	3.24857e-03
1.20278e+01	3.21320e-03
1.20918e+01	3.17821e-03
1.21558e+01	3.14341e-03
1.22198e+01	3.10870e-03
1.22838e+01	3.07385e-03
1.23477e+01	3.03887e-03
1.24117e+01	3.00395e-03
1.24757e+01	2.96897e-03
1.25397e+01	2.93390e-03
1.26036e+01	2.89863e-03
1.26676e+01	2.86336e-03
1.27316e+01	2.82821e-03
1.27956e+01	2.79338e-03
1.28596e+01	2.75904e-03
1.29235e+01	2.72570e-03
1.29875e+01	2.69313e-03
1.30515e+01	2.65846e-03
1.31155e+01	2.62442e-03
1.31794e+01	2.59338e-03
1.32434e+01	2.56156e-03
1.33074e+01	2.53164e-03
1.33714e+01	2.50264e-03
1.34354e+01	2.47369e-03
1.34993e+01	2.44417e-03
1.35633e+01	2.41479e-03
1.36273e+01	2.38536e-03
1.36913e+01	2.35593e-03
1.37552e+01	2.32649e-03
1.38192e+01	2.29706e-03
1.38832e+01	2.26760e-03
1.39472e+01	2.23799e-03
1.40112e+01	2.20818e-03
1.40751e+01	2.17816e-03
1.41391e+01	2.14799e-03
1.42031e+01	2.11768e-03
1.42671e+01	2.08720e-03
1.43310e+01	2.05652e-03
1.43950e+01	2.02566e-03
1.44590e+01	1.99465e-03
1.45230e+01	1.96354e-03
1.45870e+01	1.93236e-03
1.46509e+01	1.90115e-03
1.47149e+01	1.86993e-03
1.47789e+01	1.83874e-03
1.48429e+01	1.80759e-03
1.49068e+01	1.77651e-03
1.49708e+01	1.74552e-03
1.50348e+01	1.71467e-03
1.50988e+01	1.68411e-03
1.51628e+01	1.65385e-03
1.52267e+01	1.62392e-03
1.52907e+01	1.59431e-03
1.53547e+01	1.56504e-03
1.54187e+01	1.53610e-03
1.54826e+01	1.50751e-03
1.55466e+01	1.47927e-03
1.56106e+01	1.45139e-03
1.56746e+01	1.42385e-03
1.57386e+01	1.39666e-03
1.58025e+01	1.36979e-03
1.58665e+01	1.34302e-03
1.59305e+01	1.31637e-03
1.59945e+01	1.28987e-03
1.60585e+01	1.26356e-03
1.61224e+01	1.23752e-03
1.61864e+01	1.21175e-03
1.62504e+01	1.18626e-03
1.63144e+01	1.16106e-03
1.63783e+01	1.13616e-03
1.64423e+01	1.11157e-03
1.65063e+01	1.08728e-03
1.65703e+01	1.06331e-03
1.66343e+01	1.03963e-03
1.66982e+01	1.01627e-03
1.67622e+01	9.93234e-04
1.68262e+01	9.70515e-04
1.68902e+01	9.48122e-04
1.69541e+01	9.26060e-04
1.70181e+01	9.04332e-04
1.70821e+01	8.82952e-04
1.71461e+01	8.61929e-04
1.72101e+01	8.41265e-04
1.72740e+01	8.20959e-04
1.73380e+01	8.01014e-04
1.74020e+01	7.81426e-04
1.74660e+01	7.62194e-04
1.75299e+01	7.43312e-04
1.75939e+01	7.24775e-04
1.76579e+01	7.06578e-04
1.77219e+01	6.88720e-04
1.77859e+01	6.71198e-04
1.78498e+01	6.54011e-04
1.79138e+01	6.37159e-04
1.79778e+01	6.20638e-04
1.80418e+01	6.04453e-04
1.81057e+01	5.88610e-04
1.81697e+01	5.73108e-04
1.82337e+01	5.57942e-04
1.82977e+01	5.43106e-04
1.83617e+01	5.28596e-04
1.84256e+01	5.14407e-04
1.84896e+01	5.00537e-04
1.85536e+01	4.86977e-04
1.86176e+01	4.73722e-04
1.86815e+01	4.60768e-04
1.87455e+01	4.48109e-04
1.88095e+01	4.35741e-04
1.88735e+01	4.23660e-04
1.89375e+01	4.11860e-04
1.90014e+01	4.00339e-04
1.90654e+01	3.89096e-04
1.91294e+01	3.78130e-04
1.91934e+01	3.67436e-04
1.92573e+01	3.57009e-04
1.93213e+01	3.46842e-04
1.93853e+01	3.36930e-04
1.94493e+01	3.27269e-04
1.95133e+01	3.17853e-04
1.95772e+01	3.08676e-04
1.96412e+01	2.99734e-04
1.97052e+01	2.91021e-04
1.97692e+01	2.82532e-04
1.98331e+01	2.74263e-04
1.98971e+01	2.66209e-04
1.99611e+01	2.58363e-04
2.00251e+01	2.50723e-04
2.00891e+01	2.43286e-04
2.01530e+01	2.36047e-04
2.02170e+01	2.29003e-04
2.02810e+01	2.22150e-04
2.03450e+01	2.15484e-04
2.04089e+01	2.09000e-04
2.04729e+01	2.02695e-04
2.05369e+01	1.96564e-04
2.06009e+01	1.90606e-04
2.06649e+01	1.84817e-04
2.07288e+01	1.79193e-04
2.07928e+01	1.73729e-04
2.08568e+01	1.68422e-04
2.09208e+01	1.63266e-04
2.09847e+01	1.58259e-04
2.10487e+01	1.53396e-04
2.11127e+01	1.48675e-04
2.11767e+01	1.44092e-04
2.12407e+01	1.39643e-04
2.13046e+01	1.35324e-04
2.13686e+01	1.31132e-04
2.14326e+01	1.27064e-04
2.14966e+01	1.23116e-04
2.15605e+01	1.19284e-04
2.16245e+01	1.15565e-04
2.16885e+01	1.11955e-04
2.17525e+01	1.08453e-04
2.18165e+01	1.05053e-04
2.18804e+01	1.01754e-04
2.19444e+01	9.85538e-05
2.20084e+01	9.54494e-05
2.20724e+01	9.24386e-05
2.21364e+01	8.95205e-05
2.22003e+01	8.66927e-05
2.22643e+01	8.39523e-05
2.23283e+01	8.12967e-05
2.23923e+01	7.87235e-05
2.24562e+01	7.62300e-05
2.25202e+01	7.38137e-05
2.25842e+01	7.14722e-05
2.26482e+01	6.92030e-05
2.27122e+01	6.70038e-05
2.27761e+01	6.48726e-05
2.28401e+01	6.28074e-05
2.29041e+01	6.08061e-05
2.29681e+01	5.88669e-05
2.30320e+01	5.69880e-05
2.30960e+01	5.51679e-05
2.31600e+01	5.34050e-05
2.32240e+01	5.16974e-05
2.32880e+01	5.00435e-05
2.33519e+01	4.84417e-05
2.34159e+01	4.68903e-05
2.34799e+01	4.53877e-05
2.35439e+01	4.39326e-05
2.36078e+01	4.25233e-05
2.36718e+01	4.11586e-05
2.37358e+01	3.98371e-05
2.37998e+01	3.85573e-05
2.38638e+01	3.73179e-05
2.39277e+01	3.61178e-05
2.39917e+01	3.49556e-05
2.40557e+01	3.38303e-05
2.41197e+01	3.27405e-05
2.41836e+01	3.16852e-05
2.42476e+01	3.06633e-05
2.43116e+01	2.96737e-05
2.43756e+01	2.87155e-05
2.44396e+01	2.77876e-05
2.45035e+01	2.68891e-05
2.45675e+01	2.60192e-05
2.46315e+01	2.51768e-05
2.46955e+01	2.43611e-05
2.47594e+01	2.35714e-05
2.48234e+01	2.28067e-05
2.48874e+01	2.20663e-05
2.49514e+01	2.13495e-05
2.50154e+01	2.06556e-05
2.50793e+01	1.99838e-05
2.51433e+01	1.93337e-05
2.52073e+01	1.87046e-05
2.52713e+01	1.80957e-05
2.53352e+01	1.75066e-05
2.53992e+01	1.69364e-05
2.54632e+01	1.63846e-05
2.55272e+01	1.58506e-05
2.55912e+01	1.53336e-05
2.56551e+01	1.48333e-05
2.57191e+01	1.43489e-05
2.57831e+01	1.38800e-05
2.58471e+01	1.34261e-05
2.59110e+01	1.29868e-05
2.59750e+01	1.25615e-05
2.60390e+01	1.21499e-05
2.61030e+01	1.17517e-05
2.61670e+01	1.13665e-05
2.62309e+01	1.09938e-05
2.62949e+01	1.06333e-05
2.63589e+01	1.02845e-05
2.64229e+01	9.94710e-06
2.64868e+01	9.62071e-06
2.65508e+01	9.30497e-06
2.66148e+01	8.99953e-06
2.66788e+01	8.70408e-06
2.67428e+01	8.41828e-06
2.68067e+01	8.14182e-06
2.68707e+01	7.87440e-06
2.69347e+01	7.61572e-06
2.69987e+01	7.36551e-06
2.70626e+01	7.12348e-06
2.71266e+01	6.88937e-06
2.71906e+01	6.66292e-06
2.72546e+01	6.44389e-06
2.73186e+01	6.23203e-06
2.73825e+01	6.02711e-06
2.74465e+01	5.82891e-06
2.75105e+01	5.63721e-06
2.75745e+01	5.45178e-06
2.76384e+01	5.27244e-06
2.77024e+01	5.09897e-06
2.77664e+01	4.93120e-06
2.78304e+01	4.76893e-06
2.78944e+01	4.61199e-06
2.79583e+01	4.46020e-06
2.80223e+01	4.31337e-06
2.80863e+01	4.17137e-06
2.81503e+01	4.03402e-06
2.82143e+01	3.90116e-06
2.82782e+01	3.77266e-06
2.83422e+01	3.64836e-06
2.84062e+01	3.52814e-06
2.84702e+01	3.41186e-06
2.85341e+01	3.29938e-06
2.85981e+01	3.19060e-06
2.86621e+01	3.08538e-06
2.87261e+01	2.98361e-06
2.87901e+01	2.88519e-06
2.88540e+01	2.78998e-06
2.89180e+01	2.69791e-06
2.89820e+01	2.60885e-06
2.90460e+01	2.52272e-06
2.91099e+01	2.43941e-06
2.91739e+01	2.35884e-06
2.92379e+01	2.28091e-06
2.93019e+01	2.20553e-06
2.93659e+01	2.13263e-06
2.94298e+01	2.06212e-06
2.94938e+01	1.99393e-06
2.95578e+01	1.92797e-06
2.96218e+01	1.86418e-06
2.96857e+01	1.80248e-06
2.97497e+01	1.74280e-06
2.98137e+01	1.68508e-06
2.98777e+01	1.62926e-06
2.99417e+01	1.57527e-06
3.00056e+01	1.52306e-06
3.00696e+01	1.47256e-06
3.01336e+01	1.42373e-06
3.01976e+01	1.37651e-06
3.02615e+01	1.33086e-06
3.03255e+01	1.28671e-06
3.03895e+01	1.24402e-06
3.04535e+01	1.20275e-06
3.05175e+01	1.16284e-06
3.05814e+01	1.12425e-06
3.06454e+01	1.08694e-06
3.07094e+01	1.05086e-06
3.07734e+01	1.01598e-06
3.08373e+01	9.82246e-07
3.09013e+01	9.49632e-07
3.09653e+01	9.18098e-07
3.10293e+01	8.87607e-07
3.10933e+01	8.58126e-07
3.11572e+01	8.29622e-07
3.12212e+01	8.02061e-07
3.12852e+01	7.75412e-07
3.13492e+01	7.49646e-07
3.14131e+01	7.24734e-07
3.14771e+01	7.00646e-07
3.15411e+01	6.77357e-07
3.16051e+01	6.54840e-07
3.16691e+01	6.33069e-07
3.17330e+01	6.12019e-07
3.17970e+01	5.91668e-07
3.18610e+01	5.71991e-07
3.19250e+01	5.52967e-07
3.19889e+01	5.34574e-07
3.20529e+01	5.16791e-07
3.21169e+01	4.99599e-07
3.21809e+01	4.82978e-07
3.22449e+01	4.66910e-07
3.23088e+01	4.51376e-07
3.23728e+01	4.36359e-07
3.24368e+01	4.21841e-07
3.25008e+01	4.07806e-07
3.25647e+01	3.94237e-07
3.26287e+01	3.81120e-07
3.26927e+01	3.68439e-07
3.27567e+01	3.56180e-07
3.28207e+01	3.44329e-07
3.28846e+01	3.32872e-07
3.29486e+01	3.21796e-07
3.30126e+01	3.11089e-07
3.30766e+01	3.00738e-07
3.31405e+01	2.90731e-07
3.32045e+01	2.81057e-07
3.32685e+01	2.71705e-07
3.33325e+01	2.62664e-07
3.33965e+01	2.53924e-07
3.34604e+01	2.45475e-07
3.35244e+01	2.37306e-07
3.35884e+01	2.29410e-07
3.36524e+01	2.21776e-07
3.37163e+01	2.14397e-07
3.37803e+01	2.07262e-07
3.38443e+01	2.00366e-07
3.39083e+01	1.93698e-07
3.39723e+01	1.87253e-07
3.40362e+01	1.81022e-07
3.41002e+01	1.75000e-07
3.41642e+01	1.69179e-07
3.42282e+01	1.63553e-07
3.42922e+01	1.58114e-07
3.43561e+01	1.52857e-07
3.44201e+01	1.47776e-07
3.44841e+01	1.42864e-07
3.45481e+01	1.38116e-07
3.46120e+01	1.33527e-07
3.46760e+01	1.29091e-07
3.47400e+01	1.24803e-07
3.48040e+01	1.20658e-07
3.48680e+01	1.16652e-07
3.49319e+01	1.12779e-07
3.49959e+01	1.09035e-07
3.50599e+01	1.05416e-07
3.51239e+01	1.01918e-07
3.51878e+01	9.85360e-08
3.52518e+01	9.52667e-08
3.53158e+01	9.21062e-08
3.53798e+01	8.90509e-08
3.54438e+01	8.60973e-08
3.55077e+01	8.32419e-08
3.55717e+01	8.04815e-08
3.56357e+01	7.78129e-08
3.56997e+01	7.52331e-08
3.57636e+01	7.27390e-08
3.58276e+01	7.03278e-08
3.58916e+01	6.79968e-08
3.59556e+01	6.57432e-08
3.60196e+01	6.35645e-08
3.60835e+01	6.14584e-08
3.61475e+01	5.94230e-08
3.62115e+01	5.74557e-08
3.62755e+01	5.55543e-08
3.63394e+01	5.37165e-08
3.64034e+01	5.19401e-08
3.64674e+01	5.02232e-08
3.65314e+01	4.85636e-08
3.65954e+01	4.69595e-08
3.66593e+01	4.54089e-08
3.67233e+01	4.39102e-08
3.67873e+01	4.24614e-08
3.68513e+01	4.10610e-08
3.69152e+01	3.97073e-08
3.69792e+01	3.83987e-08
3.70432e+01	3.71337e-08
3.71072e+01	3.59108e-08
3.71712e+01	3.47286e-08
3.72351e+01	3.35859e-08
3.72991e+01	3.24812e-08
3.73631e+01	3.14134e-08
3.74271e+01	3.03811e-08
3.74910e+01	2.93831e-08
3.75550e+01	2.84183e-08
3.76190e+01	2.74857e-08
3.76830e+01	2.65840e-08
3.77470e+01	2.57122e-08
3.78109e+01	2.48694e-08
3.78749e+01	2.40546e-08
3.79389e+01	2.32668e-08
3.80029e+01	2.25052e-08
3.80668e+01	2.17688e-08
3.81308e+01	2.10567e-08
3.81948e+01	2.03683e-08
3.82588e+01	1.97027e-08
3.83228e+01	1.90590e-08
3.83867e+01	1.84367e-08
3.84507e+01	1.78350e-08
3.85147e+01	1.72534e-08
3.85787e+01	1.66909e-08
3.86426e+01	1.61472e-08
3.87066e+01	1.56214e-08
3.87706e+01	1.51131e-08
3.88346e+01	1.46216e-08
3.88986e+01	1.41463e-08
3.89625e+01	1.36867e-08
3.90265e+01	1.32423e-08
3.90905e+01	1.28126e-08
3.91545e+01	1.23970e-08
3.92184e+01	1.19951e-08
3.92824e+01	1.16065e-08
3.93464e+01	1.12307e-08
3.94104e+01	1.08672e-08
3.94744e+01	1.05156e-08
3.95383e+01	1.01756e-08
3.96023e+01	9.84675e-09
3.96663e+01	9.52866e-09
3.97303e+01	9.22098e-09
3.97942e+01	8.92337e-09
3.98582e+01	8.63547e-09
3.99222e+01	8.35698e-09
3.99862e+01	8.08757e-09
4.00502e+01	7.82694e-09
4.01141e+01	7.57482e-09
4.01781e+01	7.33094e-09
4.02421e+01	7.09502e-09
4.03061e+01	6.86679e-09
4.03700e+01	6.64601e-09
4.04340e+01	6.43241e-09
4.04980e+01	6.22577e-09
4.05620e+01	6.02585e-09
4.06260e+01	5.83243e-09
4.06899e+01	5.64530e-09
4.07539e+01	5.46425e-09
4.08179e+01	5.28907e-09
4.08819e+01	5.11959e-09
4.09459e+01	4.95560e-09
4.10098e+01	4.79693e-09
4.10738e+01	4.64340e-09
4.11378e+01	4.49484e-09
4.12018e+01	4.35110e-09
4.12657e+01	4.21201e-09
4.13297e+01	4.07742e-09
4.13937e+01	3.94718e-09
4.14577e+01	3.82115e-09
4.15217e+01	3.69919e-09
4.15856e+01	3.58118e-09
4.16496e+01	3.46697e-09
4.17136e+01	3.35644e-09
4.17776e+01	3.24949e-09
4.18415e+01	3.14598e-09
4.19055e+01	3.04581e-09
4.19695e+01	2.94886e-09
4.20335e+01	2.85504e-09
4.20975e+01	2.76424e-09
4.21614e+01	2.67636e-09
4.22254e+01	2.59131e-09
4.22894e+01	2.50899e-09
4.23534e+01	2.42932e-09
4.24173e+01	2.35221e-09
4.24813e+01	2.27757e-09
4.25453e+01	2.20534e-09
4.26093e+01	2.13542e-09
4.26733e+01	2.06774e-09
4.27372e+01	2.00223e-09
4.28012e+01	1.93882e-09
4.28652e+01	1.87745e-09
4.29292e+01	1.81804e-09
4.29931e+01	1.76054e-09
4.30571e+01	1.70488e-09
4.31211e+01	1.65100e-09
4.31851e+01	1.59885e-09
4.32491e+01	1.54837e-09
4.33130e+01	1.49950e-09
4.33770e+01	1.45219e-09
4.34410e+01	1.40640e-09
4.35050e+01	1.36207e-09
4.35689e+01	1.31915e-09
4.36329e+01	1.27761e-09
4.36969e+01	1.23739e-09
4.37609e+01	1.19845e-09
4.38249e+01	1.16076e-09
4.38888e+01	1.12427e-09
4.39528e+01	1.08894e-09
4.40168e+01	1.05473e-09
4.40808e+01	1.02162e-09
4.41447e+01	9.89557e-10
4.42087e+01	9.58515e-10
4.42727e+01	9.28461e-10
4.43367e+01	8.99362e-10
4.44007e+01	8.71187e-10
4.44646e+01	8.43908e-10
4.45286e+01	8.17494e-10
4.45926e+01	7.91919e-10
4.46566e+01	7.67154e-10
4.47205e+01	7.43175e-10
4.47845e+01	7.19955e-10
4.48485e+01	6.97471e-10
4.49125e+01	6.75699e-10
4.49765e+01	6.54616e-10
4.50404e+01	6.34199e-10
4.51044e+01	6.14428e-10
4.51684e+01	5.95281e-10
4.52324e+01	5.76739e-10
4.52963e+01	5.58783e-10
4.53603e+01	5.41393e-10
4.54243e+01	5.24551e-10
4.54883e+01	5.08241e-10
4.55523e+01	4.92444e-10
4.56162e+01	4.77145e-10
4.56802e+01	4.62328e-10
4.57442e+01	4.47977e-10
4.58082e+01	4.34077e-10
4.58721e+01	4.20614e-10
4.59361e+01	4.07576e-10
4.60001e+01	3.94948e-10
4.60641e+01	3.82719e-10
4.61281e+01	3.70874e-10
4.61920e+01	3.59402e-10
4.62560e+01	3.48290e-10
4.63200e+01	3.37528e-10
4.63840e+01	3.27104e-10
4.64479e+01	3.17007e-10
4.65119e+01	3.07227e-10
4.65759e+01	2.97754e-10
4.66399e+01	2.88577e-10
4.67039e+01	2.79688e-10
4.67678e+01	2.71078e-10
4.68318e+01	2.62737e-10
4.68958e+01	2.54657e-10
4.69598e+01	2.46829e-10
4.70238e+01	2.39246e-10
4.70877e+01	2.31900e-10
4.71517e+01	2.24783e-10
4.72157e+01	2.17889e-10
4.72797e+01	2.11209e-10
4.73436e+01	2.04737e-10
4.74076e+01	1.98468e-10
4.74716e+01	1.92393e-10
4.75356e+01	1.86507e-10
4.75996e+01	1.80805e-10
4.76635e+01	1.75279e-10
4.77275e+01	1.69926e-10
4.77915e+01	1.64738e-10
4.78555e+01	1.59712e-10
4.79194e+01	1.54842e-10
4.79834e+01	1.50122e-10
4.80474e+01	1.45549e-10
4.81114e+01	1.41118e-10
4.81754e+01	1.36824e-10
4.82393e+01	1.32663e-10
4.83033e+01	1.28630e-10
4.83673e+01	1.24722e-10
4.84313e+01	1.20935e-10
4.84952e+01	1.17265e-10
4.85592e+01	1.13708e-10
4.86232e+01	1.10261e-10
4.86872e+01	1.06920e-10
4.87512e+01	1.03682e-10
4.88151e+01	1.00543e-10
4.88791e+01	9.75017e-11
4.89431e+01	9.45536e-11
4.90071e+01	9.16961e-11
4.90710e+01	8.89265e-11
4.91350e+01	8.62419e-11
4.91990e+01	8.36396e-11
4.92630e+01	8.11173e-11
4.93270e+01	7.86722e-11
4.93909e+01	7.63020e-11
4.94549e+01	7.40044e-11
4.95189e+01	7.17771e-11
4.95829e+01	6.96179e-11
4.96468e+01	6.75248e-11
4.97108e+01	6.54955e-11
4.97748e+01	6.35282e-11
4.98388e+01	6.16209e-11
4.99028e+01	5.97718e-11
4.99667e+01	5.79790e-11
5.00307e+01	5.62409e-11
5.00947e+01	5.45556e-11
5.01587e+01	5.29217e-11
5.02226e+01	5.13374e-11
5.02866e+01	4.98012e-11
5.03506e+01	4.83117e-11
5.04146e+01	4.68673e-11
5.04786e+01	4.54668e-11
5.05425e+01	4.41087e-11
5.06065e+01	4.27918e-11
5.06705e+01	4.15148e-11
5.07345e+01	4.02764e-11
5.07984e+01	3.90755e-11
5.08624e+01	3.79109e-11
5.09264e+01	3.67815e-11
5.09904e+01	3.56862e-11
5.10544e+01	3.46240e-11
5.11183e+01	3.35939e-11
5.11823e+01	3.25948e-11
5.12463e+01	3.16259e-11
5.13103e+01	3.06862e-11
5.13742e+01	2.97749e-11
5.14382e+01	2.88910e-11
5.15022e+01	2.80337e-11
5.15662e+01	2.72022e-11
5.16302e+01	2.63957e-11
5.16941e+01	2.56135e-11
5.17581e+01	2.48548e-11
5.18221e+01	2.41188e-11
5.18861e+01	2.34049e-11
5.19500e+01	2.27124e-11
5.20140e+01	2.20407e-11
5.20780e+01	2.13890e-11
5.21420e+01	2.07569e-11
5.22060e+01	2.01437e-11
5.22699e+01	1.95488e-11
5.23339e+01	1.89717e-11
5.23979e+01	1.84119e-11
5.24619e+01	1.78688e-11
5.25258e+01	1.73419e-11
5.25898e+01	1.68308e-11
5.26538e+01	1.63350e-11
5.27178e+01	1.58539e-11
5.27818e+01	1.53872e-11
5.28457e+01	1.49345e-11
5.29097e+01	1.44952e-11
5.29737e+01	1.40690e-11
5.30377e+01	1.36555e-11
5.31017e+01	1.32543e-11
5.31656e+01	1.28651e-11
5.32296e+01	1.24875e-11
5.32936e+01	1.21211e-11
5.33576e+01	1.17656e-11
5.34215e+01	1.14206e-11
5.34855e+01	1.10859e-11
5.35495e+01	1.07612e-11
5.36135e+01	1.04461e-11
5.36775e+01	1.01403e-11
5.37414e+01	9.84364e-12
5.38054e+01	9.55576e-12
5.38694e+01	9.27642e-12
5.39334e+01	9.00536e-12
5.39973e+01	8.74233e-12
5.40613e+01	8.48709e-12
5.41253e+01	8.23942e-12
5.41893e+01	7.99907e-12
5.42533e+01	7.76583e-12
5.43172e+01	7.53949e-12
5.43812e+01	7.31984e-12
5.44452e+01	7.10668e-12
5.45092e+01	6.89982e-12
5.45731e+01	6.69907e-12
5.46371e+01	6.50425e-12
5.47011e+01	6.31517e-12
5.47651e+01	6.13168e-12
5.48291e+01	5.95359e-12
5.48930e+01	5.78075e-12
5.49570e+01	5.61301e-12
5.50210e+01	5.45021e-12
5.50850e+01	5.29220e-12
5.51489e+01	5.13884e-12
5.52129e+01	4.99000e-12
5.52769e+01	4.84554e-12
5.53409e+01	4.70532e-12
5.54049e+01	4.56923e-12
5.54688e+01	4.43714e-12
5.55328e+01	4.30892e-12
5.55968e+01	4.18447e-12
5.56608e+01	4.06368e-12
5.57247e+01	3.94643e-12
5.57887e+01	3.83262e-12
5.58527e+01	3.72215e-12
5.59167e+01	3.61492e-12
5.59807e+01	3.51084e-12
5.60446e+01	3.40980e-12
5.61086e+01	3.31173e-12
5.61726e+01	3.21653e-12
5.62366e+01	3.12412e-12
5.63005e+01	3.03442e-12
5.63645e+01	2.94734e-12
5.64285e+01	2.86281e-12
5.64925e+01	2.78075e-12
5.65565e+01	2.70110e-12
5.66204e+01	2.62377e-12
5.66844e+01	2.54870e-12
5.67484e+01	2.47583e-12
5.68124e+01	2.40508e-12
5.68763e+01	2.33641e-12
5.69403e+01	2.26973e-12
5.70043e+01	2.20501e-12
5.70683e+01	2.14217e-12
5.71323e+01	2.08117e-12
5.71962e+01	2.02195e-12
5.72602e+01	1.96445e-12
5.73242e+01	1.90864e-12
5.73882e+01	1.85445e-12
5.74521e+01	1.80184e-12
5.75161e+01	1.75077e-12
5.75801e+01	1.70118e-12
5.76441e+01	1.65304e-12
5.77081e+01	1.60631e-12
5.77720e+01	1.56094e-12
5.78360e+01	1.51689e-12
5.79000e+01	1.47413e-12
5.79640e+01	1.43261e-12
5.80279e+01	1.39230e-12
5.80919e+01	1.35317e-12
5.81559e+01	1.31519e-12
5.82199e+01	1.27831e-12
5.82839e+01	1.24250e-12
5.83478e+01	1.20775e-12
5.84118e+01	1.17400e-12
5.84758e+01	1.14125e-12
5.85398e+01	1.10945e-12
5.86037e+01	1.07857e-12
5.86677e+01	1.04861e-12
5.87317e+01	1.01952e-12
5.87957e+01	9.91278e-13
5.88597e+01	9.63867e-13
5.89236e+01	9.37260e-13
5.89876e+01	9.11433e-13
5.90516e+01	8.86365e-13
5.91156e+01	8.62033e-13
5.91795e+01	8.38418e-13
5.92435e+01	8.15497e-13
5.93075e+01	7.93253e-13
5.93715e+01	7.71665e-13
5.94355e+01	7.50715e-13
5.94994e+01	7.30386e-13
5.95634e+01	7.10658e-13
5.96274e+01	6.91517e-13
5.96914e+01	6.72944e-13
5.97554e+01	6.54925e-13
5.98193e+01	6.37444e-13
5.98833e+01	6.20485e-13
5.99473e+01	6.04035e-13
6.00113e+01	5.88079e-13
6.00752e+01	5.72604e-13
6.01392e+01	5.57596e-13
6.02032e+01	5.43042e-13
6.02672e+01	5.28931e-13
6.03312e+01	5.15249e-13
6.03951e+01	5.01986e-13
6.04591e+01	4.89130e-13
6.05231e+01	4.76670e-13
6.05871e+01	4.64596e-13
6.06510e+01	4.52898e-13
6.07150e+01	4.41565e-13
6.07790e+01	4.30588e-13
6.08430e+01	4.19958e-13
6.09070e+01	4.09666e-13
6.09709e+01	3.99704e-13
6.10349e+01	3.90062e-13
6.10989e+01	3.80733e-13
6.11629e+01	3.71709e-13
6.12268e+01	3.62982e-13
6.12908e+01	3.54545e-13
6.13548e+01	3.46391e-13
6.14188e+01	3.38512e-13
6.14828e+01	3.30903e-13
6.15467e+01	3.23557e-13
6.16107e+01	3.16468e-13
6.16747e+01	3.09629e-13
6.17387e+01	3.03034e-13
6.18026e+01	2.96679e-13
6.18666e+01	2.90558e-13
6.19306e+01	2.84665e-13
6.19946e+01	2.78996e-13
6.20586e+01	2.73546e-13
6.21225e+01	2.68309e-13
6.21865e+01	2.63282e-13
6.22505e+01	2.58461e-13
6.23145e+01	2.53840e-13
6.23784e+01	2.49416e-13
6.24424e+01	2.45186e-13
6.25064e+01	2.41145e-13
6.25704e+01	2.37289e-13
6.26344e+01	2.33616e-13
6.26983e+01	2.30123e-13
6.27623e+01	2.26805e-13
6.28263e+01	2.23660e-13
6.28903e+01	2.20685e-13
6.29542e+01	2.17877e-13
6.30182e+01	2.15234e-13
6.30822e+01	2.12753e-13
6.31462e+01	2.10431e-13
6.32102e+01	2.08266e-13
6.32741e+01	2.06256e-13
6.33381e+01	2.04398e-13
6.34021e+01	2.02691e-13
6.34661e+01	2.01131e-13
6.35300e+01	1.99718e-13
6.35940e+01	1.98449e-13
6.36580e+01	1.97322e-13
6.37220e+01	1.96335e-13
6.37860e+01	1.95486e-13
6.38499e+01	1.94774e-13
6.39139e+01	1.94196e-13
6.39779e+01	1.93745e-13
