# The ell = 1 distribution, the first anisotropy.
# E_N [Td]	8.50000e+00
# col_1: Electron Energy [eV], col_2: f1 [eV^(-3/2)]
eV	f1
1.67397e-02	3.41773e-05
3.34794e-02	6.93472e-05
5.02191e-02	1.03956e-04
6.69589e-02	1.29885e-04
8.36986e-02	1.52069e-04
1.00438e-01	1.71596e-04
1.17178e-01	1.89284e-04
1.33918e-01	2.06285e-04
1.50657e-01	2.22439e-04
1.67397e-01	2.38440e-04
1.84137e-01	2.54773e-04
2.00877e-01	2.71024e-04
2.17616e-01	2.88221e-04
2.34356e-01	3.05545e-04
2.51096e-01	3.24514e-04
2.67835e-01	3.45205e-04
2.84575e-01	3.66955e-04
3.01315e-01	3.90306e-04
3.18055e-01	4.12494e-04
3.34794e-01	4.34718e-04
3.51534e-01	4.62452e-04
3.68274e-01	4.93994e-04
3.85013e-01	5.33518e-04
4.01753e-01	5.85003e-04
4.18493e-01	6.45255e-04
4.35233e-01	7.18304e-04
4.51972e-01	8.06478e-04
4.68712e-01	9.05795e-04
4.85452e-01	1.02194e-03
5.02191e-01	1.15834e-03
5.18931e-01	1.30958e-03
5.35671e-01	1.48797e-03
5.52411e-01	1.70156e-03
5.69150e-01	1.94128e-03
5.85890e-01	2.21246e-03
6.02630e-01	2.51948e-03
6.19369e-01	2.85339e-03
6.36109e-01	3.21261e-03
6.52849e-01	3.64154e-03
6.69589e-01	4.12509e-03
6.86328e-01	4.65821e-03
7.03068e-01	5.29605e-03
7.19808e-01	6.02505e-03
7.36547e-01	6.82370e-03
7.53287e-01	7.72364e-03
7.70027e-01	8.71546e-03
7.86766e-01	9.77493e-03
8.03506e-01	1.08820e-02
8.20246e-01	1.20333e-02
8.36986e-01	1.32100e-02
8.53725e-01	1.43998e-02
8.70465e-01	1.56108e-02
8.87205e-01	1.69173e-02
9.03944e-01	1.83032e-02
9.20684e-01	1.97489e-02
9.37424e-01	2.12708e-02
9.54164e-01	2.29540e-02
9.70903e-01	2.47663e-02
9.87643e-01	2.66780e-02
1.00438e+00	2.86677e-02
1.02112e+00	3.08425e-02
1.03786e+00	3.31677e-02
1.05460e+00	3.56053e-02
1.07134e+00	3.81010e-02
1.08808e+00	4.06243e-02
1.10482e+00	4.32127e-02
1.12156e+00	4.58414e-02
1.13830e+00	4.84900e-02
1.15504e+00	5.11252e-02
1.17178e+00	5.37862e-02
1.18852e+00	5.64605e-02
1.20526e+00	5.91337e-02
1.22200e+00	6.17968e-02
1.23874e+00	6.45152e-02
1.25548e+00	6.73096e-02
1.27222e+00	7.01553e-02
1.28896e+00	7.30276e-02
1.30570e+00	7.59109e-02
1.32244e+00	7.90879e-02
1.33918e+00	8.25015e-02
1.35592e+00	8.60973e-02
1.37266e+00	8.98240e-02
1.38940e+00	9.35616e-02
1.40614e+00	9.70828e-02
1.42288e+00	1.00402e-01
1.43962e+00	1.03532e-01
1.45636e+00	1.06481e-01
1.47309e+00	1.09301e-01
1.48983e+00	1.12011e-01
1.50657e+00	1.14623e-01
1.52331e+00	1.17133e-01
1.54005e+00	1.19545e-01
1.55679e+00	1.21964e-01
1.57353e+00	1.24785e-01
1.59027e+00	1.27941e-01
1.60701e+00	1.31350e-01
1.62375e+00	1.34947e-01
1.64049e+00	1.38683e-01
1.65723e+00	1.42277e-01
1.67397e+00	1.45663e-01
1.69071e+00	1.48795e-01
1.70745e+00	1.51675e-01
1.72419e+00	1.54301e-01
1.74093e+00	1.56474e-01
1.75767e+00	1.57866e-01
1.77441e+00	1.58442e-01
1.79115e+00	1.58289e-01
1.80789e+00	1.57378e-01
1.82463e+00	1.55762e-01
1.84137e+00	1.53673e-01
1.85811e+00	1.50934e-01
1.87485e+00	1.47516e-01
1.89159e+00	1.43189e-01
1.90833e+00	1.38089e-01
1.92507e+00	1.32318e-01
1.94181e+00	1.26123e-01
1.95855e+00	1.19627e-01
1.97529e+00	1.13057e-01
1.99203e+00	1.06454e-01
2.00877e+00	9.98406e-02
2.02551e+00	9.33914e-02
2.04224e+00	8.73932e-02
2.05898e+00	8.19013e-02
2.07572e+00	7.68596e-02
2.09246e+00	7.22299e-02
2.10920e+00	6.79678e-02
2.12594e+00	6.37944e-02
2.14268e+00	5.96229e-02
2.15942e+00	5.55578e-02
2.17616e+00	5.16908e-02
2.19290e+00	4.80159e-02
2.20964e+00	4.45314e-02
2.22638e+00	4.12867e-02
2.24312e+00	3.82813e-02
2.25986e+00	3.55188e-02
2.27660e+00	3.29675e-02
2.29334e+00	3.06224e-02
2.31008e+00	2.84537e-02
2.32682e+00	2.64297e-02
2.34356e+00	2.45404e-02
2.36030e+00	2.27905e-02
2.37704e+00	2.11534e-02
2.39378e+00	1.96244e-02
2.41052e+00	1.82349e-02
2.42726e+00	1.69836e-02
2.44400e+00	1.57877e-02
2.46074e+00	1.46452e-02
2.47748e+00	1.35458e-02
2.49422e+00	1.25136e-02
2.51096e+00	1.15705e-02
2.52770e+00	1.06943e-02
2.54444e+00	9.89427e-03
2.56118e+00	9.17010e-03
2.57792e+00	8.50767e-03
2.59466e+00	7.91331e-03
2.61140e+00	7.37020e-03
2.62813e+00	6.86180e-03
2.64487e+00	6.38168e-03
2.66161e+00	5.93559e-03
2.67835e+00	5.52191e-03
2.69509e+00	5.13530e-03
2.71183e+00	4.77820e-03
2.72857e+00	4.45784e-03
2.74531e+00	4.17687e-03
2.76205e+00	3.92974e-03
2.77879e+00	3.70000e-03
2.79553e+00	3.48380e-03
2.81227e+00	3.28241e-03
2.82901e+00	3.09008e-03
2.84575e+00	2.90280e-03
2.86249e+00	2.72061e-03
2.87923e+00	2.53954e-03
2.89597e+00	2.36838e-03
2.91271e+00	2.21258e-03
2.92945e+00	2.07111e-03
2.94619e+00	1.94339e-03
2.96293e+00	1.82819e-03
2.97967e+00	1.72578e-03
2.99641e+00	1.63499e-03
3.01315e+00	1.55218e-03
3.02989e+00	1.47297e-03
3.04663e+00	1.39690e-03
3.06337e+00	1.32378e-03
3.08011e+00	1.25387e-03
3.09685e+00	1.18690e-03
3.11359e+00	1.12428e-03
3.13033e+00	1.06588e-03
3.14707e+00	1.01219e-03
3.16381e+00	9.62607e-04
3.18055e+00	9.15551e-04
3.19729e+00	8.70718e-04
3.21402e+00	8.28018e-04
3.23076e+00	7.87333e-04
3.24750e+00	7.48474e-04
3.26424e+00	7.11259e-04
3.28098e+00	6.76058e-04
3.29772e+00	6.43129e-04
3.31446e+00	6.12539e-04
3.33120e+00	5.84409e-04
3.34794e+00	5.58313e-04
3.36468e+00	5.34102e-04
3.38142e+00	5.11672e-04
3.39816e+00	4.90764e-04
3.41490e+00	4.71331e-04
3.43164e+00	4.52918e-04
3.44838e+00	4.35352e-04
3.46512e+00	4.18674e-04
3.48186e+00	4.02857e-04
3.49860e+00	3.87905e-04
3.51534e+00	3.73794e-04
3.53208e+00	3.60379e-04
3.54882e+00	3.47603e-04
3.56556e+00	3.35342e-04
3.58230e+00	3.23435e-04
3.59904e+00	3.11937e-04
3.61578e+00	3.00923e-04
3.63252e+00	2.90369e-04
3.64926e+00	2.80251e-04
3.66600e+00	2.70556e-04
3.68274e+00	2.61300e-04
3.69948e+00	2.52469e-04
3.71622e+00	2.44039e-04
3.73296e+00	2.36062e-04
3.74970e+00	2.28539e-04
3.76644e+00	2.21484e-04
3.78318e+00	2.14896e-04
3.79991e+00	2.08779e-04
3.81665e+00	2.03105e-04
3.83339e+00	1.97860e-04
3.85013e+00	1.93030e-04
3.86687e+00	1.88578e-04
3.88361e+00	1.84324e-04
3.90035e+00	1.80257e-04
3.91709e+00	1.76371e-04
3.93383e+00	1.72654e-04
3.95057e+00	1.69101e-04
3.96731e+00	1.65711e-04
3.98405e+00	1.62489e-04
4.00079e+00	1.59409e-04
4.01753e+00	1.56445e-04
4.03427e+00	1.53578e-04
4.05101e+00	1.50760e-04
4.06775e+00	1.47987e-04
4.08449e+00	1.45261e-04
4.10123e+00	1.42577e-04
4.11797e+00	1.39935e-04
4.13471e+00	1.37333e-04
4.15145e+00	1.34768e-04
4.16819e+00	1.32239e-04
4.18493e+00	1.29744e-04
4.20167e+00	1.27283e-04
4.21841e+00	1.24852e-04
4.23515e+00	1.22452e-04
4.25189e+00	1.20081e-04
4.26863e+00	1.17735e-04
4.28537e+00	1.15406e-04
4.30211e+00	1.13093e-04
4.31885e+00	1.10796e-04
4.33559e+00	1.08514e-04
4.35233e+00	1.06247e-04
4.36907e+00	1.03996e-04
4.38580e+00	1.01763e-04
4.40254e+00	9.95487e-05
4.41928e+00	9.73530e-05
4.43602e+00	9.51835e-05
4.45276e+00	9.30383e-05
4.46950e+00	9.09198e-05
4.48624e+00	8.88279e-05
4.50298e+00	8.67613e-05
4.51972e+00	8.47197e-05
4.53646e+00	8.27043e-05
4.55320e+00	8.07347e-05
4.56994e+00	7.88170e-05
4.58668e+00	7.69503e-05
4.60342e+00	7.51336e-05
4.62016e+00	7.33660e-05
4.63690e+00	7.16471e-05
4.65364e+00	6.99941e-05
4.67038e+00	6.84054e-05
4.68712e+00	6.68797e-05
4.70386e+00	6.54157e-05
4.72060e+00	6.40124e-05
4.73734e+00	6.26685e-05
4.75408e+00	6.13828e-05
4.77082e+00	6.01543e-05
4.78756e+00	5.89819e-05
4.80430e+00	5.78643e-05
4.82104e+00	5.68009e-05
4.83778e+00	5.57943e-05
4.85452e+00	5.48533e-05
4.87126e+00	5.39769e-05
4.88800e+00	5.31635e-05
4.90474e+00	5.24116e-05
4.92148e+00	5.17196e-05
4.93822e+00	5.10692e-05
4.95495e+00	5.04572e-05
4.97169e+00	4.98789e-05
4.98843e+00	4.93338e-05
5.00517e+00	4.88198e-05
5.02191e+00	4.83340e-05
5.03865e+00	4.78751e-05
5.05539e+00	4.74376e-05
5.07213e+00	4.70217e-05
5.08887e+00	4.66267e-05
5.10561e+00	4.62520e-05
5.12235e+00	4.58910e-05
5.13909e+00	4.55333e-05
5.15583e+00	4.51787e-05
5.17257e+00	4.48270e-05
5.18931e+00	4.44782e-05
5.20605e+00	4.41323e-05
5.22279e+00	4.37893e-05
5.23953e+00	4.34492e-05
5.25627e+00	4.31119e-05
5.27301e+00	4.27775e-05
5.28975e+00	4.24458e-05
5.30649e+00	4.21170e-05
5.32323e+00	4.17909e-05
5.33997e+00	4.14675e-05
5.35671e+00	4.11470e-05
5.37345e+00	4.08291e-05
5.39019e+00	4.05139e-05
5.40693e+00	4.02014e-05
5.42367e+00	3.98915e-05
5.44041e+00	3.95843e-05
5.45715e+00	3.92796e-05
5.47389e+00	3.89776e-05
5.49063e+00	3.86781e-05
5.50737e+00	3.83812e-05
5.52411e+00	3.80869e-05
5.54084e+00	3.77950e-05
5.55758e+00	3.75057e-05
5.57432e+00	3.72188e-05
5.59106e+00	3.69345e-05
5.60780e+00	3.66525e-05
5.62454e+00	3.63730e-05
5.64128e+00	3.60959e-05
5.65802e+00	3.58212e-05
5.67476e+00	3.55490e-05
5.69150e+00	3.52789e-05
5.70824e+00	3.50113e-05
5.72498e+00	3.47461e-05
5.74172e+00	3.44833e-05
5.75846e+00	3.42228e-05
5.77520e+00	3.39646e-05
5.79194e+00	3.37087e-05
5.80868e+00	3.34551e-05
5.82542e+00	3.32038e-05
5.84216e+00	3.29547e-05
5.85890e+00	3.27079e-05
5.87564e+00	3.24633e-05
5.89238e+00	3.22209e-05
5.90912e+00	3.19807e-05
5.92586e+00	3.17426e-05
5.94260e+00	3.15067e-05
5.95934e+00	3.12730e-05
5.97608e+00	3.10414e-05
5.99282e+00	3.08121e-05
6.00956e+00	3.05846e-05
6.02630e+00	3.03602e-05
6.04304e+00	3.01365e-05
6.05978e+00	2.99151e-05
6.07652e+00	2.96958e-05
6.09326e+00	2.94786e-05
6.11000e+00	2.92635e-05
6.12673e+00	2.90503e-05
6.14347e+00	2.88392e-05
6.16021e+00	2.86300e-05
6.17695e+00	2.84229e-05
6.19369e+00	2.82177e-05
6.21043e+00	2.80144e-05
6.22717e+00	2.78131e-05
6.24391e+00	2.76137e-05
6.26065e+00	2.74162e-05
6.27739e+00	2.72206e-05
6.29413e+00	2.70268e-05
6.31087e+00	2.68349e-05
6.32761e+00	2.66448e-05
6.34435e+00	2.64565e-05
6.36109e+00	2.62701e-05
6.37783e+00	2.60854e-05
6.39457e+00	2.59024e-05
6.41131e+00	2.57213e-05
6.42805e+00	2.55418e-05
6.44479e+00	2.53642e-05
6.46153e+00	2.51883e-05
6.47827e+00	2.50141e-05
6.49501e+00	2.48416e-05
6.51175e+00	2.46709e-05
6.52849e+00	2.45018e-05
6.54523e+00	2.43344e-05
6.56197e+00	2.41687e-05
6.57871e+00	2.40046e-05
6.59545e+00	2.38421e-05
6.61219e+00	2.36812e-05
6.62893e+00	2.35219e-05
6.64567e+00	2.33642e-05
6.66241e+00	2.32079e-05
6.67915e+00	2.30534e-05
6.69589e+00	2.29004e-05
6.71262e+00	2.27490e-05
6.72936e+00	2.25990e-05
6.74610e+00	2.24502e-05
6.76284e+00	2.23023e-05
6.77958e+00	2.21553e-05
6.79632e+00	2.20093e-05
6.81306e+00	2.18641e-05
6.82980e+00	2.17199e-05
6.84654e+00	2.15765e-05
6.86328e+00	2.14341e-05
6.88002e+00	2.12926e-05
6.89676e+00	2.11521e-05
6.91350e+00	2.10120e-05
6.93024e+00	2.08744e-05
6.94698e+00	2.07355e-05
6.96372e+00	2.05977e-05
6.98046e+00	2.04612e-05
6.99720e+00	2.03257e-05
7.01394e+00	2.01913e-05
7.03068e+00	2.00581e-05
7.04742e+00	1.99258e-05
7.06416e+00	1.97953e-05
7.08090e+00	1.96656e-05
7.09764e+00	1.95361e-05
7.11438e+00	1.94082e-05
7.13112e+00	1.92815e-05
7.14786e+00	1.91559e-05
7.16460e+00	1.90314e-05
7.18134e+00	1.89080e-05
7.19808e+00	1.87857e-05
7.21482e+00	1.86646e-05
7.23156e+00	1.85445e-05
7.24830e+00	1.84258e-05
7.26504e+00	1.83085e-05
7.28178e+00	1.81926e-05
7.29851e+00	1.80781e-05
7.31525e+00	1.79649e-05
7.33199e+00	1.78531e-05
7.34873e+00	1.77425e-05
7.36547e+00	1.76333e-05
7.38221e+00	1.75240e-05
7.39895e+00	1.74144e-05
7.41569e+00	1.73045e-05
7.43243e+00	1.71943e-05
7.44917e+00	1.70839e-05
7.46591e+00	1.69734e-05
7.48265e+00	1.68627e-05
7.49939e+00	1.67519e-05
7.51613e+00	1.66411e-05
7.53287e+00	1.65302e-05
7.54961e+00	1.64192e-05
7.56635e+00	1.63080e-05
7.58309e+00	1.61966e-05
7.59983e+00	1.60851e-05
7.61657e+00	1.59735e-05
7.63331e+00	1.58617e-05
7.65005e+00	1.57498e-05
7.66679e+00	1.56379e-05
7.68353e+00	1.55259e-05
7.70027e+00	1.54139e-05
7.71701e+00	1.53019e-05
7.73375e+00	1.51900e-05
7.75049e+00	1.50782e-05
7.76723e+00	1.49651e-05
7.78397e+00	1.48507e-05
7.80071e+00	1.47345e-05
7.81745e+00	1.46160e-05
7.83419e+00	1.44954e-05
7.85093e+00	1.43722e-05
7.86766e+00	1.42468e-05
7.88440e+00	1.41192e-05
7.90114e+00	1.39894e-05
7.91788e+00	1.38576e-05
7.93462e+00	1.37239e-05
7.95136e+00	1.35885e-05
7.96810e+00	1.34515e-05
7.98484e+00	1.33130e-05
8.00158e+00	1.31728e-05
8.01832e+00	1.30311e-05
8.03506e+00	1.28878e-05
8.05180e+00	1.27428e-05
8.06854e+00	1.25963e-05
8.08528e+00	1.24484e-05
8.10202e+00	1.22992e-05
8.11876e+00	1.21488e-05
8.13550e+00	1.19976e-05
8.15224e+00	1.18455e-05
8.16898e+00	1.16926e-05
8.18572e+00	1.15391e-05
8.20246e+00	1.13851e-05
8.21920e+00	1.12307e-05
8.23594e+00	1.10755e-05
8.25268e+00	1.09190e-05
8.26942e+00	1.07616e-05
8.28616e+00	1.06033e-05
8.30290e+00	1.04441e-05
8.31964e+00	1.02839e-05
8.33638e+00	1.01227e-05
8.35312e+00	9.96063e-06
8.36986e+00	9.79777e-06
8.38660e+00	9.63432e-06
8.40334e+00	9.47041e-06
8.42008e+00	9.30620e-06
8.43682e+00	9.14184e-06
8.45355e+00	8.97746e-06
8.47029e+00	8.81223e-06
8.48703e+00	8.64555e-06
8.50377e+00	8.47808e-06
8.52051e+00	8.31070e-06
8.53725e+00	8.14358e-06
8.55399e+00	7.97714e-06
8.57073e+00	7.81185e-06
8.58747e+00	7.64779e-06
8.60421e+00	7.48504e-06
8.62095e+00	7.32368e-06
8.63769e+00	7.16378e-06
8.65443e+00	7.00540e-06
8.67117e+00	6.84862e-06
8.68791e+00	6.69348e-06
8.70465e+00	6.54007e-06
8.72139e+00	6.38845e-06
8.73813e+00	6.23866e-06
8.75487e+00	6.09067e-06
8.77161e+00	5.94453e-06
8.78835e+00	5.80028e-06
8.80509e+00	5.65795e-06
8.82183e+00	5.51757e-06
8.83857e+00	5.37918e-06
8.85531e+00	5.24279e-06
8.87205e+00	5.10843e-06
8.88879e+00	4.97612e-06
8.90553e+00	4.84586e-06
8.92227e+00	4.71770e-06
8.93901e+00	4.59165e-06
8.95575e+00	4.46756e-06
8.97249e+00	4.34562e-06
8.98923e+00	4.22589e-06
9.00597e+00	4.10849e-06
9.02271e+00	3.99353e-06
9.03944e+00	3.88117e-06
9.05618e+00	3.77149e-06
9.07292e+00	3.66446e-06
9.08966e+00	3.56004e-06
9.10640e+00	3.45817e-06
9.12314e+00	3.35881e-06
9.13988e+00	3.26191e-06
9.15662e+00	3.16743e-06
9.17336e+00	3.07532e-06
9.19010e+00	2.98554e-06
9.20684e+00	2.89803e-06
9.22358e+00	2.81275e-06
9.24032e+00	2.72965e-06
9.25706e+00	2.64869e-06
9.27380e+00	2.56984e-06
9.29054e+00	2.49303e-06
9.30728e+00	2.41823e-06
9.32402e+00	2.34540e-06
9.34076e+00	2.27450e-06
9.35750e+00	2.20549e-06
9.37424e+00	2.13832e-06
9.39098e+00	2.07295e-06
9.40772e+00	2.00936e-06
9.42446e+00	1.94749e-06
9.44120e+00	1.88731e-06
9.45794e+00	1.82878e-06
9.47468e+00	1.77186e-06
9.49142e+00	1.71653e-06
9.50816e+00	1.66273e-06
9.52490e+00	1.61045e-06
9.54164e+00	1.55964e-06
9.55838e+00	1.51026e-06
9.57512e+00	1.46229e-06
9.59186e+00	1.41565e-06
9.60860e+00	1.37031e-06
9.62533e+00	1.32625e-06
9.64207e+00	1.28346e-06
9.65881e+00	1.24185e-06
9.67555e+00	1.20145e-06
9.69229e+00	1.16218e-06
9.70903e+00	1.12402e-06
9.72577e+00	1.08694e-06
9.74251e+00	1.05093e-06
9.75925e+00	1.01595e-06
9.77599e+00	9.81988e-07
9.79273e+00	9.49007e-07
9.80947e+00	9.16988e-07
9.82621e+00	8.85906e-07
9.84295e+00	8.55740e-07
9.85969e+00	8.26467e-07
9.87643e+00	7.98066e-07
9.89317e+00	7.70515e-07
9.90991e+00	7.43793e-07
9.92665e+00	7.17878e-07
9.94339e+00	6.92749e-07
9.96013e+00	6.68389e-07
9.97687e+00	6.44778e-07
9.99361e+00	6.21888e-07
1.00103e+01	5.99812e-07
1.00271e+01	5.78438e-07
1.00438e+01	5.57684e-07
1.00606e+01	5.37707e-07
1.00773e+01	5.18414e-07
1.00940e+01	4.99791e-07
1.01108e+01	4.81818e-07
1.01275e+01	4.64474e-07
1.01443e+01	4.47737e-07
1.01610e+01	4.31587e-07
1.01777e+01	4.16002e-07
1.01945e+01	4.00964e-07
1.02112e+01	3.86452e-07
1.02280e+01	3.72448e-07
1.02447e+01	3.58936e-07
1.02614e+01	3.45898e-07
1.02782e+01	3.33319e-07
1.02949e+01	3.21183e-07
1.03117e+01	3.09475e-07
1.03284e+01	2.98180e-07
1.03451e+01	2.87285e-07
1.03619e+01	2.76776e-07
1.03786e+01	2.66641e-07
1.03954e+01	2.56865e-07
1.04121e+01	2.47438e-07
1.04288e+01	2.38347e-07
1.04456e+01	2.29580e-07
1.04623e+01	2.21128e-07
1.04791e+01	2.12978e-07
1.04958e+01	2.05121e-07
1.05125e+01	1.97546e-07
1.05293e+01	1.90243e-07
1.05460e+01	1.83204e-07
1.05628e+01	1.76418e-07
1.05795e+01	1.69871e-07
1.05962e+01	1.63575e-07
1.06130e+01	1.57498e-07
1.06297e+01	1.51614e-07
1.06465e+01	1.45961e-07
1.06632e+01	1.40511e-07
1.06799e+01	1.35262e-07
1.06967e+01	1.30204e-07
1.07134e+01	1.25331e-07
1.07302e+01	1.20637e-07
1.07469e+01	1.16115e-07
1.07636e+01	1.11760e-07
1.07804e+01	1.07565e-07
1.07971e+01	1.03524e-07
1.08139e+01	9.96325e-08
1.08306e+01	9.58847e-08
1.08473e+01	9.22756e-08
1.08641e+01	8.88001e-08
1.08808e+01	8.54535e-08
1.08976e+01	8.22312e-08
1.09143e+01	7.91287e-08
1.09310e+01	7.61419e-08
1.09478e+01	7.32666e-08
1.09645e+01	7.04992e-08
1.09813e+01	6.78354e-08
1.09980e+01	6.52716e-08
1.10147e+01	6.28038e-08
1.10315e+01	6.04290e-08
1.10482e+01	5.81441e-08
1.10650e+01	5.59458e-08
1.10817e+01	5.38311e-08
1.10984e+01	5.17971e-08
1.11152e+01	4.98406e-08
1.11319e+01	4.79590e-08
1.11486e+01	4.61495e-08
1.11654e+01	4.44094e-08
1.11821e+01	4.27362e-08
1.11989e+01	4.11274e-08
1.12156e+01	3.95785e-08
1.12323e+01	3.80877e-08
1.12491e+01	3.66529e-08
1.12658e+01	3.52721e-08
1.12826e+01	3.39436e-08
1.12993e+01	3.26655e-08
1.13160e+01	3.14360e-08
1.13328e+01	3.02535e-08
1.13495e+01	2.91162e-08
1.13663e+01	2.80228e-08
1.13830e+01	2.69716e-08
1.13997e+01	2.59611e-08
1.14165e+01	2.49900e-08
1.14332e+01	2.40569e-08
1.14500e+01	2.31605e-08
1.14667e+01	2.22994e-08
1.14834e+01	2.14726e-08
1.15002e+01	2.06788e-08
1.15169e+01	1.99169e-08
1.15337e+01	1.91857e-08
1.15504e+01	1.84841e-08
1.15671e+01	1.78019e-08
1.15839e+01	1.71344e-08
1.16006e+01	1.64820e-08
1.16174e+01	1.58433e-08
1.16341e+01	1.52160e-08
1.16508e+01	1.45819e-08
1.16676e+01	1.39473e-08
1.16843e+01	1.33386e-08
1.17011e+01	1.27612e-08
1.17178e+01	1.22165e-08
1.17345e+01	1.17023e-08
1.17513e+01	1.12113e-08
1.17680e+01	1.07362e-08
1.17848e+01	1.02769e-08
1.18015e+01	9.83596e-09
1.18182e+01	9.41144e-09
1.18350e+01	8.99598e-09
1.18517e+01	8.55475e-09
1.18685e+01	8.13454e-09
1.18852e+01	7.74905e-09
1.19019e+01	7.37381e-09
1.19187e+01	7.00375e-09
1.19354e+01	6.65688e-09
1.19522e+01	6.33083e-09
1.19689e+01	6.02319e-09
1.19856e+01	5.73221e-09
1.20024e+01	5.45636e-09
1.20191e+01	5.19420e-09
1.20359e+01	4.94473e-09
1.20526e+01	4.70702e-09
1.20693e+01	4.48053e-09
1.20861e+01	4.26475e-09
1.21028e+01	4.05911e-09
1.21196e+01	3.86300e-09
1.21363e+01	3.67579e-09
1.21530e+01	3.49710e-09
1.21698e+01	3.32659e-09
1.21865e+01	3.16393e-09
1.22033e+01	3.00873e-09
1.22200e+01	2.86040e-09
1.22367e+01	2.71858e-09
1.22535e+01	2.58298e-09
1.22702e+01	2.45336e-09
1.22869e+01	2.32952e-09
1.23037e+01	2.21125e-09
1.23204e+01	2.09847e-09
1.23372e+01	1.99107e-09
1.23539e+01	1.88882e-09
1.23706e+01	1.79147e-09
1.23874e+01	1.69883e-09
1.24041e+01	1.61068e-09
1.24209e+01	1.52671e-09
1.24376e+01	1.44673e-09
1.24543e+01	1.37057e-09
1.24711e+01	1.29804e-09
1.24878e+01	1.22901e-09
1.25046e+01	1.16332e-09
1.25213e+01	1.10077e-09
1.25380e+01	1.04119e-09
1.25548e+01	9.84580e-10
1.25715e+01	9.30597e-10
1.25883e+01	8.79262e-10
1.26050e+01	8.30501e-10
1.26217e+01	7.84206e-10
1.26385e+01	7.40303e-10
1.26552e+01	6.98681e-10
1.26720e+01	6.59229e-10
1.26887e+01	6.21839e-10
1.27054e+01	5.86446e-10
1.27222e+01	5.52971e-10
1.27389e+01	5.21326e-10
1.27557e+01	4.91429e-10
1.27724e+01	4.63184e-10
1.27891e+01	4.36502e-10
1.28059e+01	4.11305e-10
1.28226e+01	3.87581e-10
1.28394e+01	3.65262e-10
1.28561e+01	3.44330e-10
1.28728e+01	3.24750e-10
1.28896e+01	3.06422e-10
1.29063e+01	2.89158e-10
1.29231e+01	2.72650e-10
1.29398e+01	2.57126e-10
1.29565e+01	2.42742e-10
1.29733e+01	2.29340e-10
1.29900e+01	2.16612e-10
1.30068e+01	2.04443e-10
1.30235e+01	1.92123e-10
1.30402e+01	1.79597e-10
1.30570e+01	1.67370e-10
1.30737e+01	1.56362e-10
1.30905e+01	1.46510e-10
1.31072e+01	1.37682e-10
1.31239e+01	1.29722e-10
1.31407e+01	1.22436e-10
1.31574e+01	1.15503e-10
1.31742e+01	1.08839e-10
1.31909e+01	1.02373e-10
1.32076e+01	9.61552e-11
1.32244e+01	9.04150e-11
1.32411e+01	8.51511e-11
1.32579e+01	8.02660e-11
1.32746e+01	7.57045e-11
1.32913e+01	7.14545e-11
1.33081e+01	6.74808e-11
1.33248e+01	6.37559e-11
1.33416e+01	6.02538e-11
1.33583e+01	5.69548e-11
1.33750e+01	5.38355e-11
1.33918e+01	5.08745e-11
1.34085e+01	4.80624e-11
1.34252e+01	4.53898e-11
1.34420e+01	4.28396e-11
1.34587e+01	4.04031e-11
1.34755e+01	3.80750e-11
1.34922e+01	3.58759e-11
1.35089e+01	3.38068e-11
1.35257e+01	3.18531e-11
1.35424e+01	3.00041e-11
1.35592e+01	2.82551e-11
1.35759e+01	2.66010e-11
1.35926e+01	2.50371e-11
1.36094e+01	2.35589e-11
1.36261e+01	2.21630e-11
1.36429e+01	2.08450e-11
1.36596e+01	1.96010e-11
1.36763e+01	1.84271e-11
1.36931e+01	1.73196e-11
1.37098e+01	1.62751e-11
1.37266e+01	1.52903e-11
1.37433e+01	1.43621e-11
1.37600e+01	1.34873e-11
1.37768e+01	1.26632e-11
1.37935e+01	1.18871e-11
1.38103e+01	1.11562e-11
1.38270e+01	1.04679e-11
1.38437e+01	9.81993e-12
1.38605e+01	9.21002e-12
1.38772e+01	8.63572e-12
1.38940e+01	8.09459e-12
1.39107e+01	7.58492e-12
1.39274e+01	7.10475e-12
1.39442e+01	6.65259e-12
1.39609e+01	6.22696e-12
1.39777e+01	5.82667e-12
1.39944e+01	5.45017e-12
1.40111e+01	5.09599e-12
1.40279e+01	4.76303e-12
1.40446e+01	4.45038e-12
1.40614e+01	4.15686e-12
1.40781e+01	3.88149e-12
1.40948e+01	3.62310e-12
1.41116e+01	3.38076e-12
1.41283e+01	3.15357e-12
1.41451e+01	2.94068e-12
1.41618e+01	2.74127e-12
1.41785e+01	2.55457e-12
1.41953e+01	2.37984e-12
1.42120e+01	2.21636e-12
1.42288e+01	2.06338e-12
1.42455e+01	1.92024e-12
1.42622e+01	1.78631e-12
1.42790e+01	1.66107e-12
1.42957e+01	1.54400e-12
1.43125e+01	1.43462e-12
1.43292e+01	1.33247e-12
1.43459e+01	1.23712e-12
1.43627e+01	1.14815e-12
1.43794e+01	1.06518e-12
1.43962e+01	9.87829e-13
1.44129e+01	9.15750e-13
1.44296e+01	8.48613e-13
1.44464e+01	7.86103e-13
1.44631e+01	7.27926e-13
1.44799e+01	6.73815e-13
1.44966e+01	6.23506e-13
1.45133e+01	5.76747e-13
1.45301e+01	5.33309e-13
1.45468e+01	4.92972e-13
1.45636e+01	4.55530e-13
1.45803e+01	4.20789e-13
1.45970e+01	3.88566e-13
1.46138e+01	3.58691e-13
1.46305e+01	3.31002e-13
1.46472e+01	3.05351e-13
1.46640e+01	2.81595e-13
1.46807e+01	2.59602e-13
1.46975e+01	2.39249e-13
1.47142e+01	2.20421e-13
1.47309e+01	2.03010e-13
1.47477e+01	1.86914e-13
1.47644e+01	1.72040e-13
1.47812e+01	1.58299e-13
1.47979e+01	1.45609e-13
1.48146e+01	1.33894e-13
1.48314e+01	1.23082e-13
1.48481e+01	1.13107e-13
1.48649e+01	1.03907e-13
1.48816e+01	9.54251e-14
1.48983e+01	8.76077e-14
1.49151e+01	8.04048e-14
1.49318e+01	7.37702e-14
1.49486e+01	6.76609e-14
1.49653e+01	6.20371e-14
1.49820e+01	5.68623e-14
1.49988e+01	5.21032e-14
1.50155e+01	4.77291e-14
1.50323e+01	4.37125e-14
1.50490e+01	4.00253e-14
1.50657e+01	3.66419e-14
1.50825e+01	3.35379e-14
1.50992e+01	3.06909e-14
1.51160e+01	2.80802e-14
1.51327e+01	2.56867e-14
1.51494e+01	2.34926e-14
1.51662e+01	2.14819e-14
1.51829e+01	1.96395e-14
1.51997e+01	1.79518e-14
1.52164e+01	1.64060e-14
1.52331e+01	1.49905e-14
1.52499e+01	1.36946e-14
1.52666e+01	1.25084e-14
1.52834e+01	1.14229e-14
1.53001e+01	1.04296e-14
1.53168e+01	9.52097e-15
1.53336e+01	8.68991e-15
1.53503e+01	7.92995e-15
1.53671e+01	7.23513e-15
1.53838e+01	6.60000e-15
1.54005e+01	6.01955e-15
1.54173e+01	5.48918e-15
1.54340e+01	5.00466e-15
1.54508e+01	4.56211e-15
1.54675e+01	4.15797e-15
1.54842e+01	3.78898e-15
1.55010e+01	3.45215e-15
1.55177e+01	3.14474e-15
1.55345e+01	2.86423e-15
1.55512e+01	2.60831e-15
1.55679e+01	2.37488e-15
1.55847e+01	2.16201e-15
1.56014e+01	1.96790e-15
1.56182e+01	1.79093e-15
1.56349e+01	1.62962e-15
1.56516e+01	1.48261e-15
1.56684e+01	1.34868e-15
1.56851e+01	1.22667e-15
1.57019e+01	1.11557e-15
1.57186e+01	1.01441e-15
1.57353e+01	9.22324e-16
1.57521e+01	8.38530e-16
1.57688e+01	7.62290e-16
1.57855e+01	6.92739e-16
1.58023e+01	6.29321e-16
1.58190e+01	5.71514e-16
1.58358e+01	5.18839e-16
1.58525e+01	4.70861e-16
1.58692e+01	4.27176e-16
1.58860e+01	3.87413e-16
1.59027e+01	3.51233e-16
1.59195e+01	3.18327e-16
1.59362e+01	2.88407e-16
1.59529e+01	2.61209e-16
1.59697e+01	2.36496e-16
1.59864e+01	2.14050e-16
1.60032e+01	1.93674e-16
1.60199e+01	1.75188e-16
1.60366e+01	1.58423e-16
1.60534e+01	1.43226e-16
1.60701e+01	1.29454e-16
1.60869e+01	1.16979e-16
1.61036e+01	1.05680e-16
1.61203e+01	9.54505e-17
1.61371e+01	8.61905e-17
1.61538e+01	7.78113e-17
1.61706e+01	7.02309e-17
1.61873e+01	6.33753e-17
1.62040e+01	5.71771e-17
1.62208e+01	5.15749e-17
1.62375e+01	4.65128e-17
1.62543e+01	4.19399e-17
1.62710e+01	3.78106e-17
1.62877e+01	3.40830e-17
1.63045e+01	3.07195e-17
1.63212e+01	2.76852e-17
1.63380e+01	2.49491e-17
1.63547e+01	2.24832e-17
1.63714e+01	2.02617e-17
1.63882e+01	1.82614e-17
1.64049e+01	1.64615e-17
1.64217e+01	1.48431e-17
1.64384e+01	1.33889e-17
1.64551e+01	1.20835e-17
1.64719e+01	1.09130e-17
1.64886e+01	9.86511e-18
1.65054e+01	8.92838e-18
1.65221e+01	8.09266e-18
1.65388e+01	7.34887e-18
1.65556e+01	6.68886e-18
1.65723e+01	6.10545e-18
1.65891e+01	5.59230e-18
1.66058e+01	5.14375e-18
1.66225e+01	4.75484e-18
1.66393e+01	4.42126e-18
1.66560e+01	4.13931e-18
1.66728e+01	3.90586e-18
1.66895e+01	3.71834e-18
1.67062e+01	3.57457e-18
1.67230e+01	3.47434e-18
1.67397e+01	3.40359e-18
