# The ell = 1 distribution, the first anisotropy.
# E_N [Td]	1.50000e+01
# col_1: Electron Energy [eV], col_2: f1 [eV^(-3/2)]
eV	f1
2.03469e-02	6.84335e-05
4.06938e-02	1.39107e-04
6.10408e-02	1.98076e-04
8.13877e-02	2.47735e-04
1.01735e-01	2.92670e-04
1.22082e-01	3.35166e-04
1.42428e-01	3.77143e-04
1.62775e-01	4.18868e-04
1.83122e-01	4.61414e-04
2.03469e-01	5.04547e-04
2.23816e-01	5.50069e-04
2.44163e-01	5.98763e-04
2.64510e-01	6.53638e-04
2.84857e-01	7.14962e-04
3.05204e-01	7.83608e-04
3.25551e-01	8.57347e-04
3.45898e-01	9.42924e-04
3.66245e-01	1.04002e-03
3.86592e-01	1.16569e-03
4.06938e-01	1.31777e-03
4.27285e-01	1.50266e-03
4.47632e-01	1.71812e-03
4.67979e-01	1.96197e-03
4.88326e-01	2.24446e-03
5.08673e-01	2.55481e-03
5.29020e-01	2.91240e-03
5.49367e-01	3.32680e-03
5.69714e-01	3.78704e-03
5.90061e-01	4.29985e-03
6.10408e-01	4.86790e-03
6.30755e-01	5.49695e-03
6.51102e-01	6.22692e-03
6.71448e-01	7.04864e-03
6.91795e-01	7.94259e-03
7.12142e-01	8.96244e-03
7.32489e-01	1.00965e-02
7.52836e-01	1.13197e-02
7.73183e-01	1.26231e-02
7.93530e-01	1.39846e-02
8.13877e-01	1.53830e-02
8.34224e-01	1.68114e-02
8.54571e-01	1.82623e-02
8.74918e-01	1.97568e-02
8.95265e-01	2.13627e-02
9.15612e-01	2.30638e-02
9.35958e-01	2.48557e-02
9.56305e-01	2.68226e-02
9.76652e-01	2.89374e-02
9.96999e-01	3.11732e-02
1.01735e+00	3.35634e-02
1.03769e+00	3.60760e-02
1.05804e+00	3.86855e-02
1.07839e+00	4.12990e-02
1.09873e+00	4.39117e-02
1.11908e+00	4.65126e-02
1.13943e+00	4.90951e-02
1.15977e+00	5.16331e-02
1.18012e+00	5.41669e-02
1.20047e+00	5.66911e-02
1.22082e+00	5.91989e-02
1.24116e+00	6.17272e-02
1.26151e+00	6.43124e-02
1.28186e+00	6.69406e-02
1.30220e+00	6.96114e-02
1.32255e+00	7.24238e-02
1.34290e+00	7.54167e-02
1.36324e+00	7.85608e-02
1.38359e+00	8.18549e-02
1.40394e+00	8.49757e-02
1.42428e+00	8.79017e-02
1.44463e+00	9.06463e-02
1.46498e+00	9.32165e-02
1.48533e+00	9.56903e-02
1.50567e+00	9.80572e-02
1.52602e+00	1.00319e-01
1.54637e+00	1.02485e-01
1.56671e+00	1.04785e-01
1.58706e+00	1.07382e-01
1.60741e+00	1.10230e-01
1.62775e+00	1.13288e-01
1.64810e+00	1.16476e-01
1.66845e+00	1.19628e-01
1.68879e+00	1.22694e-01
1.70914e+00	1.25664e-01
1.72949e+00	1.28530e-01
1.74984e+00	1.30959e-01
1.77018e+00	1.32717e-01
1.79053e+00	1.33832e-01
1.81088e+00	1.34285e-01
1.83122e+00	1.34095e-01
1.85157e+00	1.33501e-01
1.87192e+00	1.32363e-01
1.89226e+00	1.30465e-01
1.91261e+00	1.27827e-01
1.93296e+00	1.24550e-01
1.95330e+00	1.20698e-01
1.97365e+00	1.16510e-01
1.99400e+00	1.12049e-01
2.01435e+00	1.07337e-01
2.03469e+00	1.02691e-01
2.05504e+00	9.82954e-02
2.07539e+00	9.41688e-02
2.09573e+00	9.02795e-02
2.11608e+00	8.65958e-02
2.13643e+00	8.26604e-02
2.15677e+00	7.86269e-02
2.17712e+00	7.46928e-02
2.19747e+00	7.08579e-02
2.21781e+00	6.71532e-02
2.23816e+00	6.36392e-02
2.25851e+00	6.03534e-02
2.27886e+00	5.72487e-02
2.29920e+00	5.43356e-02
2.31955e+00	5.15478e-02
2.33990e+00	4.88870e-02
2.36024e+00	4.63637e-02
2.38059e+00	4.39343e-02
2.40094e+00	4.15945e-02
2.42128e+00	3.94752e-02
2.44163e+00	3.74146e-02
2.46198e+00	3.53556e-02
2.48232e+00	3.32922e-02
2.50267e+00	3.13340e-02
2.52302e+00	2.95015e-02
2.54337e+00	2.77884e-02
2.56371e+00	2.62249e-02
2.58406e+00	2.47863e-02
2.60441e+00	2.35118e-02
2.62475e+00	2.22795e-02
2.64510e+00	2.10834e-02
2.66545e+00	1.99420e-02
2.68579e+00	1.88539e-02
2.70614e+00	1.78138e-02
2.72649e+00	1.68550e-02
2.74683e+00	1.60133e-02
2.76718e+00	1.52738e-02
2.78753e+00	1.45629e-02
2.80788e+00	1.38878e-02
2.82822e+00	1.32358e-02
2.84857e+00	1.25812e-02
2.86892e+00	1.19223e-02
2.88926e+00	1.12475e-02
2.90961e+00	1.06284e-02
2.92996e+00	1.00646e-02
2.95030e+00	9.55584e-03
2.97065e+00	9.10001e-03
2.99100e+00	8.70279e-03
3.01134e+00	8.34187e-03
3.03169e+00	7.99370e-03
3.05204e+00	7.65218e-03
3.07239e+00	7.31861e-03
3.09273e+00	6.99348e-03
3.11308e+00	6.68365e-03
3.13343e+00	6.39269e-03
3.15377e+00	6.12524e-03
3.17412e+00	5.87451e-03
3.19447e+00	5.63311e-03
3.21481e+00	5.40088e-03
3.23516e+00	5.17748e-03
3.25551e+00	4.96161e-03
3.27585e+00	4.75406e-03
3.29620e+00	4.55907e-03
3.31655e+00	4.37801e-03
3.33690e+00	4.21231e-03
3.35724e+00	4.05870e-03
3.37759e+00	3.91698e-03
3.39794e+00	3.78527e-03
3.41828e+00	3.66329e-03
3.43863e+00	3.54659e-03
3.45898e+00	3.43530e-03
3.47932e+00	3.32935e-03
3.49967e+00	3.22894e-03
3.52002e+00	3.13395e-03
3.54036e+00	3.04341e-03
3.56071e+00	2.95642e-03
3.58106e+00	2.87166e-03
3.60141e+00	2.78927e-03
3.62175e+00	2.71023e-03
3.64210e+00	2.63430e-03
3.66245e+00	2.56140e-03
3.68279e+00	2.49168e-03
3.70314e+00	2.42516e-03
3.72349e+00	2.36181e-03
3.74383e+00	2.30207e-03
3.76418e+00	2.24628e-03
3.78453e+00	2.19448e-03
3.80487e+00	2.14678e-03
3.82522e+00	2.10297e-03
3.84557e+00	2.06295e-03
3.86592e+00	2.02645e-03
3.88626e+00	1.99182e-03
3.90661e+00	1.95879e-03
3.92696e+00	1.92724e-03
3.94730e+00	1.89712e-03
3.96765e+00	1.86840e-03
3.98800e+00	1.84119e-03
4.00834e+00	1.81512e-03
4.02869e+00	1.79004e-03
4.04904e+00	1.76535e-03
4.06938e+00	1.74094e-03
4.08973e+00	1.71680e-03
4.11008e+00	1.69291e-03
4.13043e+00	1.66926e-03
4.15077e+00	1.64582e-03
4.17112e+00	1.62258e-03
4.19147e+00	1.59953e-03
4.21181e+00	1.57664e-03
4.23216e+00	1.55392e-03
4.25251e+00	1.53134e-03
4.27285e+00	1.50886e-03
4.29320e+00	1.48639e-03
4.31355e+00	1.46392e-03
4.33389e+00	1.44146e-03
4.35424e+00	1.41900e-03
4.37459e+00	1.39656e-03
4.39494e+00	1.37417e-03
4.41528e+00	1.35184e-03
4.43563e+00	1.32965e-03
4.45598e+00	1.30760e-03
4.47632e+00	1.28574e-03
4.49667e+00	1.26407e-03
4.51702e+00	1.24256e-03
4.53736e+00	1.22125e-03
4.55771e+00	1.20038e-03
4.57806e+00	1.18003e-03
4.59840e+00	1.16019e-03
4.61875e+00	1.14087e-03
4.63910e+00	1.12207e-03
4.65945e+00	1.10401e-03
4.67979e+00	1.08667e-03
4.70014e+00	1.07004e-03
4.72049e+00	1.05412e-03
4.74083e+00	1.03890e-03
4.76118e+00	1.02436e-03
4.78153e+00	1.01049e-03
4.80187e+00	9.97274e-04
4.82222e+00	9.84718e-04
4.84257e+00	9.72874e-04
4.86291e+00	9.61844e-04
4.88326e+00	9.51616e-04
4.90361e+00	9.42167e-04
4.92396e+00	9.33475e-04
4.94430e+00	9.25302e-04
4.96465e+00	9.17595e-04
4.98500e+00	9.10316e-04
5.00534e+00	9.03439e-04
5.02569e+00	8.96936e-04
5.04604e+00	8.90759e-04
5.06638e+00	8.84860e-04
5.08673e+00	8.79238e-04
5.10708e+00	8.73885e-04
5.12742e+00	8.68693e-04
5.14777e+00	8.63542e-04
5.16812e+00	8.58430e-04
5.18847e+00	8.53355e-04
5.20881e+00	8.48319e-04
5.22916e+00	8.43321e-04
5.24951e+00	8.38359e-04
5.26985e+00	8.33436e-04
5.29020e+00	8.28549e-04
5.31055e+00	8.23699e-04
5.33089e+00	8.18886e-04
5.35124e+00	8.14109e-04
5.37159e+00	8.09369e-04
5.39193e+00	8.04664e-04
5.41228e+00	7.99995e-04
5.43263e+00	7.95361e-04
5.45298e+00	7.90763e-04
5.47332e+00	7.86199e-04
5.49367e+00	7.81670e-04
5.51402e+00	7.77176e-04
5.53436e+00	7.72716e-04
5.55471e+00	7.68290e-04
5.57506e+00	7.63899e-04
5.59540e+00	7.59541e-04
5.61575e+00	7.55216e-04
5.63610e+00	7.50924e-04
5.65644e+00	7.46665e-04
5.67679e+00	7.42440e-04
5.69714e+00	7.38246e-04
5.71749e+00	7.34087e-04
5.73783e+00	7.29960e-04
5.75818e+00	7.25867e-04
5.77853e+00	7.21806e-04
5.79887e+00	7.17778e-04
5.81922e+00	7.13782e-04
5.83957e+00	7.09818e-04
5.85991e+00	7.05885e-04
5.88026e+00	7.01984e-04
5.90061e+00	6.98115e-04
5.92095e+00	6.94276e-04
5.94130e+00	6.90469e-04
5.96165e+00	6.86694e-04
5.98200e+00	6.82951e-04
6.00234e+00	6.79236e-04
6.02269e+00	6.75562e-04
6.04304e+00	6.71906e-04
6.06338e+00	6.68280e-04
6.08373e+00	6.64686e-04
6.10408e+00	6.61123e-04
6.12442e+00	6.57589e-04
6.14477e+00	6.54084e-04
6.16512e+00	6.50610e-04
6.18546e+00	6.47165e-04
6.20581e+00	6.43749e-04
6.22616e+00	6.40362e-04
6.24651e+00	6.37004e-04
6.26685e+00	6.33676e-04
6.28720e+00	6.30375e-04
6.30755e+00	6.27102e-04
6.32789e+00	6.23857e-04
6.34824e+00	6.20640e-04
6.36859e+00	6.17450e-04
6.38893e+00	6.14287e-04
6.40928e+00	6.11152e-04
6.42963e+00	6.08043e-04
6.44997e+00	6.04962e-04
6.47032e+00	6.01908e-04
6.49067e+00	5.98882e-04
6.51102e+00	5.95882e-04
6.53136e+00	5.92908e-04
6.55171e+00	5.89961e-04
6.57206e+00	5.87040e-04
6.59240e+00	5.84145e-04
6.61275e+00	5.81275e-04
6.63310e+00	5.78431e-04
6.65344e+00	5.75611e-04
6.67379e+00	5.72816e-04
6.69414e+00	5.70048e-04
6.71448e+00	5.67305e-04
6.73483e+00	5.64586e-04
6.75518e+00	5.61883e-04
6.77553e+00	5.59194e-04
6.79587e+00	5.56520e-04
6.81622e+00	5.53861e-04
6.83657e+00	5.51215e-04
6.85691e+00	5.48585e-04
6.87726e+00	5.45969e-04
6.89761e+00	5.43366e-04
6.91795e+00	5.40779e-04
6.93830e+00	5.38216e-04
6.95865e+00	5.35636e-04
6.97899e+00	5.33086e-04
6.99934e+00	5.30551e-04
7.01969e+00	5.28034e-04
7.04004e+00	5.25535e-04
7.06038e+00	5.23062e-04
7.08073e+00	5.20602e-04
7.10108e+00	5.18150e-04
7.12142e+00	5.15723e-04
7.14177e+00	5.13314e-04
7.16212e+00	5.10924e-04
7.18246e+00	5.08552e-04
7.20281e+00	5.06199e-04
7.22316e+00	5.03865e-04
7.24350e+00	5.01551e-04
7.26385e+00	4.99262e-04
7.28420e+00	4.96998e-04
7.30455e+00	4.94759e-04
7.32489e+00	4.92544e-04
7.34524e+00	4.90352e-04
7.36559e+00	4.88183e-04
7.38593e+00	4.86014e-04
7.40628e+00	4.83837e-04
7.42663e+00	4.81653e-04
7.44697e+00	4.79462e-04
7.46732e+00	4.77265e-04
7.48767e+00	4.75062e-04
7.50801e+00	4.72856e-04
7.52836e+00	4.70647e-04
7.54871e+00	4.68432e-04
7.56906e+00	4.66209e-04
7.58940e+00	4.63980e-04
7.60975e+00	4.61744e-04
7.63010e+00	4.59501e-04
7.65044e+00	4.57251e-04
7.67079e+00	4.54995e-04
7.69114e+00	4.52734e-04
7.71148e+00	4.50468e-04
7.73183e+00	4.48197e-04
7.75218e+00	4.45922e-04
7.77252e+00	4.43615e-04
7.79287e+00	4.41268e-04
7.81322e+00	4.38869e-04
7.83357e+00	4.36414e-04
7.85391e+00	4.33896e-04
7.87426e+00	4.31317e-04
7.89461e+00	4.28677e-04
7.91495e+00	4.25979e-04
7.93530e+00	4.23225e-04
7.95565e+00	4.20418e-04
7.97599e+00	4.17560e-04
7.99634e+00	4.14649e-04
8.01669e+00	4.11685e-04
8.03703e+00	4.08666e-04
8.05738e+00	4.05589e-04
8.07773e+00	4.02457e-04
8.09808e+00	3.99271e-04
8.11842e+00	3.96034e-04
8.13877e+00	3.92752e-04
8.15912e+00	3.89425e-04
8.17946e+00	3.86055e-04
8.19981e+00	3.82646e-04
8.22016e+00	3.79200e-04
8.24050e+00	3.75702e-04
8.26085e+00	3.72144e-04
8.28120e+00	3.68532e-04
8.30154e+00	3.64865e-04
8.32189e+00	3.61136e-04
8.34224e+00	3.57346e-04
8.36259e+00	3.53496e-04
8.38293e+00	3.49589e-04
8.40328e+00	3.45628e-04
8.42363e+00	3.41618e-04
8.44397e+00	3.37562e-04
8.46432e+00	3.33461e-04
8.48467e+00	3.29267e-04
8.50501e+00	3.24999e-04
8.52536e+00	3.20684e-04
8.54571e+00	3.16329e-04
8.56605e+00	3.11954e-04
8.58640e+00	3.07565e-04
8.60675e+00	3.03164e-04
8.62710e+00	2.98755e-04
8.64744e+00	2.94340e-04
8.66779e+00	2.89921e-04
8.68814e+00	2.85501e-04
8.70848e+00	2.81083e-04
8.72883e+00	2.76670e-04
8.74918e+00	2.72263e-04
8.76952e+00	2.67862e-04
8.78987e+00	2.63470e-04
8.81022e+00	2.59088e-04
8.83056e+00	2.54719e-04
8.85091e+00	2.50364e-04
8.87126e+00	2.46026e-04
8.89161e+00	2.41705e-04
8.91195e+00	2.37403e-04
8.93230e+00	2.33126e-04
8.95265e+00	2.28865e-04
8.97299e+00	2.24630e-04
8.99334e+00	2.20425e-04
9.01369e+00	2.16259e-04
9.03403e+00	2.12138e-04
9.05438e+00	2.08073e-04
9.07473e+00	2.04066e-04
9.09507e+00	2.00115e-04
9.11542e+00	1.96222e-04
9.13577e+00	1.92386e-04
9.15612e+00	1.88607e-04
9.17646e+00	1.84884e-04
9.19681e+00	1.81216e-04
9.21716e+00	1.77605e-04
9.23750e+00	1.74048e-04
9.25785e+00	1.70546e-04
9.27820e+00	1.67098e-04
9.29854e+00	1.63704e-04
9.31889e+00	1.60364e-04
9.33924e+00	1.57077e-04
9.35958e+00	1.53842e-04
9.37993e+00	1.50660e-04
9.40028e+00	1.47530e-04
9.42063e+00	1.44451e-04
9.44097e+00	1.41423e-04
9.46132e+00	1.38445e-04
9.48167e+00	1.35517e-04
9.50201e+00	1.32640e-04
9.52236e+00	1.29811e-04
9.54271e+00	1.27031e-04
9.56305e+00	1.24300e-04
9.58340e+00	1.21615e-04
9.60375e+00	1.18974e-04
9.62409e+00	1.16378e-04
9.64444e+00	1.13828e-04
9.66479e+00	1.11319e-04
9.68514e+00	1.08853e-04
9.70548e+00	1.06428e-04
9.72583e+00	1.04044e-04
9.74618e+00	1.01700e-04
9.76652e+00	9.93959e-05
9.78687e+00	9.71313e-05
9.80722e+00	9.49058e-05
9.82756e+00	9.27189e-05
9.84791e+00	9.05703e-05
9.86826e+00	8.84598e-05
9.88860e+00	8.63871e-05
9.90895e+00	8.43517e-05
9.92930e+00	8.23532e-05
9.94965e+00	8.03912e-05
9.96999e+00	7.84657e-05
9.99034e+00	7.65743e-05
1.00107e+01	7.47306e-05
1.00310e+01	7.29168e-05
1.00514e+01	7.11422e-05
1.00717e+01	6.94110e-05
1.00921e+01	6.77196e-05
1.01124e+01	6.60679e-05
1.01328e+01	6.44552e-05
1.01531e+01	6.28805e-05
1.01735e+01	6.13429e-05
1.01938e+01	5.98414e-05
1.02142e+01	5.83752e-05
1.02345e+01	5.69435e-05
1.02548e+01	5.55453e-05
1.02752e+01	5.41801e-05
1.02955e+01	5.28471e-05
1.03159e+01	5.15456e-05
1.03362e+01	5.02749e-05
1.03566e+01	4.90344e-05
1.03769e+01	4.78235e-05
1.03973e+01	4.66414e-05
1.04176e+01	4.54876e-05
1.04380e+01	4.43614e-05
1.04583e+01	4.32623e-05
1.04787e+01	4.21896e-05
1.04990e+01	4.11429e-05
1.05194e+01	4.01214e-05
1.05397e+01	3.91246e-05
1.05601e+01	3.81519e-05
1.05804e+01	3.72014e-05
1.06007e+01	3.62790e-05
1.06211e+01	3.53709e-05
1.06414e+01	3.44870e-05
1.06618e+01	3.36249e-05
1.06821e+01	3.27840e-05
1.07025e+01	3.19638e-05
1.07228e+01	3.11639e-05
1.07432e+01	3.03837e-05
1.07635e+01	2.96228e-05
1.07839e+01	2.88808e-05
1.08042e+01	2.81573e-05
1.08246e+01	2.74518e-05
1.08449e+01	2.67639e-05
1.08653e+01	2.60933e-05
1.08856e+01	2.54395e-05
1.09060e+01	2.48021e-05
1.09263e+01	2.41809e-05
1.09466e+01	2.35754e-05
1.09670e+01	2.29853e-05
1.09873e+01	2.24104e-05
1.10077e+01	2.18501e-05
1.10280e+01	2.13041e-05
1.10484e+01	2.07723e-05
1.10687e+01	2.02543e-05
1.10891e+01	1.97498e-05
1.11094e+01	1.92586e-05
1.11298e+01	1.87803e-05
1.11501e+01	1.83147e-05
1.11705e+01	1.78614e-05
1.11908e+01	1.74201e-05
1.12112e+01	1.69901e-05
1.12315e+01	1.65710e-05
1.12518e+01	1.61624e-05
1.12722e+01	1.57642e-05
1.12925e+01	1.53762e-05
1.13129e+01	1.49981e-05
1.13332e+01	1.46298e-05
1.13536e+01	1.42710e-05
1.13739e+01	1.39216e-05
1.13943e+01	1.35813e-05
1.14146e+01	1.32500e-05
1.14350e+01	1.29276e-05
1.14553e+01	1.26137e-05
1.14757e+01	1.23082e-05
1.14960e+01	1.20110e-05
1.15164e+01	1.17219e-05
1.15367e+01	1.14408e-05
1.15571e+01	1.11673e-05
1.15774e+01	1.08947e-05
1.15977e+01	1.06231e-05
1.16181e+01	1.03520e-05
1.16384e+01	1.00787e-05
1.16588e+01	9.79552e-06
1.16791e+01	9.51186e-06
1.16995e+01	9.23793e-06
1.17198e+01	8.97620e-06
1.17402e+01	8.72580e-06
1.17605e+01	8.48186e-06
1.17809e+01	8.24087e-06
1.18012e+01	8.00499e-06
1.18216e+01	7.77381e-06
1.18419e+01	7.53635e-06
1.18623e+01	7.28651e-06
1.18826e+01	7.05268e-06
1.19030e+01	6.82370e-06
1.19233e+01	6.59418e-06
1.19436e+01	6.37620e-06
1.19640e+01	6.16811e-06
1.19843e+01	5.96848e-06
1.20047e+01	5.77640e-06
1.20250e+01	5.59089e-06
1.20454e+01	5.41132e-06
1.20657e+01	5.23732e-06
1.20861e+01	5.06873e-06
1.21064e+01	4.90530e-06
1.21268e+01	4.74667e-06
1.21471e+01	4.59253e-06
1.21675e+01	4.44279e-06
1.21878e+01	4.29735e-06
1.22082e+01	4.15603e-06
1.22285e+01	4.01840e-06
1.22488e+01	3.88427e-06
1.22692e+01	3.75357e-06
1.22895e+01	3.62628e-06
1.23099e+01	3.50235e-06
1.23302e+01	3.38205e-06
1.23506e+01	3.26532e-06
1.23709e+01	3.15208e-06
1.23913e+01	3.04226e-06
1.24116e+01	2.93569e-06
1.24320e+01	2.83219e-06
1.24523e+01	2.73164e-06
1.24727e+01	2.63399e-06
1.24930e+01	2.53918e-06
1.25134e+01	2.44710e-06
1.25337e+01	2.35758e-06
1.25541e+01	2.27077e-06
1.25744e+01	2.18623e-06
1.25947e+01	2.10421e-06
1.26151e+01	2.02471e-06
1.26354e+01	1.94774e-06
1.26558e+01	1.87327e-06
1.26761e+01	1.80125e-06
1.26965e+01	1.73160e-06
1.27168e+01	1.66439e-06
1.27372e+01	1.59956e-06
1.27575e+01	1.53710e-06
1.27779e+01	1.47692e-06
1.27982e+01	1.41894e-06
1.28186e+01	1.36321e-06
1.28389e+01	1.30977e-06
1.28593e+01	1.25875e-06
1.28796e+01	1.21020e-06
1.28999e+01	1.16381e-06
1.29203e+01	1.11874e-06
1.29406e+01	1.07531e-06
1.29610e+01	1.03446e-06
1.29813e+01	9.95453e-07
1.30017e+01	9.57513e-07
1.30220e+01	9.18577e-07
1.30424e+01	8.77292e-07
1.30627e+01	8.36353e-07
1.30831e+01	7.99697e-07
1.31034e+01	7.66515e-07
1.31238e+01	7.36391e-07
1.31441e+01	7.08510e-07
1.31645e+01	6.81308e-07
1.31848e+01	6.54345e-07
1.32052e+01	6.27656e-07
1.32255e+01	6.02397e-07
1.32458e+01	5.78901e-07
1.32662e+01	5.56753e-07
1.32865e+01	5.35730e-07
1.33069e+01	5.15803e-07
1.33272e+01	4.96808e-07
1.33476e+01	4.78617e-07
1.33679e+01	4.61137e-07
1.33883e+01	4.44233e-07
1.34086e+01	4.27841e-07
1.34290e+01	4.11922e-07
1.34493e+01	3.96387e-07
1.34697e+01	3.81163e-07
1.34900e+01	3.66422e-07
1.35104e+01	3.52276e-07
1.35307e+01	3.38637e-07
1.35511e+01	3.25454e-07
1.35714e+01	3.12717e-07
1.35917e+01	3.00413e-07
1.36121e+01	2.88532e-07
1.36324e+01	2.77071e-07
1.36528e+01	2.66016e-07
1.36731e+01	2.55356e-07
1.36935e+01	2.45079e-07
1.37138e+01	2.35174e-07
1.37342e+01	2.25631e-07
1.37545e+01	2.16437e-07
1.37749e+01	2.07583e-07
1.37952e+01	1.99059e-07
1.38156e+01	1.90851e-07
1.38359e+01	1.82947e-07
1.38563e+01	1.75339e-07
1.38766e+01	1.68013e-07
1.38969e+01	1.60947e-07
1.39173e+01	1.54135e-07
1.39376e+01	1.47565e-07
1.39580e+01	1.41233e-07
1.39783e+01	1.35133e-07
1.39987e+01	1.29258e-07
1.40190e+01	1.23596e-07
1.40394e+01	1.18149e-07
1.40597e+01	1.12908e-07
1.40801e+01	1.07872e-07
1.41004e+01	1.03030e-07
1.41208e+01	9.83761e-08
1.41411e+01	9.39061e-08
1.41615e+01	8.96142e-08
1.41818e+01	8.54950e-08
1.42022e+01	8.15429e-08
1.42225e+01	7.77512e-08
1.42428e+01	7.41120e-08
1.42632e+01	7.06187e-08
1.42835e+01	6.72670e-08
1.43039e+01	6.40523e-08
1.43242e+01	6.09707e-08
1.43446e+01	5.80179e-08
1.43649e+01	5.51897e-08
1.43853e+01	5.24821e-08
1.44056e+01	4.98909e-08
1.44260e+01	4.74121e-08
1.44463e+01	4.50418e-08
1.44667e+01	4.27763e-08
1.44870e+01	4.06121e-08
1.45074e+01	3.85455e-08
1.45277e+01	3.65728e-08
1.45481e+01	3.46906e-08
1.45684e+01	3.28955e-08
1.45887e+01	3.11841e-08
1.46091e+01	2.95530e-08
1.46294e+01	2.79991e-08
1.46498e+01	2.65193e-08
1.46701e+01	2.51104e-08
1.46905e+01	2.37695e-08
1.47108e+01	2.24939e-08
1.47312e+01	2.12807e-08
1.47515e+01	2.01273e-08
1.47719e+01	1.90310e-08
1.47922e+01	1.79894e-08
1.48126e+01	1.70000e-08
1.48329e+01	1.60604e-08
1.48533e+01	1.51685e-08
1.48736e+01	1.43220e-08
1.48939e+01	1.35190e-08
1.49143e+01	1.27573e-08
1.49346e+01	1.20351e-08
1.49550e+01	1.13506e-08
1.49753e+01	1.07019e-08
1.49957e+01	1.00875e-08
1.50160e+01	9.50608e-09
1.50364e+01	8.95646e-09
1.50567e+01	8.43712e-09
1.50771e+01	7.94656e-09
1.50974e+01	7.48329e-09
1.51178e+01	7.04587e-09
1.51381e+01	6.63295e-09
1.51585e+01	6.24322e-09
1.51788e+01	5.87544e-09
1.51992e+01	5.52844e-09
1.52195e+01	5.20112e-09
1.52398e+01	4.89241e-09
1.52602e+01	4.60131e-09
1.52805e+01	4.32686e-09
1.53009e+01	4.06815e-09
1.53212e+01	3.82434e-09
1.53416e+01	3.59459e-09
1.53619e+01	3.37814e-09
1.53823e+01	3.17425e-09
1.54026e+01	2.98223e-09
1.54230e+01	2.80143e-09
1.54433e+01	2.63122e-09
1.54637e+01	2.47100e-09
1.54840e+01	2.32022e-09
1.55044e+01	2.17835e-09
1.55247e+01	2.04489e-09
1.55450e+01	1.91936e-09
1.55654e+01	1.80131e-09
1.55857e+01	1.69032e-09
1.56061e+01	1.58597e-09
1.56264e+01	1.48788e-09
1.56468e+01	1.39570e-09
1.56671e+01	1.30909e-09
1.56875e+01	1.22772e-09
1.57078e+01	1.15130e-09
1.57282e+01	1.07955e-09
1.57485e+01	1.01219e-09
1.57689e+01	9.48968e-10
1.57892e+01	8.89437e-10
1.58096e+01	8.33393e-10
1.58299e+01	7.80646e-10
1.58503e+01	7.31020e-10
1.58706e+01	6.84347e-10
1.58909e+01	6.40463e-10
1.59113e+01	5.99217e-10
1.59316e+01	5.60462e-10
1.59520e+01	5.24057e-10
1.59723e+01	4.89872e-10
1.59927e+01	4.57785e-10
1.60130e+01	4.27687e-10
1.60334e+01	3.99473e-10
1.60537e+01	3.73035e-10
1.60741e+01	3.48270e-10
1.60944e+01	3.25081e-10
1.61148e+01	3.03371e-10
1.61351e+01	2.83050e-10
1.61555e+01	2.64035e-10
1.61758e+01	2.46246e-10
1.61962e+01	2.29607e-10
1.62165e+01	2.14050e-10
1.62368e+01	1.99505e-10
1.62572e+01	1.85910e-10
1.62775e+01	1.73207e-10
1.62979e+01	1.61340e-10
1.63182e+01	1.50255e-10
1.63386e+01	1.39904e-10
1.63589e+01	1.30241e-10
1.63793e+01	1.21221e-10
1.63996e+01	1.12804e-10
1.64200e+01	1.04952e-10
1.64403e+01	9.76267e-11
1.64607e+01	9.07957e-11
1.64810e+01	8.44272e-11
1.65014e+01	7.84904e-11
1.65217e+01	7.29569e-11
1.65420e+01	6.78001e-11
1.65624e+01	6.29949e-11
1.65827e+01	5.85186e-11
1.66031e+01	5.43498e-11
1.66234e+01	5.04681e-11
1.66438e+01	4.68543e-11
1.66641e+01	4.34907e-11
1.66845e+01	4.03607e-11
1.67048e+01	3.74487e-11
1.67252e+01	3.47402e-11
1.67455e+01	3.22214e-11
1.67659e+01	2.98794e-11
1.67862e+01	2.77025e-11
1.68066e+01	2.56792e-11
1.68269e+01	2.37992e-11
1.68473e+01	2.20527e-11
1.68676e+01	2.04304e-11
1.68879e+01	1.89240e-11
1.69083e+01	1.75255e-11
1.69286e+01	1.62272e-11
1.69490e+01	1.50223e-11
1.69693e+01	1.39043e-11
1.69897e+01	1.28671e-11
1.70100e+01	1.19051e-11
1.70304e+01	1.10132e-11
1.70507e+01	1.01864e-11
1.70711e+01	9.42010e-12
1.70914e+01	8.71007e-12
1.71118e+01	8.05230e-12
1.71321e+01	7.44305e-12
1.71525e+01	6.87882e-12
1.71728e+01	6.35637e-12
1.71932e+01	5.87269e-12
1.72135e+01	5.42498e-12
1.72338e+01	5.01065e-12
1.72542e+01	4.62727e-12
1.72745e+01	4.27259e-12
1.72949e+01	3.94451e-12
1.73152e+01	3.64110e-12
1.73356e+01	3.36052e-12
1.73559e+01	3.10111e-12
1.73763e+01	2.86131e-12
1.73966e+01	2.63967e-12
1.74170e+01	2.43486e-12
1.74373e+01	2.24561e-12
1.74577e+01	2.07077e-12
1.74780e+01	1.90927e-12
1.74984e+01	1.76011e-12
1.75187e+01	1.62237e-12
1.75390e+01	1.49519e-12
1.75594e+01	1.37778e-12
1.75797e+01	1.26940e-12
1.76001e+01	1.16936e-12
1.76204e+01	1.07705e-12
1.76408e+01	9.91871e-13
1.76611e+01	9.13294e-13
1.76815e+01	8.40816e-13
1.77018e+01	7.73974e-13
1.77222e+01	7.12341e-13
1.77425e+01	6.55518e-13
1.77629e+01	6.03140e-13
1.77832e+01	5.54864e-13
1.78036e+01	5.10377e-13
1.78239e+01	4.69382e-13
1.78443e+01	4.31619e-13
1.78646e+01	3.96834e-13
1.78849e+01	3.64798e-13
1.79053e+01	3.35298e-13
1.79256e+01	3.08136e-13
1.79460e+01	2.83131e-13
1.79663e+01	2.60117e-13
1.79867e+01	2.38938e-13
1.80070e+01	2.19454e-13
1.80274e+01	2.01533e-13
1.80477e+01	1.85051e-13
1.80681e+01	1.69896e-13
1.80884e+01	1.55964e-13
1.81088e+01	1.43157e-13
1.81291e+01	1.31386e-13
1.81495e+01	1.20569e-13
1.81698e+01	1.10630e-13
1.81901e+01	1.01497e-13
1.82105e+01	9.31076e-14
1.82308e+01	8.54010e-14
1.82512e+01	7.83227e-14
1.82715e+01	7.18225e-14
1.82919e+01	6.58539e-14
1.83122e+01	6.03743e-14
1.83326e+01	5.53442e-14
1.83529e+01	5.07273e-14
1.83733e+01	4.64902e-14
1.83936e+01	4.26020e-14
1.84140e+01	3.90345e-14
1.84343e+01	3.57616e-14
1.84547e+01	3.27595e-14
1.84750e+01	3.00060e-14
1.84954e+01	2.74809e-14
1.85157e+01	2.51654e-14
1.85360e+01	2.30423e-14
1.85564e+01	2.10959e-14
1.85767e+01	1.93117e-14
1.85971e+01	1.76764e-14
1.86174e+01	1.61777e-14
1.86378e+01	1.48043e-14
1.86581e+01	1.35460e-14
1.86785e+01	1.23932e-14
1.86988e+01	1.13372e-14
1.87192e+01	1.03701e-14
1.87395e+01	9.48431e-15
1.87599e+01	8.67323e-15
1.87802e+01	7.93062e-15
1.88006e+01	7.25076e-15
1.88209e+01	6.62845e-15
1.88413e+01	6.05887e-15
1.88616e+01	5.53762e-15
1.88819e+01	5.06066e-15
1.89023e+01	4.62426e-15
1.89226e+01	4.22501e-15
1.89430e+01	3.85980e-15
1.89633e+01	3.52577e-15
1.89837e+01	3.22029e-15
1.90040e+01	2.94097e-15
1.90244e+01	2.68562e-15
1.90447e+01	2.45221e-15
1.90651e+01	2.23888e-15
1.90854e+01	2.04393e-15
1.91058e+01	1.86580e-15
1.91261e+01	1.70305e-15
1.91465e+01	1.55436e-15
1.91668e+01	1.41853e-15
1.91871e+01	1.29446e-15
1.92075e+01	1.18115e-15
1.92278e+01	1.07767e-15
1.92482e+01	9.83172e-16
1.92685e+01	8.96888e-16
1.92889e+01	8.18110e-16
1.93092e+01	7.46191e-16
1.93296e+01	6.80540e-16
1.93499e+01	6.20616e-16
1.93703e+01	5.65925e-16
1.93906e+01	5.16014e-16
1.94110e+01	4.70470e-16
1.94313e+01	4.28915e-16
1.94517e+01	3.91001e-16
1.94720e+01	3.56413e-16
1.94924e+01	3.24862e-16
1.95127e+01	2.96085e-16
1.95330e+01	2.69840e-16
1.95534e+01	2.45907e-16
1.95737e+01	2.24084e-16
1.95941e+01	2.04186e-16
1.96144e+01	1.86047e-16
1.96348e+01	1.69511e-16
1.96551e+01	1.54439e-16
1.96755e+01	1.40704e-16
1.96958e+01	1.28188e-16
1.97162e+01	1.16786e-16
1.97365e+01	1.06398e-16
1.97569e+01	9.69377e-17
1.97772e+01	8.83228e-17
1.97976e+01	8.04795e-17
1.98179e+01	7.33405e-17
1.98383e+01	6.68445e-17
1.98586e+01	6.09354e-17
1.98789e+01	5.55612e-17
1.98993e+01	5.06773e-17
1.99196e+01	4.62397e-17
1.99400e+01	4.22106e-17
1.99603e+01	3.85550e-17
1.99807e+01	3.52413e-17
2.00010e+01	3.22407e-17
2.00214e+01	2.95271e-17
2.00417e+01	2.70768e-17
2.00621e+01	2.48682e-17
2.00824e+01	2.28819e-17
2.01028e+01	2.11012e-17
2.01231e+01	1.95106e-17
2.01435e+01	1.80959e-17
2.01638e+01	1.68446e-17
2.01841e+01	1.57456e-17
2.02045e+01	1.47890e-17
2.02248e+01	1.39663e-17
2.02452e+01	1.32700e-17
2.02655e+01	1.26938e-17
2.02859e+01	1.22320e-17
2.03062e+01	1.18799e-17
2.03266e+01	1.16349e-17
2.03469e+01	1.14760e-17
