# The ell = 0 distribution, the isotropy.
# E_N [Td]	1.50000e+02
# col_1: Electron Energy [eV], col_2: f0 [eV^(-3/2)]
eV	f0
2.89829e-02	5.32499e-02
8.69488e-02	5.32397e-02
1.44915e-01	5.32327e-02
2.02881e-01	5.32271e-02
2.60846e-01	5.32212e-02
3.18812e-01	5.32140e-02
3.76778e-01	5.32050e-02
4.34744e-01	5.31939e-02
4.92710e-01	5.31802e-02
5.50676e-01	5.31636e-02
6.08642e-01	5.31439e-02
6.66608e-01	5.31208e-02
7.24573e-01	5.30941e-02
7.82539e-01	5.30635e-02
8.40505e-01	5.30289e-02
8.98471e-01	5.29901e-02
9.56437e-01	5.29467e-02
1.01440e+00	5.28983e-02
1.07237e+00	5.28450e-02
1.13033e+00	5.27871e-02
1.18830e+00	5.27246e-02
1.24627e+00	5.26576e-02
1.30423e+00	5.25858e-02
1.36220e+00	5.25090e-02
1.42016e+00	5.24271e-02
1.47813e+00	5.23399e-02
1.53610e+00	5.22478e-02
1.59406e+00	5.21498e-02
1.65203e+00	5.20451e-02
1.70999e+00	5.19327e-02
1.76796e+00	5.18119e-02
1.82593e+00	5.16820e-02
1.88389e+00	5.15419e-02
1.94186e+00	5.13893e-02
1.99982e+00	5.12299e-02
2.05779e+00	5.10664e-02
2.11575e+00	5.09005e-02
2.17372e+00	5.07287e-02
2.23169e+00	5.05505e-02
2.28965e+00	5.03711e-02
2.34762e+00	5.01958e-02
2.40558e+00	5.00197e-02
2.46355e+00	4.98386e-02
2.52152e+00	4.96563e-02
2.57948e+00	4.94804e-02
2.63745e+00	4.93076e-02
2.69541e+00	4.91310e-02
2.75338e+00	4.89526e-02
2.81134e+00	4.87785e-02
2.86931e+00	4.86072e-02
2.92728e+00	4.84359e-02
2.98524e+00	4.82656e-02
3.04321e+00	4.80957e-02
3.10117e+00	4.79253e-02
3.15914e+00	4.77547e-02
3.21711e+00	4.75845e-02
3.27507e+00	4.74143e-02
3.33304e+00	4.72441e-02
3.39100e+00	4.70739e-02
3.44897e+00	4.69033e-02
3.50694e+00	4.67318e-02
3.56490e+00	4.65595e-02
3.62287e+00	4.63861e-02
3.68083e+00	4.62115e-02
3.73880e+00	4.60357e-02
3.79676e+00	4.58587e-02
3.85473e+00	4.56803e-02
3.91270e+00	4.55006e-02
3.97066e+00	4.53194e-02
4.02863e+00	4.51365e-02
4.08659e+00	4.49516e-02
4.14456e+00	4.47645e-02
4.20253e+00	4.45753e-02
4.26049e+00	4.43841e-02
4.31846e+00	4.41908e-02
4.37642e+00	4.39956e-02
4.43439e+00	4.37985e-02
4.49236e+00	4.35995e-02
4.55032e+00	4.33985e-02
4.60829e+00	4.31957e-02
4.66625e+00	4.29911e-02
4.72422e+00	4.27846e-02
4.78218e+00	4.25764e-02
4.84015e+00	4.23665e-02
4.89812e+00	4.21549e-02
4.95608e+00	4.19415e-02
5.01405e+00	4.17263e-02
5.07201e+00	4.15094e-02
5.12998e+00	4.12907e-02
5.18795e+00	4.10702e-02
5.24591e+00	4.08479e-02
5.30388e+00	4.06239e-02
5.36184e+00	4.03982e-02
5.41981e+00	4.01708e-02
5.47778e+00	3.99418e-02
5.53574e+00	3.97112e-02
5.59371e+00	3.94791e-02
5.65167e+00	3.92454e-02
5.70964e+00	3.90103e-02
5.76760e+00	3.87737e-02
5.82557e+00	3.85357e-02
5.88354e+00	3.82963e-02
5.94150e+00	3.80555e-02
5.99947e+00	3.78134e-02
6.05743e+00	3.75701e-02
6.11540e+00	3.73256e-02
6.17337e+00	3.70800e-02
6.23133e+00	3.68332e-02
6.28930e+00	3.65855e-02
6.34726e+00	3.63366e-02
6.40523e+00	3.60868e-02
6.46319e+00	3.58359e-02
6.52116e+00	3.55842e-02
6.57913e+00	3.53314e-02
6.63709e+00	3.50778e-02
6.69506e+00	3.48232e-02
6.75302e+00	3.45678e-02
6.81099e+00	3.43115e-02
6.86896e+00	3.40544e-02
6.92692e+00	3.37965e-02
6.98489e+00	3.35378e-02
7.04285e+00	3.32786e-02
7.10082e+00	3.30188e-02
7.15879e+00	3.27587e-02
7.21675e+00	3.24982e-02
7.27472e+00	3.22374e-02
7.33268e+00	3.19763e-02
7.39065e+00	3.17149e-02
7.44861e+00	3.14532e-02
7.50658e+00	3.11912e-02
7.56455e+00	3.09290e-02
7.62251e+00	3.06665e-02
7.68048e+00	3.04038e-02
7.73844e+00	3.01409e-02
7.79641e+00	2.98778e-02
7.85438e+00	2.96145e-02
7.91234e+00	2.93511e-02
7.97031e+00	2.90874e-02
8.02827e+00	2.88237e-02
8.08624e+00	2.85598e-02
8.14421e+00	2.82959e-02
8.20217e+00	2.80318e-02
8.26014e+00	2.77677e-02
8.31810e+00	2.75036e-02
8.37607e+00	2.72395e-02
8.43403e+00	2.69753e-02
8.49200e+00	2.67112e-02
8.54997e+00	2.64472e-02
8.60793e+00	2.61833e-02
8.66590e+00	2.59195e-02
8.72386e+00	2.56558e-02
8.78183e+00	2.53923e-02
8.83980e+00	2.51291e-02
8.89776e+00	2.48660e-02
8.95573e+00	2.46032e-02
9.01369e+00	2.43407e-02
9.07166e+00	2.40785e-02
9.12963e+00	2.38168e-02
9.18759e+00	2.35555e-02
9.24556e+00	2.32946e-02
9.30352e+00	2.30341e-02
9.36149e+00	2.27740e-02
9.41945e+00	2.25144e-02
9.47742e+00	2.22553e-02
9.53539e+00	2.19966e-02
9.59335e+00	2.17384e-02
9.65132e+00	2.14807e-02
9.70928e+00	2.12236e-02
9.76725e+00	2.09670e-02
9.82522e+00	2.07110e-02
9.88318e+00	2.04556e-02
9.94115e+00	2.02007e-02
9.99911e+00	1.99465e-02
1.00571e+01	1.96929e-02
1.01150e+01	1.94407e-02
1.01730e+01	1.91898e-02
1.02310e+01	1.89402e-02
1.02889e+01	1.86919e-02
1.03469e+01	1.84449e-02
1.04049e+01	1.81993e-02
1.04628e+01	1.79549e-02
1.05208e+01	1.77118e-02
1.05788e+01	1.74700e-02
1.06367e+01	1.72294e-02
1.06947e+01	1.69906e-02
1.07527e+01	1.67538e-02
1.08106e+01	1.65187e-02
1.08686e+01	1.62855e-02
1.09266e+01	1.60541e-02
1.09845e+01	1.58245e-02
1.10425e+01	1.55967e-02
1.11005e+01	1.53706e-02
1.11584e+01	1.51463e-02
1.12164e+01	1.49237e-02
1.12744e+01	1.47028e-02
1.13323e+01	1.44836e-02
1.13903e+01	1.42661e-02
1.14483e+01	1.40502e-02
1.15062e+01	1.38359e-02
1.15642e+01	1.36233e-02
1.16222e+01	1.34122e-02
1.16801e+01	1.32026e-02
1.17381e+01	1.29948e-02
1.17961e+01	1.27887e-02
1.18540e+01	1.25844e-02
1.19120e+01	1.23818e-02
1.19700e+01	1.21811e-02
1.20279e+01	1.19823e-02
1.20859e+01	1.17852e-02
1.21439e+01	1.15899e-02
1.22018e+01	1.13963e-02
1.22598e+01	1.12045e-02
1.23177e+01	1.10144e-02
1.23757e+01	1.08261e-02
1.24337e+01	1.06396e-02
1.24916e+01	1.04548e-02
1.25496e+01	1.02719e-02
1.26076e+01	1.00908e-02
1.26655e+01	9.91185e-03
1.27235e+01	9.73507e-03
1.27815e+01	9.56046e-03
1.28394e+01	9.38800e-03
1.28974e+01	9.21770e-03
1.29554e+01	9.04944e-03
1.30133e+01	8.88326e-03
1.30713e+01	8.71867e-03
1.31293e+01	8.55667e-03
1.31872e+01	8.39677e-03
1.32452e+01	8.23880e-03
1.33032e+01	8.08289e-03
1.33611e+01	7.92888e-03
1.34191e+01	7.77667e-03
1.34771e+01	7.62619e-03
1.35350e+01	7.47751e-03
1.35930e+01	7.33063e-03
1.36510e+01	7.18554e-03
1.37089e+01	7.04224e-03
1.37669e+01	6.90074e-03
1.38249e+01	6.76102e-03
1.38828e+01	6.62309e-03
1.39408e+01	6.48692e-03
1.39988e+01	6.35253e-03
1.40567e+01	6.21990e-03
1.41147e+01	6.08909e-03
1.41727e+01	5.96012e-03
1.42306e+01	5.83298e-03
1.42886e+01	5.70768e-03
1.43466e+01	5.58422e-03
1.44045e+01	5.46260e-03
1.44625e+01	5.34285e-03
1.45205e+01	5.22495e-03
1.45784e+01	5.10891e-03
1.46364e+01	4.99473e-03
1.46943e+01	4.88242e-03
1.47523e+01	4.77196e-03
1.48103e+01	4.66336e-03
1.48682e+01	4.55660e-03
1.49262e+01	4.45169e-03
1.49842e+01	4.34862e-03
1.50421e+01	4.24737e-03
1.51001e+01	4.14796e-03
1.51581e+01	4.05036e-03
1.52160e+01	3.95456e-03
1.52740e+01	3.86053e-03
1.53320e+01	3.76825e-03
1.53899e+01	3.67770e-03
1.54479e+01	3.58886e-03
1.55059e+01	3.50171e-03
1.55638e+01	3.41623e-03
1.56218e+01	3.33240e-03
1.56798e+01	3.25019e-03
1.57377e+01	3.16958e-03
1.57957e+01	3.09055e-03
1.58537e+01	3.01305e-03
1.59116e+01	2.93706e-03
1.59696e+01	2.86258e-03
1.60276e+01	2.78961e-03
1.60855e+01	2.71813e-03
1.61435e+01	2.64815e-03
1.62015e+01	2.57962e-03
1.62594e+01	2.51256e-03
1.63174e+01	2.44692e-03
1.63754e+01	2.38270e-03
1.64333e+01	2.31989e-03
1.64913e+01	2.25845e-03
1.65493e+01	2.19837e-03
1.66072e+01	2.13963e-03
1.66652e+01	2.08222e-03
1.67232e+01	2.02611e-03
1.67811e+01	1.97129e-03
1.68391e+01	1.91773e-03
1.68971e+01	1.86543e-03
1.69550e+01	1.81435e-03
1.70130e+01	1.76448e-03
1.70709e+01	1.71580e-03
1.71289e+01	1.66830e-03
1.71869e+01	1.62195e-03
1.72448e+01	1.57673e-03
1.73028e+01	1.53262e-03
1.73608e+01	1.48961e-03
1.74187e+01	1.44767e-03
1.74767e+01	1.40678e-03
1.75347e+01	1.36693e-03
1.75926e+01	1.32809e-03
1.76506e+01	1.29023e-03
1.77086e+01	1.25336e-03
1.77665e+01	1.21743e-03
1.78245e+01	1.18244e-03
1.78825e+01	1.14837e-03
1.79404e+01	1.11518e-03
1.79984e+01	1.08286e-03
1.80564e+01	1.05139e-03
1.81143e+01	1.02076e-03
1.81723e+01	9.90946e-04
1.82303e+01	9.61929e-04
1.82882e+01	9.33687e-04
1.83462e+01	9.06201e-04
1.84042e+01	8.79456e-04
1.84621e+01	8.53435e-04
1.85201e+01	8.28121e-04
1.85781e+01	8.03498e-04
1.86360e+01	7.79549e-04
1.86940e+01	7.56259e-04
1.87520e+01	7.33614e-04
1.88099e+01	7.11598e-04
1.88679e+01	6.90196e-04
1.89259e+01	6.69394e-04
1.89838e+01	6.49178e-04
1.90418e+01	6.29535e-04
1.90998e+01	6.10451e-04
1.91577e+01	5.91914e-04
1.92157e+01	5.73909e-04
1.92737e+01	5.56422e-04
1.93316e+01	5.39442e-04
1.93896e+01	5.22955e-04
1.94476e+01	5.06948e-04
1.95055e+01	4.91410e-04
1.95635e+01	4.76327e-04
1.96214e+01	4.61689e-04
1.96794e+01	4.47484e-04
1.97374e+01	4.33700e-04
1.97953e+01	4.20327e-04
1.98533e+01	4.07353e-04
1.99113e+01	3.94769e-04
1.99692e+01	3.82551e-04
2.00272e+01	3.70688e-04
2.00852e+01	3.59171e-04
2.01431e+01	3.47990e-04
2.02011e+01	3.37138e-04
2.02591e+01	3.26606e-04
2.03170e+01	3.16385e-04
2.03750e+01	3.06468e-04
2.04330e+01	2.96845e-04
2.04909e+01	2.87509e-04
2.05489e+01	2.78453e-04
2.06069e+01	2.69670e-04
2.06648e+01	2.61151e-04
2.07228e+01	2.52888e-04
2.07808e+01	2.44874e-04
2.08387e+01	2.37102e-04
2.08967e+01	2.29565e-04
2.09547e+01	2.22257e-04
2.10126e+01	2.15171e-04
2.10706e+01	2.08301e-04
2.11286e+01	2.01641e-04
2.11865e+01	1.95184e-04
2.12445e+01	1.88926e-04
2.13025e+01	1.82861e-04
2.13604e+01	1.76982e-04
2.14184e+01	1.71285e-04
2.14764e+01	1.65764e-04
2.15343e+01	1.60413e-04
2.15923e+01	1.55230e-04
2.16503e+01	1.50207e-04
2.17082e+01	1.45341e-04
2.17662e+01	1.40626e-04
2.18242e+01	1.36059e-04
2.18821e+01	1.31636e-04
2.19401e+01	1.27351e-04
2.19980e+01	1.23202e-04
2.20560e+01	1.19183e-04
2.21140e+01	1.15293e-04
2.21719e+01	1.11526e-04
2.22299e+01	1.07879e-04
2.22879e+01	1.04348e-04
2.23458e+01	1.00930e-04
2.24038e+01	9.76211e-05
2.24618e+01	9.44181e-05
2.25197e+01	9.13176e-05
2.25777e+01	8.83165e-05
2.26357e+01	8.54115e-05
2.26936e+01	8.25998e-05
2.27516e+01	7.98785e-05
2.28096e+01	7.72447e-05
2.28675e+01	7.46958e-05
2.29255e+01	7.22291e-05
2.29835e+01	6.98421e-05
2.30414e+01	6.75324e-05
2.30994e+01	6.52976e-05
2.31574e+01	6.31353e-05
2.32153e+01	6.10433e-05
2.32733e+01	5.90193e-05
2.33313e+01	5.70613e-05
2.33892e+01	5.51671e-05
2.34472e+01	5.33347e-05
2.35052e+01	5.15622e-05
2.35631e+01	4.98476e-05
2.36211e+01	4.81891e-05
2.36791e+01	4.65849e-05
2.37370e+01	4.50334e-05
2.37950e+01	4.35327e-05
2.38530e+01	4.20814e-05
2.39109e+01	4.06778e-05
2.39689e+01	3.93203e-05
2.40269e+01	3.80076e-05
2.40848e+01	3.67381e-05
2.41428e+01	3.55106e-05
2.42008e+01	3.43235e-05
2.42587e+01	3.31757e-05
2.43167e+01	3.20659e-05
2.43746e+01	3.09929e-05
2.44326e+01	2.99554e-05
2.44906e+01	2.89524e-05
2.45485e+01	2.79828e-05
2.46065e+01	2.70454e-05
2.46645e+01	2.61392e-05
2.47224e+01	2.52632e-05
2.47804e+01	2.44164e-05
2.48384e+01	2.35975e-05
2.48963e+01	2.28059e-05
2.49543e+01	2.20406e-05
2.50123e+01	2.13008e-05
2.50702e+01	2.05857e-05
2.51282e+01	1.98945e-05
2.51862e+01	1.92264e-05
2.52441e+01	1.85803e-05
2.53021e+01	1.79555e-05
2.53601e+01	1.73514e-05
2.54180e+01	1.67672e-05
2.54760e+01	1.62023e-05
2.55340e+01	1.56561e-05
2.55919e+01	1.51279e-05
2.56499e+01	1.46172e-05
2.57079e+01	1.41234e-05
2.57658e+01	1.36460e-05
2.58238e+01	1.31844e-05
2.58818e+01	1.27381e-05
2.59397e+01	1.23066e-05
2.59977e+01	1.18895e-05
2.60557e+01	1.14863e-05
2.61136e+01	1.10967e-05
2.61716e+01	1.07200e-05
2.62296e+01	1.03559e-05
2.62875e+01	1.00041e-05
2.63455e+01	9.66406e-06
2.64035e+01	9.33542e-06
2.64614e+01	9.01782e-06
2.65194e+01	8.71089e-06
2.65774e+01	8.41426e-06
2.66353e+01	8.12762e-06
2.66933e+01	7.85062e-06
2.67513e+01	7.58295e-06
2.68092e+01	7.32429e-06
2.68672e+01	7.07435e-06
2.69251e+01	6.83284e-06
2.69831e+01	6.59948e-06
2.70411e+01	6.37399e-06
2.70990e+01	6.15612e-06
2.71570e+01	5.94561e-06
2.72150e+01	5.74222e-06
2.72729e+01	5.54571e-06
2.73309e+01	5.35585e-06
2.73889e+01	5.17242e-06
2.74468e+01	4.99520e-06
2.75048e+01	4.82399e-06
2.75628e+01	4.65858e-06
2.76207e+01	4.49879e-06
2.76787e+01	4.34441e-06
2.77367e+01	4.19528e-06
2.77946e+01	4.05122e-06
2.78526e+01	3.91205e-06
2.79106e+01	3.77762e-06
2.79685e+01	3.64776e-06
2.80265e+01	3.52231e-06
2.80845e+01	3.40114e-06
2.81424e+01	3.28409e-06
2.82004e+01	3.17103e-06
2.82584e+01	3.06182e-06
2.83163e+01	2.95634e-06
2.83743e+01	2.85446e-06
2.84323e+01	2.75606e-06
2.84902e+01	2.66101e-06
2.85482e+01	2.56922e-06
2.86062e+01	2.48057e-06
2.86641e+01	2.39495e-06
2.87221e+01	2.31226e-06
2.87801e+01	2.23240e-06
2.88380e+01	2.15529e-06
2.88960e+01	2.08081e-06
2.89540e+01	2.00890e-06
2.90119e+01	1.93945e-06
2.90699e+01	1.87239e-06
2.91279e+01	1.80764e-06
2.91858e+01	1.74511e-06
2.92438e+01	1.68474e-06
2.93017e+01	1.62645e-06
2.93597e+01	1.57016e-06
2.94177e+01	1.51582e-06
2.94756e+01	1.46335e-06
2.95336e+01	1.41270e-06
2.95916e+01	1.36380e-06
2.96495e+01	1.31658e-06
2.97075e+01	1.27099e-06
2.97655e+01	1.22697e-06
2.98234e+01	1.18448e-06
2.98814e+01	1.14346e-06
2.99394e+01	1.10386e-06
2.99973e+01	1.06563e-06
3.00553e+01	1.02872e-06
3.01133e+01	9.93102e-07
3.01712e+01	9.58697e-07
3.02292e+01	9.25470e-07
3.02872e+01	8.93380e-07
3.03451e+01	8.62390e-07
3.04031e+01	8.32462e-07
3.04611e+01	8.03561e-07
3.05190e+01	7.75651e-07
3.05770e+01	7.48699e-07
3.06350e+01	7.22672e-07
3.06929e+01	6.97540e-07
3.07509e+01	6.73272e-07
3.08089e+01	6.49838e-07
3.08668e+01	6.27211e-07
3.09248e+01	6.05362e-07
3.09828e+01	5.84266e-07
3.10407e+01	5.63897e-07
3.10987e+01	5.44230e-07
3.11567e+01	5.25241e-07
3.12146e+01	5.06908e-07
3.12726e+01	4.89207e-07
3.13306e+01	4.72118e-07
3.13885e+01	4.55620e-07
3.14465e+01	4.39691e-07
3.15045e+01	4.24314e-07
3.15624e+01	4.09469e-07
3.16204e+01	3.95138e-07
3.16784e+01	3.81303e-07
3.17363e+01	3.67948e-07
3.17943e+01	3.55055e-07
3.18522e+01	3.42610e-07
3.19102e+01	3.30597e-07
3.19682e+01	3.19001e-07
3.20261e+01	3.07808e-07
3.20841e+01	2.97004e-07
3.21421e+01	2.86575e-07
3.22000e+01	2.76510e-07
3.22580e+01	2.66795e-07
3.23160e+01	2.57419e-07
3.23739e+01	2.48369e-07
3.24319e+01	2.39635e-07
3.24899e+01	2.31205e-07
3.25478e+01	2.23069e-07
3.26058e+01	2.15217e-07
3.26638e+01	2.07639e-07
3.27217e+01	2.00326e-07
3.27797e+01	1.93269e-07
3.28377e+01	1.86458e-07
3.28956e+01	1.79885e-07
3.29536e+01	1.73542e-07
3.30116e+01	1.67421e-07
3.30695e+01	1.61514e-07
3.31275e+01	1.55814e-07
3.31855e+01	1.50314e-07
3.32434e+01	1.45006e-07
3.33014e+01	1.39884e-07
3.33594e+01	1.34942e-07
3.34173e+01	1.30173e-07
3.34753e+01	1.25572e-07
3.35333e+01	1.21132e-07
3.35912e+01	1.16848e-07
3.36492e+01	1.12714e-07
3.37072e+01	1.08726e-07
3.37651e+01	1.04878e-07
3.38231e+01	1.01165e-07
3.38811e+01	9.75827e-08
3.39390e+01	9.41265e-08
3.39970e+01	9.07922e-08
3.40550e+01	8.75754e-08
3.41129e+01	8.44721e-08
3.41709e+01	8.14782e-08
3.42288e+01	7.85900e-08
3.42868e+01	7.58037e-08
3.43448e+01	7.31158e-08
3.44027e+01	7.05228e-08
3.44607e+01	6.80214e-08
3.45187e+01	6.56084e-08
3.45766e+01	6.32806e-08
3.46346e+01	6.10351e-08
3.46926e+01	5.88690e-08
3.47505e+01	5.67795e-08
3.48085e+01	5.47639e-08
3.48665e+01	5.28196e-08
3.49244e+01	5.09441e-08
3.49824e+01	4.91349e-08
3.50404e+01	4.73898e-08
3.50983e+01	4.57064e-08
3.51563e+01	4.40826e-08
3.52143e+01	4.25162e-08
3.52722e+01	4.10054e-08
3.53302e+01	3.95480e-08
3.53882e+01	3.81422e-08
3.54461e+01	3.67863e-08
3.55041e+01	3.54784e-08
3.55621e+01	3.42169e-08
3.56200e+01	3.30000e-08
3.56780e+01	3.18264e-08
3.57360e+01	3.06944e-08
3.57939e+01	2.96025e-08
3.58519e+01	2.85494e-08
3.59099e+01	2.75337e-08
3.59678e+01	2.65540e-08
3.60258e+01	2.56092e-08
3.60838e+01	2.46980e-08
3.61417e+01	2.38192e-08
3.61997e+01	2.29718e-08
3.62577e+01	2.21546e-08
3.63156e+01	2.13666e-08
3.63736e+01	2.06066e-08
3.64316e+01	1.98737e-08
3.64895e+01	1.91669e-08
3.65475e+01	1.84854e-08
3.66054e+01	1.78281e-08
3.66634e+01	1.71943e-08
3.67214e+01	1.65830e-08
3.67793e+01	1.59935e-08
3.68373e+01	1.54251e-08
3.68953e+01	1.48769e-08
3.69532e+01	1.43483e-08
3.70112e+01	1.38385e-08
3.70692e+01	1.33468e-08
3.71271e+01	1.28727e-08
3.71851e+01	1.24155e-08
3.72431e+01	1.19746e-08
3.73010e+01	1.15494e-08
3.73590e+01	1.11394e-08
3.74170e+01	1.07440e-08
3.74749e+01	1.03627e-08
3.75329e+01	9.99501e-09
3.75909e+01	9.64041e-09
3.76488e+01	9.29846e-09
3.77068e+01	8.96869e-09
3.77648e+01	8.65067e-09
3.78227e+01	8.34399e-09
3.78807e+01	8.04823e-09
3.79387e+01	7.76302e-09
3.79966e+01	7.48797e-09
3.80546e+01	7.22273e-09
3.81126e+01	6.96693e-09
3.81705e+01	6.72025e-09
3.82285e+01	6.48236e-09
3.82865e+01	6.25294e-09
3.83444e+01	6.03170e-09
3.84024e+01	5.81835e-09
3.84604e+01	5.61261e-09
3.85183e+01	5.41422e-09
3.85763e+01	5.22290e-09
3.86343e+01	5.03841e-09
3.86922e+01	4.86049e-09
3.87502e+01	4.68892e-09
3.88082e+01	4.52347e-09
3.88661e+01	4.36391e-09
3.89241e+01	4.21004e-09
3.89821e+01	4.06165e-09
3.90400e+01	3.91855e-09
3.90980e+01	3.78054e-09
3.91559e+01	3.64745e-09
3.92139e+01	3.51911e-09
3.92719e+01	3.39533e-09
3.93298e+01	3.27596e-09
3.93878e+01	3.16083e-09
3.94458e+01	3.04981e-09
3.95037e+01	2.94273e-09
3.95617e+01	2.83947e-09
3.96197e+01	2.73988e-09
3.96776e+01	2.64384e-09
3.97356e+01	2.55121e-09
3.97936e+01	2.46188e-09
3.98515e+01	2.37572e-09
3.99095e+01	2.29263e-09
3.99675e+01	2.21250e-09
4.00254e+01	2.13519e-09
4.00834e+01	2.06060e-09
4.01414e+01	1.98862e-09
4.01993e+01	1.91917e-09
4.02573e+01	1.85215e-09
4.03153e+01	1.78748e-09
4.03732e+01	1.72508e-09
4.04312e+01	1.66486e-09
4.04892e+01	1.60676e-09
4.05471e+01	1.55069e-09
4.06051e+01	1.49658e-09
4.06631e+01	1.44437e-09
4.07210e+01	1.39398e-09
4.07790e+01	1.34536e-09
4.08370e+01	1.29845e-09
4.08949e+01	1.25317e-09
4.09529e+01	1.20948e-09
4.10109e+01	1.16732e-09
4.10688e+01	1.12664e-09
4.11268e+01	1.08737e-09
4.11848e+01	1.04949e-09
4.12427e+01	1.01292e-09
4.13007e+01	9.77639e-10
4.13587e+01	9.43589e-10
4.14166e+01	9.10730e-10
4.14746e+01	8.79019e-10
4.15325e+01	8.48417e-10
4.15905e+01	8.18884e-10
4.16485e+01	7.90383e-10
4.17064e+01	7.62878e-10
4.17644e+01	7.36333e-10
4.18224e+01	7.10716e-10
4.18803e+01	6.85993e-10
4.19383e+01	6.62134e-10
4.19963e+01	6.39109e-10
4.20542e+01	6.16887e-10
4.21122e+01	5.95441e-10
4.21702e+01	5.74743e-10
4.22281e+01	5.54768e-10
4.22861e+01	5.35490e-10
4.23441e+01	5.16885e-10
4.24020e+01	4.98928e-10
4.24600e+01	4.81599e-10
4.25180e+01	4.64873e-10
4.25759e+01	4.48731e-10
4.26339e+01	4.33152e-10
4.26919e+01	4.18116e-10
4.27498e+01	4.03605e-10
4.28078e+01	3.89599e-10
4.28658e+01	3.76081e-10
4.29237e+01	3.63036e-10
4.29817e+01	3.50444e-10
4.30397e+01	3.38292e-10
4.30976e+01	3.26564e-10
4.31556e+01	3.15244e-10
4.32136e+01	3.04318e-10
4.32715e+01	2.93773e-10
4.33295e+01	2.83596e-10
4.33875e+01	2.73773e-10
4.34454e+01	2.64291e-10
4.35034e+01	2.55140e-10
4.35614e+01	2.46308e-10
4.36193e+01	2.37783e-10
4.36773e+01	2.29554e-10
4.37353e+01	2.21612e-10
4.37932e+01	2.13947e-10
4.38512e+01	2.06548e-10
4.39091e+01	1.99406e-10
4.39671e+01	1.92512e-10
4.40251e+01	1.85859e-10
4.40830e+01	1.79436e-10
4.41410e+01	1.73237e-10
4.41990e+01	1.67253e-10
4.42569e+01	1.61477e-10
4.43149e+01	1.55902e-10
4.43729e+01	1.50520e-10
4.44308e+01	1.45325e-10
4.44888e+01	1.40311e-10
4.45468e+01	1.35470e-10
4.46047e+01	1.30798e-10
4.46627e+01	1.26287e-10
4.47207e+01	1.21933e-10
4.47786e+01	1.17730e-10
4.48366e+01	1.13673e-10
4.48946e+01	1.09756e-10
4.49525e+01	1.05976e-10
4.50105e+01	1.02326e-10
4.50685e+01	9.88024e-11
4.51264e+01	9.54011e-11
4.51844e+01	9.21175e-11
4.52424e+01	8.89477e-11
4.53003e+01	8.58875e-11
4.53583e+01	8.29333e-11
4.54163e+01	8.00813e-11
4.54742e+01	7.73280e-11
4.55322e+01	7.46699e-11
4.55902e+01	7.21038e-11
4.56481e+01	6.96264e-11
4.57061e+01	6.72346e-11
4.57641e+01	6.49255e-11
4.58220e+01	6.26963e-11
4.58800e+01	6.05441e-11
4.59380e+01	5.84663e-11
4.59959e+01	5.64604e-11
4.60539e+01	5.45239e-11
4.61119e+01	5.26543e-11
4.61698e+01	5.08494e-11
4.62278e+01	4.91068e-11
4.62858e+01	4.74244e-11
4.63437e+01	4.58001e-11
4.64017e+01	4.42319e-11
4.64596e+01	4.27179e-11
4.65176e+01	4.12560e-11
4.65756e+01	3.98446e-11
4.66335e+01	3.84819e-11
4.66915e+01	3.71662e-11
4.67495e+01	3.58958e-11
4.68074e+01	3.46692e-11
4.68654e+01	3.34848e-11
4.69234e+01	3.23413e-11
4.69813e+01	3.12371e-11
4.70393e+01	3.01709e-11
4.70973e+01	2.91414e-11
4.71552e+01	2.81474e-11
4.72132e+01	2.71875e-11
4.72712e+01	2.62606e-11
4.73291e+01	2.53656e-11
4.73871e+01	2.45013e-11
4.74451e+01	2.36668e-11
4.75030e+01	2.28609e-11
4.75610e+01	2.20827e-11
4.76190e+01	2.13311e-11
4.76769e+01	2.06054e-11
4.77349e+01	1.99046e-11
4.77929e+01	1.92278e-11
4.78508e+01	1.85743e-11
4.79088e+01	1.79431e-11
4.79668e+01	1.73336e-11
4.80247e+01	1.67449e-11
4.80827e+01	1.61764e-11
4.81407e+01	1.56274e-11
4.81986e+01	1.50972e-11
4.82566e+01	1.45852e-11
4.83146e+01	1.40906e-11
4.83725e+01	1.36130e-11
4.84305e+01	1.31517e-11
4.84885e+01	1.27062e-11
4.85464e+01	1.22759e-11
4.86044e+01	1.18603e-11
4.86624e+01	1.14589e-11
4.87203e+01	1.10712e-11
4.87783e+01	1.06968e-11
4.88362e+01	1.03351e-11
4.88942e+01	9.98579e-12
4.89522e+01	9.64839e-12
4.90101e+01	9.32250e-12
4.90681e+01	9.00772e-12
4.91261e+01	8.70368e-12
4.91840e+01	8.40999e-12
4.92420e+01	8.12632e-12
4.93000e+01	7.85230e-12
4.93579e+01	7.58762e-12
4.94159e+01	7.33195e-12
4.94739e+01	7.08497e-12
4.95318e+01	6.84638e-12
4.95898e+01	6.61590e-12
4.96478e+01	6.39324e-12
4.97057e+01	6.17813e-12
4.97637e+01	5.97033e-12
4.98217e+01	5.76957e-12
4.98796e+01	5.57563e-12
4.99376e+01	5.38825e-12
4.99956e+01	5.20723e-12
5.00535e+01	5.03235e-12
5.01115e+01	4.86339e-12
5.01695e+01	4.70015e-12
5.02274e+01	4.54244e-12
5.02854e+01	4.39007e-12
5.03434e+01	4.24284e-12
5.04013e+01	4.10058e-12
5.04593e+01	3.96312e-12
5.05173e+01	3.83028e-12
5.05752e+01	3.70192e-12
5.06332e+01	3.57789e-12
5.06912e+01	3.45803e-12
5.07491e+01	3.34220e-12
5.08071e+01	3.23028e-12
5.08651e+01	3.12212e-12
5.09230e+01	3.01760e-12
5.09810e+01	2.91659e-12
5.10390e+01	2.81898e-12
5.10969e+01	2.72465e-12
5.11549e+01	2.63349e-12
5.12128e+01	2.54539e-12
5.12708e+01	2.46025e-12
5.13288e+01	2.37798e-12
5.13867e+01	2.29846e-12
5.14447e+01	2.22161e-12
5.15027e+01	2.14734e-12
5.15606e+01	2.07556e-12
5.16186e+01	2.00619e-12
5.16766e+01	1.93915e-12
5.17345e+01	1.87435e-12
5.17925e+01	1.81172e-12
5.18505e+01	1.75119e-12
5.19084e+01	1.69268e-12
5.19664e+01	1.63613e-12
5.20244e+01	1.58147e-12
5.20823e+01	1.52863e-12
5.21403e+01	1.47756e-12
5.21983e+01	1.42820e-12
5.22562e+01	1.38049e-12
5.23142e+01	1.33437e-12
5.23722e+01	1.28979e-12
5.24301e+01	1.24669e-12
5.24881e+01	1.20504e-12
5.25461e+01	1.16477e-12
5.26040e+01	1.12585e-12
5.26620e+01	1.08822e-12
5.27200e+01	1.05184e-12
5.27779e+01	1.01668e-12
5.28359e+01	9.82682e-13
5.28939e+01	9.49817e-13
5.29518e+01	9.18044e-13
5.30098e+01	8.87326e-13
5.30678e+01	8.57628e-13
5.31257e+01	8.28915e-13
5.31837e+01	8.01154e-13
5.32417e+01	7.74312e-13
5.32996e+01	7.48360e-13
5.33576e+01	7.23265e-13
5.34156e+01	6.99001e-13
5.34735e+01	6.75537e-13
5.35315e+01	6.52848e-13
5.35895e+01	6.30907e-13
5.36474e+01	6.09689e-13
5.37054e+01	5.89169e-13
5.37633e+01	5.69324e-13
5.38213e+01	5.50130e-13
5.38793e+01	5.31566e-13
5.39372e+01	5.13609e-13
5.39952e+01	4.96240e-13
5.40532e+01	4.79439e-13
5.41111e+01	4.63185e-13
5.41691e+01	4.47460e-13
5.42271e+01	4.32246e-13
5.42850e+01	4.17526e-13
5.43430e+01	4.03283e-13
5.44010e+01	3.89500e-13
5.44589e+01	3.76161e-13
5.45169e+01	3.63251e-13
5.45749e+01	3.50755e-13
5.46328e+01	3.38660e-13
5.46908e+01	3.26950e-13
5.47488e+01	3.15613e-13
5.48067e+01	3.04635e-13
5.48647e+01	2.94005e-13
5.49227e+01	2.83709e-13
5.49806e+01	2.73736e-13
5.50386e+01	2.64075e-13
5.50966e+01	2.54715e-13
5.51545e+01	2.45645e-13
5.52125e+01	2.36854e-13
5.52705e+01	2.28332e-13
5.53284e+01	2.20071e-13
5.53864e+01	2.12060e-13
5.54444e+01	2.04290e-13
5.55023e+01	1.96752e-13
5.55603e+01	1.89439e-13
5.56183e+01	1.82341e-13
5.56762e+01	1.75450e-13
5.57342e+01	1.68759e-13
5.57922e+01	1.62261e-13
5.58501e+01	1.55947e-13
5.59081e+01	1.49810e-13
5.59661e+01	1.43845e-13
5.60240e+01	1.38043e-13
5.60820e+01	1.32399e-13
5.61399e+01	1.26906e-13
5.61979e+01	1.21557e-13
5.62559e+01	1.16348e-13
5.63138e+01	1.11271e-13
5.63718e+01	1.06322e-13
5.64298e+01	1.01494e-13
5.64877e+01	9.67825e-14
5.65457e+01	9.21821e-14
5.66037e+01	8.76876e-14
5.66616e+01	8.32940e-14
5.67196e+01	7.89964e-14
5.67776e+01	7.47899e-14
5.68355e+01	7.06700e-14
5.68935e+01	6.66320e-14
5.69515e+01	6.26715e-14
5.70094e+01	5.87841e-14
5.70674e+01	5.49655e-14
5.71254e+01	5.12116e-14
5.71833e+01	4.75181e-14
5.72413e+01	4.38810e-14
5.72993e+01	4.02964e-14
5.73572e+01	3.67604e-14
5.74152e+01	3.32690e-14
5.74732e+01	2.98185e-14
5.75311e+01	2.64052e-14
5.75891e+01	2.30253e-14
5.76471e+01	1.96752e-14
5.77050e+01	1.63512e-14
5.77630e+01	1.30499e-14
5.78210e+01	9.76760e-15
5.78789e+01	6.50085e-15
5.79369e+01	3.24613e-15
