# The ell = 1 distribution, the first anisotropy.
# E_N [Td]	1.50000e+02
# col_1: Electron Energy [eV], col_2: f1 [eV^(-3/2)]
eV	f1
6.35771e-02	1.79601e-03
1.27154e-01	2.19519e-03
1.90731e-01	2.50343e-03
2.54308e-01	2.78104e-03
3.17885e-01	3.14041e-03
3.81463e-01	3.42241e-03
4.45040e-01	3.73455e-03
5.08617e-01	4.06714e-03
5.72194e-01	4.41801e-03
6.35771e-01	4.80565e-03
6.99348e-01	5.22756e-03
7.62925e-01	5.69516e-03
8.26502e-01	6.17075e-03
8.90079e-01	6.66076e-03
9.53656e-01	7.18768e-03
1.01723e+00	7.77075e-03
1.08081e+00	8.36985e-03
1.14439e+00	8.88661e-03
1.20796e+00	9.34398e-03
1.27154e+00	9.79533e-03
1.33512e+00	1.02764e-02
1.39870e+00	1.08314e-02
1.46227e+00	1.13675e-02
1.52585e+00	1.18138e-02
1.58943e+00	1.22537e-02
1.65300e+00	1.27164e-02
1.71658e+00	1.32281e-02
1.78016e+00	1.36477e-02
1.84374e+00	1.39927e-02
1.90731e+00	1.41989e-02
1.97089e+00	1.41636e-02
2.03447e+00	1.39458e-02
2.09804e+00	1.36788e-02
2.16162e+00	1.34091e-02
2.22520e+00	1.30816e-02
2.28878e+00	1.27411e-02
2.35235e+00	1.24111e-02
2.41593e+00	1.20509e-02
2.47951e+00	1.16890e-02
2.54308e+00	1.13441e-02
2.60666e+00	1.10465e-02
2.67024e+00	1.07523e-02
2.73381e+00	1.04715e-02
2.79739e+00	1.02671e-02
2.86097e+00	1.00638e-02
2.92455e+00	9.84427e-03
2.98812e+00	9.67445e-03
3.05170e+00	9.53805e-03
3.11528e+00	9.39987e-03
3.17885e+00	9.28228e-03
3.24243e+00	9.17234e-03
3.30601e+00	9.06940e-03
3.36959e+00	8.98252e-03
3.43316e+00	8.90804e-03
3.49674e+00	8.83825e-03
3.56032e+00	8.77332e-03
3.62389e+00	8.71156e-03
3.68747e+00	8.65244e-03
3.75105e+00	8.59687e-03
3.81463e+00	8.54647e-03
3.87820e+00	8.50121e-03
3.94178e+00	8.45781e-03
4.00536e+00	8.41555e-03
4.06893e+00	8.37352e-03
4.13251e+00	8.33049e-03
4.19609e+00	8.28654e-03
4.25967e+00	8.24161e-03
4.32324e+00	8.19547e-03
4.38682e+00	8.14820e-03
4.45040e+00	8.10000e-03
4.51397e+00	8.05114e-03
4.57755e+00	8.00191e-03
4.64113e+00	7.95308e-03
4.70470e+00	7.90514e-03
4.76828e+00	7.85807e-03
4.83186e+00	7.81196e-03
4.89544e+00	7.76720e-03
4.95901e+00	7.72364e-03
5.02259e+00	7.68069e-03
5.08617e+00	7.63812e-03
5.14974e+00	7.59576e-03
5.21332e+00	7.55314e-03
5.27690e+00	7.51030e-03
5.34048e+00	7.46726e-03
5.40405e+00	7.42406e-03
5.46763e+00	7.38072e-03
5.53121e+00	7.33726e-03
5.59478e+00	7.29370e-03
5.65836e+00	7.25007e-03
5.72194e+00	7.20639e-03
5.78552e+00	7.16269e-03
5.84909e+00	7.11898e-03
5.91267e+00	7.07529e-03
5.97625e+00	7.03162e-03
6.03982e+00	6.98800e-03
6.10340e+00	6.94444e-03
6.16698e+00	6.90096e-03
6.23055e+00	6.85757e-03
6.29413e+00	6.81427e-03
6.35771e+00	6.77108e-03
6.42129e+00	6.72802e-03
6.48486e+00	6.68509e-03
6.54844e+00	6.64230e-03
6.61202e+00	6.59967e-03
6.67559e+00	6.55721e-03
6.73917e+00	6.51492e-03
6.80275e+00	6.47280e-03
6.86633e+00	6.43084e-03
6.92990e+00	6.38906e-03
6.99348e+00	6.34744e-03
7.05706e+00	6.30604e-03
7.12063e+00	6.26484e-03
7.18421e+00	6.22386e-03
7.24779e+00	6.18313e-03
7.31137e+00	6.14265e-03
7.37494e+00	6.10245e-03
7.43852e+00	6.06241e-03
7.50210e+00	6.02251e-03
7.56567e+00	5.98277e-03
7.62925e+00	5.94317e-03
7.69283e+00	5.90371e-03
7.75641e+00	5.86441e-03
7.81998e+00	5.82513e-03
7.88356e+00	5.78571e-03
7.94714e+00	5.74612e-03
8.01071e+00	5.70636e-03
8.07429e+00	5.66639e-03
8.13787e+00	5.62620e-03
8.20144e+00	5.58580e-03
8.26502e+00	5.54515e-03
8.32860e+00	5.50414e-03
8.39218e+00	5.46266e-03
8.45575e+00	5.42073e-03
8.51933e+00	5.37815e-03
8.58291e+00	5.33506e-03
8.64648e+00	5.29166e-03
8.71006e+00	5.24796e-03
8.77364e+00	5.20398e-03
8.83722e+00	5.15974e-03
8.90079e+00	5.11526e-03
8.96437e+00	5.07055e-03
9.02795e+00	5.02567e-03
9.09152e+00	4.98090e-03
9.15510e+00	4.93632e-03
9.21868e+00	4.89194e-03
9.28226e+00	4.84777e-03
9.34583e+00	4.80381e-03
9.40941e+00	4.76008e-03
9.47299e+00	4.71657e-03
9.53656e+00	4.67330e-03
9.60014e+00	4.63028e-03
9.66372e+00	4.58745e-03
9.72729e+00	4.54481e-03
9.79087e+00	4.50235e-03
9.85445e+00	4.46007e-03
9.91803e+00	4.41797e-03
9.98160e+00	4.37611e-03
1.00452e+01	4.33447e-03
1.01088e+01	4.29327e-03
1.01723e+01	4.25254e-03
1.02359e+01	4.21226e-03
1.02995e+01	4.17242e-03
1.03631e+01	4.13302e-03
1.04266e+01	4.09406e-03
1.04902e+01	4.05553e-03
1.05538e+01	4.01745e-03
1.06174e+01	3.97975e-03
1.06810e+01	3.94244e-03
1.07445e+01	3.90556e-03
1.08081e+01	3.86909e-03
1.08717e+01	3.83303e-03
1.09353e+01	3.79739e-03
1.09988e+01	3.76215e-03
1.10624e+01	3.72732e-03
1.11260e+01	3.69291e-03
1.11896e+01	3.65892e-03
1.12531e+01	3.62530e-03
1.13167e+01	3.59201e-03
1.13803e+01	3.55906e-03
1.14439e+01	3.52644e-03
1.15075e+01	3.49416e-03
1.15710e+01	3.46221e-03
1.16346e+01	3.42950e-03
1.16982e+01	3.39467e-03
1.17618e+01	3.36082e-03
1.18253e+01	3.32672e-03
1.18889e+01	3.29003e-03
1.19525e+01	3.25358e-03
1.20161e+01	3.21833e-03
1.20796e+01	3.18351e-03
1.21432e+01	3.14893e-03
1.22068e+01	3.11443e-03
1.22704e+01	3.07984e-03
1.23340e+01	3.04509e-03
1.23975e+01	3.01038e-03
1.24611e+01	2.97565e-03
1.25247e+01	2.94084e-03
1.25883e+01	2.90585e-03
1.26518e+01	2.87079e-03
1.27154e+01	2.83581e-03
1.27790e+01	2.80112e-03
1.28426e+01	2.76683e-03
1.29061e+01	2.73350e-03
1.29697e+01	2.70058e-03
1.30333e+01	2.66801e-03
1.30969e+01	2.63268e-03
1.31605e+01	2.60176e-03
1.32240e+01	2.56994e-03
1.32876e+01	2.53987e-03
1.33512e+01	2.51088e-03
1.34148e+01	2.48218e-03
1.34783e+01	2.45311e-03
1.35419e+01	2.42394e-03
1.36055e+01	2.39473e-03
1.36691e+01	2.36549e-03
1.37327e+01	2.33625e-03
1.37962e+01	2.30701e-03
1.38598e+01	2.27776e-03
1.39234e+01	2.24841e-03
1.39870e+01	2.21886e-03
1.40505e+01	2.18910e-03
1.41141e+01	2.15920e-03
1.41777e+01	2.12913e-03
1.42413e+01	2.09894e-03
1.43048e+01	2.06854e-03
1.43684e+01	2.03795e-03
1.44320e+01	2.00720e-03
1.44956e+01	1.97633e-03
1.45592e+01	1.94538e-03
1.46227e+01	1.91438e-03
1.46863e+01	1.88336e-03
1.47499e+01	1.85235e-03
1.48135e+01	1.82138e-03
1.48770e+01	1.79046e-03
1.49406e+01	1.75963e-03
1.50042e+01	1.72890e-03
1.50678e+01	1.69839e-03
1.51313e+01	1.66818e-03
1.51949e+01	1.63828e-03
1.52585e+01	1.60870e-03
1.53221e+01	1.57944e-03
1.53857e+01	1.55052e-03
1.54492e+01	1.52194e-03
1.55128e+01	1.49370e-03
1.55764e+01	1.46581e-03
1.56400e+01	1.43827e-03
1.57035e+01	1.41107e-03
1.57671e+01	1.38422e-03
1.58307e+01	1.35757e-03
1.58943e+01	1.33102e-03
1.59578e+01	1.30461e-03
1.60214e+01	1.27836e-03
1.60850e+01	1.25233e-03
1.61486e+01	1.22657e-03
1.62122e+01	1.20108e-03
1.62757e+01	1.17587e-03
1.63393e+01	1.15095e-03
1.64029e+01	1.12633e-03
1.64665e+01	1.10201e-03
1.65300e+01	1.07800e-03
1.65936e+01	1.05428e-03
1.66572e+01	1.03088e-03
1.67208e+01	1.00778e-03
1.67844e+01	9.85001e-04
1.68479e+01	9.62540e-04
1.69115e+01	9.40403e-04
1.69751e+01	9.18593e-04
1.70387e+01	8.97117e-04
1.71022e+01	8.75988e-04
1.71658e+01	8.55213e-04
1.72294e+01	8.34792e-04
1.72930e+01	8.14726e-04
1.73565e+01	7.95014e-04
1.74201e+01	7.75655e-04
1.74837e+01	7.56646e-04
1.75473e+01	7.37982e-04
1.76109e+01	7.19658e-04
1.76744e+01	7.01668e-04
1.77380e+01	6.84012e-04
1.78016e+01	6.66687e-04
1.78652e+01	6.49693e-04
1.79287e+01	6.33029e-04
1.79923e+01	6.16692e-04
1.80559e+01	6.00689e-04
1.81195e+01	5.85024e-04
1.81830e+01	5.69695e-04
1.82466e+01	5.54696e-04
1.83102e+01	5.40022e-04
1.83738e+01	5.25671e-04
1.84374e+01	5.11635e-04
1.85009e+01	4.97912e-04
1.85645e+01	4.84496e-04
1.86281e+01	4.71380e-04
1.86917e+01	4.58560e-04
1.87552e+01	4.46030e-04
1.88188e+01	4.33787e-04
1.88824e+01	4.21827e-04
1.89460e+01	4.10144e-04
1.90096e+01	3.98736e-04
1.90731e+01	3.87602e-04
1.91367e+01	3.76742e-04
1.92003e+01	3.66149e-04
1.92639e+01	3.55819e-04
1.93274e+01	3.45746e-04
1.93910e+01	3.35924e-04
1.94546e+01	3.26349e-04
1.95182e+01	3.17015e-04
1.95817e+01	3.07918e-04
1.96453e+01	2.99051e-04
1.97089e+01	2.90410e-04
1.97725e+01	2.81991e-04
1.98361e+01	2.73788e-04
1.98996e+01	2.65796e-04
1.99632e+01	2.58011e-04
2.00268e+01	2.50429e-04
2.00904e+01	2.43046e-04
2.01539e+01	2.35859e-04
2.02175e+01	2.28864e-04
2.02811e+01	2.22059e-04
2.03447e+01	2.15438e-04
2.04082e+01	2.08997e-04
2.04718e+01	2.02731e-04
2.05354e+01	1.96639e-04
2.05990e+01	1.90717e-04
2.06626e+01	1.84962e-04
2.07261e+01	1.79369e-04
2.07897e+01	1.73936e-04
2.08533e+01	1.68656e-04
2.09169e+01	1.63527e-04
2.09804e+01	1.58545e-04
2.10440e+01	1.53706e-04
2.11076e+01	1.49006e-04
2.11712e+01	1.44443e-04
2.12347e+01	1.40013e-04
2.12983e+01	1.35712e-04
2.13619e+01	1.31536e-04
2.14255e+01	1.27483e-04
2.14891e+01	1.23548e-04
2.15526e+01	1.19729e-04
2.16162e+01	1.16021e-04
2.16798e+01	1.12422e-04
2.17434e+01	1.08928e-04
2.18069e+01	1.05537e-04
2.18705e+01	1.02246e-04
2.19341e+01	9.90518e-05
2.19977e+01	9.59528e-05
2.20613e+01	9.29465e-05
2.21248e+01	9.00320e-05
2.21884e+01	8.72069e-05
2.22520e+01	8.44686e-05
2.23156e+01	8.18146e-05
2.23791e+01	7.92423e-05
2.24427e+01	7.67492e-05
2.25063e+01	7.43328e-05
2.25699e+01	7.19907e-05
2.26334e+01	6.97204e-05
2.26970e+01	6.75198e-05
2.27606e+01	6.53867e-05
2.28242e+01	6.33192e-05
2.28878e+01	6.13152e-05
2.29513e+01	5.93730e-05
2.30149e+01	5.74906e-05
2.30785e+01	5.56668e-05
2.31421e+01	5.38998e-05
2.32056e+01	5.21879e-05
2.32692e+01	5.05294e-05
2.33328e+01	4.89228e-05
2.33964e+01	4.73664e-05
2.34599e+01	4.58587e-05
2.35235e+01	4.43983e-05
2.35871e+01	4.29836e-05
2.36507e+01	4.16132e-05
2.37143e+01	4.02859e-05
2.37778e+01	3.90003e-05
2.38414e+01	3.77550e-05
2.39050e+01	3.65488e-05
2.39686e+01	3.53806e-05
2.40321e+01	3.42491e-05
2.40957e+01	3.31531e-05
2.41593e+01	3.20916e-05
2.42229e+01	3.10634e-05
2.42864e+01	3.00675e-05
2.43500e+01	2.91030e-05
2.44136e+01	2.81688e-05
2.44772e+01	2.72639e-05
2.45408e+01	2.63876e-05
2.46043e+01	2.55389e-05
2.46679e+01	2.47169e-05
2.47315e+01	2.39209e-05
2.47951e+01	2.31499e-05
2.48586e+01	2.24032e-05
2.49222e+01	2.16802e-05
2.49858e+01	2.09800e-05
2.50494e+01	2.03021e-05
2.51130e+01	1.96458e-05
2.51765e+01	1.90105e-05
2.52401e+01	1.83956e-05
2.53037e+01	1.78004e-05
2.53673e+01	1.72243e-05
2.54308e+01	1.66667e-05
2.54944e+01	1.61269e-05
2.55580e+01	1.56043e-05
2.56216e+01	1.50984e-05
2.56851e+01	1.46085e-05
2.57487e+01	1.41343e-05
2.58123e+01	1.36750e-05
2.58759e+01	1.32304e-05
2.59395e+01	1.28000e-05
2.60030e+01	1.23832e-05
2.60666e+01	1.19799e-05
2.61302e+01	1.15896e-05
2.61938e+01	1.12119e-05
2.62573e+01	1.08465e-05
2.63209e+01	1.04929e-05
2.63845e+01	1.01507e-05
2.64481e+01	9.81969e-06
2.65116e+01	9.49937e-06
2.65752e+01	9.18945e-06
2.66388e+01	8.88958e-06
2.67024e+01	8.59945e-06
2.67660e+01	8.31873e-06
2.68295e+01	8.04714e-06
2.68931e+01	7.78437e-06
2.69567e+01	7.53014e-06
2.70203e+01	7.28418e-06
2.70838e+01	7.04621e-06
2.71474e+01	6.81597e-06
2.72110e+01	6.59323e-06
2.72746e+01	6.37773e-06
2.73381e+01	6.16925e-06
2.74017e+01	5.96756e-06
2.74653e+01	5.77243e-06
2.75289e+01	5.58366e-06
2.75925e+01	5.40103e-06
2.76560e+01	5.22436e-06
2.77196e+01	5.05344e-06
2.77832e+01	4.88810e-06
2.78468e+01	4.72815e-06
2.79103e+01	4.57342e-06
2.79739e+01	4.42372e-06
2.80375e+01	4.27890e-06
2.81011e+01	4.13880e-06
2.81647e+01	4.00327e-06
2.82282e+01	3.87214e-06
2.82918e+01	3.74528e-06
2.83554e+01	3.62255e-06
2.84190e+01	3.50381e-06
2.84825e+01	3.38895e-06
2.85461e+01	3.27782e-06
2.86097e+01	3.17032e-06
2.86733e+01	3.06632e-06
2.87368e+01	2.96571e-06
2.88004e+01	2.86838e-06
2.88640e+01	2.77422e-06
2.89276e+01	2.68313e-06
2.89912e+01	2.59502e-06
2.90547e+01	2.50977e-06
2.91183e+01	2.42731e-06
2.91819e+01	2.34754e-06
2.92455e+01	2.27037e-06
2.93090e+01	2.19572e-06
2.93726e+01	2.12350e-06
2.94362e+01	2.05364e-06
2.94998e+01	1.98605e-06
2.95633e+01	1.92067e-06
2.96269e+01	1.85742e-06
2.96905e+01	1.79624e-06
2.97541e+01	1.73705e-06
2.98177e+01	1.67979e-06
2.98812e+01	1.62440e-06
2.99448e+01	1.57082e-06
3.00084e+01	1.51900e-06
3.00720e+01	1.46886e-06
3.01355e+01	1.42038e-06
3.01991e+01	1.37348e-06
3.02627e+01	1.32813e-06
3.03263e+01	1.28428e-06
3.03898e+01	1.24186e-06
3.04534e+01	1.20084e-06
3.05170e+01	1.16117e-06
3.05806e+01	1.12281e-06
3.06442e+01	1.08571e-06
3.07077e+01	1.04983e-06
3.07713e+01	1.01514e-06
3.08349e+01	9.81580e-07
3.08985e+01	9.49129e-07
3.09620e+01	9.17748e-07
3.10256e+01	8.87400e-07
3.10892e+01	8.58052e-07
3.11528e+01	8.29670e-07
3.12164e+01	8.02224e-07
3.12799e+01	7.75683e-07
3.13435e+01	7.50015e-07
3.14071e+01	7.25194e-07
3.14707e+01	7.01191e-07
3.15342e+01	6.77979e-07
3.15978e+01	6.55532e-07
3.16614e+01	6.33826e-07
3.17250e+01	6.12836e-07
3.17885e+01	5.92538e-07
3.18521e+01	5.72910e-07
3.19157e+01	5.53930e-07
3.19793e+01	5.35576e-07
3.20429e+01	5.17828e-07
3.21064e+01	5.00666e-07
3.21700e+01	4.84072e-07
3.22336e+01	4.68027e-07
3.22972e+01	4.52513e-07
3.23607e+01	4.37513e-07
3.24243e+01	4.23009e-07
3.24879e+01	4.08985e-07
3.25515e+01	3.95425e-07
3.26150e+01	3.82314e-07
3.26786e+01	3.69637e-07
3.27422e+01	3.57380e-07
3.28058e+01	3.45529e-07
3.28694e+01	3.34070e-07
3.29329e+01	3.22991e-07
3.29965e+01	3.12278e-07
3.30601e+01	3.01921e-07
3.31237e+01	2.91906e-07
3.31872e+01	2.82224e-07
3.32508e+01	2.72861e-07
3.33144e+01	2.63810e-07
3.33780e+01	2.55057e-07
3.34415e+01	2.46595e-07
3.35051e+01	2.38413e-07
3.35687e+01	2.30503e-07
3.36323e+01	2.22854e-07
3.36959e+01	2.15459e-07
3.37594e+01	2.08309e-07
3.38230e+01	2.01396e-07
3.38866e+01	1.94712e-07
3.39502e+01	1.88249e-07
3.40137e+01	1.82001e-07
3.40773e+01	1.75961e-07
3.41409e+01	1.70122e-07
3.42045e+01	1.64478e-07
3.42681e+01	1.59021e-07
3.43316e+01	1.53746e-07
3.43952e+01	1.48646e-07
3.44588e+01	1.43716e-07
3.45224e+01	1.38950e-07
3.45859e+01	1.34342e-07
3.46495e+01	1.29888e-07
3.47131e+01	1.25582e-07
3.47767e+01	1.21420e-07
3.48402e+01	1.17395e-07
3.49038e+01	1.13505e-07
3.49674e+01	1.09744e-07
3.50310e+01	1.06108e-07
3.50946e+01	1.02593e-07
3.51581e+01	9.91942e-08
3.52217e+01	9.59084e-08
3.52853e+01	9.27317e-08
3.53489e+01	8.96603e-08
3.54124e+01	8.66909e-08
3.54760e+01	8.38200e-08
3.55396e+01	8.10443e-08
3.56032e+01	7.83606e-08
3.56667e+01	7.57659e-08
3.57303e+01	7.32573e-08
3.57939e+01	7.08319e-08
3.58575e+01	6.84868e-08
3.59211e+01	6.62195e-08
3.59846e+01	6.40273e-08
3.60482e+01	6.19077e-08
3.61118e+01	5.98589e-08
3.61754e+01	5.78787e-08
3.62389e+01	5.59646e-08
3.63025e+01	5.41144e-08
3.63661e+01	5.23259e-08
3.64297e+01	5.05972e-08
3.64933e+01	4.89261e-08
3.65568e+01	4.73107e-08
3.66204e+01	4.57492e-08
3.66840e+01	4.42397e-08
3.67476e+01	4.27805e-08
3.68111e+01	4.13699e-08
3.68747e+01	4.00063e-08
3.69383e+01	3.86880e-08
3.70019e+01	3.74136e-08
3.70654e+01	3.61816e-08
3.71290e+01	3.49905e-08
3.71926e+01	3.38391e-08
3.72562e+01	3.27259e-08
3.73198e+01	3.16498e-08
3.73833e+01	3.06095e-08
3.74469e+01	2.96038e-08
3.75105e+01	2.86314e-08
3.75741e+01	2.76914e-08
3.76376e+01	2.67826e-08
3.77012e+01	2.59039e-08
3.77648e+01	2.50544e-08
3.78284e+01	2.42330e-08
3.78919e+01	2.34388e-08
3.79555e+01	2.26710e-08
3.80191e+01	2.19286e-08
3.80827e+01	2.12108e-08
3.81463e+01	2.05168e-08
3.82098e+01	1.98457e-08
3.82734e+01	1.91967e-08
3.83370e+01	1.85693e-08
3.84006e+01	1.79626e-08
3.84641e+01	1.73760e-08
3.85277e+01	1.68089e-08
3.85913e+01	1.62605e-08
3.86549e+01	1.57303e-08
3.87184e+01	1.52177e-08
3.87820e+01	1.47220e-08
3.88456e+01	1.42427e-08
3.89092e+01	1.37793e-08
3.89728e+01	1.33311e-08
3.90363e+01	1.28978e-08
3.90999e+01	1.24787e-08
3.91635e+01	1.20735e-08
3.92271e+01	1.16816e-08
3.92906e+01	1.13026e-08
3.93542e+01	1.09360e-08
3.94178e+01	1.05815e-08
3.94814e+01	1.02387e-08
3.95450e+01	9.90709e-09
3.96085e+01	9.58636e-09
3.96721e+01	9.27614e-09
3.97357e+01	8.97606e-09
3.97993e+01	8.68580e-09
3.98628e+01	8.40503e-09
3.99264e+01	8.13342e-09
3.99900e+01	7.87067e-09
4.00536e+01	7.61649e-09
4.01171e+01	7.37062e-09
4.01807e+01	7.13279e-09
4.02443e+01	6.90272e-09
4.03079e+01	6.68017e-09
4.03715e+01	6.46488e-09
4.04350e+01	6.25660e-09
4.04986e+01	6.05511e-09
4.05622e+01	5.86019e-09
4.06258e+01	5.67161e-09
4.06893e+01	5.48917e-09
4.07529e+01	5.31266e-09
4.08165e+01	5.14189e-09
4.08801e+01	4.97667e-09
4.09436e+01	4.81682e-09
4.10072e+01	4.66215e-09
4.10708e+01	4.51251e-09
4.11344e+01	4.36772e-09
4.11980e+01	4.22763e-09
4.12615e+01	4.09207e-09
4.13251e+01	3.96091e-09
4.13887e+01	3.83400e-09
4.14523e+01	3.71119e-09
4.15158e+01	3.59236e-09
4.15794e+01	3.47737e-09
4.16430e+01	3.36610e-09
4.17066e+01	3.25843e-09
4.17701e+01	3.15424e-09
4.18337e+01	3.05341e-09
4.18973e+01	2.95584e-09
4.19609e+01	2.86141e-09
4.20245e+01	2.77004e-09
4.20880e+01	2.68161e-09
4.21516e+01	2.59603e-09
4.22152e+01	2.51321e-09
4.22788e+01	2.43306e-09
4.23423e+01	2.35550e-09
4.24059e+01	2.28042e-09
4.24695e+01	2.20777e-09
4.25331e+01	2.13745e-09
4.25967e+01	2.06940e-09
4.26602e+01	2.00353e-09
4.27238e+01	1.93978e-09
4.27874e+01	1.87808e-09
4.28510e+01	1.81836e-09
4.29145e+01	1.76056e-09
4.29781e+01	1.70462e-09
4.30417e+01	1.65047e-09
4.31053e+01	1.59807e-09
4.31688e+01	1.54735e-09
4.32324e+01	1.49825e-09
4.32960e+01	1.45073e-09
4.33596e+01	1.40474e-09
4.34232e+01	1.36022e-09
4.34867e+01	1.31712e-09
4.35503e+01	1.27541e-09
4.36139e+01	1.23503e-09
4.36775e+01	1.19594e-09
4.37410e+01	1.15811e-09
4.38046e+01	1.12148e-09
4.38682e+01	1.08603e-09
4.39318e+01	1.05171e-09
4.39953e+01	1.01849e-09
4.40589e+01	9.86334e-10
4.41225e+01	9.55202e-10
4.41861e+01	9.25064e-10
4.42497e+01	8.95888e-10
4.43132e+01	8.67643e-10
4.43768e+01	8.40299e-10
4.44404e+01	8.13827e-10
4.45040e+01	7.88199e-10
4.45675e+01	7.63387e-10
4.46311e+01	7.39366e-10
4.46947e+01	7.16109e-10
4.47583e+01	6.93593e-10
4.48218e+01	6.71793e-10
4.48854e+01	6.50686e-10
4.49490e+01	6.30250e-10
4.50126e+01	6.10463e-10
4.50762e+01	5.91305e-10
4.51397e+01	5.72754e-10
4.52033e+01	5.54793e-10
4.52669e+01	5.37401e-10
4.53305e+01	5.20561e-10
4.53940e+01	5.04254e-10
4.54576e+01	4.88464e-10
4.55212e+01	4.73175e-10
4.55848e+01	4.58369e-10
4.56484e+01	4.44032e-10
4.57119e+01	4.30148e-10
4.57755e+01	4.16703e-10
4.58391e+01	4.03683e-10
4.59027e+01	3.91076e-10
4.59662e+01	3.78868e-10
4.60298e+01	3.67046e-10
4.60934e+01	3.55599e-10
4.61570e+01	3.44514e-10
4.62205e+01	3.33779e-10
4.62841e+01	3.23384e-10
4.63477e+01	3.13317e-10
4.64113e+01	3.03569e-10
4.64749e+01	2.94128e-10
4.65384e+01	2.84985e-10
4.66020e+01	2.76130e-10
4.66656e+01	2.67554e-10
4.67292e+01	2.59249e-10
4.67927e+01	2.51205e-10
4.68563e+01	2.43415e-10
4.69199e+01	2.35870e-10
4.69835e+01	2.28562e-10
4.70470e+01	2.21483e-10
4.71106e+01	2.14627e-10
4.71742e+01	2.07987e-10
4.72378e+01	2.01555e-10
4.73014e+01	1.95325e-10
4.73649e+01	1.89290e-10
4.74285e+01	1.83444e-10
4.74921e+01	1.77782e-10
4.75557e+01	1.72297e-10
4.76192e+01	1.66984e-10
4.76828e+01	1.61837e-10
4.77464e+01	1.56851e-10
4.78100e+01	1.52021e-10
4.78735e+01	1.47341e-10
4.79371e+01	1.42809e-10
4.80007e+01	1.38417e-10
4.80643e+01	1.34163e-10
4.81279e+01	1.30041e-10
4.81914e+01	1.26048e-10
4.82550e+01	1.22179e-10
4.83186e+01	1.18431e-10
4.83822e+01	1.14800e-10
4.84457e+01	1.11281e-10
4.85093e+01	1.07872e-10
4.85729e+01	1.04570e-10
4.86365e+01	1.01369e-10
4.87001e+01	9.82683e-11
4.87636e+01	9.52637e-11
4.88272e+01	9.23523e-11
4.88908e+01	8.95312e-11
4.89544e+01	8.67976e-11
4.90179e+01	8.41487e-11
4.90815e+01	8.15818e-11
4.91451e+01	7.90944e-11
4.92087e+01	7.66839e-11
4.92722e+01	7.43480e-11
4.93358e+01	7.20842e-11
4.93994e+01	6.98903e-11
4.94630e+01	6.77642e-11
4.95266e+01	6.57036e-11
4.95901e+01	6.37066e-11
4.96537e+01	6.17712e-11
4.97173e+01	5.98954e-11
4.97809e+01	5.80773e-11
4.98444e+01	5.63152e-11
4.99080e+01	5.46073e-11
4.99716e+01	5.29519e-11
5.00352e+01	5.13474e-11
5.00987e+01	4.97922e-11
5.01623e+01	4.82846e-11
5.02259e+01	4.68233e-11
5.02895e+01	4.54069e-11
5.03531e+01	4.40338e-11
5.04166e+01	4.27027e-11
5.04802e+01	4.14124e-11
5.05438e+01	4.01616e-11
5.06074e+01	3.89490e-11
5.06709e+01	3.77735e-11
5.07345e+01	3.66340e-11
5.07981e+01	3.55292e-11
5.08617e+01	3.44581e-11
5.09252e+01	3.34198e-11
5.09888e+01	3.24131e-11
5.10524e+01	3.14371e-11
5.11160e+01	3.04909e-11
5.11796e+01	2.95735e-11
5.12431e+01	2.86841e-11
5.13067e+01	2.78217e-11
5.13703e+01	2.69856e-11
5.14339e+01	2.61749e-11
5.14974e+01	2.53889e-11
5.15610e+01	2.46268e-11
5.16246e+01	2.38878e-11
5.16882e+01	2.31713e-11
5.17518e+01	2.24765e-11
5.18153e+01	2.18028e-11
5.18789e+01	2.11495e-11
5.19425e+01	2.05160e-11
5.20061e+01	1.99016e-11
5.20696e+01	1.93059e-11
5.21332e+01	1.87282e-11
5.21968e+01	1.81679e-11
5.22604e+01	1.76246e-11
5.23239e+01	1.70978e-11
5.23875e+01	1.65868e-11
5.24511e+01	1.60914e-11
5.25147e+01	1.56108e-11
5.25783e+01	1.51448e-11
5.26418e+01	1.46929e-11
5.27054e+01	1.42546e-11
5.27690e+01	1.38295e-11
5.28326e+01	1.34172e-11
5.28961e+01	1.30174e-11
5.29597e+01	1.26296e-11
5.30233e+01	1.22535e-11
5.30869e+01	1.18887e-11
5.31504e+01	1.15349e-11
5.32140e+01	1.11918e-11
5.32776e+01	1.08590e-11
5.33412e+01	1.05362e-11
5.34048e+01	1.02231e-11
5.34683e+01	9.91938e-12
5.35319e+01	9.62482e-12
5.35955e+01	9.33911e-12
5.36591e+01	9.06198e-12
5.37226e+01	8.79317e-12
5.37862e+01	8.53243e-12
5.38498e+01	8.27952e-12
5.39134e+01	8.03419e-12
5.39769e+01	7.79622e-12
5.40405e+01	7.56539e-12
5.41041e+01	7.34147e-12
5.41677e+01	7.12426e-12
5.42313e+01	6.91356e-12
5.42948e+01	6.70916e-12
5.43584e+01	6.51088e-12
5.44220e+01	6.31854e-12
5.44856e+01	6.13195e-12
5.45491e+01	5.95094e-12
5.46127e+01	5.77534e-12
5.46763e+01	5.60499e-12
5.47399e+01	5.43972e-12
5.48035e+01	5.27940e-12
5.48670e+01	5.12386e-12
5.49306e+01	4.97296e-12
5.49942e+01	4.82656e-12
5.50578e+01	4.68454e-12
5.51213e+01	4.54675e-12
5.51849e+01	4.41307e-12
5.52485e+01	4.28337e-12
5.53121e+01	4.15754e-12
5.53756e+01	4.03546e-12
5.54392e+01	3.91701e-12
5.55028e+01	3.80209e-12
5.55664e+01	3.69059e-12
5.56300e+01	3.58241e-12
5.56935e+01	3.47744e-12
5.57571e+01	3.37560e-12
5.58207e+01	3.27678e-12
5.58843e+01	3.18091e-12
5.59478e+01	3.08789e-12
5.60114e+01	2.99763e-12
5.60750e+01	2.91006e-12
5.61386e+01	2.82508e-12
5.62021e+01	2.74263e-12
5.62657e+01	2.66264e-12
5.63293e+01	2.58501e-12
5.63929e+01	2.50969e-12
5.64565e+01	2.43661e-12
5.65200e+01	2.36569e-12
5.65836e+01	2.29688e-12
5.66472e+01	2.23011e-12
5.67108e+01	2.16532e-12
5.67743e+01	2.10245e-12
5.68379e+01	2.04145e-12
5.69015e+01	1.98225e-12
5.69651e+01	1.92481e-12
5.70287e+01	1.86907e-12
5.70922e+01	1.81498e-12
5.71558e+01	1.76250e-12
5.72194e+01	1.71157e-12
5.72830e+01	1.66215e-12
5.73465e+01	1.61419e-12
5.74101e+01	1.56766e-12
5.74737e+01	1.52250e-12
5.75373e+01	1.47869e-12
5.76008e+01	1.43617e-12
5.76644e+01	1.39491e-12
5.77280e+01	1.35488e-12
5.77916e+01	1.31603e-12
5.78552e+01	1.27834e-12
5.79187e+01	1.24176e-12
5.79823e+01	1.20627e-12
5.80459e+01	1.17183e-12
5.81095e+01	1.13841e-12
5.81730e+01	1.10599e-12
5.82366e+01	1.07453e-12
5.83002e+01	1.04400e-12
5.83638e+01	1.01439e-12
5.84273e+01	9.85652e-13
5.84909e+01	9.57772e-13
5.85545e+01	9.30723e-13
5.86181e+01	9.04481e-13
5.86817e+01	8.79021e-13
5.87452e+01	8.54323e-13
5.88088e+01	8.30362e-13
5.88724e+01	8.07119e-13
5.89360e+01	7.84573e-13
5.89995e+01	7.62702e-13
5.90631e+01	7.41489e-13
5.91267e+01	7.20914e-13
5.91903e+01	7.00958e-13
5.92538e+01	6.81605e-13
5.93174e+01	6.62836e-13
5.93810e+01	6.44636e-13
5.94446e+01	6.26987e-13
5.95082e+01	6.09875e-13
5.95717e+01	5.93284e-13
5.96353e+01	5.77200e-13
5.96989e+01	5.61608e-13
5.97625e+01	5.46495e-13
5.98260e+01	5.31847e-13
5.98896e+01	5.17650e-13
5.99532e+01	5.03894e-13
6.00168e+01	4.90565e-13
6.00804e+01	4.77652e-13
6.01439e+01	4.65143e-13
6.02075e+01	4.53028e-13
6.02711e+01	4.41295e-13
6.03347e+01	4.29934e-13
6.03982e+01	4.18935e-13
6.04618e+01	4.08289e-13
6.05254e+01	3.97986e-13
6.05890e+01	3.88017e-13
6.06525e+01	3.78374e-13
6.07161e+01	3.69048e-13
6.07797e+01	3.60030e-13
6.08433e+01	3.51314e-13
6.09069e+01	3.42891e-13
6.09704e+01	3.34754e-13
6.10340e+01	3.26896e-13
6.10976e+01	3.19310e-13
6.11612e+01	3.11990e-13
6.12247e+01	3.04928e-13
6.12883e+01	2.98119e-13
6.13519e+01	2.91557e-13
6.14155e+01	2.85235e-13
6.14790e+01	2.79149e-13
6.15426e+01	2.73293e-13
6.16062e+01	2.67661e-13
6.16698e+01	2.62250e-13
6.17334e+01	2.57052e-13
6.17969e+01	2.52066e-13
6.18605e+01	2.47284e-13
6.19241e+01	2.42704e-13
6.19877e+01	2.38322e-13
6.20512e+01	2.34132e-13
6.21148e+01	2.30132e-13
6.21784e+01	2.26317e-13
6.22420e+01	2.22684e-13
6.23055e+01	2.19230e-13
6.23691e+01	2.15951e-13
6.24327e+01	2.12845e-13
6.24963e+01	2.09907e-13
6.25599e+01	2.07136e-13
6.26234e+01	2.04528e-13
6.26870e+01	2.02081e-13
6.27506e+01	1.99793e-13
6.28142e+01	1.97659e-13
6.28777e+01	1.95680e-13
6.29413e+01	1.93852e-13
6.30049e+01	1.92172e-13
6.30685e+01	1.90640e-13
6.31321e+01	1.89252e-13
6.31956e+01	1.88008e-13
6.32592e+01	1.86905e-13
6.33228e+01	1.85942e-13
6.33864e+01	1.85117e-13
6.34499e+01	1.84428e-13
6.35135e+01	1.83875e-13
6.35771e+01	1.83450e-13
