# The ell = 1 distribution, the first anisotropy.
# E_N [Td]	4.00000e+00
# col_1: Electron Energy [eV], col_2: f1 [eV^(-3/2)]
eV	f1
1.03707e-02	9.13500e-05
2.07415e-02	1.44741e-04
3.11122e-02	1.94058e-04
4.14829e-02	2.45064e-04
5.18537e-02	2.81574e-04
6.22244e-02	3.15088e-04
7.25951e-02	3.45619e-04
8.29658e-02	3.71470e-04
9.33366e-02	3.97562e-04
1.03707e-01	4.19548e-04
1.14078e-01	4.43212e-04
1.24449e-01	4.62947e-04
1.34820e-01	4.84733e-04
1.45190e-01	5.04386e-04
1.55561e-01	5.24509e-04
1.65932e-01	5.43431e-04
1.76302e-01	5.63593e-04
1.86673e-01	5.82902e-04
1.97044e-01	6.02529e-04
2.07415e-01	6.21513e-04
2.17785e-01	6.41345e-04
2.28156e-01	6.60576e-04
2.38527e-01	6.80149e-04
2.48898e-01	6.99057e-04
2.59268e-01	7.18771e-04
2.69639e-01	7.38037e-04
2.80010e-01	7.57512e-04
2.90380e-01	7.76473e-04
3.00751e-01	7.93454e-04
3.11122e-01	8.07382e-04
3.21493e-01	8.18458e-04
3.31863e-01	8.27697e-04
3.42234e-01	8.37030e-04
3.52605e-01	8.46237e-04
3.62976e-01	8.55096e-04
3.73346e-01	8.64539e-04
3.83717e-01	8.74396e-04
3.94088e-01	8.85010e-04
4.04459e-01	8.95989e-04
4.14829e-01	9.07192e-04
4.25200e-01	9.20247e-04
4.35571e-01	9.35309e-04
4.45941e-01	9.51992e-04
4.56312e-01	9.69750e-04
4.66683e-01	9.88483e-04
4.77054e-01	1.01048e-03
4.87424e-01	1.03513e-03
4.97795e-01	1.06175e-03
5.08166e-01	1.08973e-03
5.18537e-01	1.11914e-03
5.28907e-01	1.15518e-03
5.39278e-01	1.19636e-03
5.49649e-01	1.24119e-03
5.60019e-01	1.28932e-03
5.70390e-01	1.33856e-03
5.80761e-01	1.39688e-03
5.91132e-01	1.46191e-03
6.01502e-01	1.53152e-03
6.11873e-01	1.60523e-03
6.22244e-01	1.68058e-03
6.32615e-01	1.76451e-03
6.42985e-01	1.85903e-03
6.53356e-01	1.96112e-03
6.63727e-01	2.06880e-03
6.74098e-01	2.18038e-03
6.84468e-01	2.29688e-03
6.94839e-01	2.43989e-03
7.05210e-01	2.61059e-03
7.15580e-01	2.80293e-03
7.25951e-01	3.01280e-03
7.36322e-01	3.23538e-03
7.46693e-01	3.46725e-03
7.57063e-01	3.74553e-03
7.67434e-01	4.05941e-03
7.77805e-01	4.40039e-03
7.88176e-01	4.76070e-03
7.98546e-01	5.13366e-03
8.08917e-01	5.52227e-03
8.19288e-01	5.92636e-03
8.29658e-01	6.34058e-03
8.40029e-01	6.76047e-03
8.50400e-01	7.18216e-03
8.60771e-01	7.60254e-03
8.71141e-01	8.03748e-03
8.81512e-01	8.50712e-03
8.91883e-01	9.00381e-03
9.02254e-01	9.52119e-03
9.12624e-01	1.00533e-02
9.22995e-01	1.05949e-02
9.33366e-01	1.11619e-02
9.43737e-01	1.17818e-02
9.54107e-01	1.24507e-02
9.64478e-01	1.31581e-02
9.74849e-01	1.38932e-02
9.85219e-01	1.46483e-02
9.95590e-01	1.54124e-02
1.00596e+00	1.62653e-02
1.01633e+00	1.72005e-02
1.02670e+00	1.81976e-02
1.03707e+00	1.92381e-02
1.04744e+00	2.03067e-02
1.05781e+00	2.13907e-02
1.06819e+00	2.24936e-02
1.07856e+00	2.36599e-02
1.08893e+00	2.48717e-02
1.09930e+00	2.61130e-02
1.10967e+00	2.73705e-02
1.12004e+00	2.86330e-02
1.13041e+00	2.98912e-02
1.14078e+00	3.11366e-02
1.15115e+00	3.23823e-02
1.16152e+00	3.36484e-02
1.17189e+00	3.49283e-02
1.18226e+00	3.62153e-02
1.19263e+00	3.75042e-02
1.20300e+00	3.87866e-02
1.21338e+00	4.00606e-02
1.22375e+00	4.13306e-02
1.23412e+00	4.26708e-02
1.24449e+00	4.40678e-02
1.25486e+00	4.55069e-02
1.26523e+00	4.69739e-02
1.27560e+00	4.84549e-02
1.28597e+00	4.99370e-02
1.29634e+00	5.13945e-02
1.30671e+00	5.29781e-02
1.31708e+00	5.47346e-02
1.32745e+00	5.66242e-02
1.33782e+00	5.86101e-02
1.34820e+00	6.06590e-02
1.35857e+00	6.27414e-02
1.36894e+00	6.48304e-02
1.37931e+00	6.69234e-02
1.38968e+00	6.89339e-02
1.40005e+00	7.08526e-02
1.41042e+00	7.26826e-02
1.42079e+00	7.44266e-02
1.43116e+00	7.60877e-02
1.44153e+00	7.76661e-02
1.45190e+00	7.91645e-02
1.46227e+00	8.06484e-02
1.47264e+00	8.21505e-02
1.48301e+00	8.36590e-02
1.49339e+00	8.51697e-02
1.50376e+00	8.66791e-02
1.51413e+00	8.81761e-02
1.52450e+00	8.96558e-02
1.53487e+00	9.10954e-02
1.54524e+00	9.25357e-02
1.55561e+00	9.42256e-02
1.56598e+00	9.61206e-02
1.57635e+00	9.81748e-02
1.58672e+00	1.00339e-01
1.59709e+00	1.02563e-01
1.60746e+00	1.04808e-01
1.61783e+00	1.07042e-01
1.62820e+00	1.09234e-01
1.63858e+00	1.11300e-01
1.64895e+00	1.13157e-01
1.65932e+00	1.14807e-01
1.66969e+00	1.16236e-01
1.68006e+00	1.17424e-01
1.69043e+00	1.18385e-01
1.70080e+00	1.19134e-01
1.71117e+00	1.19684e-01
1.72154e+00	1.20036e-01
1.73191e+00	1.20104e-01
1.74228e+00	1.19856e-01
1.75265e+00	1.19286e-01
1.76302e+00	1.18356e-01
1.77340e+00	1.17109e-01
1.78377e+00	1.15586e-01
1.79414e+00	1.13805e-01
1.80451e+00	1.11736e-01
1.81488e+00	1.09422e-01
1.82525e+00	1.06926e-01
1.83562e+00	1.04317e-01
1.84599e+00	1.01376e-01
1.85636e+00	9.81593e-02
1.86673e+00	9.46740e-02
1.87710e+00	9.08673e-02
1.88747e+00	8.67430e-02
1.89784e+00	8.23757e-02
1.90821e+00	7.78430e-02
1.91859e+00	7.31963e-02
1.92896e+00	6.85346e-02
1.93933e+00	6.39338e-02
1.94970e+00	5.94176e-02
1.96007e+00	5.50805e-02
1.97044e+00	5.09353e-02
1.98081e+00	4.69834e-02
1.99118e+00	4.32218e-02
2.00155e+00	3.96494e-02
2.01192e+00	3.62509e-02
2.02229e+00	3.30944e-02
2.03266e+00	3.02044e-02
2.04303e+00	2.75961e-02
2.05340e+00	2.52466e-02
2.06378e+00	2.31297e-02
2.07415e+00	2.12159e-02
2.08452e+00	1.94888e-02
2.09489e+00	1.79303e-02
2.10526e+00	1.65222e-02
2.11563e+00	1.52269e-02
2.12600e+00	1.39922e-02
2.13637e+00	1.28244e-02
2.14674e+00	1.17210e-02
2.15711e+00	1.06902e-02
2.16748e+00	9.73698e-03
2.17785e+00	8.85650e-03
2.18822e+00	8.04413e-03
2.19859e+00	7.29544e-03
2.20897e+00	6.60935e-03
2.21934e+00	5.98272e-03
2.22971e+00	5.41457e-03
2.24008e+00	4.89939e-03
2.25045e+00	4.43580e-03
2.26082e+00	4.01764e-03
2.27119e+00	3.64027e-03
2.28156e+00	3.30001e-03
2.29193e+00	2.99383e-03
2.30230e+00	2.71808e-03
2.31267e+00	2.46579e-03
2.32304e+00	2.23725e-03
2.33341e+00	2.02979e-03
2.34379e+00	1.84040e-03
2.35416e+00	1.66930e-03
2.36453e+00	1.51326e-03
2.37490e+00	1.37144e-03
2.38527e+00	1.24252e-03
2.39564e+00	1.12535e-03
2.40601e+00	1.02120e-03
2.41638e+00	9.29205e-04
2.42675e+00	8.46111e-04
2.43712e+00	7.69707e-04
2.44749e+00	6.99337e-04
2.45786e+00	6.34854e-04
2.46823e+00	5.75495e-04
2.47860e+00	5.21120e-04
2.48898e+00	4.71607e-04
2.49935e+00	4.26990e-04
2.50972e+00	3.86891e-04
2.52009e+00	3.50453e-04
2.53046e+00	3.17295e-04
2.54083e+00	2.87628e-04
2.55120e+00	2.61056e-04
2.56157e+00	2.37121e-04
2.57194e+00	2.15549e-04
2.58231e+00	1.95959e-04
2.59268e+00	1.78565e-04
2.60305e+00	1.62883e-04
2.61342e+00	1.48548e-04
2.62379e+00	1.35478e-04
2.63417e+00	1.23505e-04
2.64454e+00	1.12527e-04
2.65491e+00	1.02561e-04
2.66528e+00	9.35117e-05
2.67565e+00	8.52926e-05
2.68602e+00	7.77912e-05
2.69639e+00	7.09445e-05
2.70676e+00	6.47479e-05
2.71713e+00	5.92030e-05
2.72750e+00	5.42779e-05
2.73787e+00	4.99128e-05
2.74824e+00	4.60416e-05
2.75861e+00	4.25980e-05
2.76899e+00	3.94608e-05
2.77936e+00	3.65624e-05
2.78973e+00	3.38875e-05
2.80010e+00	3.14335e-05
2.81047e+00	2.91813e-05
2.82084e+00	2.70934e-05
2.83121e+00	2.51334e-05
2.84158e+00	2.32849e-05
2.85195e+00	2.15558e-05
2.86232e+00	1.99245e-05
2.87269e+00	1.83711e-05
2.88306e+00	1.68957e-05
2.89343e+00	1.55521e-05
2.90380e+00	1.43311e-05
2.91418e+00	1.32219e-05
2.92455e+00	1.22139e-05
2.93492e+00	1.12989e-05
2.94529e+00	1.04694e-05
2.95566e+00	9.71615e-06
2.96603e+00	9.03482e-06
2.97640e+00	8.42057e-06
2.98677e+00	7.87106e-06
2.99714e+00	7.36895e-06
3.00751e+00	6.91004e-06
3.01788e+00	6.48250e-06
3.02825e+00	6.08091e-06
3.03862e+00	5.70362e-06
3.04899e+00	5.34865e-06
3.05937e+00	5.01509e-06
3.06974e+00	4.70225e-06
3.08011e+00	4.40866e-06
3.09048e+00	4.13275e-06
3.10085e+00	3.87518e-06
3.11122e+00	3.63685e-06
3.12159e+00	3.41599e-06
3.13196e+00	3.21165e-06
3.14233e+00	3.02345e-06
3.15270e+00	2.84964e-06
3.16307e+00	2.68804e-06
3.17344e+00	2.53637e-06
3.18381e+00	2.39365e-06
3.19419e+00	2.25929e-06
3.20456e+00	2.13280e-06
3.21493e+00	2.01345e-06
3.22530e+00	1.90119e-06
3.23567e+00	1.79537e-06
3.24604e+00	1.69543e-06
3.25641e+00	1.60089e-06
3.26678e+00	1.51158e-06
3.27715e+00	1.42781e-06
3.28752e+00	1.34936e-06
3.29789e+00	1.27602e-06
3.30826e+00	1.20756e-06
3.31863e+00	1.14381e-06
3.32900e+00	1.08463e-06
3.33938e+00	1.02936e-06
3.34975e+00	9.77683e-07
3.36012e+00	9.29390e-07
3.37049e+00	8.84284e-07
3.38086e+00	8.42067e-07
3.39123e+00	8.02485e-07
3.40160e+00	7.65387e-07
3.41197e+00	7.30575e-07
3.42234e+00	6.97747e-07
3.43271e+00	6.66474e-07
3.44308e+00	6.36831e-07
3.45345e+00	6.08745e-07
3.46382e+00	5.82136e-07
3.47419e+00	5.56930e-07
3.48457e+00	5.33072e-07
3.49494e+00	5.10513e-07
3.50531e+00	4.89238e-07
3.51568e+00	4.69054e-07
3.52605e+00	4.49900e-07
3.53642e+00	4.31724e-07
3.54679e+00	4.14436e-07
3.55716e+00	3.97968e-07
3.56753e+00	3.82173e-07
3.57790e+00	3.67054e-07
3.58827e+00	3.52534e-07
3.59864e+00	3.38613e-07
3.60901e+00	3.25300e-07
3.61939e+00	3.12572e-07
3.62976e+00	3.00388e-07
3.64013e+00	2.88722e-07
3.65050e+00	2.77553e-07
3.66087e+00	2.66857e-07
3.67124e+00	2.56625e-07
3.68161e+00	2.46846e-07
3.69198e+00	2.37496e-07
3.70235e+00	2.28556e-07
3.71272e+00	2.20005e-07
3.72309e+00	2.11851e-07
3.73346e+00	2.04089e-07
3.74383e+00	1.96710e-07
3.75420e+00	1.89700e-07
3.76458e+00	1.83039e-07
3.77495e+00	1.76718e-07
3.78532e+00	1.70733e-07
3.79569e+00	1.65071e-07
3.80606e+00	1.59713e-07
3.81643e+00	1.54645e-07
3.82680e+00	1.49857e-07
3.83717e+00	1.45336e-07
3.84754e+00	1.41069e-07
3.85791e+00	1.37038e-07
3.86828e+00	1.33209e-07
3.87865e+00	1.29525e-07
3.88902e+00	1.25973e-07
3.89939e+00	1.22561e-07
3.90977e+00	1.19277e-07
3.92014e+00	1.16116e-07
3.93051e+00	1.13074e-07
3.94088e+00	1.10143e-07
3.95125e+00	1.07325e-07
3.96162e+00	1.04617e-07
3.97199e+00	1.02012e-07
3.98236e+00	9.95093e-08
3.99273e+00	9.71040e-08
4.00310e+00	9.47793e-08
4.01347e+00	9.25350e-08
4.02384e+00	9.03677e-08
4.03421e+00	8.82603e-08
4.04459e+00	8.62032e-08
4.05496e+00	8.41951e-08
4.06533e+00	8.22348e-08
4.07570e+00	8.03227e-08
4.08607e+00	7.84555e-08
4.09644e+00	7.66327e-08
4.10681e+00	7.48530e-08
4.11718e+00	7.31153e-08
4.12755e+00	7.14184e-08
4.13792e+00	6.97605e-08
4.14829e+00	6.81406e-08
4.15866e+00	6.65576e-08
4.16903e+00	6.50106e-08
4.17940e+00	6.34989e-08
4.18978e+00	6.20215e-08
4.20015e+00	6.05773e-08
4.21052e+00	5.91650e-08
4.22089e+00	5.77839e-08
4.23126e+00	5.64331e-08
4.24163e+00	5.51121e-08
4.25200e+00	5.38202e-08
4.26237e+00	5.25545e-08
4.27274e+00	5.13145e-08
4.28311e+00	5.00991e-08
4.29348e+00	4.89076e-08
4.30385e+00	4.77395e-08
4.31422e+00	4.65943e-08
4.32459e+00	4.54713e-08
4.33497e+00	4.43701e-08
4.34534e+00	4.32902e-08
4.35571e+00	4.22310e-08
4.36608e+00	4.11923e-08
4.37645e+00	4.01743e-08
4.38682e+00	3.91764e-08
4.39719e+00	3.81980e-08
4.40756e+00	3.72395e-08
4.41793e+00	3.63010e-08
4.42830e+00	3.53797e-08
4.43867e+00	3.44806e-08
4.44904e+00	3.35989e-08
4.45941e+00	3.27359e-08
4.46979e+00	3.18910e-08
4.48016e+00	3.10636e-08
4.49053e+00	3.02533e-08
4.50090e+00	2.94595e-08
4.51127e+00	2.86817e-08
4.52164e+00	2.79196e-08
4.53201e+00	2.71729e-08
4.54238e+00	2.64444e-08
4.55275e+00	2.57357e-08
4.56312e+00	2.50465e-08
4.57349e+00	2.43762e-08
4.58386e+00	2.37243e-08
4.59423e+00	2.30903e-08
4.60460e+00	2.24736e-08
4.61498e+00	2.18738e-08
4.62535e+00	2.12903e-08
4.63572e+00	2.07251e-08
4.64609e+00	2.01781e-08
4.65646e+00	1.96487e-08
4.66683e+00	1.91366e-08
4.67720e+00	1.86411e-08
4.68757e+00	1.81619e-08
4.69794e+00	1.76985e-08
4.70831e+00	1.72504e-08
4.71868e+00	1.68173e-08
4.72905e+00	1.63988e-08
4.73942e+00	1.59945e-08
4.74979e+00	1.56039e-08
4.76017e+00	1.52268e-08
4.77054e+00	1.48628e-08
4.78091e+00	1.45115e-08
4.79128e+00	1.41727e-08
4.80165e+00	1.38460e-08
4.81202e+00	1.35310e-08
4.82239e+00	1.32277e-08
4.83276e+00	1.29371e-08
4.84313e+00	1.26592e-08
4.85350e+00	1.23938e-08
4.86387e+00	1.21406e-08
4.87424e+00	1.18992e-08
4.88461e+00	1.16693e-08
4.89499e+00	1.14506e-08
4.90536e+00	1.12430e-08
4.91573e+00	1.10459e-08
4.92610e+00	1.08573e-08
4.93647e+00	1.06761e-08
4.94684e+00	1.05020e-08
4.95721e+00	1.03345e-08
4.96758e+00	1.01732e-08
4.97795e+00	1.00179e-08
4.98832e+00	9.86841e-09
4.99869e+00	9.72456e-09
5.00906e+00	9.58637e-09
5.01943e+00	9.45236e-09
5.02980e+00	9.32381e-09
5.04018e+00	9.19925e-09
5.05055e+00	9.07866e-09
5.06092e+00	8.96196e-09
5.07129e+00	8.84906e-09
5.08166e+00	8.73986e-09
5.09203e+00	8.63427e-09
5.10240e+00	8.53217e-09
5.11277e+00	8.43317e-09
5.12314e+00	8.33569e-09
5.13351e+00	8.23938e-09
5.14388e+00	8.14418e-09
5.15425e+00	8.05008e-09
5.16462e+00	7.95704e-09
5.17499e+00	7.86508e-09
5.18537e+00	7.77416e-09
5.19574e+00	7.68429e-09
5.20611e+00	7.59545e-09
5.21648e+00	7.50763e-09
5.22685e+00	7.42082e-09
5.23722e+00	7.33500e-09
5.24759e+00	7.25015e-09
5.25796e+00	7.16629e-09
5.26833e+00	7.08339e-09
5.27870e+00	7.00145e-09
5.28907e+00	6.92045e-09
5.29944e+00	6.84038e-09
5.30981e+00	6.76123e-09
5.32019e+00	6.68299e-09
5.33056e+00	6.60566e-09
5.34093e+00	6.52921e-09
5.35130e+00	6.45366e-09
5.36167e+00	6.37897e-09
5.37204e+00	6.30515e-09
5.38241e+00	6.23218e-09
5.39278e+00	6.16005e-09
5.40315e+00	6.08876e-09
5.41352e+00	6.01829e-09
5.42389e+00	5.94863e-09
5.43426e+00	5.87978e-09
5.44463e+00	5.81173e-09
5.45500e+00	5.74447e-09
5.46538e+00	5.67798e-09
5.47575e+00	5.61227e-09
5.48612e+00	5.54731e-09
5.49649e+00	5.48311e-09
5.50686e+00	5.41966e-09
5.51723e+00	5.35694e-09
5.52760e+00	5.29495e-09
5.53797e+00	5.23368e-09
5.54834e+00	5.17313e-09
5.55871e+00	5.11327e-09
5.56908e+00	5.05412e-09
5.57945e+00	4.99565e-09
5.58982e+00	4.93787e-09
5.60019e+00	4.88075e-09
5.61057e+00	4.82431e-09
5.62094e+00	4.76852e-09
5.63131e+00	4.71338e-09
5.64168e+00	4.65888e-09
5.65205e+00	4.60502e-09
5.66242e+00	4.55178e-09
5.67279e+00	4.49917e-09
5.68316e+00	4.44718e-09
5.69353e+00	4.39578e-09
5.70390e+00	4.34499e-09
5.71427e+00	4.29480e-09
5.72464e+00	4.24519e-09
5.73501e+00	4.19617e-09
5.74539e+00	4.14772e-09
5.75576e+00	4.09985e-09
5.76613e+00	4.05253e-09
5.77650e+00	4.00577e-09
5.78687e+00	3.95956e-09
5.79724e+00	3.91389e-09
5.80761e+00	3.86877e-09
5.81798e+00	3.82417e-09
5.82835e+00	3.78010e-09
5.83872e+00	3.73655e-09
5.84909e+00	3.69351e-09
5.85946e+00	3.65097e-09
5.86983e+00	3.60894e-09
5.88020e+00	3.56740e-09
5.89058e+00	3.52636e-09
5.90095e+00	3.48579e-09
5.91132e+00	3.44572e-09
5.92169e+00	3.40610e-09
5.93206e+00	3.36695e-09
5.94243e+00	3.32827e-09
5.95280e+00	3.29005e-09
5.96317e+00	3.25228e-09
5.97354e+00	3.21496e-09
5.98391e+00	3.17809e-09
5.99428e+00	3.14165e-09
6.00465e+00	3.10564e-09
6.01502e+00	3.07005e-09
6.02539e+00	3.03489e-09
6.03577e+00	3.00028e-09
6.04614e+00	2.96578e-09
6.05651e+00	2.93183e-09
6.06688e+00	2.89827e-09
6.07725e+00	2.86511e-09
6.08762e+00	2.83234e-09
6.09799e+00	2.79997e-09
6.10836e+00	2.76798e-09
6.11873e+00	2.73638e-09
6.12910e+00	2.70515e-09
6.13947e+00	2.67429e-09
6.14984e+00	2.64380e-09
6.16021e+00	2.61368e-09
6.17058e+00	2.58392e-09
6.18096e+00	2.55451e-09
6.19133e+00	2.52546e-09
6.20170e+00	2.49675e-09
6.21207e+00	2.46839e-09
6.22244e+00	2.44036e-09
6.23281e+00	2.41267e-09
6.24318e+00	2.38532e-09
6.25355e+00	2.35829e-09
6.26392e+00	2.33158e-09
6.27429e+00	2.30520e-09
6.28466e+00	2.27913e-09
6.29503e+00	2.25337e-09
6.30540e+00	2.22792e-09
6.31578e+00	2.20277e-09
6.32615e+00	2.17793e-09
6.33652e+00	2.15338e-09
6.34689e+00	2.12913e-09
6.35726e+00	2.10516e-09
6.36763e+00	2.08149e-09
6.37800e+00	2.05810e-09
6.38837e+00	2.03499e-09
6.39874e+00	2.01215e-09
6.40911e+00	1.98959e-09
6.41948e+00	1.96730e-09
6.42985e+00	1.94528e-09
6.44022e+00	1.92352e-09
6.45059e+00	1.90203e-09
6.46097e+00	1.88080e-09
6.47134e+00	1.85982e-09
6.48171e+00	1.83910e-09
6.49208e+00	1.81862e-09
6.50245e+00	1.79839e-09
6.51282e+00	1.77841e-09
6.52319e+00	1.75867e-09
6.53356e+00	1.73916e-09
6.54393e+00	1.71990e-09
6.55430e+00	1.70087e-09
6.56467e+00	1.68206e-09
6.57504e+00	1.66349e-09
6.58541e+00	1.64513e-09
6.59578e+00	1.62700e-09
6.60616e+00	1.60909e-09
6.61653e+00	1.59139e-09
6.62690e+00	1.57391e-09
6.63727e+00	1.55664e-09
6.64764e+00	1.53958e-09
6.65801e+00	1.52273e-09
6.66838e+00	1.50605e-09
6.67875e+00	1.48963e-09
6.68912e+00	1.47338e-09
6.69949e+00	1.45733e-09
6.70986e+00	1.44148e-09
6.72023e+00	1.42582e-09
6.73060e+00	1.41035e-09
6.74098e+00	1.39504e-09
6.75135e+00	1.37988e-09
6.76172e+00	1.36488e-09
6.77209e+00	1.35003e-09
6.78246e+00	1.33532e-09
6.79283e+00	1.32077e-09
6.80320e+00	1.30637e-09
6.81357e+00	1.29210e-09
6.82394e+00	1.27799e-09
6.83431e+00	1.26402e-09
6.84468e+00	1.25019e-09
6.85505e+00	1.23651e-09
6.86542e+00	1.22297e-09
6.87579e+00	1.20956e-09
6.88617e+00	1.19630e-09
6.89654e+00	1.18317e-09
6.90691e+00	1.17017e-09
6.91728e+00	1.15732e-09
6.92765e+00	1.14452e-09
6.93802e+00	1.13215e-09
6.94839e+00	1.11947e-09
6.95876e+00	1.10711e-09
6.96913e+00	1.09486e-09
6.97950e+00	1.08276e-09
6.98987e+00	1.07078e-09
7.00024e+00	1.05893e-09
7.01061e+00	1.04722e-09
7.02098e+00	1.03564e-09
7.03136e+00	1.02420e-09
7.04173e+00	1.01289e-09
7.05210e+00	1.00171e-09
7.06247e+00	9.90637e-10
7.07284e+00	9.79800e-10
7.08321e+00	9.68961e-10
7.09358e+00	9.58233e-10
7.10395e+00	9.47664e-10
7.11432e+00	9.37216e-10
7.12469e+00	9.26891e-10
7.13506e+00	9.16688e-10
7.14543e+00	9.06604e-10
7.15580e+00	8.96640e-10
7.16618e+00	8.86792e-10
7.17655e+00	8.77061e-10
7.18692e+00	8.67444e-10
7.19729e+00	8.57941e-10
7.20766e+00	8.48549e-10
7.21803e+00	8.39269e-10
7.22840e+00	8.30101e-10
7.23877e+00	8.21054e-10
7.24914e+00	8.12125e-10
7.25951e+00	8.03314e-10
7.26988e+00	7.94618e-10
7.28025e+00	7.86035e-10
7.29062e+00	7.77563e-10
7.30099e+00	7.69202e-10
7.31137e+00	7.60948e-10
7.32174e+00	7.52801e-10
7.33211e+00	7.44759e-10
7.34248e+00	7.36820e-10
7.35285e+00	7.28982e-10
7.36322e+00	7.21244e-10
7.37359e+00	7.13563e-10
7.38396e+00	7.05920e-10
7.39433e+00	6.98317e-10
7.40470e+00	6.90757e-10
7.41507e+00	6.83239e-10
7.42544e+00	6.75765e-10
7.43581e+00	6.68335e-10
7.44618e+00	6.60951e-10
7.45656e+00	6.53612e-10
7.46693e+00	6.46319e-10
7.47730e+00	6.39074e-10
7.48767e+00	6.31879e-10
7.49804e+00	6.24736e-10
7.50841e+00	6.17643e-10
7.51878e+00	6.10604e-10
7.52915e+00	6.03613e-10
7.53952e+00	5.96670e-10
7.54989e+00	5.89772e-10
7.56026e+00	5.82921e-10
7.57063e+00	5.76117e-10
7.58100e+00	5.69360e-10
7.59138e+00	5.62651e-10
7.60175e+00	5.55990e-10
7.61212e+00	5.49376e-10
7.62249e+00	5.42810e-10
7.63286e+00	5.36293e-10
7.64323e+00	5.29825e-10
7.65360e+00	5.23406e-10
7.66397e+00	5.17038e-10
7.67434e+00	5.10721e-10
7.68471e+00	5.04455e-10
7.69508e+00	4.98240e-10
7.70545e+00	4.92078e-10
7.71582e+00	4.85968e-10
7.72619e+00	4.79912e-10
7.73657e+00	4.73908e-10
7.74694e+00	4.67959e-10
7.75731e+00	4.62033e-10
7.76768e+00	4.56121e-10
7.77805e+00	4.50224e-10
7.78842e+00	4.44336e-10
7.79879e+00	4.38453e-10
7.80916e+00	4.32566e-10
7.81953e+00	4.26677e-10
7.82990e+00	4.20788e-10
7.84027e+00	4.14892e-10
7.85064e+00	4.08994e-10
7.86101e+00	4.03097e-10
7.87138e+00	3.97203e-10
7.88176e+00	3.91315e-10
7.89213e+00	3.85436e-10
7.90250e+00	3.79568e-10
7.91287e+00	3.73716e-10
7.92324e+00	3.67881e-10
7.93361e+00	3.62067e-10
7.94398e+00	3.56277e-10
7.95435e+00	3.50513e-10
7.96472e+00	3.44778e-10
7.97509e+00	3.39074e-10
7.98546e+00	3.33400e-10
7.99583e+00	3.27756e-10
8.00620e+00	3.22144e-10
8.01658e+00	3.16567e-10
8.02695e+00	3.11023e-10
8.03732e+00	3.05510e-10
8.04769e+00	3.00031e-10
8.05806e+00	2.94587e-10
8.06843e+00	2.89181e-10
8.07880e+00	2.83815e-10
8.08917e+00	2.78491e-10
8.09954e+00	2.73212e-10
8.10991e+00	2.67977e-10
8.12028e+00	2.62792e-10
8.13065e+00	2.57659e-10
8.14102e+00	2.52576e-10
8.15139e+00	2.47546e-10
8.16177e+00	2.42570e-10
8.17214e+00	2.37651e-10
8.18251e+00	2.32788e-10
8.19288e+00	2.27984e-10
8.20325e+00	2.23239e-10
8.21362e+00	2.18555e-10
8.22399e+00	2.13930e-10
8.23436e+00	2.09352e-10
8.24473e+00	2.04820e-10
8.25510e+00	2.00338e-10
8.26547e+00	1.95907e-10
8.27584e+00	1.91529e-10
8.28621e+00	1.87205e-10
8.29658e+00	1.82934e-10
8.30696e+00	1.78712e-10
8.31733e+00	1.74542e-10
8.32770e+00	1.70424e-10
8.33807e+00	1.66358e-10
8.34844e+00	1.62345e-10
8.35881e+00	1.58385e-10
8.36918e+00	1.54480e-10
8.37955e+00	1.50631e-10
8.38992e+00	1.46839e-10
8.40029e+00	1.43105e-10
8.41066e+00	1.39430e-10
8.42103e+00	1.35814e-10
8.43140e+00	1.32258e-10
8.44178e+00	1.28762e-10
8.45215e+00	1.25328e-10
8.46252e+00	1.21946e-10
8.47289e+00	1.18606e-10
8.48326e+00	1.15312e-10
8.49363e+00	1.12064e-10
8.50400e+00	1.08873e-10
8.51437e+00	1.05742e-10
8.52474e+00	1.02670e-10
8.53511e+00	9.96583e-11
8.54548e+00	9.67090e-11
8.55585e+00	9.38248e-11
8.56622e+00	9.10060e-11
8.57659e+00	8.82521e-11
8.58697e+00	8.55625e-11
8.59734e+00	8.29363e-11
8.60771e+00	8.03730e-11
8.61808e+00	7.78717e-11
8.62845e+00	7.54317e-11
8.63882e+00	7.30522e-11
8.64919e+00	7.07323e-11
8.65956e+00	6.84713e-11
8.66993e+00	6.62681e-11
8.68030e+00	6.41221e-11
8.69067e+00	6.20324e-11
8.70104e+00	5.99981e-11
8.71141e+00	5.80185e-11
8.72178e+00	5.60924e-11
8.73216e+00	5.42190e-11
8.74253e+00	5.23970e-11
8.75290e+00	5.06253e-11
8.76327e+00	4.89030e-11
8.77364e+00	4.72291e-11
8.78401e+00	4.56028e-11
8.79438e+00	4.40230e-11
8.80475e+00	4.24889e-11
8.81512e+00	4.09994e-11
8.82549e+00	3.95537e-11
8.83586e+00	3.81509e-11
8.84623e+00	3.67898e-11
8.85660e+00	3.54698e-11
8.86698e+00	3.41897e-11
8.87735e+00	3.29487e-11
8.88772e+00	3.17459e-11
8.89809e+00	3.05804e-11
8.90846e+00	2.94512e-11
8.91883e+00	2.83575e-11
8.92920e+00	2.72984e-11
8.93957e+00	2.62737e-11
8.94994e+00	2.52803e-11
8.96031e+00	2.43196e-11
8.97068e+00	2.33900e-11
8.98105e+00	2.24913e-11
8.99142e+00	2.16226e-11
9.00179e+00	2.07837e-11
9.01217e+00	1.99740e-11
9.02254e+00	1.91927e-11
9.03291e+00	1.84395e-11
9.04328e+00	1.77139e-11
9.05365e+00	1.70150e-11
9.06402e+00	1.63420e-11
9.07439e+00	1.56940e-11
9.08476e+00	1.50701e-11
9.09513e+00	1.44695e-11
9.10550e+00	1.38914e-11
9.11587e+00	1.33351e-11
9.12624e+00	1.27996e-11
9.13661e+00	1.22845e-11
9.14698e+00	1.17888e-11
9.15736e+00	1.13120e-11
9.16773e+00	1.08533e-11
9.17810e+00	1.04122e-11
9.18847e+00	9.98804e-12
9.19884e+00	9.58014e-12
9.20921e+00	9.18795e-12
9.21958e+00	8.81092e-12
9.22995e+00	8.44849e-12
9.24032e+00	8.10015e-12
9.25069e+00	7.76537e-12
9.26106e+00	7.44368e-12
9.27143e+00	7.13457e-12
9.28180e+00	6.83764e-12
9.29218e+00	6.55238e-12
9.30255e+00	6.27836e-12
9.31292e+00	6.01521e-12
9.32329e+00	5.76251e-12
9.33366e+00	5.51987e-12
9.34403e+00	5.28692e-12
9.35440e+00	5.06329e-12
9.36477e+00	4.84865e-12
9.37514e+00	4.64264e-12
9.38551e+00	4.44494e-12
9.39588e+00	4.25524e-12
9.40625e+00	4.07324e-12
9.41662e+00	3.89864e-12
9.42699e+00	3.73116e-12
9.43737e+00	3.57053e-12
9.44774e+00	3.41648e-12
9.45811e+00	3.26877e-12
9.46848e+00	3.12714e-12
9.47885e+00	2.99137e-12
9.48922e+00	2.86123e-12
9.49959e+00	2.73649e-12
9.50996e+00	2.61694e-12
9.52033e+00	2.50239e-12
9.53070e+00	2.39264e-12
9.54107e+00	2.28749e-12
9.55144e+00	2.18677e-12
9.56181e+00	2.09030e-12
9.57218e+00	1.99790e-12
9.58256e+00	1.90938e-12
9.59293e+00	1.82460e-12
9.60330e+00	1.74340e-12
9.61367e+00	1.66565e-12
9.62404e+00	1.59121e-12
9.63441e+00	1.51993e-12
9.64478e+00	1.45174e-12
9.65515e+00	1.38643e-12
9.66552e+00	1.32393e-12
9.67589e+00	1.26414e-12
9.68626e+00	1.20691e-12
9.69663e+00	1.15214e-12
9.70700e+00	1.09975e-12
9.71738e+00	1.04962e-12
9.72775e+00	1.00168e-12
9.73812e+00	9.55827e-13
9.74849e+00	9.11983e-13
9.75886e+00	8.70064e-13
9.76923e+00	8.29992e-13
9.77960e+00	7.91689e-13
9.78997e+00	7.55083e-13
9.80034e+00	7.20103e-13
9.81071e+00	6.86683e-13
9.82108e+00	6.54759e-13
9.83145e+00	6.24268e-13
9.84182e+00	5.95150e-13
9.85219e+00	5.67349e-13
9.86257e+00	5.40809e-13
9.87294e+00	5.15478e-13
9.88331e+00	4.91304e-13
9.89368e+00	4.68238e-13
9.90405e+00	4.46235e-13
9.91442e+00	4.25248e-13
9.92479e+00	4.05234e-13
9.93516e+00	3.86153e-13
9.94553e+00	3.67963e-13
9.95590e+00	3.50630e-13
9.96627e+00	3.34116e-13
9.97664e+00	3.18386e-13
9.98701e+00	3.03409e-13
9.99738e+00	2.89160e-13
1.00078e+01	2.75597e-13
1.00181e+01	2.62769e-13
1.00285e+01	2.50524e-13
1.00389e+01	2.38859e-13
1.00492e+01	2.27823e-13
1.00596e+01	2.17349e-13
1.00700e+01	2.07415e-13
1.00804e+01	1.97997e-13
1.00907e+01	1.89071e-13
1.01011e+01	1.80618e-13
1.01115e+01	1.72616e-13
1.01218e+01	1.65047e-13
1.01322e+01	1.57890e-13
1.01426e+01	1.51126e-13
1.01529e+01	1.44739e-13
1.01633e+01	1.38711e-13
1.01737e+01	1.33028e-13
1.01841e+01	1.27673e-13
1.01944e+01	1.22633e-13
1.02048e+01	1.17895e-13
1.02152e+01	1.13446e-13
1.02255e+01	1.09274e-13
1.02359e+01	1.05367e-13
1.02463e+01	1.01716e-13
1.02567e+01	9.83099e-14
1.02670e+01	9.51397e-14
1.02774e+01	9.21966e-14
1.02878e+01	8.94721e-14
1.02981e+01	8.69587e-14
1.03085e+01	8.46492e-14
1.03189e+01	8.25372e-14
1.03292e+01	8.06171e-14
1.03396e+01	7.88850e-14
1.03500e+01	7.73345e-14
1.03604e+01	7.60371e-14
1.03707e+01	7.43883e-14
