# The ell = 1 distribution, the first anisotropy.
# E_N [Td]	2.50000e+01
# col_1: Electron Energy [eV], col_2: f1 [eV^(-3/2)]
eV	f1
2.45178e-02	2.15844e-04
4.90355e-02	5.46010e-04
7.35533e-02	7.48262e-04
9.80710e-02	8.85083e-04
1.22589e-01	9.85278e-04
1.47107e-01	1.07488e-03
1.71624e-01	1.16189e-03
1.96142e-01	1.24468e-03
2.20660e-01	1.33098e-03
2.45178e-01	1.41901e-03
2.69695e-01	1.51417e-03
2.94213e-01	1.62222e-03
3.18731e-01	1.74039e-03
3.43249e-01	1.86049e-03
3.67766e-01	1.99299e-03
3.92284e-01	2.14355e-03
4.16802e-01	2.32512e-03
4.41320e-01	2.53906e-03
4.65837e-01	2.78430e-03
4.90355e-01	3.06315e-03
5.14873e-01	3.37008e-03
5.39391e-01	3.72847e-03
5.63909e-01	4.13664e-03
5.88426e-01	4.58591e-03
6.12944e-01	5.08995e-03
6.37462e-01	5.66472e-03
6.61980e-01	6.32338e-03
6.86497e-01	7.06024e-03
7.11015e-01	7.88712e-03
7.35533e-01	8.81510e-03
7.60051e-01	9.79550e-03
7.84568e-01	1.08092e-02
8.09086e-01	1.18400e-02
8.33604e-01	1.28937e-02
8.58122e-01	1.39651e-02
8.82639e-01	1.50538e-02
9.07157e-01	1.62256e-02
9.31675e-01	1.74684e-02
9.56193e-01	1.87975e-02
9.80710e-01	2.02411e-02
1.00523e+00	2.17755e-02
1.02975e+00	2.34242e-02
1.05426e+00	2.51293e-02
1.07878e+00	2.69138e-02
1.10330e+00	2.87020e-02
1.12782e+00	3.04439e-02
1.15233e+00	3.21568e-02
1.17685e+00	3.38366e-02
1.20137e+00	3.54955e-02
1.22589e+00	3.71288e-02
1.25041e+00	3.87539e-02
1.27492e+00	4.04099e-02
1.29944e+00	4.20846e-02
1.32396e+00	4.37135e-02
1.34848e+00	4.54500e-02
1.37299e+00	4.72830e-02
1.39751e+00	4.91496e-02
1.42203e+00	5.08878e-02
1.44655e+00	5.25062e-02
1.47107e+00	5.41025e-02
1.49558e+00	5.56833e-02
1.52010e+00	5.71962e-02
1.54462e+00	5.86457e-02
1.56914e+00	6.02890e-02
1.59365e+00	6.20993e-02
1.61817e+00	6.40554e-02
1.64269e+00	6.60834e-02
1.66721e+00	6.80435e-02
1.69173e+00	7.00009e-02
1.71624e+00	7.19470e-02
1.74076e+00	7.36681e-02
1.76528e+00	7.50108e-02
1.78980e+00	7.59752e-02
1.81431e+00	7.65494e-02
1.83883e+00	7.70234e-02
1.86335e+00	7.72331e-02
1.88787e+00	7.70370e-02
1.91239e+00	7.63612e-02
1.93690e+00	7.51955e-02
1.96142e+00	7.36181e-02
1.98594e+00	7.17693e-02
2.01046e+00	6.96649e-02
2.03497e+00	6.73821e-02
2.05949e+00	6.51304e-02
2.08401e+00	6.29705e-02
2.10853e+00	6.08892e-02
2.13305e+00	5.86695e-02
2.15756e+00	5.64080e-02
2.18208e+00	5.41561e-02
2.20660e+00	5.19241e-02
2.23112e+00	4.97670e-02
2.25563e+00	4.76832e-02
2.28015e+00	4.56839e-02
2.30467e+00	4.37889e-02
2.32919e+00	4.19408e-02
2.35371e+00	4.01534e-02
2.37822e+00	3.83978e-02
2.40274e+00	3.66665e-02
2.42726e+00	3.50945e-02
2.45178e+00	3.34809e-02
2.47629e+00	3.18094e-02
2.50081e+00	3.01863e-02
2.52533e+00	2.86636e-02
2.54985e+00	2.72461e-02
2.57436e+00	2.59522e-02
2.59888e+00	2.47883e-02
2.62340e+00	2.36657e-02
2.64792e+00	2.25546e-02
2.67244e+00	2.14787e-02
2.69695e+00	2.04348e-02
2.72147e+00	1.94415e-02
2.74599e+00	1.85802e-02
2.77051e+00	1.78318e-02
2.79502e+00	1.71046e-02
2.81954e+00	1.64113e-02
2.84406e+00	1.57081e-02
2.86858e+00	1.49872e-02
2.89310e+00	1.42365e-02
2.91761e+00	1.35525e-02
2.94213e+00	1.29364e-02
2.96665e+00	1.23877e-02
2.99117e+00	1.19152e-02
3.01568e+00	1.14899e-02
3.04020e+00	1.10717e-02
3.06472e+00	1.06567e-02
3.08924e+00	1.02491e-02
3.11376e+00	9.85590e-03
3.13827e+00	9.48972e-03
3.16279e+00	9.15596e-03
3.18731e+00	8.83712e-03
3.21183e+00	8.52933e-03
3.23634e+00	8.23241e-03
3.26086e+00	7.94469e-03
3.28538e+00	7.67012e-03
3.30990e+00	7.41513e-03
3.33442e+00	7.18288e-03
3.35893e+00	6.96964e-03
3.38345e+00	6.77438e-03
3.40797e+00	6.59400e-03
3.43249e+00	6.42515e-03
3.45700e+00	6.26322e-03
3.48152e+00	6.10919e-03
3.50604e+00	5.96377e-03
3.53056e+00	5.82578e-03
3.55508e+00	5.69378e-03
3.57959e+00	5.56569e-03
3.60411e+00	5.44183e-03
3.62863e+00	5.32310e-03
3.65315e+00	5.20916e-03
3.67766e+00	5.10006e-03
3.70218e+00	4.99613e-03
3.72670e+00	4.89743e-03
3.75122e+00	4.80523e-03
3.77574e+00	4.71974e-03
3.80025e+00	4.64132e-03
3.82477e+00	4.56973e-03
3.84929e+00	4.50478e-03
3.87381e+00	4.44562e-03
3.89832e+00	4.38906e-03
3.92284e+00	4.33506e-03
3.94736e+00	4.28349e-03
3.97188e+00	4.23433e-03
3.99640e+00	4.18770e-03
4.02091e+00	4.14281e-03
4.04543e+00	4.09901e-03
4.06995e+00	4.05555e-03
4.09447e+00	4.01242e-03
4.11898e+00	3.96961e-03
4.14350e+00	3.92709e-03
4.16802e+00	3.88480e-03
4.19254e+00	3.84275e-03
4.21705e+00	3.80088e-03
4.24157e+00	3.75917e-03
4.26609e+00	3.71752e-03
4.29061e+00	3.67577e-03
4.31513e+00	3.63391e-03
4.33964e+00	3.59193e-03
4.36416e+00	3.54985e-03
4.38868e+00	3.50775e-03
4.41320e+00	3.46561e-03
4.43771e+00	3.42364e-03
4.46223e+00	3.38183e-03
4.48675e+00	3.34029e-03
4.51127e+00	3.29902e-03
4.53579e+00	3.25800e-03
4.56030e+00	3.21774e-03
4.58482e+00	3.17843e-03
4.60934e+00	3.14007e-03
4.63386e+00	3.10272e-03
4.65837e+00	3.06680e-03
4.68289e+00	3.03229e-03
4.70741e+00	2.99915e-03
4.73193e+00	2.96738e-03
4.75645e+00	2.93695e-03
4.78096e+00	2.90785e-03
4.80548e+00	2.88005e-03
4.83000e+00	2.85359e-03
4.85452e+00	2.82877e-03
4.87903e+00	2.80558e-03
4.90355e+00	2.78397e-03
4.92807e+00	2.76386e-03
4.95259e+00	2.74478e-03
4.97711e+00	2.72662e-03
5.00162e+00	2.70930e-03
5.02614e+00	2.69278e-03
5.05066e+00	2.67692e-03
5.07518e+00	2.66164e-03
5.09969e+00	2.64694e-03
5.12421e+00	2.63272e-03
5.14873e+00	2.61861e-03
5.17325e+00	2.60459e-03
5.19777e+00	2.59067e-03
5.22228e+00	2.57685e-03
5.24680e+00	2.56312e-03
5.27132e+00	2.54949e-03
5.29584e+00	2.53596e-03
5.32035e+00	2.52252e-03
5.34487e+00	2.50918e-03
5.36939e+00	2.49593e-03
5.39391e+00	2.48278e-03
5.41843e+00	2.46972e-03
5.44294e+00	2.45676e-03
5.46746e+00	2.44389e-03
5.49198e+00	2.43111e-03
5.51650e+00	2.41843e-03
5.54101e+00	2.40584e-03
5.56553e+00	2.39335e-03
5.59005e+00	2.38094e-03
5.61457e+00	2.36863e-03
5.63909e+00	2.35641e-03
5.66360e+00	2.34427e-03
5.68812e+00	2.33223e-03
5.71264e+00	2.32028e-03
5.73716e+00	2.30842e-03
5.76167e+00	2.29666e-03
5.78619e+00	2.28498e-03
5.81071e+00	2.27340e-03
5.83523e+00	2.26190e-03
5.85974e+00	2.25050e-03
5.88426e+00	2.23918e-03
5.90878e+00	2.22795e-03
5.93330e+00	2.21681e-03
5.95782e+00	2.20576e-03
5.98233e+00	2.19480e-03
6.00685e+00	2.18393e-03
6.03137e+00	2.17315e-03
6.05589e+00	2.16244e-03
6.08040e+00	2.15183e-03
6.10492e+00	2.14129e-03
6.12944e+00	2.13085e-03
6.15396e+00	2.12049e-03
6.17848e+00	2.11022e-03
6.20299e+00	2.10003e-03
6.22751e+00	2.08992e-03
6.25203e+00	2.07990e-03
6.27655e+00	2.06996e-03
6.30106e+00	2.06011e-03
6.32558e+00	2.05033e-03
6.35010e+00	2.04064e-03
6.37462e+00	2.03103e-03
6.39914e+00	2.02150e-03
6.42365e+00	2.01204e-03
6.44817e+00	2.00267e-03
6.47269e+00	1.99338e-03
6.49721e+00	1.98416e-03
6.52172e+00	1.97503e-03
6.54624e+00	1.96597e-03
6.57076e+00	1.95700e-03
6.59528e+00	1.94810e-03
6.61980e+00	1.93927e-03
6.64431e+00	1.93052e-03
6.66883e+00	1.92185e-03
6.69335e+00	1.91325e-03
6.71787e+00	1.90473e-03
6.74238e+00	1.89628e-03
6.76690e+00	1.88788e-03
6.79142e+00	1.87954e-03
6.81594e+00	1.87124e-03
6.84046e+00	1.86299e-03
6.86497e+00	1.85480e-03
6.88949e+00	1.84665e-03
6.91401e+00	1.83855e-03
6.93853e+00	1.83051e-03
6.96304e+00	1.82248e-03
6.98756e+00	1.81452e-03
7.01208e+00	1.80661e-03
7.03660e+00	1.79876e-03
7.06112e+00	1.79099e-03
7.08563e+00	1.78325e-03
7.11015e+00	1.77556e-03
7.13467e+00	1.76795e-03
7.15919e+00	1.76038e-03
7.18370e+00	1.75288e-03
7.20822e+00	1.74544e-03
7.23274e+00	1.73806e-03
7.25726e+00	1.73075e-03
7.28178e+00	1.72352e-03
7.30629e+00	1.71636e-03
7.33081e+00	1.70928e-03
7.35533e+00	1.70226e-03
7.37985e+00	1.69530e-03
7.40436e+00	1.68832e-03
7.42888e+00	1.68134e-03
7.45340e+00	1.67436e-03
7.47792e+00	1.66737e-03
7.50243e+00	1.66038e-03
7.52695e+00	1.65339e-03
7.55147e+00	1.64640e-03
7.57599e+00	1.63940e-03
7.60051e+00	1.63239e-03
7.62502e+00	1.62537e-03
7.64954e+00	1.61834e-03
7.67406e+00	1.61130e-03
7.69858e+00	1.60425e-03
7.72309e+00	1.59720e-03
7.74761e+00	1.59014e-03
7.77213e+00	1.58302e-03
7.79665e+00	1.57580e-03
7.82117e+00	1.56844e-03
7.84568e+00	1.56092e-03
7.87020e+00	1.55323e-03
7.89472e+00	1.54537e-03
7.91924e+00	1.53735e-03
7.94375e+00	1.52917e-03
7.96827e+00	1.52083e-03
7.99279e+00	1.51235e-03
8.01731e+00	1.50370e-03
8.04183e+00	1.49489e-03
8.06634e+00	1.48589e-03
8.09086e+00	1.47673e-03
8.11538e+00	1.46739e-03
8.13990e+00	1.45790e-03
8.16441e+00	1.44826e-03
8.18893e+00	1.43847e-03
8.21345e+00	1.42854e-03
8.23797e+00	1.41845e-03
8.26249e+00	1.40815e-03
8.28700e+00	1.39765e-03
8.31152e+00	1.38694e-03
8.33604e+00	1.37600e-03
8.36056e+00	1.36483e-03
8.38507e+00	1.35344e-03
8.40959e+00	1.34183e-03
8.43411e+00	1.33002e-03
8.45863e+00	1.31801e-03
8.48315e+00	1.30569e-03
8.50766e+00	1.29306e-03
8.53218e+00	1.28022e-03
8.55670e+00	1.26719e-03
8.58122e+00	1.25404e-03
8.60573e+00	1.24078e-03
8.63025e+00	1.22741e-03
8.65477e+00	1.21393e-03
8.67929e+00	1.20037e-03
8.70381e+00	1.18672e-03
8.72832e+00	1.17300e-03
8.75284e+00	1.15920e-03
8.77736e+00	1.14534e-03
8.80188e+00	1.13142e-03
8.82639e+00	1.11744e-03
8.85091e+00	1.10342e-03
8.87543e+00	1.08935e-03
8.89995e+00	1.07525e-03
8.92447e+00	1.06112e-03
8.94898e+00	1.04697e-03
8.97350e+00	1.03279e-03
8.99802e+00	1.01862e-03
9.02254e+00	1.00449e-03
9.04705e+00	9.90449e-04
9.07157e+00	9.76526e-04
9.09609e+00	9.62718e-04
9.12061e+00	9.49029e-04
9.14512e+00	9.35459e-04
9.16964e+00	9.22010e-04
9.19416e+00	9.08682e-04
9.21868e+00	8.95475e-04
9.24320e+00	8.82390e-04
9.26771e+00	8.69428e-04
9.29223e+00	8.56587e-04
9.31675e+00	8.43869e-04
9.34127e+00	8.31275e-04
9.36578e+00	8.18805e-04
9.39030e+00	8.06459e-04
9.41482e+00	7.94237e-04
9.43934e+00	7.82140e-04
9.46386e+00	7.70169e-04
9.48837e+00	7.58323e-04
9.51289e+00	7.46603e-04
9.53741e+00	7.35011e-04
9.56193e+00	7.23544e-04
9.58644e+00	7.12199e-04
9.61096e+00	7.00968e-04
9.63548e+00	6.89856e-04
9.66000e+00	6.78853e-04
9.68452e+00	6.67964e-04
9.70903e+00	6.57181e-04
9.73355e+00	6.46505e-04
9.75807e+00	6.35936e-04
9.78259e+00	6.25474e-04
9.80710e+00	6.15119e-04
9.83162e+00	6.04871e-04
9.85614e+00	5.94731e-04
9.88066e+00	5.84701e-04
9.90518e+00	5.74780e-04
9.92969e+00	5.64969e-04
9.95421e+00	5.55268e-04
9.97873e+00	5.45672e-04
1.00032e+01	5.36220e-04
1.00278e+01	5.26889e-04
1.00523e+01	5.17676e-04
1.00768e+01	5.08633e-04
1.01013e+01	4.99740e-04
1.01258e+01	4.90999e-04
1.01504e+01	4.82409e-04
1.01749e+01	4.73965e-04
1.01994e+01	4.65665e-04
1.02239e+01	4.57506e-04
1.02484e+01	4.49486e-04
1.02729e+01	4.41602e-04
1.02975e+01	4.33852e-04
1.03220e+01	4.26235e-04
1.03465e+01	4.18749e-04
1.03710e+01	4.11391e-04
1.03955e+01	4.04160e-04
1.04200e+01	3.97055e-04
1.04446e+01	3.90073e-04
1.04691e+01	3.83213e-04
1.04936e+01	3.76473e-04
1.05181e+01	3.69851e-04
1.05426e+01	3.63345e-04
1.05672e+01	3.56948e-04
1.05917e+01	3.50680e-04
1.06162e+01	3.44499e-04
1.06407e+01	3.38416e-04
1.06652e+01	3.32450e-04
1.06897e+01	3.26588e-04
1.07143e+01	3.20831e-04
1.07388e+01	3.15178e-04
1.07633e+01	3.09626e-04
1.07878e+01	3.04174e-04
1.08123e+01	2.98821e-04
1.08369e+01	2.93566e-04
1.08614e+01	2.88406e-04
1.08859e+01	2.83340e-04
1.09104e+01	2.78368e-04
1.09349e+01	2.73487e-04
1.09594e+01	2.68697e-04
1.09840e+01	2.63997e-04
1.10085e+01	2.59385e-04
1.10330e+01	2.54860e-04
1.10575e+01	2.50421e-04
1.10820e+01	2.46067e-04
1.11065e+01	2.41798e-04
1.11311e+01	2.37612e-04
1.11556e+01	2.33507e-04
1.11801e+01	2.29484e-04
1.12046e+01	2.25538e-04
1.12291e+01	2.21663e-04
1.12537e+01	2.17857e-04
1.12782e+01	2.14120e-04
1.13027e+01	2.10452e-04
1.13272e+01	2.06850e-04
1.13517e+01	2.03315e-04
1.13762e+01	1.99846e-04
1.14008e+01	1.96442e-04
1.14253e+01	1.93102e-04
1.14498e+01	1.89826e-04
1.14743e+01	1.86612e-04
1.14988e+01	1.83460e-04
1.15233e+01	1.80370e-04
1.15479e+01	1.77340e-04
1.15724e+01	1.74322e-04
1.15969e+01	1.71275e-04
1.16214e+01	1.68192e-04
1.16459e+01	1.65000e-04
1.16705e+01	1.61645e-04
1.16950e+01	1.58350e-04
1.17195e+01	1.55177e-04
1.17440e+01	1.52121e-04
1.17685e+01	1.49098e-04
1.17930e+01	1.46085e-04
1.18176e+01	1.43111e-04
1.18421e+01	1.40058e-04
1.18666e+01	1.36769e-04
1.18911e+01	1.33681e-04
1.19156e+01	1.30536e-04
1.19401e+01	1.27467e-04
1.19647e+01	1.24522e-04
1.19892e+01	1.21673e-04
1.20137e+01	1.18906e-04
1.20382e+01	1.16205e-04
1.20627e+01	1.13561e-04
1.20873e+01	1.10973e-04
1.21118e+01	1.08439e-04
1.21363e+01	1.05951e-04
1.21608e+01	1.03506e-04
1.21853e+01	1.01106e-04
1.22098e+01	9.87472e-05
1.22344e+01	9.64225e-05
1.22589e+01	9.41295e-05
1.22834e+01	9.18682e-05
1.23079e+01	8.96399e-05
1.23324e+01	8.74499e-05
1.23570e+01	8.53001e-05
1.23815e+01	8.31900e-05
1.24060e+01	8.11195e-05
1.24305e+01	7.90837e-05
1.24550e+01	7.70817e-05
1.24795e+01	7.51131e-05
1.25041e+01	7.31776e-05
1.25286e+01	7.12722e-05
1.25531e+01	6.94004e-05
1.25776e+01	6.75536e-05
1.26021e+01	6.57396e-05
1.26266e+01	6.39593e-05
1.26512e+01	6.22154e-05
1.26757e+01	6.05075e-05
1.27002e+01	5.88356e-05
1.27247e+01	5.72031e-05
1.27492e+01	5.56106e-05
1.27738e+01	5.40582e-05
1.27983e+01	5.25448e-05
1.28228e+01	5.10738e-05
1.28473e+01	4.96485e-05
1.28718e+01	4.82775e-05
1.28963e+01	4.69588e-05
1.29209e+01	4.56660e-05
1.29454e+01	4.44067e-05
1.29699e+01	4.32153e-05
1.29944e+01	4.20492e-05
1.30189e+01	4.08645e-05
1.30434e+01	3.95634e-05
1.30680e+01	3.82593e-05
1.30925e+01	3.70928e-05
1.31170e+01	3.60404e-05
1.31415e+01	3.50742e-05
1.31660e+01	3.41269e-05
1.31906e+01	3.31708e-05
1.32151e+01	3.22126e-05
1.32396e+01	3.13265e-05
1.32641e+01	3.04847e-05
1.32886e+01	2.96792e-05
1.33131e+01	2.89087e-05
1.33377e+01	2.81664e-05
1.33622e+01	2.74467e-05
1.33867e+01	2.67435e-05
1.34112e+01	2.60525e-05
1.34357e+01	2.53715e-05
1.34603e+01	2.46966e-05
1.34848e+01	2.40275e-05
1.35093e+01	2.33772e-05
1.35338e+01	2.27428e-05
1.35583e+01	2.21214e-05
1.35828e+01	2.15131e-05
1.36074e+01	2.09177e-05
1.36319e+01	2.03355e-05
1.36564e+01	1.97664e-05
1.36809e+01	1.92104e-05
1.37054e+01	1.86671e-05
1.37299e+01	1.81364e-05
1.37545e+01	1.76182e-05
1.37790e+01	1.71123e-05
1.38035e+01	1.66185e-05
1.38280e+01	1.61364e-05
1.38525e+01	1.56656e-05
1.38771e+01	1.52059e-05
1.39016e+01	1.47561e-05
1.39261e+01	1.43158e-05
1.39506e+01	1.38849e-05
1.39751e+01	1.34635e-05
1.39996e+01	1.30514e-05
1.40242e+01	1.26483e-05
1.40487e+01	1.22544e-05
1.40732e+01	1.18699e-05
1.40977e+01	1.14945e-05
1.41222e+01	1.11281e-05
1.41467e+01	1.07706e-05
1.41713e+01	1.04220e-05
1.41958e+01	1.00821e-05
1.42203e+01	9.75094e-06
1.42448e+01	9.42790e-06
1.42693e+01	9.11274e-06
1.42939e+01	8.80539e-06
1.43184e+01	8.50579e-06
1.43429e+01	8.21389e-06
1.43674e+01	7.92964e-06
1.43919e+01	7.65295e-06
1.44164e+01	7.38373e-06
1.44410e+01	7.12188e-06
1.44655e+01	6.86731e-06
1.44900e+01	6.61999e-06
1.45145e+01	6.37979e-06
1.45390e+01	6.14661e-06
1.45636e+01	5.92036e-06
1.45881e+01	5.70090e-06
1.46126e+01	5.48811e-06
1.46371e+01	5.28187e-06
1.46616e+01	5.08206e-06
1.46861e+01	4.88852e-06
1.47107e+01	4.70114e-06
1.47352e+01	4.51978e-06
1.47597e+01	4.34431e-06
1.47842e+01	4.17457e-06
1.48087e+01	4.01044e-06
1.48332e+01	3.85178e-06
1.48578e+01	3.69844e-06
1.48823e+01	3.55031e-06
1.49068e+01	3.40723e-06
1.49313e+01	3.26909e-06
1.49558e+01	3.13575e-06
1.49804e+01	3.00709e-06
1.50049e+01	2.88304e-06
1.50294e+01	2.76358e-06
1.50539e+01	2.64865e-06
1.50784e+01	2.53813e-06
1.51029e+01	2.43188e-06
1.51275e+01	2.32975e-06
1.51520e+01	2.23160e-06
1.51765e+01	2.13728e-06
1.52010e+01	2.04668e-06
1.52255e+01	1.95966e-06
1.52500e+01	1.87608e-06
1.52746e+01	1.79584e-06
1.52991e+01	1.71880e-06
1.53236e+01	1.64486e-06
1.53481e+01	1.57390e-06
1.53726e+01	1.50582e-06
1.53972e+01	1.44050e-06
1.54217e+01	1.37786e-06
1.54462e+01	1.31778e-06
1.54707e+01	1.26018e-06
1.54952e+01	1.20497e-06
1.55197e+01	1.15205e-06
1.55443e+01	1.10133e-06
1.55688e+01	1.05275e-06
1.55933e+01	1.00621e-06
1.56178e+01	9.61623e-07
1.56423e+01	9.18926e-07
1.56668e+01	8.78043e-07
1.56914e+01	8.38904e-07
1.57159e+01	8.01444e-07
1.57404e+01	7.65598e-07
1.57649e+01	7.31304e-07
1.57894e+01	6.98396e-07
1.58140e+01	6.66789e-07
1.58385e+01	6.36438e-07
1.58630e+01	6.07306e-07
1.58875e+01	5.79352e-07
1.59120e+01	5.52537e-07
1.59365e+01	5.26823e-07
1.59611e+01	5.02171e-07
1.59856e+01	4.78548e-07
1.60101e+01	4.55925e-07
1.60346e+01	4.34278e-07
1.60591e+01	4.13576e-07
1.60837e+01	3.93785e-07
1.61082e+01	3.74870e-07
1.61327e+01	3.56796e-07
1.61572e+01	3.39530e-07
1.61817e+01	3.23039e-07
1.62062e+01	3.07294e-07
1.62308e+01	2.92263e-07
1.62553e+01	2.77916e-07
1.62798e+01	2.64226e-07
1.63043e+01	2.51166e-07
1.63288e+01	2.38709e-07
1.63533e+01	2.26830e-07
1.63779e+01	2.15504e-07
1.64024e+01	2.04709e-07
1.64269e+01	1.94422e-07
1.64514e+01	1.84619e-07
1.64759e+01	1.75282e-07
1.65005e+01	1.66389e-07
1.65250e+01	1.57919e-07
1.65495e+01	1.49855e-07
1.65740e+01	1.42176e-07
1.65985e+01	1.34867e-07
1.66230e+01	1.27911e-07
1.66476e+01	1.21292e-07
1.66721e+01	1.14996e-07
1.66966e+01	1.09007e-07
1.67211e+01	1.03313e-07
1.67456e+01	9.78993e-08
1.67701e+01	9.27533e-08
1.67947e+01	8.78628e-08
1.68192e+01	8.32159e-08
1.68437e+01	7.88014e-08
1.68682e+01	7.46084e-08
1.68927e+01	7.06268e-08
1.69173e+01	6.68465e-08
1.69418e+01	6.32579e-08
1.69663e+01	5.98521e-08
1.69908e+01	5.66203e-08
1.70153e+01	5.35545e-08
1.70398e+01	5.06470e-08
1.70644e+01	4.78903e-08
1.70889e+01	4.52772e-08
1.71134e+01	4.28007e-08
1.71379e+01	4.04541e-08
1.71624e+01	3.82309e-08
1.71870e+01	3.61248e-08
1.72115e+01	3.41302e-08
1.72360e+01	3.22413e-08
1.72605e+01	3.04530e-08
1.72850e+01	2.87601e-08
1.73095e+01	2.71578e-08
1.73341e+01	2.56414e-08
1.73586e+01	2.42065e-08
1.73831e+01	2.28489e-08
1.74076e+01	2.15648e-08
1.74321e+01	2.03502e-08
1.74566e+01	1.92016e-08
1.74812e+01	1.81155e-08
1.75057e+01	1.70885e-08
1.75302e+01	1.61178e-08
1.75547e+01	1.52001e-08
1.75792e+01	1.43328e-08
1.76038e+01	1.35131e-08
1.76283e+01	1.27385e-08
1.76528e+01	1.20067e-08
1.76773e+01	1.13155e-08
1.77018e+01	1.06625e-08
1.77263e+01	1.00459e-08
1.77509e+01	9.46371e-09
1.77754e+01	8.91404e-09
1.77999e+01	8.39517e-09
1.78244e+01	7.90538e-09
1.78489e+01	7.44319e-09
1.78734e+01	7.00708e-09
1.78980e+01	6.59563e-09
1.79225e+01	6.20750e-09
1.79470e+01	5.84141e-09
1.79715e+01	5.49616e-09
1.79960e+01	5.17067e-09
1.80206e+01	4.86387e-09
1.80451e+01	4.57476e-09
1.80696e+01	4.30236e-09
1.80941e+01	4.04575e-09
1.81186e+01	3.80404e-09
1.81431e+01	3.57640e-09
1.81677e+01	3.36204e-09
1.81922e+01	3.16019e-09
1.82167e+01	2.97014e-09
1.82412e+01	2.79122e-09
1.82657e+01	2.62280e-09
1.82902e+01	2.46428e-09
1.83148e+01	2.31510e-09
1.83393e+01	2.17474e-09
1.83638e+01	2.04267e-09
1.83883e+01	1.91843e-09
1.84128e+01	1.80156e-09
1.84374e+01	1.69163e-09
1.84619e+01	1.58826e-09
1.84864e+01	1.49105e-09
1.85109e+01	1.39966e-09
1.85354e+01	1.31373e-09
1.85599e+01	1.23295e-09
1.85845e+01	1.15702e-09
1.86090e+01	1.08565e-09
1.86335e+01	1.01858e-09
1.86580e+01	9.55551e-10
1.86825e+01	8.96334e-10
1.87071e+01	8.40700e-10
1.87316e+01	7.88439e-10
1.87561e+01	7.39352e-10
1.87806e+01	6.93249e-10
1.88051e+01	6.49956e-10
1.88296e+01	6.09304e-10
1.88542e+01	5.71138e-10
1.88787e+01	5.35309e-10
1.89032e+01	5.01678e-10
1.89277e+01	4.70111e-10
1.89522e+01	4.40487e-10
1.89767e+01	4.12688e-10
1.90013e+01	3.86607e-10
1.90258e+01	3.62143e-10
1.90503e+01	3.39198e-10
1.90748e+01	3.17682e-10
1.90993e+01	2.97508e-10
1.91239e+01	2.78594e-10
1.91484e+01	2.60863e-10
1.91729e+01	2.44242e-10
1.91974e+01	2.28663e-10
1.92219e+01	2.14061e-10
1.92464e+01	2.00377e-10
1.92710e+01	1.87554e-10
1.92955e+01	1.75539e-10
1.93200e+01	1.64281e-10
1.93445e+01	1.53734e-10
1.93690e+01	1.43853e-10
1.93935e+01	1.34598e-10
1.94181e+01	1.25930e-10
1.94426e+01	1.17811e-10
1.94671e+01	1.10207e-10
1.94916e+01	1.03087e-10
1.95161e+01	9.64207e-11
1.95407e+01	9.01787e-11
1.95652e+01	8.43350e-11
1.95897e+01	7.88643e-11
1.96142e+01	7.37432e-11
1.96387e+01	6.89496e-11
1.96632e+01	6.44628e-11
1.96878e+01	6.02638e-11
1.97123e+01	5.63342e-11
1.97368e+01	5.26571e-11
1.97613e+01	4.92164e-11
1.97858e+01	4.59972e-11
1.98104e+01	4.29854e-11
1.98349e+01	4.01678e-11
1.98594e+01	3.75320e-11
1.98839e+01	3.50661e-11
1.99084e+01	3.27601e-11
1.99329e+01	3.06029e-11
1.99575e+01	2.85855e-11
1.99820e+01	2.66989e-11
2.00065e+01	2.49348e-11
2.00310e+01	2.32856e-11
2.00555e+01	2.17438e-11
2.00800e+01	2.03025e-11
2.01046e+01	1.89554e-11
2.01291e+01	1.76964e-11
2.01536e+01	1.65197e-11
2.01781e+01	1.54202e-11
2.02026e+01	1.43929e-11
2.02272e+01	1.34332e-11
2.02517e+01	1.25366e-11
2.02762e+01	1.16990e-11
2.03007e+01	1.09168e-11
2.03252e+01	1.01861e-11
2.03497e+01	9.50371e-12
2.03743e+01	8.86643e-12
2.03988e+01	8.27132e-12
2.04233e+01	7.71562e-12
2.04478e+01	7.19676e-12
2.04723e+01	6.71233e-12
2.04968e+01	6.26008e-12
2.05214e+01	5.83799e-12
2.05459e+01	5.44407e-12
2.05704e+01	5.07645e-12
2.05949e+01	4.73340e-12
2.06194e+01	4.41330e-12
2.06440e+01	4.11464e-12
2.06685e+01	3.83599e-12
2.06930e+01	3.57603e-12
2.07175e+01	3.33351e-12
2.07420e+01	3.10727e-12
2.07665e+01	2.89624e-12
2.07911e+01	2.69940e-12
2.08156e+01	2.51581e-12
2.08401e+01	2.34459e-12
2.08646e+01	2.18490e-12
2.08891e+01	2.03599e-12
2.09137e+01	1.89713e-12
2.09382e+01	1.76764e-12
2.09627e+01	1.64691e-12
2.09872e+01	1.53435e-12
2.10117e+01	1.42941e-12
2.10362e+01	1.33159e-12
2.10608e+01	1.24040e-12
2.10853e+01	1.15541e-12
2.11098e+01	1.07620e-12
2.11343e+01	1.00237e-12
2.11588e+01	9.33571e-13
2.11833e+01	8.69454e-13
2.12079e+01	8.09705e-13
2.12324e+01	7.54030e-13
2.12569e+01	7.02154e-13
2.12814e+01	6.53820e-13
2.13059e+01	6.08789e-13
2.13305e+01	5.66836e-13
2.13550e+01	5.27752e-13
2.13795e+01	4.91344e-13
2.14040e+01	4.57429e-13
2.14285e+01	4.25838e-13
2.14530e+01	3.96412e-13
2.14776e+01	3.69005e-13
2.15021e+01	3.43478e-13
2.15266e+01	3.19703e-13
2.15511e+01	2.97561e-13
2.15756e+01	2.76941e-13
2.16001e+01	2.57739e-13
2.16247e+01	2.39857e-13
2.16492e+01	2.23206e-13
2.16737e+01	2.07702e-13
2.16982e+01	1.93267e-13
2.17227e+01	1.79826e-13
2.17473e+01	1.67313e-13
2.17718e+01	1.55663e-13
2.17963e+01	1.44818e-13
2.18208e+01	1.34722e-13
2.18453e+01	1.25325e-13
2.18698e+01	1.16577e-13
2.18944e+01	1.08435e-13
2.19189e+01	1.00857e-13
2.19434e+01	9.38048e-14
2.19679e+01	8.72422e-14
2.19924e+01	8.11355e-14
2.20169e+01	7.54532e-14
2.20415e+01	7.01662e-14
2.20660e+01	6.52475e-14
2.20905e+01	6.06723e-14
2.21150e+01	5.64168e-14
2.21395e+01	5.24587e-14
2.21641e+01	4.87774e-14
2.21886e+01	4.53534e-14
2.22131e+01	4.21689e-14
2.22376e+01	3.92073e-14
2.22621e+01	3.64529e-14
2.22866e+01	3.38913e-14
2.23112e+01	3.15092e-14
2.23357e+01	2.92939e-14
2.23602e+01	2.72338e-14
2.23847e+01	2.53181e-14
2.24092e+01	2.35368e-14
2.24338e+01	2.18803e-14
2.24583e+01	2.03401e-14
2.24828e+01	1.89078e-14
2.25073e+01	1.75761e-14
2.25318e+01	1.63378e-14
2.25563e+01	1.51864e-14
2.25809e+01	1.41159e-14
2.26054e+01	1.31205e-14
2.26299e+01	1.21950e-14
2.26544e+01	1.13346e-14
2.26789e+01	1.05345e-14
2.27034e+01	9.79075e-15
2.27280e+01	9.09927e-15
2.27525e+01	8.45642e-15
2.27770e+01	7.85881e-15
2.28015e+01	7.30326e-15
2.28260e+01	6.78683e-15
2.28506e+01	6.30677e-15
2.28751e+01	5.86053e-15
2.28996e+01	5.44574e-15
2.29241e+01	5.06019e-15
2.29486e+01	4.70184e-15
2.29731e+01	4.36876e-15
2.29977e+01	4.05919e-15
2.30222e+01	3.77150e-15
2.30467e+01	3.50414e-15
2.30712e+01	3.25570e-15
2.30957e+01	3.02483e-15
2.31202e+01	2.81029e-15
2.31448e+01	2.61094e-15
2.31693e+01	2.42571e-15
2.31938e+01	2.25360e-15
2.32183e+01	2.09368e-15
2.32428e+01	1.94510e-15
2.32674e+01	1.80706e-15
2.32919e+01	1.67880e-15
2.33164e+01	1.55964e-15
2.33409e+01	1.44894e-15
2.33654e+01	1.34611e-15
2.33899e+01	1.25057e-15
2.34145e+01	1.16183e-15
2.34390e+01	1.07939e-15
2.34635e+01	1.00282e-15
2.34880e+01	9.31704e-16
2.35125e+01	8.65652e-16
2.35371e+01	8.04310e-16
2.35616e+01	7.47345e-16
2.35861e+01	6.94449e-16
2.36106e+01	6.45335e-16
2.36351e+01	5.99737e-16
2.36596e+01	5.57408e-16
2.36842e+01	5.18118e-16
2.37087e+01	4.81655e-16
2.37332e+01	4.47819e-16
2.37577e+01	4.16427e-16
2.37822e+01	3.87308e-16
2.38067e+01	3.60304e-16
2.38313e+01	3.35268e-16
2.38558e+01	3.12065e-16
2.38803e+01	2.90567e-16
2.39048e+01	2.70657e-16
2.39293e+01	2.52227e-16
2.39539e+01	2.35177e-16
2.39784e+01	2.19414e-16
2.40029e+01	2.04851e-16
2.40274e+01	1.91410e-16
2.40519e+01	1.79016e-16
2.40764e+01	1.67603e-16
2.41010e+01	1.57106e-16
2.41255e+01	1.47470e-16
2.41500e+01	1.38641e-16
2.41745e+01	1.30571e-16
2.41990e+01	1.23214e-16
2.42235e+01	1.16532e-16
2.42481e+01	1.10486e-16
2.42726e+01	1.05044e-16
2.42971e+01	1.00176e-16
2.43216e+01	9.58545e-17
2.43461e+01	9.20549e-17
2.43707e+01	8.87553e-17
2.43952e+01	8.59359e-17
2.44197e+01	8.35797e-17
2.44442e+01	8.16714e-17
2.44687e+01	8.01976e-17
2.44932e+01	7.91507e-17
2.45178e+01	7.84792e-17
