# The ell = 1 distribution, the first anisotropy.
# E_N [Td]	7.00000e+00
# col_1: Electron Energy [eV], col_2: f1 [eV^(-3/2)]
eV	f1
1.37775e-02	5.28578e-05
2.75551e-02	8.83650e-05
4.13326e-02	1.25753e-04
5.51102e-02	1.52195e-04
6.88877e-02	1.74879e-04
8.26652e-02	1.94304e-04
9.64428e-02	2.12506e-04
1.10220e-01	2.29007e-04
1.23998e-01	2.44198e-04
1.37775e-01	2.59473e-04
1.51553e-01	2.74004e-04
1.65330e-01	2.88128e-04
1.79108e-01	3.02668e-04
1.92886e-01	3.17108e-04
2.06663e-01	3.31417e-04
2.20441e-01	3.46179e-04
2.34218e-01	3.61162e-04
2.47996e-01	3.76529e-04
2.61773e-01	3.92848e-04
2.75551e-01	4.09517e-04
2.89328e-01	4.26887e-04
3.03106e-01	4.43531e-04
3.16883e-01	4.58052e-04
3.30661e-01	4.70538e-04
3.44439e-01	4.85680e-04
3.58216e-01	5.02530e-04
3.71994e-01	5.21237e-04
3.85771e-01	5.44894e-04
3.99549e-01	5.73864e-04
4.13326e-01	6.06767e-04
4.27104e-01	6.47121e-04
4.40881e-01	6.95948e-04
4.54659e-01	7.51140e-04
4.68436e-01	8.11026e-04
4.82214e-01	8.84101e-04
4.95991e-01	9.67765e-04
5.09769e-01	1.05922e-03
5.23547e-01	1.16005e-03
5.37324e-01	1.28272e-03
5.51102e-01	1.42244e-03
5.64879e-01	1.57484e-03
5.78657e-01	1.73827e-03
5.92434e-01	1.92427e-03
6.06212e-01	2.12756e-03
6.19989e-01	2.34358e-03
6.33767e-01	2.57600e-03
6.47544e-01	2.84826e-03
6.61322e-01	3.15158e-03
6.75100e-01	3.47890e-03
6.88877e-01	3.82299e-03
7.02655e-01	4.23556e-03
7.16432e-01	4.70580e-03
7.30210e-01	5.22327e-03
7.43987e-01	5.77283e-03
7.57765e-01	6.38268e-03
7.71542e-01	7.05854e-03
7.85320e-01	7.78509e-03
7.99097e-01	8.54863e-03
8.12875e-01	9.34088e-03
8.26652e-01	1.01604e-02
8.40430e-01	1.09977e-02
8.54208e-01	1.18447e-02
8.67985e-01	1.26951e-02
8.81763e-01	1.35950e-02
8.95540e-01	1.45566e-02
9.09318e-01	1.55662e-02
9.23095e-01	1.66119e-02
9.36873e-01	1.76875e-02
9.50650e-01	1.88732e-02
9.64428e-01	2.01561e-02
9.78205e-01	2.15159e-02
9.91983e-01	2.29339e-02
1.00576e+00	2.44124e-02
1.01954e+00	2.60404e-02
1.03332e+00	2.77871e-02
1.04709e+00	2.96247e-02
1.06087e+00	3.15279e-02
1.07465e+00	3.34906e-02
1.08843e+00	3.55441e-02
1.10220e+00	3.76503e-02
1.11598e+00	3.97898e-02
1.12976e+00	4.19460e-02
1.14354e+00	4.41175e-02
1.15731e+00	4.63219e-02
1.17109e+00	4.85380e-02
1.18487e+00	5.07566e-02
1.19865e+00	5.29677e-02
1.21242e+00	5.51643e-02
1.22620e+00	5.74297e-02
1.23998e+00	5.97541e-02
1.25376e+00	6.21217e-02
1.26753e+00	6.45157e-02
1.28131e+00	6.69186e-02
1.29509e+00	6.93619e-02
1.30887e+00	7.20661e-02
1.32264e+00	7.49569e-02
1.33642e+00	7.79923e-02
1.35020e+00	8.11329e-02
1.36398e+00	8.43436e-02
1.37775e+00	8.75267e-02
1.39153e+00	9.05472e-02
1.40531e+00	9.34114e-02
1.41909e+00	9.61280e-02
1.43286e+00	9.87049e-02
1.44664e+00	1.01147e-01
1.46042e+00	1.03419e-01
1.47420e+00	1.05608e-01
1.48797e+00	1.07741e-01
1.50175e+00	1.09822e-01
1.51553e+00	1.11850e-01
1.52931e+00	1.13817e-01
1.54308e+00	1.15728e-01
1.55686e+00	1.17846e-01
1.57064e+00	1.20267e-01
1.58442e+00	1.22941e-01
1.59819e+00	1.25806e-01
1.61197e+00	1.28812e-01
1.62575e+00	1.31912e-01
1.63953e+00	1.35061e-01
1.65330e+00	1.38036e-01
1.66708e+00	1.40828e-01
1.68086e+00	1.43382e-01
1.69464e+00	1.45703e-01
1.70842e+00	1.47798e-01
1.72219e+00	1.49667e-01
1.73597e+00	1.51135e-01
1.74975e+00	1.52065e-01
1.76353e+00	1.52377e-01
1.77730e+00	1.52124e-01
1.79108e+00	1.51367e-01
1.80486e+00	1.50070e-01
1.81864e+00	1.48276e-01
1.83241e+00	1.46158e-01
1.84619e+00	1.43633e-01
1.85997e+00	1.40632e-01
1.87375e+00	1.37126e-01
1.88752e+00	1.32961e-01
1.90130e+00	1.28228e-01
1.91508e+00	1.23023e-01
1.92886e+00	1.17445e-01
1.94263e+00	1.11647e-01
1.95641e+00	1.05728e-01
1.97019e+00	9.98410e-02
1.98397e+00	9.40123e-02
1.99774e+00	8.82600e-02
2.01152e+00	8.25862e-02
2.02530e+00	7.71651e-02
2.03908e+00	7.21065e-02
2.05285e+00	6.74698e-02
2.06663e+00	6.32200e-02
2.08041e+00	5.93078e-02
2.09419e+00	5.57145e-02
2.10796e+00	5.24042e-02
2.12174e+00	4.92126e-02
2.13552e+00	4.60669e-02
2.14930e+00	4.30005e-02
2.16307e+00	4.00668e-02
2.17685e+00	3.72848e-02
2.19063e+00	3.46489e-02
2.20441e+00	3.21530e-02
2.21818e+00	2.98174e-02
2.23196e+00	2.76466e-02
2.24574e+00	2.56412e-02
2.25952e+00	2.37922e-02
2.27329e+00	2.20834e-02
2.28707e+00	2.05084e-02
2.30085e+00	1.90598e-02
2.31463e+00	1.77033e-02
2.32840e+00	1.64455e-02
2.34218e+00	1.52701e-02
2.35596e+00	1.41824e-02
2.36974e+00	1.31658e-02
2.38351e+00	1.22184e-02
2.39729e+00	1.13354e-02
2.41107e+00	1.05378e-02
2.42485e+00	9.81786e-03
2.43862e+00	9.13555e-03
2.45240e+00	8.48759e-03
2.46618e+00	7.87192e-03
2.47996e+00	7.28821e-03
2.49373e+00	6.74309e-03
2.50751e+00	6.24333e-03
2.52129e+00	5.78013e-03
2.53507e+00	5.35065e-03
2.54885e+00	4.96008e-03
2.56262e+00	4.60343e-03
2.57640e+00	4.27565e-03
2.59018e+00	3.97752e-03
2.60396e+00	3.70723e-03
2.61773e+00	3.45393e-03
2.63151e+00	3.21713e-03
2.64529e+00	2.99407e-03
2.65907e+00	2.78722e-03
2.67284e+00	2.59541e-03
2.68662e+00	2.41662e-03
2.70040e+00	2.25015e-03
2.71418e+00	2.09760e-03
2.72795e+00	1.96026e-03
2.74173e+00	1.83816e-03
2.75551e+00	1.72944e-03
2.76929e+00	1.63027e-03
2.78306e+00	1.53676e-03
2.79684e+00	1.44911e-03
2.81062e+00	1.36728e-03
2.82440e+00	1.28979e-03
2.83817e+00	1.21461e-03
2.85195e+00	1.14225e-03
2.86573e+00	1.07195e-03
2.87951e+00	1.00272e-03
2.89328e+00	9.37499e-04
2.90706e+00	8.77652e-04
2.92084e+00	8.22840e-04
2.93462e+00	7.72726e-04
2.94839e+00	7.27099e-04
2.96217e+00	6.85518e-04
2.97595e+00	6.48027e-04
2.98973e+00	6.14569e-04
3.00350e+00	5.83804e-04
3.01728e+00	5.55104e-04
3.03106e+00	5.27643e-04
3.04484e+00	5.01340e-04
3.05861e+00	4.76100e-04
3.07239e+00	4.52005e-04
3.08617e+00	4.28974e-04
3.09995e+00	4.07009e-04
3.11372e+00	3.86490e-04
3.12750e+00	3.67262e-04
3.14128e+00	3.49456e-04
3.15506e+00	3.32945e-04
3.16883e+00	3.17420e-04
3.18261e+00	3.02631e-04
3.19639e+00	2.88527e-04
3.21017e+00	2.75080e-04
3.22394e+00	2.62240e-04
3.23772e+00	2.49995e-04
3.25150e+00	2.38270e-04
3.26528e+00	2.27036e-04
3.27905e+00	2.16402e-04
3.29283e+00	2.06390e-04
3.30661e+00	1.97005e-04
3.32039e+00	1.88247e-04
3.33416e+00	1.80116e-04
3.34794e+00	1.72498e-04
3.36172e+00	1.65371e-04
3.37550e+00	1.58713e-04
3.38928e+00	1.52465e-04
3.40305e+00	1.46597e-04
3.41683e+00	1.41099e-04
3.43061e+00	1.35842e-04
3.44439e+00	1.30810e-04
3.45816e+00	1.26013e-04
3.47194e+00	1.21441e-04
3.48572e+00	1.17090e-04
3.49950e+00	1.12962e-04
3.51327e+00	1.09043e-04
3.52705e+00	1.05302e-04
3.54083e+00	1.01733e-04
3.55461e+00	9.83088e-05
3.56838e+00	9.50028e-05
3.58216e+00	9.18045e-05
3.59594e+00	8.87122e-05
3.60972e+00	8.57365e-05
3.62349e+00	8.28778e-05
3.63727e+00	8.01277e-05
3.65105e+00	7.74823e-05
3.66483e+00	7.49383e-05
3.67860e+00	7.24984e-05
3.69238e+00	7.01590e-05
3.70616e+00	6.79162e-05
3.71994e+00	6.57697e-05
3.73371e+00	6.37261e-05
3.74749e+00	6.17880e-05
3.76127e+00	5.99544e-05
3.77505e+00	5.82213e-05
3.78882e+00	5.65915e-05
3.80260e+00	5.50619e-05
3.81638e+00	5.36268e-05
3.83016e+00	5.22837e-05
3.84393e+00	5.10299e-05
3.85771e+00	4.98582e-05
3.87149e+00	4.87537e-05
3.88527e+00	4.76890e-05
3.89904e+00	4.66657e-05
3.91282e+00	4.56821e-05
3.92660e+00	4.47360e-05
3.94038e+00	4.38258e-05
3.95415e+00	4.29520e-05
3.96793e+00	4.21135e-05
3.98171e+00	4.13099e-05
3.99549e+00	4.05392e-05
4.00926e+00	3.97940e-05
4.02304e+00	3.90744e-05
4.03682e+00	3.83727e-05
4.05060e+00	3.76823e-05
4.06437e+00	3.70034e-05
4.07815e+00	3.63362e-05
4.09193e+00	3.56799e-05
4.10571e+00	3.50343e-05
4.11948e+00	3.43991e-05
4.13326e+00	3.37740e-05
4.14704e+00	3.31584e-05
4.16082e+00	3.25519e-05
4.17460e+00	3.19544e-05
4.18837e+00	3.13658e-05
4.20215e+00	3.07856e-05
4.21593e+00	3.02134e-05
4.22971e+00	2.96490e-05
4.24348e+00	2.90923e-05
4.25726e+00	2.85428e-05
4.27104e+00	2.79990e-05
4.28482e+00	2.74604e-05
4.29859e+00	2.69269e-05
4.31237e+00	2.63983e-05
4.32615e+00	2.58745e-05
4.33993e+00	2.53555e-05
4.35370e+00	2.48412e-05
4.36748e+00	2.43317e-05
4.38126e+00	2.38272e-05
4.39504e+00	2.33279e-05
4.40881e+00	2.28340e-05
4.42259e+00	2.23450e-05
4.43637e+00	2.18630e-05
4.45015e+00	2.13873e-05
4.46392e+00	2.09179e-05
4.47770e+00	2.04548e-05
4.49148e+00	1.99977e-05
4.50526e+00	1.95465e-05
4.51903e+00	1.91010e-05
4.53281e+00	1.86611e-05
4.54659e+00	1.82299e-05
4.56037e+00	1.78091e-05
4.57414e+00	1.73985e-05
4.58792e+00	1.69979e-05
4.60170e+00	1.66070e-05
4.61548e+00	1.62258e-05
4.62925e+00	1.58540e-05
4.64303e+00	1.54944e-05
4.65681e+00	1.51469e-05
4.67059e+00	1.48112e-05
4.68436e+00	1.44871e-05
4.69814e+00	1.41744e-05
4.71192e+00	1.38729e-05
4.72570e+00	1.35823e-05
4.73947e+00	1.33024e-05
4.75325e+00	1.30330e-05
4.76703e+00	1.27740e-05
4.78081e+00	1.25250e-05
4.79458e+00	1.22861e-05
4.80836e+00	1.20568e-05
4.82214e+00	1.18371e-05
4.83592e+00	1.16284e-05
4.84969e+00	1.14311e-05
4.86347e+00	1.12451e-05
4.87725e+00	1.10701e-05
4.89103e+00	1.09060e-05
4.90480e+00	1.07525e-05
4.91858e+00	1.06094e-05
4.93236e+00	1.04738e-05
4.94614e+00	1.03449e-05
4.95991e+00	1.02223e-05
4.97369e+00	1.01054e-05
4.98747e+00	9.99425e-06
5.00125e+00	9.88857e-06
5.01503e+00	9.78779e-06
5.02880e+00	9.69178e-06
5.04258e+00	9.59990e-06
5.05636e+00	9.51172e-06
5.07014e+00	9.42723e-06
5.08391e+00	9.34635e-06
5.09769e+00	9.26899e-06
5.11147e+00	9.19485e-06
5.12525e+00	9.12216e-06
5.13902e+00	9.05012e-06
5.15280e+00	8.97866e-06
5.16658e+00	8.90779e-06
5.18036e+00	8.83749e-06
5.19413e+00	8.76777e-06
5.20791e+00	8.69861e-06
5.22169e+00	8.63002e-06
5.23547e+00	8.56199e-06
5.24924e+00	8.49450e-06
5.26302e+00	8.42758e-06
5.27680e+00	8.36120e-06
5.29058e+00	8.29537e-06
5.30435e+00	8.23008e-06
5.31813e+00	8.16532e-06
5.33191e+00	8.10110e-06
5.34569e+00	8.03741e-06
5.35946e+00	7.97425e-06
5.37324e+00	7.91160e-06
5.38702e+00	7.84948e-06
5.40080e+00	7.78787e-06
5.41457e+00	7.72677e-06
5.42835e+00	7.66617e-06
5.44213e+00	7.60608e-06
5.45591e+00	7.54649e-06
5.46968e+00	7.48738e-06
5.48346e+00	7.42877e-06
5.49724e+00	7.37065e-06
5.51102e+00	7.31302e-06
5.52479e+00	7.25586e-06
5.53857e+00	7.19919e-06
5.55235e+00	7.14298e-06
5.56613e+00	7.08725e-06
5.57990e+00	7.03199e-06
5.59368e+00	6.97719e-06
5.60746e+00	6.92285e-06
5.62124e+00	6.86896e-06
5.63501e+00	6.81553e-06
5.64879e+00	6.76255e-06
5.66257e+00	6.71002e-06
5.67635e+00	6.65793e-06
5.69012e+00	6.60627e-06
5.70390e+00	6.55506e-06
5.71768e+00	6.50429e-06
5.73146e+00	6.45396e-06
5.74523e+00	6.40406e-06
5.75901e+00	6.35459e-06
5.77279e+00	6.30556e-06
5.78657e+00	6.25693e-06
5.80034e+00	6.20874e-06
5.81412e+00	6.16097e-06
5.82790e+00	6.11360e-06
5.84168e+00	6.06665e-06
5.85546e+00	6.02011e-06
5.86923e+00	5.97396e-06
5.88301e+00	5.92822e-06
5.89679e+00	5.88288e-06
5.91057e+00	5.83794e-06
5.92434e+00	5.79337e-06
5.93812e+00	5.74921e-06
5.95190e+00	5.70544e-06
5.96568e+00	5.66206e-06
5.97945e+00	5.61907e-06
5.99323e+00	5.57647e-06
6.00701e+00	5.53423e-06
6.02079e+00	5.49236e-06
6.03456e+00	5.45103e-06
6.04834e+00	5.40971e-06
6.06212e+00	5.36892e-06
6.07590e+00	5.32848e-06
6.08967e+00	5.28840e-06
6.10345e+00	5.24869e-06
6.11723e+00	5.20933e-06
6.13101e+00	5.17032e-06
6.14478e+00	5.13167e-06
6.15856e+00	5.09336e-06
6.17234e+00	5.05540e-06
6.18612e+00	5.01779e-06
6.19989e+00	4.98051e-06
6.21367e+00	4.94358e-06
6.22745e+00	4.90698e-06
6.24123e+00	4.87072e-06
6.25500e+00	4.83479e-06
6.26878e+00	4.79918e-06
6.28256e+00	4.76390e-06
6.29634e+00	4.72894e-06
6.31011e+00	4.69430e-06
6.32389e+00	4.65997e-06
6.33767e+00	4.62596e-06
6.35145e+00	4.59225e-06
6.36522e+00	4.55886e-06
6.37900e+00	4.52577e-06
6.39278e+00	4.49298e-06
6.40656e+00	4.46049e-06
6.42033e+00	4.42830e-06
6.43411e+00	4.39641e-06
6.44789e+00	4.36481e-06
6.46167e+00	4.33351e-06
6.47544e+00	4.30251e-06
6.48922e+00	4.27180e-06
6.50300e+00	4.24137e-06
6.51678e+00	4.21123e-06
6.53055e+00	4.18137e-06
6.54433e+00	4.15179e-06
6.55811e+00	4.12250e-06
6.57189e+00	4.09348e-06
6.58566e+00	4.06473e-06
6.59944e+00	4.03625e-06
6.61322e+00	4.00803e-06
6.62700e+00	3.98008e-06
6.64077e+00	3.95240e-06
6.65455e+00	3.92498e-06
6.66833e+00	3.89778e-06
6.68211e+00	3.87090e-06
6.69589e+00	3.84425e-06
6.70966e+00	3.81787e-06
6.72344e+00	3.79173e-06
6.73722e+00	3.76582e-06
6.75100e+00	3.74007e-06
6.76477e+00	3.71449e-06
6.77855e+00	3.68906e-06
6.79233e+00	3.66380e-06
6.80611e+00	3.63870e-06
6.81988e+00	3.61376e-06
6.83366e+00	3.58898e-06
6.84744e+00	3.56437e-06
6.86122e+00	3.53991e-06
6.87499e+00	3.51561e-06
6.88877e+00	3.49147e-06
6.90255e+00	3.46750e-06
6.91633e+00	3.44361e-06
6.93010e+00	3.42010e-06
6.94388e+00	3.39654e-06
6.95766e+00	3.37298e-06
6.97144e+00	3.34972e-06
6.98521e+00	3.32661e-06
6.99899e+00	3.30368e-06
7.01277e+00	3.28094e-06
7.02655e+00	3.25838e-06
7.04032e+00	3.23602e-06
7.05410e+00	3.21381e-06
7.06788e+00	3.19193e-06
7.08166e+00	3.17012e-06
7.09543e+00	3.14835e-06
7.10921e+00	3.12686e-06
7.12299e+00	3.10555e-06
7.13677e+00	3.08443e-06
7.15054e+00	3.06348e-06
7.16432e+00	3.04272e-06
7.17810e+00	3.02214e-06
7.19188e+00	3.00174e-06
7.20565e+00	2.98152e-06
7.21943e+00	2.96147e-06
7.23321e+00	2.94161e-06
7.24699e+00	2.92198e-06
7.26076e+00	2.90256e-06
7.27454e+00	2.88336e-06
7.28832e+00	2.86437e-06
7.30210e+00	2.84559e-06
7.31587e+00	2.82701e-06
7.32965e+00	2.80863e-06
7.34343e+00	2.79045e-06
7.35721e+00	2.77246e-06
7.37098e+00	2.75461e-06
7.38476e+00	2.73674e-06
7.39854e+00	2.71884e-06
7.41232e+00	2.70093e-06
7.42609e+00	2.68300e-06
7.43987e+00	2.66507e-06
7.45365e+00	2.64713e-06
7.46743e+00	2.62918e-06
7.48120e+00	2.61124e-06
7.49498e+00	2.59332e-06
7.50876e+00	2.57542e-06
7.52254e+00	2.55754e-06
7.53632e+00	2.53967e-06
7.55009e+00	2.52180e-06
7.56387e+00	2.50393e-06
7.57765e+00	2.48607e-06
7.59143e+00	2.46821e-06
7.60520e+00	2.45036e-06
7.61898e+00	2.43252e-06
7.63276e+00	2.41469e-06
7.64654e+00	2.39687e-06
7.66031e+00	2.37907e-06
7.67409e+00	2.36130e-06
7.68787e+00	2.34355e-06
7.70165e+00	2.32582e-06
7.71542e+00	2.30814e-06
7.72920e+00	2.29048e-06
7.74298e+00	2.27287e-06
7.75676e+00	2.25522e-06
7.77053e+00	2.23743e-06
7.78431e+00	2.21947e-06
7.79809e+00	2.20134e-06
7.81187e+00	2.18295e-06
7.82564e+00	2.16433e-06
7.83942e+00	2.14544e-06
7.85320e+00	2.12629e-06
7.86698e+00	2.10689e-06
7.88075e+00	2.08724e-06
7.89453e+00	2.06737e-06
7.90831e+00	2.04729e-06
7.92209e+00	2.02702e-06
7.93586e+00	2.00656e-06
7.94964e+00	1.98594e-06
7.96342e+00	1.96517e-06
7.97720e+00	1.94427e-06
7.99097e+00	1.92322e-06
8.00475e+00	1.90203e-06
8.01853e+00	1.88071e-06
8.03231e+00	1.85925e-06
8.04608e+00	1.83764e-06
8.05986e+00	1.81590e-06
8.07364e+00	1.79405e-06
8.08742e+00	1.77209e-06
8.10119e+00	1.75005e-06
8.11497e+00	1.72792e-06
8.12875e+00	1.70577e-06
8.14253e+00	1.68356e-06
8.15630e+00	1.66133e-06
8.17008e+00	1.63908e-06
8.18386e+00	1.61682e-06
8.19764e+00	1.59458e-06
8.21141e+00	1.57237e-06
8.22519e+00	1.55018e-06
8.23897e+00	1.52792e-06
8.25275e+00	1.50561e-06
8.26652e+00	1.48325e-06
8.28030e+00	1.46087e-06
8.29408e+00	1.43849e-06
8.30786e+00	1.41606e-06
8.32163e+00	1.39359e-06
8.33541e+00	1.37111e-06
8.34919e+00	1.34861e-06
8.36297e+00	1.32610e-06
8.37675e+00	1.30361e-06
8.39052e+00	1.28114e-06
8.40430e+00	1.25871e-06
8.41808e+00	1.23635e-06
8.43186e+00	1.21405e-06
8.44563e+00	1.19184e-06
8.45941e+00	1.16973e-06
8.47319e+00	1.14754e-06
8.48697e+00	1.12529e-06
8.50074e+00	1.10305e-06
8.51452e+00	1.08091e-06
8.52830e+00	1.05889e-06
8.54208e+00	1.03701e-06
8.55585e+00	1.01532e-06
8.56963e+00	9.93852e-07
8.58341e+00	9.72610e-07
8.59719e+00	9.51601e-07
8.61096e+00	9.30830e-07
8.62474e+00	9.10303e-07
8.63852e+00	8.90024e-07
8.65230e+00	8.69999e-07
8.66607e+00	8.50232e-07
8.67985e+00	8.30725e-07
8.69363e+00	8.11484e-07
8.70741e+00	7.92515e-07
8.72118e+00	7.73818e-07
8.73496e+00	7.55396e-07
8.74874e+00	7.37246e-07
8.76252e+00	7.19369e-07
8.77629e+00	7.01765e-07
8.79007e+00	6.84438e-07
8.80385e+00	6.67387e-07
8.81763e+00	6.50613e-07
8.83140e+00	6.34118e-07
8.84518e+00	6.17900e-07
8.85896e+00	6.01960e-07
8.87274e+00	5.86298e-07
8.88651e+00	5.70914e-07
8.90029e+00	5.55805e-07
8.91407e+00	5.40970e-07
8.92785e+00	5.26415e-07
8.94162e+00	5.12130e-07
8.95540e+00	4.98106e-07
8.96918e+00	4.84356e-07
8.98296e+00	4.70881e-07
8.99673e+00	4.57682e-07
9.01051e+00	4.44780e-07
9.02429e+00	4.32167e-07
9.03807e+00	4.19859e-07
9.05184e+00	4.07859e-07
9.06562e+00	3.96162e-07
9.07940e+00	3.84762e-07
9.09318e+00	3.73651e-07
9.10695e+00	3.62824e-07
9.12073e+00	3.52276e-07
9.13451e+00	3.42001e-07
9.14829e+00	3.31992e-07
9.16206e+00	3.22244e-07
9.17584e+00	3.12751e-07
9.18962e+00	3.03508e-07
9.20340e+00	2.94509e-07
9.21718e+00	2.85748e-07
9.23095e+00	2.77221e-07
9.24473e+00	2.68921e-07
9.25851e+00	2.60844e-07
9.27229e+00	2.52985e-07
9.28606e+00	2.45339e-07
9.29984e+00	2.37899e-07
9.31362e+00	2.30663e-07
9.32740e+00	2.23625e-07
9.34117e+00	2.16781e-07
9.35495e+00	2.10126e-07
9.36873e+00	2.03656e-07
9.38251e+00	1.97366e-07
9.39628e+00	1.91252e-07
9.41006e+00	1.85309e-07
9.42384e+00	1.79534e-07
9.43762e+00	1.73923e-07
9.45139e+00	1.68471e-07
9.46517e+00	1.63174e-07
9.47895e+00	1.58029e-07
9.49273e+00	1.53033e-07
9.50650e+00	1.48180e-07
9.52028e+00	1.43469e-07
9.53406e+00	1.38894e-07
9.54784e+00	1.34454e-07
9.56161e+00	1.30143e-07
9.57539e+00	1.25958e-07
9.58917e+00	1.21895e-07
9.60295e+00	1.17950e-07
9.61672e+00	1.14121e-07
9.63050e+00	1.10403e-07
9.64428e+00	1.06797e-07
9.65806e+00	1.03295e-07
9.67183e+00	9.98973e-08
9.68561e+00	9.65998e-08
9.69939e+00	9.33995e-08
9.71317e+00	9.02939e-08
9.72694e+00	8.72806e-08
9.74072e+00	8.43572e-08
9.75450e+00	8.15215e-08
9.76828e+00	7.87711e-08
9.78205e+00	7.61037e-08
9.79583e+00	7.35170e-08
9.80961e+00	7.10091e-08
9.82339e+00	6.85776e-08
9.83716e+00	6.62207e-08
9.85094e+00	6.39363e-08
9.86472e+00	6.17226e-08
9.87850e+00	5.95776e-08
9.89227e+00	5.74994e-08
9.90605e+00	5.54862e-08
9.91983e+00	5.35361e-08
9.93361e+00	5.16474e-08
9.94738e+00	4.98184e-08
9.96116e+00	4.80477e-08
9.97494e+00	4.63334e-08
9.98872e+00	4.46745e-08
1.00025e+01	4.30686e-08
1.00163e+01	4.15263e-08
1.00301e+01	4.00262e-08
1.00438e+01	3.85766e-08
1.00576e+01	3.71806e-08
1.00714e+01	3.58334e-08
1.00852e+01	3.45336e-08
1.00989e+01	3.32796e-08
1.01127e+01	3.20701e-08
1.01265e+01	3.09036e-08
1.01403e+01	2.97785e-08
1.01540e+01	2.86934e-08
1.01678e+01	2.76468e-08
1.01816e+01	2.66375e-08
1.01954e+01	2.56640e-08
1.02092e+01	2.47252e-08
1.02229e+01	2.38198e-08
1.02367e+01	2.29466e-08
1.02505e+01	2.21045e-08
1.02643e+01	2.12925e-08
1.02780e+01	2.05095e-08
1.02918e+01	1.97545e-08
1.03056e+01	1.90266e-08
1.03194e+01	1.83248e-08
1.03332e+01	1.76481e-08
1.03469e+01	1.69958e-08
1.03607e+01	1.63670e-08
1.03745e+01	1.57608e-08
1.03883e+01	1.51765e-08
1.04020e+01	1.46133e-08
1.04158e+01	1.40705e-08
1.04296e+01	1.35473e-08
1.04434e+01	1.30432e-08
1.04572e+01	1.25573e-08
1.04709e+01	1.20891e-08
1.04847e+01	1.16380e-08
1.04985e+01	1.12033e-08
1.05123e+01	1.07845e-08
1.05260e+01	1.03809e-08
1.05398e+01	9.99215e-09
1.05536e+01	9.61757e-09
1.05674e+01	9.25668e-09
1.05812e+01	8.90892e-09
1.05949e+01	8.57364e-09
1.06087e+01	8.25275e-09
1.06225e+01	7.93979e-09
1.06363e+01	7.64014e-09
1.06500e+01	7.35138e-09
1.06638e+01	7.07335e-09
1.06776e+01	6.80564e-09
1.06914e+01	6.54786e-09
1.07051e+01	6.29967e-09
1.07189e+01	6.06071e-09
1.07327e+01	5.83064e-09
1.07465e+01	5.60915e-09
1.07603e+01	5.39592e-09
1.07740e+01	5.19065e-09
1.07878e+01	4.99306e-09
1.08016e+01	4.80285e-09
1.08154e+01	4.61977e-09
1.08291e+01	4.44355e-09
1.08429e+01	4.27394e-09
1.08567e+01	4.11070e-09
1.08705e+01	3.95359e-09
1.08843e+01	3.80239e-09
1.08980e+01	3.65690e-09
1.09118e+01	3.51688e-09
1.09256e+01	3.38215e-09
1.09394e+01	3.25252e-09
1.09531e+01	3.12780e-09
1.09669e+01	3.00781e-09
1.09807e+01	2.89238e-09
1.09945e+01	2.78133e-09
1.10083e+01	2.67450e-09
1.10220e+01	2.57172e-09
1.10358e+01	2.47288e-09
1.10496e+01	2.37782e-09
1.10634e+01	2.28640e-09
1.10771e+01	2.19849e-09
1.10909e+01	2.11397e-09
1.11047e+01	2.03269e-09
1.11185e+01	1.95456e-09
1.11323e+01	1.87944e-09
1.11460e+01	1.80722e-09
1.11598e+01	1.73780e-09
1.11736e+01	1.67107e-09
1.11874e+01	1.60692e-09
1.12011e+01	1.54525e-09
1.12149e+01	1.48592e-09
1.12287e+01	1.42883e-09
1.12425e+01	1.37393e-09
1.12563e+01	1.32111e-09
1.12700e+01	1.27032e-09
1.12838e+01	1.22148e-09
1.12976e+01	1.17451e-09
1.13114e+01	1.12935e-09
1.13251e+01	1.08594e-09
1.13389e+01	1.04421e-09
1.13527e+01	1.00409e-09
1.13665e+01	9.65543e-10
1.13802e+01	9.28497e-10
1.13940e+01	8.92902e-10
1.14078e+01	8.58706e-10
1.14216e+01	8.25858e-10
1.14354e+01	7.94312e-10
1.14491e+01	7.64014e-10
1.14629e+01	7.34925e-10
1.14767e+01	7.07001e-10
1.14905e+01	6.80198e-10
1.15042e+01	6.54477e-10
1.15180e+01	6.29799e-10
1.15318e+01	6.06126e-10
1.15456e+01	5.83420e-10
1.15594e+01	5.61525e-10
1.15731e+01	5.40180e-10
1.15869e+01	5.19400e-10
1.16007e+01	4.99174e-10
1.16145e+01	4.79469e-10
1.16282e+01	4.60262e-10
1.16420e+01	4.41099e-10
1.16558e+01	4.22079e-10
1.16696e+01	4.03387e-10
1.16834e+01	3.85480e-10
1.16971e+01	3.68483e-10
1.17109e+01	3.52400e-10
1.17247e+01	3.37211e-10
1.17385e+01	3.22804e-10
1.17522e+01	3.09015e-10
1.17660e+01	2.95703e-10
1.17798e+01	2.82868e-10
1.17936e+01	2.70550e-10
1.18074e+01	2.58769e-10
1.18211e+01	2.47402e-10
1.18349e+01	2.36292e-10
1.18487e+01	2.24678e-10
1.18625e+01	2.13493e-10
1.18762e+01	2.03087e-10
1.18900e+01	1.93284e-10
1.19038e+01	1.83753e-10
1.19176e+01	1.74428e-10
1.19314e+01	1.65668e-10
1.19451e+01	1.57428e-10
1.19589e+01	1.49652e-10
1.19727e+01	1.42297e-10
1.19865e+01	1.35336e-10
1.20002e+01	1.28733e-10
1.20140e+01	1.22460e-10
1.20278e+01	1.16498e-10
1.20416e+01	1.10822e-10
1.20553e+01	1.05418e-10
1.20691e+01	1.00273e-10
1.20829e+01	9.53755e-11
1.20967e+01	9.07134e-11
1.21105e+01	8.62726e-11
1.21242e+01	8.20407e-11
1.21380e+01	7.80060e-11
1.21518e+01	7.41601e-11
1.21656e+01	7.04949e-11
1.21793e+01	6.70029e-11
1.21931e+01	6.36764e-11
1.22069e+01	6.05049e-11
1.22207e+01	5.74789e-11
1.22345e+01	5.45912e-11
1.22482e+01	5.18353e-11
1.22620e+01	4.92058e-11
1.22758e+01	4.66977e-11
1.22896e+01	4.43064e-11
1.23033e+01	4.20269e-11
1.23171e+01	3.98567e-11
1.23309e+01	3.77928e-11
1.23447e+01	3.58303e-11
1.23585e+01	3.39646e-11
1.23722e+01	3.21911e-11
1.23860e+01	3.05058e-11
1.23998e+01	2.89046e-11
1.24136e+01	2.73818e-11
1.24273e+01	2.59340e-11
1.24411e+01	2.45573e-11
1.24549e+01	2.32486e-11
1.24687e+01	2.20047e-11
1.24825e+01	2.08227e-11
1.24962e+01	1.96997e-11
1.25100e+01	1.86327e-11
1.25238e+01	1.76186e-11
1.25376e+01	1.66549e-11
1.25513e+01	1.57399e-11
1.25651e+01	1.48717e-11
1.25789e+01	1.40449e-11
1.25927e+01	1.32615e-11
1.26065e+01	1.25186e-11
1.26202e+01	1.18144e-11
1.26340e+01	1.11476e-11
1.26478e+01	1.05163e-11
1.26616e+01	9.91869e-12
1.26753e+01	9.35312e-12
1.26891e+01	8.81792e-12
1.27029e+01	8.31195e-12
1.27167e+01	7.83392e-12
1.27304e+01	7.38235e-12
1.27442e+01	6.95608e-12
1.27580e+01	6.55374e-12
1.27718e+01	6.17399e-12
1.27856e+01	5.81558e-12
1.27993e+01	5.47737e-12
1.28131e+01	5.15872e-12
1.28269e+01	4.85889e-12
1.28407e+01	4.57690e-12
1.28544e+01	4.31244e-12
1.28682e+01	4.06478e-12
1.28820e+01	3.83303e-12
1.28958e+01	3.61525e-12
1.29096e+01	3.40988e-12
1.29233e+01	3.21361e-12
1.29371e+01	3.02915e-12
1.29509e+01	2.85768e-12
1.29647e+01	2.69855e-12
1.29784e+01	2.54849e-12
1.29922e+01	2.40616e-12
1.30060e+01	2.27037e-12
1.30198e+01	2.13493e-12
1.30336e+01	1.99911e-12
1.30473e+01	1.86451e-12
1.30611e+01	1.73800e-12
1.30749e+01	1.62452e-12
1.30887e+01	1.52190e-12
1.31024e+01	1.42924e-12
1.31162e+01	1.34504e-12
1.31300e+01	1.26829e-12
1.31438e+01	1.19696e-12
1.31576e+01	1.12899e-12
1.31713e+01	1.06398e-12
1.31851e+01	1.00131e-12
1.31989e+01	9.41183e-13
1.32127e+01	8.84196e-13
1.32264e+01	8.31935e-13
1.32402e+01	7.83713e-13
1.32540e+01	7.38884e-13
1.32678e+01	6.97054e-13
1.32815e+01	6.57952e-13
1.32953e+01	6.21498e-13
1.33091e+01	5.87396e-13
1.33229e+01	5.55446e-13
1.33367e+01	5.25459e-13
1.33504e+01	4.97272e-13
1.33642e+01	4.70739e-13
1.33780e+01	4.45710e-13
1.33918e+01	4.22042e-13
1.34055e+01	3.99674e-13
1.34193e+01	3.78542e-13
1.34331e+01	3.58522e-13
1.34469e+01	3.39558e-13
1.34607e+01	3.21561e-13
1.34744e+01	3.04533e-13
1.34882e+01	2.88562e-13
1.35020e+01	2.73636e-13
1.35158e+01	2.59699e-13
1.35295e+01	2.46664e-13
1.35433e+01	2.34479e-13
1.35571e+01	2.23111e-13
1.35709e+01	2.12526e-13
1.35847e+01	2.02692e-13
1.35984e+01	1.93578e-13
1.36122e+01	1.85161e-13
1.36260e+01	1.77415e-13
1.36398e+01	1.70318e-13
1.36535e+01	1.63845e-13
1.36673e+01	1.57979e-13
1.36811e+01	1.52701e-13
1.36949e+01	1.47994e-13
1.37087e+01	1.43845e-13
1.37224e+01	1.40241e-13
1.37362e+01	1.37174e-13
1.37500e+01	1.34632e-13
1.37638e+01	1.32664e-13
1.37775e+01	1.30800e-13
