# The ell = 1 distribution, the first anisotropy.
# E_N [Td]	8.50000e+00
# col_1: Electron Energy [eV], col_2: f1 [eV^(-3/2)]
eV	f1
1.67397e-02	3.41626e-05
3.34794e-02	6.93256e-05
5.02191e-02	1.03932e-04
6.69589e-02	1.29862e-04
8.36986e-02	1.52050e-04
1.00438e-01	1.71582e-04
1.17178e-01	1.89276e-04
1.33918e-01	2.06284e-04
1.50657e-01	2.22446e-04
1.67397e-01	2.38457e-04
1.84137e-01	2.54799e-04
2.00877e-01	2.71062e-04
2.17616e-01	2.88272e-04
2.34356e-01	3.05609e-04
2.51096e-01	3.24590e-04
2.67835e-01	3.45293e-04
2.84575e-01	3.67055e-04
3.01315e-01	3.90419e-04
3.18055e-01	4.12626e-04
3.34794e-01	4.34870e-04
3.51534e-01	4.62617e-04
3.68274e-01	4.94171e-04
3.85013e-01	5.33704e-04
4.01753e-01	5.85192e-04
4.18493e-01	6.45444e-04
4.35233e-01	7.18474e-04
4.51972e-01	8.06593e-04
4.68712e-01	9.05821e-04
4.85452e-01	1.02182e-03
5.02191e-01	1.15805e-03
5.18931e-01	1.30908e-03
5.35671e-01	1.48728e-03
5.52411e-01	1.70065e-03
5.69150e-01	1.94015e-03
5.85890e-01	2.21116e-03
6.02630e-01	2.51810e-03
6.19369e-01	2.85196e-03
6.36109e-01	3.21115e-03
6.52849e-01	3.63996e-03
6.69589e-01	4.12323e-03
6.86328e-01	4.65584e-03
7.03068e-01	5.29287e-03
7.19808e-01	6.02083e-03
7.36547e-01	6.81835e-03
7.53287e-01	7.71730e-03
7.70027e-01	8.70846e-03
7.86766e-01	9.76768e-03
8.03506e-01	1.08750e-02
8.20246e-01	1.20266e-02
8.36986e-01	1.32040e-02
8.53725e-01	1.43945e-02
8.70465e-01	1.56063e-02
8.87205e-01	1.69135e-02
9.03944e-01	1.82996e-02
9.20684e-01	1.97449e-02
9.37424e-01	2.12655e-02
9.54164e-01	2.29466e-02
9.70903e-01	2.47560e-02
9.87643e-01	2.66645e-02
1.00438e+00	2.86510e-02
1.02112e+00	3.08233e-02
1.03786e+00	3.31470e-02
1.05460e+00	3.55840e-02
1.07134e+00	3.80802e-02
1.08808e+00	4.06056e-02
1.10482e+00	4.31974e-02
1.12156e+00	4.58306e-02
1.13830e+00	4.84842e-02
1.15504e+00	5.11244e-02
1.17178e+00	5.37895e-02
1.18852e+00	5.64663e-02
1.20526e+00	5.91398e-02
1.22200e+00	6.18006e-02
1.23874e+00	6.45149e-02
1.25548e+00	6.73039e-02
1.27222e+00	7.01445e-02
1.28896e+00	7.30126e-02
1.30570e+00	7.58933e-02
1.32244e+00	7.90706e-02
1.33918e+00	8.24878e-02
1.35592e+00	8.60902e-02
1.37266e+00	8.98262e-02
1.38940e+00	9.35747e-02
1.40614e+00	9.71065e-02
1.42288e+00	1.00435e-01
1.43962e+00	1.03573e-01
1.45636e+00	1.06530e-01
1.47309e+00	1.09352e-01
1.48983e+00	1.12062e-01
1.50657e+00	1.14670e-01
1.52331e+00	1.17176e-01
1.54005e+00	1.19584e-01
1.55679e+00	1.21999e-01
1.57353e+00	1.24820e-01
1.59027e+00	1.27978e-01
1.60701e+00	1.31394e-01
1.62375e+00	1.35003e-01
1.64049e+00	1.38755e-01
1.65723e+00	1.42367e-01
1.67397e+00	1.45772e-01
1.69071e+00	1.48922e-01
1.70745e+00	1.51818e-01
1.72419e+00	1.54460e-01
1.74093e+00	1.56644e-01
1.75767e+00	1.58042e-01
1.77441e+00	1.58620e-01
1.79115e+00	1.58465e-01
1.80789e+00	1.57550e-01
1.82463e+00	1.55928e-01
1.84137e+00	1.53831e-01
1.85811e+00	1.51081e-01
1.87485e+00	1.47650e-01
1.89159e+00	1.43305e-01
1.90833e+00	1.38180e-01
1.92507e+00	1.32380e-01
1.94181e+00	1.26151e-01
1.95855e+00	1.19619e-01
1.97529e+00	1.13015e-01
1.99203e+00	1.06380e-01
2.00877e+00	9.97373e-02
2.02551e+00	9.32653e-02
2.04224e+00	8.72534e-02
2.05898e+00	8.17570e-02
2.07572e+00	7.67182e-02
2.09246e+00	7.20965e-02
2.10920e+00	6.78453e-02
2.12594e+00	6.36834e-02
2.14268e+00	5.95230e-02
2.15942e+00	5.54683e-02
2.17616e+00	5.16112e-02
2.19290e+00	4.79458e-02
2.20964e+00	4.44707e-02
2.22638e+00	4.12354e-02
2.24312e+00	3.82390e-02
2.25986e+00	3.54849e-02
2.27660e+00	3.29409e-02
2.29334e+00	3.06021e-02
2.31008e+00	2.84384e-02
2.32682e+00	2.64184e-02
2.34356e+00	2.45321e-02
2.36030e+00	2.27846e-02
2.37704e+00	2.11497e-02
2.39378e+00	1.96229e-02
2.41052e+00	1.82356e-02
2.42726e+00	1.69867e-02
2.44400e+00	1.57926e-02
2.46074e+00	1.46515e-02
2.47748e+00	1.35527e-02
2.49422e+00	1.25206e-02
2.51096e+00	1.15772e-02
2.52770e+00	1.07004e-02
2.54444e+00	9.89980e-03
2.56118e+00	9.17511e-03
2.57792e+00	8.51225e-03
2.59466e+00	7.91763e-03
2.61140e+00	7.37439e-03
2.62813e+00	6.86586e-03
2.64487e+00	6.38556e-03
2.66161e+00	5.93926e-03
2.67835e+00	5.52535e-03
2.69509e+00	5.13849e-03
2.71183e+00	4.78119e-03
2.72857e+00	4.46070e-03
2.74531e+00	4.17970e-03
2.76205e+00	3.93261e-03
2.77879e+00	3.70291e-03
2.79553e+00	3.48670e-03
2.81227e+00	3.28526e-03
2.82901e+00	3.09281e-03
2.84575e+00	2.90533e-03
2.86249e+00	2.72284e-03
2.87923e+00	2.54141e-03
2.89597e+00	2.36988e-03
2.91271e+00	2.21377e-03
2.92945e+00	2.07206e-03
2.94619e+00	1.94417e-03
2.96293e+00	1.82887e-03
2.97967e+00	1.72641e-03
2.99641e+00	1.63562e-03
3.01315e+00	1.55282e-03
3.02989e+00	1.47360e-03
3.04663e+00	1.39752e-03
3.06337e+00	1.32437e-03
3.08011e+00	1.25442e-03
3.09685e+00	1.18740e-03
3.11359e+00	1.12473e-03
3.13033e+00	1.06630e-03
3.14707e+00	1.01258e-03
3.16381e+00	9.62963e-04
3.18055e+00	9.15883e-04
3.19729e+00	8.71026e-04
3.21402e+00	8.28301e-04
3.23076e+00	7.87589e-04
3.24750e+00	7.48703e-04
3.26424e+00	7.11460e-04
3.28098e+00	6.76233e-04
3.29772e+00	6.43281e-04
3.31446e+00	6.12672e-04
3.33120e+00	5.84528e-04
3.34794e+00	5.58421e-04
3.36468e+00	5.34203e-04
3.38142e+00	5.11768e-04
3.39816e+00	4.90856e-04
3.41490e+00	4.71421e-04
3.43164e+00	4.53005e-04
3.44838e+00	4.35437e-04
3.46512e+00	4.18756e-04
3.48186e+00	4.02936e-04
3.49860e+00	3.87981e-04
3.51534e+00	3.73867e-04
3.53208e+00	3.60450e-04
3.54882e+00	3.47671e-04
3.56556e+00	3.35406e-04
3.58230e+00	3.23497e-04
3.59904e+00	3.11994e-04
3.61578e+00	3.00977e-04
3.63252e+00	2.90419e-04
3.64926e+00	2.80298e-04
3.66600e+00	2.70601e-04
3.68274e+00	2.61341e-04
3.69948e+00	2.52507e-04
3.71622e+00	2.44074e-04
3.73296e+00	2.36095e-04
3.74970e+00	2.28570e-04
3.76644e+00	2.21513e-04
3.78318e+00	2.14924e-04
3.79991e+00	2.08805e-04
3.81665e+00	2.03130e-04
3.83339e+00	1.97885e-04
3.85013e+00	1.93055e-04
3.86687e+00	1.88602e-04
3.88361e+00	1.84348e-04
3.90035e+00	1.80281e-04
3.91709e+00	1.76394e-04
3.93383e+00	1.72676e-04
3.95057e+00	1.69123e-04
3.96731e+00	1.65733e-04
3.98405e+00	1.62511e-04
4.00079e+00	1.59430e-04
4.01753e+00	1.56465e-04
4.03427e+00	1.53599e-04
4.05101e+00	1.50780e-04
4.06775e+00	1.48007e-04
4.08449e+00	1.45280e-04
4.10123e+00	1.42596e-04
4.11797e+00	1.39954e-04
4.13471e+00	1.37352e-04
4.15145e+00	1.34786e-04
4.16819e+00	1.32256e-04
4.18493e+00	1.29761e-04
4.20167e+00	1.27299e-04
4.21841e+00	1.24868e-04
4.23515e+00	1.22468e-04
4.25189e+00	1.20097e-04
4.26863e+00	1.17750e-04
4.28537e+00	1.15421e-04
4.30211e+00	1.13108e-04
4.31885e+00	1.10810e-04
4.33559e+00	1.08528e-04
4.35233e+00	1.06261e-04
4.36907e+00	1.04010e-04
4.38580e+00	1.01776e-04
4.40254e+00	9.95614e-05
4.41928e+00	9.73654e-05
4.43602e+00	9.51956e-05
4.45276e+00	9.30502e-05
4.46950e+00	9.09314e-05
4.48624e+00	8.88392e-05
4.50298e+00	8.67724e-05
4.51972e+00	8.47304e-05
4.53646e+00	8.27147e-05
4.55320e+00	8.07449e-05
4.56994e+00	7.88268e-05
4.58668e+00	7.69599e-05
4.60342e+00	7.51430e-05
4.62016e+00	7.33751e-05
4.63690e+00	7.16560e-05
4.65364e+00	7.00027e-05
4.67038e+00	6.84138e-05
4.68712e+00	6.68879e-05
4.70386e+00	6.54238e-05
4.72060e+00	6.40203e-05
4.73734e+00	6.26763e-05
4.75408e+00	6.13904e-05
4.77082e+00	6.01618e-05
4.78756e+00	5.89893e-05
4.80430e+00	5.78714e-05
4.82104e+00	5.68079e-05
4.83778e+00	5.58012e-05
4.85452e+00	5.48600e-05
4.87126e+00	5.39835e-05
4.88800e+00	5.31700e-05
4.90474e+00	5.24180e-05
4.92148e+00	5.17259e-05
4.93822e+00	5.10755e-05
4.95495e+00	5.04635e-05
4.97169e+00	4.98851e-05
4.98843e+00	4.93399e-05
5.00517e+00	4.88259e-05
5.02191e+00	4.83400e-05
5.03865e+00	4.78811e-05
5.05539e+00	4.74435e-05
5.07213e+00	4.70275e-05
5.08887e+00	4.66325e-05
5.10561e+00	4.62577e-05
5.12235e+00	4.58968e-05
5.13909e+00	4.55390e-05
5.15583e+00	4.51843e-05
5.17257e+00	4.48326e-05
5.18931e+00	4.44838e-05
5.20605e+00	4.41378e-05
5.22279e+00	4.37948e-05
5.23953e+00	4.34546e-05
5.25627e+00	4.31173e-05
5.27301e+00	4.27828e-05
5.28975e+00	4.24511e-05
5.30649e+00	4.21222e-05
5.32323e+00	4.17961e-05
5.33997e+00	4.14727e-05
5.35671e+00	4.11521e-05
5.37345e+00	4.08342e-05
5.39019e+00	4.05189e-05
5.40693e+00	4.02064e-05
5.42367e+00	3.98965e-05
5.44041e+00	3.95892e-05
5.45715e+00	3.92845e-05
5.47389e+00	3.89824e-05
5.49063e+00	3.86829e-05
5.50737e+00	3.83860e-05
5.52411e+00	3.80916e-05
5.54084e+00	3.77997e-05
5.55758e+00	3.75103e-05
5.57432e+00	3.72235e-05
5.59106e+00	3.69391e-05
5.60780e+00	3.66571e-05
5.62454e+00	3.63776e-05
5.64128e+00	3.61004e-05
5.65802e+00	3.58257e-05
5.67476e+00	3.55534e-05
5.69150e+00	3.52833e-05
5.70824e+00	3.50157e-05
5.72498e+00	3.47505e-05
5.74172e+00	3.44876e-05
5.75846e+00	3.42270e-05
5.77520e+00	3.39688e-05
5.79194e+00	3.37129e-05
5.80868e+00	3.34593e-05
5.82542e+00	3.32079e-05
5.84216e+00	3.29588e-05
5.85890e+00	3.27120e-05
5.87564e+00	3.24673e-05
5.89238e+00	3.22249e-05
5.90912e+00	3.19847e-05
5.92586e+00	3.17465e-05
5.94260e+00	3.15106e-05
5.95934e+00	3.12768e-05
5.97608e+00	3.10453e-05
5.99282e+00	3.08159e-05
6.00956e+00	3.05884e-05
6.02630e+00	3.03640e-05
6.04304e+00	3.01403e-05
6.05978e+00	2.99188e-05
6.07652e+00	2.96995e-05
6.09326e+00	2.94823e-05
6.11000e+00	2.92671e-05
6.12673e+00	2.90540e-05
6.14347e+00	2.88428e-05
6.16021e+00	2.86336e-05
6.17695e+00	2.84264e-05
6.19369e+00	2.82212e-05
6.21043e+00	2.80179e-05
6.22717e+00	2.78165e-05
6.24391e+00	2.76171e-05
6.26065e+00	2.74196e-05
6.27739e+00	2.72240e-05
6.29413e+00	2.70302e-05
6.31087e+00	2.68382e-05
6.32761e+00	2.66481e-05
6.34435e+00	2.64598e-05
6.36109e+00	2.62733e-05
6.37783e+00	2.60886e-05
6.39457e+00	2.59057e-05
6.41131e+00	2.57245e-05
6.42805e+00	2.55450e-05
6.44479e+00	2.53673e-05
6.46153e+00	2.51914e-05
6.47827e+00	2.50172e-05
6.49501e+00	2.48447e-05
6.51175e+00	2.46740e-05
6.52849e+00	2.45048e-05
6.54523e+00	2.43374e-05
6.56197e+00	2.41717e-05
6.57871e+00	2.40076e-05
6.59545e+00	2.38451e-05
6.61219e+00	2.36842e-05
6.62893e+00	2.35248e-05
6.64567e+00	2.33671e-05
6.66241e+00	2.32108e-05
6.67915e+00	2.30563e-05
6.69589e+00	2.29033e-05
6.71262e+00	2.27518e-05
6.72936e+00	2.26018e-05
6.74610e+00	2.24530e-05
6.76284e+00	2.23051e-05
6.77958e+00	2.21581e-05
6.79632e+00	2.20120e-05
6.81306e+00	2.18668e-05
6.82980e+00	2.17226e-05
6.84654e+00	2.15792e-05
6.86328e+00	2.14368e-05
6.88002e+00	2.12953e-05
6.89676e+00	2.11547e-05
6.91350e+00	2.10146e-05
6.93024e+00	2.08770e-05
6.94698e+00	2.07381e-05
6.96372e+00	2.06003e-05
6.98046e+00	2.04637e-05
6.99720e+00	2.03282e-05
7.01394e+00	2.01938e-05
7.03068e+00	2.00606e-05
7.04742e+00	1.99283e-05
7.06416e+00	1.97978e-05
7.08090e+00	1.96680e-05
7.09764e+00	1.95385e-05
7.11438e+00	1.94106e-05
7.13112e+00	1.92839e-05
7.14786e+00	1.91582e-05
7.16460e+00	1.90337e-05
7.18134e+00	1.89104e-05
7.19808e+00	1.87881e-05
7.21482e+00	1.86669e-05
7.23156e+00	1.85468e-05
7.24830e+00	1.84281e-05
7.26504e+00	1.83108e-05
7.28178e+00	1.81949e-05
7.29851e+00	1.80803e-05
7.31525e+00	1.79672e-05
7.33199e+00	1.78553e-05
7.34873e+00	1.77447e-05
7.36547e+00	1.76354e-05
7.38221e+00	1.75262e-05
7.39895e+00	1.74165e-05
7.41569e+00	1.73066e-05
7.43243e+00	1.71965e-05
7.44917e+00	1.70861e-05
7.46591e+00	1.69755e-05
7.48265e+00	1.68648e-05
7.49939e+00	1.67540e-05
7.51613e+00	1.66432e-05
7.53287e+00	1.65323e-05
7.54961e+00	1.64213e-05
7.56635e+00	1.63100e-05
7.58309e+00	1.61987e-05
7.59983e+00	1.60871e-05
7.61657e+00	1.59755e-05
7.63331e+00	1.58637e-05
7.65005e+00	1.57518e-05
7.66679e+00	1.56398e-05
7.68353e+00	1.55278e-05
7.70027e+00	1.54158e-05
7.71701e+00	1.53038e-05
7.73375e+00	1.51919e-05
7.75049e+00	1.50800e-05
7.76723e+00	1.49670e-05
7.78397e+00	1.48525e-05
7.80071e+00	1.47363e-05
7.81745e+00	1.46178e-05
7.83419e+00	1.44972e-05
7.85093e+00	1.43740e-05
7.86766e+00	1.42486e-05
7.88440e+00	1.41209e-05
7.90114e+00	1.39911e-05
7.91788e+00	1.38593e-05
7.93462e+00	1.37256e-05
7.95136e+00	1.35902e-05
7.96810e+00	1.34532e-05
7.98484e+00	1.33146e-05
8.00158e+00	1.31744e-05
8.01832e+00	1.30327e-05
8.03506e+00	1.28894e-05
8.05180e+00	1.27444e-05
8.06854e+00	1.25979e-05
8.08528e+00	1.24499e-05
8.10202e+00	1.23007e-05
8.11876e+00	1.21504e-05
8.13550e+00	1.19991e-05
8.15224e+00	1.18470e-05
8.16898e+00	1.16941e-05
8.18572e+00	1.15405e-05
8.20246e+00	1.13865e-05
8.21920e+00	1.12321e-05
8.23594e+00	1.10769e-05
8.25268e+00	1.09204e-05
8.26942e+00	1.07629e-05
8.28616e+00	1.06046e-05
8.30290e+00	1.04454e-05
8.31964e+00	1.02851e-05
8.33638e+00	1.01240e-05
8.35312e+00	9.96187e-06
8.36986e+00	9.79899e-06
8.38660e+00	9.63552e-06
8.40334e+00	9.47159e-06
8.42008e+00	9.30736e-06
8.43682e+00	9.14298e-06
8.45355e+00	8.97858e-06
8.47029e+00	8.81333e-06
8.48703e+00	8.64663e-06
8.50377e+00	8.47914e-06
8.52051e+00	8.31174e-06
8.53725e+00	8.14460e-06
8.55399e+00	7.97814e-06
8.57073e+00	7.81282e-06
8.58747e+00	7.64874e-06
8.60421e+00	7.48597e-06
8.62095e+00	7.32459e-06
8.63769e+00	7.16467e-06
8.65443e+00	7.00628e-06
8.67117e+00	6.84947e-06
8.68791e+00	6.69431e-06
8.70465e+00	6.54089e-06
8.72139e+00	6.38925e-06
8.73813e+00	6.23943e-06
8.75487e+00	6.09143e-06
8.77161e+00	5.94527e-06
8.78835e+00	5.80100e-06
8.80509e+00	5.65865e-06
8.82183e+00	5.51826e-06
8.83857e+00	5.37984e-06
8.85531e+00	5.24344e-06
8.87205e+00	5.10907e-06
8.88879e+00	4.97674e-06
8.90553e+00	4.84646e-06
8.92227e+00	4.71828e-06
8.93901e+00	4.59222e-06
8.95575e+00	4.46812e-06
8.97249e+00	4.34617e-06
8.98923e+00	4.22642e-06
9.00597e+00	4.10900e-06
9.02271e+00	3.99403e-06
9.03944e+00	3.88165e-06
9.05618e+00	3.77196e-06
9.07292e+00	3.66492e-06
9.08966e+00	3.56048e-06
9.10640e+00	3.45860e-06
9.12314e+00	3.35922e-06
9.13988e+00	3.26232e-06
9.15662e+00	3.16783e-06
9.17336e+00	3.07570e-06
9.19010e+00	2.98591e-06
9.20684e+00	2.89839e-06
9.22358e+00	2.81310e-06
9.24032e+00	2.72999e-06
9.25706e+00	2.64902e-06
9.27380e+00	2.57016e-06
9.29054e+00	2.49334e-06
9.30728e+00	2.41853e-06
9.32402e+00	2.34569e-06
9.34076e+00	2.27478e-06
9.35750e+00	2.20576e-06
9.37424e+00	2.13858e-06
9.39098e+00	2.07321e-06
9.40772e+00	2.00961e-06
9.42446e+00	1.94773e-06
9.44120e+00	1.88754e-06
9.45794e+00	1.82900e-06
9.47468e+00	1.77208e-06
9.49142e+00	1.71674e-06
9.50816e+00	1.66294e-06
9.52490e+00	1.61065e-06
9.54164e+00	1.55983e-06
9.55838e+00	1.51045e-06
9.57512e+00	1.46247e-06
9.59186e+00	1.41582e-06
9.60860e+00	1.37048e-06
9.62533e+00	1.32641e-06
9.64207e+00	1.28362e-06
9.65881e+00	1.24201e-06
9.67555e+00	1.20159e-06
9.69229e+00	1.16232e-06
9.70903e+00	1.12416e-06
9.72577e+00	1.08708e-06
9.74251e+00	1.05106e-06
9.75925e+00	1.01608e-06
9.77599e+00	9.82110e-07
9.79273e+00	9.49125e-07
9.80947e+00	9.17102e-07
9.82621e+00	8.86017e-07
9.84295e+00	8.55846e-07
9.85969e+00	8.26570e-07
9.87643e+00	7.98165e-07
9.89317e+00	7.70611e-07
9.90991e+00	7.43886e-07
9.92665e+00	7.17967e-07
9.94339e+00	6.92835e-07
9.96013e+00	6.68472e-07
9.97687e+00	6.44858e-07
9.99361e+00	6.21965e-07
1.00103e+01	5.99887e-07
1.00271e+01	5.78510e-07
1.00438e+01	5.57753e-07
1.00606e+01	5.37773e-07
1.00773e+01	5.18478e-07
1.00940e+01	4.99853e-07
1.01108e+01	4.81877e-07
1.01275e+01	4.64532e-07
1.01443e+01	4.47793e-07
1.01610e+01	4.31641e-07
1.01777e+01	4.16054e-07
1.01945e+01	4.01014e-07
1.02112e+01	3.86500e-07
1.02280e+01	3.72495e-07
1.02447e+01	3.58981e-07
1.02614e+01	3.45941e-07
1.02782e+01	3.33361e-07
1.02949e+01	3.21223e-07
1.03117e+01	3.09513e-07
1.03284e+01	2.98217e-07
1.03451e+01	2.87321e-07
1.03619e+01	2.76811e-07
1.03786e+01	2.66674e-07
1.03954e+01	2.56897e-07
1.04121e+01	2.47469e-07
1.04288e+01	2.38376e-07
1.04456e+01	2.29609e-07
1.04623e+01	2.21155e-07
1.04791e+01	2.13004e-07
1.04958e+01	2.05146e-07
1.05125e+01	1.97571e-07
1.05293e+01	1.90267e-07
1.05460e+01	1.83227e-07
1.05628e+01	1.76440e-07
1.05795e+01	1.69892e-07
1.05962e+01	1.63595e-07
1.06130e+01	1.57518e-07
1.06297e+01	1.51633e-07
1.06465e+01	1.45979e-07
1.06632e+01	1.40529e-07
1.06799e+01	1.35278e-07
1.06967e+01	1.30220e-07
1.07134e+01	1.25347e-07
1.07302e+01	1.20652e-07
1.07469e+01	1.16130e-07
1.07636e+01	1.11774e-07
1.07804e+01	1.07578e-07
1.07971e+01	1.03537e-07
1.08139e+01	9.96449e-08
1.08306e+01	9.58967e-08
1.08473e+01	9.22871e-08
1.08641e+01	8.88111e-08
1.08808e+01	8.54641e-08
1.08976e+01	8.22414e-08
1.09143e+01	7.91386e-08
1.09310e+01	7.61513e-08
1.09478e+01	7.32758e-08
1.09645e+01	7.05079e-08
1.09813e+01	6.78439e-08
1.09980e+01	6.52797e-08
1.10147e+01	6.28116e-08
1.10315e+01	6.04365e-08
1.10482e+01	5.81513e-08
1.10650e+01	5.59528e-08
1.10817e+01	5.38378e-08
1.10984e+01	5.18035e-08
1.11152e+01	4.98468e-08
1.11319e+01	4.79650e-08
1.11486e+01	4.61552e-08
1.11654e+01	4.44149e-08
1.11821e+01	4.27415e-08
1.11989e+01	4.11325e-08
1.12156e+01	3.95835e-08
1.12323e+01	3.80924e-08
1.12491e+01	3.66574e-08
1.12658e+01	3.52765e-08
1.12826e+01	3.39478e-08
1.12993e+01	3.26696e-08
1.13160e+01	3.14399e-08
1.13328e+01	3.02572e-08
1.13495e+01	2.91199e-08
1.13663e+01	2.80263e-08
1.13830e+01	2.69749e-08
1.13997e+01	2.59643e-08
1.14165e+01	2.49931e-08
1.14332e+01	2.40599e-08
1.14500e+01	2.31634e-08
1.14667e+01	2.23022e-08
1.14834e+01	2.14753e-08
1.15002e+01	2.06814e-08
1.15169e+01	1.99193e-08
1.15337e+01	1.91880e-08
1.15504e+01	1.84864e-08
1.15671e+01	1.78041e-08
1.15839e+01	1.71366e-08
1.16006e+01	1.64840e-08
1.16174e+01	1.58452e-08
1.16341e+01	1.52180e-08
1.16508e+01	1.45839e-08
1.16676e+01	1.39491e-08
1.16843e+01	1.33402e-08
1.17011e+01	1.27627e-08
1.17178e+01	1.22179e-08
1.17345e+01	1.17037e-08
1.17513e+01	1.12127e-08
1.17680e+01	1.07376e-08
1.17848e+01	1.02782e-08
1.18015e+01	9.83714e-09
1.18182e+01	9.41262e-09
1.18350e+01	8.99734e-09
1.18517e+01	8.55581e-09
1.18685e+01	8.13544e-09
1.18852e+01	7.75002e-09
1.19019e+01	7.37478e-09
1.19187e+01	7.00459e-09
1.19354e+01	6.65767e-09
1.19522e+01	6.33159e-09
1.19689e+01	6.02392e-09
1.19856e+01	5.73291e-09
1.20024e+01	5.45703e-09
1.20191e+01	5.19484e-09
1.20359e+01	4.94534e-09
1.20526e+01	4.70761e-09
1.20693e+01	4.48108e-09
1.20861e+01	4.26528e-09
1.21028e+01	4.05961e-09
1.21196e+01	3.86348e-09
1.21363e+01	3.67625e-09
1.21530e+01	3.49753e-09
1.21698e+01	3.32700e-09
1.21865e+01	3.16432e-09
1.22033e+01	3.00910e-09
1.22200e+01	2.86075e-09
1.22367e+01	2.71891e-09
1.22535e+01	2.58330e-09
1.22702e+01	2.45366e-09
1.22869e+01	2.32981e-09
1.23037e+01	2.21152e-09
1.23204e+01	2.09873e-09
1.23372e+01	1.99132e-09
1.23539e+01	1.88905e-09
1.23706e+01	1.79169e-09
1.23874e+01	1.69904e-09
1.24041e+01	1.61088e-09
1.24209e+01	1.52690e-09
1.24376e+01	1.44691e-09
1.24543e+01	1.37074e-09
1.24711e+01	1.29821e-09
1.24878e+01	1.22917e-09
1.25046e+01	1.16347e-09
1.25213e+01	1.10090e-09
1.25380e+01	1.04132e-09
1.25548e+01	9.84703e-10
1.25715e+01	9.30713e-10
1.25883e+01	8.79371e-10
1.26050e+01	8.30603e-10
1.26217e+01	7.84303e-10
1.26385e+01	7.40394e-10
1.26552e+01	6.98767e-10
1.26720e+01	6.59310e-10
1.26887e+01	6.21916e-10
1.27054e+01	5.86519e-10
1.27222e+01	5.53040e-10
1.27389e+01	5.21391e-10
1.27557e+01	4.91490e-10
1.27724e+01	4.63242e-10
1.27891e+01	4.36556e-10
1.28059e+01	4.11356e-10
1.28226e+01	3.87629e-10
1.28394e+01	3.65307e-10
1.28561e+01	3.44372e-10
1.28728e+01	3.24789e-10
1.28896e+01	3.06461e-10
1.29063e+01	2.89196e-10
1.29231e+01	2.72684e-10
1.29398e+01	2.57156e-10
1.29565e+01	2.42769e-10
1.29733e+01	2.29367e-10
1.29900e+01	2.16638e-10
1.30068e+01	2.04473e-10
1.30235e+01	1.92154e-10
1.30402e+01	1.79624e-10
1.30570e+01	1.67388e-10
1.30737e+01	1.56377e-10
1.30905e+01	1.46524e-10
1.31072e+01	1.37696e-10
1.31239e+01	1.29736e-10
1.31407e+01	1.22451e-10
1.31574e+01	1.15518e-10
1.31742e+01	1.08854e-10
1.31909e+01	1.02387e-10
1.32076e+01	9.61667e-11
1.32244e+01	9.04252e-11
1.32411e+01	8.51610e-11
1.32579e+01	8.02756e-11
1.32746e+01	7.57135e-11
1.32913e+01	7.14631e-11
1.33081e+01	6.74889e-11
1.33248e+01	6.37636e-11
1.33416e+01	6.02611e-11
1.33583e+01	5.69617e-11
1.33750e+01	5.38422e-11
1.33918e+01	5.08807e-11
1.34085e+01	4.80683e-11
1.34252e+01	4.53955e-11
1.34420e+01	4.28450e-11
1.34587e+01	4.04082e-11
1.34755e+01	3.80796e-11
1.34922e+01	3.58801e-11
1.35089e+01	3.38108e-11
1.35257e+01	3.18569e-11
1.35424e+01	3.00077e-11
1.35592e+01	2.82585e-11
1.35759e+01	2.66042e-11
1.35926e+01	2.50401e-11
1.36094e+01	2.35617e-11
1.36261e+01	2.21656e-11
1.36429e+01	2.08475e-11
1.36596e+01	1.96033e-11
1.36763e+01	1.84293e-11
1.36931e+01	1.73217e-11
1.37098e+01	1.62771e-11
1.37266e+01	1.52922e-11
1.37433e+01	1.43638e-11
1.37600e+01	1.34889e-11
1.37768e+01	1.26648e-11
1.37935e+01	1.18886e-11
1.38103e+01	1.11575e-11
1.38270e+01	1.04691e-11
1.38437e+01	9.82110e-12
1.38605e+01	9.21112e-12
1.38772e+01	8.63676e-12
1.38940e+01	8.09556e-12
1.39107e+01	7.58583e-12
1.39274e+01	7.10560e-12
1.39442e+01	6.65338e-12
1.39609e+01	6.22771e-12
1.39777e+01	5.82737e-12
1.39944e+01	5.45082e-12
1.40111e+01	5.09660e-12
1.40279e+01	4.76360e-12
1.40446e+01	4.45090e-12
1.40614e+01	4.15735e-12
1.40781e+01	3.88195e-12
1.40948e+01	3.62353e-12
1.41116e+01	3.38116e-12
1.41283e+01	3.15394e-12
1.41451e+01	2.94102e-12
1.41618e+01	2.74159e-12
1.41785e+01	2.55488e-12
1.41953e+01	2.38012e-12
1.42120e+01	2.21663e-12
1.42288e+01	2.06363e-12
1.42455e+01	1.92047e-12
1.42622e+01	1.78653e-12
1.42790e+01	1.66127e-12
1.42957e+01	1.54419e-12
1.43125e+01	1.43479e-12
1.43292e+01	1.33263e-12
1.43459e+01	1.23726e-12
1.43627e+01	1.14829e-12
1.43794e+01	1.06530e-12
1.43962e+01	9.87946e-13
1.44129e+01	9.15858e-13
1.44296e+01	8.48713e-13
1.44464e+01	7.86195e-13
1.44631e+01	7.28012e-13
1.44799e+01	6.73895e-13
1.44966e+01	6.23579e-13
1.45133e+01	5.76815e-13
1.45301e+01	5.33371e-13
1.45468e+01	4.93030e-13
1.45636e+01	4.55583e-13
1.45803e+01	4.20838e-13
1.45970e+01	3.88612e-13
1.46138e+01	3.58733e-13
1.46305e+01	3.31041e-13
1.46472e+01	3.05387e-13
1.46640e+01	2.81628e-13
1.46807e+01	2.59632e-13
1.46975e+01	2.39277e-13
1.47142e+01	2.20447e-13
1.47309e+01	2.03033e-13
1.47477e+01	1.86936e-13
1.47644e+01	1.72060e-13
1.47812e+01	1.58317e-13
1.47979e+01	1.45626e-13
1.48146e+01	1.33909e-13
1.48314e+01	1.23096e-13
1.48481e+01	1.13120e-13
1.48649e+01	1.03919e-13
1.48816e+01	9.54361e-14
1.48983e+01	8.76177e-14
1.49151e+01	8.04140e-14
1.49318e+01	7.37786e-14
1.49486e+01	6.76686e-14
1.49653e+01	6.20441e-14
1.49820e+01	5.68687e-14
1.49988e+01	5.21091e-14
1.50155e+01	4.77344e-14
1.50323e+01	4.37173e-14
1.50490e+01	4.00297e-14
1.50657e+01	3.66459e-14
1.50825e+01	3.35416e-14
1.50992e+01	3.06943e-14
1.51160e+01	2.80833e-14
1.51327e+01	2.56895e-14
1.51494e+01	2.34952e-14
1.51662e+01	2.14842e-14
1.51829e+01	1.96417e-14
1.51997e+01	1.79537e-14
1.52164e+01	1.64078e-14
1.52331e+01	1.49921e-14
1.52499e+01	1.36961e-14
1.52666e+01	1.25097e-14
1.52834e+01	1.14241e-14
1.53001e+01	1.04307e-14
1.53168e+01	9.52196e-15
1.53336e+01	8.69080e-15
1.53503e+01	7.93075e-15
1.53671e+01	7.23586e-15
1.53838e+01	6.60066e-15
1.54005e+01	6.02015e-15
1.54173e+01	5.48972e-15
1.54340e+01	5.00515e-15
1.54508e+01	4.56255e-15
1.54675e+01	4.15837e-15
1.54842e+01	3.78934e-15
1.55010e+01	3.45248e-15
1.55177e+01	3.14503e-15
1.55345e+01	2.86449e-15
1.55512e+01	2.60855e-15
1.55679e+01	2.37510e-15
1.55847e+01	2.16220e-15
1.56014e+01	1.96807e-15
1.56182e+01	1.79108e-15
1.56349e+01	1.62976e-15
1.56516e+01	1.48274e-15
1.56684e+01	1.34879e-15
1.56851e+01	1.22677e-15
1.57019e+01	1.11566e-15
1.57186e+01	1.01449e-15
1.57353e+01	9.22396e-16
1.57521e+01	8.38594e-16
1.57688e+01	7.62349e-16
1.57855e+01	6.92792e-16
1.58023e+01	6.29368e-16
1.58190e+01	5.71556e-16
1.58358e+01	5.18876e-16
1.58525e+01	4.70894e-16
1.58692e+01	4.27205e-16
1.58860e+01	3.87438e-16
1.59027e+01	3.51256e-16
1.59195e+01	3.18346e-16
1.59362e+01	2.88424e-16
1.59529e+01	2.61224e-16
1.59697e+01	2.36509e-16
1.59864e+01	2.14062e-16
1.60032e+01	1.93684e-16
1.60199e+01	1.75196e-16
1.60366e+01	1.58431e-16
1.60534e+01	1.43233e-16
1.60701e+01	1.29460e-16
1.60869e+01	1.16984e-16
1.61036e+01	1.05685e-16
1.61203e+01	9.54543e-17
1.61371e+01	8.61938e-17
1.61538e+01	7.78141e-17
1.61706e+01	7.02333e-17
1.61873e+01	6.33773e-17
1.62040e+01	5.71788e-17
1.62208e+01	5.15764e-17
1.62375e+01	4.65139e-17
1.62543e+01	4.19409e-17
1.62710e+01	3.78113e-17
1.62877e+01	3.40836e-17
1.63045e+01	3.07199e-17
1.63212e+01	2.76855e-17
1.63380e+01	2.49493e-17
1.63547e+01	2.24833e-17
1.63714e+01	2.02617e-17
1.63882e+01	1.82613e-17
1.64049e+01	1.64614e-17
1.64217e+01	1.48430e-17
1.64384e+01	1.33887e-17
1.64551e+01	1.20833e-17
1.64719e+01	1.09128e-17
1.64886e+01	9.86488e-18
1.65054e+01	8.92814e-18
1.65221e+01	8.09241e-18
1.65388e+01	7.34863e-18
1.65556e+01	6.68862e-18
1.65723e+01	6.10523e-18
1.65891e+01	5.59210e-18
1.66058e+01	5.14357e-18
1.66225e+01	4.75470e-18
1.66393e+01	4.42116e-18
1.66560e+01	4.13924e-18
1.66728e+01	3.90581e-18
1.66895e+01	3.71824e-18
1.67062e+01	3.57426e-18
1.67230e+01	3.47330e-18
1.67397e+01	3.40285e-18
