# The ell = 1 distribution, the first anisotropy.
# E_N [Td]	2.00000e+01
# col_1: Electron Energy [eV], col_2: f1 [eV^(-3/2)]
eV	f1
2.24887e-02	1.85174e-04
4.49774e-02	3.51776e-04
6.74661e-02	4.58906e-04
8.99548e-02	5.42055e-04
1.12444e-01	6.10543e-04
1.34932e-01	6.75438e-04
1.57421e-01	7.40492e-04
1.79910e-01	8.05862e-04
2.02398e-01	8.72725e-04
2.24887e-01	9.42895e-04
2.47376e-01	1.01522e-03
2.69864e-01	1.09609e-03
2.92353e-01	1.18657e-03
3.14842e-01	1.28370e-03
3.37331e-01	1.39158e-03
3.59819e-01	1.51349e-03
3.82308e-01	1.65862e-03
4.04797e-01	1.83397e-03
4.27285e-01	2.03959e-03
4.49774e-01	2.27679e-03
4.72263e-01	2.54688e-03
4.94752e-01	2.85291e-03
5.17240e-01	3.18574e-03
5.39729e-01	3.57912e-03
5.62218e-01	4.02427e-03
5.84706e-01	4.52475e-03
6.07195e-01	5.08317e-03
6.29684e-01	5.70468e-03
6.52172e-01	6.43493e-03
6.74661e-01	7.25303e-03
6.97150e-01	8.17824e-03
7.19639e-01	9.21701e-03
7.42127e-01	1.03503e-02
7.64616e-01	1.15064e-02
7.87105e-01	1.27058e-02
8.09593e-01	1.39286e-02
8.32082e-01	1.51706e-02
8.54571e-01	1.64333e-02
8.77059e-01	1.77222e-02
8.99548e-01	1.90956e-02
9.22037e-01	2.05564e-02
9.44526e-01	2.20733e-02
9.67014e-01	2.37195e-02
9.89503e-01	2.54926e-02
1.01199e+00	2.73157e-02
1.03448e+00	2.92331e-02
1.05697e+00	3.12358e-02
1.07946e+00	3.33275e-02
1.10195e+00	3.54622e-02
1.12444e+00	3.75634e-02
1.14692e+00	3.96566e-02
1.16941e+00	4.17732e-02
1.19190e+00	4.38690e-02
1.21439e+00	4.59451e-02
1.23688e+00	4.80960e-02
1.25937e+00	5.02797e-02
1.28186e+00	5.24889e-02
1.30434e+00	5.48741e-02
1.32683e+00	5.73592e-02
1.34932e+00	5.99519e-02
1.37181e+00	6.26364e-02
1.39430e+00	6.51130e-02
1.41679e+00	6.74248e-02
1.43928e+00	6.95833e-02
1.46177e+00	7.15302e-02
1.48425e+00	7.33634e-02
1.50674e+00	7.51194e-02
1.52923e+00	7.68001e-02
1.55172e+00	7.84324e-02
1.57421e+00	8.03275e-02
1.59670e+00	8.24394e-02
1.61919e+00	8.47380e-02
1.64168e+00	8.72649e-02
1.66416e+00	8.97953e-02
1.68665e+00	9.23003e-02
1.70914e+00	9.47648e-02
1.73163e+00	9.71993e-02
1.75412e+00	9.91727e-02
1.77661e+00	1.00637e-01
1.79910e+00	1.01620e-01
1.82159e+00	1.02058e-01
1.84407e+00	1.02193e-01
1.86656e+00	1.01926e-01
1.88905e+00	1.01123e-01
1.91154e+00	9.97288e-02
1.93403e+00	9.77583e-02
1.95652e+00	9.52862e-02
1.97901e+00	9.25117e-02
2.00149e+00	8.94613e-02
2.02398e+00	8.61892e-02
2.04647e+00	8.30194e-02
2.06896e+00	8.00212e-02
2.09145e+00	7.71642e-02
2.11394e+00	7.44305e-02
2.13643e+00	7.14621e-02
2.15892e+00	6.84013e-02
2.18140e+00	6.53890e-02
2.20389e+00	6.24253e-02
2.22638e+00	5.95682e-02
2.24887e+00	5.68717e-02
2.27136e+00	5.43061e-02
2.29385e+00	5.18730e-02
2.31634e+00	4.95437e-02
2.33883e+00	4.72935e-02
2.36131e+00	4.51299e-02
2.38380e+00	4.30135e-02
2.40629e+00	4.09693e-02
2.42878e+00	3.90997e-02
2.45127e+00	3.72065e-02
2.47376e+00	3.52661e-02
2.49625e+00	3.33712e-02
2.51873e+00	3.16029e-02
2.54122e+00	2.99286e-02
2.56371e+00	2.84035e-02
2.58620e+00	2.70043e-02
2.60869e+00	2.57376e-02
2.63118e+00	2.45012e-02
2.65367e+00	2.32865e-02
2.67616e+00	2.21211e-02
2.69864e+00	2.09953e-02
2.72113e+00	1.99314e-02
2.74362e+00	1.89983e-02
2.76611e+00	1.81873e-02
2.78860e+00	1.74076e-02
2.81109e+00	1.66633e-02
2.83358e+00	1.59301e-02
2.85607e+00	1.51868e-02
2.87855e+00	1.44181e-02
2.90104e+00	1.36678e-02
2.92353e+00	1.29845e-02
2.94602e+00	1.23678e-02
2.96851e+00	1.18165e-02
2.99100e+00	1.13390e-02
3.01349e+00	1.09071e-02
3.03598e+00	1.04860e-02
3.05846e+00	1.00699e-02
3.08095e+00	9.66174e-03
3.10344e+00	9.26251e-03
3.12593e+00	8.88710e-03
3.14842e+00	8.54156e-03
3.17091e+00	8.22073e-03
3.19340e+00	7.91175e-03
3.21588e+00	7.61375e-03
3.23837e+00	7.32641e-03
3.26086e+00	7.04791e-03
3.28335e+00	6.78203e-03
3.30584e+00	6.53402e-03
3.32833e+00	6.30630e-03
3.35082e+00	6.09706e-03
3.37331e+00	5.90435e-03
3.39579e+00	5.72615e-03
3.41828e+00	5.56154e-03
3.44077e+00	5.40397e-03
3.46326e+00	5.25369e-03
3.48575e+00	5.11074e-03
3.50824e+00	4.97587e-03
3.53073e+00	4.84743e-03
3.55322e+00	4.72452e-03
3.57570e+00	4.60527e-03
3.59819e+00	4.48977e-03
3.62068e+00	4.37878e-03
3.64317e+00	4.27217e-03
3.66566e+00	4.16982e-03
3.68815e+00	4.07208e-03
3.71064e+00	3.97882e-03
3.73313e+00	3.89053e-03
3.75561e+00	3.80808e-03
3.77810e+00	3.73147e-03
3.80059e+00	3.66106e-03
3.82308e+00	3.59656e-03
3.84557e+00	3.53782e-03
3.86806e+00	3.48439e-03
3.89055e+00	3.43360e-03
3.91303e+00	3.38513e-03
3.93552e+00	3.33881e-03
3.95801e+00	3.29459e-03
3.98050e+00	3.25257e-03
4.00299e+00	3.21254e-03
4.02548e+00	3.17398e-03
4.04797e+00	3.13616e-03
4.07046e+00	3.09868e-03
4.09294e+00	3.06154e-03
4.11543e+00	3.02473e-03
4.13792e+00	2.98821e-03
4.16041e+00	2.95194e-03
4.18290e+00	2.91591e-03
4.20539e+00	2.88011e-03
4.22788e+00	2.84450e-03
4.25037e+00	2.80906e-03
4.27285e+00	2.77365e-03
4.29534e+00	2.73820e-03
4.31783e+00	2.70269e-03
4.34032e+00	2.66713e-03
4.36281e+00	2.63152e-03
4.38530e+00	2.59592e-03
4.40779e+00	2.56034e-03
4.43027e+00	2.52489e-03
4.45276e+00	2.48972e-03
4.47525e+00	2.45479e-03
4.49774e+00	2.42012e-03
4.52023e+00	2.38569e-03
4.54272e+00	2.35158e-03
4.56521e+00	2.31822e-03
4.58770e+00	2.28568e-03
4.61018e+00	2.25395e-03
4.63267e+00	2.22304e-03
4.65516e+00	2.19333e-03
4.67765e+00	2.16478e-03
4.70014e+00	2.13740e-03
4.72263e+00	2.11115e-03
4.74512e+00	2.08603e-03
4.76761e+00	2.06202e-03
4.79009e+00	2.03910e-03
4.81258e+00	2.01725e-03
4.83507e+00	1.99656e-03
4.85756e+00	1.97722e-03
4.88005e+00	1.95922e-03
4.90254e+00	1.94250e-03
4.92503e+00	1.92705e-03
4.94752e+00	1.91246e-03
4.97000e+00	1.89862e-03
4.99249e+00	1.88550e-03
5.01498e+00	1.87304e-03
5.03747e+00	1.86117e-03
5.05996e+00	1.84979e-03
5.08245e+00	1.83888e-03
5.10494e+00	1.82844e-03
5.12742e+00	1.81830e-03
5.14991e+00	1.80824e-03
5.17240e+00	1.79826e-03
5.19489e+00	1.78834e-03
5.21738e+00	1.77850e-03
5.23987e+00	1.76873e-03
5.26236e+00	1.75904e-03
5.28485e+00	1.74941e-03
5.30733e+00	1.73985e-03
5.32982e+00	1.73037e-03
5.35231e+00	1.72095e-03
5.37480e+00	1.71161e-03
5.39729e+00	1.70234e-03
5.41978e+00	1.69313e-03
5.44227e+00	1.68399e-03
5.46476e+00	1.67492e-03
5.48724e+00	1.66592e-03
5.50973e+00	1.65699e-03
5.53222e+00	1.64812e-03
5.55471e+00	1.63932e-03
5.57720e+00	1.63059e-03
5.59969e+00	1.62192e-03
5.62218e+00	1.61332e-03
5.64466e+00	1.60478e-03
5.66715e+00	1.59631e-03
5.68964e+00	1.58790e-03
5.71213e+00	1.57956e-03
5.73462e+00	1.57128e-03
5.75711e+00	1.56307e-03
5.77960e+00	1.55493e-03
5.80209e+00	1.54684e-03
5.82457e+00	1.53883e-03
5.84706e+00	1.53087e-03
5.86955e+00	1.52298e-03
5.89204e+00	1.51515e-03
5.91453e+00	1.50738e-03
5.93702e+00	1.49967e-03
5.95951e+00	1.49203e-03
5.98200e+00	1.48445e-03
6.00448e+00	1.47693e-03
6.02697e+00	1.46949e-03
6.04946e+00	1.46208e-03
6.07195e+00	1.45474e-03
6.09444e+00	1.44747e-03
6.11693e+00	1.44025e-03
6.13942e+00	1.43309e-03
6.16191e+00	1.42599e-03
6.18439e+00	1.41895e-03
6.20688e+00	1.41197e-03
6.22937e+00	1.40505e-03
6.25186e+00	1.39818e-03
6.27435e+00	1.39137e-03
6.29684e+00	1.38462e-03
6.31933e+00	1.37793e-03
6.34181e+00	1.37129e-03
6.36430e+00	1.36471e-03
6.38679e+00	1.35819e-03
6.40928e+00	1.35172e-03
6.43177e+00	1.34530e-03
6.45426e+00	1.33894e-03
6.47675e+00	1.33263e-03
6.49924e+00	1.32638e-03
6.52172e+00	1.32018e-03
6.54421e+00	1.31404e-03
6.56670e+00	1.30795e-03
6.58919e+00	1.30191e-03
6.61168e+00	1.29592e-03
6.63417e+00	1.28999e-03
6.65666e+00	1.28411e-03
6.67915e+00	1.27828e-03
6.70163e+00	1.27250e-03
6.72412e+00	1.26677e-03
6.74661e+00	1.26109e-03
6.76910e+00	1.25544e-03
6.79159e+00	1.24982e-03
6.81408e+00	1.24423e-03
6.83657e+00	1.23868e-03
6.85906e+00	1.23315e-03
6.88154e+00	1.22766e-03
6.90403e+00	1.22220e-03
6.92652e+00	1.21679e-03
6.94901e+00	1.21138e-03
6.97150e+00	1.20600e-03
6.99399e+00	1.20066e-03
7.01648e+00	1.19536e-03
7.03896e+00	1.19009e-03
7.06145e+00	1.18488e-03
7.08394e+00	1.17969e-03
7.10643e+00	1.17453e-03
7.12892e+00	1.16942e-03
7.15141e+00	1.16434e-03
7.17390e+00	1.15931e-03
7.19639e+00	1.15431e-03
7.21887e+00	1.14935e-03
7.24136e+00	1.14444e-03
7.26385e+00	1.13958e-03
7.28634e+00	1.13477e-03
7.30883e+00	1.13001e-03
7.33132e+00	1.12530e-03
7.35381e+00	1.12064e-03
7.37630e+00	1.11601e-03
7.39878e+00	1.11137e-03
7.42127e+00	1.10672e-03
7.44376e+00	1.10207e-03
7.46625e+00	1.09740e-03
7.48874e+00	1.09273e-03
7.51123e+00	1.08805e-03
7.53372e+00	1.08337e-03
7.55620e+00	1.07868e-03
7.57869e+00	1.07398e-03
7.60118e+00	1.06927e-03
7.62367e+00	1.06454e-03
7.64616e+00	1.05981e-03
7.66865e+00	1.05506e-03
7.69114e+00	1.05031e-03
7.71363e+00	1.04555e-03
7.73611e+00	1.04078e-03
7.75860e+00	1.03599e-03
7.78109e+00	1.03114e-03
7.80358e+00	1.02620e-03
7.82607e+00	1.02114e-03
7.84856e+00	1.01597e-03
7.87105e+00	1.01067e-03
7.89354e+00	1.00524e-03
7.91602e+00	9.99700e-04
7.93851e+00	9.94042e-04
7.96100e+00	9.88272e-04
7.98349e+00	9.82397e-04
8.00598e+00	9.76406e-04
8.02847e+00	9.70303e-04
8.05096e+00	9.64073e-04
8.07345e+00	9.57719e-04
8.09593e+00	9.51246e-04
8.11842e+00	9.44659e-04
8.14091e+00	9.37966e-04
8.16340e+00	9.31169e-04
8.18589e+00	9.24273e-04
8.20838e+00	9.17282e-04
8.23087e+00	9.10199e-04
8.25335e+00	9.02971e-04
8.27584e+00	8.95608e-04
8.29833e+00	8.88116e-04
8.32082e+00	8.80474e-04
8.34331e+00	8.72683e-04
8.36580e+00	8.64742e-04
8.38829e+00	8.56657e-04
8.41078e+00	8.48437e-04
8.43326e+00	8.40089e-04
8.45575e+00	8.31619e-04
8.47824e+00	8.22961e-04
8.50073e+00	8.14086e-04
8.52322e+00	8.05076e-04
8.54571e+00	7.95945e-04
8.56820e+00	7.86734e-04
8.59069e+00	7.77459e-04
8.61317e+00	7.68127e-04
8.63566e+00	7.58743e-04
8.65815e+00	7.49311e-04
8.68064e+00	7.39838e-04
8.70313e+00	7.30330e-04
8.72562e+00	7.20794e-04
8.74811e+00	7.11231e-04
8.77059e+00	7.01644e-04
8.79308e+00	6.92038e-04
8.81557e+00	6.82416e-04
8.83806e+00	6.72784e-04
8.86055e+00	6.63145e-04
8.88304e+00	6.53505e-04
8.90553e+00	6.43865e-04
8.92802e+00	6.34239e-04
8.95050e+00	6.24611e-04
8.97299e+00	6.14998e-04
8.99548e+00	6.05413e-04
9.01797e+00	5.95881e-04
9.04046e+00	5.86423e-04
9.06295e+00	5.77061e-04
9.08544e+00	5.67798e-04
9.10793e+00	5.58634e-04
9.13041e+00	5.49570e-04
9.15290e+00	5.40606e-04
9.17539e+00	5.31742e-04
9.19788e+00	5.22978e-04
9.22037e+00	5.14314e-04
9.24286e+00	5.05749e-04
9.26535e+00	4.97285e-04
9.28784e+00	4.88920e-04
9.31032e+00	4.80653e-04
9.33281e+00	4.72486e-04
9.35530e+00	4.64418e-04
9.37779e+00	4.56449e-04
9.40028e+00	4.48579e-04
9.42277e+00	4.40807e-04
9.44526e+00	4.33134e-04
9.46774e+00	4.25558e-04
9.49023e+00	4.18081e-04
9.51272e+00	4.10701e-04
9.53521e+00	4.03419e-04
9.55770e+00	3.96234e-04
9.58019e+00	3.89143e-04
9.60268e+00	3.82142e-04
9.62517e+00	3.75230e-04
9.64765e+00	3.68409e-04
9.67014e+00	3.61671e-04
9.69263e+00	3.55020e-04
9.71512e+00	3.48451e-04
9.73761e+00	3.41964e-04
9.76010e+00	3.35560e-04
9.78259e+00	3.29237e-04
9.80508e+00	3.22996e-04
9.82756e+00	3.16836e-04
9.85005e+00	3.10758e-04
9.87254e+00	3.04760e-04
9.89503e+00	2.98844e-04
9.91752e+00	2.93009e-04
9.94001e+00	2.87254e-04
9.96250e+00	2.81580e-04
9.98498e+00	2.75982e-04
1.00075e+01	2.70493e-04
1.00300e+01	2.65078e-04
1.00525e+01	2.59751e-04
1.00749e+01	2.54535e-04
1.00974e+01	2.49417e-04
1.01199e+01	2.44399e-04
1.01424e+01	2.39480e-04
1.01649e+01	2.34656e-04
1.01874e+01	2.29926e-04
1.02099e+01	2.25288e-04
1.02324e+01	2.20740e-04
1.02548e+01	2.16280e-04
1.02773e+01	2.11907e-04
1.02998e+01	2.07619e-04
1.03223e+01	2.03414e-04
1.03448e+01	1.99292e-04
1.03673e+01	1.95251e-04
1.03898e+01	1.91290e-04
1.04123e+01	1.87407e-04
1.04348e+01	1.83601e-04
1.04572e+01	1.79870e-04
1.04797e+01	1.76214e-04
1.05022e+01	1.72631e-04
1.05247e+01	1.69119e-04
1.05472e+01	1.65678e-04
1.05697e+01	1.62303e-04
1.05922e+01	1.59003e-04
1.06147e+01	1.55761e-04
1.06372e+01	1.52575e-04
1.06596e+01	1.49458e-04
1.06821e+01	1.46405e-04
1.07046e+01	1.43414e-04
1.07271e+01	1.40484e-04
1.07496e+01	1.37614e-04
1.07721e+01	1.34803e-04
1.07946e+01	1.32049e-04
1.08171e+01	1.29353e-04
1.08396e+01	1.26712e-04
1.08620e+01	1.24127e-04
1.08845e+01	1.21595e-04
1.09070e+01	1.19116e-04
1.09295e+01	1.16690e-04
1.09520e+01	1.14314e-04
1.09745e+01	1.11990e-04
1.09970e+01	1.09714e-04
1.10195e+01	1.07487e-04
1.10420e+01	1.05308e-04
1.10644e+01	1.03176e-04
1.10869e+01	1.01091e-04
1.11094e+01	9.90519e-05
1.11319e+01	9.70576e-05
1.11544e+01	9.51074e-05
1.11769e+01	9.32005e-05
1.11994e+01	9.13361e-05
1.12219e+01	8.95102e-05
1.12444e+01	8.77221e-05
1.12668e+01	8.59712e-05
1.12893e+01	8.42571e-05
1.13118e+01	8.25791e-05
1.13343e+01	8.09367e-05
1.13568e+01	7.93294e-05
1.13793e+01	7.77566e-05
1.14018e+01	7.62178e-05
1.14243e+01	7.47126e-05
1.14468e+01	7.32403e-05
1.14692e+01	7.18005e-05
1.14917e+01	7.03927e-05
1.15142e+01	6.90164e-05
1.15367e+01	6.76712e-05
1.15592e+01	6.63565e-05
1.15817e+01	6.50340e-05
1.16042e+01	6.37060e-05
1.16267e+01	6.23683e-05
1.16491e+01	6.09777e-05
1.16716e+01	5.95387e-05
1.16941e+01	5.81339e-05
1.17166e+01	5.67840e-05
1.17391e+01	5.54892e-05
1.17616e+01	5.42218e-05
1.17841e+01	5.29604e-05
1.18066e+01	5.17196e-05
1.18291e+01	5.04905e-05
1.18515e+01	4.91509e-05
1.18740e+01	4.78224e-05
1.18965e+01	4.65656e-05
1.19190e+01	4.52855e-05
1.19415e+01	4.40566e-05
1.19640e+01	4.28790e-05
1.19865e+01	4.17439e-05
1.20090e+01	4.06451e-05
1.20315e+01	3.95773e-05
1.20539e+01	3.85365e-05
1.20764e+01	3.75218e-05
1.20989e+01	3.65324e-05
1.21214e+01	3.55662e-05
1.21439e+01	3.46211e-05
1.21664e+01	3.36968e-05
1.21889e+01	3.27929e-05
1.22114e+01	3.19083e-05
1.22339e+01	3.10405e-05
1.22563e+01	3.01885e-05
1.22788e+01	2.93523e-05
1.23013e+01	2.85321e-05
1.23238e+01	2.77289e-05
1.23463e+01	2.69440e-05
1.23688e+01	2.61771e-05
1.23913e+01	2.54279e-05
1.24138e+01	2.46955e-05
1.24363e+01	2.39789e-05
1.24587e+01	2.32776e-05
1.24812e+01	2.25912e-05
1.25037e+01	2.19198e-05
1.25262e+01	2.12621e-05
1.25487e+01	2.06188e-05
1.25712e+01	1.99882e-05
1.25937e+01	1.93708e-05
1.26162e+01	1.87679e-05
1.26387e+01	1.81796e-05
1.26611e+01	1.76063e-05
1.26836e+01	1.70475e-05
1.27061e+01	1.65034e-05
1.27286e+01	1.59747e-05
1.27511e+01	1.54613e-05
1.27736e+01	1.49631e-05
1.27961e+01	1.44796e-05
1.28186e+01	1.40113e-05
1.28411e+01	1.35593e-05
1.28635e+01	1.31253e-05
1.28860e+01	1.27100e-05
1.29085e+01	1.23092e-05
1.29310e+01	1.19143e-05
1.29535e+01	1.15381e-05
1.29760e+01	1.11810e-05
1.29985e+01	1.08313e-05
1.30210e+01	1.04728e-05
1.30434e+01	1.00852e-05
1.30659e+01	9.69888e-06
1.30884e+01	9.35387e-06
1.31109e+01	9.04166e-06
1.31334e+01	8.75722e-06
1.31559e+01	8.48456e-06
1.31784e+01	8.21376e-06
1.32009e+01	7.94191e-06
1.32234e+01	7.67926e-06
1.32458e+01	7.43485e-06
1.32683e+01	7.20322e-06
1.32908e+01	6.98238e-06
1.33133e+01	6.77153e-06
1.33358e+01	6.56912e-06
1.33583e+01	6.37372e-06
1.33808e+01	6.18401e-06
1.34033e+01	5.99857e-06
1.34258e+01	5.81723e-06
1.34482e+01	5.63872e-06
1.34707e+01	5.46221e-06
1.34932e+01	5.29005e-06
1.35157e+01	5.12364e-06
1.35382e+01	4.96167e-06
1.35607e+01	4.80388e-06
1.35832e+01	4.65021e-06
1.36057e+01	4.50057e-06
1.36282e+01	4.35501e-06
1.36506e+01	4.21345e-06
1.36731e+01	4.07583e-06
1.36956e+01	3.94207e-06
1.37181e+01	3.81209e-06
1.37406e+01	3.68583e-06
1.37631e+01	3.56318e-06
1.37856e+01	3.44409e-06
1.38081e+01	3.32847e-06
1.38306e+01	3.21617e-06
1.38530e+01	3.10715e-06
1.38755e+01	3.00127e-06
1.38980e+01	2.89824e-06
1.39205e+01	2.79802e-06
1.39430e+01	2.70049e-06
1.39655e+01	2.60562e-06
1.39880e+01	2.51345e-06
1.40105e+01	2.42379e-06
1.40330e+01	2.33666e-06
1.40554e+01	2.25206e-06
1.40779e+01	2.16999e-06
1.41004e+01	2.09033e-06
1.41229e+01	2.01306e-06
1.41454e+01	1.93813e-06
1.41679e+01	1.86551e-06
1.41904e+01	1.79514e-06
1.42129e+01	1.72699e-06
1.42354e+01	1.66095e-06
1.42578e+01	1.59693e-06
1.42803e+01	1.53488e-06
1.43028e+01	1.47477e-06
1.43253e+01	1.41657e-06
1.43478e+01	1.36023e-06
1.43703e+01	1.30574e-06
1.43928e+01	1.25304e-06
1.44153e+01	1.20209e-06
1.44377e+01	1.15287e-06
1.44602e+01	1.10533e-06
1.44827e+01	1.05944e-06
1.45052e+01	1.01516e-06
1.45277e+01	9.72448e-07
1.45502e+01	9.31273e-07
1.45727e+01	8.91593e-07
1.45952e+01	8.53367e-07
1.46177e+01	8.16556e-07
1.46401e+01	7.81120e-07
1.46626e+01	7.47020e-07
1.46851e+01	7.14215e-07
1.47076e+01	6.82669e-07
1.47301e+01	6.52342e-07
1.47526e+01	6.23198e-07
1.47751e+01	5.95197e-07
1.47976e+01	5.68305e-07
1.48201e+01	5.42483e-07
1.48425e+01	5.17696e-07
1.48650e+01	4.93910e-07
1.48875e+01	4.71093e-07
1.49100e+01	4.49210e-07
1.49325e+01	4.28230e-07
1.49550e+01	4.08121e-07
1.49775e+01	3.88852e-07
1.50000e+01	3.70402e-07
1.50225e+01	3.52751e-07
1.50449e+01	3.35885e-07
1.50674e+01	3.19774e-07
1.50899e+01	3.04391e-07
1.51124e+01	2.89704e-07
1.51349e+01	2.75684e-07
1.51574e+01	2.62305e-07
1.51799e+01	2.49538e-07
1.52024e+01	2.37359e-07
1.52249e+01	2.25741e-07
1.52473e+01	2.14662e-07
1.52698e+01	2.04098e-07
1.52923e+01	1.94027e-07
1.53148e+01	1.84427e-07
1.53373e+01	1.75279e-07
1.53598e+01	1.66562e-07
1.53823e+01	1.58258e-07
1.54048e+01	1.50348e-07
1.54273e+01	1.42815e-07
1.54497e+01	1.35643e-07
1.54722e+01	1.28815e-07
1.54947e+01	1.22316e-07
1.55172e+01	1.16131e-07
1.55397e+01	1.10247e-07
1.55622e+01	1.04649e-07
1.55847e+01	9.93252e-08
1.56072e+01	9.42619e-08
1.56296e+01	8.94471e-08
1.56521e+01	8.48696e-08
1.56746e+01	8.05186e-08
1.56971e+01	7.63837e-08
1.57196e+01	7.24551e-08
1.57421e+01	6.87234e-08
1.57646e+01	6.51794e-08
1.57871e+01	6.18044e-08
1.58096e+01	5.85878e-08
1.58320e+01	5.55229e-08
1.58545e+01	5.26037e-08
1.58770e+01	4.98241e-08
1.58995e+01	4.71782e-08
1.59220e+01	4.46607e-08
1.59445e+01	4.22658e-08
1.59670e+01	3.99881e-08
1.59895e+01	3.78230e-08
1.60120e+01	3.57662e-08
1.60344e+01	3.38138e-08
1.60569e+01	3.19612e-08
1.60794e+01	3.02041e-08
1.61019e+01	2.85379e-08
1.61244e+01	2.69584e-08
1.61469e+01	2.54612e-08
1.61694e+01	2.40425e-08
1.61919e+01	2.26985e-08
1.62144e+01	2.14256e-08
1.62368e+01	2.02203e-08
1.62593e+01	1.90791e-08
1.62818e+01	1.79989e-08
1.63043e+01	1.69768e-08
1.63268e+01	1.60097e-08
1.63493e+01	1.50950e-08
1.63718e+01	1.42300e-08
1.63943e+01	1.34120e-08
1.64168e+01	1.26389e-08
1.64392e+01	1.19082e-08
1.64617e+01	1.12177e-08
1.64842e+01	1.05655e-08
1.65067e+01	9.94947e-09
1.65292e+01	9.36763e-09
1.65517e+01	8.81817e-09
1.65742e+01	8.29936e-09
1.65967e+01	7.80967e-09
1.66192e+01	7.34753e-09
1.66416e+01	6.91146e-09
1.66641e+01	6.50008e-09
1.66866e+01	6.11207e-09
1.67091e+01	5.74619e-09
1.67316e+01	5.40126e-09
1.67541e+01	5.07612e-09
1.67766e+01	4.76971e-09
1.67991e+01	4.48100e-09
1.68216e+01	4.20901e-09
1.68440e+01	3.95284e-09
1.68665e+01	3.71160e-09
1.68890e+01	3.48449e-09
1.69115e+01	3.27071e-09
1.69340e+01	3.06950e-09
1.69565e+01	2.88018e-09
1.69790e+01	2.70206e-09
1.70015e+01	2.53454e-09
1.70239e+01	2.37701e-09
1.70464e+01	2.22893e-09
1.70689e+01	2.08975e-09
1.70914e+01	1.95897e-09
1.71139e+01	1.83611e-09
1.71364e+01	1.72071e-09
1.71589e+01	1.61233e-09
1.71814e+01	1.51056e-09
1.72039e+01	1.41501e-09
1.72263e+01	1.32531e-09
1.72488e+01	1.24113e-09
1.72713e+01	1.16214e-09
1.72938e+01	1.08803e-09
1.73163e+01	1.01851e-09
1.73388e+01	9.53294e-10
1.73613e+01	8.92136e-10
1.73838e+01	8.34790e-10
1.74063e+01	7.81027e-10
1.74287e+01	7.30630e-10
1.74512e+01	6.83393e-10
1.74737e+01	6.39124e-10
1.74962e+01	5.97643e-10
1.75187e+01	5.58778e-10
1.75412e+01	5.22371e-10
1.75637e+01	4.88268e-10
1.75862e+01	4.56327e-10
1.76087e+01	4.26416e-10
1.76311e+01	3.98409e-10
1.76536e+01	3.72189e-10
1.76761e+01	3.47646e-10
1.76986e+01	3.24676e-10
1.77211e+01	3.03181e-10
1.77436e+01	2.83071e-10
1.77661e+01	2.64257e-10
1.77886e+01	2.46660e-10
1.78111e+01	2.30202e-10
1.78335e+01	2.14811e-10
1.78560e+01	2.00422e-10
1.78785e+01	1.86971e-10
1.79010e+01	1.74398e-10
1.79235e+01	1.62648e-10
1.79460e+01	1.51667e-10
1.79685e+01	1.41408e-10
1.79910e+01	1.31826e-10
1.80135e+01	1.22877e-10
1.80359e+01	1.14522e-10
1.80584e+01	1.06723e-10
1.80809e+01	9.94434e-11
1.81034e+01	9.26503e-11
1.81259e+01	8.63119e-11
1.81484e+01	8.03982e-11
1.81709e+01	7.48818e-11
1.81934e+01	6.97361e-11
1.82159e+01	6.49366e-11
1.82383e+01	6.04607e-11
1.82608e+01	5.62870e-11
1.82833e+01	5.23957e-11
1.83058e+01	4.87680e-11
1.83283e+01	4.53867e-11
1.83508e+01	4.22353e-11
1.83733e+01	3.92985e-11
1.83958e+01	3.65620e-11
1.84182e+01	3.40124e-11
1.84407e+01	3.16372e-11
1.84632e+01	2.94249e-11
1.84857e+01	2.73644e-11
1.85082e+01	2.54455e-11
1.85307e+01	2.36587e-11
1.85532e+01	2.19950e-11
1.85757e+01	2.04461e-11
1.85982e+01	1.90042e-11
1.86206e+01	1.76621e-11
1.86431e+01	1.64131e-11
1.86656e+01	1.52507e-11
1.86881e+01	1.41692e-11
1.87106e+01	1.31629e-11
1.87331e+01	1.22268e-11
1.87556e+01	1.13561e-11
1.87781e+01	1.05463e-11
1.88006e+01	9.79318e-12
1.88230e+01	9.09290e-12
1.88455e+01	8.44181e-12
1.88680e+01	7.83654e-12
1.88905e+01	7.27391e-12
1.89130e+01	6.75095e-12
1.89355e+01	6.26494e-12
1.89580e+01	5.81331e-12
1.89805e+01	5.39369e-12
1.90030e+01	5.00386e-12
1.90254e+01	4.64178e-12
1.90479e+01	4.30553e-12
1.90704e+01	3.99330e-12
1.90929e+01	3.70342e-12
1.91154e+01	3.43432e-12
1.91379e+01	3.18451e-12
1.91604e+01	2.95264e-12
1.91829e+01	2.73744e-12
1.92054e+01	2.53772e-12
1.92278e+01	2.35240e-12
1.92503e+01	2.18044e-12
1.92728e+01	2.02089e-12
1.92953e+01	1.87288e-12
1.93178e+01	1.73557e-12
1.93403e+01	1.60820e-12
1.93628e+01	1.49007e-12
1.93853e+01	1.38052e-12
1.94078e+01	1.27892e-12
1.94302e+01	1.18471e-12
1.94527e+01	1.09736e-12
1.94752e+01	1.01638e-12
1.94977e+01	9.41302e-13
1.95202e+01	8.71708e-13
1.95427e+01	8.07200e-13
1.95652e+01	7.47413e-13
1.95877e+01	6.92004e-13
1.96102e+01	6.40655e-13
1.96326e+01	5.93072e-13
1.96551e+01	5.48982e-13
1.96776e+01	5.08132e-13
1.97001e+01	4.70287e-13
1.97226e+01	4.35230e-13
1.97451e+01	4.02756e-13
1.97676e+01	3.72678e-13
1.97901e+01	3.44820e-13
1.98125e+01	3.19020e-13
1.98350e+01	2.95128e-13
1.98575e+01	2.73005e-13
1.98800e+01	2.52516e-13
1.99025e+01	2.33550e-13
1.99250e+01	2.15989e-13
1.99475e+01	1.99730e-13
1.99700e+01	1.84680e-13
1.99925e+01	1.70750e-13
2.00149e+01	1.57858e-13
2.00374e+01	1.45928e-13
2.00599e+01	1.34889e-13
2.00824e+01	1.24675e-13
2.01049e+01	1.15226e-13
2.01274e+01	1.06485e-13
2.01499e+01	9.83995e-14
2.01724e+01	9.09211e-14
2.01949e+01	8.40049e-14
2.02173e+01	7.76094e-14
2.02398e+01	7.16960e-14
2.02623e+01	6.62287e-14
2.02848e+01	6.11741e-14
2.03073e+01	5.65014e-14
2.03298e+01	5.21820e-14
2.03523e+01	4.81894e-14
2.03748e+01	4.44992e-14
2.03973e+01	4.10887e-14
2.04197e+01	3.79369e-14
2.04422e+01	3.50244e-14
2.04647e+01	3.23331e-14
2.04872e+01	2.98465e-14
2.05097e+01	2.75495e-14
2.05322e+01	2.54278e-14
2.05547e+01	2.34683e-14
2.05772e+01	2.16585e-14
2.05997e+01	1.99872e-14
2.06221e+01	1.84438e-14
2.06446e+01	1.70187e-14
2.06671e+01	1.57029e-14
2.06896e+01	1.44880e-14
2.07121e+01	1.33664e-14
2.07346e+01	1.23309e-14
2.07571e+01	1.13751e-14
2.07796e+01	1.04928e-14
2.08021e+01	9.67836e-15
2.08245e+01	8.92669e-15
2.08470e+01	8.23295e-15
2.08695e+01	7.59272e-15
2.08920e+01	7.00190e-15
2.09145e+01	6.45671e-15
2.09370e+01	5.95365e-15
2.09595e+01	5.48949e-15
2.09820e+01	5.06125e-15
2.10045e+01	4.66618e-15
2.10269e+01	4.30173e-15
2.10494e+01	3.96557e-15
2.10719e+01	3.65552e-15
2.10944e+01	3.36955e-15
2.11169e+01	3.10582e-15
2.11394e+01	2.86260e-15
2.11619e+01	2.63831e-15
2.11844e+01	2.43149e-15
2.12068e+01	2.24078e-15
2.12293e+01	2.06494e-15
2.12518e+01	1.90283e-15
2.12743e+01	1.75337e-15
2.12968e+01	1.61558e-15
2.13193e+01	1.48857e-15
2.13418e+01	1.37149e-15
2.13643e+01	1.26357e-15
2.13868e+01	1.16410e-15
2.14092e+01	1.07242e-15
2.14317e+01	9.87933e-16
2.14542e+01	9.10072e-16
2.14767e+01	8.38321e-16
2.14992e+01	7.72204e-16
2.15217e+01	7.11282e-16
2.15442e+01	6.55151e-16
2.15667e+01	6.03437e-16
2.15892e+01	5.55795e-16
2.16116e+01	5.11908e-16
2.16341e+01	4.71482e-16
2.16566e+01	4.34249e-16
2.16791e+01	3.99959e-16
2.17016e+01	3.68384e-16
2.17241e+01	3.39310e-16
2.17466e+01	3.12543e-16
2.17691e+01	2.87904e-16
2.17916e+01	2.65227e-16
2.18140e+01	2.44360e-16
2.18365e+01	2.25161e-16
2.18590e+01	2.07502e-16
2.18815e+01	1.91263e-16
2.19040e+01	1.76334e-16
2.19265e+01	1.62616e-16
2.19490e+01	1.50014e-16
2.19715e+01	1.38445e-16
2.19940e+01	1.27830e-16
2.20164e+01	1.18096e-16
2.20389e+01	1.09176e-16
2.20614e+01	1.01011e-16
2.20839e+01	9.35455e-17
2.21064e+01	8.67280e-17
2.21289e+01	8.05115e-17
2.21514e+01	7.48530e-17
2.21739e+01	6.97133e-17
2.21964e+01	6.50569e-17
2.22188e+01	6.08511e-17
2.22413e+01	5.70680e-17
2.22638e+01	5.36813e-17
2.22863e+01	5.06672e-17
2.23088e+01	4.80043e-17
2.23313e+01	4.56738e-17
2.23538e+01	4.36589e-17
2.23763e+01	4.19447e-17
2.23988e+01	4.05184e-17
2.24212e+01	3.93689e-17
2.24437e+01	3.84862e-17
2.24662e+01	3.78648e-17
2.24887e+01	3.74680e-17
