# The ell = 0 distribution, the isotropy.
# E_N [Td]	7.00000e+00
# col_1: Electron Energy [eV], col_2: f0 [eV^(-3/2)]
eV	f0
8.48258e-03	5.30294e-01
2.54477e-02	5.30533e-01
4.24129e-02	5.30772e-01
5.93781e-02	5.31014e-01
7.63432e-02	5.31256e-01
9.33084e-02	5.31500e-01
1.10274e-01	5.31745e-01
1.27239e-01	5.31991e-01
1.44204e-01	5.32238e-01
1.61169e-01	5.32485e-01
1.78134e-01	5.32733e-01
1.95099e-01	5.32981e-01
2.12065e-01	5.33230e-01
2.29030e-01	5.33480e-01
2.45995e-01	5.33730e-01
2.62960e-01	5.33980e-01
2.79925e-01	5.34231e-01
2.96890e-01	5.34483e-01
3.13856e-01	5.34736e-01
3.30821e-01	5.34990e-01
3.47786e-01	5.35245e-01
3.64751e-01	5.35501e-01
3.81716e-01	5.35759e-01
3.98681e-01	5.36017e-01
4.15647e-01	5.36277e-01
4.32612e-01	5.36537e-01
4.49577e-01	5.36798e-01
4.66542e-01	5.37060e-01
4.83507e-01	5.37322e-01
5.00472e-01	5.37583e-01
5.17437e-01	5.37844e-01
5.34403e-01	5.38104e-01
5.51368e-01	5.38362e-01
5.68333e-01	5.38616e-01
5.85298e-01	5.38867e-01
6.02263e-01	5.39112e-01
6.19228e-01	5.39350e-01
6.36194e-01	5.39581e-01
6.53159e-01	5.39801e-01
6.70124e-01	5.40008e-01
6.87089e-01	5.40199e-01
7.04054e-01	5.40370e-01
7.21019e-01	5.40516e-01
7.37985e-01	5.40632e-01
7.54950e-01	5.40716e-01
7.71915e-01	5.40762e-01
7.88880e-01	5.40768e-01
8.05845e-01	5.40729e-01
8.22810e-01	5.40644e-01
8.39776e-01	5.40512e-01
8.56741e-01	5.40331e-01
8.73706e-01	5.40101e-01
8.90671e-01	5.39818e-01
9.07636e-01	5.39477e-01
9.24601e-01	5.39072e-01
9.41567e-01	5.38600e-01
9.58532e-01	5.38053e-01
9.75497e-01	5.37421e-01
9.92462e-01	5.36695e-01
1.00943e+00	5.35870e-01
1.02639e+00	5.34943e-01
1.04336e+00	5.33904e-01
1.06032e+00	5.32744e-01
1.07729e+00	5.31457e-01
1.09425e+00	5.30047e-01
1.11122e+00	5.28509e-01
1.12818e+00	5.26842e-01
1.14515e+00	5.25045e-01
1.16211e+00	5.23115e-01
1.17908e+00	5.21051e-01
1.19604e+00	5.18852e-01
1.21301e+00	5.16519e-01
1.22997e+00	5.14047e-01
1.24694e+00	5.11428e-01
1.26390e+00	5.08656e-01
1.28087e+00	5.05727e-01
1.29783e+00	5.02637e-01
1.31480e+00	4.99363e-01
1.33177e+00	4.95887e-01
1.34873e+00	4.92190e-01
1.36570e+00	4.88259e-01
1.38266e+00	4.84082e-01
1.39963e+00	4.79663e-01
1.41659e+00	4.75017e-01
1.43356e+00	4.70157e-01
1.45052e+00	4.65095e-01
1.46749e+00	4.59842e-01
1.48445e+00	4.54418e-01
1.50142e+00	4.48828e-01
1.51838e+00	4.43075e-01
1.53535e+00	4.37163e-01
1.55231e+00	4.31093e-01
1.56928e+00	4.24830e-01
1.58624e+00	4.18335e-01
1.60321e+00	4.11575e-01
1.62017e+00	4.04521e-01
1.63714e+00	3.97144e-01
1.65410e+00	3.89405e-01
1.67107e+00	3.81300e-01
1.68803e+00	3.72823e-01
1.70500e+00	3.63978e-01
1.72196e+00	3.54765e-01
1.73893e+00	3.45173e-01
1.75589e+00	3.35237e-01
1.77286e+00	3.25001e-01
1.78982e+00	3.14523e-01
1.80679e+00	3.03847e-01
1.82376e+00	2.93027e-01
1.84072e+00	2.82101e-01
1.85769e+00	2.71063e-01
1.87465e+00	2.59951e-01
1.89162e+00	2.48801e-01
1.90858e+00	2.37698e-01
1.92555e+00	2.26722e-01
1.94251e+00	2.16042e-01
1.95948e+00	2.05725e-01
1.97644e+00	1.95819e-01
1.99341e+00	1.86339e-01
2.01037e+00	1.77305e-01
2.02734e+00	1.68760e-01
2.04430e+00	1.60670e-01
2.06127e+00	1.52996e-01
2.07823e+00	1.45689e-01
2.09520e+00	1.38713e-01
2.11216e+00	1.32028e-01
2.12913e+00	1.25583e-01
2.14609e+00	1.19388e-01
2.16306e+00	1.13460e-01
2.18002e+00	1.07802e-01
2.19699e+00	1.02410e-01
2.21395e+00	9.72817e-02
2.23092e+00	9.24082e-02
2.24788e+00	8.77908e-02
2.26485e+00	8.34572e-02
2.28181e+00	7.93881e-02
2.29878e+00	7.55666e-02
2.31574e+00	7.19692e-02
2.33271e+00	6.85880e-02
2.34968e+00	6.54130e-02
2.36664e+00	6.24074e-02
2.38361e+00	5.95413e-02
2.40057e+00	5.68094e-02
2.41754e+00	5.42091e-02
2.43450e+00	5.17139e-02
2.45147e+00	4.93203e-02
2.46843e+00	4.70327e-02
2.48540e+00	4.48793e-02
2.50236e+00	4.28759e-02
2.51933e+00	4.10118e-02
2.53629e+00	3.92784e-02
2.55326e+00	3.76680e-02
2.57022e+00	3.61675e-02
2.58719e+00	3.47675e-02
2.60415e+00	3.34499e-02
2.62112e+00	3.21924e-02
2.63808e+00	3.09934e-02
2.65505e+00	2.98532e-02
2.67201e+00	2.87697e-02
2.68898e+00	2.77400e-02
2.70594e+00	2.67628e-02
2.72291e+00	2.58368e-02
2.73987e+00	2.49660e-02
2.75684e+00	2.41423e-02
2.77380e+00	2.33572e-02
2.79077e+00	2.26086e-02
2.80773e+00	2.18958e-02
2.82470e+00	2.12165e-02
2.84166e+00	2.05706e-02
2.85863e+00	1.99583e-02
2.87560e+00	1.93781e-02
2.89256e+00	1.88336e-02
2.90953e+00	1.83232e-02
2.92649e+00	1.78434e-02
2.94346e+00	1.73910e-02
2.96042e+00	1.69625e-02
2.97739e+00	1.65552e-02
2.99435e+00	1.61655e-02
3.01132e+00	1.57908e-02
3.02828e+00	1.54297e-02
3.04525e+00	1.50824e-02
3.06221e+00	1.47490e-02
3.07918e+00	1.44297e-02
3.09614e+00	1.41244e-02
3.11311e+00	1.38330e-02
3.13007e+00	1.35546e-02
3.14704e+00	1.32885e-02
3.16400e+00	1.30334e-02
3.18097e+00	1.27886e-02
3.19793e+00	1.25536e-02
3.21490e+00	1.23284e-02
3.23186e+00	1.21127e-02
3.24883e+00	1.19062e-02
3.26579e+00	1.17087e-02
3.28276e+00	1.15200e-02
3.29972e+00	1.13396e-02
3.31669e+00	1.11668e-02
3.33365e+00	1.10010e-02
3.35062e+00	1.08415e-02
3.36758e+00	1.06879e-02
3.38455e+00	1.05397e-02
3.40152e+00	1.03964e-02
3.41848e+00	1.02577e-02
3.43545e+00	1.01232e-02
3.45241e+00	9.99277e-03
3.46938e+00	9.86634e-03
3.48634e+00	9.74372e-03
3.50331e+00	9.62474e-03
3.52027e+00	9.50917e-03
3.53724e+00	9.39687e-03
3.55420e+00	9.28769e-03
3.57117e+00	9.18155e-03
3.58813e+00	9.07840e-03
3.60510e+00	8.97819e-03
3.62206e+00	8.88082e-03
3.63903e+00	8.78619e-03
3.65599e+00	8.69424e-03
3.67296e+00	8.60486e-03
3.68992e+00	8.51798e-03
3.70689e+00	8.43349e-03
3.72385e+00	8.35131e-03
3.74082e+00	8.27133e-03
3.75778e+00	8.19339e-03
3.77475e+00	8.11736e-03
3.79171e+00	8.04308e-03
3.80868e+00	7.97040e-03
3.82564e+00	7.89919e-03
3.84261e+00	7.82928e-03
3.85957e+00	7.76054e-03
3.87654e+00	7.69283e-03
3.89350e+00	7.62612e-03
3.91047e+00	7.56038e-03
3.92744e+00	7.49558e-03
3.94440e+00	7.43166e-03
3.96137e+00	7.36861e-03
3.97833e+00	7.30638e-03
3.99530e+00	7.24490e-03
4.01226e+00	7.18410e-03
4.02923e+00	7.12394e-03
4.04619e+00	7.06441e-03
4.06316e+00	7.00553e-03
4.08012e+00	6.94730e-03
4.09709e+00	6.88971e-03
4.11405e+00	6.83276e-03
4.13102e+00	6.77647e-03
4.14798e+00	6.72082e-03
4.16495e+00	6.66582e-03
4.18191e+00	6.61148e-03
4.19888e+00	6.55779e-03
4.21584e+00	6.50474e-03
4.23281e+00	6.45235e-03
4.24977e+00	6.40060e-03
4.26674e+00	6.34951e-03
4.28370e+00	6.29907e-03
4.30067e+00	6.24929e-03
4.31763e+00	6.20018e-03
4.33460e+00	6.15174e-03
4.35156e+00	6.10399e-03
4.36853e+00	6.05693e-03
4.38549e+00	6.01056e-03
4.40246e+00	5.96489e-03
4.41943e+00	5.91991e-03
4.43639e+00	5.87565e-03
4.45336e+00	5.83208e-03
4.47032e+00	5.78920e-03
4.48729e+00	5.74702e-03
4.50425e+00	5.70553e-03
4.52122e+00	5.66474e-03
4.53818e+00	5.62465e-03
4.55515e+00	5.58525e-03
4.57211e+00	5.54653e-03
4.58908e+00	5.50847e-03
4.60604e+00	5.47106e-03
4.62301e+00	5.43428e-03
4.63997e+00	5.39812e-03
4.65694e+00	5.36255e-03
4.67390e+00	5.32755e-03
4.69087e+00	5.29310e-03
4.70783e+00	5.25917e-03
4.72480e+00	5.22574e-03
4.74176e+00	5.19279e-03
4.75873e+00	5.16029e-03
4.77569e+00	5.12823e-03
4.79266e+00	5.09658e-03
4.80962e+00	5.06533e-03
4.82659e+00	5.03445e-03
4.84355e+00	5.00393e-03
4.86052e+00	4.97372e-03
4.87748e+00	4.94381e-03
4.89445e+00	4.91415e-03
4.91141e+00	4.88473e-03
4.92838e+00	4.85550e-03
4.94535e+00	4.82645e-03
4.96231e+00	4.79757e-03
4.97928e+00	4.76884e-03
4.99624e+00	4.74026e-03
5.01321e+00	4.71180e-03
5.03017e+00	4.68345e-03
5.04714e+00	4.65521e-03
5.06410e+00	4.62706e-03
5.08107e+00	4.59899e-03
5.09803e+00	4.57100e-03
5.11500e+00	4.54307e-03
5.13196e+00	4.51519e-03
5.14893e+00	4.48738e-03
5.16589e+00	4.45963e-03
5.18286e+00	4.43195e-03
5.19982e+00	4.40434e-03
5.21679e+00	4.37680e-03
5.23375e+00	4.34932e-03
5.25072e+00	4.32192e-03
5.26768e+00	4.29458e-03
5.28465e+00	4.26732e-03
5.30161e+00	4.24013e-03
5.31858e+00	4.21301e-03
5.33554e+00	4.18596e-03
5.35251e+00	4.15898e-03
5.36947e+00	4.13208e-03
5.38644e+00	4.10524e-03
5.40340e+00	4.07848e-03
5.42037e+00	4.05179e-03
5.43733e+00	4.02518e-03
5.45430e+00	3.99863e-03
5.47127e+00	3.97216e-03
5.48823e+00	3.94576e-03
5.50520e+00	3.91943e-03
5.52216e+00	3.89318e-03
5.53913e+00	3.86699e-03
5.55609e+00	3.84088e-03
5.57306e+00	3.81485e-03
5.59002e+00	3.78888e-03
5.60699e+00	3.76299e-03
5.62395e+00	3.73717e-03
5.64092e+00	3.71143e-03
5.65788e+00	3.68576e-03
5.67485e+00	3.66015e-03
5.69181e+00	3.63463e-03
5.70878e+00	3.60917e-03
5.72574e+00	3.58379e-03
5.74271e+00	3.55848e-03
5.75967e+00	3.53324e-03
5.77664e+00	3.50808e-03
5.79360e+00	3.48299e-03
5.81057e+00	3.45797e-03
5.82753e+00	3.43302e-03
5.84450e+00	3.40815e-03
5.86146e+00	3.38335e-03
5.87843e+00	3.35862e-03
5.89539e+00	3.33396e-03
5.91236e+00	3.30937e-03
5.92932e+00	3.28486e-03
5.94629e+00	3.26042e-03
5.96325e+00	3.23605e-03
5.98022e+00	3.21175e-03
5.99719e+00	3.18753e-03
6.01415e+00	3.16338e-03
6.03112e+00	3.13930e-03
6.04808e+00	3.11529e-03
6.06505e+00	3.09136e-03
6.08201e+00	3.06750e-03
6.09898e+00	3.04371e-03
6.11594e+00	3.02001e-03
6.13291e+00	2.99637e-03
6.14987e+00	2.97281e-03
6.16684e+00	2.94932e-03
6.18380e+00	2.92591e-03
6.20077e+00	2.90257e-03
6.21773e+00	2.87931e-03
6.23470e+00	2.85611e-03
6.25166e+00	2.83299e-03
6.26863e+00	2.80994e-03
6.28559e+00	2.78696e-03
6.30256e+00	2.76406e-03
6.31952e+00	2.74123e-03
6.33649e+00	2.71846e-03
6.35345e+00	2.69577e-03
6.37042e+00	2.67315e-03
6.38738e+00	2.65061e-03
6.40435e+00	2.62813e-03
6.42131e+00	2.60572e-03
6.43828e+00	2.58338e-03
6.45524e+00	2.56112e-03
6.47221e+00	2.53892e-03
6.48917e+00	2.51679e-03
6.50614e+00	2.49474e-03
6.52311e+00	2.47275e-03
6.54007e+00	2.45083e-03
6.55704e+00	2.42897e-03
6.57400e+00	2.40719e-03
6.59097e+00	2.38547e-03
6.60793e+00	2.36382e-03
6.62490e+00	2.34224e-03
6.64186e+00	2.32073e-03
6.65883e+00	2.29928e-03
6.67579e+00	2.27790e-03
6.69276e+00	2.25658e-03
6.70972e+00	2.23533e-03
6.72669e+00	2.21415e-03
6.74365e+00	2.19303e-03
6.76062e+00	2.17198e-03
6.77758e+00	2.15099e-03
6.79455e+00	2.13007e-03
6.81151e+00	2.10921e-03
6.82848e+00	2.08842e-03
6.84544e+00	2.06770e-03
6.86241e+00	2.04704e-03
6.87937e+00	2.02645e-03
6.89634e+00	2.00593e-03
6.91330e+00	1.98548e-03
6.93027e+00	1.96509e-03
6.94723e+00	1.94477e-03
6.96420e+00	1.92452e-03
6.98116e+00	1.90434e-03
6.99813e+00	1.88424e-03
7.01510e+00	1.86422e-03
7.03206e+00	1.84427e-03
7.04903e+00	1.82439e-03
7.06599e+00	1.80458e-03
7.08296e+00	1.78484e-03
7.09992e+00	1.76519e-03
7.11689e+00	1.74560e-03
7.13385e+00	1.72610e-03
7.15082e+00	1.70667e-03
7.16778e+00	1.68732e-03
7.18475e+00	1.66804e-03
7.20171e+00	1.64884e-03
7.21868e+00	1.62971e-03
7.23564e+00	1.61066e-03
7.25261e+00	1.59169e-03
7.26957e+00	1.57278e-03
7.28654e+00	1.55395e-03
7.30350e+00	1.53520e-03
7.32047e+00	1.51651e-03
7.33743e+00	1.49790e-03
7.35440e+00	1.47936e-03
7.37136e+00	1.46089e-03
7.38833e+00	1.44249e-03
7.40529e+00	1.42416e-03
7.42226e+00	1.40591e-03
7.43922e+00	1.38772e-03
7.45619e+00	1.36962e-03
7.47315e+00	1.35158e-03
7.49012e+00	1.33363e-03
7.50708e+00	1.31575e-03
7.52405e+00	1.29795e-03
7.54102e+00	1.28023e-03
7.55798e+00	1.26259e-03
7.57495e+00	1.24502e-03
7.59191e+00	1.22754e-03
7.60888e+00	1.21014e-03
7.62584e+00	1.19282e-03
7.64281e+00	1.17558e-03
7.65977e+00	1.15843e-03
7.67674e+00	1.14136e-03
7.69370e+00	1.12438e-03
7.71067e+00	1.10748e-03
7.72763e+00	1.09067e-03
7.74460e+00	1.07394e-03
7.76156e+00	1.05730e-03
7.77853e+00	1.04075e-03
7.79549e+00	1.02429e-03
7.81246e+00	1.00792e-03
7.82942e+00	9.91642e-04
7.84639e+00	9.75467e-04
7.86335e+00	9.59393e-04
7.88032e+00	9.43423e-04
7.89728e+00	9.27561e-04
7.91425e+00	9.11809e-04
7.93121e+00	8.96169e-04
7.94818e+00	8.80644e-04
7.96514e+00	8.65237e-04
7.98211e+00	8.49948e-04
7.99907e+00	8.34781e-04
8.01604e+00	8.19738e-04
8.03300e+00	8.04820e-04
8.04997e+00	7.90030e-04
8.06694e+00	7.75371e-04
8.08390e+00	7.60845e-04
8.10087e+00	7.46454e-04
8.11783e+00	7.32199e-04
8.13480e+00	7.18083e-04
8.15176e+00	7.04107e-04
8.16873e+00	6.90273e-04
8.18569e+00	6.76582e-04
8.20266e+00	6.63035e-04
8.21962e+00	6.49633e-04
8.23659e+00	6.36378e-04
8.25355e+00	6.23271e-04
8.27052e+00	6.10315e-04
8.28748e+00	5.97510e-04
8.30445e+00	5.84860e-04
8.32141e+00	5.72366e-04
8.33838e+00	5.60029e-04
8.35534e+00	5.47852e-04
8.37231e+00	5.35836e-04
8.38927e+00	5.23983e-04
8.40624e+00	5.12294e-04
8.42320e+00	5.00771e-04
8.44017e+00	4.89414e-04
8.45713e+00	4.78223e-04
8.47410e+00	4.67201e-04
8.49106e+00	4.56350e-04
8.50803e+00	4.45673e-04
8.52499e+00	4.35170e-04
8.54196e+00	4.24843e-04
8.55892e+00	4.14692e-04
8.57589e+00	4.04716e-04
8.59286e+00	3.94914e-04
8.60982e+00	3.85287e-04
8.62679e+00	3.75832e-04
8.64375e+00	3.66551e-04
8.66072e+00	3.57441e-04
8.67768e+00	3.48502e-04
8.69465e+00	3.39733e-04
8.71161e+00	3.31133e-04
8.72858e+00	3.22701e-04
8.74554e+00	3.14435e-04
8.76251e+00	3.06334e-04
8.77947e+00	2.98398e-04
8.79644e+00	2.90624e-04
8.81340e+00	2.83012e-04
8.83037e+00	2.75559e-04
8.84733e+00	2.68265e-04
8.86430e+00	2.61128e-04
8.88126e+00	2.54146e-04
8.89823e+00	2.47318e-04
8.91519e+00	2.40642e-04
8.93216e+00	2.34116e-04
8.94912e+00	2.27739e-04
8.96609e+00	2.21509e-04
8.98305e+00	2.15425e-04
9.00002e+00	2.09486e-04
9.01698e+00	2.03688e-04
9.03395e+00	1.98029e-04
9.05091e+00	1.92508e-04
9.06788e+00	1.87120e-04
9.08484e+00	1.81864e-04
9.10181e+00	1.76737e-04
9.11878e+00	1.71736e-04
9.13574e+00	1.66859e-04
9.15271e+00	1.62102e-04
9.16967e+00	1.57465e-04
9.18664e+00	1.52943e-04
9.20360e+00	1.48536e-04
9.22057e+00	1.44240e-04
9.23753e+00	1.40053e-04
9.25450e+00	1.35973e-04
9.27146e+00	1.31997e-04
9.28843e+00	1.28124e-04
9.30539e+00	1.24351e-04
9.32236e+00	1.20676e-04
9.33932e+00	1.17097e-04
9.35629e+00	1.13611e-04
9.37325e+00	1.10218e-04
9.39022e+00	1.06914e-04
9.40718e+00	1.03698e-04
9.42415e+00	1.00567e-04
9.44111e+00	9.75203e-05
9.45808e+00	9.45555e-05
9.47504e+00	9.16706e-05
9.49201e+00	8.88639e-05
9.50897e+00	8.61335e-05
9.52594e+00	8.34777e-05
9.54290e+00	8.08946e-05
9.55987e+00	7.83825e-05
9.57683e+00	7.59399e-05
9.59380e+00	7.35649e-05
9.61077e+00	7.12561e-05
9.62773e+00	6.90120e-05
9.64470e+00	6.68309e-05
9.66166e+00	6.47113e-05
9.67863e+00	6.26521e-05
9.69559e+00	6.06517e-05
9.71256e+00	5.87087e-05
9.72952e+00	5.68218e-05
9.74649e+00	5.49897e-05
9.76345e+00	5.32109e-05
9.78042e+00	5.14843e-05
9.79738e+00	4.98084e-05
9.81435e+00	4.81822e-05
9.83131e+00	4.66043e-05
9.84828e+00	4.50735e-05
9.86524e+00	4.35887e-05
9.88221e+00	4.21487e-05
9.89917e+00	4.07524e-05
9.91614e+00	3.93986e-05
9.93310e+00	3.80862e-05
9.95007e+00	3.68143e-05
9.96703e+00	3.55816e-05
9.98400e+00	3.43873e-05
1.00010e+01	3.32304e-05
1.00179e+01	3.21096e-05
1.00349e+01	3.10237e-05
1.00519e+01	2.99734e-05
1.00688e+01	2.89571e-05
1.00858e+01	2.79738e-05
1.01028e+01	2.70226e-05
1.01197e+01	2.61023e-05
1.01367e+01	2.52120e-05
1.01537e+01	2.43508e-05
1.01706e+01	2.35178e-05
1.01876e+01	2.27120e-05
1.02045e+01	2.19326e-05
1.02215e+01	2.11787e-05
1.02385e+01	2.04497e-05
1.02554e+01	1.97446e-05
1.02724e+01	1.90627e-05
1.02894e+01	1.84033e-05
1.03063e+01	1.77657e-05
1.03233e+01	1.71491e-05
1.03403e+01	1.65530e-05
1.03572e+01	1.59766e-05
1.03742e+01	1.54193e-05
1.03912e+01	1.48806e-05
1.04081e+01	1.43597e-05
1.04251e+01	1.38562e-05
1.04421e+01	1.33695e-05
1.04590e+01	1.28990e-05
1.04760e+01	1.24443e-05
1.04930e+01	1.20047e-05
1.05099e+01	1.15799e-05
1.05269e+01	1.11693e-05
1.05438e+01	1.07725e-05
1.05608e+01	1.03890e-05
1.05778e+01	1.00183e-05
1.05947e+01	9.66027e-06
1.06117e+01	9.31403e-06
1.06287e+01	8.97975e-06
1.06456e+01	8.65706e-06
1.06626e+01	8.34556e-06
1.06796e+01	8.04486e-06
1.06965e+01	7.75461e-06
1.07135e+01	7.47443e-06
1.07305e+01	7.20400e-06
1.07474e+01	6.94297e-06
1.07644e+01	6.69103e-06
1.07814e+01	6.44785e-06
1.07983e+01	6.21316e-06
1.08153e+01	5.98664e-06
1.08323e+01	5.76802e-06
1.08492e+01	5.55702e-06
1.08662e+01	5.35340e-06
1.08832e+01	5.15688e-06
1.09001e+01	4.96722e-06
1.09171e+01	4.78419e-06
1.09340e+01	4.60755e-06
1.09510e+01	4.43708e-06
1.09680e+01	4.27257e-06
1.09849e+01	4.11381e-06
1.10019e+01	3.96060e-06
1.10189e+01	3.81273e-06
1.10358e+01	3.67003e-06
1.10528e+01	3.53231e-06
1.10698e+01	3.39940e-06
1.10867e+01	3.27112e-06
1.11037e+01	3.14731e-06
1.11207e+01	3.02780e-06
1.11376e+01	2.91246e-06
1.11546e+01	2.80111e-06
1.11716e+01	2.69363e-06
1.11885e+01	2.58987e-06
1.12055e+01	2.48970e-06
1.12225e+01	2.39298e-06
1.12394e+01	2.29961e-06
1.12564e+01	2.20946e-06
1.12734e+01	2.12242e-06
1.12903e+01	2.03837e-06
1.13073e+01	1.95722e-06
1.13242e+01	1.87885e-06
1.13412e+01	1.80317e-06
1.13582e+01	1.73008e-06
1.13751e+01	1.65948e-06
1.13921e+01	1.59129e-06
1.14091e+01	1.52541e-06
1.14260e+01	1.46177e-06
1.14430e+01	1.40027e-06
1.14600e+01	1.34084e-06
1.14769e+01	1.28340e-06
1.14939e+01	1.22787e-06
1.15109e+01	1.17418e-06
1.15278e+01	1.12225e-06
1.15448e+01	1.07202e-06
1.15618e+01	1.02338e-06
1.15787e+01	9.76345e-07
1.15957e+01	9.30911e-07
1.16127e+01	8.87067e-07
1.16296e+01	8.44803e-07
1.16466e+01	8.04145e-07
1.16635e+01	7.65216e-07
1.16805e+01	7.28071e-07
1.16975e+01	6.92612e-07
1.17144e+01	6.58717e-07
1.17314e+01	6.26259e-07
1.17484e+01	5.95134e-07
1.17653e+01	5.65288e-07
1.17823e+01	5.36704e-07
1.17993e+01	5.09344e-07
1.18162e+01	4.83142e-07
1.18332e+01	4.58051e-07
1.18502e+01	4.34161e-07
1.18671e+01	4.11627e-07
1.18841e+01	3.90310e-07
1.19011e+01	3.70059e-07
1.19180e+01	3.50829e-07
1.19350e+01	3.32577e-07
1.19520e+01	3.15233e-07
1.19689e+01	2.98738e-07
1.19859e+01	2.83044e-07
1.20029e+01	2.68110e-07
1.20198e+01	2.53898e-07
1.20368e+01	2.40372e-07
1.20537e+01	2.27502e-07
1.20707e+01	2.15258e-07
1.20877e+01	2.03610e-07
1.21046e+01	1.92531e-07
1.21216e+01	1.81993e-07
1.21386e+01	1.71973e-07
1.21555e+01	1.62449e-07
1.21725e+01	1.53399e-07
1.21895e+01	1.44801e-07
1.22064e+01	1.36634e-07
1.22234e+01	1.28879e-07
1.22404e+01	1.21521e-07
1.22573e+01	1.14541e-07
1.22743e+01	1.07925e-07
1.22913e+01	1.01657e-07
1.23082e+01	9.57211e-08
1.23252e+01	9.01034e-08
1.23422e+01	8.47879e-08
1.23591e+01	7.97597e-08
1.23761e+01	7.50048e-08
1.23931e+01	7.05095e-08
1.24100e+01	6.62607e-08
1.24270e+01	6.22468e-08
1.24439e+01	5.84564e-08
1.24609e+01	5.48786e-08
1.24779e+01	5.15033e-08
1.24948e+01	4.83203e-08
1.25118e+01	4.53200e-08
1.25288e+01	4.24935e-08
1.25457e+01	3.98321e-08
1.25627e+01	3.73270e-08
1.25797e+01	3.49712e-08
1.25966e+01	3.27579e-08
1.26136e+01	3.06794e-08
1.26306e+01	2.87285e-08
1.26475e+01	2.68978e-08
1.26645e+01	2.51807e-08
1.26815e+01	2.35705e-08
1.26984e+01	2.20614e-08
1.27154e+01	2.06474e-08
1.27324e+01	1.93228e-08
1.27493e+01	1.80822e-08
1.27663e+01	1.69204e-08
1.27833e+01	1.58328e-08
1.28002e+01	1.48147e-08
1.28172e+01	1.38620e-08
1.28341e+01	1.29704e-08
1.28511e+01	1.21358e-08
1.28681e+01	1.13542e-08
1.28850e+01	1.06212e-08
1.29020e+01	9.93338e-09
1.29190e+01	9.28769e-09
1.29359e+01	8.68320e-09
1.29529e+01	8.11667e-09
1.29699e+01	7.58409e-09
1.29868e+01	7.08268e-09
1.30038e+01	6.61063e-09
1.30208e+01	6.16662e-09
1.30377e+01	5.75361e-09
1.30547e+01	5.37409e-09
1.30717e+01	5.02659e-09
1.30886e+01	4.70550e-09
1.31056e+01	4.40707e-09
1.31226e+01	4.12812e-09
1.31395e+01	3.86600e-09
1.31565e+01	3.61929e-09
1.31734e+01	3.38760e-09
1.31904e+01	3.17082e-09
1.32074e+01	2.96882e-09
1.32243e+01	2.78102e-09
1.32413e+01	2.60545e-09
1.32583e+01	2.44108e-09
1.32752e+01	2.28693e-09
1.32922e+01	2.14227e-09
1.33092e+01	2.00633e-09
1.33261e+01	1.87848e-09
1.33431e+01	1.75816e-09
1.33601e+01	1.64490e-09
1.33770e+01	1.53825e-09
1.33940e+01	1.43787e-09
1.34110e+01	1.34343e-09
1.34279e+01	1.25461e-09
1.34449e+01	1.17117e-09
1.34619e+01	1.09286e-09
1.34788e+01	1.01950e-09
1.34958e+01	9.50822e-10
1.35128e+01	8.86498e-10
1.35297e+01	8.26232e-10
1.35467e+01	7.69792e-10
1.35636e+01	7.16957e-10
1.35806e+01	6.67518e-10
1.35976e+01	6.21274e-10
1.36145e+01	5.78037e-10
1.36315e+01	5.37625e-10
1.36485e+01	4.99865e-10
1.36654e+01	4.64593e-10
1.36824e+01	4.31657e-10
1.36994e+01	4.00911e-10
1.37163e+01	3.72219e-10
1.37333e+01	3.45452e-10
1.37503e+01	3.20489e-10
1.37672e+01	2.97213e-10
1.37842e+01	2.75519e-10
1.38012e+01	2.55303e-10
1.38181e+01	2.36471e-10
1.38351e+01	2.18933e-10
1.38521e+01	2.02605e-10
1.38690e+01	1.87409e-10
1.38860e+01	1.73269e-10
1.39030e+01	1.60120e-10
1.39199e+01	1.47897e-10
1.39369e+01	1.36543e-10
1.39538e+01	1.26000e-10
1.39708e+01	1.16216e-10
1.39878e+01	1.07141e-10
1.40047e+01	9.87270e-11
1.40217e+01	9.09310e-11
1.40387e+01	8.37116e-11
1.40556e+01	7.70292e-11
1.40726e+01	7.08471e-11
1.40896e+01	6.51305e-11
1.41065e+01	5.98472e-11
1.41235e+01	5.49668e-11
1.41405e+01	5.04608e-11
1.41574e+01	4.63025e-11
1.41744e+01	4.24668e-11
1.41914e+01	3.89304e-11
1.42083e+01	3.56714e-11
1.42253e+01	3.26693e-11
1.42423e+01	2.99052e-11
1.42592e+01	2.73617e-11
1.42762e+01	2.50225e-11
1.42932e+01	2.28723e-11
1.43101e+01	2.08970e-11
1.43271e+01	1.90833e-11
1.43440e+01	1.74190e-11
1.43610e+01	1.58924e-11
1.43780e+01	1.44930e-11
1.43949e+01	1.32107e-11
1.44119e+01	1.20365e-11
1.44289e+01	1.09617e-11
1.44458e+01	9.97847e-12
1.44628e+01	9.07941e-12
1.44798e+01	8.25776e-12
1.44967e+01	7.50719e-12
1.45137e+01	6.82191e-12
1.45307e+01	6.19654e-12
1.45476e+01	5.62610e-12
1.45646e+01	5.10602e-12
1.45816e+01	4.63208e-12
1.45985e+01	4.20038e-12
1.46155e+01	3.80734e-12
1.46325e+01	3.44966e-12
1.46494e+01	3.12431e-12
1.46664e+01	2.82850e-12
1.46833e+01	2.55967e-12
1.47003e+01	2.31546e-12
1.47173e+01	2.09372e-12
1.47342e+01	1.89247e-12
1.47512e+01	1.70990e-12
1.47682e+01	1.54434e-12
1.47851e+01	1.39427e-12
1.48021e+01	1.25831e-12
1.48191e+01	1.13517e-12
1.48360e+01	1.02371e-12
1.48530e+01	9.22847e-13
1.48700e+01	8.31623e-13
1.48869e+01	7.49150e-13
1.49039e+01	6.74621e-13
1.49209e+01	6.07299e-13
1.49378e+01	5.46514e-13
1.49548e+01	4.91656e-13
1.49718e+01	4.42170e-13
1.49887e+01	3.97551e-13
1.50057e+01	3.57337e-13
1.50227e+01	3.21108e-13
1.50396e+01	2.88479e-13
1.50566e+01	2.59101e-13
1.50735e+01	2.32656e-13
1.50905e+01	2.08858e-13
1.51075e+01	1.87447e-13
1.51244e+01	1.68188e-13
1.51414e+01	1.50871e-13
1.51584e+01	1.35303e-13
1.51753e+01	1.21311e-13
1.51923e+01	1.08739e-13
1.52093e+01	9.74459e-14
1.52262e+01	8.73043e-14
1.52432e+01	7.81989e-14
1.52602e+01	7.00261e-14
1.52771e+01	6.26922e-14
1.52941e+01	5.61127e-14
1.53111e+01	5.02116e-14
1.53280e+01	4.49203e-14
1.53450e+01	4.01769e-14
1.53620e+01	3.59257e-14
1.53789e+01	3.21167e-14
1.53959e+01	2.87047e-14
1.54129e+01	2.56491e-14
1.54298e+01	2.29133e-14
1.54468e+01	2.04645e-14
1.54637e+01	1.82730e-14
1.54807e+01	1.63124e-14
1.54977e+01	1.45586e-14
1.55146e+01	1.29903e-14
1.55316e+01	1.15882e-14
1.55486e+01	1.03349e-14
1.55655e+01	9.21497e-15
1.55825e+01	8.21435e-15
1.55995e+01	7.32055e-15
1.56164e+01	6.52236e-15
1.56334e+01	5.80969e-15
1.56504e+01	5.17353e-15
1.56673e+01	4.60578e-15
1.56843e+01	4.09917e-15
1.57013e+01	3.64721e-15
1.57182e+01	3.24405e-15
1.57352e+01	2.88449e-15
1.57522e+01	2.56382e-15
1.57691e+01	2.27785e-15
1.57861e+01	2.02285e-15
1.58030e+01	1.79562e-15
1.58200e+01	1.59323e-15
1.58370e+01	1.41306e-15
1.58539e+01	1.25275e-15
1.58709e+01	1.11017e-15
1.58879e+01	9.83426e-16
1.59048e+01	8.70806e-16
1.59218e+01	7.70782e-16
1.59388e+01	6.81986e-16
1.59557e+01	6.03194e-16
1.59727e+01	5.33312e-16
1.59897e+01	4.71363e-16
1.60066e+01	4.16471e-16
1.60236e+01	3.67852e-16
1.60406e+01	3.24804e-16
1.60575e+01	2.86703e-16
1.60745e+01	2.52991e-16
1.60915e+01	2.23173e-16
1.61084e+01	1.96807e-16
1.61254e+01	1.73501e-16
1.61424e+01	1.52907e-16
1.61593e+01	1.34715e-16
1.61763e+01	1.18651e-16
1.61932e+01	1.04470e-16
1.62102e+01	9.19557e-17
1.62272e+01	8.09154e-17
1.62441e+01	7.11788e-17
1.62611e+01	6.25947e-17
1.62781e+01	5.50290e-17
1.62950e+01	4.83632e-17
1.63120e+01	4.24919e-17
1.63290e+01	3.73220e-17
1.63459e+01	3.27713e-17
1.63629e+01	2.87667e-17
1.63799e+01	2.52438e-17
1.63968e+01	2.21457e-17
1.64138e+01	1.94219e-17
1.64308e+01	1.70278e-17
1.64477e+01	1.49242e-17
1.64647e+01	1.30764e-17
1.64817e+01	1.14536e-17
1.64986e+01	1.00289e-17
1.65156e+01	8.77839e-18
1.65326e+01	7.68106e-18
1.65495e+01	6.71838e-18
1.65665e+01	5.87405e-18
1.65834e+01	5.13369e-18
1.66004e+01	4.48461e-18
1.66174e+01	3.91564e-18
1.66343e+01	3.41692e-18
1.66513e+01	2.97982e-18
1.66683e+01	2.59669e-18
1.66852e+01	2.26082e-18
1.67022e+01	1.96631e-18
1.67192e+01	1.70792e-18
1.67361e+01	1.48107e-18
1.67531e+01	1.28171e-18
1.67701e+01	1.10627e-18
1.67870e+01	9.51573e-19
1.68040e+01	8.14843e-19
1.68210e+01	6.93599e-19
1.68379e+01	5.85641e-19
1.68549e+01	4.89010e-19
1.68719e+01	4.01959e-19
1.68888e+01	3.22927e-19
1.69058e+01	2.50533e-19
1.69228e+01	1.83571e-19
1.69397e+01	1.21056e-19
1.69567e+01	6.22234e-20
