# The ell = 0 distribution, the isotropy.
# E_N [Td]	1.00000e+01
# col_1: Electron Energy [eV], col_2: f0 [eV^(-3/2)]
eV	f0
9.38438e-03	3.88027e-01
2.81532e-02	3.88396e-01
4.69219e-02	3.88764e-01
6.56907e-02	3.89133e-01
8.44595e-02	3.89503e-01
1.03228e-01	3.89874e-01
1.21997e-01	3.90246e-01
1.40766e-01	3.90618e-01
1.59535e-01	3.90990e-01
1.78303e-01	3.91364e-01
1.97072e-01	3.91737e-01
2.15841e-01	3.92110e-01
2.34610e-01	3.92484e-01
2.53378e-01	3.92858e-01
2.72147e-01	3.93232e-01
2.90916e-01	3.93606e-01
3.09685e-01	3.93980e-01
3.28453e-01	3.94355e-01
3.47222e-01	3.94729e-01
3.65991e-01	3.95103e-01
3.84760e-01	3.95478e-01
4.03529e-01	3.95851e-01
4.22297e-01	3.96225e-01
4.41066e-01	3.96596e-01
4.59835e-01	3.96967e-01
4.78604e-01	3.97334e-01
4.97372e-01	3.97700e-01
5.16141e-01	3.98062e-01
5.34910e-01	3.98419e-01
5.53679e-01	3.98772e-01
5.72447e-01	3.99117e-01
5.91216e-01	3.99455e-01
6.09985e-01	3.99784e-01
6.28754e-01	4.00101e-01
6.47523e-01	4.00406e-01
6.66291e-01	4.00695e-01
6.85060e-01	4.00964e-01
7.03829e-01	4.01211e-01
7.22598e-01	4.01432e-01
7.41366e-01	4.01623e-01
7.60135e-01	4.01782e-01
7.78904e-01	4.01906e-01
7.97673e-01	4.01993e-01
8.16441e-01	4.02042e-01
8.35210e-01	4.02050e-01
8.53979e-01	4.02017e-01
8.72748e-01	4.01942e-01
8.91517e-01	4.01822e-01
9.10285e-01	4.01653e-01
9.29054e-01	4.01430e-01
9.47823e-01	4.01148e-01
9.66592e-01	4.00803e-01
9.85360e-01	4.00385e-01
1.00413e+00	3.99888e-01
1.02290e+00	3.99309e-01
1.04167e+00	3.98640e-01
1.06044e+00	3.97878e-01
1.07920e+00	3.97015e-01
1.09797e+00	3.96044e-01
1.11674e+00	3.94965e-01
1.13551e+00	3.93779e-01
1.15428e+00	3.92486e-01
1.17305e+00	3.91084e-01
1.19182e+00	3.89575e-01
1.21059e+00	3.87957e-01
1.22935e+00	3.86231e-01
1.24812e+00	3.84389e-01
1.26689e+00	3.82430e-01
1.28566e+00	3.80349e-01
1.30443e+00	3.78145e-01
1.32320e+00	3.75807e-01
1.34197e+00	3.73326e-01
1.36074e+00	3.70690e-01
1.37950e+00	3.67890e-01
1.39827e+00	3.64937e-01
1.41704e+00	3.61840e-01
1.43581e+00	3.58605e-01
1.45458e+00	3.55241e-01
1.47335e+00	3.51756e-01
1.49212e+00	3.48155e-01
1.51089e+00	3.44441e-01
1.52965e+00	3.40615e-01
1.54842e+00	3.36680e-01
1.56719e+00	3.32620e-01
1.58596e+00	3.28411e-01
1.60473e+00	3.24028e-01
1.62350e+00	3.19451e-01
1.64227e+00	3.14658e-01
1.66104e+00	3.09617e-01
1.67980e+00	3.04318e-01
1.69857e+00	2.98758e-01
1.71734e+00	2.92932e-01
1.73611e+00	2.86830e-01
1.75488e+00	2.80450e-01
1.77365e+00	2.73816e-01
1.79242e+00	2.66963e-01
1.81119e+00	2.59920e-01
1.82995e+00	2.52723e-01
1.84872e+00	2.45395e-01
1.86749e+00	2.37945e-01
1.88626e+00	2.30387e-01
1.90503e+00	2.22764e-01
1.92380e+00	2.15131e-01
1.94257e+00	2.07599e-01
1.96134e+00	2.00232e-01
1.98011e+00	1.93073e-01
1.99887e+00	1.86143e-01
2.01764e+00	1.79461e-01
2.03641e+00	1.73060e-01
2.05518e+00	1.66916e-01
2.07395e+00	1.61004e-01
2.09272e+00	1.55302e-01
2.11149e+00	1.49787e-01
2.13026e+00	1.44420e-01
2.14902e+00	1.39213e-01
2.16779e+00	1.34187e-01
2.18656e+00	1.29347e-01
2.20533e+00	1.24690e-01
2.22410e+00	1.20220e-01
2.24287e+00	1.15930e-01
2.26164e+00	1.11858e-01
2.28041e+00	1.07996e-01
2.29917e+00	1.04335e-01
2.31794e+00	1.00855e-01
2.33671e+00	9.75529e-02
2.35548e+00	9.44207e-02
2.37425e+00	9.14066e-02
2.39302e+00	8.84988e-02
2.41179e+00	8.57019e-02
2.43056e+00	8.29978e-02
2.44932e+00	8.03757e-02
2.46809e+00	7.78434e-02
2.48686e+00	7.54375e-02
2.50563e+00	7.31840e-02
2.52440e+00	7.10714e-02
2.54317e+00	6.90953e-02
2.56194e+00	6.72435e-02
2.58071e+00	6.55037e-02
2.59947e+00	6.38653e-02
2.61824e+00	6.22852e-02
2.63701e+00	6.07625e-02
2.65578e+00	5.92992e-02
2.67455e+00	5.78949e-02
2.69332e+00	5.65475e-02
2.71209e+00	5.52572e-02
2.73086e+00	5.40278e-02
2.74962e+00	5.28614e-02
2.76839e+00	5.17462e-02
2.78716e+00	5.06753e-02
2.80593e+00	4.96486e-02
2.82470e+00	4.86640e-02
2.84347e+00	4.77219e-02
2.86224e+00	4.68229e-02
2.88101e+00	4.59666e-02
2.89977e+00	4.51591e-02
2.91854e+00	4.43966e-02
2.93731e+00	4.36742e-02
2.95608e+00	4.29870e-02
2.97485e+00	4.23304e-02
2.99362e+00	4.16990e-02
3.01239e+00	4.10881e-02
3.03116e+00	4.04954e-02
3.04992e+00	3.99216e-02
3.06869e+00	3.93677e-02
3.08746e+00	3.88340e-02
3.10623e+00	3.83211e-02
3.12500e+00	3.78281e-02
3.14377e+00	3.73543e-02
3.16254e+00	3.68979e-02
3.18131e+00	3.64573e-02
3.20008e+00	3.60323e-02
3.21884e+00	3.56227e-02
3.23761e+00	3.52282e-02
3.25638e+00	3.48487e-02
3.27515e+00	3.44840e-02
3.29392e+00	3.41335e-02
3.31269e+00	3.37962e-02
3.33146e+00	3.34710e-02
3.35023e+00	3.31565e-02
3.36899e+00	3.28519e-02
3.38776e+00	3.25561e-02
3.40653e+00	3.22685e-02
3.42530e+00	3.19884e-02
3.44407e+00	3.17150e-02
3.46284e+00	3.14484e-02
3.48161e+00	3.11883e-02
3.50038e+00	3.09345e-02
3.51914e+00	3.06864e-02
3.53791e+00	3.04440e-02
3.55668e+00	3.02069e-02
3.57545e+00	2.99752e-02
3.59422e+00	2.97487e-02
3.61299e+00	2.95275e-02
3.63176e+00	2.93114e-02
3.65053e+00	2.91002e-02
3.66929e+00	2.88939e-02
3.68806e+00	2.86923e-02
3.70683e+00	2.84952e-02
3.72560e+00	2.83024e-02
3.74437e+00	2.81138e-02
3.76314e+00	2.79290e-02
3.78191e+00	2.77477e-02
3.80068e+00	2.75695e-02
3.81944e+00	2.73942e-02
3.83821e+00	2.72214e-02
3.85698e+00	2.70508e-02
3.87575e+00	2.68820e-02
3.89452e+00	2.67150e-02
3.91329e+00	2.65496e-02
3.93206e+00	2.63859e-02
3.95083e+00	2.62237e-02
3.96959e+00	2.60630e-02
3.98836e+00	2.59036e-02
4.00713e+00	2.57454e-02
4.02590e+00	2.55883e-02
4.04467e+00	2.54322e-02
4.06344e+00	2.52772e-02
4.08221e+00	2.51234e-02
4.10098e+00	2.49706e-02
4.11974e+00	2.48189e-02
4.13851e+00	2.46684e-02
4.15728e+00	2.45191e-02
4.17605e+00	2.43710e-02
4.19482e+00	2.42240e-02
4.21359e+00	2.40783e-02
4.23236e+00	2.39339e-02
4.25113e+00	2.37906e-02
4.26989e+00	2.36487e-02
4.28866e+00	2.35080e-02
4.30743e+00	2.33686e-02
4.32620e+00	2.32306e-02
4.34497e+00	2.30939e-02
4.36374e+00	2.29587e-02
4.38251e+00	2.28249e-02
4.40128e+00	2.26925e-02
4.42005e+00	2.25616e-02
4.43881e+00	2.24322e-02
4.45758e+00	2.23043e-02
4.47635e+00	2.21778e-02
4.49512e+00	2.20529e-02
4.51389e+00	2.19294e-02
4.53266e+00	2.18075e-02
4.55143e+00	2.16871e-02
4.57020e+00	2.15681e-02
4.58896e+00	2.14507e-02
4.60773e+00	2.13346e-02
4.62650e+00	2.12200e-02
4.64527e+00	2.11067e-02
4.66404e+00	2.09947e-02
4.68281e+00	2.08840e-02
4.70158e+00	2.07745e-02
4.72035e+00	2.06660e-02
4.73911e+00	2.05587e-02
4.75788e+00	2.04523e-02
4.77665e+00	2.03469e-02
4.79542e+00	2.02424e-02
4.81419e+00	2.01388e-02
4.83296e+00	2.00360e-02
4.85173e+00	1.99339e-02
4.87050e+00	1.98324e-02
4.88926e+00	1.97315e-02
4.90803e+00	1.96311e-02
4.92680e+00	1.95311e-02
4.94557e+00	1.94315e-02
4.96434e+00	1.93321e-02
4.98311e+00	1.92330e-02
5.00188e+00	1.91342e-02
5.02065e+00	1.90356e-02
5.03941e+00	1.89371e-02
5.05818e+00	1.88388e-02
5.07695e+00	1.87405e-02
5.09572e+00	1.86424e-02
5.11449e+00	1.85443e-02
5.13326e+00	1.84463e-02
5.15203e+00	1.83483e-02
5.17080e+00	1.82504e-02
5.18956e+00	1.81525e-02
5.20833e+00	1.80548e-02
5.22710e+00	1.79571e-02
5.24587e+00	1.78595e-02
5.26464e+00	1.77620e-02
5.28341e+00	1.76646e-02
5.30218e+00	1.75673e-02
5.32095e+00	1.74702e-02
5.33971e+00	1.73731e-02
5.35848e+00	1.72761e-02
5.37725e+00	1.71792e-02
5.39602e+00	1.70825e-02
5.41479e+00	1.69858e-02
5.43356e+00	1.68893e-02
5.45233e+00	1.67928e-02
5.47110e+00	1.66965e-02
5.48986e+00	1.66003e-02
5.50863e+00	1.65042e-02
5.52740e+00	1.64082e-02
5.54617e+00	1.63123e-02
5.56494e+00	1.62166e-02
5.58371e+00	1.61209e-02
5.60248e+00	1.60254e-02
5.62125e+00	1.59300e-02
5.64002e+00	1.58347e-02
5.65878e+00	1.57395e-02
5.67755e+00	1.56445e-02
5.69632e+00	1.55495e-02
5.71509e+00	1.54547e-02
5.73386e+00	1.53600e-02
5.75263e+00	1.52655e-02
5.77140e+00	1.51710e-02
5.79017e+00	1.50767e-02
5.80893e+00	1.49825e-02
5.82770e+00	1.48884e-02
5.84647e+00	1.47944e-02
5.86524e+00	1.47006e-02
5.88401e+00	1.46068e-02
5.90278e+00	1.45133e-02
5.92155e+00	1.44198e-02
5.94032e+00	1.43264e-02
5.95908e+00	1.42332e-02
5.97785e+00	1.41401e-02
5.99662e+00	1.40472e-02
6.01539e+00	1.39543e-02
6.03416e+00	1.38616e-02
6.05293e+00	1.37690e-02
6.07170e+00	1.36766e-02
6.09047e+00	1.35843e-02
6.10923e+00	1.34922e-02
6.12800e+00	1.34002e-02
6.14677e+00	1.33083e-02
6.16554e+00	1.32166e-02
6.18431e+00	1.31250e-02
6.20308e+00	1.30335e-02
6.22185e+00	1.29422e-02
6.24062e+00	1.28511e-02
6.25938e+00	1.27600e-02
6.27815e+00	1.26692e-02
6.29692e+00	1.25784e-02
6.31569e+00	1.24878e-02
6.33446e+00	1.23973e-02
6.35323e+00	1.23070e-02
6.37200e+00	1.22168e-02
6.39077e+00	1.21267e-02
6.40953e+00	1.20368e-02
6.42830e+00	1.19471e-02
6.44707e+00	1.18574e-02
6.46584e+00	1.17679e-02
6.48461e+00	1.16785e-02
6.50338e+00	1.15893e-02
6.52215e+00	1.15002e-02
6.54092e+00	1.14113e-02
6.55968e+00	1.13224e-02
6.57845e+00	1.12338e-02
6.59722e+00	1.11452e-02
6.61599e+00	1.10568e-02
6.63476e+00	1.09685e-02
6.65353e+00	1.08803e-02
6.67230e+00	1.07923e-02
6.69107e+00	1.07044e-02
6.70983e+00	1.06167e-02
6.72860e+00	1.05290e-02
6.74737e+00	1.04415e-02
6.76614e+00	1.03542e-02
6.78491e+00	1.02669e-02
6.80368e+00	1.01798e-02
6.82245e+00	1.00928e-02
6.84122e+00	1.00060e-02
6.85998e+00	9.91930e-03
6.87875e+00	9.83273e-03
6.89752e+00	9.74631e-03
6.91629e+00	9.66003e-03
6.93506e+00	9.57387e-03
6.95383e+00	9.48787e-03
6.97260e+00	9.40204e-03
6.99137e+00	9.31637e-03
7.01014e+00	9.23088e-03
7.02890e+00	9.14555e-03
7.04767e+00	9.06040e-03
7.06644e+00	8.97541e-03
7.08521e+00	8.89058e-03
7.10398e+00	8.80594e-03
7.12275e+00	8.72149e-03
7.14152e+00	8.63723e-03
7.16029e+00	8.55315e-03
7.17905e+00	8.46926e-03
7.19782e+00	8.38555e-03
7.21659e+00	8.30203e-03
7.23536e+00	8.21870e-03
7.25413e+00	8.13555e-03
7.27290e+00	8.05258e-03
7.29167e+00	7.96979e-03
7.31044e+00	7.88718e-03
7.32920e+00	7.80475e-03
7.34797e+00	7.72250e-03
7.36674e+00	7.64041e-03
7.38551e+00	7.55849e-03
7.40428e+00	7.47676e-03
7.42305e+00	7.39520e-03
7.44182e+00	7.31383e-03
7.46059e+00	7.23264e-03
7.47935e+00	7.15165e-03
7.49812e+00	7.07085e-03
7.51689e+00	6.99026e-03
7.53566e+00	6.90986e-03
7.55443e+00	6.82967e-03
7.57320e+00	6.74968e-03
7.59197e+00	6.66990e-03
7.61074e+00	6.59034e-03
7.62950e+00	6.51100e-03
7.64827e+00	6.43187e-03
7.66704e+00	6.35297e-03
7.68581e+00	6.27430e-03
7.70458e+00	6.19586e-03
7.72335e+00	6.11764e-03
7.74212e+00	6.03966e-03
7.76089e+00	5.96191e-03
7.77965e+00	5.88440e-03
7.79842e+00	5.80714e-03
7.81719e+00	5.73014e-03
7.83596e+00	5.65341e-03
7.85473e+00	5.57697e-03
7.87350e+00	5.50082e-03
7.89227e+00	5.42499e-03
7.91104e+00	5.34948e-03
7.92980e+00	5.27430e-03
7.94857e+00	5.19947e-03
7.96734e+00	5.12500e-03
7.98611e+00	5.05089e-03
8.00488e+00	4.97716e-03
8.02365e+00	4.90382e-03
8.04242e+00	4.83088e-03
8.06119e+00	4.75835e-03
8.07995e+00	4.68624e-03
8.09872e+00	4.61456e-03
8.11749e+00	4.54333e-03
8.13626e+00	4.47256e-03
8.15503e+00	4.40225e-03
8.17380e+00	4.33241e-03
8.19257e+00	4.26305e-03
8.21134e+00	4.19418e-03
8.23011e+00	4.12581e-03
8.24887e+00	4.05795e-03
8.26764e+00	3.99060e-03
8.28641e+00	3.92378e-03
8.30518e+00	3.85751e-03
8.32395e+00	3.79179e-03
8.34272e+00	3.72664e-03
8.36149e+00	3.66207e-03
8.38026e+00	3.59809e-03
8.39902e+00	3.53471e-03
8.41779e+00	3.47194e-03
8.43656e+00	3.40980e-03
8.45533e+00	3.34829e-03
8.47410e+00	3.28742e-03
8.49287e+00	3.22721e-03
8.51164e+00	3.16768e-03
8.53041e+00	3.10885e-03
8.54917e+00	3.05071e-03
8.56794e+00	2.99327e-03
8.58671e+00	2.93655e-03
8.60548e+00	2.88053e-03
8.62425e+00	2.82523e-03
8.64302e+00	2.77065e-03
8.66179e+00	2.71679e-03
8.68056e+00	2.66365e-03
8.69932e+00	2.61123e-03
8.71809e+00	2.55954e-03
8.73686e+00	2.50858e-03
8.75563e+00	2.45834e-03
8.77440e+00	2.40883e-03
8.79317e+00	2.36005e-03
8.81194e+00	2.31200e-03
8.83071e+00	2.26468e-03
8.84947e+00	2.21808e-03
8.86824e+00	2.17221e-03
8.88701e+00	2.12706e-03
8.90578e+00	2.08264e-03
8.92455e+00	2.03894e-03
8.94332e+00	1.99596e-03
8.96209e+00	1.95370e-03
8.98086e+00	1.91216e-03
8.99962e+00	1.87134e-03
9.01839e+00	1.83123e-03
9.03716e+00	1.79183e-03
9.05593e+00	1.75313e-03
9.07470e+00	1.71511e-03
9.09347e+00	1.67778e-03
9.11224e+00	1.64111e-03
9.13101e+00	1.60511e-03
9.14977e+00	1.56976e-03
9.16854e+00	1.53506e-03
9.18731e+00	1.50099e-03
9.20608e+00	1.46755e-03
9.22485e+00	1.43473e-03
9.24362e+00	1.40253e-03
9.26239e+00	1.37092e-03
9.28116e+00	1.33991e-03
9.29992e+00	1.30949e-03
9.31869e+00	1.27964e-03
9.33746e+00	1.25037e-03
9.35623e+00	1.22165e-03
9.37500e+00	1.19350e-03
9.39377e+00	1.16588e-03
9.41254e+00	1.13881e-03
9.43131e+00	1.11227e-03
9.45008e+00	1.08624e-03
9.46884e+00	1.06074e-03
9.48761e+00	1.03574e-03
9.50638e+00	1.01124e-03
9.52515e+00	9.87225e-04
9.54392e+00	9.63697e-04
9.56269e+00	9.40645e-04
9.58146e+00	9.18061e-04
9.60023e+00	8.95938e-04
9.61899e+00	8.74268e-04
9.63776e+00	8.53045e-04
9.65653e+00	8.32261e-04
9.67530e+00	8.11912e-04
9.69407e+00	7.91991e-04
9.71284e+00	7.72491e-04
9.73161e+00	7.53406e-04
9.75038e+00	7.34730e-04
9.76914e+00	7.16455e-04
9.78791e+00	6.98576e-04
9.80668e+00	6.81086e-04
9.82545e+00	6.63978e-04
9.84422e+00	6.47248e-04
9.86299e+00	6.30888e-04
9.88176e+00	6.14892e-04
9.90053e+00	5.99255e-04
9.91929e+00	5.83969e-04
9.93806e+00	5.69030e-04
9.95683e+00	5.54431e-04
9.97560e+00	5.40167e-04
9.99437e+00	5.26231e-04
1.00131e+01	5.12618e-04
1.00319e+01	4.99316e-04
1.00507e+01	4.86339e-04
1.00694e+01	4.73676e-04
1.00882e+01	4.61321e-04
1.01070e+01	4.49267e-04
1.01258e+01	4.37507e-04
1.01445e+01	4.26034e-04
1.01633e+01	4.14841e-04
1.01821e+01	4.03921e-04
1.02008e+01	3.93268e-04
1.02196e+01	3.82876e-04
1.02384e+01	3.72739e-04
1.02571e+01	3.62850e-04
1.02759e+01	3.53204e-04
1.02947e+01	3.43796e-04
1.03134e+01	3.34619e-04
1.03322e+01	3.25668e-04
1.03510e+01	3.16938e-04
1.03697e+01	3.08424e-04
1.03885e+01	3.00120e-04
1.04073e+01	2.92021e-04
1.04261e+01	2.84123e-04
1.04448e+01	2.76421e-04
1.04636e+01	2.68909e-04
1.04824e+01	2.61584e-04
1.05011e+01	2.54441e-04
1.05199e+01	2.47475e-04
1.05387e+01	2.40683e-04
1.05574e+01	2.34059e-04
1.05762e+01	2.27601e-04
1.05950e+01	2.21304e-04
1.06137e+01	2.15161e-04
1.06325e+01	2.09177e-04
1.06513e+01	2.03348e-04
1.06700e+01	1.97670e-04
1.06888e+01	1.92139e-04
1.07076e+01	1.86752e-04
1.07264e+01	1.81505e-04
1.07451e+01	1.76394e-04
1.07639e+01	1.71416e-04
1.07827e+01	1.66567e-04
1.08014e+01	1.61843e-04
1.08202e+01	1.57243e-04
1.08390e+01	1.52762e-04
1.08577e+01	1.48397e-04
1.08765e+01	1.44145e-04
1.08953e+01	1.40004e-04
1.09140e+01	1.35970e-04
1.09328e+01	1.32040e-04
1.09516e+01	1.28212e-04
1.09703e+01	1.24484e-04
1.09891e+01	1.20851e-04
1.10079e+01	1.17313e-04
1.10267e+01	1.13866e-04
1.10454e+01	1.10508e-04
1.10642e+01	1.07236e-04
1.10830e+01	1.04049e-04
1.11017e+01	1.00943e-04
1.11205e+01	9.79166e-05
1.11393e+01	9.49678e-05
1.11580e+01	9.20942e-05
1.11768e+01	8.92938e-05
1.11956e+01	8.65644e-05
1.12143e+01	8.39041e-05
1.12331e+01	8.13111e-05
1.12519e+01	7.87836e-05
1.12706e+01	7.63199e-05
1.12894e+01	7.39183e-05
1.13082e+01	7.15770e-05
1.13270e+01	6.92944e-05
1.13457e+01	6.70690e-05
1.13645e+01	6.48990e-05
1.13833e+01	6.27830e-05
1.14020e+01	6.07195e-05
1.14208e+01	5.87069e-05
1.14396e+01	5.67439e-05
1.14583e+01	5.48289e-05
1.14771e+01	5.29606e-05
1.14959e+01	5.11375e-05
1.15146e+01	4.93581e-05
1.15334e+01	4.76210e-05
1.15522e+01	4.59244e-05
1.15709e+01	4.42670e-05
1.15897e+01	4.26499e-05
1.16085e+01	4.10736e-05
1.16273e+01	3.95385e-05
1.16460e+01	3.80458e-05
1.16648e+01	3.66006e-05
1.16836e+01	3.52058e-05
1.17023e+01	3.38588e-05
1.17211e+01	3.25561e-05
1.17399e+01	3.12939e-05
1.17586e+01	3.00698e-05
1.17774e+01	2.88838e-05
1.17962e+01	2.77354e-05
1.18149e+01	2.66233e-05
1.18337e+01	2.55462e-05
1.18525e+01	2.45083e-05
1.18712e+01	2.35159e-05
1.18900e+01	2.25636e-05
1.19088e+01	2.16473e-05
1.19276e+01	2.07666e-05
1.19463e+01	1.99194e-05
1.19651e+01	1.91035e-05
1.19839e+01	1.83174e-05
1.20026e+01	1.75597e-05
1.20214e+01	1.68295e-05
1.20402e+01	1.61257e-05
1.20589e+01	1.54474e-05
1.20777e+01	1.47939e-05
1.20965e+01	1.41642e-05
1.21152e+01	1.35575e-05
1.21340e+01	1.29732e-05
1.21528e+01	1.24105e-05
1.21715e+01	1.18688e-05
1.21903e+01	1.13474e-05
1.22091e+01	1.08457e-05
1.22279e+01	1.03630e-05
1.22466e+01	9.89898e-06
1.22654e+01	9.45300e-06
1.22842e+01	9.02463e-06
1.23029e+01	8.61337e-06
1.23217e+01	8.21875e-06
1.23405e+01	7.84018e-06
1.23592e+01	7.47709e-06
1.23780e+01	7.12894e-06
1.23968e+01	6.79520e-06
1.24155e+01	6.47535e-06
1.24343e+01	6.16893e-06
1.24531e+01	5.87550e-06
1.24718e+01	5.59463e-06
1.24906e+01	5.32590e-06
1.25094e+01	5.06890e-06
1.25282e+01	4.82321e-06
1.25469e+01	4.58848e-06
1.25657e+01	4.36425e-06
1.25845e+01	4.15031e-06
1.26032e+01	3.94632e-06
1.26220e+01	3.75191e-06
1.26408e+01	3.56671e-06
1.26595e+01	3.39032e-06
1.26783e+01	3.22238e-06
1.26971e+01	3.06255e-06
1.27158e+01	2.91048e-06
1.27346e+01	2.76582e-06
1.27534e+01	2.62824e-06
1.27721e+01	2.49741e-06
1.27909e+01	2.37302e-06
1.28097e+01	2.25479e-06
1.28285e+01	2.14241e-06
1.28472e+01	2.03559e-06
1.28660e+01	1.93400e-06
1.28848e+01	1.83728e-06
1.29035e+01	1.74514e-06
1.29223e+01	1.65732e-06
1.29411e+01	1.57382e-06
1.29598e+01	1.49430e-06
1.29786e+01	1.41833e-06
1.29974e+01	1.34574e-06
1.30161e+01	1.27635e-06
1.30349e+01	1.21058e-06
1.30537e+01	1.14895e-06
1.30724e+01	1.09150e-06
1.30912e+01	1.03749e-06
1.31100e+01	9.86414e-07
1.31288e+01	9.37842e-07
1.31475e+01	8.91437e-07
1.31663e+01	8.47120e-07
1.31851e+01	8.04911e-07
1.32038e+01	7.64877e-07
1.32226e+01	7.27039e-07
1.32414e+01	6.91117e-07
1.32601e+01	6.56948e-07
1.32789e+01	6.24394e-07
1.32977e+01	5.93349e-07
1.33164e+01	5.63712e-07
1.33352e+01	5.35398e-07
1.33540e+01	5.08338e-07
1.33727e+01	4.82467e-07
1.33915e+01	4.57738e-07
1.34103e+01	4.34113e-07
1.34291e+01	4.11553e-07
1.34478e+01	3.90027e-07
1.34666e+01	3.69511e-07
1.34854e+01	3.49992e-07
1.35041e+01	3.31421e-07
1.35229e+01	3.13743e-07
1.35417e+01	2.96917e-07
1.35604e+01	2.80908e-07
1.35792e+01	2.65682e-07
1.35980e+01	2.51204e-07
1.36167e+01	2.37445e-07
1.36355e+01	2.24370e-07
1.36543e+01	2.11951e-07
1.36730e+01	2.00155e-07
1.36918e+01	1.88957e-07
1.37106e+01	1.78327e-07
1.37294e+01	1.68240e-07
1.37481e+01	1.58670e-07
1.37669e+01	1.49594e-07
1.37857e+01	1.40987e-07
1.38044e+01	1.32827e-07
1.38232e+01	1.25093e-07
1.38420e+01	1.17765e-07
1.38607e+01	1.10823e-07
1.38795e+01	1.04247e-07
1.38983e+01	9.80223e-08
1.39170e+01	9.21313e-08
1.39358e+01	8.65590e-08
1.39546e+01	8.12908e-08
1.39733e+01	7.63125e-08
1.39921e+01	7.16098e-08
1.40109e+01	6.71696e-08
1.40297e+01	6.29797e-08
1.40484e+01	5.90274e-08
1.40672e+01	5.53011e-08
1.40860e+01	5.17893e-08
1.41047e+01	4.84813e-08
1.41235e+01	4.53664e-08
1.41423e+01	4.24348e-08
1.41610e+01	3.96768e-08
1.41798e+01	3.70832e-08
1.41986e+01	3.46451e-08
1.42173e+01	3.23541e-08
1.42361e+01	3.02022e-08
1.42549e+01	2.81819e-08
1.42736e+01	2.62860e-08
1.42924e+01	2.45078e-08
1.43112e+01	2.28408e-08
1.43300e+01	2.12789e-08
1.43487e+01	1.98159e-08
1.43675e+01	1.84464e-08
1.43863e+01	1.71650e-08
1.44050e+01	1.59665e-08
1.44238e+01	1.48460e-08
1.44426e+01	1.37990e-08
1.44613e+01	1.28211e-08
1.44801e+01	1.19081e-08
1.44989e+01	1.10561e-08
1.45176e+01	1.02613e-08
1.45364e+01	9.52025e-09
1.45552e+01	8.82956e-09
1.45739e+01	8.18609e-09
1.45927e+01	7.58685e-09
1.46115e+01	7.02903e-09
1.46303e+01	6.50997e-09
1.46490e+01	6.02718e-09
1.46678e+01	5.57830e-09
1.46866e+01	5.16110e-09
1.47053e+01	4.77352e-09
1.47241e+01	4.41359e-09
1.47429e+01	4.07945e-09
1.47616e+01	3.76939e-09
1.47804e+01	3.48178e-09
1.47992e+01	3.21509e-09
1.48179e+01	2.96790e-09
1.48367e+01	2.73887e-09
1.48555e+01	2.52675e-09
1.48742e+01	2.33037e-09
1.48930e+01	2.14862e-09
1.49118e+01	1.98049e-09
1.49306e+01	1.82501e-09
1.49493e+01	1.68129e-09
1.49681e+01	1.54849e-09
1.49869e+01	1.42584e-09
1.50056e+01	1.31260e-09
1.50244e+01	1.20810e-09
1.50432e+01	1.11168e-09
1.50619e+01	1.02273e-09
1.50807e+01	9.40702e-10
1.50995e+01	8.65068e-10
1.51182e+01	7.95345e-10
1.51370e+01	7.31085e-10
1.51558e+01	6.71874e-10
1.51745e+01	6.17327e-10
1.51933e+01	5.67088e-10
1.52121e+01	5.20827e-10
1.52309e+01	4.78239e-10
1.52496e+01	4.39042e-10
1.52684e+01	4.02972e-10
1.52872e+01	3.69789e-10
1.53059e+01	3.39267e-10
1.53247e+01	3.11199e-10
1.53435e+01	2.85394e-10
1.53622e+01	2.61675e-10
1.53810e+01	2.39877e-10
1.53998e+01	2.19849e-10
1.54185e+01	2.01452e-10
1.54373e+01	1.84555e-10
1.54561e+01	1.69041e-10
1.54748e+01	1.54798e-10
1.54936e+01	1.41726e-10
1.55124e+01	1.29729e-10
1.55312e+01	1.18723e-10
1.55499e+01	1.08627e-10
1.55687e+01	9.93682e-11
1.55875e+01	9.08778e-11
1.56062e+01	8.30939e-11
1.56250e+01	7.59589e-11
1.56438e+01	6.94200e-11
1.56625e+01	6.34282e-11
1.56813e+01	5.79386e-11
1.57001e+01	5.29099e-11
1.57188e+01	4.83039e-11
1.57376e+01	4.40853e-11
1.57564e+01	4.02219e-11
1.57752e+01	3.66832e-11
1.57939e+01	3.34433e-11
1.58127e+01	3.04782e-11
1.58315e+01	2.77661e-11
1.58502e+01	2.52865e-11
1.58690e+01	2.30203e-11
1.58878e+01	2.09502e-11
1.59065e+01	1.90599e-11
1.59253e+01	1.73345e-11
1.59441e+01	1.57603e-11
1.59628e+01	1.43246e-11
1.59816e+01	1.30158e-11
1.60004e+01	1.18233e-11
1.60191e+01	1.07370e-11
1.60379e+01	9.74786e-12
1.60567e+01	8.84746e-12
1.60755e+01	8.02808e-12
1.60942e+01	7.28261e-12
1.61130e+01	6.60460e-12
1.61318e+01	5.98810e-12
1.61505e+01	5.42770e-12
1.61693e+01	4.91843e-12
1.61881e+01	4.45577e-12
1.62068e+01	4.03557e-12
1.62256e+01	3.65404e-12
1.62444e+01	3.30770e-12
1.62631e+01	2.99342e-12
1.62819e+01	2.70829e-12
1.63007e+01	2.44969e-12
1.63194e+01	2.21521e-12
1.63382e+01	2.00266e-12
1.63570e+01	1.81004e-12
1.63758e+01	1.63553e-12
1.63945e+01	1.47746e-12
1.64133e+01	1.33434e-12
1.64321e+01	1.20477e-12
1.64508e+01	1.08751e-12
1.64696e+01	9.81412e-13
1.64884e+01	8.85438e-13
1.65071e+01	7.98645e-13
1.65259e+01	7.20173e-13
1.65447e+01	6.49245e-13
1.65634e+01	5.85153e-13
1.65822e+01	5.27254e-13
1.66010e+01	4.74965e-13
1.66197e+01	4.27755e-13
1.66385e+01	3.85140e-13
1.66573e+01	3.46685e-13
1.66761e+01	3.11993e-13
1.66948e+01	2.80703e-13
1.67136e+01	2.52490e-13
1.67324e+01	2.27058e-13
1.67511e+01	2.04138e-13
1.67699e+01	1.83488e-13
1.67887e+01	1.64887e-13
1.68074e+01	1.48137e-13
1.68262e+01	1.33057e-13
1.68450e+01	1.19484e-13
1.68637e+01	1.07271e-13
1.68825e+01	9.62840e-14
1.69013e+01	8.64028e-14
1.69200e+01	7.75180e-14
1.69388e+01	6.95313e-14
1.69576e+01	6.23537e-14
1.69764e+01	5.59049e-14
1.69951e+01	5.01123e-14
1.70139e+01	4.49105e-14
1.70327e+01	4.02403e-14
1.70514e+01	3.60484e-14
1.70702e+01	3.22866e-14
1.70890e+01	2.89116e-14
1.71077e+01	2.58841e-14
1.71265e+01	2.31690e-14
1.71453e+01	2.07346e-14
1.71640e+01	1.85522e-14
1.71828e+01	1.65962e-14
1.72016e+01	1.48435e-14
1.72203e+01	1.32733e-14
1.72391e+01	1.18669e-14
1.72579e+01	1.06074e-14
1.72767e+01	9.47978e-15
1.72954e+01	8.47039e-15
1.73142e+01	7.56701e-15
1.73330e+01	6.75867e-15
1.73517e+01	6.03552e-15
1.73705e+01	5.38871e-15
1.73893e+01	4.81030e-15
1.74080e+01	4.29316e-15
1.74268e+01	3.83088e-15
1.74456e+01	3.41773e-15
1.74643e+01	3.04855e-15
1.74831e+01	2.71873e-15
1.75019e+01	2.42414e-15
1.75206e+01	2.16105e-15
1.75394e+01	1.92615e-15
1.75582e+01	1.71645e-15
1.75770e+01	1.52929e-15
1.75957e+01	1.36228e-15
1.76145e+01	1.21328e-15
1.76333e+01	1.08038e-15
1.76520e+01	9.61858e-16
1.76708e+01	8.56179e-16
1.76896e+01	7.61972e-16
1.77083e+01	6.78008e-16
1.77271e+01	6.03187e-16
1.77459e+01	5.36527e-16
1.77646e+01	4.77149e-16
1.77834e+01	4.24268e-16
1.78022e+01	3.77181e-16
1.78209e+01	3.35263e-16
1.78397e+01	2.97953e-16
1.78585e+01	2.64749e-16
1.78773e+01	2.35204e-16
1.78960e+01	2.08920e-16
1.79148e+01	1.85540e-16
1.79336e+01	1.64748e-16
1.79523e+01	1.46262e-16
1.79711e+01	1.29830e-16
1.79899e+01	1.15225e-16
1.80086e+01	1.02248e-16
1.80274e+01	9.07178e-17
1.80462e+01	8.04762e-17
1.80649e+01	7.13800e-17
1.80837e+01	6.33025e-17
1.81025e+01	5.61306e-17
1.81212e+01	4.97637e-17
1.81400e+01	4.41122e-17
1.81588e+01	3.90965e-17
1.81776e+01	3.46455e-17
1.81963e+01	3.06958e-17
1.82151e+01	2.71913e-17
1.82339e+01	2.40824e-17
1.82526e+01	2.13246e-17
1.82714e+01	1.88785e-17
1.82902e+01	1.67090e-17
1.83089e+01	1.47851e-17
1.83277e+01	1.30789e-17
1.83465e+01	1.15658e-17
1.83652e+01	1.02239e-17
1.83840e+01	9.03377e-18
1.84028e+01	7.97802e-18
1.84215e+01	7.04129e-18
1.84403e+01	6.20988e-18
1.84591e+01	5.47160e-18
1.84779e+01	4.81561e-18
1.84966e+01	4.23226e-18
1.85154e+01	3.71294e-18
1.85342e+01	3.24998e-18
1.85529e+01	2.83651e-18
1.85717e+01	2.46640e-18
1.85905e+01	2.13416e-18
1.86092e+01	1.83486e-18
1.86280e+01	1.56407e-18
1.86468e+01	1.31781e-18
1.86655e+01	1.09249e-18
1.86843e+01	8.84881e-19
1.87031e+01	6.92115e-19
1.87218e+01	5.11681e-19
1.87406e+01	3.41484e-19
1.87594e+01	1.79834e-19
