# The ell = 0 distribution, the isotropy.
# E_N [Td]	2.00000e+01
# col_1: Electron Energy [eV], col_2: f0 [eV^(-3/2)]
eV	f0
1.16953e-02	1.64134e-01
3.50858e-02	1.64384e-01
5.84763e-02	1.64633e-01
8.18668e-02	1.64885e-01
1.05257e-01	1.65141e-01
1.28648e-01	1.65401e-01
1.52038e-01	1.65662e-01
1.75429e-01	1.65924e-01
1.98819e-01	1.66187e-01
2.22210e-01	1.66450e-01
2.45600e-01	1.66714e-01
2.68991e-01	1.66976e-01
2.92381e-01	1.67239e-01
3.15772e-01	1.67500e-01
3.39162e-01	1.67760e-01
3.62553e-01	1.68019e-01
3.85943e-01	1.68277e-01
4.09334e-01	1.68533e-01
4.32724e-01	1.68786e-01
4.56115e-01	1.69037e-01
4.79505e-01	1.69285e-01
5.02896e-01	1.69530e-01
5.26286e-01	1.69770e-01
5.49677e-01	1.70006e-01
5.73067e-01	1.70236e-01
5.96458e-01	1.70459e-01
6.19848e-01	1.70675e-01
6.43239e-01	1.70883e-01
6.66629e-01	1.71080e-01
6.90020e-01	1.71265e-01
7.13410e-01	1.71437e-01
7.36801e-01	1.71593e-01
7.60191e-01	1.71731e-01
7.83582e-01	1.71851e-01
8.06973e-01	1.71951e-01
8.30363e-01	1.72032e-01
8.53754e-01	1.72091e-01
8.77144e-01	1.72129e-01
9.00535e-01	1.72143e-01
9.23925e-01	1.72133e-01
9.47316e-01	1.72095e-01
9.70706e-01	1.72027e-01
9.94097e-01	1.71925e-01
1.01749e+00	1.71788e-01
1.04088e+00	1.71615e-01
1.06427e+00	1.71403e-01
1.08766e+00	1.71151e-01
1.11105e+00	1.70857e-01
1.13444e+00	1.70522e-01
1.15783e+00	1.70146e-01
1.18122e+00	1.69729e-01
1.20461e+00	1.69271e-01
1.22800e+00	1.68771e-01
1.25139e+00	1.68228e-01
1.27478e+00	1.67639e-01
1.29817e+00	1.67004e-01
1.32156e+00	1.66322e-01
1.34495e+00	1.65588e-01
1.36834e+00	1.64801e-01
1.39174e+00	1.63958e-01
1.41513e+00	1.63065e-01
1.43852e+00	1.62124e-01
1.46191e+00	1.61137e-01
1.48530e+00	1.60107e-01
1.50869e+00	1.59034e-01
1.53208e+00	1.57917e-01
1.55547e+00	1.56757e-01
1.57886e+00	1.55544e-01
1.60225e+00	1.54271e-01
1.62564e+00	1.52931e-01
1.64903e+00	1.51516e-01
1.67242e+00	1.50017e-01
1.69581e+00	1.48428e-01
1.71920e+00	1.46747e-01
1.74259e+00	1.44969e-01
1.76598e+00	1.43091e-01
1.78937e+00	1.41122e-01
1.81276e+00	1.39069e-01
1.83615e+00	1.36944e-01
1.85955e+00	1.34749e-01
1.88294e+00	1.32485e-01
1.90633e+00	1.30160e-01
1.92972e+00	1.27789e-01
1.95311e+00	1.25419e-01
1.97650e+00	1.23071e-01
1.99989e+00	1.20759e-01
2.02328e+00	1.18492e-01
2.04667e+00	1.16286e-01
2.07006e+00	1.14135e-01
2.09345e+00	1.12037e-01
2.11684e+00	1.09987e-01
2.14023e+00	1.07971e-01
2.16362e+00	1.05998e-01
2.18701e+00	1.04076e-01
2.21040e+00	1.02207e-01
2.23379e+00	1.00396e-01
2.25718e+00	9.86524e-02
2.28057e+00	9.69893e-02
2.30397e+00	9.54031e-02
2.32736e+00	9.38876e-02
2.35075e+00	9.24413e-02
2.37414e+00	9.10457e-02
2.39753e+00	8.96878e-02
2.42092e+00	8.83718e-02
2.44431e+00	8.70881e-02
2.46770e+00	8.58394e-02
2.49109e+00	8.46478e-02
2.51448e+00	8.35300e-02
2.53787e+00	8.24802e-02
2.56126e+00	8.14951e-02
2.58465e+00	8.05671e-02
2.60804e+00	7.96843e-02
2.63143e+00	7.88273e-02
2.65482e+00	7.79971e-02
2.67821e+00	7.71951e-02
2.70160e+00	7.64210e-02
2.72499e+00	7.56762e-02
2.74838e+00	7.49681e-02
2.77178e+00	7.42894e-02
2.79517e+00	7.36355e-02
2.81856e+00	7.30063e-02
2.84195e+00	7.24009e-02
2.86534e+00	7.18202e-02
2.88873e+00	7.12641e-02
2.91212e+00	7.07363e-02
2.93551e+00	7.02334e-02
2.95890e+00	6.97517e-02
2.98229e+00	6.92876e-02
3.00568e+00	6.88364e-02
3.02907e+00	6.83954e-02
3.05246e+00	6.79647e-02
3.07585e+00	6.75453e-02
3.09924e+00	6.71377e-02
3.12263e+00	6.67422e-02
3.14602e+00	6.63583e-02
3.16941e+00	6.59848e-02
3.19280e+00	6.56208e-02
3.21619e+00	6.52663e-02
3.23959e+00	6.49211e-02
3.26298e+00	6.45853e-02
3.28637e+00	6.42589e-02
3.30976e+00	6.39410e-02
3.33315e+00	6.36310e-02
3.35654e+00	6.33275e-02
3.37993e+00	6.30298e-02
3.40332e+00	6.27370e-02
3.42671e+00	6.24487e-02
3.45010e+00	6.21640e-02
3.47349e+00	6.18831e-02
3.49688e+00	6.16056e-02
3.52027e+00	6.13314e-02
3.54366e+00	6.10603e-02
3.56705e+00	6.07921e-02
3.59044e+00	6.05270e-02
3.61383e+00	6.02649e-02
3.63722e+00	6.00058e-02
3.66061e+00	5.97496e-02
3.68400e+00	5.94963e-02
3.70740e+00	5.92457e-02
3.73079e+00	5.89978e-02
3.75418e+00	5.87524e-02
3.77757e+00	5.85090e-02
3.80096e+00	5.82675e-02
3.82435e+00	5.80274e-02
3.84774e+00	5.77886e-02
3.87113e+00	5.75505e-02
3.89452e+00	5.73130e-02
3.91791e+00	5.70761e-02
3.94130e+00	5.68396e-02
3.96469e+00	5.66036e-02
3.98808e+00	5.63679e-02
4.01147e+00	5.61324e-02
4.03486e+00	5.58968e-02
4.05825e+00	5.56612e-02
4.08164e+00	5.54257e-02
4.10503e+00	5.51904e-02
4.12842e+00	5.49552e-02
4.15182e+00	5.47203e-02
4.17521e+00	5.44856e-02
4.19860e+00	5.42514e-02
4.22199e+00	5.40176e-02
4.24538e+00	5.37842e-02
4.26877e+00	5.35514e-02
4.29216e+00	5.33192e-02
4.31555e+00	5.30877e-02
4.33894e+00	5.28568e-02
4.36233e+00	5.26268e-02
4.38572e+00	5.23977e-02
4.40911e+00	5.21695e-02
4.43250e+00	5.19422e-02
4.45589e+00	5.17160e-02
4.47928e+00	5.14908e-02
4.50267e+00	5.12666e-02
4.52606e+00	5.10435e-02
4.54945e+00	5.08215e-02
4.57284e+00	5.06007e-02
4.59623e+00	5.03809e-02
4.61963e+00	5.01622e-02
4.64302e+00	4.99445e-02
4.66641e+00	4.97278e-02
4.68980e+00	4.95120e-02
4.71319e+00	4.92971e-02
4.73658e+00	4.90829e-02
4.75997e+00	4.88694e-02
4.78336e+00	4.86566e-02
4.80675e+00	4.84443e-02
4.83014e+00	4.82326e-02
4.85353e+00	4.80212e-02
4.87692e+00	4.78102e-02
4.90031e+00	4.75995e-02
4.92370e+00	4.73888e-02
4.94709e+00	4.71782e-02
4.97048e+00	4.69675e-02
4.99387e+00	4.67567e-02
5.01726e+00	4.65459e-02
5.04065e+00	4.63348e-02
5.06404e+00	4.61236e-02
5.08744e+00	4.59121e-02
5.11083e+00	4.57003e-02
5.13422e+00	4.54882e-02
5.15761e+00	4.52759e-02
5.18100e+00	4.50633e-02
5.20439e+00	4.48504e-02
5.22778e+00	4.46374e-02
5.25117e+00	4.44241e-02
5.27456e+00	4.42107e-02
5.29795e+00	4.39971e-02
5.32134e+00	4.37833e-02
5.34473e+00	4.35694e-02
5.36812e+00	4.33554e-02
5.39151e+00	4.31412e-02
5.41490e+00	4.29268e-02
5.43829e+00	4.27124e-02
5.46168e+00	4.24978e-02
5.48507e+00	4.22831e-02
5.50846e+00	4.20684e-02
5.53186e+00	4.18535e-02
5.55525e+00	4.16385e-02
5.57864e+00	4.14234e-02
5.60203e+00	4.12082e-02
5.62542e+00	4.09930e-02
5.64881e+00	4.07776e-02
5.67220e+00	4.05622e-02
5.69559e+00	4.03467e-02
5.71898e+00	4.01311e-02
5.74237e+00	3.99155e-02
5.76576e+00	3.96998e-02
5.78915e+00	3.94840e-02
5.81254e+00	3.92682e-02
5.83593e+00	3.90523e-02
5.85932e+00	3.88363e-02
5.88271e+00	3.86203e-02
5.90610e+00	3.84042e-02
5.92949e+00	3.81881e-02
5.95288e+00	3.79720e-02
5.97627e+00	3.77558e-02
5.99967e+00	3.75396e-02
6.02306e+00	3.73233e-02
6.04645e+00	3.71070e-02
6.06984e+00	3.68908e-02
6.09323e+00	3.66745e-02
6.11662e+00	3.64582e-02
6.14001e+00	3.62420e-02
6.16340e+00	3.60257e-02
6.18679e+00	3.58095e-02
6.21018e+00	3.55933e-02
6.23357e+00	3.53771e-02
6.25696e+00	3.51609e-02
6.28035e+00	3.49447e-02
6.30374e+00	3.47286e-02
6.32713e+00	3.45125e-02
6.35052e+00	3.42963e-02
6.37391e+00	3.40802e-02
6.39730e+00	3.38642e-02
6.42069e+00	3.36481e-02
6.44408e+00	3.34321e-02
6.46748e+00	3.32161e-02
6.49087e+00	3.30001e-02
6.51426e+00	3.27841e-02
6.53765e+00	3.25682e-02
6.56104e+00	3.23523e-02
6.58443e+00	3.21364e-02
6.60782e+00	3.19205e-02
6.63121e+00	3.17046e-02
6.65460e+00	3.14888e-02
6.67799e+00	3.12730e-02
6.70138e+00	3.10572e-02
6.72477e+00	3.08415e-02
6.74816e+00	3.06257e-02
6.77155e+00	3.04100e-02
6.79494e+00	3.01943e-02
6.81833e+00	2.99786e-02
6.84172e+00	2.97629e-02
6.86511e+00	2.95473e-02
6.88850e+00	2.93317e-02
6.91190e+00	2.91162e-02
6.93529e+00	2.89007e-02
6.95868e+00	2.86852e-02
6.98207e+00	2.84699e-02
7.00546e+00	2.82547e-02
7.02885e+00	2.80396e-02
7.05224e+00	2.78246e-02
7.07563e+00	2.76098e-02
7.09902e+00	2.73950e-02
7.12241e+00	2.71805e-02
7.14580e+00	2.69661e-02
7.16919e+00	2.67519e-02
7.19258e+00	2.65379e-02
7.21597e+00	2.63241e-02
7.23936e+00	2.61104e-02
7.26275e+00	2.58970e-02
7.28614e+00	2.56836e-02
7.30953e+00	2.54705e-02
7.33292e+00	2.52575e-02
7.35631e+00	2.50446e-02
7.37971e+00	2.48320e-02
7.40310e+00	2.46194e-02
7.42649e+00	2.44070e-02
7.44988e+00	2.41948e-02
7.47327e+00	2.39828e-02
7.49666e+00	2.37710e-02
7.52005e+00	2.35593e-02
7.54344e+00	2.33479e-02
7.56683e+00	2.31366e-02
7.59022e+00	2.29255e-02
7.61361e+00	2.27147e-02
7.63700e+00	2.25041e-02
7.66039e+00	2.22936e-02
7.68378e+00	2.20834e-02
7.70717e+00	2.18735e-02
7.73056e+00	2.16637e-02
7.75395e+00	2.14542e-02
7.77734e+00	2.12449e-02
7.80073e+00	2.10359e-02
7.82412e+00	2.08271e-02
7.84752e+00	2.06187e-02
7.87091e+00	2.04105e-02
7.89430e+00	2.02027e-02
7.91769e+00	1.99953e-02
7.94108e+00	1.97883e-02
7.96447e+00	1.95817e-02
7.98786e+00	1.93755e-02
8.01125e+00	1.91698e-02
8.03464e+00	1.89646e-02
8.05803e+00	1.87599e-02
8.08142e+00	1.85557e-02
8.10481e+00	1.83521e-02
8.12820e+00	1.81491e-02
8.15159e+00	1.79467e-02
8.17498e+00	1.77450e-02
8.19837e+00	1.75439e-02
8.22176e+00	1.73434e-02
8.24515e+00	1.71437e-02
8.26854e+00	1.69447e-02
8.29193e+00	1.67464e-02
8.31533e+00	1.65489e-02
8.33872e+00	1.63523e-02
8.36211e+00	1.61565e-02
8.38550e+00	1.59616e-02
8.40889e+00	1.57676e-02
8.43228e+00	1.55746e-02
8.45567e+00	1.53825e-02
8.47906e+00	1.51915e-02
8.50245e+00	1.50016e-02
8.52584e+00	1.48128e-02
8.54923e+00	1.46252e-02
8.57262e+00	1.44388e-02
8.59601e+00	1.42536e-02
8.61940e+00	1.40696e-02
8.64279e+00	1.38869e-02
8.66618e+00	1.37055e-02
8.68957e+00	1.35254e-02
8.71296e+00	1.33466e-02
8.73635e+00	1.31691e-02
8.75975e+00	1.29930e-02
8.78314e+00	1.28183e-02
8.80653e+00	1.26450e-02
8.82992e+00	1.24731e-02
8.85331e+00	1.23026e-02
8.87670e+00	1.21336e-02
8.90009e+00	1.19660e-02
8.92348e+00	1.18000e-02
8.94687e+00	1.16354e-02
8.97026e+00	1.14723e-02
8.99365e+00	1.13108e-02
9.01704e+00	1.11509e-02
9.04043e+00	1.09925e-02
9.06382e+00	1.08357e-02
9.08721e+00	1.06805e-02
9.11060e+00	1.05268e-02
9.13399e+00	1.03746e-02
9.15738e+00	1.02240e-02
9.18077e+00	1.00749e-02
9.20416e+00	9.92730e-03
9.22756e+00	9.78123e-03
9.25095e+00	9.63667e-03
9.27434e+00	9.49362e-03
9.29773e+00	9.35206e-03
9.32112e+00	9.21199e-03
9.34451e+00	9.07341e-03
9.36790e+00	8.93631e-03
9.39129e+00	8.80069e-03
9.41468e+00	8.66653e-03
9.43807e+00	8.53384e-03
9.46146e+00	8.40259e-03
9.48485e+00	8.27279e-03
9.50824e+00	8.14443e-03
9.53163e+00	8.01749e-03
9.55502e+00	7.89198e-03
9.57841e+00	7.76788e-03
9.60180e+00	7.64518e-03
9.62519e+00	7.52388e-03
9.64858e+00	7.40397e-03
9.67197e+00	7.28544e-03
9.69537e+00	7.16831e-03
9.71876e+00	7.05255e-03
9.74215e+00	6.93818e-03
9.76554e+00	6.82517e-03
9.78893e+00	6.71353e-03
9.81232e+00	6.60325e-03
9.83571e+00	6.49432e-03
9.85910e+00	6.38673e-03
9.88249e+00	6.28047e-03
9.90588e+00	6.17555e-03
9.92927e+00	6.07194e-03
9.95266e+00	5.96965e-03
9.97605e+00	5.86867e-03
9.99944e+00	5.76899e-03
1.00228e+01	5.67057e-03
1.00462e+01	5.57348e-03
1.00696e+01	5.47776e-03
1.00930e+01	5.38341e-03
1.01164e+01	5.29038e-03
1.01398e+01	5.19868e-03
1.01632e+01	5.10827e-03
1.01866e+01	5.01914e-03
1.02100e+01	4.93128e-03
1.02333e+01	4.84465e-03
1.02567e+01	4.75925e-03
1.02801e+01	4.67506e-03
1.03035e+01	4.59206e-03
1.03269e+01	4.51023e-03
1.03503e+01	4.42956e-03
1.03737e+01	4.35003e-03
1.03971e+01	4.27163e-03
1.04205e+01	4.19433e-03
1.04439e+01	4.11813e-03
1.04673e+01	4.04300e-03
1.04906e+01	3.96893e-03
1.05140e+01	3.89591e-03
1.05374e+01	3.82392e-03
1.05608e+01	3.75294e-03
1.05842e+01	3.68297e-03
1.06076e+01	3.61396e-03
1.06310e+01	3.54596e-03
1.06544e+01	3.47899e-03
1.06778e+01	3.41304e-03
1.07012e+01	3.34809e-03
1.07245e+01	3.28413e-03
1.07479e+01	3.22113e-03
1.07713e+01	3.15909e-03
1.07947e+01	3.09799e-03
1.08181e+01	3.03781e-03
1.08415e+01	2.97854e-03
1.08649e+01	2.92016e-03
1.08883e+01	2.86266e-03
1.09117e+01	2.80602e-03
1.09351e+01	2.75023e-03
1.09585e+01	2.69528e-03
1.09818e+01	2.64114e-03
1.10052e+01	2.58782e-03
1.10286e+01	2.53528e-03
1.10520e+01	2.48353e-03
1.10754e+01	2.43253e-03
1.10988e+01	2.38230e-03
1.11222e+01	2.33280e-03
1.11456e+01	2.28402e-03
1.11690e+01	2.23596e-03
1.11924e+01	2.18859e-03
1.12157e+01	2.14191e-03
1.12391e+01	2.09591e-03
1.12625e+01	2.05057e-03
1.12859e+01	2.00588e-03
1.13093e+01	1.96183e-03
1.13327e+01	1.91842e-03
1.13561e+01	1.87562e-03
1.13795e+01	1.83343e-03
1.14029e+01	1.79184e-03
1.14263e+01	1.75083e-03
1.14497e+01	1.71040e-03
1.14730e+01	1.67053e-03
1.14964e+01	1.63120e-03
1.15198e+01	1.59240e-03
1.15432e+01	1.55412e-03
1.15666e+01	1.51632e-03
1.15900e+01	1.47903e-03
1.16134e+01	1.44227e-03
1.16368e+01	1.40607e-03
1.16602e+01	1.37050e-03
1.16836e+01	1.33568e-03
1.17069e+01	1.30159e-03
1.17303e+01	1.26815e-03
1.17537e+01	1.23532e-03
1.17771e+01	1.20308e-03
1.18005e+01	1.17144e-03
1.18239e+01	1.14038e-03
1.18473e+01	1.10990e-03
1.18707e+01	1.08023e-03
1.18941e+01	1.05132e-03
1.19175e+01	1.02307e-03
1.19409e+01	9.95483e-04
1.19642e+01	9.68514e-04
1.19876e+01	9.42133e-04
1.20110e+01	9.16317e-04
1.20344e+01	8.91052e-04
1.20578e+01	8.66327e-04
1.20812e+01	8.42133e-04
1.21046e+01	8.18461e-04
1.21280e+01	7.95301e-04
1.21514e+01	7.72647e-04
1.21748e+01	7.50494e-04
1.21981e+01	7.28834e-04
1.22215e+01	7.07662e-04
1.22449e+01	6.86972e-04
1.22683e+01	6.66765e-04
1.22917e+01	6.47038e-04
1.23151e+01	6.27787e-04
1.23385e+01	6.09007e-04
1.23619e+01	5.90691e-04
1.23853e+01	5.72831e-04
1.24087e+01	5.55418e-04
1.24321e+01	5.38446e-04
1.24554e+01	5.21909e-04
1.24788e+01	5.05802e-04
1.25022e+01	4.90121e-04
1.25256e+01	4.74858e-04
1.25490e+01	4.60009e-04
1.25724e+01	4.45569e-04
1.25958e+01	4.31541e-04
1.26192e+01	4.17921e-04
1.26426e+01	4.04703e-04
1.26660e+01	3.91877e-04
1.26894e+01	3.79436e-04
1.27127e+01	3.67371e-04
1.27361e+01	3.55674e-04
1.27595e+01	3.44334e-04
1.27829e+01	3.33341e-04
1.28063e+01	3.22688e-04
1.28297e+01	3.12363e-04
1.28531e+01	3.02355e-04
1.28765e+01	2.92649e-04
1.28999e+01	2.83226e-04
1.29233e+01	2.74072e-04
1.29466e+01	2.65194e-04
1.29700e+01	2.56570e-04
1.29934e+01	2.48176e-04
1.30168e+01	2.40008e-04
1.30402e+01	2.32104e-04
1.30636e+01	2.24536e-04
1.30870e+01	2.17283e-04
1.31104e+01	2.10288e-04
1.31338e+01	2.03505e-04
1.31572e+01	1.96899e-04
1.31806e+01	1.90475e-04
1.32039e+01	1.84248e-04
1.32273e+01	1.78229e-04
1.32507e+01	1.72393e-04
1.32741e+01	1.66725e-04
1.32975e+01	1.61215e-04
1.33209e+01	1.55853e-04
1.33443e+01	1.50631e-04
1.33677e+01	1.45544e-04
1.33911e+01	1.40588e-04
1.34145e+01	1.35762e-04
1.34378e+01	1.31065e-04
1.34612e+01	1.26498e-04
1.34846e+01	1.22062e-04
1.35080e+01	1.17757e-04
1.35314e+01	1.13576e-04
1.35548e+01	1.09517e-04
1.35782e+01	1.05578e-04
1.36016e+01	1.01755e-04
1.36250e+01	9.80466e-05
1.36484e+01	9.44499e-05
1.36718e+01	9.09623e-05
1.36951e+01	8.75810e-05
1.37185e+01	8.43035e-05
1.37419e+01	8.11271e-05
1.37653e+01	7.80493e-05
1.37887e+01	7.50675e-05
1.38121e+01	7.21792e-05
1.38355e+01	6.93820e-05
1.38589e+01	6.66735e-05
1.38823e+01	6.40513e-05
1.39057e+01	6.15134e-05
1.39290e+01	5.90581e-05
1.39524e+01	5.66835e-05
1.39758e+01	5.43879e-05
1.39992e+01	5.21695e-05
1.40226e+01	5.00265e-05
1.40460e+01	4.79572e-05
1.40694e+01	4.59598e-05
1.40928e+01	4.40326e-05
1.41162e+01	4.21738e-05
1.41396e+01	4.03816e-05
1.41630e+01	3.86542e-05
1.41863e+01	3.69898e-05
1.42097e+01	3.53867e-05
1.42331e+01	3.38429e-05
1.42565e+01	3.23569e-05
1.42799e+01	3.09272e-05
1.43033e+01	2.95520e-05
1.43267e+01	2.82299e-05
1.43501e+01	2.69593e-05
1.43735e+01	2.57388e-05
1.43969e+01	2.45667e-05
1.44202e+01	2.34415e-05
1.44436e+01	2.23619e-05
1.44670e+01	2.13263e-05
1.44904e+01	2.03333e-05
1.45138e+01	1.93814e-05
1.45372e+01	1.84694e-05
1.45606e+01	1.75957e-05
1.45840e+01	1.67592e-05
1.46074e+01	1.59584e-05
1.46308e+01	1.51922e-05
1.46542e+01	1.44592e-05
1.46775e+01	1.37582e-05
1.47009e+01	1.30881e-05
1.47243e+01	1.24478e-05
1.47477e+01	1.18360e-05
1.47711e+01	1.12517e-05
1.47945e+01	1.06939e-05
1.48179e+01	1.01614e-05
1.48413e+01	9.65344e-06
1.48647e+01	9.16890e-06
1.48881e+01	8.70688e-06
1.49114e+01	8.26649e-06
1.49348e+01	7.84684e-06
1.49582e+01	7.44710e-06
1.49816e+01	7.06646e-06
1.50050e+01	6.70413e-06
1.50284e+01	6.35934e-06
1.50518e+01	6.03131e-06
1.50752e+01	5.71927e-06
1.50986e+01	5.42250e-06
1.51220e+01	5.14028e-06
1.51454e+01	4.87195e-06
1.51687e+01	4.61687e-06
1.51921e+01	4.37441e-06
1.52155e+01	4.14401e-06
1.52389e+01	3.92508e-06
1.52623e+01	3.71711e-06
1.52857e+01	3.51956e-06
1.53091e+01	3.33196e-06
1.53325e+01	3.15382e-06
1.53559e+01	2.98470e-06
1.53793e+01	2.82417e-06
1.54026e+01	2.67182e-06
1.54260e+01	2.52725e-06
1.54494e+01	2.39009e-06
1.54728e+01	2.25997e-06
1.54962e+01	2.13655e-06
1.55196e+01	2.01951e-06
1.55430e+01	1.90853e-06
1.55664e+01	1.80331e-06
1.55898e+01	1.70356e-06
1.56132e+01	1.60901e-06
1.56366e+01	1.51940e-06
1.56599e+01	1.43448e-06
1.56833e+01	1.35401e-06
1.57067e+01	1.27777e-06
1.57301e+01	1.20553e-06
1.57535e+01	1.13710e-06
1.57769e+01	1.07225e-06
1.58003e+01	1.01083e-06
1.58237e+01	9.52660e-07
1.58471e+01	8.97605e-07
1.58705e+01	8.45515e-07
1.58938e+01	7.96250e-07
1.59172e+01	7.49674e-07
1.59406e+01	7.05657e-07
1.59640e+01	6.64072e-07
1.59874e+01	6.24800e-07
1.60108e+01	5.87727e-07
1.60342e+01	5.52739e-07
1.60576e+01	5.19728e-07
1.60810e+01	4.88590e-07
1.61044e+01	4.59224e-07
1.61278e+01	4.31536e-07
1.61511e+01	4.05435e-07
1.61745e+01	3.80837e-07
1.61979e+01	3.57659e-07
1.62213e+01	3.35825e-07
1.62447e+01	3.15261e-07
1.62681e+01	2.95897e-07
1.62915e+01	2.77668e-07
1.63149e+01	2.60510e-07
1.63383e+01	2.44364e-07
1.63617e+01	2.29175e-07
1.63851e+01	2.14887e-07
1.64084e+01	2.01451e-07
1.64318e+01	1.88818e-07
1.64552e+01	1.76943e-07
1.64786e+01	1.65783e-07
1.65020e+01	1.55296e-07
1.65254e+01	1.45444e-07
1.65488e+01	1.36191e-07
1.65722e+01	1.27502e-07
1.65956e+01	1.19344e-07
1.66190e+01	1.11687e-07
1.66423e+01	1.04501e-07
1.66657e+01	9.77594e-08
1.66891e+01	9.14357e-08
1.67125e+01	8.55054e-08
1.67359e+01	7.99450e-08
1.67593e+01	7.47327e-08
1.67827e+01	6.98476e-08
1.68061e+01	6.52702e-08
1.68295e+01	6.09820e-08
1.68529e+01	5.69656e-08
1.68763e+01	5.32044e-08
1.68996e+01	4.96832e-08
1.69230e+01	4.63870e-08
1.69464e+01	4.33024e-08
1.69698e+01	4.04161e-08
1.69932e+01	3.77162e-08
1.70166e+01	3.51910e-08
1.70400e+01	3.28297e-08
1.70634e+01	3.06221e-08
1.70868e+01	2.85585e-08
1.71102e+01	2.66299e-08
1.71335e+01	2.48278e-08
1.71569e+01	2.31441e-08
1.71803e+01	2.15712e-08
1.72037e+01	2.01022e-08
1.72271e+01	1.87304e-08
1.72505e+01	1.74496e-08
1.72739e+01	1.62540e-08
1.72973e+01	1.51381e-08
1.73207e+01	1.40966e-08
1.73441e+01	1.31249e-08
1.73675e+01	1.22183e-08
1.73908e+01	1.13727e-08
1.74142e+01	1.05841e-08
1.74376e+01	9.84868e-09
1.74610e+01	9.16304e-09
1.74844e+01	8.52388e-09
1.75078e+01	7.92815e-09
1.75312e+01	7.37299e-09
1.75546e+01	6.85571e-09
1.75780e+01	6.37379e-09
1.76014e+01	5.92491e-09
1.76247e+01	5.50686e-09
1.76481e+01	5.11759e-09
1.76715e+01	4.75517e-09
1.76949e+01	4.41782e-09
1.77183e+01	4.10385e-09
1.77417e+01	3.81167e-09
1.77651e+01	3.53984e-09
1.77885e+01	3.28696e-09
1.78119e+01	3.05176e-09
1.78353e+01	2.83304e-09
1.78587e+01	2.62966e-09
1.78820e+01	2.44056e-09
1.79054e+01	2.26477e-09
1.79288e+01	2.10138e-09
1.79522e+01	1.94953e-09
1.79756e+01	1.80845e-09
1.79990e+01	1.67738e-09
1.80224e+01	1.55564e-09
1.80458e+01	1.44257e-09
1.80692e+01	1.33758e-09
1.80926e+01	1.24010e-09
1.81159e+01	1.14959e-09
1.81393e+01	1.06558e-09
1.81627e+01	9.87610e-10
1.81861e+01	9.15243e-10
1.82095e+01	8.48082e-10
1.82329e+01	7.85760e-10
1.82563e+01	7.27936e-10
1.82797e+01	6.74291e-10
1.83031e+01	6.24530e-10
1.83265e+01	5.78376e-10
1.83499e+01	5.35573e-10
1.83732e+01	4.95883e-10
1.83966e+01	4.59083e-10
1.84200e+01	4.24966e-10
1.84434e+01	3.93342e-10
1.84668e+01	3.64031e-10
1.84902e+01	3.36867e-10
1.85136e+01	3.11695e-10
1.85370e+01	2.88373e-10
1.85604e+01	2.66766e-10
1.85838e+01	2.46751e-10
1.86071e+01	2.28212e-10
1.86305e+01	2.11044e-10
1.86539e+01	1.95146e-10
1.86773e+01	1.80426e-10
1.87007e+01	1.66799e-10
1.87241e+01	1.54185e-10
1.87475e+01	1.42510e-10
1.87709e+01	1.31706e-10
1.87943e+01	1.21708e-10
1.88177e+01	1.12458e-10
1.88411e+01	1.03901e-10
1.88644e+01	9.59853e-11
1.88878e+01	8.86642e-11
1.89112e+01	8.18938e-11
1.89346e+01	7.56333e-11
1.89580e+01	6.98451e-11
1.89814e+01	6.44942e-11
1.90048e+01	5.95483e-11
1.90282e+01	5.49771e-11
1.90516e+01	5.07527e-11
1.90750e+01	4.68493e-11
1.90983e+01	4.32426e-11
1.91217e+01	3.99105e-11
1.91451e+01	3.68321e-11
1.91685e+01	3.39886e-11
1.91919e+01	3.13621e-11
1.92153e+01	2.89363e-11
1.92387e+01	2.66961e-11
1.92621e+01	2.46274e-11
1.92855e+01	2.27173e-11
1.93089e+01	2.09537e-11
1.93323e+01	1.93255e-11
1.93556e+01	1.78225e-11
1.93790e+01	1.64352e-11
1.94024e+01	1.51547e-11
1.94258e+01	1.39730e-11
1.94492e+01	1.28824e-11
1.94726e+01	1.18761e-11
1.94960e+01	1.09477e-11
1.95194e+01	1.00910e-11
1.95428e+01	9.30080e-12
1.95662e+01	8.57183e-12
1.95896e+01	7.89944e-12
1.96129e+01	7.27930e-12
1.96363e+01	6.70738e-12
1.96597e+01	6.17999e-12
1.96831e+01	5.69369e-12
1.97065e+01	5.24533e-12
1.97299e+01	4.83198e-12
1.97533e+01	4.45093e-12
1.97767e+01	4.09969e-12
1.98001e+01	3.77596e-12
1.98235e+01	3.47760e-12
1.98468e+01	3.20266e-12
1.98702e+01	2.94932e-12
1.98936e+01	2.71591e-12
1.99170e+01	2.50082e-12
1.99404e+01	2.30260e-12
1.99638e+01	2.11992e-12
1.99872e+01	1.95159e-12
2.00106e+01	1.79650e-12
2.00340e+01	1.65360e-12
2.00574e+01	1.52196e-12
2.00808e+01	1.40070e-12
2.01041e+01	1.28900e-12
2.01275e+01	1.18612e-12
2.01509e+01	1.09138e-12
2.01743e+01	1.00413e-12
2.01977e+01	9.23789e-13
2.02211e+01	8.49819e-13
2.02445e+01	7.81716e-13
2.02679e+01	7.19022e-13
2.02913e+01	6.61309e-13
2.03147e+01	6.08187e-13
2.03380e+01	5.59294e-13
2.03614e+01	5.14297e-13
2.03848e+01	4.72889e-13
2.04082e+01	4.34787e-13
2.04316e+01	3.99729e-13
2.04550e+01	3.67476e-13
2.04784e+01	3.37805e-13
2.05018e+01	3.10513e-13
2.05252e+01	2.85411e-13
2.05486e+01	2.62325e-13
2.05720e+01	2.41093e-13
2.05953e+01	2.21569e-13
2.06187e+01	2.03616e-13
2.06421e+01	1.87108e-13
2.06655e+01	1.71929e-13
2.06889e+01	1.57972e-13
2.07123e+01	1.45140e-13
2.07357e+01	1.33343e-13
2.07591e+01	1.22498e-13
2.07825e+01	1.12529e-13
2.08059e+01	1.03366e-13
2.08292e+01	9.49430e-14
2.08526e+01	8.72018e-14
2.08760e+01	8.00875e-14
2.08994e+01	7.35496e-14
2.09228e+01	6.75418e-14
2.09462e+01	6.20215e-14
2.09696e+01	5.69494e-14
2.09930e+01	5.22894e-14
2.10164e+01	4.80084e-14
2.10398e+01	4.40757e-14
2.10632e+01	4.04632e-14
2.10865e+01	3.71450e-14
2.11099e+01	3.40973e-14
2.11333e+01	3.12981e-14
2.11567e+01	2.87273e-14
2.11801e+01	2.63664e-14
2.12035e+01	2.41984e-14
2.12269e+01	2.22075e-14
2.12503e+01	2.03795e-14
2.12737e+01	1.87011e-14
2.12971e+01	1.71600e-14
2.13204e+01	1.57452e-14
2.13438e+01	1.44464e-14
2.13672e+01	1.32540e-14
2.13906e+01	1.21595e-14
2.14140e+01	1.11548e-14
2.14374e+01	1.02327e-14
2.14608e+01	9.38627e-15
2.14842e+01	8.60947e-15
2.15076e+01	7.89656e-15
2.15310e+01	7.24234e-15
2.15544e+01	6.64199e-15
2.15777e+01	6.09111e-15
2.16011e+01	5.58564e-15
2.16245e+01	5.12187e-15
2.16479e+01	4.69638e-15
2.16713e+01	4.30604e-15
2.16947e+01	3.94795e-15
2.17181e+01	3.61947e-15
2.17415e+01	3.31817e-15
2.17649e+01	3.04181e-15
2.17883e+01	2.78834e-15
2.18116e+01	2.55588e-15
2.18350e+01	2.34270e-15
2.18584e+01	2.14722e-15
2.18818e+01	1.96796e-15
2.19052e+01	1.80361e-15
2.19286e+01	1.65292e-15
2.19520e+01	1.51477e-15
2.19754e+01	1.38812e-15
2.19988e+01	1.27202e-15
2.20222e+01	1.16560e-15
2.20456e+01	1.06805e-15
2.20689e+01	9.78648e-16
2.20923e+01	8.96708e-16
2.21157e+01	8.21610e-16
2.21391e+01	7.52784e-16
2.21625e+01	6.89706e-16
2.21859e+01	6.31899e-16
2.22093e+01	5.78921e-16
2.22327e+01	5.30370e-16
2.22561e+01	4.85878e-16
2.22795e+01	4.45105e-16
2.23028e+01	4.07741e-16
2.23262e+01	3.73501e-16
2.23496e+01	3.42125e-16
2.23730e+01	3.13373e-16
2.23964e+01	2.87026e-16
2.24198e+01	2.62883e-16
2.24432e+01	2.40760e-16
2.24666e+01	2.20487e-16
2.24900e+01	2.01910e-16
2.25134e+01	1.84887e-16
2.25368e+01	1.69287e-16
2.25601e+01	1.54992e-16
2.25835e+01	1.41891e-16
2.26069e+01	1.29885e-16
2.26303e+01	1.18882e-16
2.26537e+01	1.08797e-16
2.26771e+01	9.95524e-17
2.27005e+01	9.10784e-17
2.27239e+01	8.33094e-17
2.27473e+01	7.61858e-17
2.27707e+01	6.96528e-17
2.27940e+01	6.36602e-17
2.28174e+01	5.81618e-17
2.28408e+01	5.31153e-17
2.28642e+01	4.84819e-17
2.28876e+01	4.42259e-17
2.29110e+01	4.03143e-17
2.29344e+01	3.67172e-17
2.29578e+01	3.34067e-17
2.29812e+01	3.03574e-17
2.30046e+01	2.75457e-17
2.30280e+01	2.49500e-17
2.30513e+01	2.25503e-17
2.30747e+01	2.03281e-17
2.30981e+01	1.82664e-17
2.31215e+01	1.63494e-17
2.31449e+01	1.45625e-17
2.31683e+01	1.28923e-17
2.31917e+01	1.13261e-17
2.32151e+01	9.85230e-18
2.32385e+01	8.46024e-18
2.32619e+01	7.13997e-18
2.32853e+01	5.88239e-18
2.33086e+01	4.67922e-18
2.33320e+01	3.52302e-18
2.33554e+01	2.40725e-18
2.33788e+01	1.32623e-18
