# The ell = 0 distribution, the isotropy.
# E_N [Td]	3.00000e+01
# col_1: Electron Energy [eV], col_2: f0 [eV^(-3/2)]
eV	f0
1.32170e-02	1.70869e-01
3.96511e-02	1.71257e-01
6.60852e-02	1.71638e-01
9.25193e-02	1.72018e-01
1.18953e-01	1.72400e-01
1.45388e-01	1.72782e-01
1.71822e-01	1.73165e-01
1.98256e-01	1.73548e-01
2.24690e-01	1.73931e-01
2.51124e-01	1.74313e-01
2.77558e-01	1.74694e-01
3.03992e-01	1.75074e-01
3.30426e-01	1.75452e-01
3.56860e-01	1.75828e-01
3.83294e-01	1.76201e-01
4.09728e-01	1.76572e-01
4.36163e-01	1.76939e-01
4.62597e-01	1.77302e-01
4.89031e-01	1.77659e-01
5.15465e-01	1.78010e-01
5.41899e-01	1.78354e-01
5.68333e-01	1.78689e-01
5.94767e-01	1.79013e-01
6.21201e-01	1.79325e-01
6.47635e-01	1.79624e-01
6.74069e-01	1.79906e-01
7.00503e-01	1.80168e-01
7.26938e-01	1.80407e-01
7.53372e-01	1.80621e-01
7.79806e-01	1.80807e-01
8.06240e-01	1.80966e-01
8.32674e-01	1.81096e-01
8.59108e-01	1.81196e-01
8.85542e-01	1.81264e-01
9.11976e-01	1.81298e-01
9.38410e-01	1.81294e-01
9.64844e-01	1.81248e-01
9.91278e-01	1.81155e-01
1.01771e+00	1.81012e-01
1.04415e+00	1.80817e-01
1.07058e+00	1.80566e-01
1.09701e+00	1.80261e-01
1.12345e+00	1.79901e-01
1.14988e+00	1.79490e-01
1.17632e+00	1.79027e-01
1.20275e+00	1.78512e-01
1.22919e+00	1.77946e-01
1.25562e+00	1.77323e-01
1.28205e+00	1.76640e-01
1.30849e+00	1.75897e-01
1.33492e+00	1.75082e-01
1.36136e+00	1.74191e-01
1.38779e+00	1.73219e-01
1.41422e+00	1.72166e-01
1.44066e+00	1.71036e-01
1.46709e+00	1.69833e-01
1.49353e+00	1.68567e-01
1.51996e+00	1.67237e-01
1.54639e+00	1.65844e-01
1.57283e+00	1.64378e-01
1.59926e+00	1.62824e-01
1.62570e+00	1.61172e-01
1.65213e+00	1.59406e-01
1.67856e+00	1.57509e-01
1.70500e+00	1.55475e-01
1.73143e+00	1.53297e-01
1.75787e+00	1.50965e-01
1.78430e+00	1.48482e-01
1.81074e+00	1.45861e-01
1.83717e+00	1.43115e-01
1.86360e+00	1.40237e-01
1.89004e+00	1.37221e-01
1.91647e+00	1.34080e-01
1.94291e+00	1.30878e-01
1.96934e+00	1.27695e-01
1.99577e+00	1.24563e-01
2.02221e+00	1.21501e-01
2.04864e+00	1.18543e-01
2.07508e+00	1.15687e-01
2.10151e+00	1.12924e-01
2.12794e+00	1.10233e-01
2.15438e+00	1.07590e-01
2.18081e+00	1.05012e-01
2.20725e+00	1.02508e-01
2.23368e+00	1.00084e-01
2.26011e+00	9.77719e-02
2.28655e+00	9.56026e-02
2.31298e+00	9.35678e-02
2.33942e+00	9.16557e-02
2.36585e+00	8.98549e-02
2.39229e+00	8.81073e-02
2.41872e+00	8.64225e-02
2.44515e+00	8.47858e-02
2.47159e+00	8.31971e-02
2.49802e+00	8.17061e-02
2.52446e+00	8.03329e-02
2.55089e+00	7.90696e-02
2.57732e+00	7.79049e-02
2.60376e+00	7.68265e-02
2.63019e+00	7.57860e-02
2.65663e+00	7.47836e-02
2.68306e+00	7.38218e-02
2.70949e+00	7.28995e-02
2.73593e+00	7.20255e-02
2.76236e+00	7.12070e-02
2.78880e+00	7.04304e-02
2.81523e+00	6.96941e-02
2.84166e+00	6.89954e-02
2.86810e+00	6.83334e-02
2.89453e+00	6.77068e-02
2.92097e+00	6.71194e-02
2.94740e+00	6.65657e-02
2.97384e+00	6.60399e-02
3.00027e+00	6.55363e-02
3.02670e+00	6.50487e-02
3.05314e+00	6.45762e-02
3.07957e+00	6.41196e-02
3.10601e+00	6.36795e-02
3.13244e+00	6.32562e-02
3.15887e+00	6.28488e-02
3.18531e+00	6.24551e-02
3.21174e+00	6.20745e-02
3.23818e+00	6.17068e-02
3.26461e+00	6.13518e-02
3.29104e+00	6.10093e-02
3.31748e+00	6.06780e-02
3.34391e+00	6.03565e-02
3.37035e+00	6.00433e-02
3.39678e+00	5.97372e-02
3.42321e+00	5.94373e-02
3.44965e+00	5.91423e-02
3.47608e+00	5.88520e-02
3.50252e+00	5.85662e-02
3.52895e+00	5.82845e-02
3.55539e+00	5.80067e-02
3.58182e+00	5.77325e-02
3.60825e+00	5.74617e-02
3.63469e+00	5.71944e-02
3.66112e+00	5.69303e-02
3.68756e+00	5.66694e-02
3.71399e+00	5.64116e-02
3.74042e+00	5.61566e-02
3.76686e+00	5.59040e-02
3.79329e+00	5.56535e-02
3.81973e+00	5.54045e-02
3.84616e+00	5.51566e-02
3.87259e+00	5.49094e-02
3.89903e+00	5.46626e-02
3.92546e+00	5.44160e-02
3.95190e+00	5.41694e-02
3.97833e+00	5.39230e-02
4.00476e+00	5.36764e-02
4.03120e+00	5.34294e-02
4.05763e+00	5.31821e-02
4.08407e+00	5.29345e-02
4.11050e+00	5.26867e-02
4.13694e+00	5.24389e-02
4.16337e+00	5.21911e-02
4.18980e+00	5.19435e-02
4.21624e+00	5.16961e-02
4.24267e+00	5.14490e-02
4.26911e+00	5.12024e-02
4.29554e+00	5.09563e-02
4.32197e+00	5.07109e-02
4.34841e+00	5.04663e-02
4.37484e+00	5.02225e-02
4.40128e+00	4.99797e-02
4.42771e+00	4.97380e-02
4.45414e+00	4.94975e-02
4.48058e+00	4.92581e-02
4.50701e+00	4.90198e-02
4.53345e+00	4.87828e-02
4.55988e+00	4.85472e-02
4.58631e+00	4.83128e-02
4.61275e+00	4.80796e-02
4.63918e+00	4.78478e-02
4.66562e+00	4.76170e-02
4.69205e+00	4.73874e-02
4.71849e+00	4.71587e-02
4.74492e+00	4.69309e-02
4.77135e+00	4.67040e-02
4.79779e+00	4.64777e-02
4.82422e+00	4.62521e-02
4.85066e+00	4.60270e-02
4.87709e+00	4.58022e-02
4.90352e+00	4.55777e-02
4.92996e+00	4.53533e-02
4.95639e+00	4.51289e-02
4.98283e+00	4.49044e-02
5.00926e+00	4.46797e-02
5.03569e+00	4.44548e-02
5.06213e+00	4.42297e-02
5.08856e+00	4.40042e-02
5.11500e+00	4.37784e-02
5.14143e+00	4.35522e-02
5.16786e+00	4.33256e-02
5.19430e+00	4.30988e-02
5.22073e+00	4.28717e-02
5.24717e+00	4.26443e-02
5.27360e+00	4.24167e-02
5.30004e+00	4.21889e-02
5.32647e+00	4.19609e-02
5.35290e+00	4.17328e-02
5.37934e+00	4.15044e-02
5.40577e+00	4.12760e-02
5.43221e+00	4.10474e-02
5.45864e+00	4.08187e-02
5.48507e+00	4.05899e-02
5.51151e+00	4.03610e-02
5.53794e+00	4.01320e-02
5.56438e+00	3.99030e-02
5.59081e+00	3.96739e-02
5.61724e+00	3.94447e-02
5.64368e+00	3.92155e-02
5.67011e+00	3.89862e-02
5.69655e+00	3.87569e-02
5.72298e+00	3.85275e-02
5.74941e+00	3.82981e-02
5.77585e+00	3.80687e-02
5.80228e+00	3.78393e-02
5.82872e+00	3.76099e-02
5.85515e+00	3.73804e-02
5.88159e+00	3.71510e-02
5.90802e+00	3.69215e-02
5.93445e+00	3.66920e-02
5.96089e+00	3.64626e-02
5.98732e+00	3.62331e-02
6.01376e+00	3.60037e-02
6.04019e+00	3.57742e-02
6.06662e+00	3.55449e-02
6.09306e+00	3.53155e-02
6.11949e+00	3.50863e-02
6.14593e+00	3.48571e-02
6.17236e+00	3.46279e-02
6.19879e+00	3.43988e-02
6.22523e+00	3.41698e-02
6.25166e+00	3.39409e-02
6.27810e+00	3.37120e-02
6.30453e+00	3.34832e-02
6.33096e+00	3.32545e-02
6.35740e+00	3.30258e-02
6.38383e+00	3.27972e-02
6.41027e+00	3.25687e-02
6.43670e+00	3.23402e-02
6.46314e+00	3.21119e-02
6.48957e+00	3.18836e-02
6.51600e+00	3.16553e-02
6.54244e+00	3.14272e-02
6.56887e+00	3.11991e-02
6.59531e+00	3.09711e-02
6.62174e+00	3.07432e-02
6.64817e+00	3.05153e-02
6.67461e+00	3.02875e-02
6.70104e+00	3.00598e-02
6.72748e+00	2.98321e-02
6.75391e+00	2.96045e-02
6.78034e+00	2.93770e-02
6.80678e+00	2.91495e-02
6.83321e+00	2.89221e-02
6.85965e+00	2.86948e-02
6.88608e+00	2.84675e-02
6.91251e+00	2.82403e-02
6.93895e+00	2.80132e-02
6.96538e+00	2.77863e-02
6.99182e+00	2.75595e-02
7.01825e+00	2.73328e-02
7.04469e+00	2.71064e-02
7.07112e+00	2.68801e-02
7.09755e+00	2.66539e-02
7.12399e+00	2.64280e-02
7.15042e+00	2.62024e-02
7.17686e+00	2.59769e-02
7.20329e+00	2.57517e-02
7.22972e+00	2.55268e-02
7.25616e+00	2.53020e-02
7.28259e+00	2.50774e-02
7.30903e+00	2.48531e-02
7.33546e+00	2.46290e-02
7.36189e+00	2.44050e-02
7.38833e+00	2.41812e-02
7.41476e+00	2.39577e-02
7.44120e+00	2.37343e-02
7.46763e+00	2.35111e-02
7.49407e+00	2.32882e-02
7.52050e+00	2.30655e-02
7.54693e+00	2.28430e-02
7.57337e+00	2.26207e-02
7.59980e+00	2.23986e-02
7.62624e+00	2.21768e-02
7.65267e+00	2.19553e-02
7.67910e+00	2.17340e-02
7.70554e+00	2.15129e-02
7.73197e+00	2.12921e-02
7.75841e+00	2.10716e-02
7.78484e+00	2.08513e-02
7.81127e+00	2.06313e-02
7.83771e+00	2.04116e-02
7.86414e+00	2.01922e-02
7.89058e+00	1.99732e-02
7.91701e+00	1.97546e-02
7.94344e+00	1.95364e-02
7.96988e+00	1.93186e-02
7.99631e+00	1.91014e-02
8.02275e+00	1.88847e-02
8.04918e+00	1.86685e-02
8.07562e+00	1.84529e-02
8.10205e+00	1.82379e-02
8.12848e+00	1.80235e-02
8.15492e+00	1.78099e-02
8.18135e+00	1.75969e-02
8.20779e+00	1.73846e-02
8.23422e+00	1.71730e-02
8.26065e+00	1.69622e-02
8.28709e+00	1.67522e-02
8.31352e+00	1.65431e-02
8.33996e+00	1.63348e-02
8.36639e+00	1.61275e-02
8.39282e+00	1.59212e-02
8.41926e+00	1.57159e-02
8.44569e+00	1.55116e-02
8.47213e+00	1.53085e-02
8.49856e+00	1.51065e-02
8.52499e+00	1.49058e-02
8.55143e+00	1.47064e-02
8.57786e+00	1.45083e-02
8.60430e+00	1.43116e-02
8.63073e+00	1.41162e-02
8.65717e+00	1.39223e-02
8.68360e+00	1.37298e-02
8.71003e+00	1.35388e-02
8.73647e+00	1.33493e-02
8.76290e+00	1.31613e-02
8.78934e+00	1.29749e-02
8.81577e+00	1.27900e-02
8.84220e+00	1.26067e-02
8.86864e+00	1.24250e-02
8.89507e+00	1.22450e-02
8.92151e+00	1.20666e-02
8.94794e+00	1.18899e-02
8.97437e+00	1.17150e-02
9.00081e+00	1.15417e-02
9.02724e+00	1.13703e-02
9.05368e+00	1.12006e-02
9.08011e+00	1.10327e-02
9.10654e+00	1.08665e-02
9.13298e+00	1.07021e-02
9.15941e+00	1.05394e-02
9.18585e+00	1.03785e-02
9.21228e+00	1.02192e-02
9.23872e+00	1.00617e-02
9.26515e+00	9.90587e-03
9.29158e+00	9.75174e-03
9.31802e+00	9.59930e-03
9.34445e+00	9.44855e-03
9.37089e+00	9.29947e-03
9.39732e+00	9.15206e-03
9.42375e+00	9.00631e-03
9.45019e+00	8.86222e-03
9.47662e+00	8.71978e-03
9.50306e+00	8.57897e-03
9.52949e+00	8.43979e-03
9.55592e+00	8.30223e-03
9.58236e+00	8.16627e-03
9.60879e+00	8.03192e-03
9.63523e+00	7.89916e-03
9.66166e+00	7.76798e-03
9.68809e+00	7.63840e-03
9.71453e+00	7.51040e-03
9.74096e+00	7.38398e-03
9.76740e+00	7.25914e-03
9.79383e+00	7.13587e-03
9.82027e+00	7.01417e-03
9.84670e+00	6.89402e-03
9.87313e+00	6.77542e-03
9.89957e+00	6.65836e-03
9.92600e+00	6.54284e-03
9.95244e+00	6.42884e-03
9.97887e+00	6.31637e-03
1.00053e+01	6.20542e-03
1.00317e+01	6.09595e-03
1.00582e+01	5.98806e-03
1.00846e+01	5.88178e-03
1.01110e+01	5.77707e-03
1.01375e+01	5.67392e-03
1.01639e+01	5.57229e-03
1.01903e+01	5.47216e-03
1.02168e+01	5.37352e-03
1.02432e+01	5.27633e-03
1.02696e+01	5.18059e-03
1.02961e+01	5.08626e-03
1.03225e+01	4.99333e-03
1.03489e+01	4.90177e-03
1.03754e+01	4.81157e-03
1.04018e+01	4.72270e-03
1.04282e+01	4.63515e-03
1.04547e+01	4.54890e-03
1.04811e+01	4.46392e-03
1.05076e+01	4.38020e-03
1.05340e+01	4.29772e-03
1.05604e+01	4.21645e-03
1.05869e+01	4.13639e-03
1.06133e+01	4.05750e-03
1.06397e+01	3.97984e-03
1.06662e+01	3.90341e-03
1.06926e+01	3.82820e-03
1.07190e+01	3.75420e-03
1.07455e+01	3.68138e-03
1.07719e+01	3.60972e-03
1.07983e+01	3.53920e-03
1.08248e+01	3.46981e-03
1.08512e+01	3.40153e-03
1.08776e+01	3.33433e-03
1.09041e+01	3.26821e-03
1.09305e+01	3.20313e-03
1.09569e+01	3.13909e-03
1.09834e+01	3.07606e-03
1.10098e+01	3.01403e-03
1.10362e+01	2.95299e-03
1.10627e+01	2.89290e-03
1.10891e+01	2.83377e-03
1.11155e+01	2.77556e-03
1.11420e+01	2.71826e-03
1.11684e+01	2.66186e-03
1.11948e+01	2.60634e-03
1.12213e+01	2.55167e-03
1.12477e+01	2.49786e-03
1.12741e+01	2.44488e-03
1.13006e+01	2.39271e-03
1.13270e+01	2.34136e-03
1.13534e+01	2.29079e-03
1.13799e+01	2.24100e-03
1.14063e+01	2.19198e-03
1.14327e+01	2.14370e-03
1.14592e+01	2.09615e-03
1.14856e+01	2.04932e-03
1.15120e+01	2.00319e-03
1.15385e+01	1.95774e-03
1.15649e+01	1.91294e-03
1.15913e+01	1.86880e-03
1.16178e+01	1.82533e-03
1.16442e+01	1.78256e-03
1.16707e+01	1.74054e-03
1.16971e+01	1.69934e-03
1.17235e+01	1.65892e-03
1.17500e+01	1.61922e-03
1.17764e+01	1.58021e-03
1.18028e+01	1.54190e-03
1.18293e+01	1.50428e-03
1.18557e+01	1.46734e-03
1.18821e+01	1.43124e-03
1.19086e+01	1.39590e-03
1.19350e+01	1.36137e-03
1.19614e+01	1.32760e-03
1.19879e+01	1.29455e-03
1.20143e+01	1.26218e-03
1.20407e+01	1.23048e-03
1.20672e+01	1.19943e-03
1.20936e+01	1.16902e-03
1.21200e+01	1.13922e-03
1.21465e+01	1.11004e-03
1.21729e+01	1.08147e-03
1.21993e+01	1.05348e-03
1.22258e+01	1.02608e-03
1.22522e+01	9.99265e-04
1.22786e+01	9.73019e-04
1.23051e+01	9.47344e-04
1.23315e+01	9.22235e-04
1.23579e+01	8.97681e-04
1.23844e+01	8.73675e-04
1.24108e+01	8.50205e-04
1.24372e+01	8.27265e-04
1.24637e+01	8.04846e-04
1.24901e+01	7.82943e-04
1.25165e+01	7.61548e-04
1.25430e+01	7.40656e-04
1.25694e+01	7.20259e-04
1.25958e+01	7.00365e-04
1.26223e+01	6.80973e-04
1.26487e+01	6.62075e-04
1.26751e+01	6.43663e-04
1.27016e+01	6.25728e-04
1.27280e+01	6.08260e-04
1.27544e+01	5.91249e-04
1.27809e+01	5.74685e-04
1.28073e+01	5.58557e-04
1.28338e+01	5.42853e-04
1.28602e+01	5.27561e-04
1.28866e+01	5.12663e-04
1.29131e+01	4.98136e-04
1.29395e+01	4.83978e-04
1.29659e+01	4.70178e-04
1.29924e+01	4.56707e-04
1.30188e+01	4.43554e-04
1.30452e+01	4.30760e-04
1.30717e+01	4.18408e-04
1.30981e+01	4.06456e-04
1.31245e+01	3.94841e-04
1.31510e+01	3.83511e-04
1.31774e+01	3.72451e-04
1.32038e+01	3.61674e-04
1.32303e+01	3.51198e-04
1.32567e+01	3.40994e-04
1.32831e+01	3.31043e-04
1.33096e+01	3.21332e-04
1.33360e+01	3.11847e-04
1.33624e+01	3.02581e-04
1.33889e+01	2.93526e-04
1.34153e+01	2.84681e-04
1.34417e+01	2.76043e-04
1.34682e+01	2.67613e-04
1.34946e+01	2.59395e-04
1.35210e+01	2.51385e-04
1.35475e+01	2.43576e-04
1.35739e+01	2.35965e-04
1.36003e+01	2.28548e-04
1.36268e+01	2.21323e-04
1.36532e+01	2.14284e-04
1.36796e+01	2.07430e-04
1.37061e+01	2.00754e-04
1.37325e+01	1.94255e-04
1.37589e+01	1.87928e-04
1.37854e+01	1.81769e-04
1.38118e+01	1.75774e-04
1.38382e+01	1.69941e-04
1.38647e+01	1.64264e-04
1.38911e+01	1.58742e-04
1.39175e+01	1.53370e-04
1.39440e+01	1.48146e-04
1.39704e+01	1.43069e-04
1.39969e+01	1.38134e-04
1.40233e+01	1.33339e-04
1.40497e+01	1.28682e-04
1.40762e+01	1.24161e-04
1.41026e+01	1.19772e-04
1.41290e+01	1.15514e-04
1.41555e+01	1.11382e-04
1.41819e+01	1.07375e-04
1.42083e+01	1.03490e-04
1.42348e+01	9.97226e-05
1.42612e+01	9.60716e-05
1.42876e+01	9.25343e-05
1.43141e+01	8.91081e-05
1.43405e+01	8.57908e-05
1.43669e+01	8.25798e-05
1.43934e+01	7.94727e-05
1.44198e+01	7.64671e-05
1.44462e+01	7.35605e-05
1.44727e+01	7.07505e-05
1.44991e+01	6.80347e-05
1.45255e+01	6.54107e-05
1.45520e+01	6.28760e-05
1.45784e+01	6.04282e-05
1.46048e+01	5.80651e-05
1.46313e+01	5.57843e-05
1.46577e+01	5.35834e-05
1.46841e+01	5.14603e-05
1.47106e+01	4.94128e-05
1.47370e+01	4.74385e-05
1.47634e+01	4.55355e-05
1.47899e+01	4.37015e-05
1.48163e+01	4.19346e-05
1.48427e+01	4.02327e-05
1.48692e+01	3.85938e-05
1.48956e+01	3.70161e-05
1.49220e+01	3.54977e-05
1.49485e+01	3.40367e-05
1.49749e+01	3.26313e-05
1.50013e+01	3.12799e-05
1.50278e+01	2.99806e-05
1.50542e+01	2.87318e-05
1.50806e+01	2.75315e-05
1.51071e+01	2.63781e-05
1.51335e+01	2.52698e-05
1.51600e+01	2.42050e-05
1.51864e+01	2.31820e-05
1.52128e+01	2.21994e-05
1.52393e+01	2.12557e-05
1.52657e+01	2.03494e-05
1.52921e+01	1.94791e-05
1.53186e+01	1.86436e-05
1.53450e+01	1.78415e-05
1.53714e+01	1.70716e-05
1.53979e+01	1.63327e-05
1.54243e+01	1.56235e-05
1.54507e+01	1.49431e-05
1.54772e+01	1.42902e-05
1.55036e+01	1.36639e-05
1.55300e+01	1.30631e-05
1.55565e+01	1.24868e-05
1.55829e+01	1.19341e-05
1.56093e+01	1.14040e-05
1.56358e+01	1.08957e-05
1.56622e+01	1.04083e-05
1.56886e+01	9.94102e-06
1.57151e+01	9.49298e-06
1.57415e+01	9.06342e-06
1.57679e+01	8.65160e-06
1.57944e+01	8.25675e-06
1.58208e+01	7.87828e-06
1.58472e+01	7.51566e-06
1.58737e+01	7.16834e-06
1.59001e+01	6.83576e-06
1.59265e+01	6.51743e-06
1.59530e+01	6.21280e-06
1.59794e+01	5.92139e-06
1.60058e+01	5.64272e-06
1.60323e+01	5.37629e-06
1.60587e+01	5.12163e-06
1.60851e+01	4.87827e-06
1.61116e+01	4.64574e-06
1.61380e+01	4.42360e-06
1.61644e+01	4.21143e-06
1.61909e+01	4.00881e-06
1.62173e+01	3.81535e-06
1.62437e+01	3.63066e-06
1.62702e+01	3.45438e-06
1.62966e+01	3.28616e-06
1.63231e+01	3.12565e-06
1.63495e+01	2.97253e-06
1.63759e+01	2.82648e-06
1.64024e+01	2.68720e-06
1.64288e+01	2.55440e-06
1.64552e+01	2.42779e-06
1.64817e+01	2.30711e-06
1.65081e+01	2.19210e-06
1.65345e+01	2.08251e-06
1.65610e+01	1.97810e-06
1.65874e+01	1.87864e-06
1.66138e+01	1.78392e-06
1.66403e+01	1.69373e-06
1.66667e+01	1.60787e-06
1.66931e+01	1.52614e-06
1.67196e+01	1.44836e-06
1.67460e+01	1.37434e-06
1.67724e+01	1.30393e-06
1.67989e+01	1.23695e-06
1.68253e+01	1.17326e-06
1.68517e+01	1.11269e-06
1.68782e+01	1.05511e-06
1.69046e+01	1.00037e-06
1.69310e+01	9.48353e-07
1.69575e+01	8.98922e-07
1.69839e+01	8.51959e-07
1.70103e+01	8.07349e-07
1.70368e+01	7.64980e-07
1.70632e+01	7.24747e-07
1.70896e+01	6.86547e-07
1.71161e+01	6.50282e-07
1.71425e+01	6.15859e-07
1.71689e+01	5.83189e-07
1.71954e+01	5.52185e-07
1.72218e+01	5.22769e-07
1.72482e+01	4.94861e-07
1.72747e+01	4.68388e-07
1.73011e+01	4.43279e-07
1.73275e+01	4.19468e-07
1.73540e+01	3.96889e-07
1.73804e+01	3.75481e-07
1.74068e+01	3.55187e-07
1.74333e+01	3.35951e-07
1.74597e+01	3.17720e-07
1.74862e+01	3.00443e-07
1.75126e+01	2.84073e-07
1.75390e+01	2.68564e-07
1.75655e+01	2.53873e-07
1.75919e+01	2.39958e-07
1.76183e+01	2.26780e-07
1.76448e+01	2.14302e-07
1.76712e+01	2.02488e-07
1.76976e+01	1.91305e-07
1.77241e+01	1.80721e-07
1.77505e+01	1.70704e-07
1.77769e+01	1.61225e-07
1.78034e+01	1.52258e-07
1.78298e+01	1.43775e-07
1.78562e+01	1.35751e-07
1.78827e+01	1.28162e-07
1.79091e+01	1.20985e-07
1.79355e+01	1.14199e-07
1.79620e+01	1.07783e-07
1.79884e+01	1.01717e-07
1.80148e+01	9.59846e-08
1.80413e+01	9.05669e-08
1.80677e+01	8.54474e-08
1.80941e+01	8.06103e-08
1.81206e+01	7.60404e-08
1.81470e+01	7.17233e-08
1.81734e+01	6.76456e-08
1.81999e+01	6.37938e-08
1.82263e+01	6.01557e-08
1.82527e+01	5.67198e-08
1.82792e+01	5.34753e-08
1.83056e+01	5.04116e-08
1.83320e+01	4.75192e-08
1.83585e+01	4.47885e-08
1.83849e+01	4.22109e-08
1.84113e+01	3.97780e-08
1.84378e+01	3.74820e-08
1.84642e+01	3.53152e-08
1.84906e+01	3.32707e-08
1.85171e+01	3.13417e-08
1.85435e+01	2.95219e-08
1.85699e+01	2.78052e-08
1.85964e+01	2.61860e-08
1.86228e+01	2.46588e-08
1.86493e+01	2.32187e-08
1.86757e+01	2.18608e-08
1.87021e+01	2.05805e-08
1.87286e+01	1.93735e-08
1.87550e+01	1.82358e-08
1.87814e+01	1.71634e-08
1.88079e+01	1.61528e-08
1.88343e+01	1.52004e-08
1.88607e+01	1.43031e-08
1.88872e+01	1.34577e-08
1.89136e+01	1.26612e-08
1.89400e+01	1.19110e-08
1.89665e+01	1.12044e-08
1.89929e+01	1.05390e-08
1.90193e+01	9.91241e-09
1.90458e+01	9.32244e-09
1.90722e+01	8.76701e-09
1.90986e+01	8.24413e-09
1.91251e+01	7.75192e-09
1.91515e+01	7.28862e-09
1.91779e+01	6.85256e-09
1.92044e+01	6.44217e-09
1.92308e+01	6.05596e-09
1.92572e+01	5.69254e-09
1.92837e+01	5.35058e-09
1.93101e+01	5.02884e-09
1.93365e+01	4.72616e-09
1.93630e+01	4.44141e-09
1.93894e+01	4.17356e-09
1.94158e+01	3.92162e-09
1.94423e+01	3.68467e-09
1.94687e+01	3.46182e-09
1.94951e+01	3.25226e-09
1.95216e+01	3.05520e-09
1.95480e+01	2.86992e-09
1.95744e+01	2.69572e-09
1.96009e+01	2.53195e-09
1.96273e+01	2.37799e-09
1.96537e+01	2.23328e-09
1.96802e+01	2.09727e-09
1.97066e+01	1.96944e-09
1.97330e+01	1.84930e-09
1.97595e+01	1.73642e-09
1.97859e+01	1.63035e-09
1.98124e+01	1.53070e-09
1.98388e+01	1.43708e-09
1.98652e+01	1.34913e-09
1.98917e+01	1.26653e-09
1.99181e+01	1.18893e-09
1.99445e+01	1.11601e-09
1.99710e+01	1.04750e-09
1.99974e+01	9.83144e-10
2.00238e+01	9.22683e-10
2.00503e+01	8.65888e-10
2.00767e+01	8.12542e-10
2.01031e+01	7.62439e-10
2.01296e+01	7.15384e-10
2.01560e+01	6.71195e-10
2.01824e+01	6.29700e-10
2.02089e+01	5.90739e-10
2.02353e+01	5.54158e-10
2.02617e+01	5.19815e-10
2.02882e+01	4.87574e-10
2.03146e+01	4.57308e-10
2.03410e+01	4.28899e-10
2.03675e+01	4.02233e-10
2.03939e+01	3.77206e-10
2.04203e+01	3.53719e-10
2.04468e+01	3.31678e-10
2.04732e+01	3.10997e-10
2.04996e+01	2.91592e-10
2.05261e+01	2.73386e-10
2.05525e+01	2.56306e-10
2.05789e+01	2.40284e-10
2.06054e+01	2.25255e-10
2.06318e+01	2.11157e-10
2.06582e+01	1.97933e-10
2.06847e+01	1.85529e-10
2.07111e+01	1.73895e-10
2.07375e+01	1.62982e-10
2.07640e+01	1.52748e-10
2.07904e+01	1.43150e-10
2.08168e+01	1.34149e-10
2.08433e+01	1.25709e-10
2.08697e+01	1.17795e-10
2.08961e+01	1.10373e-10
2.09226e+01	1.03415e-10
2.09490e+01	9.68920e-11
2.09755e+01	9.07762e-11
2.10019e+01	8.50429e-11
2.10283e+01	7.96686e-11
2.10548e+01	7.46309e-11
2.10812e+01	6.99090e-11
2.11076e+01	6.54832e-11
2.11341e+01	6.13352e-11
2.11605e+01	5.74477e-11
2.11869e+01	5.38044e-11
2.12134e+01	5.03901e-11
2.12398e+01	4.71907e-11
2.12662e+01	4.41926e-11
2.12927e+01	4.13834e-11
2.13191e+01	3.87512e-11
2.13455e+01	3.62850e-11
2.13720e+01	3.39744e-11
2.13984e+01	3.18096e-11
2.14248e+01	2.97815e-11
2.14513e+01	2.78817e-11
2.14777e+01	2.61020e-11
2.15041e+01	2.44350e-11
2.15306e+01	2.28735e-11
2.15570e+01	2.14109e-11
2.15834e+01	2.00411e-11
2.16099e+01	1.87582e-11
2.16363e+01	1.75567e-11
2.16627e+01	1.64316e-11
2.16892e+01	1.53779e-11
2.17156e+01	1.43913e-11
2.17420e+01	1.34675e-11
2.17685e+01	1.26026e-11
2.17949e+01	1.17928e-11
2.18213e+01	1.10346e-11
2.18478e+01	1.03249e-11
2.18742e+01	9.66051e-12
2.19006e+01	9.03860e-12
2.19271e+01	8.45649e-12
2.19535e+01	7.91166e-12
2.19799e+01	7.40175e-12
2.20064e+01	6.92455e-12
2.20328e+01	6.47797e-12
2.20592e+01	6.06008e-12
2.20857e+01	5.66905e-12
2.21121e+01	5.30316e-12
2.21386e+01	4.96081e-12
2.21650e+01	4.64047e-12
2.21914e+01	4.34075e-12
2.22179e+01	4.06031e-12
2.22443e+01	3.79791e-12
2.22707e+01	3.55241e-12
2.22972e+01	3.32272e-12
2.23236e+01	3.10781e-12
2.23500e+01	2.90675e-12
2.23765e+01	2.71865e-12
2.24029e+01	2.54266e-12
2.24293e+01	2.37802e-12
2.24558e+01	2.22399e-12
2.24822e+01	2.07990e-12
2.25086e+01	1.94509e-12
2.25351e+01	1.81899e-12
2.25615e+01	1.70102e-12
2.25879e+01	1.59067e-12
2.26144e+01	1.48744e-12
2.26408e+01	1.39088e-12
2.26672e+01	1.30056e-12
2.26937e+01	1.21608e-12
2.27201e+01	1.13707e-12
2.27465e+01	1.06316e-12
2.27730e+01	9.94038e-13
2.27994e+01	9.29392e-13
2.28258e+01	8.68932e-13
2.28523e+01	8.12390e-13
2.28787e+01	7.59512e-13
2.29051e+01	7.10064e-13
2.29316e+01	6.63823e-13
2.29580e+01	6.20582e-13
2.29844e+01	5.80149e-13
2.30109e+01	5.42343e-13
2.30373e+01	5.06993e-13
2.30637e+01	4.73940e-13
2.30902e+01	4.43036e-13
2.31166e+01	4.14142e-13
2.31430e+01	3.87127e-13
2.31695e+01	3.61869e-13
2.31959e+01	3.38254e-13
2.32223e+01	3.16177e-13
2.32488e+01	2.95536e-13
2.32752e+01	2.76240e-13
2.33017e+01	2.58199e-13
2.33281e+01	2.41334e-13
2.33545e+01	2.25568e-13
2.33810e+01	2.10828e-13
2.34074e+01	1.97049e-13
2.34338e+01	1.84169e-13
2.34603e+01	1.72128e-13
2.34867e+01	1.60872e-13
2.35131e+01	1.50351e-13
2.35396e+01	1.40516e-13
2.35660e+01	1.31323e-13
2.35924e+01	1.22729e-13
2.36189e+01	1.14697e-13
2.36453e+01	1.07189e-13
2.36717e+01	1.00171e-13
2.36982e+01	9.36120e-14
2.37246e+01	8.74811e-14
2.37510e+01	8.17508e-14
2.37775e+01	7.63949e-14
2.38039e+01	7.13891e-14
2.38303e+01	6.67105e-14
2.38568e+01	6.23378e-14
2.38832e+01	5.82510e-14
2.39096e+01	5.44316e-14
2.39361e+01	5.08619e-14
2.39625e+01	4.75258e-14
2.39889e+01	4.44080e-14
2.40154e+01	4.14943e-14
2.40418e+01	3.87713e-14
2.40682e+01	3.62266e-14
2.40947e+01	3.38484e-14
2.41211e+01	3.16261e-14
2.41475e+01	2.95492e-14
2.41740e+01	2.76085e-14
2.42004e+01	2.57949e-14
2.42268e+01	2.41002e-14
2.42533e+01	2.25166e-14
2.42797e+01	2.10368e-14
2.43061e+01	1.96541e-14
2.43326e+01	1.83621e-14
2.43590e+01	1.71548e-14
2.43854e+01	1.60268e-14
2.44119e+01	1.49728e-14
2.44383e+01	1.39879e-14
2.44648e+01	1.30678e-14
2.44912e+01	1.22081e-14
2.45176e+01	1.14048e-14
2.45441e+01	1.06543e-14
2.45705e+01	9.95313e-15
2.45969e+01	9.29802e-15
2.46234e+01	8.68598e-15
2.46498e+01	8.11417e-15
2.46762e+01	7.57997e-15
2.47027e+01	7.08091e-15
2.47291e+01	6.61465e-15
2.47555e+01	6.17903e-15
2.47820e+01	5.77203e-15
2.48084e+01	5.39178e-15
2.48348e+01	5.03652e-15
2.48613e+01	4.70461e-15
2.48877e+01	4.39453e-15
2.49141e+01	4.10484e-15
2.49406e+01	3.83420e-15
2.49670e+01	3.58137e-15
2.49934e+01	3.34516e-15
2.50199e+01	3.12450e-15
2.50463e+01	2.91836e-15
2.50727e+01	2.72578e-15
2.50992e+01	2.54589e-15
2.51256e+01	2.37783e-15
2.51520e+01	2.22083e-15
2.51785e+01	2.07415e-15
2.52049e+01	1.93709e-15
2.52313e+01	1.80901e-15
2.52578e+01	1.68931e-15
2.52842e+01	1.57745e-15
2.53106e+01	1.47291e-15
2.53371e+01	1.37521e-15
2.53635e+01	1.28388e-15
2.53899e+01	1.19852e-15
2.54164e+01	1.11872e-15
2.54428e+01	1.04412e-15
2.54692e+01	9.74362e-16
2.54957e+01	9.09137e-16
2.55221e+01	8.48138e-16
2.55485e+01	7.91086e-16
2.55750e+01	7.37717e-16
2.56014e+01	6.87784e-16
2.56279e+01	6.41056e-16
2.56543e+01	5.97317e-16
2.56807e+01	5.56365e-16
2.57072e+01	5.18013e-16
2.57336e+01	4.82082e-16
2.57600e+01	4.48406e-16
2.57865e+01	4.16832e-16
2.58129e+01	3.87211e-16
2.58393e+01	3.59409e-16
2.58658e+01	3.33296e-16
2.58922e+01	3.08751e-16
2.59186e+01	2.85663e-16
2.59451e+01	2.63924e-16
2.59715e+01	2.43435e-16
2.59979e+01	2.24102e-16
2.60244e+01	2.05836e-16
2.60508e+01	1.88553e-16
2.60772e+01	1.72176e-16
2.61037e+01	1.56628e-16
2.61301e+01	1.41841e-16
2.61565e+01	1.27748e-16
2.61830e+01	1.14286e-16
2.62094e+01	1.01397e-16
2.62358e+01	8.90258e-17
2.62623e+01	7.71198e-17
2.62887e+01	6.56301e-17
2.63151e+01	5.45114e-17
2.63416e+01	4.37215e-17
2.63680e+01	3.32217e-17
2.63944e+01	2.29770e-17
2.64209e+01	1.29556e-17
