# The ell = 0 distribution, the isotropy.
# E_N [Td]	2.50000e+01
# col_1: Electron Energy [eV], col_2: f0 [eV^(-3/2)]
eV	f0
1.22589e-02	2.12019e-01
3.67766e-02	2.12496e-01
6.12944e-02	2.12966e-01
8.58122e-02	2.13435e-01
1.10330e-01	2.13904e-01
1.34848e-01	2.14374e-01
1.59365e-01	2.14844e-01
1.83883e-01	2.15315e-01
2.08401e-01	2.15785e-01
2.32919e-01	2.16254e-01
2.57436e-01	2.16723e-01
2.81954e-01	2.17192e-01
3.06472e-01	2.17659e-01
3.30990e-01	2.18124e-01
3.55508e-01	2.18588e-01
3.80025e-01	2.19051e-01
4.04543e-01	2.19511e-01
4.29061e-01	2.19969e-01
4.53579e-01	2.20423e-01
4.78096e-01	2.20873e-01
5.02614e-01	2.21317e-01
5.27132e-01	2.21755e-01
5.51650e-01	2.22185e-01
5.76167e-01	2.22606e-01
6.00685e-01	2.23016e-01
6.25203e-01	2.23413e-01
6.49721e-01	2.23794e-01
6.74238e-01	2.24158e-01
6.98756e-01	2.24500e-01
7.23274e-01	2.24816e-01
7.47792e-01	2.25103e-01
7.72309e-01	2.25358e-01
7.96827e-01	2.25580e-01
8.21345e-01	2.25768e-01
8.45863e-01	2.25920e-01
8.70381e-01	2.26035e-01
8.94898e-01	2.26112e-01
9.19416e-01	2.26147e-01
9.43934e-01	2.26135e-01
9.68452e-01	2.26073e-01
9.92969e-01	2.25953e-01
1.01749e+00	2.25772e-01
1.04200e+00	2.25526e-01
1.06652e+00	2.25210e-01
1.09104e+00	2.24822e-01
1.11556e+00	2.24360e-01
1.14008e+00	2.23825e-01
1.16459e+00	2.23220e-01
1.18911e+00	2.22544e-01
1.21363e+00	2.21798e-01
1.23815e+00	2.20979e-01
1.26266e+00	2.20086e-01
1.28718e+00	2.19116e-01
1.31170e+00	2.18066e-01
1.33622e+00	2.16937e-01
1.36074e+00	2.15722e-01
1.38525e+00	2.14415e-01
1.40977e+00	2.13011e-01
1.43429e+00	2.11515e-01
1.45881e+00	2.09934e-01
1.48332e+00	2.08266e-01
1.50784e+00	2.06511e-01
1.53236e+00	2.04668e-01
1.55688e+00	2.02739e-01
1.58140e+00	2.00691e-01
1.60591e+00	1.98510e-01
1.63043e+00	1.96182e-01
1.65495e+00	1.93692e-01
1.67947e+00	1.91031e-01
1.70398e+00	1.88190e-01
1.72850e+00	1.85165e-01
1.75302e+00	1.81953e-01
1.77754e+00	1.78560e-01
1.80206e+00	1.75007e-01
1.82657e+00	1.71308e-01
1.85109e+00	1.67453e-01
1.87561e+00	1.63428e-01
1.90013e+00	1.59231e-01
1.92464e+00	1.54900e-01
1.94916e+00	1.50549e-01
1.97368e+00	1.46251e-01
1.99820e+00	1.42039e-01
2.02272e+00	1.37936e-01
2.04723e+00	1.33991e-01
2.07175e+00	1.30205e-01
2.09627e+00	1.26561e-01
2.12079e+00	1.23047e-01
2.14530e+00	1.19611e-01
2.16982e+00	1.16256e-01
2.19434e+00	1.12998e-01
2.21886e+00	1.09842e-01
2.24338e+00	1.06793e-01
2.26789e+00	1.03919e-01
2.29241e+00	1.01225e-01
2.31693e+00	9.86945e-02
2.34145e+00	9.63194e-02
2.36596e+00	9.40796e-02
2.39048e+00	9.19103e-02
2.41500e+00	8.98205e-02
2.43952e+00	8.77947e-02
2.46403e+00	8.58269e-02
2.48855e+00	8.39550e-02
2.51307e+00	8.22260e-02
2.53759e+00	8.06272e-02
2.56211e+00	7.91535e-02
2.58662e+00	7.77888e-02
2.61114e+00	7.65045e-02
2.63566e+00	7.52660e-02
2.66018e+00	7.40749e-02
2.68469e+00	7.29327e-02
2.70921e+00	7.18379e-02
2.73373e+00	7.07997e-02
2.75825e+00	6.98262e-02
2.78277e+00	6.89016e-02
2.80728e+00	6.80233e-02
2.83180e+00	6.71885e-02
2.85632e+00	6.63980e-02
2.88084e+00	6.56458e-02
2.90535e+00	6.49398e-02
2.92987e+00	6.42765e-02
2.95439e+00	6.36501e-02
2.97891e+00	6.30543e-02
3.00343e+00	6.24821e-02
3.02794e+00	6.19279e-02
3.05246e+00	6.13913e-02
3.07698e+00	6.08734e-02
3.10150e+00	6.03749e-02
3.12601e+00	5.98962e-02
3.15053e+00	5.94364e-02
3.17505e+00	5.89930e-02
3.19957e+00	5.85650e-02
3.22409e+00	5.81522e-02
3.24860e+00	5.77543e-02
3.27312e+00	5.73712e-02
3.29764e+00	5.70023e-02
3.32216e+00	5.66462e-02
3.34667e+00	5.63013e-02
3.37119e+00	5.59661e-02
3.39571e+00	5.56393e-02
3.42023e+00	5.53200e-02
3.44475e+00	5.50068e-02
3.46926e+00	5.46997e-02
3.49378e+00	5.43982e-02
3.51830e+00	5.41021e-02
3.54282e+00	5.38110e-02
3.56733e+00	5.35246e-02
3.59185e+00	5.32429e-02
3.61637e+00	5.29657e-02
3.64089e+00	5.26928e-02
3.66541e+00	5.24241e-02
3.68992e+00	5.21595e-02
3.71444e+00	5.18989e-02
3.73896e+00	5.16420e-02
3.76348e+00	5.13883e-02
3.78799e+00	5.11375e-02
3.81251e+00	5.08891e-02
3.83703e+00	5.06425e-02
3.86155e+00	5.03974e-02
3.88607e+00	5.01532e-02
3.91058e+00	4.99099e-02
3.93510e+00	4.96672e-02
3.95962e+00	4.94252e-02
3.98414e+00	4.91837e-02
4.00865e+00	4.89425e-02
4.03317e+00	4.87014e-02
4.05769e+00	4.84604e-02
4.08221e+00	4.82197e-02
4.10672e+00	4.79793e-02
4.13124e+00	4.77393e-02
4.15576e+00	4.74998e-02
4.18028e+00	4.72610e-02
4.20480e+00	4.70227e-02
4.22931e+00	4.67853e-02
4.25383e+00	4.65487e-02
4.27835e+00	4.63130e-02
4.30287e+00	4.60783e-02
4.32738e+00	4.58447e-02
4.35190e+00	4.56124e-02
4.37642e+00	4.53813e-02
4.40094e+00	4.51517e-02
4.42546e+00	4.49236e-02
4.44997e+00	4.46970e-02
4.47449e+00	4.44719e-02
4.49901e+00	4.42483e-02
4.52353e+00	4.40264e-02
4.54804e+00	4.38062e-02
4.57256e+00	4.35876e-02
4.59708e+00	4.33707e-02
4.62160e+00	4.31554e-02
4.64612e+00	4.29416e-02
4.67063e+00	4.27292e-02
4.69515e+00	4.25182e-02
4.71967e+00	4.23085e-02
4.74419e+00	4.20999e-02
4.76870e+00	4.18924e-02
4.79322e+00	4.16858e-02
4.81774e+00	4.14802e-02
4.84226e+00	4.12753e-02
4.86678e+00	4.10710e-02
4.89129e+00	4.08673e-02
4.91581e+00	4.06639e-02
4.94033e+00	4.04607e-02
4.96485e+00	4.02576e-02
4.98936e+00	4.00545e-02
5.01388e+00	3.98515e-02
5.03840e+00	3.96484e-02
5.06292e+00	3.94452e-02
5.08744e+00	3.92418e-02
5.11195e+00	3.90383e-02
5.13647e+00	3.88345e-02
5.16099e+00	3.86305e-02
5.18551e+00	3.84264e-02
5.21002e+00	3.82221e-02
5.23454e+00	3.80177e-02
5.25906e+00	3.78132e-02
5.28358e+00	3.76086e-02
5.30810e+00	3.74040e-02
5.33261e+00	3.71993e-02
5.35713e+00	3.69946e-02
5.38165e+00	3.67899e-02
5.40617e+00	3.65851e-02
5.43068e+00	3.63804e-02
5.45520e+00	3.61756e-02
5.47972e+00	3.59709e-02
5.50424e+00	3.57662e-02
5.52876e+00	3.55615e-02
5.55327e+00	3.53568e-02
5.57779e+00	3.51522e-02
5.60231e+00	3.49476e-02
5.62683e+00	3.47431e-02
5.65134e+00	3.45386e-02
5.67586e+00	3.43342e-02
5.70038e+00	3.41298e-02
5.72490e+00	3.39255e-02
5.74941e+00	3.37213e-02
5.77393e+00	3.35171e-02
5.79845e+00	3.33130e-02
5.82297e+00	3.31090e-02
5.84749e+00	3.29050e-02
5.87200e+00	3.27011e-02
5.89652e+00	3.24973e-02
5.92104e+00	3.22935e-02
5.94556e+00	3.20899e-02
5.97007e+00	3.18863e-02
5.99459e+00	3.16828e-02
6.01911e+00	3.14794e-02
6.04363e+00	3.12761e-02
6.06815e+00	3.10729e-02
6.09266e+00	3.08699e-02
6.11718e+00	3.06669e-02
6.14170e+00	3.04641e-02
6.16622e+00	3.02614e-02
6.19073e+00	3.00588e-02
6.21525e+00	2.98564e-02
6.23977e+00	2.96541e-02
6.26429e+00	2.94519e-02
6.28881e+00	2.92498e-02
6.31332e+00	2.90479e-02
6.33784e+00	2.88461e-02
6.36236e+00	2.86444e-02
6.38688e+00	2.84428e-02
6.41139e+00	2.82414e-02
6.43591e+00	2.80400e-02
6.46043e+00	2.78389e-02
6.48495e+00	2.76378e-02
6.50947e+00	2.74369e-02
6.53398e+00	2.72360e-02
6.55850e+00	2.70354e-02
6.58302e+00	2.68348e-02
6.60754e+00	2.66343e-02
6.63205e+00	2.64340e-02
6.65657e+00	2.62338e-02
6.68109e+00	2.60337e-02
6.70561e+00	2.58337e-02
6.73013e+00	2.56338e-02
6.75464e+00	2.54340e-02
6.77916e+00	2.52344e-02
6.80368e+00	2.50348e-02
6.82820e+00	2.48354e-02
6.85271e+00	2.46360e-02
6.87723e+00	2.44368e-02
6.90175e+00	2.42377e-02
6.92627e+00	2.40388e-02
6.95079e+00	2.38399e-02
6.97530e+00	2.36413e-02
6.99982e+00	2.34428e-02
7.02434e+00	2.32446e-02
7.04886e+00	2.30465e-02
7.07337e+00	2.28486e-02
7.09789e+00	2.26509e-02
7.12241e+00	2.24535e-02
7.14693e+00	2.22563e-02
7.17145e+00	2.20593e-02
7.19596e+00	2.18626e-02
7.22048e+00	2.16661e-02
7.24500e+00	2.14699e-02
7.26952e+00	2.12739e-02
7.29403e+00	2.10781e-02
7.31855e+00	2.08825e-02
7.34307e+00	2.06871e-02
7.36759e+00	2.04920e-02
7.39210e+00	2.02970e-02
7.41662e+00	2.01022e-02
7.44114e+00	1.99077e-02
7.46566e+00	1.97133e-02
7.49018e+00	1.95192e-02
7.51469e+00	1.93254e-02
7.53921e+00	1.91317e-02
7.56373e+00	1.89384e-02
7.58825e+00	1.87452e-02
7.61276e+00	1.85523e-02
7.63728e+00	1.83597e-02
7.66180e+00	1.81673e-02
7.68632e+00	1.79752e-02
7.71084e+00	1.77834e-02
7.73535e+00	1.75918e-02
7.75987e+00	1.74005e-02
7.78439e+00	1.72095e-02
7.80891e+00	1.70188e-02
7.83342e+00	1.68283e-02
7.85794e+00	1.66383e-02
7.88246e+00	1.64486e-02
7.90698e+00	1.62593e-02
7.93150e+00	1.60704e-02
7.95601e+00	1.58821e-02
7.98053e+00	1.56942e-02
8.00505e+00	1.55068e-02
8.02957e+00	1.53199e-02
8.05408e+00	1.51337e-02
8.07860e+00	1.49480e-02
8.10312e+00	1.47629e-02
8.12764e+00	1.45785e-02
8.15216e+00	1.43948e-02
8.17667e+00	1.42118e-02
8.20119e+00	1.40295e-02
8.22571e+00	1.38479e-02
8.25023e+00	1.36671e-02
8.27474e+00	1.34871e-02
8.29926e+00	1.33079e-02
8.32378e+00	1.31296e-02
8.34830e+00	1.29522e-02
8.37282e+00	1.27758e-02
8.39733e+00	1.26003e-02
8.42185e+00	1.24259e-02
8.44637e+00	1.22525e-02
8.47089e+00	1.20802e-02
8.49540e+00	1.19091e-02
8.51992e+00	1.17391e-02
8.54444e+00	1.15705e-02
8.56896e+00	1.14031e-02
8.59348e+00	1.12370e-02
8.61799e+00	1.10723e-02
8.64251e+00	1.09089e-02
8.66703e+00	1.07470e-02
8.69155e+00	1.05864e-02
8.71606e+00	1.04272e-02
8.74058e+00	1.02695e-02
8.76510e+00	1.01132e-02
8.78962e+00	9.95845e-03
8.81414e+00	9.80516e-03
8.83865e+00	9.65338e-03
8.86317e+00	9.50312e-03
8.88769e+00	9.35441e-03
8.91221e+00	9.20726e-03
8.93672e+00	9.06168e-03
8.96124e+00	8.91771e-03
8.98576e+00	8.77536e-03
9.01028e+00	8.63466e-03
9.03479e+00	8.49560e-03
9.05931e+00	8.35819e-03
9.08383e+00	8.22240e-03
9.10835e+00	8.08823e-03
9.13287e+00	7.95567e-03
9.15738e+00	7.82470e-03
9.18190e+00	7.69532e-03
9.20642e+00	7.56752e-03
9.23094e+00	7.44128e-03
9.25545e+00	7.31660e-03
9.27997e+00	7.19346e-03
9.30449e+00	7.07187e-03
9.32901e+00	6.95180e-03
9.35353e+00	6.83326e-03
9.37804e+00	6.71623e-03
9.40256e+00	6.60070e-03
9.42708e+00	6.48666e-03
9.45160e+00	6.37410e-03
9.47611e+00	6.26302e-03
9.50063e+00	6.15339e-03
9.52515e+00	6.04522e-03
9.54967e+00	5.93848e-03
9.57419e+00	5.83317e-03
9.59870e+00	5.72927e-03
9.62322e+00	5.62678e-03
9.64774e+00	5.52569e-03
9.67226e+00	5.42599e-03
9.69677e+00	5.32767e-03
9.72129e+00	5.23074e-03
9.74581e+00	5.13518e-03
9.77033e+00	5.04098e-03
9.79485e+00	4.94813e-03
9.81936e+00	4.85663e-03
9.84388e+00	4.76647e-03
9.86840e+00	4.67763e-03
9.89292e+00	4.59012e-03
9.91743e+00	4.50391e-03
9.94195e+00	4.41900e-03
9.96647e+00	4.33538e-03
9.99099e+00	4.25304e-03
1.00155e+01	4.17197e-03
1.00400e+01	4.09215e-03
1.00645e+01	4.01367e-03
1.00891e+01	3.93649e-03
1.01136e+01	3.86060e-03
1.01381e+01	3.78598e-03
1.01626e+01	3.71260e-03
1.01871e+01	3.64045e-03
1.02116e+01	3.56950e-03
1.02362e+01	3.49973e-03
1.02607e+01	3.43113e-03
1.02852e+01	3.36367e-03
1.03097e+01	3.29734e-03
1.03342e+01	3.23211e-03
1.03588e+01	3.16798e-03
1.03833e+01	3.10492e-03
1.04078e+01	3.04291e-03
1.04323e+01	2.98195e-03
1.04568e+01	2.92200e-03
1.04813e+01	2.86305e-03
1.05059e+01	2.80510e-03
1.05304e+01	2.74811e-03
1.05549e+01	2.69207e-03
1.05794e+01	2.63698e-03
1.06039e+01	2.58280e-03
1.06284e+01	2.52953e-03
1.06530e+01	2.47722e-03
1.06775e+01	2.42584e-03
1.07020e+01	2.37539e-03
1.07265e+01	2.32583e-03
1.07510e+01	2.27716e-03
1.07756e+01	2.22935e-03
1.08001e+01	2.18241e-03
1.08246e+01	2.13629e-03
1.08491e+01	2.09101e-03
1.08736e+01	2.04652e-03
1.08981e+01	2.00283e-03
1.09227e+01	1.95992e-03
1.09472e+01	1.91777e-03
1.09717e+01	1.87638e-03
1.09962e+01	1.83571e-03
1.10207e+01	1.79577e-03
1.10453e+01	1.75653e-03
1.10698e+01	1.71798e-03
1.10943e+01	1.68012e-03
1.11188e+01	1.64292e-03
1.11433e+01	1.60638e-03
1.11678e+01	1.57047e-03
1.11924e+01	1.53519e-03
1.12169e+01	1.50052e-03
1.12414e+01	1.46645e-03
1.12659e+01	1.43298e-03
1.12904e+01	1.40009e-03
1.13149e+01	1.36777e-03
1.13395e+01	1.33600e-03
1.13640e+01	1.30479e-03
1.13885e+01	1.27411e-03
1.14130e+01	1.24396e-03
1.14375e+01	1.21433e-03
1.14621e+01	1.18520e-03
1.14866e+01	1.15656e-03
1.15111e+01	1.12840e-03
1.15356e+01	1.10071e-03
1.15601e+01	1.07347e-03
1.15846e+01	1.04667e-03
1.16092e+01	1.02033e-03
1.16337e+01	9.94455e-04
1.16582e+01	9.69066e-04
1.16827e+01	9.44223e-04
1.17072e+01	9.19915e-04
1.17317e+01	8.96110e-04
1.17563e+01	8.72774e-04
1.17808e+01	8.49894e-04
1.18053e+01	8.27471e-04
1.18298e+01	8.05494e-04
1.18543e+01	7.83968e-04
1.18789e+01	7.62991e-04
1.19034e+01	7.42504e-04
1.19279e+01	7.22522e-04
1.19524e+01	7.03038e-04
1.19769e+01	6.84020e-04
1.20014e+01	6.65447e-04
1.20260e+01	6.47300e-04
1.20505e+01	6.29569e-04
1.20750e+01	6.12243e-04
1.20995e+01	5.95314e-04
1.21240e+01	5.78772e-04
1.21486e+01	5.62610e-04
1.21731e+01	5.46822e-04
1.21976e+01	5.31401e-04
1.22221e+01	5.16340e-04
1.22466e+01	5.01635e-04
1.22711e+01	4.87281e-04
1.22957e+01	4.73275e-04
1.23202e+01	4.59611e-04
1.23447e+01	4.46286e-04
1.23692e+01	4.33291e-04
1.23937e+01	4.20620e-04
1.24182e+01	4.08266e-04
1.24428e+01	3.96224e-04
1.24673e+01	3.84489e-04
1.24918e+01	3.73056e-04
1.25163e+01	3.61919e-04
1.25408e+01	3.51074e-04
1.25654e+01	3.40517e-04
1.25899e+01	3.30246e-04
1.26144e+01	3.20263e-04
1.26389e+01	3.10561e-04
1.26634e+01	3.01135e-04
1.26879e+01	2.91979e-04
1.27125e+01	2.83088e-04
1.27370e+01	2.74454e-04
1.27615e+01	2.66071e-04
1.27860e+01	2.57932e-04
1.28105e+01	2.50032e-04
1.28350e+01	2.42362e-04
1.28596e+01	2.34917e-04
1.28841e+01	2.27684e-04
1.29086e+01	2.20653e-04
1.29331e+01	2.13819e-04
1.29576e+01	2.07179e-04
1.29822e+01	2.00718e-04
1.30067e+01	1.94427e-04
1.30312e+01	1.88309e-04
1.30557e+01	1.82401e-04
1.30802e+01	1.76723e-04
1.31047e+01	1.71239e-04
1.31293e+01	1.65921e-04
1.31538e+01	1.60745e-04
1.31783e+01	1.55707e-04
1.32028e+01	1.50814e-04
1.32273e+01	1.46074e-04
1.32518e+01	1.41472e-04
1.32764e+01	1.36998e-04
1.33009e+01	1.32646e-04
1.33254e+01	1.28410e-04
1.33499e+01	1.24282e-04
1.33744e+01	1.20261e-04
1.33990e+01	1.16344e-04
1.34235e+01	1.12529e-04
1.34480e+01	1.08816e-04
1.34725e+01	1.05204e-04
1.34970e+01	1.01694e-04
1.35215e+01	9.82830e-05
1.35461e+01	9.49682e-05
1.35706e+01	9.17475e-05
1.35951e+01	8.86187e-05
1.36196e+01	8.55800e-05
1.36441e+01	8.26292e-05
1.36687e+01	7.97643e-05
1.36932e+01	7.69832e-05
1.37177e+01	7.42837e-05
1.37422e+01	7.16640e-05
1.37667e+01	6.91219e-05
1.37912e+01	6.66554e-05
1.38158e+01	6.42627e-05
1.38403e+01	6.19419e-05
1.38648e+01	5.96910e-05
1.38893e+01	5.75082e-05
1.39138e+01	5.53921e-05
1.39383e+01	5.33411e-05
1.39629e+01	5.13539e-05
1.39874e+01	4.94291e-05
1.40119e+01	4.75652e-05
1.40364e+01	4.57609e-05
1.40609e+01	4.40147e-05
1.40855e+01	4.23255e-05
1.41100e+01	4.06917e-05
1.41345e+01	3.91120e-05
1.41590e+01	3.75850e-05
1.41835e+01	3.61092e-05
1.42080e+01	3.46834e-05
1.42326e+01	3.33060e-05
1.42571e+01	3.19759e-05
1.42816e+01	3.06918e-05
1.43061e+01	2.94526e-05
1.43306e+01	2.82570e-05
1.43551e+01	2.71040e-05
1.43797e+01	2.59924e-05
1.44042e+01	2.49209e-05
1.44287e+01	2.38885e-05
1.44532e+01	2.28941e-05
1.44777e+01	2.19365e-05
1.45023e+01	2.10146e-05
1.45268e+01	2.01275e-05
1.45513e+01	1.92739e-05
1.45758e+01	1.84528e-05
1.46003e+01	1.76633e-05
1.46248e+01	1.69042e-05
1.46494e+01	1.61747e-05
1.46739e+01	1.54738e-05
1.46984e+01	1.48005e-05
1.47229e+01	1.41539e-05
1.47474e+01	1.35330e-05
1.47720e+01	1.29371e-05
1.47965e+01	1.23653e-05
1.48210e+01	1.18167e-05
1.48455e+01	1.12906e-05
1.48700e+01	1.07861e-05
1.48945e+01	1.03025e-05
1.49191e+01	9.83904e-06
1.49436e+01	9.39502e-06
1.49681e+01	8.96975e-06
1.49926e+01	8.56254e-06
1.50171e+01	8.17273e-06
1.50416e+01	7.79967e-06
1.50662e+01	7.44269e-06
1.50907e+01	7.10113e-06
1.51152e+01	6.77437e-06
1.51397e+01	6.46180e-06
1.51642e+01	6.16283e-06
1.51888e+01	5.87692e-06
1.52133e+01	5.60353e-06
1.52378e+01	5.34214e-06
1.52623e+01	5.09226e-06
1.52868e+01	4.85341e-06
1.53113e+01	4.62513e-06
1.53359e+01	4.40698e-06
1.53604e+01	4.19854e-06
1.53849e+01	3.99941e-06
1.54094e+01	3.80918e-06
1.54339e+01	3.62748e-06
1.54584e+01	3.45395e-06
1.54830e+01	3.28825e-06
1.55075e+01	3.13003e-06
1.55320e+01	2.97897e-06
1.55565e+01	2.83476e-06
1.55810e+01	2.69711e-06
1.56056e+01	2.56573e-06
1.56301e+01	2.44034e-06
1.56546e+01	2.32068e-06
1.56791e+01	2.20649e-06
1.57036e+01	2.09755e-06
1.57281e+01	1.99359e-06
1.57527e+01	1.89441e-06
1.57772e+01	1.79978e-06
1.58017e+01	1.70950e-06
1.58262e+01	1.62339e-06
1.58507e+01	1.54130e-06
1.58753e+01	1.46306e-06
1.58998e+01	1.38851e-06
1.59243e+01	1.31751e-06
1.59488e+01	1.24991e-06
1.59733e+01	1.18556e-06
1.59978e+01	1.12433e-06
1.60224e+01	1.06608e-06
1.60469e+01	1.01068e-06
1.60714e+01	9.57998e-07
1.60959e+01	9.07916e-07
1.61204e+01	8.60312e-07
1.61449e+01	8.15071e-07
1.61695e+01	7.72083e-07
1.61940e+01	7.31244e-07
1.62185e+01	6.92454e-07
1.62430e+01	6.55615e-07
1.62675e+01	6.20636e-07
1.62921e+01	5.87430e-07
1.63166e+01	5.55911e-07
1.63411e+01	5.26000e-07
1.63656e+01	4.97619e-07
1.63901e+01	4.70695e-07
1.64146e+01	4.45157e-07
1.64392e+01	4.20939e-07
1.64637e+01	3.97975e-07
1.64882e+01	3.76205e-07
1.65127e+01	3.55569e-07
1.65372e+01	3.36012e-07
1.65617e+01	3.17481e-07
1.65863e+01	2.99925e-07
1.66108e+01	2.83296e-07
1.66353e+01	2.67548e-07
1.66598e+01	2.52637e-07
1.66843e+01	2.38521e-07
1.67089e+01	2.25160e-07
1.67334e+01	2.12516e-07
1.67579e+01	2.00552e-07
1.67824e+01	1.89235e-07
1.68069e+01	1.78530e-07
1.68314e+01	1.68406e-07
1.68560e+01	1.58835e-07
1.68805e+01	1.49786e-07
1.69050e+01	1.41233e-07
1.69295e+01	1.33150e-07
1.69540e+01	1.25513e-07
1.69785e+01	1.18298e-07
1.70031e+01	1.11483e-07
1.70276e+01	1.05047e-07
1.70521e+01	9.89706e-08
1.70766e+01	9.32335e-08
1.71011e+01	8.78180e-08
1.71257e+01	8.27067e-08
1.71502e+01	7.78832e-08
1.71747e+01	7.33318e-08
1.71992e+01	6.90379e-08
1.72237e+01	6.49873e-08
1.72482e+01	6.11669e-08
1.72728e+01	5.75641e-08
1.72973e+01	5.41668e-08
1.73218e+01	5.09638e-08
1.73463e+01	4.79444e-08
1.73708e+01	4.50983e-08
1.73954e+01	4.24161e-08
1.74199e+01	3.98885e-08
1.74444e+01	3.75070e-08
1.74689e+01	3.52634e-08
1.74934e+01	3.31500e-08
1.75179e+01	3.11595e-08
1.75425e+01	2.92850e-08
1.75670e+01	2.75199e-08
1.75915e+01	2.58581e-08
1.76160e+01	2.42938e-08
1.76405e+01	2.28214e-08
1.76650e+01	2.14358e-08
1.76896e+01	2.01321e-08
1.77141e+01	1.89054e-08
1.77386e+01	1.77516e-08
1.77631e+01	1.66663e-08
1.77876e+01	1.56458e-08
1.78122e+01	1.46861e-08
1.78367e+01	1.37839e-08
1.78612e+01	1.29357e-08
1.78857e+01	1.21385e-08
1.79102e+01	1.13891e-08
1.79347e+01	1.06849e-08
1.79593e+01	1.00232e-08
1.79838e+01	9.40160e-09
1.80083e+01	8.81767e-09
1.80328e+01	8.26922e-09
1.80573e+01	7.75417e-09
1.80818e+01	7.27053e-09
1.81064e+01	6.81644e-09
1.81309e+01	6.39012e-09
1.81554e+01	5.98993e-09
1.81799e+01	5.61429e-09
1.82044e+01	5.26169e-09
1.82290e+01	4.93076e-09
1.82535e+01	4.62019e-09
1.82780e+01	4.32876e-09
1.83025e+01	4.05533e-09
1.83270e+01	3.79880e-09
1.83515e+01	3.55816e-09
1.83761e+01	3.33244e-09
1.84006e+01	3.12075e-09
1.84251e+01	2.92222e-09
1.84496e+01	2.73606e-09
1.84741e+01	2.56152e-09
1.84987e+01	2.39788e-09
1.85232e+01	2.24449e-09
1.85477e+01	2.10071e-09
1.85722e+01	1.96595e-09
1.85967e+01	1.83966e-09
1.86212e+01	1.72133e-09
1.86458e+01	1.61046e-09
1.86703e+01	1.50659e-09
1.86948e+01	1.40929e-09
1.87193e+01	1.31815e-09
1.87438e+01	1.23280e-09
1.87683e+01	1.15288e-09
1.87929e+01	1.07804e-09
1.88174e+01	1.00797e-09
1.88419e+01	9.42377e-10
1.88664e+01	8.80978e-10
1.88909e+01	8.23512e-10
1.89155e+01	7.69732e-10
1.89400e+01	7.19406e-10
1.89645e+01	6.72319e-10
1.89890e+01	6.28267e-10
1.90135e+01	5.87059e-10
1.90380e+01	5.48515e-10
1.90626e+01	5.12465e-10
1.90871e+01	4.78752e-10
1.91116e+01	4.47226e-10
1.91361e+01	4.17747e-10
1.91606e+01	3.90185e-10
1.91851e+01	3.64415e-10
1.92097e+01	3.40325e-10
1.92342e+01	3.17805e-10
1.92587e+01	2.96756e-10
1.92832e+01	2.77082e-10
1.93077e+01	2.58695e-10
1.93323e+01	2.41512e-10
1.93568e+01	2.25456e-10
1.93813e+01	2.10453e-10
1.94058e+01	1.96436e-10
1.94303e+01	1.83341e-10
1.94548e+01	1.71107e-10
1.94794e+01	1.59680e-10
1.95039e+01	1.49007e-10
1.95284e+01	1.39038e-10
1.95529e+01	1.29729e-10
1.95774e+01	1.21035e-10
1.96019e+01	1.12917e-10
1.96265e+01	1.05338e-10
1.96510e+01	9.82610e-11
1.96755e+01	9.16548e-11
1.97000e+01	8.54880e-11
1.97245e+01	7.97319e-11
1.97491e+01	7.43595e-11
1.97736e+01	6.93457e-11
1.97981e+01	6.46668e-11
1.98226e+01	6.03009e-11
1.98471e+01	5.62274e-11
1.98716e+01	5.24269e-11
1.98962e+01	4.88817e-11
1.99207e+01	4.55738e-11
1.99452e+01	4.24869e-11
1.99697e+01	3.96066e-11
1.99942e+01	3.69192e-11
2.00188e+01	3.44121e-11
2.00433e+01	3.20731e-11
2.00678e+01	2.98913e-11
2.00923e+01	2.78562e-11
2.01168e+01	2.59581e-11
2.01413e+01	2.41878e-11
2.01659e+01	2.25370e-11
2.01904e+01	2.09976e-11
2.02149e+01	1.95622e-11
2.02394e+01	1.82239e-11
2.02639e+01	1.69762e-11
2.02884e+01	1.58130e-11
2.03130e+01	1.47287e-11
2.03375e+01	1.37179e-11
2.03620e+01	1.27759e-11
2.03865e+01	1.18978e-11
2.04110e+01	1.10796e-11
2.04356e+01	1.03171e-11
2.04601e+01	9.60652e-12
2.04846e+01	8.94450e-12
2.05091e+01	8.32772e-12
2.05336e+01	7.75314e-12
2.05581e+01	7.21789e-12
2.05827e+01	6.71931e-12
2.06072e+01	6.25491e-12
2.06317e+01	5.82236e-12
2.06562e+01	5.41948e-12
2.06807e+01	5.04425e-12
2.07052e+01	4.69477e-12
2.07298e+01	4.36930e-12
2.07543e+01	4.06621e-12
2.07788e+01	3.78396e-12
2.08033e+01	3.52114e-12
2.08278e+01	3.27642e-12
2.08524e+01	3.04857e-12
2.08769e+01	2.83644e-12
2.09014e+01	2.63894e-12
2.09259e+01	2.45509e-12
2.09504e+01	2.28395e-12
2.09749e+01	2.12464e-12
2.09995e+01	1.97636e-12
2.10240e+01	1.83835e-12
2.10485e+01	1.70991e-12
2.10730e+01	1.59037e-12
2.10975e+01	1.47913e-12
2.11221e+01	1.37562e-12
2.11466e+01	1.27929e-12
2.11711e+01	1.18967e-12
2.11956e+01	1.10627e-12
2.12201e+01	1.02868e-12
2.12446e+01	9.56494e-13
2.12692e+01	8.89336e-13
2.12937e+01	8.26859e-13
2.13182e+01	7.68739e-13
2.13427e+01	7.14675e-13
2.13672e+01	6.64385e-13
2.13917e+01	6.17609e-13
2.14163e+01	5.74102e-13
2.14408e+01	5.33637e-13
2.14653e+01	4.96005e-13
2.14898e+01	4.61007e-13
2.15143e+01	4.28460e-13
2.15389e+01	3.98195e-13
2.15634e+01	3.70053e-13
2.15879e+01	3.43885e-13
2.16124e+01	3.19555e-13
2.16369e+01	2.96934e-13
2.16614e+01	2.75903e-13
2.16860e+01	2.56352e-13
2.17105e+01	2.38176e-13
2.17350e+01	2.21281e-13
2.17595e+01	2.05577e-13
2.17840e+01	1.90980e-13
2.18085e+01	1.77412e-13
2.18331e+01	1.64803e-13
2.18576e+01	1.53085e-13
2.18821e+01	1.42196e-13
2.19066e+01	1.32077e-13
2.19311e+01	1.22674e-13
2.19557e+01	1.13938e-13
2.19802e+01	1.05821e-13
2.20047e+01	9.82800e-14
2.20292e+01	9.12743e-14
2.20537e+01	8.47662e-14
2.20782e+01	7.87208e-14
2.21028e+01	7.31053e-14
2.21273e+01	6.78892e-14
2.21518e+01	6.30441e-14
2.21763e+01	5.85437e-14
2.22008e+01	5.43636e-14
2.22254e+01	5.04810e-14
2.22499e+01	4.68747e-14
2.22744e+01	4.35253e-14
2.22989e+01	4.04143e-14
2.23234e+01	3.75250e-14
2.23479e+01	3.48415e-14
2.23725e+01	3.23493e-14
2.23970e+01	3.00347e-14
2.24215e+01	2.78851e-14
2.24460e+01	2.58888e-14
2.24705e+01	2.40349e-14
2.24950e+01	2.23132e-14
2.25196e+01	2.07144e-14
2.25441e+01	1.92297e-14
2.25686e+01	1.78510e-14
2.25931e+01	1.65708e-14
2.26176e+01	1.53820e-14
2.26422e+01	1.42781e-14
2.26667e+01	1.32532e-14
2.26912e+01	1.23015e-14
2.27157e+01	1.14180e-14
2.27402e+01	1.05976e-14
2.27647e+01	9.83602e-15
2.27893e+01	9.12893e-15
2.28138e+01	8.47250e-15
2.28383e+01	7.86310e-15
2.28628e+01	7.29738e-15
2.28873e+01	6.77222e-15
2.29118e+01	6.28473e-15
2.29364e+01	5.83222e-15
2.29609e+01	5.41218e-15
2.29854e+01	5.02230e-15
2.30099e+01	4.66043e-15
2.30344e+01	4.32456e-15
2.30590e+01	4.01282e-15
2.30835e+01	3.72349e-15
2.31080e+01	3.45496e-15
2.31325e+01	3.20573e-15
2.31570e+01	2.97443e-15
2.31815e+01	2.75976e-15
2.32061e+01	2.56053e-15
2.32306e+01	2.37564e-15
2.32551e+01	2.20404e-15
2.32796e+01	2.04479e-15
2.33041e+01	1.89699e-15
2.33286e+01	1.75983e-15
2.33532e+01	1.63254e-15
2.33777e+01	1.51441e-15
2.34022e+01	1.40477e-15
2.34267e+01	1.30302e-15
2.34512e+01	1.20859e-15
2.34758e+01	1.12095e-15
2.35003e+01	1.03962e-15
2.35248e+01	9.64123e-16
2.35493e+01	8.94054e-16
2.35738e+01	8.29016e-16
2.35983e+01	7.68646e-16
2.36229e+01	7.12604e-16
2.36474e+01	6.60577e-16
2.36719e+01	6.12274e-16
2.36964e+01	5.67423e-16
2.37209e+01	5.25773e-16
2.37455e+01	4.87091e-16
2.37700e+01	4.51158e-16
2.37945e+01	4.17774e-16
2.38190e+01	3.86751e-16
2.38435e+01	3.57915e-16
2.38680e+01	3.31104e-16
2.38926e+01	3.06167e-16
2.39171e+01	2.82965e-16
2.39416e+01	2.61367e-16
2.39661e+01	2.41251e-16
2.39906e+01	2.22506e-16
2.40151e+01	2.05025e-16
2.40397e+01	1.88711e-16
2.40642e+01	1.73472e-16
2.40887e+01	1.59223e-16
2.41132e+01	1.45885e-16
2.41377e+01	1.33382e-16
2.41623e+01	1.21645e-16
2.41868e+01	1.10610e-16
2.42113e+01	1.00215e-16
2.42358e+01	9.04039e-17
2.42603e+01	8.11223e-17
2.42848e+01	7.23203e-17
2.43094e+01	6.39507e-17
2.43339e+01	5.59692e-17
2.43584e+01	4.83346e-17
2.43829e+01	4.10083e-17
2.44074e+01	3.39546e-17
2.44319e+01	2.71404e-17
2.44565e+01	2.05356e-17
2.44810e+01	1.41135e-17
2.45055e+01	7.84953e-18
