# The ell = 0 distribution, the isotropy.
# E_N [Td]	8.50000e+00
# col_1: Electron Energy [eV], col_2: f0 [eV^(-3/2)]
eV	f0
8.36986e-03	5.87650e-01
2.51096e-02	5.87861e-01
4.18493e-02	5.88071e-01
5.85890e-02	5.88282e-01
7.53287e-02	5.88493e-01
9.20684e-02	5.88706e-01
1.08808e-01	5.88919e-01
1.25548e-01	5.89133e-01
1.42288e-01	5.89348e-01
1.59027e-01	5.89564e-01
1.75767e-01	5.89780e-01
1.92507e-01	5.89998e-01
2.09246e-01	5.90216e-01
2.25986e-01	5.90436e-01
2.42726e-01	5.90656e-01
2.59466e-01	5.90879e-01
2.76205e-01	5.91102e-01
2.92945e-01	5.91328e-01
3.09685e-01	5.91555e-01
3.26424e-01	5.91785e-01
3.43164e-01	5.92018e-01
3.59904e-01	5.92253e-01
3.76644e-01	5.92492e-01
3.93383e-01	5.92734e-01
4.10123e-01	5.92980e-01
4.26863e-01	5.93230e-01
4.43602e-01	5.93483e-01
4.60342e-01	5.93740e-01
4.77082e-01	5.94000e-01
4.93822e-01	5.94264e-01
5.10561e-01	5.94530e-01
5.27301e-01	5.94800e-01
5.44041e-01	5.95073e-01
5.60780e-01	5.95346e-01
5.77520e-01	5.95620e-01
5.94260e-01	5.95893e-01
6.11000e-01	5.96165e-01
6.27739e-01	5.96433e-01
6.44479e-01	5.96699e-01
6.61219e-01	5.96958e-01
6.77958e-01	5.97208e-01
6.94698e-01	5.97445e-01
7.11438e-01	5.97664e-01
7.28178e-01	5.97860e-01
7.44917e-01	5.98026e-01
7.61657e-01	5.98159e-01
7.78397e-01	5.98250e-01
7.95136e-01	5.98297e-01
8.11876e-01	5.98296e-01
8.28616e-01	5.98244e-01
8.45355e-01	5.98141e-01
8.62095e-01	5.97987e-01
8.78835e-01	5.97781e-01
8.95575e-01	5.97517e-01
9.12314e-01	5.97189e-01
9.29054e-01	5.96793e-01
9.45794e-01	5.96324e-01
9.62533e-01	5.95770e-01
9.79273e-01	5.95118e-01
9.96013e-01	5.94362e-01
1.01275e+00	5.93497e-01
1.02949e+00	5.92508e-01
1.04623e+00	5.91383e-01
1.06297e+00	5.90112e-01
1.07971e+00	5.88691e-01
1.09645e+00	5.87118e-01
1.11319e+00	5.85388e-01
1.12993e+00	5.83497e-01
1.14667e+00	5.81444e-01
1.16341e+00	5.79230e-01
1.18015e+00	5.76852e-01
1.19689e+00	5.74311e-01
1.21363e+00	5.71606e-01
1.23037e+00	5.68735e-01
1.24711e+00	5.65688e-01
1.26385e+00	5.62456e-01
1.28059e+00	5.59033e-01
1.29733e+00	5.55416e-01
1.31407e+00	5.51602e-01
1.33081e+00	5.47558e-01
1.34755e+00	5.43256e-01
1.36429e+00	5.38673e-01
1.38103e+00	5.33790e-01
1.39777e+00	5.28601e-01
1.41451e+00	5.23127e-01
1.43125e+00	5.17386e-01
1.44799e+00	5.11394e-01
1.46472e+00	5.05167e-01
1.48146e+00	4.98717e-01
1.49820e+00	4.92051e-01
1.51494e+00	4.85174e-01
1.53168e+00	4.78092e-01
1.54842e+00	4.70812e-01
1.56516e+00	4.63283e-01
1.58190e+00	4.55448e-01
1.59864e+00	4.47252e-01
1.61538e+00	4.38654e-01
1.63212e+00	4.29614e-01
1.64886e+00	4.20081e-01
1.66560e+00	4.10039e-01
1.68234e+00	3.99489e-01
1.69908e+00	3.88442e-01
1.71582e+00	3.76909e-01
1.73256e+00	3.64890e-01
1.74930e+00	3.52391e-01
1.76604e+00	3.39469e-01
1.78278e+00	3.26208e-01
1.79952e+00	3.12682e-01
1.81626e+00	2.98960e-01
1.83300e+00	2.85124e-01
1.84974e+00	2.71158e-01
1.86648e+00	2.57108e-01
1.88322e+00	2.43015e-01
1.89996e+00	2.28989e-01
1.91670e+00	2.15161e-01
1.93344e+00	2.01741e-01
1.95018e+00	1.88907e-01
1.96692e+00	1.76754e-01
1.98366e+00	1.65302e-01
2.00040e+00	1.54559e-01
2.01714e+00	1.44532e-01
2.03388e+00	1.35259e-01
2.05061e+00	1.26661e-01
2.06735e+00	1.18657e-01
2.08409e+00	1.11169e-01
2.10083e+00	1.04132e-01
2.11757e+00	9.74781e-02
2.13431e+00	9.11398e-02
2.15105e+00	8.51177e-02
2.16779e+00	7.94374e-02
2.18453e+00	7.40923e-02
2.20127e+00	6.90706e-02
2.21801e+00	6.43661e-02
2.23475e+00	5.99615e-02
2.25149e+00	5.58735e-02
2.26823e+00	5.21171e-02
2.28497e+00	4.86652e-02
2.30171e+00	4.54925e-02
2.31845e+00	4.25686e-02
2.33519e+00	3.98801e-02
2.35193e+00	3.74117e-02
2.36867e+00	3.51101e-02
2.38541e+00	3.29448e-02
2.40215e+00	3.09087e-02
2.41889e+00	2.89964e-02
2.43563e+00	2.71788e-02
2.45237e+00	2.54506e-02
2.46911e+00	2.38127e-02
2.48585e+00	2.22933e-02
2.50259e+00	2.09069e-02
2.51933e+00	1.96422e-02
2.53607e+00	1.84898e-02
2.55281e+00	1.74424e-02
2.56955e+00	1.64877e-02
2.58629e+00	1.56169e-02
2.60303e+00	1.48152e-02
2.61977e+00	1.40590e-02
2.63650e+00	1.33458e-02
2.65324e+00	1.26747e-02
2.66998e+00	1.20437e-02
2.68672e+00	1.14499e-02
2.70346e+00	1.08915e-02
2.72020e+00	1.03673e-02
2.73694e+00	9.88122e-03
2.75368e+00	9.42909e-03
2.77042e+00	9.00481e-03
2.78716e+00	8.60537e-03
2.80390e+00	8.23015e-03
2.82064e+00	7.87754e-03
2.83738e+00	7.54621e-03
2.85412e+00	7.23643e-03
2.87086e+00	6.94545e-03
2.88760e+00	6.67431e-03
2.90434e+00	6.42364e-03
2.92108e+00	6.19119e-03
2.93782e+00	5.97490e-03
2.95456e+00	5.77279e-03
2.97130e+00	5.58312e-03
2.98804e+00	5.40412e-03
3.00478e+00	5.23382e-03
3.02152e+00	5.07101e-03
3.03826e+00	4.91547e-03
3.05500e+00	4.76717e-03
3.07174e+00	4.62612e-03
3.08848e+00	4.49220e-03
3.10522e+00	4.36533e-03
3.12196e+00	4.24514e-03
3.13870e+00	4.13126e-03
3.15544e+00	4.02317e-03
3.17218e+00	3.92026e-03
3.18892e+00	3.82224e-03
3.20565e+00	3.72897e-03
3.22239e+00	3.64026e-03
3.23913e+00	3.55596e-03
3.25587e+00	3.47592e-03
3.27261e+00	3.40002e-03
3.28935e+00	3.32805e-03
3.30609e+00	3.25972e-03
3.32283e+00	3.19476e-03
3.33957e+00	3.13281e-03
3.35631e+00	3.07363e-03
3.37305e+00	3.01698e-03
3.38979e+00	2.96264e-03
3.40653e+00	2.91042e-03
3.42327e+00	2.86015e-03
3.44001e+00	2.81166e-03
3.45675e+00	2.76490e-03
3.47349e+00	2.71980e-03
3.49023e+00	2.67627e-03
3.50697e+00	2.63424e-03
3.52371e+00	2.59361e-03
3.54045e+00	2.55432e-03
3.55719e+00	2.51629e-03
3.57393e+00	2.47949e-03
3.59067e+00	2.44389e-03
3.60741e+00	2.40946e-03
3.62415e+00	2.37616e-03
3.64089e+00	2.34394e-03
3.65763e+00	2.31277e-03
3.67437e+00	2.28262e-03
3.69111e+00	2.25344e-03
3.70785e+00	2.22520e-03
3.72459e+00	2.19786e-03
3.74133e+00	2.17136e-03
3.75807e+00	2.14565e-03
3.77481e+00	2.12069e-03
3.79154e+00	2.09639e-03
3.80828e+00	2.07272e-03
3.82502e+00	2.04961e-03
3.84176e+00	2.02701e-03
3.85850e+00	2.00486e-03
3.87524e+00	1.98311e-03
3.89198e+00	1.96174e-03
3.90872e+00	1.94075e-03
3.92546e+00	1.92011e-03
3.94220e+00	1.89981e-03
3.95894e+00	1.87983e-03
3.97568e+00	1.86017e-03
3.99242e+00	1.84079e-03
4.00916e+00	1.82168e-03
4.02590e+00	1.80282e-03
4.04264e+00	1.78420e-03
4.05938e+00	1.76583e-03
4.07612e+00	1.74771e-03
4.09286e+00	1.72983e-03
4.10960e+00	1.71219e-03
4.12634e+00	1.69481e-03
4.14308e+00	1.67767e-03
4.15982e+00	1.66077e-03
4.17656e+00	1.64412e-03
4.19330e+00	1.62771e-03
4.21004e+00	1.61155e-03
4.22678e+00	1.59562e-03
4.24352e+00	1.57994e-03
4.26026e+00	1.56449e-03
4.27700e+00	1.54929e-03
4.29374e+00	1.53432e-03
4.31048e+00	1.51960e-03
4.32722e+00	1.50511e-03
4.34396e+00	1.49088e-03
4.36070e+00	1.47688e-03
4.37743e+00	1.46313e-03
4.39417e+00	1.44963e-03
4.41091e+00	1.43638e-03
4.42765e+00	1.42337e-03
4.44439e+00	1.41060e-03
4.46113e+00	1.39808e-03
4.47787e+00	1.38580e-03
4.49461e+00	1.37376e-03
4.51135e+00	1.36196e-03
4.52809e+00	1.35040e-03
4.54483e+00	1.33908e-03
4.56157e+00	1.32799e-03
4.57831e+00	1.31713e-03
4.59505e+00	1.30649e-03
4.61179e+00	1.29607e-03
4.62853e+00	1.28587e-03
4.64527e+00	1.27587e-03
4.66201e+00	1.26607e-03
4.67875e+00	1.25646e-03
4.69549e+00	1.24703e-03
4.71223e+00	1.23778e-03
4.72897e+00	1.22869e-03
4.74571e+00	1.21976e-03
4.76245e+00	1.21099e-03
4.77919e+00	1.20235e-03
4.79593e+00	1.19386e-03
4.81267e+00	1.18550e-03
4.82941e+00	1.17727e-03
4.84615e+00	1.16915e-03
4.86289e+00	1.16114e-03
4.87963e+00	1.15323e-03
4.89637e+00	1.14541e-03
4.91311e+00	1.13766e-03
4.92985e+00	1.12998e-03
4.94659e+00	1.12237e-03
4.96332e+00	1.11482e-03
4.98006e+00	1.10731e-03
4.99680e+00	1.09986e-03
5.01354e+00	1.09246e-03
5.03028e+00	1.08510e-03
5.04702e+00	1.07777e-03
5.06376e+00	1.07049e-03
5.08050e+00	1.06323e-03
5.09724e+00	1.05601e-03
5.11398e+00	1.04881e-03
5.13072e+00	1.04164e-03
5.14746e+00	1.03449e-03
5.16420e+00	1.02737e-03
5.18094e+00	1.02028e-03
5.19768e+00	1.01321e-03
5.21442e+00	1.00618e-03
5.23116e+00	9.99167e-04
5.24790e+00	9.92188e-04
5.26464e+00	9.85237e-04
5.28138e+00	9.78315e-04
5.29812e+00	9.71422e-04
5.31486e+00	9.64558e-04
5.33160e+00	9.57723e-04
5.34834e+00	9.50916e-04
5.36508e+00	9.44138e-04
5.38182e+00	9.37389e-04
5.39856e+00	9.30668e-04
5.41530e+00	9.23976e-04
5.43204e+00	9.17312e-04
5.44878e+00	9.10677e-04
5.46552e+00	9.04070e-04
5.48226e+00	8.97491e-04
5.49900e+00	8.90940e-04
5.51574e+00	8.84417e-04
5.53248e+00	8.77923e-04
5.54921e+00	8.71456e-04
5.56595e+00	8.65017e-04
5.58269e+00	8.58605e-04
5.59943e+00	8.52222e-04
5.61617e+00	8.45865e-04
5.63291e+00	8.39536e-04
5.64965e+00	8.33235e-04
5.66639e+00	8.26960e-04
5.68313e+00	8.20713e-04
5.69987e+00	8.14492e-04
5.71661e+00	8.08299e-04
5.73335e+00	8.02132e-04
5.75009e+00	7.95992e-04
5.76683e+00	7.89879e-04
5.78357e+00	7.83792e-04
5.80031e+00	7.77732e-04
5.81705e+00	7.71697e-04
5.83379e+00	7.65689e-04
5.85053e+00	7.59707e-04
5.86727e+00	7.53750e-04
5.88401e+00	7.47819e-04
5.90075e+00	7.41914e-04
5.91749e+00	7.36035e-04
5.93423e+00	7.30180e-04
5.95097e+00	7.24351e-04
5.96771e+00	7.18548e-04
5.98445e+00	7.12769e-04
6.00119e+00	7.07016e-04
6.01793e+00	7.01287e-04
6.03467e+00	6.95583e-04
6.05141e+00	6.89903e-04
6.06815e+00	6.84249e-04
6.08489e+00	6.78619e-04
6.10163e+00	6.73015e-04
6.11836e+00	6.67435e-04
6.13510e+00	6.61880e-04
6.15184e+00	6.56348e-04
6.16858e+00	6.50842e-04
6.18532e+00	6.45359e-04
6.20206e+00	6.39900e-04
6.21880e+00	6.34465e-04
6.23554e+00	6.29053e-04
6.25228e+00	6.23665e-04
6.26902e+00	6.18300e-04
6.28576e+00	6.12959e-04
6.30250e+00	6.07640e-04
6.31924e+00	6.02344e-04
6.33598e+00	5.97071e-04
6.35272e+00	5.91820e-04
6.36946e+00	5.86592e-04
6.38620e+00	5.81386e-04
6.40294e+00	5.76202e-04
6.41968e+00	5.71041e-04
6.43642e+00	5.65901e-04
6.45316e+00	5.60782e-04
6.46990e+00	5.55686e-04
6.48664e+00	5.50610e-04
6.50338e+00	5.45556e-04
6.52012e+00	5.40523e-04
6.53686e+00	5.35511e-04
6.55360e+00	5.30519e-04
6.57034e+00	5.25548e-04
6.58708e+00	5.20598e-04
6.60382e+00	5.15667e-04
6.62056e+00	5.10757e-04
6.63730e+00	5.05867e-04
6.65404e+00	5.00996e-04
6.67078e+00	4.96145e-04
6.68752e+00	4.91314e-04
6.70425e+00	4.86501e-04
6.72099e+00	4.81708e-04
6.73773e+00	4.76934e-04
6.75447e+00	4.72178e-04
6.77121e+00	4.67441e-04
6.78795e+00	4.62723e-04
6.80469e+00	4.58023e-04
6.82143e+00	4.53343e-04
6.83817e+00	4.48681e-04
6.85491e+00	4.44038e-04
6.87165e+00	4.39413e-04
6.88839e+00	4.34807e-04
6.90513e+00	4.30220e-04
6.92187e+00	4.25651e-04
6.93861e+00	4.21101e-04
6.95535e+00	4.16569e-04
6.97209e+00	4.12057e-04
6.98883e+00	4.07565e-04
7.00557e+00	4.03092e-04
7.02231e+00	3.98639e-04
7.03905e+00	3.94205e-04
7.05579e+00	3.89790e-04
7.07253e+00	3.85393e-04
7.08927e+00	3.81016e-04
7.10601e+00	3.76658e-04
7.12275e+00	3.72320e-04
7.13949e+00	3.68001e-04
7.15623e+00	3.63701e-04
7.17297e+00	3.59420e-04
7.18971e+00	3.55158e-04
7.20645e+00	3.50915e-04
7.22319e+00	3.46690e-04
7.23993e+00	3.42484e-04
7.25667e+00	3.38296e-04
7.27341e+00	3.34127e-04
7.29014e+00	3.29975e-04
7.30688e+00	3.25841e-04
7.32362e+00	3.21724e-04
7.34036e+00	3.17624e-04
7.35710e+00	3.13541e-04
7.37384e+00	3.09474e-04
7.39058e+00	3.05424e-04
7.40732e+00	3.01392e-04
7.42406e+00	2.97376e-04
7.44080e+00	2.93378e-04
7.45754e+00	2.89397e-04
7.47428e+00	2.85434e-04
7.49102e+00	2.81489e-04
7.50776e+00	2.77562e-04
7.52450e+00	2.73653e-04
7.54124e+00	2.69762e-04
7.55798e+00	2.65890e-04
7.57472e+00	2.62036e-04
7.59146e+00	2.58201e-04
7.60820e+00	2.54385e-04
7.62494e+00	2.50587e-04
7.64168e+00	2.46809e-04
7.65842e+00	2.43050e-04
7.67516e+00	2.39310e-04
7.69190e+00	2.35590e-04
7.70864e+00	2.31889e-04
7.72538e+00	2.28208e-04
7.74212e+00	2.24546e-04
7.75886e+00	2.20904e-04
7.77560e+00	2.17281e-04
7.79234e+00	2.13679e-04
7.80908e+00	2.10097e-04
7.82582e+00	2.06538e-04
7.84256e+00	2.03000e-04
7.85930e+00	1.99486e-04
7.87603e+00	1.95996e-04
7.89277e+00	1.92530e-04
7.90951e+00	1.89090e-04
7.92625e+00	1.85675e-04
7.94299e+00	1.82287e-04
7.95973e+00	1.78926e-04
7.97647e+00	1.75592e-04
7.99321e+00	1.72287e-04
8.00995e+00	1.69009e-04
8.02669e+00	1.65761e-04
8.04343e+00	1.62543e-04
8.06017e+00	1.59355e-04
8.07691e+00	1.56197e-04
8.09365e+00	1.53071e-04
8.11039e+00	1.49976e-04
8.12713e+00	1.46913e-04
8.14387e+00	1.43883e-04
8.16061e+00	1.40886e-04
8.17735e+00	1.37922e-04
8.19409e+00	1.34991e-04
8.21083e+00	1.32093e-04
8.22757e+00	1.29230e-04
8.24431e+00	1.26400e-04
8.26105e+00	1.23605e-04
8.27779e+00	1.20846e-04
8.29453e+00	1.18121e-04
8.31127e+00	1.15433e-04
8.32801e+00	1.12780e-04
8.34475e+00	1.10165e-04
8.36149e+00	1.07586e-04
8.37823e+00	1.05045e-04
8.39497e+00	1.02541e-04
8.41171e+00	1.00076e-04
8.42845e+00	9.76490e-05
8.44519e+00	9.52603e-05
8.46192e+00	9.29100e-05
8.47866e+00	9.05985e-05
8.49540e+00	8.83267e-05
8.51214e+00	8.60950e-05
8.52888e+00	8.39036e-05
8.54562e+00	8.17526e-05
8.56236e+00	7.96419e-05
8.57910e+00	7.75714e-05
8.59584e+00	7.55408e-05
8.61258e+00	7.35499e-05
8.62932e+00	7.15984e-05
8.64606e+00	6.96862e-05
8.66280e+00	6.78129e-05
8.67954e+00	6.59783e-05
8.69628e+00	6.41821e-05
8.71302e+00	6.24239e-05
8.72976e+00	6.07035e-05
8.74650e+00	5.90204e-05
8.76324e+00	5.73744e-05
8.77998e+00	5.57650e-05
8.79672e+00	5.41919e-05
8.81346e+00	5.26547e-05
8.83020e+00	5.11531e-05
8.84694e+00	4.96865e-05
8.86368e+00	4.82546e-05
8.88042e+00	4.68570e-05
8.89716e+00	4.54933e-05
8.91390e+00	4.41629e-05
8.93064e+00	4.28655e-05
8.94738e+00	4.16006e-05
8.96412e+00	4.03678e-05
8.98086e+00	3.91668e-05
8.99760e+00	3.79971e-05
9.01434e+00	3.68582e-05
9.03107e+00	3.57494e-05
9.04781e+00	3.46701e-05
9.06455e+00	3.36197e-05
9.08129e+00	3.25974e-05
9.09803e+00	3.16028e-05
9.11477e+00	3.06350e-05
9.13151e+00	2.96935e-05
9.14825e+00	2.87777e-05
9.16499e+00	2.78870e-05
9.18173e+00	2.70209e-05
9.19847e+00	2.61786e-05
9.21521e+00	2.53598e-05
9.23195e+00	2.45637e-05
9.24869e+00	2.37900e-05
9.26543e+00	2.30380e-05
9.28217e+00	2.23072e-05
9.29891e+00	2.15972e-05
9.31565e+00	2.09073e-05
9.33239e+00	2.02372e-05
9.34913e+00	1.95864e-05
9.36587e+00	1.89542e-05
9.38261e+00	1.83404e-05
9.39935e+00	1.77445e-05
9.41609e+00	1.71659e-05
9.43283e+00	1.66042e-05
9.44957e+00	1.60591e-05
9.46631e+00	1.55301e-05
9.48305e+00	1.50167e-05
9.49979e+00	1.45186e-05
9.51653e+00	1.40354e-05
9.53327e+00	1.35666e-05
9.55001e+00	1.31119e-05
9.56675e+00	1.26710e-05
9.58349e+00	1.22434e-05
9.60023e+00	1.18287e-05
9.61696e+00	1.14268e-05
9.63370e+00	1.10372e-05
9.65044e+00	1.06595e-05
9.66718e+00	1.02936e-05
9.68392e+00	9.93903e-06
9.70066e+00	9.59556e-06
9.71740e+00	9.26289e-06
9.73414e+00	8.94073e-06
9.75088e+00	8.62879e-06
9.76762e+00	8.32680e-06
9.78436e+00	8.03449e-06
9.80110e+00	7.75159e-06
9.81784e+00	7.47784e-06
9.83458e+00	7.21299e-06
9.85132e+00	6.95680e-06
9.86806e+00	6.70902e-06
9.88480e+00	6.46941e-06
9.90154e+00	6.23775e-06
9.91828e+00	6.01380e-06
9.93502e+00	5.79735e-06
9.95176e+00	5.58819e-06
9.96850e+00	5.38610e-06
9.98524e+00	5.19088e-06
1.00020e+01	5.00235e-06
1.00187e+01	4.82024e-06
1.00355e+01	4.64437e-06
1.00522e+01	4.47473e-06
1.00689e+01	4.31108e-06
1.00857e+01	4.15320e-06
1.01024e+01	4.00090e-06
1.01192e+01	3.85400e-06
1.01359e+01	3.71230e-06
1.01526e+01	3.57563e-06
1.01694e+01	3.44381e-06
1.01861e+01	3.31667e-06
1.02029e+01	3.19406e-06
1.02196e+01	3.07581e-06
1.02363e+01	2.96179e-06
1.02531e+01	2.85183e-06
1.02698e+01	2.74581e-06
1.02866e+01	2.64358e-06
1.03033e+01	2.54501e-06
1.03200e+01	2.44999e-06
1.03368e+01	2.35838e-06
1.03535e+01	2.27006e-06
1.03703e+01	2.18492e-06
1.03870e+01	2.10286e-06
1.04037e+01	2.02375e-06
1.04205e+01	1.94751e-06
1.04372e+01	1.87402e-06
1.04540e+01	1.80319e-06
1.04707e+01	1.73494e-06
1.04874e+01	1.66916e-06
1.05042e+01	1.60577e-06
1.05209e+01	1.54468e-06
1.05376e+01	1.48582e-06
1.05544e+01	1.42910e-06
1.05711e+01	1.37445e-06
1.05879e+01	1.32180e-06
1.06046e+01	1.27107e-06
1.06213e+01	1.22219e-06
1.06381e+01	1.17515e-06
1.06548e+01	1.12987e-06
1.06716e+01	1.08628e-06
1.06883e+01	1.04434e-06
1.07050e+01	1.00396e-06
1.07218e+01	9.65109e-07
1.07385e+01	9.27716e-07
1.07553e+01	8.91731e-07
1.07720e+01	8.57102e-07
1.07887e+01	8.23778e-07
1.08055e+01	7.91712e-07
1.08222e+01	7.60856e-07
1.08390e+01	7.31166e-07
1.08557e+01	7.02599e-07
1.08724e+01	6.75113e-07
1.08892e+01	6.48667e-07
1.09059e+01	6.23222e-07
1.09227e+01	5.98742e-07
1.09394e+01	5.75190e-07
1.09561e+01	5.52532e-07
1.09729e+01	5.30733e-07
1.09896e+01	5.09761e-07
1.10064e+01	4.89586e-07
1.10231e+01	4.70176e-07
1.10398e+01	4.51504e-07
1.10566e+01	4.33542e-07
1.10733e+01	4.16261e-07
1.10901e+01	3.99636e-07
1.11068e+01	3.83643e-07
1.11235e+01	3.68256e-07
1.11403e+01	3.53453e-07
1.11570e+01	3.39210e-07
1.11738e+01	3.25507e-07
1.11905e+01	3.12322e-07
1.12072e+01	2.99635e-07
1.12240e+01	2.87428e-07
1.12407e+01	2.75682e-07
1.12575e+01	2.64381e-07
1.12742e+01	2.53507e-07
1.12909e+01	2.43045e-07
1.13077e+01	2.32978e-07
1.13244e+01	2.23292e-07
1.13412e+01	2.13972e-07
1.13579e+01	2.05003e-07
1.13746e+01	1.96373e-07
1.13914e+01	1.88069e-07
1.14081e+01	1.80076e-07
1.14249e+01	1.72384e-07
1.14416e+01	1.64981e-07
1.14583e+01	1.57854e-07
1.14751e+01	1.50993e-07
1.14918e+01	1.44388e-07
1.15086e+01	1.38028e-07
1.15253e+01	1.31902e-07
1.15420e+01	1.26000e-07
1.15588e+01	1.20313e-07
1.15755e+01	1.14833e-07
1.15923e+01	1.09557e-07
1.16090e+01	1.04481e-07
1.16257e+01	9.95996e-08
1.16425e+01	9.49092e-08
1.16592e+01	9.04163e-08
1.16759e+01	8.61257e-08
1.16927e+01	8.20279e-08
1.17094e+01	7.81111e-08
1.17262e+01	7.43628e-08
1.17429e+01	7.07716e-08
1.17596e+01	6.73295e-08
1.17764e+01	6.40324e-08
1.17931e+01	6.08760e-08
1.18099e+01	5.78538e-08
1.18266e+01	5.49592e-08
1.18433e+01	5.21880e-08
1.18601e+01	4.95586e-08
1.18768e+01	4.70635e-08
1.18936e+01	4.46860e-08
1.19103e+01	4.24236e-08
1.19270e+01	4.02779e-08
1.19438e+01	3.82403e-08
1.19605e+01	3.63034e-08
1.19773e+01	3.44609e-08
1.19940e+01	3.27075e-08
1.20107e+01	3.10384e-08
1.20275e+01	2.94495e-08
1.20442e+01	2.79370e-08
1.20610e+01	2.64973e-08
1.20777e+01	2.51270e-08
1.20944e+01	2.38228e-08
1.21112e+01	2.25816e-08
1.21279e+01	2.14004e-08
1.21447e+01	2.02767e-08
1.21614e+01	1.92076e-08
1.21781e+01	1.81909e-08
1.21949e+01	1.72239e-08
1.22116e+01	1.63044e-08
1.22284e+01	1.54304e-08
1.22451e+01	1.45997e-08
1.22618e+01	1.38106e-08
1.22786e+01	1.30612e-08
1.22953e+01	1.23498e-08
1.23121e+01	1.16747e-08
1.23288e+01	1.10342e-08
1.23455e+01	1.04265e-08
1.23623e+01	9.85024e-09
1.23790e+01	9.30372e-09
1.23958e+01	8.78555e-09
1.24125e+01	8.29431e-09
1.24292e+01	7.82874e-09
1.24460e+01	7.38762e-09
1.24627e+01	6.96978e-09
1.24795e+01	6.57411e-09
1.24962e+01	6.19953e-09
1.25129e+01	5.84502e-09
1.25297e+01	5.50962e-09
1.25464e+01	5.19242e-09
1.25632e+01	4.89250e-09
1.25799e+01	4.60911e-09
1.25966e+01	4.34156e-09
1.26134e+01	4.08903e-09
1.26301e+01	3.85076e-09
1.26469e+01	3.62599e-09
1.26636e+01	3.41402e-09
1.26803e+01	3.21417e-09
1.26971e+01	3.02580e-09
1.27138e+01	2.84828e-09
1.27306e+01	2.68103e-09
1.27473e+01	2.52348e-09
1.27640e+01	2.37507e-09
1.27808e+01	2.23530e-09
1.27975e+01	2.10369e-09
1.28143e+01	1.97979e-09
1.28310e+01	1.86314e-09
1.28477e+01	1.75331e-09
1.28645e+01	1.64987e-09
1.28812e+01	1.55237e-09
1.28979e+01	1.46040e-09
1.29147e+01	1.37364e-09
1.29314e+01	1.29190e-09
1.29482e+01	1.21490e-09
1.29649e+01	1.14224e-09
1.29816e+01	1.07353e-09
1.29984e+01	1.00856e-09
1.30151e+01	9.47124e-10
1.30319e+01	8.89366e-10
1.30486e+01	8.35529e-10
1.30653e+01	7.85655e-10
1.30821e+01	7.39267e-10
1.30988e+01	6.95898e-10
1.31156e+01	6.55173e-10
1.31323e+01	6.16785e-10
1.31490e+01	5.80493e-10
1.31658e+01	5.46220e-10
1.31825e+01	5.13914e-10
1.31993e+01	4.83560e-10
1.32160e+01	4.55123e-10
1.32327e+01	4.28443e-10
1.32495e+01	4.03338e-10
1.32662e+01	3.79690e-10
1.32830e+01	3.57399e-10
1.32997e+01	3.36371e-10
1.33164e+01	3.16521e-10
1.33332e+01	2.97773e-10
1.33499e+01	2.80061e-10
1.33667e+01	2.63324e-10
1.33834e+01	2.47509e-10
1.34001e+01	2.32569e-10
1.34169e+01	2.18461e-10
1.34336e+01	2.05144e-10
1.34504e+01	1.92582e-10
1.34671e+01	1.80744e-10
1.34838e+01	1.69602e-10
1.35006e+01	1.59116e-10
1.35173e+01	1.49243e-10
1.35341e+01	1.39947e-10
1.35508e+01	1.31198e-10
1.35675e+01	1.22965e-10
1.35843e+01	1.15220e-10
1.36010e+01	1.07936e-10
1.36178e+01	1.01088e-10
1.36345e+01	9.46508e-11
1.36512e+01	8.86015e-11
1.36680e+01	8.29178e-11
1.36847e+01	7.75788e-11
1.37015e+01	7.25648e-11
1.37182e+01	6.78569e-11
1.37349e+01	6.34375e-11
1.37517e+01	5.92897e-11
1.37684e+01	5.53976e-11
1.37852e+01	5.17462e-11
1.38019e+01	4.83213e-11
1.38186e+01	4.51095e-11
1.38354e+01	4.20981e-11
1.38521e+01	3.92753e-11
1.38689e+01	3.66298e-11
1.38856e+01	3.41509e-11
1.39023e+01	3.18290e-11
1.39191e+01	2.96550e-11
1.39358e+01	2.76201e-11
1.39526e+01	2.57162e-11
1.39693e+01	2.39355e-11
1.39860e+01	2.22706e-11
1.40028e+01	2.07145e-11
1.40195e+01	1.92607e-11
1.40362e+01	1.79030e-11
1.40530e+01	1.66355e-11
1.40697e+01	1.54526e-11
1.40865e+01	1.43491e-11
1.41032e+01	1.33199e-11
1.41199e+01	1.23605e-11
1.41367e+01	1.14663e-11
1.41534e+01	1.06333e-11
1.41702e+01	9.85741e-12
1.41869e+01	9.13503e-12
1.42036e+01	8.46266e-12
1.42204e+01	7.83701e-12
1.42371e+01	7.25504e-12
1.42539e+01	6.71390e-12
1.42706e+01	6.21095e-12
1.42873e+01	5.74367e-12
1.43041e+01	5.30971e-12
1.43208e+01	4.90687e-12
1.43376e+01	4.53305e-12
1.43543e+01	4.18630e-12
1.43710e+01	3.86478e-12
1.43878e+01	3.56677e-12
1.44045e+01	3.29065e-12
1.44213e+01	3.03492e-12
1.44380e+01	2.79815e-12
1.44547e+01	2.57903e-12
1.44715e+01	2.37631e-12
1.44882e+01	2.18884e-12
1.45050e+01	2.01552e-12
1.45217e+01	1.85535e-12
1.45384e+01	1.70739e-12
1.45552e+01	1.57074e-12
1.45719e+01	1.44459e-12
1.45887e+01	1.32817e-12
1.46054e+01	1.22076e-12
1.46221e+01	1.12170e-12
1.46389e+01	1.03038e-12
1.46556e+01	9.46211e-13
1.46724e+01	8.68664e-13
1.46891e+01	7.97239e-13
1.47058e+01	7.31476e-13
1.47226e+01	6.70946e-13
1.47393e+01	6.15248e-13
1.47561e+01	5.64015e-13
1.47728e+01	5.16903e-13
1.47895e+01	4.73594e-13
1.48063e+01	4.33794e-13
1.48230e+01	3.97231e-13
1.48398e+01	3.63652e-13
1.48565e+01	3.32824e-13
1.48732e+01	3.04530e-13
1.48900e+01	2.78569e-13
1.49067e+01	2.54759e-13
1.49235e+01	2.32926e-13
1.49402e+01	2.12915e-13
1.49569e+01	1.94578e-13
1.49737e+01	1.77782e-13
1.49904e+01	1.62402e-13
1.50072e+01	1.48324e-13
1.50239e+01	1.35442e-13
1.50406e+01	1.23656e-13
1.50574e+01	1.12875e-13
1.50741e+01	1.03016e-13
1.50909e+01	9.40006e-14
1.51076e+01	8.57587e-14
1.51243e+01	7.82252e-14
1.51411e+01	7.13405e-14
1.51578e+01	6.50500e-14
1.51745e+01	5.93035e-14
1.51913e+01	5.40549e-14
1.52080e+01	4.92620e-14
1.52248e+01	4.48860e-14
1.52415e+01	4.08915e-14
1.52582e+01	3.72458e-14
1.52750e+01	3.39191e-14
1.52917e+01	3.08841e-14
1.53085e+01	2.81157e-14
1.53252e+01	2.55909e-14
1.53419e+01	2.32888e-14
1.53587e+01	2.11900e-14
1.53754e+01	1.92770e-14
1.53922e+01	1.75336e-14
1.54089e+01	1.59451e-14
1.54256e+01	1.44979e-14
1.54424e+01	1.31798e-14
1.54591e+01	1.19795e-14
1.54759e+01	1.08865e-14
1.54926e+01	9.89153e-15
1.55093e+01	8.98588e-15
1.55261e+01	8.16169e-15
1.55428e+01	7.41175e-15
1.55596e+01	6.72949e-15
1.55763e+01	6.10890e-15
1.55930e+01	5.54449e-15
1.56098e+01	5.03125e-15
1.56265e+01	4.56462e-15
1.56433e+01	4.14045e-15
1.56600e+01	3.75491e-15
1.56767e+01	3.40455e-15
1.56935e+01	3.08619e-15
1.57102e+01	2.79695e-15
1.57270e+01	2.53419e-15
1.57437e+01	2.29550e-15
1.57604e+01	2.07869e-15
1.57772e+01	1.88172e-15
1.57939e+01	1.70286e-15
1.58107e+01	1.54051e-15
1.58274e+01	1.39321e-15
1.58441e+01	1.25960e-15
1.58609e+01	1.13846e-15
1.58776e+01	1.02866e-15
1.58944e+01	9.29182e-16
1.59111e+01	8.39081e-16
1.59278e+01	7.57501e-16
1.59446e+01	6.83661e-16
1.59613e+01	6.16851e-16
1.59781e+01	5.56424e-16
1.59948e+01	5.01788e-16
1.60115e+01	4.52404e-16
1.60283e+01	4.07782e-16
1.60450e+01	3.67472e-16
1.60618e+01	3.31067e-16
1.60785e+01	2.98196e-16
1.60952e+01	2.68523e-16
1.61120e+01	2.41743e-16
1.61287e+01	2.17579e-16
1.61455e+01	1.95782e-16
1.61622e+01	1.76124e-16
1.61789e+01	1.58398e-16
1.61957e+01	1.42420e-16
1.62124e+01	1.28018e-16
1.62292e+01	1.15040e-16
1.62459e+01	1.03348e-16
1.62626e+01	9.28162e-17
1.62794e+01	8.33308e-17
1.62961e+01	7.47892e-17
1.63129e+01	6.70983e-17
1.63296e+01	6.01740e-17
1.63463e+01	5.39403e-17
1.63631e+01	4.83286e-17
1.63798e+01	4.32763e-17
1.63965e+01	3.87276e-17
1.64133e+01	3.46313e-17
1.64300e+01	3.09415e-17
1.64468e+01	2.76166e-17
1.64635e+01	2.46190e-17
1.64802e+01	2.19146e-17
1.64970e+01	1.94724e-17
1.65137e+01	1.72644e-17
1.65305e+01	1.52651e-17
1.65472e+01	1.34515e-17
1.65639e+01	1.18025e-17
1.65807e+01	1.02991e-17
1.65974e+01	8.92364e-18
1.66142e+01	7.66020e-18
1.66309e+01	6.49406e-18
1.66476e+01	5.41181e-18
1.66644e+01	4.40115e-18
1.66811e+01	3.45100e-18
1.66979e+01	2.55153e-18
1.67146e+01	1.69453e-18
1.67313e+01	8.73299e-19
