# The ell = 0 distribution, the isotropy.
# E_N [Td]	1.20000e+01
# col_1: Electron Energy [eV], col_2: f0 [eV^(-3/2)]
eV	f0
9.44075e-03	4.87991e-01
2.83222e-02	4.88432e-01
4.72037e-02	4.88872e-01
6.60852e-02	4.89313e-01
8.49667e-02	4.89756e-01
1.03848e-01	4.90199e-01
1.22730e-01	4.90643e-01
1.41611e-01	4.91088e-01
1.60493e-01	4.91534e-01
1.79374e-01	4.91981e-01
1.98256e-01	4.92428e-01
2.17137e-01	4.92877e-01
2.36019e-01	4.93327e-01
2.54900e-01	4.93778e-01
2.73782e-01	4.94231e-01
2.92663e-01	4.94685e-01
3.11545e-01	4.95142e-01
3.30426e-01	4.95600e-01
3.49308e-01	4.96061e-01
3.68189e-01	4.96524e-01
3.87071e-01	4.96991e-01
4.05952e-01	4.97460e-01
4.24834e-01	4.97931e-01
4.43715e-01	4.98404e-01
4.62597e-01	4.98879e-01
4.81478e-01	4.99355e-01
5.00360e-01	4.99833e-01
5.19241e-01	5.00310e-01
5.38123e-01	5.00787e-01
5.57004e-01	5.01261e-01
5.75886e-01	5.01732e-01
5.94767e-01	5.02196e-01
6.13649e-01	5.02653e-01
6.32530e-01	5.03101e-01
6.51412e-01	5.03536e-01
6.70293e-01	5.03954e-01
6.89175e-01	5.04350e-01
7.08056e-01	5.04719e-01
7.26938e-01	5.05054e-01
7.45819e-01	5.05349e-01
7.64701e-01	5.05601e-01
7.83582e-01	5.05804e-01
8.02463e-01	5.05955e-01
8.21345e-01	5.06052e-01
8.40226e-01	5.06092e-01
8.59108e-01	5.06076e-01
8.77989e-01	5.06002e-01
8.96871e-01	5.05865e-01
9.15752e-01	5.05658e-01
9.34634e-01	5.05377e-01
9.53515e-01	5.05014e-01
9.72397e-01	5.04558e-01
9.91278e-01	5.03998e-01
1.01016e+00	5.03327e-01
1.02904e+00	5.02543e-01
1.04792e+00	5.01632e-01
1.06680e+00	5.00585e-01
1.08569e+00	4.99397e-01
1.10457e+00	4.98068e-01
1.12345e+00	4.96596e-01
1.14233e+00	4.94979e-01
1.16121e+00	4.93217e-01
1.18009e+00	4.91308e-01
1.19897e+00	4.89251e-01
1.21786e+00	4.87047e-01
1.23674e+00	4.84689e-01
1.25562e+00	4.82168e-01
1.27450e+00	4.79478e-01
1.29338e+00	4.76614e-01
1.31226e+00	4.73571e-01
1.33115e+00	4.70332e-01
1.35003e+00	4.66874e-01
1.36891e+00	4.63179e-01
1.38779e+00	4.59230e-01
1.40667e+00	4.55027e-01
1.42555e+00	4.50586e-01
1.44443e+00	4.45920e-01
1.46332e+00	4.41044e-01
1.48220e+00	4.35966e-01
1.50108e+00	4.30694e-01
1.51996e+00	4.25235e-01
1.53884e+00	4.19592e-01
1.55772e+00	4.13755e-01
1.57660e+00	4.07676e-01
1.59549e+00	4.01311e-01
1.61437e+00	3.94623e-01
1.63325e+00	3.87577e-01
1.65213e+00	3.80121e-01
1.67101e+00	3.72236e-01
1.68989e+00	3.63912e-01
1.70878e+00	3.55149e-01
1.72766e+00	3.45943e-01
1.74654e+00	3.36268e-01
1.76542e+00	3.26162e-01
1.78430e+00	3.15685e-01
1.80318e+00	3.04896e-01
1.82206e+00	2.93852e-01
1.84095e+00	2.82617e-01
1.85983e+00	2.71159e-01
1.87871e+00	2.59512e-01
1.89759e+00	2.47726e-01
1.91647e+00	2.35912e-01
1.93535e+00	2.24263e-01
1.95423e+00	2.12961e-01
1.97312e+00	2.02113e-01
1.99200e+00	1.91751e-01
2.01088e+00	1.81900e-01
2.02976e+00	1.72636e-01
2.04864e+00	1.63913e-01
2.06752e+00	1.55686e-01
2.08641e+00	1.47893e-01
2.10529e+00	1.40485e-01
2.12417e+00	1.33377e-01
2.14305e+00	1.26538e-01
2.16193e+00	1.19986e-01
2.18081e+00	1.13740e-01
2.19969e+00	1.07794e-01
2.21858e+00	1.02148e-01
2.23746e+00	9.67915e-02
2.25634e+00	9.17732e-02
2.27522e+00	8.71095e-02
2.29410e+00	8.27761e-02
2.31298e+00	7.87401e-02
2.33186e+00	7.49830e-02
2.35075e+00	7.14909e-02
2.36963e+00	6.81964e-02
2.38851e+00	6.50504e-02
2.40739e+00	6.20541e-02
2.42627e+00	5.91944e-02
2.44515e+00	5.64366e-02
2.46403e+00	5.37860e-02
2.48292e+00	5.12766e-02
2.50180e+00	4.89642e-02
2.52068e+00	4.68364e-02
2.53956e+00	4.48811e-02
2.55844e+00	4.30868e-02
2.57732e+00	4.14352e-02
2.59621e+00	3.99146e-02
2.61509e+00	3.84687e-02
2.63397e+00	3.70880e-02
2.65285e+00	3.57714e-02
2.67173e+00	3.45187e-02
2.69061e+00	3.33261e-02
2.70949e+00	3.21918e-02
2.72838e+00	3.11197e-02
2.74726e+00	3.01188e-02
2.76614e+00	2.91764e-02
2.78502e+00	2.82822e-02
2.80390e+00	2.74356e-02
2.82278e+00	2.66342e-02
2.84166e+00	2.58763e-02
2.86055e+00	2.51616e-02
2.87943e+00	2.44864e-02
2.89831e+00	2.38567e-02
2.91719e+00	2.32695e-02
2.93607e+00	2.27198e-02
2.95495e+00	2.22030e-02
2.97384e+00	2.17146e-02
2.99272e+00	2.12500e-02
3.01160e+00	2.08043e-02
3.03048e+00	2.03752e-02
3.04936e+00	1.99628e-02
3.06824e+00	1.95676e-02
3.08712e+00	1.91898e-02
3.10601e+00	1.88295e-02
3.12489e+00	1.84862e-02
3.14377e+00	1.81590e-02
3.16265e+00	1.78466e-02
3.18153e+00	1.75474e-02
3.20041e+00	1.72611e-02
3.21929e+00	1.69873e-02
3.23818e+00	1.67259e-02
3.25706e+00	1.64764e-02
3.27594e+00	1.62388e-02
3.29482e+00	1.60123e-02
3.31370e+00	1.57961e-02
3.33258e+00	1.55894e-02
3.35147e+00	1.53910e-02
3.37035e+00	1.52003e-02
3.38923e+00	1.50164e-02
3.40811e+00	1.48388e-02
3.42699e+00	1.46669e-02
3.44587e+00	1.45002e-02
3.46475e+00	1.43385e-02
3.48364e+00	1.41817e-02
3.50252e+00	1.40294e-02
3.52140e+00	1.38815e-02
3.54028e+00	1.37377e-02
3.55916e+00	1.35979e-02
3.57804e+00	1.34619e-02
3.59692e+00	1.33297e-02
3.61581e+00	1.32012e-02
3.63469e+00	1.30764e-02
3.65357e+00	1.29550e-02
3.67245e+00	1.28369e-02
3.69133e+00	1.27222e-02
3.71021e+00	1.26106e-02
3.72910e+00	1.25020e-02
3.74798e+00	1.23962e-02
3.76686e+00	1.22930e-02
3.78574e+00	1.21923e-02
3.80462e+00	1.20936e-02
3.82350e+00	1.19969e-02
3.84238e+00	1.19019e-02
3.86127e+00	1.18083e-02
3.88015e+00	1.17160e-02
3.89903e+00	1.16249e-02
3.91791e+00	1.15349e-02
3.93679e+00	1.14460e-02
3.95567e+00	1.13582e-02
3.97455e+00	1.12713e-02
3.99344e+00	1.11853e-02
4.01232e+00	1.11002e-02
4.03120e+00	1.10158e-02
4.05008e+00	1.09321e-02
4.06896e+00	1.08492e-02
4.08784e+00	1.07671e-02
4.10672e+00	1.06858e-02
4.12561e+00	1.06053e-02
4.14449e+00	1.05256e-02
4.16337e+00	1.04467e-02
4.18225e+00	1.03687e-02
4.20113e+00	1.02915e-02
4.22001e+00	1.02152e-02
4.23890e+00	1.01397e-02
4.25778e+00	1.00651e-02
4.27666e+00	9.99141e-03
4.29554e+00	9.91857e-03
4.31442e+00	9.84663e-03
4.33330e+00	9.77561e-03
4.35218e+00	9.70552e-03
4.37107e+00	9.63639e-03
4.38995e+00	9.56821e-03
4.40883e+00	9.50102e-03
4.42771e+00	9.43481e-03
4.44659e+00	9.36958e-03
4.46547e+00	9.30533e-03
4.48435e+00	9.24206e-03
4.50324e+00	9.17977e-03
4.52212e+00	9.11847e-03
4.54100e+00	9.05817e-03
4.55988e+00	8.99885e-03
4.57876e+00	8.94049e-03
4.59764e+00	8.88307e-03
4.61653e+00	8.82657e-03
4.63541e+00	8.77095e-03
4.65429e+00	8.71621e-03
4.67317e+00	8.66229e-03
4.69205e+00	8.60915e-03
4.71093e+00	8.55676e-03
4.72981e+00	8.50508e-03
4.74870e+00	8.45407e-03
4.76758e+00	8.40370e-03
4.78646e+00	8.35393e-03
4.80534e+00	8.30473e-03
4.82422e+00	8.25607e-03
4.84310e+00	8.20791e-03
4.86198e+00	8.16020e-03
4.88087e+00	8.11290e-03
4.89975e+00	8.06595e-03
4.91863e+00	8.01930e-03
4.93751e+00	7.97291e-03
4.95639e+00	7.92674e-03
4.97527e+00	7.88078e-03
4.99416e+00	7.83500e-03
5.01304e+00	7.78938e-03
5.03192e+00	7.74392e-03
5.05080e+00	7.69857e-03
5.06968e+00	7.65334e-03
5.08856e+00	7.60820e-03
5.10744e+00	7.56315e-03
5.12633e+00	7.51816e-03
5.14521e+00	7.47325e-03
5.16409e+00	7.42841e-03
5.18297e+00	7.38365e-03
5.20185e+00	7.33899e-03
5.22073e+00	7.29441e-03
5.23961e+00	7.24994e-03
5.25850e+00	7.20555e-03
5.27738e+00	7.16127e-03
5.29626e+00	7.11709e-03
5.31514e+00	7.07301e-03
5.33402e+00	7.02903e-03
5.35290e+00	6.98516e-03
5.37179e+00	6.94138e-03
5.39067e+00	6.89772e-03
5.40955e+00	6.85415e-03
5.42843e+00	6.81070e-03
5.44731e+00	6.76734e-03
5.46619e+00	6.72410e-03
5.48507e+00	6.68095e-03
5.50396e+00	6.63791e-03
5.52284e+00	6.59498e-03
5.54172e+00	6.55216e-03
5.56060e+00	6.50943e-03
5.57948e+00	6.46682e-03
5.59836e+00	6.42431e-03
5.61724e+00	6.38190e-03
5.63613e+00	6.33960e-03
5.65501e+00	6.29741e-03
5.67389e+00	6.25532e-03
5.69277e+00	6.21333e-03
5.71165e+00	6.17145e-03
5.73053e+00	6.12967e-03
5.74941e+00	6.08800e-03
5.76830e+00	6.04643e-03
5.78718e+00	6.00497e-03
5.80606e+00	5.96361e-03
5.82494e+00	5.92235e-03
5.84382e+00	5.88120e-03
5.86270e+00	5.84015e-03
5.88159e+00	5.79920e-03
5.90047e+00	5.75836e-03
5.91935e+00	5.71761e-03
5.93823e+00	5.67697e-03
5.95711e+00	5.63643e-03
5.97599e+00	5.59600e-03
5.99487e+00	5.55566e-03
6.01376e+00	5.51543e-03
6.03264e+00	5.47530e-03
6.05152e+00	5.43526e-03
6.07040e+00	5.39534e-03
6.08928e+00	5.35551e-03
6.10816e+00	5.31580e-03
6.12704e+00	5.27618e-03
6.14593e+00	5.23667e-03
6.16481e+00	5.19726e-03
6.18369e+00	5.15796e-03
6.20257e+00	5.11875e-03
6.22145e+00	5.07965e-03
6.24033e+00	5.04065e-03
6.25922e+00	5.00175e-03
6.27810e+00	4.96294e-03
6.29698e+00	4.92424e-03
6.31586e+00	4.88563e-03
6.33474e+00	4.84712e-03
6.35362e+00	4.80871e-03
6.37250e+00	4.77040e-03
6.39139e+00	4.73219e-03
6.41027e+00	4.69406e-03
6.42915e+00	4.65604e-03
6.44803e+00	4.61811e-03
6.46691e+00	4.58027e-03
6.48579e+00	4.54253e-03
6.50467e+00	4.50488e-03
6.52356e+00	4.46732e-03
6.54244e+00	4.42986e-03
6.56132e+00	4.39248e-03
6.58020e+00	4.35520e-03
6.59908e+00	4.31800e-03
6.61796e+00	4.28090e-03
6.63685e+00	4.24388e-03
6.65573e+00	4.20695e-03
6.67461e+00	4.17011e-03
6.69349e+00	4.13335e-03
6.71237e+00	4.09667e-03
6.73125e+00	4.06008e-03
6.75013e+00	4.02358e-03
6.76902e+00	3.98715e-03
6.78790e+00	3.95082e-03
6.80678e+00	3.91456e-03
6.82566e+00	3.87839e-03
6.84454e+00	3.84230e-03
6.86342e+00	3.80630e-03
6.88230e+00	3.77038e-03
6.90119e+00	3.73455e-03
6.92007e+00	3.69880e-03
6.93895e+00	3.66314e-03
6.95783e+00	3.62756e-03
6.97671e+00	3.59208e-03
6.99559e+00	3.55670e-03
7.01448e+00	3.52141e-03
7.03336e+00	3.48621e-03
7.05224e+00	3.45111e-03
7.07112e+00	3.41610e-03
7.09000e+00	3.38119e-03
7.10888e+00	3.34637e-03
7.12776e+00	3.31165e-03
7.14665e+00	3.27703e-03
7.16553e+00	3.24251e-03
7.18441e+00	3.20808e-03
7.20329e+00	3.17375e-03
7.22217e+00	3.13952e-03
7.24105e+00	3.10538e-03
7.25993e+00	3.07133e-03
7.27882e+00	3.03738e-03
7.29770e+00	3.00352e-03
7.31658e+00	2.96975e-03
7.33546e+00	2.93607e-03
7.35434e+00	2.90247e-03
7.37322e+00	2.86896e-03
7.39210e+00	2.83553e-03
7.41099e+00	2.80219e-03
7.42987e+00	2.76894e-03
7.44875e+00	2.73578e-03
7.46763e+00	2.70271e-03
7.48651e+00	2.66974e-03
7.50539e+00	2.63686e-03
7.52428e+00	2.60408e-03
7.54316e+00	2.57140e-03
7.56204e+00	2.53881e-03
7.58092e+00	2.50633e-03
7.59980e+00	2.47394e-03
7.61868e+00	2.44166e-03
7.63756e+00	2.40949e-03
7.65645e+00	2.37741e-03
7.67533e+00	2.34545e-03
7.69421e+00	2.31359e-03
7.71309e+00	2.28184e-03
7.73197e+00	2.25019e-03
7.75085e+00	2.21866e-03
7.76973e+00	2.18723e-03
7.78862e+00	2.15591e-03
7.80750e+00	2.12471e-03
7.82638e+00	2.09364e-03
7.84526e+00	2.06269e-03
7.86414e+00	2.03188e-03
7.88302e+00	2.00121e-03
7.90191e+00	1.97069e-03
7.92079e+00	1.94032e-03
7.93967e+00	1.91012e-03
7.95855e+00	1.88007e-03
7.97743e+00	1.85019e-03
7.99631e+00	1.82049e-03
8.01519e+00	1.79097e-03
8.03408e+00	1.76162e-03
8.05296e+00	1.73247e-03
8.07184e+00	1.70351e-03
8.09072e+00	1.67475e-03
8.10960e+00	1.64620e-03
8.12848e+00	1.61785e-03
8.14736e+00	1.58971e-03
8.16625e+00	1.56180e-03
8.18513e+00	1.53410e-03
8.20401e+00	1.50663e-03
8.22289e+00	1.47938e-03
8.24177e+00	1.45236e-03
8.26065e+00	1.42558e-03
8.27954e+00	1.39904e-03
8.29842e+00	1.37275e-03
8.31730e+00	1.34671e-03
8.33618e+00	1.32092e-03
8.35506e+00	1.29540e-03
8.37394e+00	1.27014e-03
8.39282e+00	1.24516e-03
8.41171e+00	1.22046e-03
8.43059e+00	1.19603e-03
8.44947e+00	1.17190e-03
8.46835e+00	1.14805e-03
8.48723e+00	1.12449e-03
8.50611e+00	1.10124e-03
8.52499e+00	1.07831e-03
8.54388e+00	1.05569e-03
8.56276e+00	1.03338e-03
8.58164e+00	1.01140e-03
8.60052e+00	9.89733e-04
8.61940e+00	9.68388e-04
8.63828e+00	9.47363e-04
8.65717e+00	9.26659e-04
8.67605e+00	9.06276e-04
8.69493e+00	8.86215e-04
8.71381e+00	8.66474e-04
8.73269e+00	8.47055e-04
8.75157e+00	8.27956e-04
8.77045e+00	8.09177e-04
8.78934e+00	7.90718e-04
8.80822e+00	7.72577e-04
8.82710e+00	7.54754e-04
8.84598e+00	7.37248e-04
8.86486e+00	7.20058e-04
8.88374e+00	7.03182e-04
8.90262e+00	6.86619e-04
8.92151e+00	6.70368e-04
8.94039e+00	6.54426e-04
8.95927e+00	6.38793e-04
8.97815e+00	6.23469e-04
8.99703e+00	6.08452e-04
9.01591e+00	5.93739e-04
9.03479e+00	5.79326e-04
9.05368e+00	5.65209e-04
9.07256e+00	5.51383e-04
9.09144e+00	5.37844e-04
9.11032e+00	5.24586e-04
9.12920e+00	5.11605e-04
9.14808e+00	4.98897e-04
9.16697e+00	4.86457e-04
9.18585e+00	4.74281e-04
9.20473e+00	4.62364e-04
9.22361e+00	4.50703e-04
9.24249e+00	4.39292e-04
9.26137e+00	4.28128e-04
9.28025e+00	4.17207e-04
9.29914e+00	4.06524e-04
9.31802e+00	3.96075e-04
9.33690e+00	3.85858e-04
9.35578e+00	3.75866e-04
9.37466e+00	3.66098e-04
9.39354e+00	3.56548e-04
9.41242e+00	3.47212e-04
9.43131e+00	3.38088e-04
9.45019e+00	3.29170e-04
9.46907e+00	3.20456e-04
9.48795e+00	3.11941e-04
9.50683e+00	3.03622e-04
9.52571e+00	2.95495e-04
9.54460e+00	2.87557e-04
9.56348e+00	2.79803e-04
9.58236e+00	2.72230e-04
9.60124e+00	2.64836e-04
9.62012e+00	2.57615e-04
9.63900e+00	2.50567e-04
9.65788e+00	2.43686e-04
9.67677e+00	2.36971e-04
9.69565e+00	2.30418e-04
9.71453e+00	2.24024e-04
9.73341e+00	2.17787e-04
9.75229e+00	2.11703e-04
9.77117e+00	2.05770e-04
9.79005e+00	1.99985e-04
9.80894e+00	1.94344e-04
9.82782e+00	1.88846e-04
9.84670e+00	1.83486e-04
9.86558e+00	1.78264e-04
9.88446e+00	1.73175e-04
9.90334e+00	1.68217e-04
9.92223e+00	1.63387e-04
9.94111e+00	1.58684e-04
9.95999e+00	1.54103e-04
9.97887e+00	1.49644e-04
9.99775e+00	1.45303e-04
1.00166e+01	1.41077e-04
1.00355e+01	1.36964e-04
1.00544e+01	1.32965e-04
1.00733e+01	1.29077e-04
1.00922e+01	1.25297e-04
1.01110e+01	1.21622e-04
1.01299e+01	1.18049e-04
1.01488e+01	1.14576e-04
1.01677e+01	1.11199e-04
1.01866e+01	1.07916e-04
1.02054e+01	1.04725e-04
1.02243e+01	1.01623e-04
1.02432e+01	9.86084e-05
1.02621e+01	9.56777e-05
1.02810e+01	9.28293e-05
1.02999e+01	9.00608e-05
1.03187e+01	8.73701e-05
1.03376e+01	8.47552e-05
1.03565e+01	8.22139e-05
1.03754e+01	7.97443e-05
1.03943e+01	7.73444e-05
1.04131e+01	7.50124e-05
1.04320e+01	7.27463e-05
1.04509e+01	7.05444e-05
1.04698e+01	6.84049e-05
1.04887e+01	6.63261e-05
1.05076e+01	6.43063e-05
1.05264e+01	6.23440e-05
1.05453e+01	6.04374e-05
1.05642e+01	5.85851e-05
1.05831e+01	5.67856e-05
1.06020e+01	5.50374e-05
1.06208e+01	5.33388e-05
1.06397e+01	5.16904e-05
1.06586e+01	5.00906e-05
1.06775e+01	4.85379e-05
1.06964e+01	4.70311e-05
1.07152e+01	4.55689e-05
1.07341e+01	4.41498e-05
1.07530e+01	4.27728e-05
1.07719e+01	4.14364e-05
1.07908e+01	4.01397e-05
1.08097e+01	3.88814e-05
1.08285e+01	3.76603e-05
1.08474e+01	3.64755e-05
1.08663e+01	3.53258e-05
1.08852e+01	3.42102e-05
1.09041e+01	3.31276e-05
1.09229e+01	3.20773e-05
1.09418e+01	3.10581e-05
1.09607e+01	3.00691e-05
1.09796e+01	2.91095e-05
1.09985e+01	2.81784e-05
1.10174e+01	2.72748e-05
1.10362e+01	2.63981e-05
1.10551e+01	2.55474e-05
1.10740e+01	2.47218e-05
1.10929e+01	2.39207e-05
1.11118e+01	2.31433e-05
1.11306e+01	2.23889e-05
1.11495e+01	2.16567e-05
1.11684e+01	2.09460e-05
1.11873e+01	2.02563e-05
1.12062e+01	1.95867e-05
1.12250e+01	1.89369e-05
1.12439e+01	1.83061e-05
1.12628e+01	1.76938e-05
1.12817e+01	1.70994e-05
1.13006e+01	1.65225e-05
1.13195e+01	1.59625e-05
1.13383e+01	1.54188e-05
1.13572e+01	1.48911e-05
1.13761e+01	1.43788e-05
1.13950e+01	1.38813e-05
1.14139e+01	1.33984e-05
1.14327e+01	1.29294e-05
1.14516e+01	1.24741e-05
1.14705e+01	1.20318e-05
1.14894e+01	1.16023e-05
1.15083e+01	1.11851e-05
1.15272e+01	1.07797e-05
1.15460e+01	1.03857e-05
1.15649e+01	1.00026e-05
1.15838e+01	9.63036e-06
1.16027e+01	9.26889e-06
1.16216e+01	8.91809e-06
1.16404e+01	8.57783e-06
1.16593e+01	8.24870e-06
1.16782e+01	7.93125e-06
1.16971e+01	7.62506e-06
1.17160e+01	7.32946e-06
1.17348e+01	7.04372e-06
1.17537e+01	6.76723e-06
1.17726e+01	6.49973e-06
1.17915e+01	6.24110e-06
1.18104e+01	5.99103e-06
1.18293e+01	5.74921e-06
1.18481e+01	5.51560e-06
1.18670e+01	5.29158e-06
1.18859e+01	5.07644e-06
1.19048e+01	4.86938e-06
1.19237e+01	4.67062e-06
1.19425e+01	4.47986e-06
1.19614e+01	4.29656e-06
1.19803e+01	4.12032e-06
1.19992e+01	3.95076e-06
1.20181e+01	3.78761e-06
1.20370e+01	3.63060e-06
1.20558e+01	3.47952e-06
1.20747e+01	3.33414e-06
1.20936e+01	3.19426e-06
1.21125e+01	3.05968e-06
1.21314e+01	2.93020e-06
1.21502e+01	2.80566e-06
1.21691e+01	2.68588e-06
1.21880e+01	2.57071e-06
1.22069e+01	2.45997e-06
1.22258e+01	2.35351e-06
1.22446e+01	2.25121e-06
1.22635e+01	2.15293e-06
1.22824e+01	2.05854e-06
1.23013e+01	1.96793e-06
1.23202e+01	1.88096e-06
1.23391e+01	1.79751e-06
1.23579e+01	1.71745e-06
1.23768e+01	1.64065e-06
1.23957e+01	1.56699e-06
1.24146e+01	1.49635e-06
1.24335e+01	1.42861e-06
1.24523e+01	1.36369e-06
1.24712e+01	1.30148e-06
1.24901e+01	1.24189e-06
1.25090e+01	1.18481e-06
1.25279e+01	1.13016e-06
1.25468e+01	1.07786e-06
1.25656e+01	1.02781e-06
1.25845e+01	9.79955e-07
1.26034e+01	9.34234e-07
1.26223e+01	8.90564e-07
1.26412e+01	8.48863e-07
1.26600e+01	8.09052e-07
1.26789e+01	7.71054e-07
1.26978e+01	7.34798e-07
1.27167e+01	7.00210e-07
1.27356e+01	6.67219e-07
1.27544e+01	6.35755e-07
1.27733e+01	6.05752e-07
1.27922e+01	5.77145e-07
1.28111e+01	5.49875e-07
1.28300e+01	5.23881e-07
1.28489e+01	4.99100e-07
1.28677e+01	4.75468e-07
1.28866e+01	4.52914e-07
1.29055e+01	4.31377e-07
1.29244e+01	4.10806e-07
1.29433e+01	3.91192e-07
1.29621e+01	3.72465e-07
1.29810e+01	3.54544e-07
1.29999e+01	3.37395e-07
1.30188e+01	3.20984e-07
1.30377e+01	3.05385e-07
1.30566e+01	2.90685e-07
1.30754e+01	2.76864e-07
1.30943e+01	2.63790e-07
1.31132e+01	2.51367e-07
1.31321e+01	2.39517e-07
1.31510e+01	2.28175e-07
1.31698e+01	2.17331e-07
1.31887e+01	2.06985e-07
1.32076e+01	1.97144e-07
1.32265e+01	1.87800e-07
1.32454e+01	1.78898e-07
1.32642e+01	1.70408e-07
1.32831e+01	1.62303e-07
1.33020e+01	1.54560e-07
1.33209e+01	1.47157e-07
1.33398e+01	1.40077e-07
1.33587e+01	1.33302e-07
1.33775e+01	1.26820e-07
1.33964e+01	1.20618e-07
1.34153e+01	1.14688e-07
1.34342e+01	1.09018e-07
1.34531e+01	1.03602e-07
1.34719e+01	9.84333e-08
1.34908e+01	9.35057e-08
1.35097e+01	8.88073e-08
1.35286e+01	8.43260e-08
1.35475e+01	8.00523e-08
1.35664e+01	7.59779e-08
1.35852e+01	7.20943e-08
1.36041e+01	6.83936e-08
1.36230e+01	6.48681e-08
1.36419e+01	6.15100e-08
1.36608e+01	5.83121e-08
1.36796e+01	5.52673e-08
1.36985e+01	5.23688e-08
1.37174e+01	4.96102e-08
1.37363e+01	4.69852e-08
1.37552e+01	4.44877e-08
1.37740e+01	4.21120e-08
1.37929e+01	3.98525e-08
1.38118e+01	3.77040e-08
1.38307e+01	3.56612e-08
1.38496e+01	3.37195e-08
1.38685e+01	3.18740e-08
1.38873e+01	3.01204e-08
1.39062e+01	2.84546e-08
1.39251e+01	2.68727e-08
1.39440e+01	2.53711e-08
1.39629e+01	2.39462e-08
1.39817e+01	2.25945e-08
1.40006e+01	2.13126e-08
1.40195e+01	2.00973e-08
1.40384e+01	1.89457e-08
1.40573e+01	1.78548e-08
1.40762e+01	1.68216e-08
1.40950e+01	1.58436e-08
1.41139e+01	1.49179e-08
1.41328e+01	1.40421e-08
1.41517e+01	1.32138e-08
1.41706e+01	1.24305e-08
1.41894e+01	1.16902e-08
1.42083e+01	1.09905e-08
1.42272e+01	1.03294e-08
1.42461e+01	9.70512e-09
1.42650e+01	9.11568e-09
1.42839e+01	8.55941e-09
1.43027e+01	8.03463e-09
1.43216e+01	7.53975e-09
1.43405e+01	7.07323e-09
1.43594e+01	6.63361e-09
1.43783e+01	6.21949e-09
1.43971e+01	5.82951e-09
1.44160e+01	5.46241e-09
1.44349e+01	5.11696e-09
1.44538e+01	4.79200e-09
1.44727e+01	4.48642e-09
1.44915e+01	4.19916e-09
1.45104e+01	3.92921e-09
1.45293e+01	3.67561e-09
1.45482e+01	3.43744e-09
1.45671e+01	3.21385e-09
1.45860e+01	3.00399e-09
1.46048e+01	2.80709e-09
1.46237e+01	2.62241e-09
1.46426e+01	2.44924e-09
1.46615e+01	2.28692e-09
1.46804e+01	2.13480e-09
1.46992e+01	1.99230e-09
1.47181e+01	1.85884e-09
1.47370e+01	1.73388e-09
1.47559e+01	1.61693e-09
1.47748e+01	1.50750e-09
1.47937e+01	1.40513e-09
1.48125e+01	1.30941e-09
1.48314e+01	1.21992e-09
1.48503e+01	1.13628e-09
1.48692e+01	1.05814e-09
1.48881e+01	9.85153e-10
1.49069e+01	9.17005e-10
1.49258e+01	8.53392e-10
1.49447e+01	7.94031e-10
1.49636e+01	7.38655e-10
1.49825e+01	6.87016e-10
1.50013e+01	6.38875e-10
1.50202e+01	5.94010e-10
1.50391e+01	5.52206e-10
1.50580e+01	5.13262e-10
1.50769e+01	4.76988e-10
1.50958e+01	4.43205e-10
1.51146e+01	4.11748e-10
1.51335e+01	3.82462e-10
1.51524e+01	3.55201e-10
1.51713e+01	3.29830e-10
1.51902e+01	3.06221e-10
1.52090e+01	2.84256e-10
1.52279e+01	2.63824e-10
1.52468e+01	2.44821e-10
1.52657e+01	2.27151e-10
1.52846e+01	2.10721e-10
1.53035e+01	1.95449e-10
1.53223e+01	1.81254e-10
1.53412e+01	1.68064e-10
1.53601e+01	1.55808e-10
1.53790e+01	1.44422e-10
1.53979e+01	1.33847e-10
1.54167e+01	1.24027e-10
1.54356e+01	1.14908e-10
1.54545e+01	1.06442e-10
1.54734e+01	9.85837e-11
1.54923e+01	9.12904e-11
1.55111e+01	8.45226e-11
1.55300e+01	7.82432e-11
1.55489e+01	7.24179e-11
1.55678e+01	6.70145e-11
1.55867e+01	6.20032e-11
1.56056e+01	5.73561e-11
1.56244e+01	5.30473e-11
1.56433e+01	4.90528e-11
1.56622e+01	4.53500e-11
1.56811e+01	4.19182e-11
1.57000e+01	3.87377e-11
1.57188e+01	3.57904e-11
1.57377e+01	3.30594e-11
1.57566e+01	3.05289e-11
1.57755e+01	2.81839e-11
1.57944e+01	2.60115e-11
1.58133e+01	2.39997e-11
1.58321e+01	2.21373e-11
1.58510e+01	2.04139e-11
1.58699e+01	1.88197e-11
1.58888e+01	1.73455e-11
1.59077e+01	1.59827e-11
1.59265e+01	1.47232e-11
1.59454e+01	1.35597e-11
1.59643e+01	1.24852e-11
1.59832e+01	1.14932e-11
1.60021e+01	1.05777e-11
1.60209e+01	9.73305e-12
1.60398e+01	8.95393e-12
1.60587e+01	8.23545e-12
1.60776e+01	7.57304e-12
1.60965e+01	6.96246e-12
1.61154e+01	6.39976e-12
1.61342e+01	5.88131e-12
1.61531e+01	5.40374e-12
1.61720e+01	4.96392e-12
1.61909e+01	4.55895e-12
1.62098e+01	4.18616e-12
1.62286e+01	3.84307e-12
1.62475e+01	3.52737e-12
1.62664e+01	3.23695e-12
1.62853e+01	2.96984e-12
1.63042e+01	2.72422e-12
1.63231e+01	2.49840e-12
1.63419e+01	2.29085e-12
1.63608e+01	2.10011e-12
1.63797e+01	1.92487e-12
1.63986e+01	1.76391e-12
1.64175e+01	1.61608e-12
1.64363e+01	1.48034e-12
1.64552e+01	1.35573e-12
1.64741e+01	1.24137e-12
1.64930e+01	1.13642e-12
1.65119e+01	1.04014e-12
1.65307e+01	9.51822e-13
1.65496e+01	8.70827e-13
1.65685e+01	7.96565e-13
1.65874e+01	7.28492e-13
1.66063e+01	6.66105e-13
1.66252e+01	6.08941e-13
1.66440e+01	5.56573e-13
1.66629e+01	5.08610e-13
1.66818e+01	4.64691e-13
1.67007e+01	4.24483e-13
1.67196e+01	3.87680e-13
1.67384e+01	3.54001e-13
1.67573e+01	3.23186e-13
1.67762e+01	2.94998e-13
1.67951e+01	2.69219e-13
1.68140e+01	2.45646e-13
1.68329e+01	2.24097e-13
1.68517e+01	2.04400e-13
1.68706e+01	1.86401e-13
1.68895e+01	1.69957e-13
1.69084e+01	1.54935e-13
1.69273e+01	1.41216e-13
1.69461e+01	1.28690e-13
1.69650e+01	1.17254e-13
1.69839e+01	1.06817e-13
1.70028e+01	9.72922e-14
1.70217e+01	8.86024e-14
1.70405e+01	8.06756e-14
1.70594e+01	7.34462e-14
1.70783e+01	6.68540e-14
1.70972e+01	6.08438e-14
1.71161e+01	5.53652e-14
1.71350e+01	5.03719e-14
1.71538e+01	4.58218e-14
1.71727e+01	4.16761e-14
1.71916e+01	3.78995e-14
1.72105e+01	3.44598e-14
1.72294e+01	3.13274e-14
1.72482e+01	2.84754e-14
1.72671e+01	2.58790e-14
1.72860e+01	2.35158e-14
1.73049e+01	2.13651e-14
1.73238e+01	1.94081e-14
1.73427e+01	1.76277e-14
1.73615e+01	1.60081e-14
1.73804e+01	1.45352e-14
1.73993e+01	1.31957e-14
1.74182e+01	1.19779e-14
1.74371e+01	1.08708e-14
1.74559e+01	9.86449e-15
1.74748e+01	8.94998e-15
1.74937e+01	8.11900e-15
1.75126e+01	7.36405e-15
1.75315e+01	6.67827e-15
1.75503e+01	6.05542e-15
1.75692e+01	5.48981e-15
1.75881e+01	4.97628e-15
1.76070e+01	4.51009e-15
1.76259e+01	4.08695e-15
1.76448e+01	3.70296e-15
1.76636e+01	3.35454e-15
1.76825e+01	3.03845e-15
1.77014e+01	2.75175e-15
1.77203e+01	2.49173e-15
1.77392e+01	2.25596e-15
1.77580e+01	2.04220e-15
1.77769e+01	1.84843e-15
1.77958e+01	1.67281e-15
1.78147e+01	1.51366e-15
1.78336e+01	1.36947e-15
1.78525e+01	1.23885e-15
1.78713e+01	1.12052e-15
1.78902e+01	1.01335e-15
1.79091e+01	9.16301e-16
1.79280e+01	8.28431e-16
1.79469e+01	7.48885e-16
1.79657e+01	6.76886e-16
1.79846e+01	6.11730e-16
1.80035e+01	5.52776e-16
1.80224e+01	4.99441e-16
1.80413e+01	4.51195e-16
1.80601e+01	4.07560e-16
1.80790e+01	3.68099e-16
1.80979e+01	3.32417e-16
1.81168e+01	3.00156e-16
1.81357e+01	2.70992e-16
1.81546e+01	2.44630e-16
1.81734e+01	2.20804e-16
1.81923e+01	1.99270e-16
1.82112e+01	1.79809e-16
1.82301e+01	1.62225e-16
1.82490e+01	1.46337e-16
1.82678e+01	1.31984e-16
1.82867e+01	1.19018e-16
1.83056e+01	1.07306e-16
1.83245e+01	9.67275e-17
1.83434e+01	8.71734e-17
1.83623e+01	7.85447e-17
1.83811e+01	7.07518e-17
1.84000e+01	6.37137e-17
1.84189e+01	5.73569e-17
1.84378e+01	5.16152e-17
1.84567e+01	4.64281e-17
1.84755e+01	4.17414e-17
1.84944e+01	3.75055e-17
1.85133e+01	3.36759e-17
1.85322e+01	3.02120e-17
1.85511e+01	2.70772e-17
1.85699e+01	2.42382e-17
1.85888e+01	2.16647e-17
1.86077e+01	1.93296e-17
1.86266e+01	1.72077e-17
1.86455e+01	1.52765e-17
1.86644e+01	1.35152e-17
1.86832e+01	1.19048e-17
1.87021e+01	1.04280e-17
1.87210e+01	9.06910e-18
1.87399e+01	7.81357e-18
1.87588e+01	6.64814e-18
1.87776e+01	5.56068e-18
1.87965e+01	4.54011e-18
1.88154e+01	3.57644e-18
1.88343e+01	2.66078e-18
1.88532e+01	1.78557e-18
1.88721e+01	9.44385e-19
