# The ell = 0 distribution, the isotropy.
# E_N [Td]	1.50000e+01
# col_1: Electron Energy [eV], col_2: f0 [eV^(-3/2)]
eV	f0
1.01735e-02	3.98012e-01
3.05204e-02	3.98562e-01
5.08673e-02	3.99110e-01
7.12142e-02	3.99659e-01
9.15612e-02	4.00209e-01
1.11908e-01	4.00759e-01
1.32255e-01	4.01310e-01
1.52602e-01	4.01862e-01
1.72949e-01	4.02414e-01
1.93296e-01	4.02966e-01
2.13643e-01	4.03520e-01
2.33990e-01	4.04074e-01
2.54337e-01	4.04628e-01
2.74683e-01	4.05183e-01
2.95030e-01	4.05739e-01
3.15377e-01	4.06297e-01
3.35724e-01	4.06855e-01
3.56071e-01	4.07414e-01
3.76418e-01	4.07974e-01
3.96765e-01	4.08536e-01
4.17112e-01	4.09097e-01
4.37459e-01	4.09658e-01
4.57806e-01	4.10218e-01
4.78153e-01	4.10777e-01
4.98500e-01	4.11333e-01
5.18847e-01	4.11885e-01
5.39193e-01	4.12434e-01
5.59540e-01	4.12975e-01
5.79887e-01	4.13509e-01
6.00234e-01	4.14033e-01
6.20581e-01	4.14546e-01
6.40928e-01	4.15044e-01
6.61275e-01	4.15524e-01
6.81622e-01	4.15981e-01
7.01969e-01	4.16413e-01
7.22316e-01	4.16812e-01
7.42663e-01	4.17174e-01
7.63010e-01	4.17493e-01
7.83357e-01	4.17767e-01
8.03703e-01	4.17991e-01
8.24050e-01	4.18165e-01
8.44397e-01	4.18285e-01
8.64744e-01	4.18352e-01
8.85091e-01	4.18362e-01
9.05438e-01	4.18310e-01
9.25785e-01	4.18188e-01
9.46132e-01	4.17992e-01
9.66479e-01	4.17711e-01
9.86826e-01	4.17333e-01
1.00717e+00	4.16852e-01
1.02752e+00	4.16260e-01
1.04787e+00	4.15549e-01
1.06821e+00	4.14712e-01
1.08856e+00	4.13749e-01
1.10891e+00	4.12660e-01
1.12925e+00	4.11444e-01
1.14960e+00	4.10104e-01
1.16995e+00	4.08639e-01
1.19030e+00	4.07051e-01
1.21064e+00	4.05339e-01
1.23099e+00	4.03501e-01
1.25134e+00	4.01529e-01
1.27168e+00	3.99419e-01
1.29203e+00	3.97164e-01
1.31238e+00	3.94761e-01
1.33272e+00	3.92196e-01
1.35307e+00	3.89453e-01
1.37342e+00	3.86519e-01
1.39376e+00	3.83376e-01
1.41411e+00	3.80036e-01
1.43446e+00	3.76509e-01
1.45481e+00	3.72807e-01
1.47515e+00	3.68940e-01
1.49550e+00	3.64912e-01
1.51585e+00	3.60728e-01
1.53619e+00	3.56391e-01
1.55654e+00	3.51895e-01
1.57689e+00	3.47200e-01
1.59723e+00	3.42272e-01
1.61758e+00	3.37082e-01
1.63793e+00	3.31601e-01
1.65827e+00	3.25788e-01
1.67862e+00	3.19626e-01
1.69897e+00	3.13107e-01
1.71932e+00	3.06226e-01
1.73966e+00	2.98967e-01
1.76001e+00	2.91333e-01
1.78036e+00	2.83359e-01
1.80070e+00	2.75092e-01
1.82105e+00	2.66573e-01
1.84140e+00	2.57853e-01
1.86174e+00	2.48898e-01
1.88209e+00	2.39725e-01
1.90244e+00	2.30376e-01
1.92278e+00	2.20941e-01
1.94313e+00	2.11622e-01
1.96348e+00	2.02548e-01
1.98383e+00	1.93784e-01
2.00417e+00	1.85363e-01
2.02452e+00	1.77326e-01
2.04487e+00	1.69704e-01
2.06521e+00	1.62468e-01
2.08556e+00	1.55573e-01
2.10591e+00	1.48982e-01
2.12625e+00	1.42621e-01
2.14660e+00	1.36466e-01
2.16695e+00	1.30540e-01
2.18729e+00	1.24856e-01
2.20764e+00	1.19410e-01
2.22799e+00	1.14209e-01
2.24834e+00	1.09258e-01
2.26868e+00	1.04636e-01
2.28903e+00	1.00320e-01
2.30938e+00	9.62860e-02
2.32972e+00	9.25114e-02
2.35007e+00	8.89847e-02
2.37042e+00	8.56408e-02
2.39076e+00	8.24266e-02
2.41111e+00	7.93486e-02
2.43146e+00	7.63863e-02
2.45180e+00	7.35166e-02
2.47215e+00	7.07498e-02
2.49250e+00	6.81615e-02
2.51285e+00	6.57737e-02
2.53319e+00	6.35678e-02
2.55354e+00	6.15380e-02
2.57389e+00	5.96640e-02
2.59423e+00	5.79316e-02
2.61458e+00	5.62824e-02
2.63493e+00	5.46989e-02
2.65527e+00	5.31816e-02
2.67562e+00	5.17307e-02
2.69597e+00	5.03432e-02
2.71631e+00	4.90194e-02
2.73666e+00	4.77722e-02
2.75701e+00	4.66008e-02
2.77736e+00	4.54884e-02
2.79770e+00	4.44315e-02
2.81805e+00	4.34287e-02
2.83840e+00	4.24767e-02
2.85874e+00	4.15769e-02
2.87909e+00	4.07235e-02
2.89944e+00	3.99250e-02
2.91978e+00	3.91780e-02
2.94013e+00	3.84765e-02
2.96048e+00	3.78142e-02
2.98082e+00	3.71853e-02
3.00117e+00	3.65829e-02
3.02152e+00	3.60018e-02
3.04187e+00	3.54410e-02
3.06221e+00	3.49012e-02
3.08256e+00	3.43833e-02
3.10291e+00	3.38874e-02
3.12325e+00	3.34135e-02
3.14360e+00	3.29607e-02
3.16395e+00	3.25271e-02
3.18429e+00	3.21107e-02
3.20464e+00	3.17111e-02
3.22499e+00	3.13281e-02
3.24533e+00	3.09613e-02
3.26568e+00	3.06105e-02
3.28603e+00	3.02753e-02
3.30638e+00	2.99546e-02
3.32672e+00	2.96473e-02
3.34707e+00	2.93516e-02
3.36742e+00	2.90666e-02
3.38776e+00	2.87910e-02
3.40811e+00	2.85239e-02
3.42846e+00	2.82645e-02
3.44880e+00	2.80121e-02
3.46915e+00	2.77665e-02
3.48950e+00	2.75273e-02
3.50984e+00	2.72944e-02
3.53019e+00	2.70672e-02
3.55054e+00	2.68455e-02
3.57089e+00	2.66293e-02
3.59123e+00	2.64183e-02
3.61158e+00	2.62125e-02
3.63193e+00	2.60117e-02
3.65227e+00	2.58159e-02
3.67262e+00	2.56248e-02
3.69297e+00	2.54384e-02
3.71331e+00	2.52564e-02
3.73366e+00	2.50787e-02
3.75401e+00	2.49049e-02
3.77435e+00	2.47347e-02
3.79470e+00	2.45678e-02
3.81505e+00	2.44037e-02
3.83540e+00	2.42421e-02
3.85574e+00	2.40826e-02
3.87609e+00	2.39248e-02
3.89644e+00	2.37687e-02
3.91678e+00	2.36141e-02
3.93713e+00	2.34609e-02
3.95748e+00	2.33091e-02
3.97782e+00	2.31586e-02
3.99817e+00	2.30092e-02
4.01852e+00	2.28608e-02
4.03886e+00	2.27132e-02
4.05921e+00	2.25667e-02
4.07956e+00	2.24211e-02
4.09991e+00	2.22765e-02
4.12025e+00	2.21330e-02
4.14060e+00	2.19906e-02
4.16095e+00	2.18494e-02
4.18129e+00	2.17092e-02
4.20164e+00	2.15703e-02
4.22199e+00	2.14325e-02
4.24233e+00	2.12960e-02
4.26268e+00	2.11607e-02
4.28303e+00	2.10267e-02
4.30337e+00	2.08940e-02
4.32372e+00	2.07626e-02
4.34407e+00	2.06327e-02
4.36442e+00	2.05041e-02
4.38476e+00	2.03770e-02
4.40511e+00	2.02514e-02
4.42546e+00	2.01274e-02
4.44580e+00	2.00048e-02
4.46615e+00	1.98838e-02
4.48650e+00	1.97643e-02
4.50684e+00	1.96463e-02
4.52719e+00	1.95299e-02
4.54754e+00	1.94150e-02
4.56788e+00	1.93017e-02
4.58823e+00	1.91899e-02
4.60858e+00	1.90796e-02
4.62893e+00	1.89707e-02
4.64927e+00	1.88632e-02
4.66962e+00	1.87570e-02
4.68997e+00	1.86521e-02
4.71031e+00	1.85484e-02
4.73066e+00	1.84458e-02
4.75101e+00	1.83443e-02
4.77135e+00	1.82438e-02
4.79170e+00	1.81442e-02
4.81205e+00	1.80454e-02
4.83239e+00	1.79475e-02
4.85274e+00	1.78504e-02
4.87309e+00	1.77539e-02
4.89344e+00	1.76580e-02
4.91378e+00	1.75625e-02
4.93413e+00	1.74674e-02
4.95448e+00	1.73726e-02
4.97482e+00	1.72781e-02
4.99517e+00	1.71839e-02
5.01552e+00	1.70899e-02
5.03586e+00	1.69960e-02
5.05621e+00	1.69023e-02
5.07656e+00	1.68087e-02
5.09690e+00	1.67152e-02
5.11725e+00	1.66218e-02
5.13760e+00	1.65284e-02
5.15795e+00	1.64350e-02
5.17829e+00	1.63418e-02
5.19864e+00	1.62487e-02
5.21899e+00	1.61556e-02
5.23933e+00	1.60627e-02
5.25968e+00	1.59699e-02
5.28003e+00	1.58772e-02
5.30037e+00	1.57846e-02
5.32072e+00	1.56921e-02
5.34107e+00	1.55998e-02
5.36141e+00	1.55077e-02
5.38176e+00	1.54156e-02
5.40211e+00	1.53237e-02
5.42246e+00	1.52320e-02
5.44280e+00	1.51403e-02
5.46315e+00	1.50489e-02
5.48350e+00	1.49575e-02
5.50384e+00	1.48664e-02
5.52419e+00	1.47753e-02
5.54454e+00	1.46844e-02
5.56488e+00	1.45937e-02
5.58523e+00	1.45031e-02
5.60558e+00	1.44126e-02
5.62592e+00	1.43223e-02
5.64627e+00	1.42322e-02
5.66662e+00	1.41422e-02
5.68697e+00	1.40523e-02
5.70731e+00	1.39626e-02
5.72766e+00	1.38731e-02
5.74801e+00	1.37837e-02
5.76835e+00	1.36944e-02
5.78870e+00	1.36053e-02
5.80905e+00	1.35163e-02
5.82939e+00	1.34275e-02
5.84974e+00	1.33389e-02
5.87009e+00	1.32503e-02
5.89043e+00	1.31620e-02
5.91078e+00	1.30738e-02
5.93113e+00	1.29857e-02
5.95148e+00	1.28978e-02
5.97182e+00	1.28100e-02
5.99217e+00	1.27224e-02
6.01252e+00	1.26349e-02
6.03286e+00	1.25476e-02
6.05321e+00	1.24604e-02
6.07356e+00	1.23734e-02
6.09390e+00	1.22865e-02
6.11425e+00	1.21998e-02
6.13460e+00	1.21133e-02
6.15494e+00	1.20269e-02
6.17529e+00	1.19407e-02
6.19564e+00	1.18546e-02
6.21599e+00	1.17687e-02
6.23633e+00	1.16829e-02
6.25668e+00	1.15973e-02
6.27703e+00	1.15119e-02
6.29737e+00	1.14266e-02
6.31772e+00	1.13414e-02
6.33807e+00	1.12564e-02
6.35841e+00	1.11716e-02
6.37876e+00	1.10868e-02
6.39911e+00	1.10023e-02
6.41945e+00	1.09179e-02
6.43980e+00	1.08336e-02
6.46015e+00	1.07495e-02
6.48050e+00	1.06655e-02
6.50084e+00	1.05817e-02
6.52119e+00	1.04980e-02
6.54154e+00	1.04145e-02
6.56188e+00	1.03311e-02
6.58223e+00	1.02478e-02
6.60258e+00	1.01647e-02
6.62292e+00	1.00817e-02
6.64327e+00	9.99882e-03
6.66362e+00	9.91610e-03
6.68396e+00	9.83351e-03
6.70431e+00	9.75106e-03
6.72466e+00	9.66873e-03
6.74501e+00	9.58654e-03
6.76535e+00	9.50447e-03
6.78570e+00	9.42253e-03
6.80605e+00	9.34072e-03
6.82639e+00	9.25904e-03
6.84674e+00	9.17749e-03
6.86709e+00	9.09608e-03
6.88743e+00	9.01479e-03
6.90778e+00	8.93365e-03
6.92813e+00	8.85263e-03
6.94847e+00	8.77174e-03
6.96882e+00	8.69102e-03
6.98917e+00	8.61045e-03
7.00952e+00	8.53003e-03
7.02986e+00	8.44978e-03
7.05021e+00	8.36968e-03
7.07056e+00	8.28974e-03
7.09090e+00	8.20995e-03
7.11125e+00	8.13033e-03
7.13160e+00	8.05089e-03
7.15194e+00	7.97161e-03
7.17229e+00	7.89250e-03
7.19264e+00	7.81356e-03
7.21298e+00	7.73479e-03
7.23333e+00	7.65618e-03
7.25368e+00	7.57774e-03
7.27403e+00	7.49946e-03
7.29437e+00	7.42134e-03
7.31472e+00	7.34337e-03
7.33507e+00	7.26555e-03
7.35541e+00	7.18788e-03
7.37576e+00	7.11036e-03
7.39611e+00	7.03298e-03
7.41645e+00	6.95575e-03
7.43680e+00	6.87868e-03
7.45715e+00	6.80177e-03
7.47749e+00	6.72502e-03
7.49784e+00	6.64844e-03
7.51819e+00	6.57202e-03
7.53854e+00	6.49577e-03
7.55888e+00	6.41970e-03
7.57923e+00	6.34380e-03
7.59958e+00	6.26808e-03
7.61992e+00	6.19254e-03
7.64027e+00	6.11719e-03
7.66062e+00	6.04202e-03
7.68096e+00	5.96704e-03
7.70131e+00	5.89225e-03
7.72166e+00	5.81766e-03
7.74200e+00	5.74325e-03
7.76235e+00	5.66903e-03
7.78270e+00	5.59501e-03
7.80305e+00	5.52120e-03
7.82339e+00	5.44761e-03
7.84374e+00	5.37424e-03
7.86409e+00	5.30113e-03
7.88443e+00	5.22827e-03
7.90478e+00	5.15569e-03
7.92513e+00	5.08339e-03
7.94547e+00	5.01139e-03
7.96582e+00	4.93970e-03
7.98617e+00	4.86833e-03
8.00651e+00	4.79730e-03
8.02686e+00	4.72660e-03
8.04721e+00	4.65626e-03
8.06756e+00	4.58629e-03
8.08790e+00	4.51670e-03
8.10825e+00	4.44750e-03
8.12860e+00	4.37870e-03
8.14894e+00	4.31032e-03
8.16929e+00	4.24235e-03
8.18964e+00	4.17482e-03
8.20998e+00	4.10773e-03
8.23033e+00	4.04109e-03
8.25068e+00	3.97490e-03
8.27102e+00	3.90919e-03
8.29137e+00	3.84396e-03
8.31172e+00	3.77923e-03
8.33207e+00	3.71501e-03
8.35241e+00	3.65132e-03
8.37276e+00	3.58817e-03
8.39311e+00	3.52558e-03
8.41345e+00	3.46355e-03
8.43380e+00	3.40211e-03
8.45415e+00	3.34125e-03
8.47449e+00	3.28100e-03
8.49484e+00	3.22137e-03
8.51519e+00	3.16238e-03
8.53553e+00	3.10406e-03
8.55588e+00	3.04641e-03
8.57623e+00	2.98944e-03
8.59658e+00	2.93316e-03
8.61692e+00	2.87756e-03
8.63727e+00	2.82265e-03
8.65762e+00	2.76844e-03
8.67796e+00	2.71492e-03
8.69831e+00	2.66211e-03
8.71866e+00	2.61001e-03
8.73900e+00	2.55862e-03
8.75935e+00	2.50793e-03
8.77970e+00	2.45796e-03
8.80004e+00	2.40870e-03
8.82039e+00	2.36016e-03
8.84074e+00	2.31234e-03
8.86109e+00	2.26523e-03
8.88143e+00	2.21885e-03
8.90178e+00	2.17318e-03
8.92213e+00	2.12823e-03
8.94247e+00	2.08400e-03
8.96282e+00	2.04050e-03
8.98317e+00	1.99771e-03
9.00351e+00	1.95565e-03
9.02386e+00	1.91431e-03
9.04421e+00	1.87369e-03
9.06455e+00	1.83376e-03
9.08490e+00	1.79453e-03
9.10525e+00	1.75599e-03
9.12560e+00	1.71813e-03
9.14594e+00	1.68093e-03
9.16629e+00	1.64439e-03
9.18664e+00	1.60851e-03
9.20698e+00	1.57327e-03
9.22733e+00	1.53866e-03
9.24768e+00	1.50468e-03
9.26802e+00	1.47132e-03
9.28837e+00	1.43858e-03
9.30872e+00	1.40643e-03
9.32906e+00	1.37488e-03
9.34941e+00	1.34392e-03
9.36976e+00	1.31354e-03
9.39011e+00	1.28373e-03
9.41045e+00	1.25449e-03
9.43080e+00	1.22580e-03
9.45115e+00	1.19766e-03
9.47149e+00	1.17006e-03
9.49184e+00	1.14299e-03
9.51219e+00	1.11645e-03
9.53253e+00	1.09043e-03
9.55288e+00	1.06491e-03
9.57323e+00	1.03990e-03
9.59357e+00	1.01538e-03
9.61392e+00	9.91350e-04
9.63427e+00	9.67799e-04
9.65462e+00	9.44720e-04
9.67496e+00	9.22109e-04
9.69531e+00	8.99960e-04
9.71566e+00	8.78265e-04
9.73600e+00	8.57020e-04
9.75635e+00	8.36216e-04
9.77670e+00	8.15848e-04
9.79704e+00	7.95909e-04
9.81739e+00	7.76393e-04
9.83774e+00	7.57294e-04
9.85808e+00	7.38605e-04
9.87843e+00	7.20320e-04
9.89878e+00	7.02433e-04
9.91913e+00	6.84938e-04
9.93947e+00	6.67828e-04
9.95982e+00	6.51097e-04
9.98017e+00	6.34740e-04
1.00005e+01	6.18751e-04
1.00209e+01	6.03121e-04
1.00412e+01	5.87847e-04
1.00616e+01	5.72936e-04
1.00819e+01	5.58377e-04
1.01022e+01	5.44164e-04
1.01226e+01	5.30288e-04
1.01429e+01	5.16740e-04
1.01633e+01	5.03515e-04
1.01836e+01	4.90603e-04
1.02040e+01	4.77999e-04
1.02243e+01	4.65694e-04
1.02447e+01	4.53683e-04
1.02650e+01	4.41958e-04
1.02854e+01	4.30513e-04
1.03057e+01	4.19342e-04
1.03261e+01	4.08438e-04
1.03464e+01	3.97795e-04
1.03668e+01	3.87408e-04
1.03871e+01	3.77270e-04
1.04075e+01	3.67375e-04
1.04278e+01	3.57718e-04
1.04481e+01	3.48294e-04
1.04685e+01	3.39096e-04
1.04888e+01	3.30121e-04
1.05092e+01	3.21361e-04
1.05295e+01	3.12813e-04
1.05499e+01	3.04471e-04
1.05702e+01	2.96331e-04
1.05906e+01	2.88388e-04
1.06109e+01	2.80636e-04
1.06313e+01	2.73075e-04
1.06516e+01	2.65704e-04
1.06720e+01	2.58519e-04
1.06923e+01	2.51516e-04
1.07127e+01	2.44689e-04
1.07330e+01	2.38034e-04
1.07533e+01	2.31547e-04
1.07737e+01	2.25224e-04
1.07940e+01	2.19061e-04
1.08144e+01	2.13053e-04
1.08347e+01	2.07197e-04
1.08551e+01	2.01489e-04
1.08754e+01	1.95925e-04
1.08958e+01	1.90502e-04
1.09161e+01	1.85216e-04
1.09365e+01	1.80063e-04
1.09568e+01	1.75040e-04
1.09772e+01	1.70144e-04
1.09975e+01	1.65372e-04
1.10179e+01	1.60720e-04
1.10382e+01	1.56185e-04
1.10586e+01	1.51764e-04
1.10789e+01	1.47454e-04
1.10992e+01	1.43253e-04
1.11196e+01	1.39157e-04
1.11399e+01	1.35164e-04
1.11603e+01	1.31270e-04
1.11806e+01	1.27473e-04
1.12010e+01	1.23771e-04
1.12213e+01	1.20161e-04
1.12417e+01	1.16640e-04
1.12620e+01	1.13207e-04
1.12824e+01	1.09859e-04
1.13027e+01	1.06595e-04
1.13231e+01	1.03411e-04
1.13434e+01	1.00306e-04
1.13638e+01	9.72775e-05
1.13841e+01	9.43239e-05
1.14045e+01	9.14431e-05
1.14248e+01	8.86330e-05
1.14451e+01	8.58917e-05
1.14655e+01	8.32173e-05
1.14858e+01	8.06080e-05
1.15062e+01	7.80616e-05
1.15265e+01	7.55763e-05
1.15469e+01	7.31499e-05
1.15672e+01	7.07800e-05
1.15876e+01	6.84668e-05
1.16079e+01	6.62103e-05
1.16283e+01	6.40106e-05
1.16486e+01	6.18684e-05
1.16690e+01	5.97881e-05
1.16893e+01	5.77712e-05
1.17097e+01	5.58147e-05
1.17300e+01	5.39147e-05
1.17503e+01	5.20675e-05
1.17707e+01	5.02710e-05
1.17910e+01	4.85251e-05
1.18114e+01	4.68283e-05
1.18317e+01	4.51792e-05
1.18521e+01	4.35792e-05
1.18724e+01	4.20358e-05
1.18928e+01	4.05434e-05
1.19131e+01	3.90999e-05
1.19335e+01	3.77072e-05
1.19538e+01	3.63620e-05
1.19742e+01	3.50613e-05
1.19945e+01	3.38031e-05
1.20149e+01	3.25855e-05
1.20352e+01	3.14070e-05
1.20556e+01	3.02664e-05
1.20759e+01	2.91626e-05
1.20962e+01	2.80943e-05
1.21166e+01	2.70606e-05
1.21369e+01	2.60603e-05
1.21573e+01	2.50926e-05
1.21776e+01	2.41565e-05
1.21980e+01	2.32511e-05
1.22183e+01	2.23755e-05
1.22387e+01	2.15290e-05
1.22590e+01	2.07108e-05
1.22794e+01	1.99203e-05
1.22997e+01	1.91568e-05
1.23201e+01	1.84196e-05
1.23404e+01	1.77079e-05
1.23608e+01	1.70209e-05
1.23811e+01	1.63579e-05
1.24014e+01	1.57181e-05
1.24218e+01	1.51008e-05
1.24421e+01	1.45053e-05
1.24625e+01	1.39310e-05
1.24828e+01	1.33774e-05
1.25032e+01	1.28437e-05
1.25235e+01	1.23295e-05
1.25439e+01	1.18342e-05
1.25642e+01	1.13572e-05
1.25846e+01	1.08982e-05
1.26049e+01	1.04568e-05
1.26253e+01	1.00324e-05
1.26456e+01	9.62460e-06
1.26660e+01	9.23275e-06
1.26863e+01	8.85632e-06
1.27067e+01	8.49482e-06
1.27270e+01	8.14769e-06
1.27473e+01	7.81443e-06
1.27677e+01	7.49450e-06
1.27880e+01	7.18742e-06
1.28084e+01	6.89271e-06
1.28287e+01	6.60990e-06
1.28491e+01	6.33847e-06
1.28694e+01	6.07788e-06
1.28898e+01	5.82750e-06
1.29101e+01	5.58681e-06
1.29305e+01	5.35554e-06
1.29508e+01	5.13347e-06
1.29712e+01	4.91983e-06
1.29915e+01	4.71406e-06
1.30119e+01	4.51587e-06
1.30322e+01	4.32561e-06
1.30526e+01	4.14448e-06
1.30729e+01	3.97290e-06
1.30932e+01	3.80952e-06
1.31136e+01	3.65324e-06
1.31339e+01	3.50315e-06
1.31543e+01	3.35855e-06
1.31746e+01	3.21940e-06
1.31950e+01	3.08581e-06
1.32153e+01	2.95792e-06
1.32357e+01	2.83548e-06
1.32560e+01	2.71795e-06
1.32764e+01	2.60502e-06
1.32967e+01	2.49642e-06
1.33171e+01	2.39191e-06
1.33374e+01	2.29128e-06
1.33578e+01	2.19436e-06
1.33781e+01	2.10099e-06
1.33984e+01	2.01106e-06
1.34188e+01	1.92448e-06
1.34391e+01	1.84116e-06
1.34595e+01	1.76103e-06
1.34798e+01	1.68406e-06
1.35002e+01	1.61017e-06
1.35205e+01	1.53921e-06
1.35409e+01	1.47106e-06
1.35612e+01	1.40562e-06
1.35816e+01	1.34280e-06
1.36019e+01	1.28252e-06
1.36223e+01	1.22467e-06
1.36426e+01	1.16918e-06
1.36630e+01	1.11596e-06
1.36833e+01	1.06491e-06
1.37037e+01	1.01597e-06
1.37240e+01	9.69054e-07
1.37443e+01	9.24084e-07
1.37647e+01	8.80987e-07
1.37850e+01	8.39692e-07
1.38054e+01	8.00129e-07
1.38257e+01	7.62232e-07
1.38461e+01	7.25936e-07
1.38664e+01	6.91180e-07
1.38868e+01	6.57903e-07
1.39071e+01	6.26053e-07
1.39275e+01	5.95576e-07
1.39478e+01	5.66425e-07
1.39682e+01	5.38550e-07
1.39885e+01	5.11904e-07
1.40089e+01	4.86440e-07
1.40292e+01	4.62115e-07
1.40496e+01	4.38884e-07
1.40699e+01	4.16707e-07
1.40902e+01	3.95542e-07
1.41106e+01	3.75349e-07
1.41309e+01	3.56089e-07
1.41513e+01	3.37724e-07
1.41716e+01	3.20217e-07
1.41920e+01	3.03532e-07
1.42123e+01	2.87635e-07
1.42327e+01	2.72493e-07
1.42530e+01	2.58074e-07
1.42734e+01	2.44349e-07
1.42937e+01	2.31289e-07
1.43141e+01	2.18867e-07
1.43344e+01	2.07055e-07
1.43548e+01	1.95828e-07
1.43751e+01	1.85160e-07
1.43954e+01	1.75026e-07
1.44158e+01	1.65403e-07
1.44361e+01	1.56269e-07
1.44565e+01	1.47601e-07
1.44768e+01	1.39379e-07
1.44972e+01	1.31581e-07
1.45175e+01	1.24189e-07
1.45379e+01	1.17182e-07
1.45582e+01	1.10544e-07
1.45786e+01	1.04257e-07
1.45989e+01	9.83034e-08
1.46193e+01	9.26676e-08
1.46396e+01	8.73343e-08
1.46600e+01	8.22885e-08
1.46803e+01	7.75163e-08
1.47007e+01	7.30040e-08
1.47210e+01	6.87388e-08
1.47413e+01	6.47082e-08
1.47617e+01	6.09003e-08
1.47820e+01	5.73040e-08
1.48024e+01	5.39084e-08
1.48227e+01	5.07032e-08
1.48431e+01	4.76786e-08
1.48634e+01	4.48253e-08
1.48838e+01	4.21343e-08
1.49041e+01	3.95972e-08
1.49245e+01	3.72058e-08
1.49448e+01	3.49524e-08
1.49652e+01	3.28297e-08
1.49855e+01	3.08309e-08
1.50059e+01	2.89492e-08
1.50262e+01	2.71782e-08
1.50465e+01	2.55118e-08
1.50669e+01	2.39441e-08
1.50872e+01	2.24693e-08
1.51076e+01	2.10822e-08
1.51279e+01	1.97777e-08
1.51483e+01	1.85512e-08
1.51686e+01	1.73982e-08
1.51890e+01	1.63143e-08
1.52093e+01	1.52956e-08
1.52297e+01	1.43384e-08
1.52500e+01	1.34391e-08
1.52704e+01	1.25943e-08
1.52907e+01	1.18008e-08
1.53111e+01	1.10556e-08
1.53314e+01	1.03560e-08
1.53518e+01	9.69909e-09
1.53721e+01	9.08250e-09
1.53924e+01	8.50380e-09
1.54128e+01	7.96076e-09
1.54331e+01	7.45125e-09
1.54535e+01	6.97326e-09
1.54738e+01	6.52491e-09
1.54942e+01	6.10442e-09
1.55145e+01	5.71010e-09
1.55349e+01	5.34039e-09
1.55552e+01	4.99378e-09
1.55756e+01	4.66887e-09
1.55959e+01	4.36434e-09
1.56163e+01	4.07895e-09
1.56366e+01	3.81152e-09
1.56570e+01	3.56096e-09
1.56773e+01	3.32621e-09
1.56977e+01	3.10631e-09
1.57180e+01	2.90033e-09
1.57383e+01	2.70739e-09
1.57587e+01	2.52668e-09
1.57790e+01	2.35740e-09
1.57994e+01	2.19887e-09
1.58197e+01	2.05048e-09
1.58401e+01	1.91161e-09
1.58604e+01	1.78172e-09
1.58808e+01	1.66024e-09
1.59011e+01	1.54669e-09
1.59215e+01	1.44057e-09
1.59418e+01	1.34143e-09
1.59622e+01	1.24885e-09
1.59825e+01	1.16240e-09
1.60029e+01	1.08172e-09
1.60232e+01	1.00645e-09
1.60435e+01	9.36226e-10
1.60639e+01	8.70736e-10
1.60842e+01	8.09672e-10
1.61046e+01	7.52745e-10
1.61249e+01	6.99685e-10
1.61453e+01	6.50241e-10
1.61656e+01	6.04175e-10
1.61860e+01	5.61266e-10
1.62063e+01	5.21305e-10
1.62267e+01	4.84097e-10
1.62470e+01	4.49460e-10
1.62674e+01	4.17223e-10
1.62877e+01	3.87225e-10
1.63081e+01	3.59317e-10
1.63284e+01	3.33358e-10
1.63488e+01	3.09217e-10
1.63691e+01	2.86770e-10
1.63894e+01	2.65904e-10
1.64098e+01	2.46511e-10
1.64301e+01	2.28490e-10
1.64505e+01	2.11747e-10
1.64708e+01	1.96195e-10
1.64912e+01	1.81751e-10
1.65115e+01	1.68339e-10
1.65319e+01	1.55888e-10
1.65522e+01	1.44331e-10
1.65726e+01	1.33606e-10
1.65929e+01	1.23656e-10
1.66133e+01	1.14425e-10
1.66336e+01	1.05865e-10
1.66540e+01	9.79272e-11
1.66743e+01	9.05685e-11
1.66947e+01	8.37479e-11
1.67150e+01	7.74274e-11
1.67353e+01	7.15713e-11
1.67557e+01	6.61466e-11
1.67760e+01	6.11225e-11
1.67964e+01	5.64703e-11
1.68167e+01	5.21633e-11
1.68371e+01	4.81766e-11
1.68574e+01	4.44872e-11
1.68778e+01	4.10735e-11
1.68981e+01	3.79155e-11
1.69185e+01	3.49946e-11
1.69388e+01	3.22935e-11
1.69592e+01	2.97961e-11
1.69795e+01	2.74876e-11
1.69999e+01	2.53540e-11
1.70202e+01	2.33824e-11
1.70405e+01	2.15610e-11
1.70609e+01	1.98785e-11
1.70812e+01	1.83246e-11
1.71016e+01	1.68896e-11
1.71219e+01	1.55648e-11
1.71423e+01	1.43418e-11
1.71626e+01	1.32130e-11
1.71830e+01	1.21712e-11
1.72033e+01	1.12100e-11
1.72237e+01	1.03231e-11
1.72440e+01	9.50513e-12
1.72644e+01	8.75069e-12
1.72847e+01	8.05498e-12
1.73051e+01	7.41353e-12
1.73254e+01	6.82218e-12
1.73458e+01	6.27712e-12
1.73661e+01	5.77478e-12
1.73864e+01	5.31190e-12
1.74068e+01	4.88542e-12
1.74271e+01	4.49255e-12
1.74475e+01	4.13068e-12
1.74678e+01	3.79742e-12
1.74882e+01	3.49056e-12
1.75085e+01	3.20803e-12
1.75289e+01	2.94795e-12
1.75492e+01	2.70857e-12
1.75696e+01	2.48828e-12
1.75899e+01	2.28558e-12
1.76103e+01	2.09909e-12
1.76306e+01	1.92755e-12
1.76510e+01	1.76979e-12
1.76713e+01	1.62471e-12
1.76916e+01	1.49133e-12
1.77120e+01	1.36871e-12
1.77323e+01	1.25600e-12
1.77527e+01	1.15243e-12
1.77730e+01	1.05725e-12
1.77934e+01	9.69813e-13
1.78137e+01	8.89492e-13
1.78341e+01	8.15723e-13
1.78544e+01	7.47977e-13
1.78748e+01	6.85767e-13
1.78951e+01	6.28651e-13
1.79155e+01	5.76218e-13
1.79358e+01	5.28092e-13
1.79562e+01	4.83927e-13
1.79765e+01	4.43402e-13
1.79969e+01	4.06224e-13
1.80172e+01	3.72122e-13
1.80375e+01	3.40844e-13
1.80579e+01	3.12161e-13
1.80782e+01	2.85861e-13
1.80986e+01	2.61748e-13
1.81189e+01	2.39643e-13
1.81393e+01	2.19382e-13
1.81596e+01	2.00812e-13
1.81800e+01	1.83794e-13
1.82003e+01	1.68199e-13
1.82207e+01	1.53910e-13
1.82410e+01	1.40818e-13
1.82614e+01	1.28825e-13
1.82817e+01	1.17841e-13
1.83021e+01	1.07781e-13
1.83224e+01	9.85683e-14
1.83428e+01	9.01333e-14
1.83631e+01	8.24108e-14
1.83834e+01	7.53415e-14
1.84038e+01	6.88709e-14
1.84241e+01	6.29490e-14
1.84445e+01	5.75300e-14
1.84648e+01	5.25716e-14
1.84852e+01	4.80352e-14
1.85055e+01	4.38854e-14
1.85259e+01	4.00896e-14
1.85462e+01	3.66181e-14
1.85666e+01	3.34434e-14
1.85869e+01	3.05406e-14
1.86073e+01	2.78867e-14
1.86276e+01	2.54606e-14
1.86480e+01	2.32430e-14
1.86683e+01	2.12163e-14
1.86886e+01	1.93642e-14
1.87090e+01	1.76719e-14
1.87293e+01	1.61258e-14
1.87497e+01	1.47134e-14
1.87700e+01	1.34233e-14
1.87904e+01	1.22451e-14
1.88107e+01	1.11691e-14
1.88311e+01	1.01866e-14
1.88514e+01	9.28964e-15
1.88718e+01	8.47080e-15
1.88921e+01	7.72337e-15
1.89125e+01	7.04121e-15
1.89328e+01	6.41869e-15
1.89532e+01	5.85066e-15
1.89735e+01	5.33242e-15
1.89939e+01	4.85966e-15
1.90142e+01	4.42843e-15
1.90345e+01	4.03513e-15
1.90549e+01	3.67646e-15
1.90752e+01	3.34940e-15
1.90956e+01	3.05118e-15
1.91159e+01	2.77930e-15
1.91363e+01	2.53143e-15
1.91566e+01	2.30548e-15
1.91770e+01	2.09952e-15
1.91973e+01	1.91181e-15
1.92177e+01	1.74075e-15
1.92380e+01	1.58486e-15
1.92584e+01	1.44281e-15
1.92787e+01	1.31339e-15
1.92991e+01	1.19548e-15
1.93194e+01	1.08807e-15
1.93398e+01	9.90233e-16
1.93601e+01	9.01118e-16
1.93804e+01	8.19957e-16
1.94008e+01	7.46046e-16
1.94211e+01	6.78741e-16
1.94415e+01	6.17457e-16
1.94618e+01	5.61660e-16
1.94822e+01	5.10861e-16
1.95025e+01	4.64618e-16
1.95229e+01	4.22523e-16
1.95432e+01	3.84207e-16
1.95636e+01	3.49334e-16
1.95839e+01	3.17595e-16
1.96043e+01	2.88710e-16
1.96246e+01	2.62425e-16
1.96450e+01	2.38506e-16
1.96653e+01	2.16741e-16
1.96856e+01	1.96938e-16
1.97060e+01	1.78918e-16
1.97263e+01	1.62523e-16
1.97467e+01	1.47605e-16
1.97670e+01	1.34030e-16
1.97874e+01	1.21678e-16
1.98077e+01	1.10438e-16
1.98281e+01	1.00208e-16
1.98484e+01	9.08957e-17
1.98688e+01	8.24182e-17
1.98891e+01	7.46988e-17
1.99095e+01	6.76665e-17
1.99298e+01	6.12561e-17
1.99502e+01	5.54097e-17
1.99705e+01	5.00747e-17
1.99909e+01	4.52028e-17
2.00112e+01	4.07501e-17
2.00315e+01	3.66761e-17
2.00519e+01	3.29439e-17
2.00722e+01	2.95199e-17
2.00926e+01	2.63730e-17
2.01129e+01	2.34745e-17
2.01333e+01	2.07981e-17
2.01536e+01	1.83195e-17
2.01740e+01	1.60163e-17
2.01943e+01	1.38680e-17
2.02147e+01	1.18554e-17
2.02350e+01	9.96123e-18
2.02554e+01	8.16937e-18
2.02757e+01	6.46530e-18
2.02961e+01	4.83607e-18
2.03164e+01	3.27043e-18
2.03368e+01	1.75870e-18
