# The ell = 1 distribution, the first anisotropy.
# E_N [Td]	2.00000e+00
# col_1: Electron Energy [eV], col_2: f1 [eV^(-3/2)]
eV	f1
1.39145e-02	4.06294e-06
2.78290e-02	4.14058e-06
4.17435e-02	4.67215e-06
5.56580e-02	4.40599e-06
6.95725e-02	4.14502e-06
8.34870e-02	3.40829e-06
9.74015e-02	3.27374e-06
1.11316e-01	2.85941e-06
1.25231e-01	2.39748e-06
1.39145e-01	1.97206e-06
1.53060e-01	1.81608e-06
1.66974e-01	1.57496e-06
1.80889e-01	1.22372e-06
1.94803e-01	1.28123e-06
2.08718e-01	1.22703e-06
2.22632e-01	1.10560e-06
2.36547e-01	1.33403e-06
2.50461e-01	1.44410e-06
2.64376e-01	1.60015e-06
2.78290e-01	1.97052e-06
2.92205e-01	2.23584e-06
3.06119e-01	2.65760e-06
3.20034e-01	3.14985e-06
3.33948e-01	3.58304e-06
3.47863e-01	4.22684e-06
3.61777e-01	4.80246e-06
3.75692e-01	5.48818e-06
3.89606e-01	6.21556e-06
4.03521e-01	6.95986e-06
4.17435e-01	7.80209e-06
4.31350e-01	8.63576e-06
4.45264e-01	9.55767e-06
4.59179e-01	1.04896e-05
4.73093e-01	1.14830e-05
4.87008e-01	1.25046e-05
5.00922e-01	1.35733e-05
5.14837e-01	1.46730e-05
5.28751e-01	1.58179e-05
5.42666e-01	1.69885e-05
5.56580e-01	1.82119e-05
5.70495e-01	1.94500e-05
5.84409e-01	2.07475e-05
5.98324e-01	2.20534e-05
6.12238e-01	2.34213e-05
6.26153e-01	2.47967e-05
6.40067e-01	2.62327e-05
6.53982e-01	2.76794e-05
6.67896e-01	2.91808e-05
6.81811e-01	3.07015e-05
6.95725e-01	3.22659e-05
7.09640e-01	3.38618e-05
7.23554e-01	3.54939e-05
7.37469e-01	3.71643e-05
7.51383e-01	3.88670e-05
7.65298e-01	4.06084e-05
7.79212e-01	4.23924e-05
7.93127e-01	4.41958e-05
8.07041e-01	4.60702e-05
8.20956e-01	4.79489e-05
8.34870e-01	4.99025e-05
8.48785e-01	5.18653e-05
8.62699e-01	5.38864e-05
8.76614e-01	5.59627e-05
8.90528e-01	5.80355e-05
9.04443e-01	6.02361e-05
9.18357e-01	6.23686e-05
9.32272e-01	6.46623e-05
9.46186e-01	6.69404e-05
9.60101e-01	6.92639e-05
9.74015e-01	7.13374e-05
9.87930e-01	7.48318e-05
1.00184e+00	7.61314e-05
1.01576e+00	7.83979e-05
1.02967e+00	8.05505e-05
1.04359e+00	8.26083e-05
1.05750e+00	8.47626e-05
1.07142e+00	8.69467e-05
1.08533e+00	8.91552e-05
1.09925e+00	9.13913e-05
1.11316e+00	9.36540e-05
1.12707e+00	9.59445e-05
1.14099e+00	9.82611e-05
1.15490e+00	1.00593e-04
1.16882e+00	1.03006e-04
1.18273e+00	1.05350e-04
1.19665e+00	1.07770e-04
1.21056e+00	1.10231e-04
1.22448e+00	1.12633e-04
1.23839e+00	1.15107e-04
1.25231e+00	1.17596e-04
1.26622e+00	1.20110e-04
1.28013e+00	1.22644e-04
1.29405e+00	1.25214e-04
1.30796e+00	1.27809e-04
1.32188e+00	1.30430e-04
1.33579e+00	1.33075e-04
1.34971e+00	1.35745e-04
1.36362e+00	1.38443e-04
1.37754e+00	1.41164e-04
1.39145e+00	1.43911e-04
1.40536e+00	1.46685e-04
1.41928e+00	1.49482e-04
1.43319e+00	1.52304e-04
1.44711e+00	1.55155e-04
1.46102e+00	1.58025e-04
1.47494e+00	1.61015e-04
1.48885e+00	1.63662e-04
1.50277e+00	1.66883e-04
1.51668e+00	1.69974e-04
1.53060e+00	1.73070e-04
1.54451e+00	1.76216e-04
1.55842e+00	1.79385e-04
1.57234e+00	1.82581e-04
1.58625e+00	1.85800e-04
1.60017e+00	1.89045e-04
1.61408e+00	1.92316e-04
1.62800e+00	1.95613e-04
1.64191e+00	1.98934e-04
1.65583e+00	2.02203e-04
1.66974e+00	2.05855e-04
1.68365e+00	2.08936e-04
1.69757e+00	2.12214e-04
1.71148e+00	2.15757e-04
1.72540e+00	2.18981e-04
1.73931e+00	2.22208e-04
1.75323e+00	2.25522e-04
1.76714e+00	2.28854e-04
1.78106e+00	2.32197e-04
1.79497e+00	2.35569e-04
1.80889e+00	2.38953e-04
1.82280e+00	2.42372e-04
1.83671e+00	2.45809e-04
1.85063e+00	2.49266e-04
1.86454e+00	2.52745e-04
1.87846e+00	2.56245e-04
1.89237e+00	2.59763e-04
1.90629e+00	2.63310e-04
1.92020e+00	2.66868e-04
1.93412e+00	2.70451e-04
1.94803e+00	2.74147e-04
1.96194e+00	2.77424e-04
1.97586e+00	2.81464e-04
1.98977e+00	2.85283e-04
2.00369e+00	2.89024e-04
2.01760e+00	2.92648e-04
2.03152e+00	2.97020e-04
2.04543e+00	3.01068e-04
2.05935e+00	3.05177e-04
2.07326e+00	3.09308e-04
2.08718e+00	3.13464e-04
2.10109e+00	3.17641e-04
2.11500e+00	3.21840e-04
2.12892e+00	3.26060e-04
2.14283e+00	3.30302e-04
2.15675e+00	3.34564e-04
2.17066e+00	3.38852e-04
2.18458e+00	3.43154e-04
2.19849e+00	3.47477e-04
2.21241e+00	3.51820e-04
2.22632e+00	3.56189e-04
2.24023e+00	3.60570e-04
2.25415e+00	3.64972e-04
2.26806e+00	3.69392e-04
2.28198e+00	3.73836e-04
2.29589e+00	3.78293e-04
2.30981e+00	3.82768e-04
2.32372e+00	3.87266e-04
2.33764e+00	3.91770e-04
2.35155e+00	3.96305e-04
2.36547e+00	4.00862e-04
2.37938e+00	4.05430e-04
2.39329e+00	4.10020e-04
2.40721e+00	4.14623e-04
2.42112e+00	4.19236e-04
2.43504e+00	4.23879e-04
2.44895e+00	4.28545e-04
2.46287e+00	4.33079e-04
2.47678e+00	4.37947e-04
2.49070e+00	4.42690e-04
2.50461e+00	4.47530e-04
2.51852e+00	4.52127e-04
2.53244e+00	4.57109e-04
2.54635e+00	4.62017e-04
2.56027e+00	4.66925e-04
2.57418e+00	4.71847e-04
2.58810e+00	4.76782e-04
2.60201e+00	4.81730e-04
2.61593e+00	4.86689e-04
2.62984e+00	4.91654e-04
2.64376e+00	4.96657e-04
2.65767e+00	5.01629e-04
2.67158e+00	5.06626e-04
2.68550e+00	5.11634e-04
2.69941e+00	5.16647e-04
2.71333e+00	5.21665e-04
2.72724e+00	5.26716e-04
2.74116e+00	5.31764e-04
2.75507e+00	5.36821e-04
2.76899e+00	5.41884e-04
2.78290e+00	5.46954e-04
2.79681e+00	5.52031e-04
2.81073e+00	5.57113e-04
2.82464e+00	5.62198e-04
2.83856e+00	5.67294e-04
2.85247e+00	5.72386e-04
2.86639e+00	5.77484e-04
2.88030e+00	5.82585e-04
2.89422e+00	5.87688e-04
2.90813e+00	5.92797e-04
2.92205e+00	5.97900e-04
2.93596e+00	6.03006e-04
2.94987e+00	6.08099e-04
2.96379e+00	6.13209e-04
2.97770e+00	6.18398e-04
2.99162e+00	6.23346e-04
3.00553e+00	6.28401e-04
3.01945e+00	6.33434e-04
3.03336e+00	6.38475e-04
3.04728e+00	6.43538e-04
3.06119e+00	6.48508e-04
3.07510e+00	6.53514e-04
3.08902e+00	6.58509e-04
3.10293e+00	6.63499e-04
3.11685e+00	6.68487e-04
3.13076e+00	6.73455e-04
3.14468e+00	6.78420e-04
3.15859e+00	6.83377e-04
3.17251e+00	6.88329e-04
3.18642e+00	6.93249e-04
3.20034e+00	6.98195e-04
3.21425e+00	7.03115e-04
3.22816e+00	7.08025e-04
3.24208e+00	7.12921e-04
3.25599e+00	7.17809e-04
3.26991e+00	7.22676e-04
3.28382e+00	7.27531e-04
3.29774e+00	7.32371e-04
3.31165e+00	7.37194e-04
3.32557e+00	7.42004e-04
3.33948e+00	7.46795e-04
3.35340e+00	7.51565e-04
3.36731e+00	7.56319e-04
3.38122e+00	7.61054e-04
3.39514e+00	7.65768e-04
3.40905e+00	7.70467e-04
3.42297e+00	7.75136e-04
3.43688e+00	7.79787e-04
3.45080e+00	7.84415e-04
3.46471e+00	7.89020e-04
3.47863e+00	7.93601e-04
3.49254e+00	7.98158e-04
3.50645e+00	8.02690e-04
3.52037e+00	8.07196e-04
3.53428e+00	8.11676e-04
3.54820e+00	8.16131e-04
3.56211e+00	8.20545e-04
3.57603e+00	8.24951e-04
3.58994e+00	8.29321e-04
3.60386e+00	8.33661e-04
3.61777e+00	8.37970e-04
3.63169e+00	8.42247e-04
3.64560e+00	8.46498e-04
3.65951e+00	8.50702e-04
3.67343e+00	8.54879e-04
3.68734e+00	8.59021e-04
3.70126e+00	8.63127e-04
3.71517e+00	8.67197e-04
3.72909e+00	8.71231e-04
3.74300e+00	8.75228e-04
3.75692e+00	8.79187e-04
3.77083e+00	8.83107e-04
3.78474e+00	8.86987e-04
3.79866e+00	8.90828e-04
3.81257e+00	8.94628e-04
3.82649e+00	8.98383e-04
3.84040e+00	9.02098e-04
3.85432e+00	9.05769e-04
3.86823e+00	9.09398e-04
3.88215e+00	9.12980e-04
3.89606e+00	9.16516e-04
3.90998e+00	9.20015e-04
3.92389e+00	9.23463e-04
3.93780e+00	9.26865e-04
3.95172e+00	9.30390e-04
3.96563e+00	9.33680e-04
3.97955e+00	9.35855e-04
3.99346e+00	9.41021e-04
4.00738e+00	9.44743e-04
4.02129e+00	9.48576e-04
4.03521e+00	9.52329e-04
4.04912e+00	9.56189e-04
4.06303e+00	9.59285e-04
4.07695e+00	9.63449e-04
4.09086e+00	9.67084e-04
4.10478e+00	9.70710e-04
4.11869e+00	9.74262e-04
4.13261e+00	9.77746e-04
4.14652e+00	9.81170e-04
4.16044e+00	9.84514e-04
4.17435e+00	9.87788e-04
4.18827e+00	9.90993e-04
4.20218e+00	9.94127e-04
4.21609e+00	9.97188e-04
4.23001e+00	1.00018e-03
4.24392e+00	1.00308e-03
4.25784e+00	1.00593e-03
4.27175e+00	1.00869e-03
4.28567e+00	1.01138e-03
4.29958e+00	1.01399e-03
4.31350e+00	1.01653e-03
4.32741e+00	1.01897e-03
4.34132e+00	1.02135e-03
4.35524e+00	1.02364e-03
4.36915e+00	1.02585e-03
4.38307e+00	1.02798e-03
4.39698e+00	1.03002e-03
4.41090e+00	1.03198e-03
4.42481e+00	1.03386e-03
4.43873e+00	1.03564e-03
4.45264e+00	1.03734e-03
4.46656e+00	1.03896e-03
4.48047e+00	1.04049e-03
4.49438e+00	1.04192e-03
4.50830e+00	1.04327e-03
4.52221e+00	1.04454e-03
4.53613e+00	1.04570e-03
4.55004e+00	1.04678e-03
4.56396e+00	1.04776e-03
4.57787e+00	1.04865e-03
4.59179e+00	1.04945e-03
4.60570e+00	1.05016e-03
4.61961e+00	1.05078e-03
4.63353e+00	1.05130e-03
4.64744e+00	1.05172e-03
4.66136e+00	1.05206e-03
4.67527e+00	1.05229e-03
4.68919e+00	1.05244e-03
4.70310e+00	1.05248e-03
4.71702e+00	1.05242e-03
4.73093e+00	1.05229e-03
4.74485e+00	1.05205e-03
4.75876e+00	1.05172e-03
4.77267e+00	1.05129e-03
4.78659e+00	1.05076e-03
4.80050e+00	1.05013e-03
4.81442e+00	1.04942e-03
4.82833e+00	1.04858e-03
4.84225e+00	1.04766e-03
4.85616e+00	1.04664e-03
4.87008e+00	1.04552e-03
4.88399e+00	1.04430e-03
4.89790e+00	1.04302e-03
4.91182e+00	1.04151e-03
4.92573e+00	1.04008e-03
4.93965e+00	1.03854e-03
4.95356e+00	1.03688e-03
4.96748e+00	1.03512e-03
4.98139e+00	1.03326e-03
4.99531e+00	1.03134e-03
5.00922e+00	1.02924e-03
5.02314e+00	1.02696e-03
5.03705e+00	1.02504e-03
5.05096e+00	1.02280e-03
5.06488e+00	1.02048e-03
5.07879e+00	1.01806e-03
5.09271e+00	1.01554e-03
5.10662e+00	1.01292e-03
5.12054e+00	1.01019e-03
5.13445e+00	1.00737e-03
5.14837e+00	1.00446e-03
5.16228e+00	1.00145e-03
5.17619e+00	9.98339e-04
5.19011e+00	9.95132e-04
5.20402e+00	9.91828e-04
5.21794e+00	9.88426e-04
5.23185e+00	9.84943e-04
5.24577e+00	9.81340e-04
5.25968e+00	9.77654e-04
5.27360e+00	9.73874e-04
5.28751e+00	9.70002e-04
5.30143e+00	9.66040e-04
5.31534e+00	9.61987e-04
5.32925e+00	9.57844e-04
5.34317e+00	9.53609e-04
5.35708e+00	9.49297e-04
5.37100e+00	9.44894e-04
5.38491e+00	9.40405e-04
5.39883e+00	9.35831e-04
5.41274e+00	9.31174e-04
5.42666e+00	9.26433e-04
5.44057e+00	9.21613e-04
5.45448e+00	9.16713e-04
5.46840e+00	9.11725e-04
5.48231e+00	9.06664e-04
5.49623e+00	9.01526e-04
5.51014e+00	8.96312e-04
5.52406e+00	8.91023e-04
5.53797e+00	8.85662e-04
5.55189e+00	8.80229e-04
5.56580e+00	8.74722e-04
5.57972e+00	8.69156e-04
5.59363e+00	8.63517e-04
5.60754e+00	8.57813e-04
5.62146e+00	8.52044e-04
5.63537e+00	8.46211e-04
5.64929e+00	8.40315e-04
5.66320e+00	8.34357e-04
5.67712e+00	8.28351e-04
5.69103e+00	8.22269e-04
5.70495e+00	8.16138e-04
5.71886e+00	8.09952e-04
5.73277e+00	8.03714e-04
5.74669e+00	7.97424e-04
5.76060e+00	7.91084e-04
5.77452e+00	7.84699e-04
5.78843e+00	7.78259e-04
5.80235e+00	7.71784e-04
5.81626e+00	7.65266e-04
5.83018e+00	7.58705e-04
5.84409e+00	7.52104e-04
5.85801e+00	7.45465e-04
5.87192e+00	7.38788e-04
5.88583e+00	7.32072e-04
5.89975e+00	7.25319e-04
5.91366e+00	7.18607e-04
5.92758e+00	7.11707e-04
5.94149e+00	7.04850e-04
5.95541e+00	6.97961e-04
5.96932e+00	6.91050e-04
5.98324e+00	6.84118e-04
5.99715e+00	6.77165e-04
6.01106e+00	6.70165e-04
6.02498e+00	6.63247e-04
6.03889e+00	6.56232e-04
6.05281e+00	6.49097e-04
6.06672e+00	6.42025e-04
6.08064e+00	6.34940e-04
6.09455e+00	6.27851e-04
6.10847e+00	6.20759e-04
6.12238e+00	6.13666e-04
6.13630e+00	6.06574e-04
6.15021e+00	5.99481e-04
6.16412e+00	5.92396e-04
6.17804e+00	5.85316e-04
6.19195e+00	5.78242e-04
6.20587e+00	5.71176e-04
6.21978e+00	5.64119e-04
6.23370e+00	5.57074e-04
6.24761e+00	5.50042e-04
6.26153e+00	5.43023e-04
6.27544e+00	5.36024e-04
6.28935e+00	5.29036e-04
6.30327e+00	5.22067e-04
6.31718e+00	5.15119e-04
6.33110e+00	5.08192e-04
6.34501e+00	5.01288e-04
6.35893e+00	4.94409e-04
6.37284e+00	4.87555e-04
6.38676e+00	4.80727e-04
6.40067e+00	4.73930e-04
6.41459e+00	4.67160e-04
6.42850e+00	4.60420e-04
6.44241e+00	4.53713e-04
6.45633e+00	4.47040e-04
6.47024e+00	4.40401e-04
6.48416e+00	4.33797e-04
6.49807e+00	4.27231e-04
6.51199e+00	4.20703e-04
6.52590e+00	4.14212e-04
6.53982e+00	4.07761e-04
6.55373e+00	4.01358e-04
6.56765e+00	3.94994e-04
6.58156e+00	3.88673e-04
6.59547e+00	3.82397e-04
6.60939e+00	3.76165e-04
6.62330e+00	3.69979e-04
6.63722e+00	3.63840e-04
6.65113e+00	3.57748e-04
6.66505e+00	3.51709e-04
6.67896e+00	3.45713e-04
6.69288e+00	3.39769e-04
6.70679e+00	3.33876e-04
6.72070e+00	3.28035e-04
6.73462e+00	3.22246e-04
6.74853e+00	3.16511e-04
6.76245e+00	3.10829e-04
6.77636e+00	3.05202e-04
6.79028e+00	2.99630e-04
6.80419e+00	2.94115e-04
6.81811e+00	2.88652e-04
6.83202e+00	2.83248e-04
6.84594e+00	2.77901e-04
6.85985e+00	2.72612e-04
6.87376e+00	2.67380e-04
6.88768e+00	2.62208e-04
6.90159e+00	2.57094e-04
6.91551e+00	2.52017e-04
6.92942e+00	2.47073e-04
6.94334e+00	2.42128e-04
6.95725e+00	2.37163e-04
6.97117e+00	2.32317e-04
6.98508e+00	2.27529e-04
6.99899e+00	2.22807e-04
7.01291e+00	2.18149e-04
7.02682e+00	2.13556e-04
7.04074e+00	2.09027e-04
7.05465e+00	2.04547e-04
7.06857e+00	2.00185e-04
7.08248e+00	1.95832e-04
7.09640e+00	1.91510e-04
7.11031e+00	1.87283e-04
7.12423e+00	1.83118e-04
7.13814e+00	1.79020e-04
7.15205e+00	1.74988e-04
7.16597e+00	1.71020e-04
7.17988e+00	1.67118e-04
7.19380e+00	1.63280e-04
7.20771e+00	1.59506e-04
7.22163e+00	1.55795e-04
7.23554e+00	1.52148e-04
7.24946e+00	1.48563e-04
7.26337e+00	1.45041e-04
7.27728e+00	1.41581e-04
7.29120e+00	1.38181e-04
7.30511e+00	1.34843e-04
7.31903e+00	1.31565e-04
7.33294e+00	1.28347e-04
7.34686e+00	1.25188e-04
7.36077e+00	1.22087e-04
7.37469e+00	1.19046e-04
7.38860e+00	1.16061e-04
7.40252e+00	1.13134e-04
7.41643e+00	1.10263e-04
7.43034e+00	1.07448e-04
7.44426e+00	1.04689e-04
7.45817e+00	1.01984e-04
7.47209e+00	9.93328e-05
7.48600e+00	9.67354e-05
7.49992e+00	9.41908e-05
7.51383e+00	9.16985e-05
7.52775e+00	8.92577e-05
7.54166e+00	8.68679e-05
7.55557e+00	8.45284e-05
7.56949e+00	8.22386e-05
7.58340e+00	7.99978e-05
7.59732e+00	7.78053e-05
7.61123e+00	7.56607e-05
7.62515e+00	7.35631e-05
7.63906e+00	7.15119e-05
7.65298e+00	6.95063e-05
7.66689e+00	6.75461e-05
7.68081e+00	6.56302e-05
7.69472e+00	6.37581e-05
7.70863e+00	6.19291e-05
7.72255e+00	6.01425e-05
7.73646e+00	5.83978e-05
7.75038e+00	5.66941e-05
7.76429e+00	5.50309e-05
7.77821e+00	5.34075e-05
7.79212e+00	5.18232e-05
7.80604e+00	5.02775e-05
7.81995e+00	4.87695e-05
7.83386e+00	4.72988e-05
7.84778e+00	4.58646e-05
7.86169e+00	4.44662e-05
7.87561e+00	4.31032e-05
7.88952e+00	4.17747e-05
7.90344e+00	4.04802e-05
7.91735e+00	3.92191e-05
7.93127e+00	3.79907e-05
7.94518e+00	3.67944e-05
7.95910e+00	3.56296e-05
7.97301e+00	3.44956e-05
7.98692e+00	3.33919e-05
8.00084e+00	3.23179e-05
8.01475e+00	3.12729e-05
8.02867e+00	3.02564e-05
8.04258e+00	2.92678e-05
8.05650e+00	2.83065e-05
8.07041e+00	2.73719e-05
8.08433e+00	2.64635e-05
8.09824e+00	2.55807e-05
8.11215e+00	2.47229e-05
8.12607e+00	2.38896e-05
8.13998e+00	2.30803e-05
8.15390e+00	2.22944e-05
8.16781e+00	2.15313e-05
8.18173e+00	2.07907e-05
8.19564e+00	2.00719e-05
8.20956e+00	1.93744e-05
8.22347e+00	1.86978e-05
8.23739e+00	1.80415e-05
8.25130e+00	1.74051e-05
8.26521e+00	1.67881e-05
8.27913e+00	1.61900e-05
8.29304e+00	1.56103e-05
8.30696e+00	1.50486e-05
8.32087e+00	1.45045e-05
8.33479e+00	1.39774e-05
8.34870e+00	1.34670e-05
8.36262e+00	1.29729e-05
8.37653e+00	1.24945e-05
8.39044e+00	1.20316e-05
8.40436e+00	1.15836e-05
8.41827e+00	1.11502e-05
8.43219e+00	1.07310e-05
8.44610e+00	1.03257e-05
8.46002e+00	9.93377e-06
8.47393e+00	9.55492e-06
8.48785e+00	9.18878e-06
8.50176e+00	8.83500e-06
8.51568e+00	8.49322e-06
8.52959e+00	8.16312e-06
8.54350e+00	7.84434e-06
8.55742e+00	7.53657e-06
8.57133e+00	7.23950e-06
8.58525e+00	6.95279e-06
8.59916e+00	6.67617e-06
8.61308e+00	6.40929e-06
8.62699e+00	6.15190e-06
8.64091e+00	5.90371e-06
8.65482e+00	5.66443e-06
8.66873e+00	5.43380e-06
8.68265e+00	5.21153e-06
8.69656e+00	4.99739e-06
8.71048e+00	4.79111e-06
8.72439e+00	4.59244e-06
8.73831e+00	4.40115e-06
8.75222e+00	4.21700e-06
8.76614e+00	4.03975e-06
8.78005e+00	3.86919e-06
8.79397e+00	3.70510e-06
8.80788e+00	3.54727e-06
8.82179e+00	3.39548e-06
8.83571e+00	3.24955e-06
8.84962e+00	3.10926e-06
8.86354e+00	2.97444e-06
8.87745e+00	2.84489e-06
8.89137e+00	2.72044e-06
8.90528e+00	2.60091e-06
8.91920e+00	2.48602e-06
8.93311e+00	2.37621e-06
8.94702e+00	2.27008e-06
8.96094e+00	2.16844e-06
8.97485e+00	2.07098e-06
8.98877e+00	1.97750e-06
9.00268e+00	1.88788e-06
9.01660e+00	1.80196e-06
9.03051e+00	1.71962e-06
9.04443e+00	1.64071e-06
9.05834e+00	1.56512e-06
9.07226e+00	1.49271e-06
9.08617e+00	1.42337e-06
9.10008e+00	1.35698e-06
9.11400e+00	1.29343e-06
9.12791e+00	1.23261e-06
9.14183e+00	1.17441e-06
9.15574e+00	1.11874e-06
9.16966e+00	1.06549e-06
9.18357e+00	1.01458e-06
9.19749e+00	9.65900e-07
9.21140e+00	9.19372e-07
9.22531e+00	8.74909e-07
9.23923e+00	8.32427e-07
9.25314e+00	7.91848e-07
9.26706e+00	7.53088e-07
9.28097e+00	7.16103e-07
9.29489e+00	6.80765e-07
9.30880e+00	6.47042e-07
9.32272e+00	6.14868e-07
9.33663e+00	5.84176e-07
9.35055e+00	5.54902e-07
9.36446e+00	5.26988e-07
9.37837e+00	5.00375e-07
9.39229e+00	4.75010e-07
9.40620e+00	4.50837e-07
9.42012e+00	4.27807e-07
9.43403e+00	4.05870e-07
9.44795e+00	3.84979e-07
9.46186e+00	3.65087e-07
9.47578e+00	3.46152e-07
9.48969e+00	3.28131e-07
9.50360e+00	3.10983e-07
9.51752e+00	2.94671e-07
9.53143e+00	2.79156e-07
9.54535e+00	2.64402e-07
9.55926e+00	2.50377e-07
9.57318e+00	2.37045e-07
9.58709e+00	2.24377e-07
9.60101e+00	2.12341e-07
9.61492e+00	2.00908e-07
9.62884e+00	1.90045e-07
9.64275e+00	1.79756e-07
9.65666e+00	1.69956e-07
9.67058e+00	1.60659e-07
9.68449e+00	1.51845e-07
9.69841e+00	1.43484e-07
9.71232e+00	1.35555e-07
9.72624e+00	1.28039e-07
9.74015e+00	1.20914e-07
9.75407e+00	1.14162e-07
9.76798e+00	1.07765e-07
9.78190e+00	1.01705e-07
9.79581e+00	9.59659e-08
9.80972e+00	9.05319e-08
9.82364e+00	8.53878e-08
9.83755e+00	8.05193e-08
9.85147e+00	7.59125e-08
9.86538e+00	7.15543e-08
9.87930e+00	6.74322e-08
9.89321e+00	6.35342e-08
9.90713e+00	5.98490e-08
9.92104e+00	5.63658e-08
9.93495e+00	5.30740e-08
9.94887e+00	4.99640e-08
9.96278e+00	4.70263e-08
9.97670e+00	4.42520e-08
9.99061e+00	4.16317e-08
1.00045e+01	3.91434e-08
1.00184e+01	3.68618e-08
1.00324e+01	3.46115e-08
1.00463e+01	3.25162e-08
1.00602e+01	3.05491e-08
1.00741e+01	2.86967e-08
1.00880e+01	2.69532e-08
1.01019e+01	2.53122e-08
1.01158e+01	2.37679e-08
1.01298e+01	2.23149e-08
1.01437e+01	2.09479e-08
1.01576e+01	1.96619e-08
1.01715e+01	1.84525e-08
1.01854e+01	1.73151e-08
1.01993e+01	1.62457e-08
1.02132e+01	1.52402e-08
1.02272e+01	1.42951e-08
1.02411e+01	1.34067e-08
1.02550e+01	1.25719e-08
1.02689e+01	1.17875e-08
1.02828e+01	1.10505e-08
1.02967e+01	1.03582e-08
1.03106e+01	9.70794e-09
1.03246e+01	9.09729e-09
1.03385e+01	8.52390e-09
1.03524e+01	7.98557e-09
1.03663e+01	7.48023e-09
1.03802e+01	7.00591e-09
1.03941e+01	6.56078e-09
1.04080e+01	6.14310e-09
1.04220e+01	5.75123e-09
1.04359e+01	5.38363e-09
1.04498e+01	5.03884e-09
1.04637e+01	4.71548e-09
1.04776e+01	4.41228e-09
1.04915e+01	4.12801e-09
1.05054e+01	3.86153e-09
1.05194e+01	3.61176e-09
1.05333e+01	3.37768e-09
1.05472e+01	3.15834e-09
1.05611e+01	2.95285e-09
1.05750e+01	2.76030e-09
1.05889e+01	2.57919e-09
1.06029e+01	2.41286e-09
1.06168e+01	2.25277e-09
1.06307e+01	2.10328e-09
1.06446e+01	1.96429e-09
1.06585e+01	1.83433e-09
1.06724e+01	1.71286e-09
1.06863e+01	1.59935e-09
1.07003e+01	1.49327e-09
1.07142e+01	1.39414e-09
1.07281e+01	1.30152e-09
1.07420e+01	1.21497e-09
1.07559e+01	1.13412e-09
1.07698e+01	1.05858e-09
1.07837e+01	9.88016e-10
1.07977e+01	9.22100e-10
1.08116e+01	8.60531e-10
1.08255e+01	8.03026e-10
1.08394e+01	7.49318e-10
1.08533e+01	6.99161e-10
1.08672e+01	6.52323e-10
1.08811e+01	6.08587e-10
1.08951e+01	5.67749e-10
1.09090e+01	5.29620e-10
1.09229e+01	4.94022e-10
1.09368e+01	4.60790e-10
1.09507e+01	4.29767e-10
1.09646e+01	4.00809e-10
1.09785e+01	3.73780e-10
1.09925e+01	3.48553e-10
1.10064e+01	3.25009e-10
1.10203e+01	3.03037e-10
1.10342e+01	2.82533e-10
1.10481e+01	2.63401e-10
1.10620e+01	2.45550e-10
1.10759e+01	2.28894e-10
1.10899e+01	2.13356e-10
1.11038e+01	1.98859e-10
1.11177e+01	1.85337e-10
1.11316e+01	1.72723e-10
1.11455e+01	1.60958e-10
1.11594e+01	1.49985e-10
1.11733e+01	1.39751e-10
1.11873e+01	1.30208e-10
1.12012e+01	1.21308e-10
1.12151e+01	1.13010e-10
1.12290e+01	1.05272e-10
1.12429e+01	9.80579e-11
1.12568e+01	9.13322e-11
1.12707e+01	8.50622e-11
1.12847e+01	7.92174e-11
1.12986e+01	7.37692e-11
1.13125e+01	6.86911e-11
1.13264e+01	6.39582e-11
1.13403e+01	5.95472e-11
1.13542e+01	5.54366e-11
1.13681e+01	5.16060e-11
1.13821e+01	4.80366e-11
1.13960e+01	4.47108e-11
1.14099e+01	4.16122e-11
1.14238e+01	3.87253e-11
1.14377e+01	3.60360e-11
1.14516e+01	3.35307e-11
1.14655e+01	3.11971e-11
1.14795e+01	2.90235e-11
1.14934e+01	2.69991e-11
1.15073e+01	2.51136e-11
1.15212e+01	2.33577e-11
1.15351e+01	2.17226e-11
1.15490e+01	2.01981e-11
1.15630e+01	1.87387e-11
1.15769e+01	1.73227e-11
1.15908e+01	1.59597e-11
1.16047e+01	1.46546e-11
1.16186e+01	1.34059e-11
1.16325e+01	1.22106e-11
1.16464e+01	1.10145e-11
1.16604e+01	9.85675e-12
1.16743e+01	8.78617e-12
1.16882e+01	7.83056e-12
1.17021e+01	6.98947e-12
1.17160e+01	6.25450e-12
1.17299e+01	5.61146e-12
1.17438e+01	5.03928e-12
1.17578e+01	4.52145e-12
1.17717e+01	4.04705e-12
1.17856e+01	3.61631e-12
1.17995e+01	3.22904e-12
1.18134e+01	2.88058e-12
1.18273e+01	2.56282e-12
1.18412e+01	2.24869e-12
1.18552e+01	1.94451e-12
1.18691e+01	1.68134e-12
1.18830e+01	1.46497e-12
1.18969e+01	1.28413e-12
1.19108e+01	1.12898e-12
1.19247e+01	9.94648e-13
1.19386e+01	8.77605e-13
1.19526e+01	7.75073e-13
1.19665e+01	6.84875e-13
1.19804e+01	6.05227e-13
1.19943e+01	5.34839e-13
1.20082e+01	4.72536e-13
1.20221e+01	4.17328e-13
1.20360e+01	3.68382e-13
1.20500e+01	3.25008e-13
1.20639e+01	2.86594e-13
1.20778e+01	2.52589e-13
1.20917e+01	2.22508e-13
1.21056e+01	1.95883e-13
1.21195e+01	1.72316e-13
1.21334e+01	1.51443e-13
1.21474e+01	1.32973e-13
1.21613e+01	1.16649e-13
1.21752e+01	1.02239e-13
1.21891e+01	8.95316e-14
1.22030e+01	7.83286e-14
1.22169e+01	6.84402e-14
1.22308e+01	5.97191e-14
1.22448e+01	5.20346e-14
1.22587e+01	4.52731e-14
1.22726e+01	3.93333e-14
1.22865e+01	3.41248e-14
1.23004e+01	2.95650e-14
1.23143e+01	2.55820e-14
1.23282e+01	2.21146e-14
1.23422e+01	1.90993e-14
1.23561e+01	1.64799e-14
1.23700e+01	1.42066e-14
1.23839e+01	1.22359e-14
1.23978e+01	1.05295e-14
1.24117e+01	9.05125e-15
1.24257e+01	7.77177e-15
1.24396e+01	6.66538e-15
1.24535e+01	5.70975e-15
1.24674e+01	4.88533e-15
1.24813e+01	4.17504e-15
1.24952e+01	3.56385e-15
1.25091e+01	3.03866e-15
1.25231e+01	2.58786e-15
1.25370e+01	2.20132e-15
1.25509e+01	1.87052e-15
1.25648e+01	1.58784e-15
1.25787e+01	1.34559e-15
1.25926e+01	1.13945e-15
1.26065e+01	9.63917e-16
1.26205e+01	8.14691e-16
1.26344e+01	6.88047e-16
1.26483e+01	5.80665e-16
1.26622e+01	4.89676e-16
1.26761e+01	4.12628e-16
1.26900e+01	3.47430e-16
1.27039e+01	2.92362e-16
1.27179e+01	2.45900e-16
1.27318e+01	2.06720e-16
1.27457e+01	1.73719e-16
1.27596e+01	1.45930e-16
1.27735e+01	1.22534e-16
1.27874e+01	1.02841e-16
1.28013e+01	8.62727e-17
1.28153e+01	7.23689e-17
1.28292e+01	6.07151e-17
1.28431e+01	5.09535e-17
1.28570e+01	4.28119e-17
1.28709e+01	3.60271e-17
1.28848e+01	3.03704e-17
1.28987e+01	2.56203e-17
1.29127e+01	2.16081e-17
1.29266e+01	1.81636e-17
1.29405e+01	1.52937e-17
1.29544e+01	1.29276e-17
1.29683e+01	1.09712e-17
1.29822e+01	9.31253e-18
1.29961e+01	7.90076e-18
1.30101e+01	6.68004e-18
1.30240e+01	5.56201e-18
1.30379e+01	4.55641e-18
1.30518e+01	3.68122e-18
1.30657e+01	2.98256e-18
1.30796e+01	2.44180e-18
1.30935e+01	2.01557e-18
1.31075e+01	1.67920e-18
1.31214e+01	1.41151e-18
1.31353e+01	1.19469e-18
1.31492e+01	1.01238e-18
1.31631e+01	8.55930e-19
1.31770e+01	7.20208e-19
1.31909e+01	6.02338e-19
1.32049e+01	5.01171e-19
1.32188e+01	4.17631e-19
1.32327e+01	3.50435e-19
1.32466e+01	2.94684e-19
1.32605e+01	2.48565e-19
1.32744e+01	2.10012e-19
1.32883e+01	1.77863e-19
1.33023e+01	1.50941e-19
1.33162e+01	1.28289e-19
1.33301e+01	1.09180e-19
1.33440e+01	9.29839e-20
1.33579e+01	7.92373e-20
1.33718e+01	6.75167e-20
1.33858e+01	5.74874e-20
1.33997e+01	4.89006e-20
1.34136e+01	4.15542e-20
1.34275e+01	3.52593e-20
1.34414e+01	2.98553e-20
1.34553e+01	2.52179e-20
1.34692e+01	2.12337e-20
1.34832e+01	1.78536e-20
1.34971e+01	1.50113e-20
1.35110e+01	1.26253e-20
1.35249e+01	1.06124e-20
1.35388e+01	8.91206e-21
1.35527e+01	7.47713e-21
1.35666e+01	6.26743e-21
1.35806e+01	5.24856e-21
1.35945e+01	4.39121e-21
1.36084e+01	3.67055e-21
1.36223e+01	3.06579e-21
1.36362e+01	2.55869e-21
1.36501e+01	2.13386e-21
1.36640e+01	1.77829e-21
1.36780e+01	1.48100e-21
1.36919e+01	1.23265e-21
1.37058e+01	1.02540e-21
1.37197e+01	8.52648e-22
1.37336e+01	7.08829e-22
1.37475e+01	5.89236e-22
1.37614e+01	4.89937e-22
1.37754e+01	4.07633e-22
1.37893e+01	3.39554e-22
1.38032e+01	2.83370e-22
1.38171e+01	2.37135e-22
1.38310e+01	1.99244e-22
1.38449e+01	1.68363e-22
1.38588e+01	1.43379e-22
1.38728e+01	1.23380e-22
1.38867e+01	1.07625e-22
1.39006e+01	9.60122e-23
1.39145e+01	8.48647e-23
