# The ell = 1 distribution, the first anisotropy.
# E_N [Td]	2.00000e+02
# col_1: Electron Energy [eV], col_2: f1 [eV^(-3/2)]
eV	f1
1.00100e-01	1.22777e-03
2.00200e-01	1.78791e-03
3.00300e-01	2.27783e-03
4.00400e-01	2.74749e-03
5.00501e-01	3.18133e-03
6.00601e-01	3.62818e-03
7.00701e-01	4.07408e-03
8.00801e-01	4.51301e-03
9.00901e-01	4.93652e-03
1.00100e+00	5.34063e-03
1.10110e+00	5.71972e-03
1.20120e+00	6.06685e-03
1.30130e+00	6.38718e-03
1.40140e+00	6.65909e-03
1.50150e+00	6.90142e-03
1.60160e+00	7.12863e-03
1.70170e+00	7.30450e-03
1.80180e+00	7.45951e-03
1.90190e+00	7.60312e-03
2.00200e+00	7.73663e-03
2.10210e+00	7.85619e-03
2.20220e+00	7.96345e-03
2.30230e+00	8.05957e-03
2.40240e+00	8.14542e-03
2.50250e+00	8.22114e-03
2.60260e+00	8.28539e-03
2.70270e+00	8.33842e-03
2.80280e+00	8.38086e-03
2.90290e+00	8.41341e-03
3.00300e+00	8.43688e-03
3.10310e+00	8.45204e-03
3.20320e+00	8.45935e-03
3.30330e+00	8.45891e-03
3.40340e+00	8.45126e-03
3.50350e+00	8.43693e-03
3.60360e+00	8.41655e-03
3.70370e+00	8.39066e-03
3.80380e+00	8.35967e-03
3.90390e+00	8.32406e-03
4.00400e+00	8.28435e-03
4.10410e+00	8.24093e-03
4.20420e+00	8.19415e-03
4.30430e+00	8.14438e-03
4.40440e+00	8.09196e-03
4.50450e+00	8.03711e-03
4.60460e+00	7.98010e-03
4.70470e+00	7.92118e-03
4.80480e+00	7.86050e-03
4.90490e+00	7.79828e-03
5.00501e+00	7.73473e-03
5.10511e+00	7.67007e-03
5.20521e+00	7.60446e-03
5.30531e+00	7.53798e-03
5.40541e+00	7.47077e-03
5.50551e+00	7.40298e-03
5.60561e+00	7.33473e-03
5.70571e+00	7.26613e-03
5.80581e+00	7.19730e-03
5.90591e+00	7.12833e-03
6.00601e+00	7.05930e-03
6.10611e+00	6.99029e-03
6.20621e+00	6.92139e-03
6.30631e+00	6.85266e-03
6.40641e+00	6.78415e-03
6.50651e+00	6.71593e-03
6.60661e+00	6.64803e-03
6.70671e+00	6.58050e-03
6.80681e+00	6.51338e-03
6.90691e+00	6.44671e-03
7.00701e+00	6.38052e-03
7.10711e+00	6.31484e-03
7.20721e+00	6.24970e-03
7.30731e+00	6.18511e-03
7.40741e+00	6.12109e-03
7.50751e+00	6.05765e-03
7.60761e+00	5.99479e-03
7.70771e+00	5.93255e-03
7.80781e+00	5.87095e-03
7.90791e+00	5.80999e-03
8.00801e+00	5.74970e-03
8.10811e+00	5.69009e-03
8.20821e+00	5.63116e-03
8.30831e+00	5.57291e-03
8.40841e+00	5.51536e-03
8.50851e+00	5.45850e-03
8.60861e+00	5.40233e-03
8.70871e+00	5.34686e-03
8.80881e+00	5.29208e-03
8.90891e+00	5.23800e-03
9.00901e+00	5.18462e-03
9.10911e+00	5.13194e-03
9.20921e+00	5.07996e-03
9.30931e+00	5.02869e-03
9.40941e+00	4.97812e-03
9.50951e+00	4.92825e-03
9.60961e+00	4.87908e-03
9.70971e+00	4.83060e-03
9.80981e+00	4.78281e-03
9.90991e+00	4.73571e-03
1.00100e+01	4.68929e-03
1.01101e+01	4.64347e-03
1.02102e+01	4.59834e-03
1.03103e+01	4.55388e-03
1.04104e+01	4.51007e-03
1.05105e+01	4.46693e-03
1.06106e+01	4.42440e-03
1.07107e+01	4.38247e-03
1.08108e+01	4.34118e-03
1.09109e+01	4.30052e-03
1.10110e+01	4.26048e-03
1.11111e+01	4.22105e-03
1.12112e+01	4.18222e-03
1.13113e+01	4.14399e-03
1.14114e+01	4.10634e-03
1.15115e+01	4.06927e-03
1.16116e+01	4.03236e-03
1.17117e+01	3.99105e-03
1.18118e+01	3.95080e-03
1.19119e+01	3.90617e-03
1.20120e+01	3.86553e-03
1.21121e+01	3.82511e-03
1.22122e+01	3.78435e-03
1.23123e+01	3.74267e-03
1.24124e+01	3.70018e-03
1.25125e+01	3.65691e-03
1.26126e+01	3.61271e-03
1.27127e+01	3.56807e-03
1.28128e+01	3.52361e-03
1.29129e+01	3.48045e-03
1.30130e+01	3.43903e-03
1.31131e+01	3.39168e-03
1.32132e+01	3.35142e-03
1.33133e+01	3.31264e-03
1.34134e+01	3.27560e-03
1.35135e+01	3.23710e-03
1.36136e+01	3.19836e-03
1.37137e+01	3.15911e-03
1.38138e+01	3.11941e-03
1.39139e+01	3.07917e-03
1.40140e+01	3.03789e-03
1.41141e+01	2.99552e-03
1.42142e+01	2.95210e-03
1.43143e+01	2.90765e-03
1.44144e+01	2.86214e-03
1.45145e+01	2.81570e-03
1.46146e+01	2.76846e-03
1.47147e+01	2.72051e-03
1.48148e+01	2.67198e-03
1.49149e+01	2.62295e-03
1.50150e+01	2.57351e-03
1.51151e+01	2.52406e-03
1.52152e+01	2.47481e-03
1.53153e+01	2.42581e-03
1.54154e+01	2.37709e-03
1.55155e+01	2.32870e-03
1.56156e+01	2.28068e-03
1.57157e+01	2.23307e-03
1.58158e+01	2.18585e-03
1.59159e+01	2.13828e-03
1.60160e+01	2.09045e-03
1.61161e+01	2.04265e-03
1.62162e+01	1.99504e-03
1.63163e+01	1.94768e-03
1.64164e+01	1.90062e-03
1.65165e+01	1.85392e-03
1.66166e+01	1.80756e-03
1.67167e+01	1.76160e-03
1.68168e+01	1.71606e-03
1.69169e+01	1.67100e-03
1.70170e+01	1.62644e-03
1.71171e+01	1.58247e-03
1.72172e+01	1.53913e-03
1.73173e+01	1.49646e-03
1.74174e+01	1.45446e-03
1.75175e+01	1.41316e-03
1.76176e+01	1.37256e-03
1.77177e+01	1.33267e-03
1.78178e+01	1.29349e-03
1.79179e+01	1.25504e-03
1.80180e+01	1.21732e-03
1.81181e+01	1.18041e-03
1.82182e+01	1.14433e-03
1.83183e+01	1.10906e-03
1.84184e+01	1.07462e-03
1.85185e+01	1.04099e-03
1.86186e+01	1.00816e-03
1.87187e+01	9.76119e-04
1.88188e+01	9.44857e-04
1.89189e+01	9.14369e-04
1.90190e+01	8.84648e-04
1.91191e+01	8.55712e-04
1.92192e+01	8.27564e-04
1.93193e+01	8.00190e-04
1.94194e+01	7.73576e-04
1.95195e+01	7.47706e-04
1.96196e+01	7.22568e-04
1.97197e+01	6.98141e-04
1.98198e+01	6.74413e-04
1.99199e+01	6.51369e-04
2.00200e+01	6.28994e-04
2.01201e+01	6.07280e-04
2.02202e+01	5.86216e-04
2.03203e+01	5.65788e-04
2.04204e+01	5.45980e-04
2.05205e+01	5.26778e-04
2.06206e+01	5.08183e-04
2.07207e+01	4.90185e-04
2.08208e+01	4.72767e-04
2.09209e+01	4.55914e-04
2.10210e+01	4.39609e-04
2.11211e+01	4.23844e-04
2.12212e+01	4.08603e-04
2.13213e+01	3.93872e-04
2.14214e+01	3.79635e-04
2.15215e+01	3.65876e-04
2.16216e+01	3.52579e-04
2.17217e+01	3.39728e-04
2.18218e+01	3.27309e-04
2.19219e+01	3.15310e-04
2.20220e+01	3.03721e-04
2.21221e+01	2.92537e-04
2.22222e+01	2.81752e-04
2.23223e+01	2.71354e-04
2.24224e+01	2.61330e-04
2.25225e+01	2.51664e-04
2.26226e+01	2.42345e-04
2.27227e+01	2.33357e-04
2.28228e+01	2.24691e-04
2.29229e+01	2.16334e-04
2.30230e+01	2.08277e-04
2.31231e+01	2.00512e-04
2.32232e+01	1.93029e-04
2.33233e+01	1.85820e-04
2.34234e+01	1.78873e-04
2.35235e+01	1.72181e-04
2.36236e+01	1.65733e-04
2.37237e+01	1.59522e-04
2.38238e+01	1.53539e-04
2.39239e+01	1.47775e-04
2.40240e+01	1.42223e-04
2.41241e+01	1.36875e-04
2.42242e+01	1.31723e-04
2.43243e+01	1.26759e-04
2.44244e+01	1.21978e-04
2.45245e+01	1.17373e-04
2.46246e+01	1.12937e-04
2.47247e+01	1.08664e-04
2.48248e+01	1.04548e-04
2.49249e+01	1.00583e-04
2.50250e+01	9.67658e-05
2.51251e+01	9.30902e-05
2.52252e+01	8.95531e-05
2.53253e+01	8.61491e-05
2.54254e+01	8.28734e-05
2.55255e+01	7.97203e-05
2.56256e+01	7.66849e-05
2.57257e+01	7.37621e-05
2.58258e+01	7.09477e-05
2.59259e+01	6.82377e-05
2.60260e+01	6.56283e-05
2.61261e+01	6.31179e-05
2.62262e+01	6.07030e-05
2.63263e+01	5.83801e-05
2.64264e+01	5.61458e-05
2.65265e+01	5.39967e-05
2.66266e+01	5.19295e-05
2.67267e+01	4.99413e-05
2.68268e+01	4.80289e-05
2.69269e+01	4.61897e-05
2.70270e+01	4.44207e-05
2.71271e+01	4.27192e-05
2.72272e+01	4.10828e-05
2.73273e+01	3.95090e-05
2.74274e+01	3.79953e-05
2.75275e+01	3.65396e-05
2.76276e+01	3.51395e-05
2.77277e+01	3.37930e-05
2.78278e+01	3.24980e-05
2.79279e+01	3.12526e-05
2.80280e+01	3.00548e-05
2.81281e+01	2.89027e-05
2.82282e+01	2.77945e-05
2.83283e+01	2.67286e-05
2.84284e+01	2.57032e-05
2.85285e+01	2.47170e-05
2.86286e+01	2.37684e-05
2.87287e+01	2.28559e-05
2.88288e+01	2.19782e-05
2.89289e+01	2.11341e-05
2.90290e+01	2.03221e-05
2.91291e+01	1.95410e-05
2.92292e+01	1.87898e-05
2.93293e+01	1.80672e-05
2.94294e+01	1.73721e-05
2.95295e+01	1.67035e-05
2.96296e+01	1.60604e-05
2.97297e+01	1.54418e-05
2.98298e+01	1.48467e-05
2.99299e+01	1.42743e-05
3.00300e+01	1.37237e-05
3.01301e+01	1.31941e-05
3.02302e+01	1.26850e-05
3.03303e+01	1.21953e-05
3.04304e+01	1.17246e-05
3.05305e+01	1.12719e-05
3.06306e+01	1.08367e-05
3.07307e+01	1.04182e-05
3.08308e+01	1.00158e-05
3.09309e+01	9.62883e-06
3.10310e+01	9.25679e-06
3.11311e+01	8.89908e-06
3.12312e+01	8.55513e-06
3.13313e+01	8.22442e-06
3.14314e+01	7.90644e-06
3.15315e+01	7.60070e-06
3.16316e+01	7.30673e-06
3.17317e+01	7.02409e-06
3.18318e+01	6.75234e-06
3.19319e+01	6.49107e-06
3.20320e+01	6.23986e-06
3.21321e+01	5.99835e-06
3.22322e+01	5.76618e-06
3.23323e+01	5.54299e-06
3.24324e+01	5.32843e-06
3.25325e+01	5.12217e-06
3.26326e+01	4.92390e-06
3.27327e+01	4.73329e-06
3.28328e+01	4.55006e-06
3.29329e+01	4.37392e-06
3.30330e+01	4.20459e-06
3.31331e+01	4.04182e-06
3.32332e+01	3.88534e-06
3.33333e+01	3.73492e-06
3.34334e+01	3.59033e-06
3.35335e+01	3.45132e-06
3.36336e+01	3.31770e-06
3.37337e+01	3.18924e-06
3.38338e+01	3.06576e-06
3.39339e+01	2.94705e-06
3.40340e+01	2.83296e-06
3.41341e+01	2.72330e-06
3.42342e+01	2.61792e-06
3.43343e+01	2.51663e-06
3.44344e+01	2.41929e-06
3.45345e+01	2.32573e-06
3.46346e+01	2.23582e-06
3.47347e+01	2.14940e-06
3.48348e+01	2.06635e-06
3.49349e+01	1.98653e-06
3.50350e+01	1.90981e-06
3.51351e+01	1.83607e-06
3.52352e+01	1.76518e-06
3.53353e+01	1.69705e-06
3.54354e+01	1.63155e-06
3.55355e+01	1.56859e-06
3.56356e+01	1.50807e-06
3.57357e+01	1.44990e-06
3.58358e+01	1.39397e-06
3.59359e+01	1.34021e-06
3.60360e+01	1.28853e-06
3.61361e+01	1.23887e-06
3.62362e+01	1.19115e-06
3.63363e+01	1.14530e-06
3.64364e+01	1.10124e-06
3.65365e+01	1.05890e-06
3.66366e+01	1.01822e-06
3.67367e+01	9.79128e-07
3.68368e+01	9.41559e-07
3.69369e+01	9.05455e-07
3.70370e+01	8.70757e-07
3.71371e+01	8.37410e-07
3.72372e+01	8.05361e-07
3.73373e+01	7.74562e-07
3.74374e+01	7.44962e-07
3.75375e+01	7.16514e-07
3.76376e+01	6.89171e-07
3.77377e+01	6.62891e-07
3.78378e+01	6.37631e-07
3.79379e+01	6.13350e-07
3.80380e+01	5.90009e-07
3.81381e+01	5.67572e-07
3.82382e+01	5.46002e-07
3.83383e+01	5.25266e-07
3.84384e+01	5.05332e-07
3.85385e+01	4.86173e-07
3.86386e+01	4.67758e-07
3.87387e+01	4.50055e-07
3.88388e+01	4.33038e-07
3.89389e+01	4.16678e-07
3.90390e+01	4.00950e-07
3.91391e+01	3.85829e-07
3.92392e+01	3.71291e-07
3.93393e+01	3.57311e-07
3.94394e+01	3.43869e-07
3.95395e+01	3.30942e-07
3.96396e+01	3.18510e-07
3.97397e+01	3.06554e-07
3.98398e+01	2.95054e-07
3.99399e+01	2.83992e-07
4.00400e+01	2.73352e-07
4.01401e+01	2.63117e-07
4.02402e+01	2.53272e-07
4.03403e+01	2.43803e-07
4.04404e+01	2.34695e-07
4.05405e+01	2.25933e-07
4.06406e+01	2.17505e-07
4.07407e+01	2.09396e-07
4.08408e+01	2.01596e-07
4.09409e+01	1.94090e-07
4.10410e+01	1.86870e-07
4.11411e+01	1.79922e-07
4.12412e+01	1.73237e-07
4.13413e+01	1.66805e-07
4.14414e+01	1.60616e-07
4.15415e+01	1.54660e-07
4.16416e+01	1.48929e-07
4.17417e+01	1.43414e-07
4.18418e+01	1.38106e-07
4.19419e+01	1.32998e-07
4.20420e+01	1.28082e-07
4.21421e+01	1.23351e-07
4.22422e+01	1.18797e-07
4.23423e+01	1.14414e-07
4.24424e+01	1.10196e-07
4.25425e+01	1.06135e-07
4.26426e+01	1.02227e-07
4.27427e+01	9.84644e-08
4.28428e+01	9.48428e-08
4.29429e+01	9.13569e-08
4.30430e+01	8.80013e-08
4.31431e+01	8.47712e-08
4.32432e+01	8.16618e-08
4.33433e+01	7.86685e-08
4.34434e+01	7.57869e-08
4.35435e+01	7.30127e-08
4.36436e+01	7.03418e-08
4.37437e+01	6.77705e-08
4.38438e+01	6.52949e-08
4.39439e+01	6.29115e-08
4.40440e+01	6.06166e-08
4.41441e+01	5.84070e-08
4.42442e+01	5.62795e-08
4.43443e+01	5.42309e-08
4.44444e+01	5.22583e-08
4.45445e+01	5.03587e-08
4.46446e+01	4.85296e-08
4.47447e+01	4.67680e-08
4.48448e+01	4.50717e-08
4.49449e+01	4.34380e-08
4.50450e+01	4.18646e-08
4.51451e+01	4.03492e-08
4.52452e+01	3.88897e-08
4.53453e+01	3.74839e-08
4.54454e+01	3.61298e-08
4.55455e+01	3.48255e-08
4.56456e+01	3.35690e-08
4.57457e+01	3.23587e-08
4.58458e+01	3.11928e-08
4.59459e+01	3.00697e-08
4.60460e+01	2.89880e-08
4.61461e+01	2.79461e-08
4.62462e+01	2.69424e-08
4.63463e+01	2.59756e-08
4.64464e+01	2.50442e-08
4.65465e+01	2.41470e-08
4.66466e+01	2.32826e-08
4.67467e+01	2.24499e-08
4.68468e+01	2.16476e-08
4.69469e+01	2.08746e-08
4.70470e+01	2.01299e-08
4.71471e+01	1.94123e-08
4.72472e+01	1.87208e-08
4.73473e+01	1.80546e-08
4.74474e+01	1.74125e-08
4.75475e+01	1.67938e-08
4.76476e+01	1.61976e-08
4.77477e+01	1.56230e-08
4.78478e+01	1.50693e-08
4.79479e+01	1.45356e-08
4.80480e+01	1.40213e-08
4.81481e+01	1.35256e-08
4.82482e+01	1.30477e-08
4.83483e+01	1.25872e-08
4.84484e+01	1.21433e-08
4.85485e+01	1.17153e-08
4.86486e+01	1.13028e-08
4.87487e+01	1.09052e-08
4.88488e+01	1.05218e-08
4.89489e+01	1.01522e-08
4.90490e+01	9.79592e-09
4.91491e+01	9.45238e-09
4.92492e+01	9.12116e-09
4.93493e+01	8.80179e-09
4.94494e+01	8.49384e-09
4.95495e+01	8.19690e-09
4.96496e+01	7.91056e-09
4.97497e+01	7.63443e-09
4.98498e+01	7.36814e-09
4.99499e+01	7.11132e-09
5.00501e+01	6.86364e-09
5.01502e+01	6.62475e-09
5.02503e+01	6.39434e-09
5.03504e+01	6.17210e-09
5.04505e+01	5.95773e-09
5.05506e+01	5.75094e-09
5.06507e+01	5.55147e-09
5.07508e+01	5.35904e-09
5.08509e+01	5.17341e-09
5.09510e+01	4.99433e-09
5.10511e+01	4.82156e-09
5.11512e+01	4.65488e-09
5.12513e+01	4.49408e-09
5.13514e+01	4.33893e-09
5.14515e+01	4.18924e-09
5.15516e+01	4.04481e-09
5.16517e+01	3.90545e-09
5.17518e+01	3.77099e-09
5.18519e+01	3.64123e-09
5.19520e+01	3.51600e-09
5.20521e+01	3.39515e-09
5.21522e+01	3.27853e-09
5.22523e+01	3.16597e-09
5.23524e+01	3.05734e-09
5.24525e+01	2.95249e-09
5.25526e+01	2.85130e-09
5.26527e+01	2.75364e-09
5.27528e+01	2.65937e-09
5.28529e+01	2.56839e-09
5.29530e+01	2.48056e-09
5.30531e+01	2.39579e-09
5.31532e+01	2.31396e-09
5.32533e+01	2.23497e-09
5.33534e+01	2.15873e-09
5.34535e+01	2.08512e-09
5.35536e+01	2.01407e-09
5.36537e+01	1.94547e-09
5.37538e+01	1.87926e-09
5.38539e+01	1.81533e-09
5.39540e+01	1.75362e-09
5.40541e+01	1.69403e-09
5.41542e+01	1.63651e-09
5.42543e+01	1.58097e-09
5.43544e+01	1.52735e-09
5.44545e+01	1.47558e-09
5.45546e+01	1.42559e-09
5.46547e+01	1.37733e-09
5.47548e+01	1.33072e-09
5.48549e+01	1.28572e-09
5.49550e+01	1.24227e-09
5.50551e+01	1.20031e-09
5.51552e+01	1.15979e-09
5.52553e+01	1.12066e-09
5.53554e+01	1.08287e-09
5.54555e+01	1.04638e-09
5.55556e+01	1.01114e-09
5.56557e+01	9.77110e-10
5.57558e+01	9.44242e-10
5.58559e+01	9.12498e-10
5.59560e+01	8.81841e-10
5.60561e+01	8.52232e-10
5.61562e+01	8.23635e-10
5.62563e+01	7.96016e-10
5.63564e+01	7.69339e-10
5.64565e+01	7.43572e-10
5.65566e+01	7.18684e-10
5.66567e+01	6.94643e-10
5.67568e+01	6.71422e-10
5.68569e+01	6.48991e-10
5.69570e+01	6.27323e-10
5.70571e+01	6.06392e-10
5.71572e+01	5.86171e-10
5.72573e+01	5.66638e-10
5.73574e+01	5.47767e-10
5.74575e+01	5.29536e-10
5.75576e+01	5.11923e-10
5.76577e+01	4.94907e-10
5.77578e+01	4.78467e-10
5.78579e+01	4.62583e-10
5.79580e+01	4.47236e-10
5.80581e+01	4.32408e-10
5.81582e+01	4.18080e-10
5.82583e+01	4.04236e-10
5.83584e+01	3.90859e-10
5.84585e+01	3.77933e-10
5.85586e+01	3.65442e-10
5.86587e+01	3.53371e-10
5.87588e+01	3.41707e-10
5.88589e+01	3.30434e-10
5.89590e+01	3.19541e-10
5.90591e+01	3.09013e-10
5.91592e+01	2.98838e-10
5.92593e+01	2.89005e-10
5.93594e+01	2.79501e-10
5.94595e+01	2.70315e-10
5.95596e+01	2.61436e-10
5.96597e+01	2.52855e-10
5.97598e+01	2.44560e-10
5.98599e+01	2.36541e-10
5.99600e+01	2.28790e-10
6.00601e+01	2.21298e-10
6.01602e+01	2.14054e-10
6.02603e+01	2.07052e-10
6.03604e+01	2.00282e-10
6.04605e+01	1.93737e-10
6.05606e+01	1.87408e-10
6.06607e+01	1.81290e-10
6.07608e+01	1.75374e-10
6.08609e+01	1.69653e-10
6.09610e+01	1.64123e-10
6.10611e+01	1.58774e-10
6.11612e+01	1.53603e-10
6.12613e+01	1.48603e-10
6.13614e+01	1.43767e-10
6.14615e+01	1.39091e-10
6.15616e+01	1.34570e-10
6.16617e+01	1.30197e-10
6.17618e+01	1.25969e-10
6.18619e+01	1.21880e-10
6.19620e+01	1.17925e-10
6.20621e+01	1.14101e-10
6.21622e+01	1.10402e-10
6.22623e+01	1.06825e-10
6.23624e+01	1.03365e-10
6.24625e+01	1.00019e-10
6.25626e+01	9.67829e-11
6.26627e+01	9.36528e-11
6.27628e+01	9.06255e-11
6.28629e+01	8.76973e-11
6.29630e+01	8.48651e-11
6.30631e+01	8.21256e-11
6.31632e+01	7.94757e-11
6.32633e+01	7.69126e-11
6.33634e+01	7.44332e-11
6.34635e+01	7.20349e-11
6.35636e+01	6.97149e-11
6.36637e+01	6.74706e-11
6.37638e+01	6.52996e-11
6.38639e+01	6.31994e-11
6.39640e+01	6.11677e-11
6.40641e+01	5.92022e-11
6.41642e+01	5.73006e-11
6.42643e+01	5.54610e-11
6.43644e+01	5.36813e-11
6.44645e+01	5.19596e-11
6.45646e+01	5.02942e-11
6.46647e+01	4.86830e-11
6.47648e+01	4.71244e-11
6.48649e+01	4.56165e-11
6.49650e+01	4.41578e-11
6.50651e+01	4.27464e-11
6.51652e+01	4.13810e-11
6.52653e+01	4.00600e-11
6.53654e+01	3.87818e-11
6.54655e+01	3.75452e-11
6.55656e+01	3.63486e-11
6.56657e+01	3.51909e-11
6.57658e+01	3.40706e-11
6.58659e+01	3.29867e-11
6.59660e+01	3.19378e-11
6.60661e+01	3.09229e-11
6.61662e+01	2.99407e-11
6.62663e+01	2.89903e-11
6.63664e+01	2.80706e-11
6.64665e+01	2.71806e-11
6.65666e+01	2.63193e-11
6.66667e+01	2.54857e-11
6.67668e+01	2.46790e-11
6.68669e+01	2.38983e-11
6.69670e+01	2.31427e-11
6.70671e+01	2.24113e-11
6.71672e+01	2.17035e-11
6.72673e+01	2.10185e-11
6.73674e+01	2.03554e-11
6.74675e+01	1.97136e-11
6.75676e+01	1.90923e-11
6.76677e+01	1.84910e-11
6.77678e+01	1.79089e-11
6.78679e+01	1.73455e-11
6.79680e+01	1.68000e-11
6.80681e+01	1.62720e-11
6.81682e+01	1.57609e-11
6.82683e+01	1.52661e-11
6.83684e+01	1.47871e-11
6.84685e+01	1.43233e-11
6.85686e+01	1.38743e-11
6.86687e+01	1.34396e-11
6.87688e+01	1.30188e-11
6.88689e+01	1.26113e-11
6.89690e+01	1.22167e-11
6.90691e+01	1.18347e-11
6.91692e+01	1.14648e-11
6.92693e+01	1.11067e-11
6.93694e+01	1.07599e-11
6.94695e+01	1.04240e-11
6.95696e+01	1.00988e-11
6.96697e+01	9.78386e-12
6.97698e+01	9.47887e-12
6.98699e+01	9.18351e-12
6.99700e+01	8.89746e-12
7.00701e+01	8.62042e-12
7.01702e+01	8.35211e-12
7.02703e+01	8.09224e-12
7.03704e+01	7.84054e-12
7.04705e+01	7.59674e-12
7.05706e+01	7.36060e-12
7.06707e+01	7.13188e-12
7.07708e+01	6.91033e-12
7.08709e+01	6.69574e-12
7.09710e+01	6.48789e-12
7.10711e+01	6.28656e-12
7.11712e+01	6.09154e-12
7.12713e+01	5.90263e-12
7.13714e+01	5.71965e-12
7.14715e+01	5.54239e-12
7.15716e+01	5.37068e-12
7.16717e+01	5.20435e-12
7.17718e+01	5.04322e-12
7.18719e+01	4.88712e-12
7.19720e+01	4.73591e-12
7.20721e+01	4.58942e-12
7.21722e+01	4.44750e-12
7.22723e+01	4.31002e-12
7.23724e+01	4.17682e-12
7.24725e+01	4.04778e-12
7.25726e+01	3.92277e-12
7.26727e+01	3.80165e-12
7.27728e+01	3.68431e-12
7.28729e+01	3.57062e-12
7.29730e+01	3.46047e-12
7.30731e+01	3.35375e-12
7.31732e+01	3.25036e-12
7.32733e+01	3.15018e-12
7.33734e+01	3.05312e-12
7.34735e+01	2.95908e-12
7.35736e+01	2.86796e-12
7.36737e+01	2.77968e-12
7.37738e+01	2.69414e-12
7.38739e+01	2.61125e-12
7.39740e+01	2.53094e-12
7.40741e+01	2.45312e-12
7.41742e+01	2.37771e-12
7.42743e+01	2.30465e-12
7.43744e+01	2.23385e-12
7.44745e+01	2.16524e-12
7.45746e+01	2.09876e-12
7.46747e+01	2.03434e-12
7.47748e+01	1.97192e-12
7.48749e+01	1.91143e-12
7.49750e+01	1.85281e-12
7.50751e+01	1.79600e-12
7.51752e+01	1.74096e-12
7.52753e+01	1.68761e-12
7.53754e+01	1.63591e-12
7.54755e+01	1.58582e-12
7.55756e+01	1.53726e-12
7.56757e+01	1.49021e-12
7.57758e+01	1.44462e-12
7.58759e+01	1.40042e-12
7.59760e+01	1.35760e-12
7.60761e+01	1.31609e-12
7.61762e+01	1.27587e-12
7.62763e+01	1.23688e-12
7.63764e+01	1.19910e-12
7.64765e+01	1.16248e-12
7.65766e+01	1.12699e-12
7.66767e+01	1.09259e-12
7.67768e+01	1.05925e-12
7.68769e+01	1.02694e-12
7.69770e+01	9.95624e-13
7.70771e+01	9.65270e-13
7.71772e+01	9.35849e-13
7.72773e+01	9.07333e-13
7.73774e+01	8.79694e-13
7.74775e+01	8.52904e-13
7.75776e+01	8.26937e-13
7.76777e+01	8.01767e-13
7.77778e+01	7.77371e-13
7.78779e+01	7.53723e-13
7.79780e+01	7.30801e-13
7.80781e+01	7.08583e-13
7.81782e+01	6.87045e-13
7.82783e+01	6.66169e-13
7.83784e+01	6.45932e-13
7.84785e+01	6.26315e-13
7.85786e+01	6.07299e-13
7.86787e+01	5.88866e-13
7.87788e+01	5.70997e-13
7.88789e+01	5.53674e-13
7.89790e+01	5.36882e-13
7.90791e+01	5.20606e-13
7.91792e+01	5.04831e-13
7.92793e+01	4.89542e-13
7.93794e+01	4.74722e-13
7.94795e+01	4.60359e-13
7.95796e+01	4.46436e-13
7.96797e+01	4.32941e-13
7.97798e+01	4.19860e-13
7.98799e+01	4.07181e-13
7.99800e+01	3.94890e-13
8.00801e+01	3.82976e-13
8.01802e+01	3.71427e-13
8.02803e+01	3.60231e-13
8.03804e+01	3.49379e-13
8.04805e+01	3.38858e-13
8.05806e+01	3.28659e-13
8.06807e+01	3.18772e-13
8.07808e+01	3.09187e-13
8.08809e+01	2.99895e-13
8.09810e+01	2.90887e-13
8.10811e+01	2.82153e-13
8.11812e+01	2.73686e-13
8.12813e+01	2.65477e-13
8.13814e+01	2.57518e-13
8.14815e+01	2.49802e-13
8.15816e+01	2.42321e-13
8.16817e+01	2.35067e-13
8.17818e+01	2.28034e-13
8.18819e+01	2.21215e-13
8.19820e+01	2.14603e-13
8.20821e+01	2.08192e-13
8.21822e+01	2.01975e-13
8.22823e+01	1.95947e-13
8.23824e+01	1.90102e-13
8.24825e+01	1.84434e-13
8.25826e+01	1.78938e-13
8.26827e+01	1.73609e-13
8.27828e+01	1.68440e-13
8.28829e+01	1.63428e-13
8.29830e+01	1.58568e-13
8.30831e+01	1.53855e-13
8.31832e+01	1.49284e-13
8.32833e+01	1.44851e-13
8.33834e+01	1.40552e-13
8.34835e+01	1.36382e-13
8.35836e+01	1.32338e-13
8.36837e+01	1.28416e-13
8.37838e+01	1.24613e-13
8.38839e+01	1.20923e-13
8.39840e+01	1.17345e-13
8.40841e+01	1.13874e-13
8.41842e+01	1.10508e-13
8.42843e+01	1.07243e-13
8.43844e+01	1.04076e-13
8.44845e+01	1.01004e-13
8.45846e+01	9.80236e-14
8.46847e+01	9.51330e-14
8.47848e+01	9.23290e-14
8.48849e+01	8.96090e-14
8.49850e+01	8.69704e-14
8.50851e+01	8.44108e-14
8.51852e+01	8.19278e-14
8.52853e+01	7.95191e-14
8.53854e+01	7.71823e-14
8.54855e+01	7.49154e-14
8.55856e+01	7.27162e-14
8.56857e+01	7.05826e-14
8.57858e+01	6.85127e-14
8.58859e+01	6.65045e-14
8.59860e+01	6.45562e-14
8.60861e+01	6.26659e-14
8.61862e+01	6.08319e-14
8.62863e+01	5.90526e-14
8.63864e+01	5.73262e-14
8.64865e+01	5.56513e-14
8.65866e+01	5.40261e-14
8.66867e+01	5.24493e-14
8.67868e+01	5.09193e-14
8.68869e+01	4.94347e-14
8.69870e+01	4.79943e-14
8.70871e+01	4.65965e-14
8.71872e+01	4.52402e-14
8.72873e+01	4.39242e-14
8.73874e+01	4.26471e-14
8.74875e+01	4.14079e-14
8.75876e+01	4.02053e-14
8.76877e+01	3.90383e-14
8.77878e+01	3.79059e-14
8.78879e+01	3.68069e-14
8.79880e+01	3.57403e-14
8.80881e+01	3.47053e-14
8.81882e+01	3.37007e-14
8.82883e+01	3.27258e-14
8.83884e+01	3.17795e-14
8.84885e+01	3.08612e-14
8.85886e+01	2.99699e-14
8.86887e+01	2.91050e-14
8.87888e+01	2.82656e-14
8.88889e+01	2.74511e-14
8.89890e+01	2.66605e-14
8.90891e+01	2.58933e-14
8.91892e+01	2.51486e-14
8.92893e+01	2.44260e-14
8.93894e+01	2.37246e-14
8.94895e+01	2.30438e-14
8.95896e+01	2.23831e-14
8.96897e+01	2.17419e-14
8.97898e+01	2.11195e-14
8.98899e+01	2.05154e-14
8.99900e+01	1.99291e-14
9.00901e+01	1.93600e-14
9.01902e+01	1.88076e-14
9.02903e+01	1.82715e-14
9.03904e+01	1.77511e-14
9.04905e+01	1.72460e-14
9.05906e+01	1.67558e-14
9.06907e+01	1.62799e-14
9.07908e+01	1.58181e-14
9.08909e+01	1.53698e-14
9.09910e+01	1.49347e-14
9.10911e+01	1.45123e-14
9.11912e+01	1.41024e-14
9.12913e+01	1.37045e-14
9.13914e+01	1.33184e-14
9.14915e+01	1.29436e-14
9.15916e+01	1.25798e-14
9.16917e+01	1.22267e-14
9.17918e+01	1.18841e-14
9.18919e+01	1.15515e-14
9.19920e+01	1.12287e-14
9.20921e+01	1.09155e-14
9.21922e+01	1.06115e-14
9.22923e+01	1.03165e-14
9.23924e+01	1.00302e-14
9.24925e+01	9.75236e-15
9.25926e+01	9.48277e-15
9.26927e+01	9.22118e-15
9.27928e+01	8.96736e-15
9.28929e+01	8.72109e-15
9.29930e+01	8.48214e-15
9.30931e+01	8.25032e-15
9.31932e+01	8.02543e-15
9.32933e+01	7.80726e-15
9.33934e+01	7.59563e-15
9.34935e+01	7.39035e-15
9.35936e+01	7.19125e-15
9.36937e+01	6.99816e-15
9.37938e+01	6.81090e-15
9.38939e+01	6.62932e-15
9.39940e+01	6.45325e-15
9.40941e+01	6.28256e-15
9.41942e+01	6.11707e-15
9.42943e+01	5.95667e-15
9.43944e+01	5.80120e-15
9.44945e+01	5.65053e-15
9.45946e+01	5.50454e-15
9.46947e+01	5.36309e-15
9.47948e+01	5.22607e-15
9.48949e+01	5.09335e-15
9.49950e+01	4.96482e-15
9.50951e+01	4.84038e-15
9.51952e+01	4.71990e-15
9.52953e+01	4.60330e-15
9.53954e+01	4.49047e-15
9.54955e+01	4.38131e-15
9.55956e+01	4.27572e-15
9.56957e+01	4.17363e-15
9.57958e+01	4.07493e-15
9.58959e+01	3.97954e-15
9.59960e+01	3.88738e-15
9.60961e+01	3.79838e-15
9.61962e+01	3.71244e-15
9.62963e+01	3.62951e-15
9.63964e+01	3.54950e-15
9.64965e+01	3.47235e-15
9.65966e+01	3.39798e-15
9.66967e+01	3.32634e-15
9.67968e+01	3.25736e-15
9.68969e+01	3.19099e-15
9.69970e+01	3.12715e-15
9.70971e+01	3.06580e-15
9.71972e+01	3.00688e-15
9.72973e+01	2.95034e-15
9.73974e+01	2.89612e-15
9.74975e+01	2.84419e-15
9.75976e+01	2.79448e-15
9.76977e+01	2.74696e-15
9.77978e+01	2.70158e-15
9.78979e+01	2.65831e-15
9.79980e+01	2.61709e-15
9.80981e+01	2.57789e-15
9.81982e+01	2.54067e-15
9.82983e+01	2.50540e-15
9.83984e+01	2.47203e-15
9.84985e+01	2.44055e-15
9.85986e+01	2.41091e-15
9.86987e+01	2.38308e-15
9.87988e+01	2.35704e-15
9.88989e+01	2.33275e-15
9.89990e+01	2.31019e-15
9.90991e+01	2.28933e-15
9.91992e+01	2.27014e-15
9.92993e+01	2.25260e-15
9.93994e+01	2.23669e-15
9.94995e+01	2.22238e-15
9.95996e+01	2.20965e-15
9.96997e+01	2.19848e-15
9.97998e+01	2.18884e-15
9.98999e+01	2.18072e-15
1.00000e+02	2.17410e-15
1.00100e+02	2.16893e-15
