# The ell = 1 distribution, the first anisotropy.
# E_N [Td]	1.00000e+02
# col_1: Electron Energy [eV], col_2: f1 [eV^(-3/2)]
eV	f1
4.75450e-02	1.33965e-03
9.50901e-02	2.09647e-03
1.42635e-01	2.47364e-03
1.90180e-01	2.78242e-03
2.37725e-01	2.97313e-03
2.85270e-01	3.18880e-03
3.32815e-01	3.44024e-03
3.80360e-01	3.59627e-03
4.27905e-01	3.75620e-03
4.75450e-01	3.92086e-03
5.22995e-01	4.08748e-03
5.70541e-01	4.25463e-03
6.18086e-01	4.42545e-03
6.65631e-01	4.59487e-03
7.13176e-01	4.76497e-03
7.60721e-01	4.93147e-03
8.08266e-01	5.09240e-03
8.55811e-01	5.24824e-03
9.03356e-01	5.39863e-03
9.50901e-01	5.54316e-03
9.98446e-01	5.68142e-03
1.04599e+00	5.81204e-03
1.09354e+00	5.93477e-03
1.14108e+00	6.04777e-03
1.18863e+00	6.14982e-03
1.23617e+00	6.24988e-03
1.28372e+00	6.33548e-03
1.33126e+00	6.40775e-03
1.37881e+00	6.47024e-03
1.42635e+00	6.52005e-03
1.47390e+00	6.56688e-03
1.52144e+00	6.62541e-03
1.56899e+00	6.65538e-03
1.61653e+00	6.67331e-03
1.66408e+00	6.68597e-03
1.71162e+00	6.69272e-03
1.75917e+00	6.69832e-03
1.80671e+00	6.70270e-03
1.85426e+00	6.70606e-03
1.90180e+00	6.70919e-03
1.94935e+00	6.71187e-03
1.99689e+00	6.71257e-03
2.04444e+00	6.71210e-03
2.09198e+00	6.71051e-03
2.13953e+00	6.70789e-03
2.18707e+00	6.70419e-03
2.23462e+00	6.69943e-03
2.28216e+00	6.69377e-03
2.32971e+00	6.68731e-03
2.37725e+00	6.68005e-03
2.42480e+00	6.67205e-03
2.47234e+00	6.66318e-03
2.51989e+00	6.65317e-03
2.56743e+00	6.64197e-03
2.61498e+00	6.62968e-03
2.66252e+00	6.61632e-03
2.71007e+00	6.60196e-03
2.75761e+00	6.58666e-03
2.80516e+00	6.57044e-03
2.85270e+00	6.55333e-03
2.90025e+00	6.53539e-03
2.94779e+00	6.51666e-03
2.99534e+00	6.49716e-03
3.04288e+00	6.47694e-03
3.09043e+00	6.45602e-03
3.13797e+00	6.43442e-03
3.18552e+00	6.41218e-03
3.23306e+00	6.38931e-03
3.28061e+00	6.36584e-03
3.32815e+00	6.34180e-03
3.37570e+00	6.31723e-03
3.42324e+00	6.29212e-03
3.47079e+00	6.26649e-03
3.51833e+00	6.24033e-03
3.56588e+00	6.21367e-03
3.61342e+00	6.18655e-03
3.66097e+00	6.15899e-03
3.70851e+00	6.13104e-03
3.75606e+00	6.10272e-03
3.80360e+00	6.07407e-03
3.85115e+00	6.04511e-03
3.89869e+00	6.01587e-03
3.94624e+00	5.98635e-03
3.99378e+00	5.95664e-03
4.04133e+00	5.92670e-03
4.08887e+00	5.89658e-03
4.13642e+00	5.86628e-03
4.18396e+00	5.83581e-03
4.23151e+00	5.80520e-03
4.27905e+00	5.77447e-03
4.32660e+00	5.74362e-03
4.37414e+00	5.71268e-03
4.42169e+00	5.68165e-03
4.46923e+00	5.65054e-03
4.51678e+00	5.61935e-03
4.56432e+00	5.58811e-03
4.61187e+00	5.55682e-03
4.65941e+00	5.52551e-03
4.70696e+00	5.49417e-03
4.75450e+00	5.46283e-03
4.80205e+00	5.43149e-03
4.84959e+00	5.40017e-03
4.89714e+00	5.36886e-03
4.94468e+00	5.33760e-03
4.99223e+00	5.30638e-03
5.03977e+00	5.27521e-03
5.08732e+00	5.24410e-03
5.13486e+00	5.21307e-03
5.18241e+00	5.18210e-03
5.22995e+00	5.15122e-03
5.27750e+00	5.12043e-03
5.32504e+00	5.08974e-03
5.37259e+00	5.05915e-03
5.42013e+00	5.02867e-03
5.46768e+00	4.99831e-03
5.51522e+00	4.96806e-03
5.56277e+00	4.93795e-03
5.61032e+00	4.90796e-03
5.65786e+00	4.87811e-03
5.70541e+00	4.84840e-03
5.75295e+00	4.81883e-03
5.80050e+00	4.78941e-03
5.84804e+00	4.76015e-03
5.89559e+00	4.73105e-03
5.94313e+00	4.70210e-03
5.99068e+00	4.67332e-03
6.03822e+00	4.64470e-03
6.08577e+00	4.61625e-03
6.13331e+00	4.58798e-03
6.18086e+00	4.55988e-03
6.22840e+00	4.53195e-03
6.27595e+00	4.50421e-03
6.32349e+00	4.47664e-03
6.37104e+00	4.44926e-03
6.41858e+00	4.42206e-03
6.46613e+00	4.39505e-03
6.51367e+00	4.36822e-03
6.56122e+00	4.34159e-03
6.60876e+00	4.31514e-03
6.65631e+00	4.28887e-03
6.70385e+00	4.26280e-03
6.75140e+00	4.23692e-03
6.79894e+00	4.21124e-03
6.84649e+00	4.18574e-03
6.89403e+00	4.16045e-03
6.94158e+00	4.13534e-03
6.98912e+00	4.11041e-03
7.03667e+00	4.08568e-03
7.08421e+00	4.06114e-03
7.13176e+00	4.03678e-03
7.17930e+00	4.01262e-03
7.22685e+00	3.98866e-03
7.27439e+00	3.96489e-03
7.32194e+00	3.94131e-03
7.36948e+00	3.91792e-03
7.41703e+00	3.89473e-03
7.46457e+00	3.87172e-03
7.51212e+00	3.84890e-03
7.55966e+00	3.82628e-03
7.60721e+00	3.80384e-03
7.65475e+00	3.78159e-03
7.70230e+00	3.75952e-03
7.74984e+00	3.73765e-03
7.79739e+00	3.71596e-03
7.84493e+00	3.69446e-03
7.89248e+00	3.67314e-03
7.94002e+00	3.65200e-03
7.98757e+00	3.63105e-03
8.03511e+00	3.61028e-03
8.08266e+00	3.58970e-03
8.13020e+00	3.56929e-03
8.17775e+00	3.54906e-03
8.22529e+00	3.52901e-03
8.27284e+00	3.50913e-03
8.32038e+00	3.48943e-03
8.36793e+00	3.46991e-03
8.41547e+00	3.45055e-03
8.46302e+00	3.43137e-03
8.51056e+00	3.41236e-03
8.55811e+00	3.39351e-03
8.60565e+00	3.37483e-03
8.65320e+00	3.35632e-03
8.70074e+00	3.33797e-03
8.74829e+00	3.31978e-03
8.79583e+00	3.30176e-03
8.84338e+00	3.28390e-03
8.89092e+00	3.26619e-03
8.93847e+00	3.24864e-03
8.98601e+00	3.23124e-03
9.03356e+00	3.21400e-03
9.08110e+00	3.19691e-03
9.12865e+00	3.17998e-03
9.17619e+00	3.16319e-03
9.22374e+00	3.14656e-03
9.27128e+00	3.13007e-03
9.31883e+00	3.11373e-03
9.36637e+00	3.09753e-03
9.41392e+00	3.08148e-03
9.46146e+00	3.06557e-03
9.50901e+00	3.04981e-03
9.55655e+00	3.03418e-03
9.60410e+00	3.01869e-03
9.65164e+00	3.00334e-03
9.69919e+00	2.98812e-03
9.74673e+00	2.97303e-03
9.79428e+00	2.95808e-03
9.84182e+00	2.94326e-03
9.88937e+00	2.92857e-03
9.93691e+00	2.91400e-03
9.98446e+00	2.89959e-03
1.00320e+01	2.88525e-03
1.00795e+01	2.87099e-03
1.01271e+01	2.85687e-03
1.01746e+01	2.84288e-03
1.02222e+01	2.82901e-03
1.02697e+01	2.81526e-03
1.03173e+01	2.80163e-03
1.03648e+01	2.78812e-03
1.04124e+01	2.77472e-03
1.04599e+01	2.76145e-03
1.05075e+01	2.74828e-03
1.05550e+01	2.73523e-03
1.06025e+01	2.72231e-03
1.06501e+01	2.70941e-03
1.06976e+01	2.69664e-03
1.07452e+01	2.68399e-03
1.07927e+01	2.67144e-03
1.08403e+01	2.65901e-03
1.08878e+01	2.64668e-03
1.09354e+01	2.63445e-03
1.09829e+01	2.62233e-03
1.10304e+01	2.61032e-03
1.10780e+01	2.59840e-03
1.11255e+01	2.58659e-03
1.11731e+01	2.57488e-03
1.12206e+01	2.56327e-03
1.12682e+01	2.55176e-03
1.13157e+01	2.54034e-03
1.13633e+01	2.52902e-03
1.14108e+01	2.51779e-03
1.14584e+01	2.50666e-03
1.15059e+01	2.49562e-03
1.15534e+01	2.48468e-03
1.16010e+01	2.47307e-03
1.16485e+01	2.46022e-03
1.16961e+01	2.44492e-03
1.17436e+01	2.43045e-03
1.17912e+01	2.41574e-03
1.18387e+01	2.40052e-03
1.18863e+01	2.38202e-03
1.19338e+01	2.36596e-03
1.19814e+01	2.35054e-03
1.20289e+01	2.33521e-03
1.20764e+01	2.31979e-03
1.21240e+01	2.30424e-03
1.21715e+01	2.28842e-03
1.22191e+01	2.27229e-03
1.22666e+01	2.25567e-03
1.23142e+01	2.23854e-03
1.23617e+01	2.22106e-03
1.24093e+01	2.20328e-03
1.24568e+01	2.18513e-03
1.25043e+01	2.16656e-03
1.25519e+01	2.14763e-03
1.25994e+01	2.12828e-03
1.26470e+01	2.10871e-03
1.26945e+01	2.08901e-03
1.27421e+01	2.06929e-03
1.27896e+01	2.04968e-03
1.28372e+01	2.03028e-03
1.28847e+01	2.01152e-03
1.29323e+01	1.99306e-03
1.29798e+01	1.97545e-03
1.30273e+01	1.95722e-03
1.30749e+01	1.93417e-03
1.31224e+01	1.91566e-03
1.31700e+01	1.89922e-03
1.32175e+01	1.88137e-03
1.32651e+01	1.86503e-03
1.33126e+01	1.84978e-03
1.33602e+01	1.83510e-03
1.34077e+01	1.82041e-03
1.34552e+01	1.80528e-03
1.35028e+01	1.78952e-03
1.35503e+01	1.77380e-03
1.35979e+01	1.75787e-03
1.36454e+01	1.74176e-03
1.36930e+01	1.72549e-03
1.37405e+01	1.70909e-03
1.37881e+01	1.69254e-03
1.38356e+01	1.67584e-03
1.38832e+01	1.65897e-03
1.39307e+01	1.64183e-03
1.39782e+01	1.62436e-03
1.40258e+01	1.60658e-03
1.40733e+01	1.58851e-03
1.41209e+01	1.57017e-03
1.41684e+01	1.55155e-03
1.42160e+01	1.53269e-03
1.42635e+01	1.51359e-03
1.43111e+01	1.49423e-03
1.43586e+01	1.47463e-03
1.44061e+01	1.45482e-03
1.44537e+01	1.43482e-03
1.45012e+01	1.41465e-03
1.45488e+01	1.39435e-03
1.45963e+01	1.37392e-03
1.46439e+01	1.35340e-03
1.46914e+01	1.33279e-03
1.47390e+01	1.31213e-03
1.47865e+01	1.29143e-03
1.48341e+01	1.27071e-03
1.48816e+01	1.24998e-03
1.49291e+01	1.22926e-03
1.49767e+01	1.20856e-03
1.50242e+01	1.18792e-03
1.50718e+01	1.16743e-03
1.51193e+01	1.14712e-03
1.51669e+01	1.12698e-03
1.52144e+01	1.10704e-03
1.52620e+01	1.08728e-03
1.53095e+01	1.06773e-03
1.53570e+01	1.04838e-03
1.54046e+01	1.02923e-03
1.54521e+01	1.01030e-03
1.54997e+01	9.91587e-04
1.55472e+01	9.73094e-04
1.55948e+01	9.54825e-04
1.56423e+01	9.36785e-04
1.56899e+01	9.18977e-04
1.57374e+01	9.01402e-04
1.57850e+01	8.84060e-04
1.58325e+01	8.66778e-04
1.58800e+01	8.49571e-04
1.59276e+01	8.32451e-04
1.59751e+01	8.15428e-04
1.60227e+01	7.98526e-04
1.60702e+01	7.81788e-04
1.61178e+01	7.65235e-04
1.61653e+01	7.48869e-04
1.62129e+01	7.32697e-04
1.62604e+01	7.16724e-04
1.63079e+01	7.00954e-04
1.63555e+01	6.85390e-04
1.64030e+01	6.70035e-04
1.64506e+01	6.54894e-04
1.64981e+01	6.39970e-04
1.65457e+01	6.25259e-04
1.65932e+01	6.10758e-04
1.66408e+01	5.96472e-04
1.66883e+01	5.82400e-04
1.67359e+01	5.68545e-04
1.67834e+01	5.54909e-04
1.68309e+01	5.41493e-04
1.68785e+01	5.28298e-04
1.69260e+01	5.15325e-04
1.69736e+01	5.02574e-04
1.70211e+01	4.90046e-04
1.70687e+01	4.77748e-04
1.71162e+01	4.65682e-04
1.71638e+01	4.53846e-04
1.72113e+01	4.42240e-04
1.72589e+01	4.30862e-04
1.73064e+01	4.19711e-04
1.73539e+01	4.08785e-04
1.74015e+01	3.98080e-04
1.74490e+01	3.87597e-04
1.74966e+01	3.77331e-04
1.75441e+01	3.67281e-04
1.75917e+01	3.57442e-04
1.76392e+01	3.47812e-04
1.76868e+01	3.38389e-04
1.77343e+01	3.29170e-04
1.77818e+01	3.20154e-04
1.78294e+01	3.11336e-04
1.78769e+01	3.02716e-04
1.79245e+01	2.94289e-04
1.79720e+01	2.86053e-04
1.80196e+01	2.78010e-04
1.80671e+01	2.70158e-04
1.81147e+01	2.62497e-04
1.81622e+01	2.55025e-04
1.82098e+01	2.47739e-04
1.82573e+01	2.40633e-04
1.83048e+01	2.33706e-04
1.83524e+01	2.26953e-04
1.83999e+01	2.20371e-04
1.84475e+01	2.13957e-04
1.84950e+01	2.07708e-04
1.85426e+01	2.01619e-04
1.85901e+01	1.95687e-04
1.86377e+01	1.89909e-04
1.86852e+01	1.84281e-04
1.87327e+01	1.78799e-04
1.87803e+01	1.73462e-04
1.88278e+01	1.68265e-04
1.88754e+01	1.63206e-04
1.89229e+01	1.58282e-04
1.89705e+01	1.53490e-04
1.90180e+01	1.48828e-04
1.90656e+01	1.44295e-04
1.91131e+01	1.39888e-04
1.91607e+01	1.35604e-04
1.92082e+01	1.31441e-04
1.92557e+01	1.27395e-04
1.93033e+01	1.23464e-04
1.93508e+01	1.19644e-04
1.93984e+01	1.15934e-04
1.94459e+01	1.12330e-04
1.94935e+01	1.08828e-04
1.95410e+01	1.05428e-04
1.95886e+01	1.02126e-04
1.96361e+01	9.89189e-05
1.96836e+01	9.58047e-05
1.97312e+01	9.27811e-05
1.97787e+01	8.98457e-05
1.98263e+01	8.69960e-05
1.98738e+01	8.42293e-05
1.99214e+01	8.15442e-05
1.99689e+01	7.89379e-05
2.00165e+01	7.64087e-05
2.00640e+01	7.39547e-05
2.01116e+01	7.15740e-05
2.01591e+01	6.92646e-05
2.02066e+01	6.70247e-05
2.02542e+01	6.48524e-05
2.03017e+01	6.27459e-05
2.03493e+01	6.07032e-05
2.03968e+01	5.87225e-05
2.04444e+01	5.68021e-05
2.04919e+01	5.49404e-05
2.05395e+01	5.31364e-05
2.05870e+01	5.13885e-05
2.06345e+01	4.96955e-05
2.06821e+01	4.80555e-05
2.07296e+01	4.64671e-05
2.07772e+01	4.49288e-05
2.08247e+01	4.34390e-05
2.08723e+01	4.19964e-05
2.09198e+01	4.05994e-05
2.09674e+01	3.92468e-05
2.10149e+01	3.79373e-05
2.10625e+01	3.66698e-05
2.11100e+01	3.54430e-05
2.11575e+01	3.42557e-05
2.12051e+01	3.31067e-05
2.12526e+01	3.19949e-05
2.13002e+01	3.09190e-05
2.13477e+01	2.98780e-05
2.13953e+01	2.88708e-05
2.14428e+01	2.78963e-05
2.14904e+01	2.69535e-05
2.15379e+01	2.60413e-05
2.15854e+01	2.51588e-05
2.16330e+01	2.43050e-05
2.16805e+01	2.34791e-05
2.17281e+01	2.26800e-05
2.17756e+01	2.19070e-05
2.18232e+01	2.11593e-05
2.18707e+01	2.04361e-05
2.19183e+01	1.97367e-05
2.19658e+01	1.90603e-05
2.20134e+01	1.84063e-05
2.20609e+01	1.77741e-05
2.21084e+01	1.71632e-05
2.21560e+01	1.65729e-05
2.22035e+01	1.60027e-05
2.22511e+01	1.54518e-05
2.22986e+01	1.49195e-05
2.23462e+01	1.44054e-05
2.23937e+01	1.39087e-05
2.24413e+01	1.34289e-05
2.24888e+01	1.29653e-05
2.25364e+01	1.25175e-05
2.25839e+01	1.20850e-05
2.26314e+01	1.16670e-05
2.26790e+01	1.12633e-05
2.27265e+01	1.08732e-05
2.27741e+01	1.04964e-05
2.28216e+01	1.01324e-05
2.28692e+01	9.78077e-06
2.29167e+01	9.44112e-06
2.29643e+01	9.11303e-06
2.30118e+01	8.79613e-06
2.30593e+01	8.49011e-06
2.31069e+01	8.19461e-06
2.31544e+01	7.90926e-06
2.32020e+01	7.63373e-06
2.32495e+01	7.36770e-06
2.32971e+01	7.11084e-06
2.33446e+01	6.86283e-06
2.33922e+01	6.62338e-06
2.34397e+01	6.39219e-06
2.34873e+01	6.16899e-06
2.35348e+01	5.95350e-06
2.35823e+01	5.74546e-06
2.36299e+01	5.54462e-06
2.36774e+01	5.35073e-06
2.37250e+01	5.16356e-06
2.37725e+01	4.98288e-06
2.38201e+01	4.80845e-06
2.38676e+01	4.64006e-06
2.39152e+01	4.47752e-06
2.39627e+01	4.32061e-06
2.40102e+01	4.16915e-06
2.40578e+01	4.02294e-06
2.41053e+01	3.88181e-06
2.41529e+01	3.74557e-06
2.42004e+01	3.61406e-06
2.42480e+01	3.48711e-06
2.42955e+01	3.36457e-06
2.43431e+01	3.24629e-06
2.43906e+01	3.13212e-06
2.44382e+01	3.02191e-06
2.44857e+01	2.91554e-06
2.45332e+01	2.81287e-06
2.45808e+01	2.71377e-06
2.46283e+01	2.61811e-06
2.46759e+01	2.52578e-06
2.47234e+01	2.43667e-06
2.47710e+01	2.35065e-06
2.48185e+01	2.26763e-06
2.48661e+01	2.18750e-06
2.49136e+01	2.11017e-06
2.49611e+01	2.03553e-06
2.50087e+01	1.96350e-06
2.50562e+01	1.89400e-06
2.51038e+01	1.82693e-06
2.51513e+01	1.76222e-06
2.51989e+01	1.69980e-06
2.52464e+01	1.63957e-06
2.52940e+01	1.58147e-06
2.53415e+01	1.52542e-06
2.53891e+01	1.47134e-06
2.54366e+01	1.41917e-06
2.54841e+01	1.36884e-06
2.55317e+01	1.32026e-06
2.55792e+01	1.27340e-06
2.56268e+01	1.22818e-06
2.56743e+01	1.18454e-06
2.57219e+01	1.14243e-06
2.57694e+01	1.10179e-06
2.58170e+01	1.06258e-06
2.58645e+01	1.02474e-06
2.59120e+01	9.88231e-07
2.59596e+01	9.52999e-07
2.60071e+01	9.19005e-07
2.60547e+01	8.86217e-07
2.61022e+01	8.54594e-07
2.61498e+01	8.24095e-07
2.61973e+01	7.94679e-07
2.62449e+01	7.66310e-07
2.62924e+01	7.38951e-07
2.63400e+01	7.12566e-07
2.63875e+01	6.87120e-07
2.64350e+01	6.62580e-07
2.64826e+01	6.38914e-07
2.65301e+01	6.16090e-07
2.65777e+01	5.94080e-07
2.66252e+01	5.72854e-07
2.66728e+01	5.52384e-07
2.67203e+01	5.32644e-07
2.67679e+01	5.13608e-07
2.68154e+01	4.95251e-07
2.68629e+01	4.77548e-07
2.69105e+01	4.60477e-07
2.69580e+01	4.44015e-07
2.70056e+01	4.28141e-07
2.70531e+01	4.12833e-07
2.71007e+01	3.98071e-07
2.71482e+01	3.83835e-07
2.71958e+01	3.70108e-07
2.72433e+01	3.56871e-07
2.72909e+01	3.44107e-07
2.73384e+01	3.31799e-07
2.73859e+01	3.19930e-07
2.74335e+01	3.08486e-07
2.74810e+01	2.97450e-07
2.75286e+01	2.86809e-07
2.75761e+01	2.76548e-07
2.76237e+01	2.66654e-07
2.76712e+01	2.57113e-07
2.77188e+01	2.47913e-07
2.77663e+01	2.39043e-07
2.78138e+01	2.30489e-07
2.78614e+01	2.22242e-07
2.79089e+01	2.14289e-07
2.79565e+01	2.06621e-07
2.80040e+01	1.99227e-07
2.80516e+01	1.92097e-07
2.80991e+01	1.85221e-07
2.81467e+01	1.78592e-07
2.81942e+01	1.72199e-07
2.82418e+01	1.66034e-07
2.82893e+01	1.60090e-07
2.83368e+01	1.54357e-07
2.83844e+01	1.48830e-07
2.84319e+01	1.43500e-07
2.84795e+01	1.38361e-07
2.85270e+01	1.33405e-07
2.85746e+01	1.28626e-07
2.86221e+01	1.24018e-07
2.86697e+01	1.19575e-07
2.87172e+01	1.15290e-07
2.87648e+01	1.11159e-07
2.88123e+01	1.07176e-07
2.88598e+01	1.03335e-07
2.89074e+01	9.96308e-08
2.89549e+01	9.60596e-08
2.90025e+01	9.26161e-08
2.90500e+01	8.92958e-08
2.90976e+01	8.60942e-08
2.91451e+01	8.30072e-08
2.91927e+01	8.00305e-08
2.92402e+01	7.71603e-08
2.92877e+01	7.43928e-08
2.93353e+01	7.17243e-08
2.93828e+01	6.91511e-08
2.94304e+01	6.66700e-08
2.94779e+01	6.42776e-08
2.95255e+01	6.19707e-08
2.95730e+01	5.97463e-08
2.96206e+01	5.76014e-08
2.96681e+01	5.55331e-08
2.97157e+01	5.35388e-08
2.97632e+01	5.16156e-08
2.98107e+01	4.97612e-08
2.98583e+01	4.79731e-08
2.99058e+01	4.62490e-08
2.99534e+01	4.45865e-08
3.00009e+01	4.29834e-08
3.00485e+01	4.14376e-08
3.00960e+01	3.99470e-08
3.01436e+01	3.85100e-08
3.01911e+01	3.71245e-08
3.02386e+01	3.57887e-08
3.02862e+01	3.45009e-08
3.03337e+01	3.32593e-08
3.03813e+01	3.20623e-08
3.04288e+01	3.09082e-08
3.04764e+01	2.97956e-08
3.05239e+01	2.87229e-08
3.05715e+01	2.76887e-08
3.06190e+01	2.66916e-08
3.06666e+01	2.57304e-08
3.07141e+01	2.48036e-08
3.07616e+01	2.39102e-08
3.08092e+01	2.30488e-08
3.08567e+01	2.22183e-08
3.09043e+01	2.14177e-08
3.09518e+01	2.06459e-08
3.09994e+01	1.99017e-08
3.10469e+01	1.91843e-08
3.10945e+01	1.84927e-08
3.11420e+01	1.78260e-08
3.11895e+01	1.71832e-08
3.12371e+01	1.65635e-08
3.12846e+01	1.59661e-08
3.13322e+01	1.53902e-08
3.13797e+01	1.48350e-08
3.14273e+01	1.42997e-08
3.14748e+01	1.37837e-08
3.15224e+01	1.32862e-08
3.15699e+01	1.28067e-08
3.16175e+01	1.23444e-08
3.16650e+01	1.18987e-08
3.17125e+01	1.14691e-08
3.17601e+01	1.10550e-08
3.18076e+01	1.06557e-08
3.18552e+01	1.02709e-08
3.19027e+01	9.89986e-09
3.19503e+01	9.54222e-09
3.19978e+01	9.19746e-09
3.20454e+01	8.86511e-09
3.20929e+01	8.54475e-09
3.21404e+01	8.23596e-09
3.21880e+01	7.93831e-09
3.22355e+01	7.65140e-09
3.22831e+01	7.37484e-09
3.23306e+01	7.10828e-09
3.23782e+01	6.85133e-09
3.24257e+01	6.60367e-09
3.24733e+01	6.36494e-09
3.25208e+01	6.13484e-09
3.25684e+01	5.91304e-09
3.26159e+01	5.69926e-09
3.26634e+01	5.49320e-09
3.27110e+01	5.29457e-09
3.27585e+01	5.10313e-09
3.28061e+01	4.91860e-09
3.28536e+01	4.74074e-09
3.29012e+01	4.56930e-09
3.29487e+01	4.40406e-09
3.29963e+01	4.24479e-09
3.30438e+01	4.09127e-09
3.30913e+01	3.94330e-09
3.31389e+01	3.80068e-09
3.31864e+01	3.66321e-09
3.32340e+01	3.53071e-09
3.32815e+01	3.40300e-09
3.33291e+01	3.27991e-09
3.33766e+01	3.16126e-09
3.34242e+01	3.04690e-09
3.34717e+01	2.93668e-09
3.35193e+01	2.83044e-09
3.35668e+01	2.72804e-09
3.36143e+01	2.62934e-09
3.36619e+01	2.53421e-09
3.37094e+01	2.44252e-09
3.37570e+01	2.35415e-09
3.38045e+01	2.26897e-09
3.38521e+01	2.18687e-09
3.38996e+01	2.10773e-09
3.39472e+01	2.03146e-09
3.39947e+01	1.95795e-09
3.40423e+01	1.88711e-09
3.40898e+01	1.81884e-09
3.41373e+01	1.75305e-09
3.41849e+01	1.68964e-09
3.42324e+01	1.62853e-09
3.42800e+01	1.56963e-09
3.43275e+01	1.51287e-09
3.43751e+01	1.45817e-09
3.44226e+01	1.40545e-09
3.44702e+01	1.35464e-09
3.45177e+01	1.30568e-09
3.45652e+01	1.25849e-09
3.46128e+01	1.21300e-09
3.46603e+01	1.16917e-09
3.47079e+01	1.12693e-09
3.47554e+01	1.08622e-09
3.48030e+01	1.04698e-09
3.48505e+01	1.00917e-09
3.48981e+01	9.72726e-10
3.49456e+01	9.37602e-10
3.49932e+01	9.03751e-10
3.50407e+01	8.71124e-10
3.50882e+01	8.39678e-10
3.51358e+01	8.09370e-10
3.51833e+01	7.80158e-10
3.52309e+01	7.52003e-10
3.52784e+01	7.24866e-10
3.53260e+01	6.98709e-10
3.53735e+01	6.73499e-10
3.54211e+01	6.49200e-10
3.54686e+01	6.25780e-10
3.55161e+01	6.03206e-10
3.55637e+01	5.81447e-10
3.56112e+01	5.60476e-10
3.56588e+01	5.40261e-10
3.57063e+01	5.20778e-10
3.57539e+01	5.01998e-10
3.58014e+01	4.83896e-10
3.58490e+01	4.66448e-10
3.58965e+01	4.49631e-10
3.59441e+01	4.33420e-10
3.59916e+01	4.17795e-10
3.60391e+01	4.02733e-10
3.60867e+01	3.88219e-10
3.61342e+01	3.74232e-10
3.61818e+01	3.60754e-10
3.62293e+01	3.47764e-10
3.62769e+01	3.35246e-10
3.63244e+01	3.23183e-10
3.63720e+01	3.11557e-10
3.64195e+01	3.00353e-10
3.64670e+01	2.89554e-10
3.65146e+01	2.79148e-10
3.65621e+01	2.69118e-10
3.66097e+01	2.59451e-10
3.66572e+01	2.50135e-10
3.67048e+01	2.41156e-10
3.67523e+01	2.32502e-10
3.67999e+01	2.24161e-10
3.68474e+01	2.16122e-10
3.68950e+01	2.08373e-10
3.69425e+01	2.00904e-10
3.69900e+01	1.93706e-10
3.70376e+01	1.86767e-10
3.70851e+01	1.80079e-10
3.71327e+01	1.73633e-10
3.71802e+01	1.67419e-10
3.72278e+01	1.61429e-10
3.72753e+01	1.55656e-10
3.73229e+01	1.50092e-10
3.73704e+01	1.44728e-10
3.74179e+01	1.39558e-10
3.74655e+01	1.34574e-10
3.75130e+01	1.29770e-10
3.75606e+01	1.25139e-10
3.76081e+01	1.20675e-10
3.76557e+01	1.16372e-10
3.77032e+01	1.12223e-10
3.77508e+01	1.08224e-10
3.77983e+01	1.04369e-10
3.78459e+01	1.00652e-10
3.78934e+01	9.70690e-11
3.79409e+01	9.36147e-11
3.79885e+01	9.02845e-11
3.80360e+01	8.70738e-11
3.80836e+01	8.39784e-11
3.81311e+01	8.09940e-11
3.81787e+01	7.81167e-11
3.82262e+01	7.53425e-11
3.82738e+01	7.26677e-11
3.83213e+01	7.00887e-11
3.83688e+01	6.76022e-11
3.84164e+01	6.52050e-11
3.84639e+01	6.28938e-11
3.85115e+01	6.06657e-11
3.85590e+01	5.85175e-11
3.86066e+01	5.64463e-11
3.86541e+01	5.44493e-11
3.87017e+01	5.25239e-11
3.87492e+01	5.06674e-11
3.87968e+01	4.88774e-11
3.88443e+01	4.71513e-11
3.88918e+01	4.54870e-11
3.89394e+01	4.38822e-11
3.89869e+01	4.23347e-11
3.90345e+01	4.08425e-11
3.90820e+01	3.94035e-11
3.91296e+01	3.80158e-11
3.91771e+01	3.66776e-11
3.92247e+01	3.53871e-11
3.92722e+01	3.41425e-11
3.93198e+01	3.29422e-11
3.93673e+01	3.17846e-11
3.94148e+01	3.06681e-11
3.94624e+01	2.95913e-11
3.95099e+01	2.85528e-11
3.95575e+01	2.75510e-11
3.96050e+01	2.65848e-11
3.96526e+01	2.56528e-11
3.97001e+01	2.47539e-11
3.97477e+01	2.38867e-11
3.97952e+01	2.30502e-11
3.98427e+01	2.22432e-11
3.98903e+01	2.14648e-11
3.99378e+01	2.07137e-11
3.99854e+01	1.99892e-11
4.00329e+01	1.92902e-11
4.00805e+01	1.86158e-11
4.01280e+01	1.79652e-11
4.01756e+01	1.73376e-11
4.02231e+01	1.67321e-11
4.02707e+01	1.61480e-11
4.03182e+01	1.55844e-11
4.03657e+01	1.50407e-11
4.04133e+01	1.45161e-11
4.04608e+01	1.40100e-11
4.05084e+01	1.35216e-11
4.05559e+01	1.30504e-11
4.06035e+01	1.25958e-11
4.06510e+01	1.21572e-11
4.06986e+01	1.17340e-11
4.07461e+01	1.13256e-11
4.07936e+01	1.09315e-11
4.08412e+01	1.05513e-11
4.08887e+01	1.01844e-11
4.09363e+01	9.83038e-12
4.09838e+01	9.48876e-12
4.10314e+01	9.15911e-12
4.10789e+01	8.84100e-12
4.11265e+01	8.53403e-12
4.11740e+01	8.23780e-12
4.12216e+01	7.95194e-12
4.12691e+01	7.67608e-12
4.13166e+01	7.40986e-12
4.13642e+01	7.15296e-12
4.14117e+01	6.90503e-12
4.14593e+01	6.66576e-12
4.15068e+01	6.43485e-12
4.15544e+01	6.21201e-12
4.16019e+01	5.99694e-12
4.16495e+01	5.78938e-12
4.16970e+01	5.58907e-12
4.17445e+01	5.39574e-12
4.17921e+01	5.20915e-12
4.18396e+01	5.02907e-12
4.18872e+01	4.85527e-12
4.19347e+01	4.68753e-12
4.19823e+01	4.52563e-12
4.20298e+01	4.36937e-12
4.20774e+01	4.21856e-12
4.21249e+01	4.07300e-12
4.21725e+01	3.93250e-12
4.22200e+01	3.79689e-12
4.22675e+01	3.66601e-12
4.23151e+01	3.53968e-12
4.23626e+01	3.41774e-12
4.24102e+01	3.30004e-12
4.24577e+01	3.18644e-12
4.25053e+01	3.07678e-12
4.25528e+01	2.97094e-12
4.26004e+01	2.86877e-12
4.26479e+01	2.77015e-12
4.26954e+01	2.67496e-12
4.27430e+01	2.58308e-12
4.27905e+01	2.49439e-12
4.28381e+01	2.40878e-12
4.28856e+01	2.32614e-12
4.29332e+01	2.24638e-12
4.29807e+01	2.16939e-12
4.30283e+01	2.09507e-12
4.30758e+01	2.02334e-12
4.31234e+01	1.95409e-12
4.31709e+01	1.88726e-12
4.32184e+01	1.82274e-12
4.32660e+01	1.76047e-12
4.33135e+01	1.70035e-12
4.33611e+01	1.64233e-12
4.34086e+01	1.58632e-12
4.34562e+01	1.53226e-12
4.35037e+01	1.48007e-12
4.35513e+01	1.42970e-12
4.35988e+01	1.38107e-12
4.36463e+01	1.33414e-12
4.36939e+01	1.28884e-12
4.37414e+01	1.24511e-12
4.37890e+01	1.20291e-12
4.38365e+01	1.16217e-12
4.38841e+01	1.12285e-12
4.39316e+01	1.08490e-12
4.39792e+01	1.04827e-12
4.40267e+01	1.01292e-12
4.40743e+01	9.78798e-13
4.41218e+01	9.45868e-13
4.41693e+01	9.14087e-13
4.42169e+01	8.83416e-13
4.42644e+01	8.53817e-13
4.43120e+01	8.25253e-13
4.43595e+01	7.97689e-13
4.44071e+01	7.71091e-13
4.44546e+01	7.45427e-13
4.45022e+01	7.20664e-13
4.45497e+01	6.96771e-13
4.45972e+01	6.73721e-13
4.46448e+01	6.51483e-13
4.46923e+01	6.30030e-13
4.47399e+01	6.09337e-13
4.47874e+01	5.89377e-13
4.48350e+01	5.70127e-13
4.48825e+01	5.51562e-13
4.49301e+01	5.33659e-13
4.49776e+01	5.16397e-13
4.50252e+01	4.99755e-13
4.50727e+01	4.83711e-13
4.51202e+01	4.68246e-13
4.51678e+01	4.53342e-13
4.52153e+01	4.38979e-13
4.52629e+01	4.25140e-13
4.53104e+01	4.11809e-13
4.53580e+01	3.98968e-13
4.54055e+01	3.86603e-13
4.54531e+01	3.74698e-13
4.55006e+01	3.63238e-13
4.55482e+01	3.52210e-13
4.55957e+01	3.41599e-13
4.56432e+01	3.31393e-13
4.56908e+01	3.21580e-13
4.57383e+01	3.12147e-13
4.57859e+01	3.03083e-13
4.58334e+01	2.94377e-13
4.58810e+01	2.86018e-13
4.59285e+01	2.77996e-13
4.59761e+01	2.70303e-13
4.60236e+01	2.62927e-13
4.60711e+01	2.55859e-13
4.61187e+01	2.49092e-13
4.61662e+01	2.42617e-13
4.62138e+01	2.36425e-13
4.62613e+01	2.30509e-13
4.63089e+01	2.24861e-13
4.63564e+01	2.19475e-13
4.64040e+01	2.14343e-13
4.64515e+01	2.09459e-13
4.64991e+01	2.04817e-13
4.65466e+01	2.00411e-13
4.65941e+01	1.96235e-13
4.66417e+01	1.92284e-13
4.66892e+01	1.88553e-13
4.67368e+01	1.85036e-13
4.67843e+01	1.81730e-13
4.68319e+01	1.78629e-13
4.68794e+01	1.75729e-13
4.69270e+01	1.73027e-13
4.69745e+01	1.70518e-13
4.70220e+01	1.68200e-13
4.70696e+01	1.66068e-13
4.71171e+01	1.64119e-13
4.71647e+01	1.62350e-13
4.72122e+01	1.60759e-13
4.72598e+01	1.59342e-13
4.73073e+01	1.58098e-13
4.73549e+01	1.57023e-13
4.74024e+01	1.56115e-13
4.74500e+01	1.55372e-13
4.74975e+01	1.54793e-13
4.75450e+01	1.54368e-13
