# The ell = 1 distribution, the first anisotropy.
# E_N [Td]	2.00000e+01
# col_1: Electron Energy [eV], col_2: f1 [eV^(-3/2)]
eV	f1
2.44050e-02	1.87459e-03
4.88101e-02	3.01985e-03
7.32151e-02	3.68180e-03
9.76201e-02	4.04273e-03
1.22025e-01	4.17512e-03
1.46430e-01	4.18796e-03
1.70835e-01	4.14563e-03
1.95240e-01	4.09116e-03
2.19645e-01	4.05313e-03
2.44050e-01	4.01474e-03
2.68455e-01	3.96551e-03
2.92860e-01	3.95138e-03
3.17265e-01	3.97855e-03
3.41670e-01	3.94390e-03
3.66076e-01	3.89386e-03
3.90481e-01	3.84635e-03
4.14886e-01	3.80456e-03
4.39291e-01	3.76966e-03
4.63696e-01	3.74041e-03
4.88101e-01	3.71614e-03
5.12506e-01	3.69658e-03
5.36911e-01	3.68139e-03
5.61316e-01	3.67052e-03
5.85721e-01	3.66353e-03
6.10126e-01	3.66049e-03
6.34531e-01	3.66151e-03
6.58936e-01	3.66601e-03
6.83341e-01	3.67354e-03
7.07746e-01	3.68326e-03
7.32151e-01	3.69380e-03
7.56556e-01	3.70489e-03
7.80961e-01	3.71631e-03
8.05366e-01	3.72812e-03
8.29771e-01	3.74038e-03
8.54176e-01	3.75296e-03
8.78581e-01	3.76559e-03
9.02986e-01	3.77793e-03
9.27391e-01	3.78986e-03
9.51796e-01	3.80132e-03
9.76201e-01	3.81225e-03
1.00061e+00	3.82214e-03
1.02501e+00	3.83086e-03
1.04942e+00	3.83825e-03
1.07382e+00	3.84442e-03
1.09823e+00	3.84983e-03
1.12263e+00	3.85324e-03
1.14704e+00	3.85440e-03
1.17144e+00	3.85363e-03
1.19585e+00	3.85283e-03
1.22025e+00	3.85228e-03
1.24466e+00	3.84966e-03
1.26906e+00	3.84364e-03
1.29347e+00	3.83386e-03
1.31787e+00	3.82136e-03
1.34228e+00	3.80681e-03
1.36668e+00	3.79244e-03
1.39109e+00	3.77708e-03
1.41549e+00	3.76064e-03
1.43990e+00	3.74252e-03
1.46430e+00	3.72333e-03
1.48871e+00	3.70755e-03
1.51311e+00	3.69652e-03
1.53752e+00	3.68026e-03
1.56192e+00	3.65949e-03
1.58633e+00	3.63575e-03
1.61073e+00	3.61035e-03
1.63514e+00	3.58438e-03
1.65954e+00	3.55737e-03
1.68395e+00	3.52961e-03
1.70835e+00	3.50206e-03
1.73276e+00	3.47500e-03
1.75716e+00	3.44846e-03
1.78157e+00	3.42244e-03
1.80597e+00	3.39692e-03
1.83038e+00	3.37188e-03
1.85478e+00	3.34733e-03
1.87919e+00	3.32325e-03
1.90359e+00	3.29976e-03
1.92800e+00	3.27682e-03
1.95240e+00	3.25408e-03
1.97681e+00	3.23151e-03
2.00121e+00	3.20912e-03
2.02562e+00	3.18705e-03
2.05002e+00	3.16523e-03
2.07443e+00	3.14366e-03
2.09883e+00	3.12233e-03
2.12324e+00	3.10123e-03
2.14764e+00	3.08035e-03
2.17205e+00	3.05968e-03
2.19645e+00	3.03922e-03
2.22086e+00	3.01896e-03
2.24526e+00	2.99890e-03
2.26967e+00	2.97904e-03
2.29407e+00	2.95938e-03
2.31848e+00	2.93991e-03
2.34288e+00	2.92062e-03
2.36729e+00	2.90152e-03
2.39169e+00	2.88259e-03
2.41610e+00	2.86384e-03
2.44050e+00	2.84524e-03
2.46491e+00	2.82680e-03
2.48931e+00	2.80851e-03
2.51372e+00	2.79030e-03
2.53812e+00	2.77223e-03
2.56253e+00	2.75426e-03
2.58693e+00	2.73639e-03
2.61134e+00	2.71865e-03
2.63574e+00	2.70101e-03
2.66015e+00	2.68349e-03
2.68455e+00	2.66608e-03
2.70896e+00	2.64879e-03
2.73336e+00	2.63162e-03
2.75777e+00	2.61456e-03
2.78217e+00	2.59763e-03
2.80658e+00	2.58082e-03
2.83098e+00	2.56413e-03
2.85539e+00	2.54757e-03
2.87979e+00	2.53113e-03
2.90420e+00	2.51481e-03
2.92860e+00	2.49863e-03
2.95301e+00	2.48257e-03
2.97741e+00	2.46664e-03
3.00182e+00	2.45083e-03
3.02622e+00	2.43516e-03
3.05063e+00	2.41962e-03
3.07503e+00	2.40421e-03
3.09944e+00	2.38894e-03
3.12384e+00	2.37379e-03
3.14825e+00	2.35878e-03
3.17265e+00	2.34391e-03
3.19706e+00	2.32917e-03
3.22146e+00	2.31457e-03
3.24587e+00	2.30010e-03
3.27027e+00	2.28577e-03
3.29468e+00	2.27157e-03
3.31908e+00	2.25751e-03
3.34349e+00	2.24358e-03
3.36789e+00	2.22979e-03
3.39230e+00	2.21614e-03
3.41670e+00	2.20261e-03
3.44111e+00	2.18922e-03
3.46552e+00	2.17597e-03
3.48992e+00	2.16284e-03
3.51433e+00	2.14985e-03
3.53873e+00	2.13699e-03
3.56314e+00	2.12426e-03
3.58754e+00	2.11166e-03
3.61195e+00	2.09919e-03
3.63635e+00	2.08685e-03
3.66076e+00	2.07463e-03
3.68516e+00	2.06255e-03
3.70957e+00	2.05059e-03
3.73397e+00	2.03877e-03
3.75838e+00	2.02706e-03
3.78278e+00	2.01548e-03
3.80719e+00	2.00403e-03
3.83159e+00	1.99270e-03
3.85600e+00	1.98149e-03
3.88040e+00	1.97040e-03
3.90481e+00	1.95943e-03
3.92921e+00	1.94859e-03
3.95362e+00	1.93785e-03
3.97802e+00	1.92720e-03
4.00243e+00	1.91683e-03
4.02683e+00	1.90652e-03
4.05124e+00	1.89630e-03
4.07564e+00	1.88624e-03
4.10005e+00	1.87629e-03
4.12445e+00	1.86644e-03
4.14886e+00	1.85670e-03
4.17326e+00	1.84707e-03
4.19767e+00	1.83755e-03
4.22207e+00	1.82813e-03
4.24648e+00	1.81882e-03
4.27088e+00	1.80961e-03
4.29529e+00	1.80050e-03
4.31969e+00	1.79149e-03
4.34410e+00	1.78258e-03
4.36850e+00	1.77377e-03
4.39291e+00	1.76505e-03
4.41731e+00	1.75643e-03
4.44172e+00	1.74791e-03
4.46612e+00	1.73948e-03
4.49053e+00	1.73114e-03
4.51493e+00	1.72289e-03
4.53934e+00	1.71473e-03
4.56374e+00	1.70666e-03
4.58815e+00	1.69867e-03
4.61255e+00	1.69077e-03
4.63696e+00	1.68296e-03
4.66136e+00	1.67523e-03
4.68577e+00	1.66759e-03
4.71017e+00	1.66002e-03
4.73458e+00	1.65254e-03
4.75898e+00	1.64514e-03
4.78339e+00	1.63781e-03
4.80779e+00	1.63056e-03
4.83220e+00	1.62339e-03
4.85660e+00	1.61630e-03
4.88101e+00	1.60928e-03
4.90541e+00	1.60232e-03
4.92982e+00	1.59545e-03
4.95422e+00	1.58866e-03
4.97863e+00	1.58193e-03
5.00303e+00	1.57526e-03
5.02744e+00	1.56868e-03
5.05184e+00	1.56219e-03
5.07625e+00	1.55575e-03
5.10065e+00	1.54937e-03
5.12506e+00	1.54307e-03
5.14946e+00	1.53682e-03
5.17387e+00	1.53064e-03
5.19827e+00	1.52452e-03
5.22268e+00	1.51847e-03
5.24708e+00	1.51247e-03
5.27149e+00	1.50653e-03
5.29589e+00	1.50065e-03
5.32030e+00	1.49483e-03
5.34470e+00	1.48907e-03
5.36911e+00	1.48336e-03
5.39351e+00	1.47770e-03
5.41792e+00	1.47210e-03
5.44232e+00	1.46656e-03
5.46673e+00	1.46107e-03
5.49113e+00	1.45563e-03
5.51554e+00	1.45024e-03
5.53994e+00	1.44490e-03
5.56435e+00	1.43961e-03
5.58875e+00	1.43437e-03
5.61316e+00	1.42918e-03
5.63756e+00	1.42404e-03
5.66197e+00	1.41894e-03
5.68637e+00	1.41389e-03
5.71078e+00	1.40889e-03
5.73518e+00	1.40393e-03
5.75959e+00	1.39902e-03
5.78399e+00	1.39415e-03
5.80840e+00	1.38932e-03
5.83280e+00	1.38454e-03
5.85721e+00	1.37980e-03
5.88161e+00	1.37509e-03
5.90602e+00	1.37045e-03
5.93042e+00	1.36581e-03
5.95483e+00	1.36122e-03
5.97923e+00	1.35667e-03
6.00364e+00	1.35215e-03
6.02804e+00	1.34771e-03
6.05245e+00	1.34323e-03
6.07685e+00	1.33882e-03
6.10126e+00	1.33444e-03
6.12566e+00	1.33009e-03
6.15007e+00	1.32578e-03
6.17447e+00	1.32151e-03
6.19888e+00	1.31727e-03
6.22328e+00	1.31307e-03
6.24769e+00	1.30889e-03
6.27209e+00	1.30475e-03
6.29650e+00	1.30065e-03
6.32090e+00	1.29657e-03
6.34531e+00	1.29253e-03
6.36971e+00	1.28851e-03
6.39412e+00	1.28453e-03
6.41852e+00	1.28058e-03
6.44293e+00	1.27665e-03
6.46733e+00	1.27276e-03
6.49174e+00	1.26889e-03
6.51614e+00	1.26505e-03
6.54055e+00	1.26124e-03
6.56495e+00	1.25746e-03
6.58936e+00	1.25371e-03
6.61376e+00	1.24998e-03
6.63817e+00	1.24628e-03
6.66257e+00	1.24261e-03
6.68698e+00	1.23896e-03
6.71138e+00	1.23533e-03
6.73579e+00	1.23173e-03
6.76019e+00	1.22815e-03
6.78460e+00	1.22460e-03
6.80900e+00	1.22107e-03
6.83341e+00	1.21757e-03
6.85782e+00	1.21408e-03
6.88222e+00	1.21062e-03
6.90663e+00	1.20716e-03
6.93103e+00	1.20382e-03
6.95544e+00	1.20032e-03
6.97984e+00	1.19691e-03
7.00425e+00	1.19351e-03
7.02865e+00	1.19013e-03
7.05306e+00	1.18678e-03
7.07746e+00	1.18346e-03
7.10187e+00	1.18008e-03
7.12627e+00	1.17675e-03
7.15068e+00	1.17344e-03
7.17508e+00	1.17015e-03
7.19949e+00	1.16687e-03
7.22389e+00	1.16362e-03
7.24830e+00	1.16038e-03
7.27270e+00	1.15717e-03
7.29711e+00	1.15397e-03
7.32151e+00	1.15078e-03
7.34592e+00	1.14762e-03
7.37032e+00	1.14447e-03
7.39473e+00	1.14134e-03
7.41913e+00	1.13822e-03
7.44354e+00	1.13512e-03
7.46794e+00	1.13204e-03
7.49235e+00	1.12897e-03
7.51675e+00	1.12592e-03
7.54116e+00	1.12289e-03
7.56556e+00	1.11986e-03
7.58997e+00	1.11686e-03
7.61437e+00	1.11386e-03
7.63878e+00	1.11088e-03
7.66318e+00	1.10792e-03
7.68759e+00	1.10497e-03
7.71199e+00	1.10203e-03
7.73640e+00	1.09911e-03
7.76080e+00	1.09620e-03
7.78521e+00	1.09330e-03
7.80961e+00	1.09041e-03
7.83402e+00	1.08754e-03
7.85842e+00	1.08468e-03
7.88283e+00	1.08183e-03
7.90723e+00	1.07899e-03
7.93164e+00	1.07616e-03
7.95604e+00	1.07335e-03
7.98045e+00	1.07054e-03
8.00485e+00	1.06775e-03
8.02926e+00	1.06497e-03
8.05366e+00	1.06220e-03
8.07807e+00	1.05944e-03
8.10247e+00	1.05668e-03
8.12688e+00	1.05394e-03
8.15128e+00	1.05121e-03
8.17569e+00	1.04849e-03
8.20009e+00	1.04578e-03
8.22450e+00	1.04307e-03
8.24890e+00	1.04038e-03
8.27331e+00	1.03769e-03
8.29771e+00	1.03501e-03
8.32212e+00	1.03235e-03
8.34652e+00	1.02969e-03
8.37093e+00	1.02703e-03
8.39533e+00	1.02439e-03
8.41974e+00	1.02175e-03
8.44414e+00	1.01912e-03
8.46855e+00	1.01650e-03
8.49295e+00	1.01389e-03
8.51736e+00	1.01128e-03
8.54176e+00	1.00868e-03
8.56617e+00	1.00609e-03
8.59057e+00	1.00350e-03
8.61498e+00	1.00092e-03
8.63938e+00	9.98343e-04
8.66379e+00	9.95775e-04
8.68819e+00	9.93213e-04
8.71260e+00	9.90656e-04
8.73700e+00	9.88105e-04
8.76141e+00	9.85560e-04
8.78581e+00	9.83020e-04
8.81022e+00	9.80485e-04
8.83462e+00	9.77956e-04
8.85903e+00	9.75431e-04
8.88343e+00	9.72911e-04
8.90784e+00	9.70389e-04
8.93224e+00	9.67905e-04
8.95665e+00	9.65358e-04
8.98105e+00	9.62842e-04
9.00546e+00	9.60327e-04
9.02986e+00	9.57816e-04
9.05427e+00	9.55310e-04
9.07867e+00	9.52808e-04
9.10308e+00	9.50310e-04
9.12748e+00	9.47815e-04
9.15189e+00	9.45325e-04
9.17629e+00	9.42838e-04
9.20070e+00	9.40354e-04
9.22510e+00	9.37874e-04
9.24951e+00	9.35395e-04
9.27391e+00	9.32925e-04
9.29832e+00	9.30450e-04
9.32272e+00	9.27978e-04
9.34713e+00	9.25510e-04
9.37153e+00	9.23045e-04
9.39594e+00	9.20582e-04
9.42034e+00	9.18121e-04
9.44475e+00	9.15664e-04
9.46915e+00	9.13208e-04
9.49356e+00	9.10754e-04
9.51796e+00	9.08303e-04
9.54237e+00	9.05854e-04
9.56677e+00	9.03406e-04
9.59118e+00	9.00961e-04
9.61558e+00	8.98510e-04
9.63999e+00	8.96089e-04
9.66439e+00	8.93621e-04
9.68880e+00	8.91170e-04
9.71320e+00	8.88720e-04
9.73761e+00	8.86271e-04
9.76201e+00	8.83824e-04
9.78642e+00	8.81378e-04
9.81082e+00	8.78934e-04
9.83523e+00	8.76490e-04
9.85963e+00	8.74048e-04
9.88404e+00	8.71607e-04
9.90844e+00	8.69167e-04
9.93285e+00	8.66727e-04
9.95725e+00	8.64288e-04
9.98166e+00	8.61804e-04
1.00061e+01	8.59483e-04
1.00305e+01	8.56947e-04
1.00549e+01	8.54316e-04
1.00793e+01	8.51757e-04
1.01037e+01	8.49195e-04
1.01281e+01	8.46637e-04
1.01525e+01	8.44084e-04
1.01769e+01	8.41535e-04
1.02013e+01	8.38989e-04
1.02257e+01	8.36447e-04
1.02501e+01	8.33909e-04
1.02745e+01	8.31375e-04
1.02989e+01	8.28844e-04
1.03233e+01	8.26317e-04
1.03477e+01	8.23794e-04
1.03721e+01	8.21274e-04
1.03965e+01	8.18758e-04
1.04210e+01	8.16245e-04
1.04454e+01	8.13735e-04
1.04698e+01	8.11229e-04
1.04942e+01	8.08727e-04
1.05186e+01	8.06227e-04
1.05430e+01	8.03731e-04
1.05674e+01	8.01203e-04
1.05918e+01	7.98800e-04
1.06162e+01	7.96242e-04
1.06406e+01	7.93608e-04
1.06650e+01	7.91036e-04
1.06894e+01	7.88464e-04
1.07138e+01	7.85899e-04
1.07382e+01	7.83341e-04
1.07626e+01	7.80790e-04
1.07870e+01	7.78245e-04
1.08114e+01	7.75707e-04
1.08358e+01	7.73175e-04
1.08602e+01	7.70650e-04
1.08846e+01	7.68131e-04
1.09091e+01	7.65619e-04
1.09335e+01	7.63113e-04
1.09579e+01	7.60613e-04
1.09823e+01	7.58120e-04
1.10067e+01	7.55632e-04
1.10311e+01	7.53152e-04
1.10555e+01	7.50677e-04
1.10799e+01	7.48209e-04
1.11043e+01	7.45746e-04
1.11287e+01	7.43290e-04
1.11531e+01	7.40840e-04
1.11775e+01	7.38396e-04
1.12019e+01	7.35959e-04
1.12263e+01	7.33527e-04
1.12507e+01	7.31101e-04
1.12751e+01	7.28681e-04
1.12995e+01	7.26267e-04
1.13239e+01	7.23859e-04
1.13483e+01	7.21457e-04
1.13727e+01	7.19061e-04
1.13972e+01	7.16670e-04
1.14216e+01	7.14285e-04
1.14460e+01	7.11905e-04
1.14704e+01	7.09531e-04
1.14948e+01	7.07161e-04
1.15192e+01	7.04796e-04
1.15436e+01	7.02435e-04
1.15680e+01	6.99798e-04
1.15924e+01	6.96332e-04
1.16168e+01	6.92033e-04
1.16412e+01	6.86497e-04
1.16656e+01	6.78788e-04
1.16900e+01	6.70579e-04
1.17144e+01	6.62936e-04
1.17388e+01	6.55959e-04
1.17632e+01	6.48975e-04
1.17876e+01	6.41468e-04
1.18120e+01	6.33879e-04
1.18364e+01	6.25628e-04
1.18608e+01	6.13743e-04
1.18853e+01	6.03206e-04
1.19097e+01	5.94204e-04
1.19341e+01	5.85857e-04
1.19585e+01	5.77914e-04
1.19829e+01	5.70170e-04
1.20073e+01	5.62543e-04
1.20317e+01	5.54949e-04
1.20561e+01	5.47363e-04
1.20805e+01	5.39783e-04
1.21049e+01	5.32203e-04
1.21293e+01	5.24578e-04
1.21537e+01	5.16872e-04
1.21781e+01	5.09096e-04
1.22025e+01	5.01263e-04
1.22269e+01	4.93297e-04
1.22513e+01	4.85177e-04
1.22757e+01	4.76909e-04
1.23001e+01	4.68518e-04
1.23245e+01	4.60044e-04
1.23489e+01	4.51547e-04
1.23734e+01	4.43034e-04
1.23978e+01	4.34513e-04
1.24222e+01	4.25959e-04
1.24466e+01	4.17360e-04
1.24710e+01	4.08720e-04
1.24954e+01	4.00047e-04
1.25198e+01	3.91349e-04
1.25442e+01	3.82655e-04
1.25686e+01	3.73941e-04
1.25930e+01	3.65217e-04
1.26174e+01	3.56547e-04
1.26418e+01	3.47951e-04
1.26662e+01	3.39449e-04
1.26906e+01	3.31042e-04
1.27150e+01	3.22764e-04
1.27394e+01	3.14634e-04
1.27638e+01	3.06671e-04
1.27882e+01	2.98873e-04
1.28126e+01	2.91246e-04
1.28370e+01	2.83866e-04
1.28615e+01	2.76791e-04
1.28859e+01	2.70087e-04
1.29103e+01	2.63612e-04
1.29347e+01	2.57060e-04
1.29591e+01	2.50969e-04
1.29835e+01	2.45185e-04
1.30079e+01	2.39363e-04
1.30323e+01	2.32315e-04
1.30567e+01	2.24080e-04
1.30811e+01	2.16953e-04
1.31055e+01	2.10985e-04
1.31299e+01	2.05975e-04
1.31543e+01	2.01340e-04
1.31787e+01	1.96550e-04
1.32031e+01	1.91475e-04
1.32275e+01	1.86645e-04
1.32519e+01	1.82304e-04
1.32763e+01	1.78280e-04
1.33007e+01	1.74520e-04
1.33251e+01	1.70959e-04
1.33496e+01	1.67535e-04
1.33740e+01	1.64197e-04
1.33984e+01	1.60874e-04
1.34228e+01	1.57552e-04
1.34472e+01	1.54181e-04
1.34716e+01	1.50719e-04
1.34960e+01	1.47285e-04
1.35204e+01	1.43940e-04
1.35448e+01	1.40629e-04
1.35692e+01	1.37350e-04
1.35936e+01	1.34103e-04
1.36180e+01	1.30891e-04
1.36424e+01	1.27722e-04
1.36668e+01	1.24595e-04
1.36912e+01	1.21513e-04
1.37156e+01	1.18475e-04
1.37400e+01	1.15483e-04
1.37644e+01	1.12537e-04
1.37888e+01	1.09638e-04
1.38133e+01	1.06786e-04
1.38377e+01	1.03979e-04
1.38621e+01	1.01216e-04
1.38865e+01	9.84917e-05
1.39109e+01	9.57998e-05
1.39353e+01	9.31375e-05
1.39597e+01	9.05065e-05
1.39841e+01	8.79113e-05
1.40085e+01	8.53480e-05
1.40329e+01	8.28201e-05
1.40573e+01	8.03313e-05
1.40817e+01	7.78836e-05
1.41061e+01	7.54752e-05
1.41305e+01	7.31077e-05
1.41549e+01	7.07826e-05
1.41793e+01	6.85013e-05
1.42037e+01	6.62644e-05
1.42281e+01	6.40731e-05
1.42525e+01	6.19254e-05
1.42769e+01	5.98206e-05
1.43014e+01	5.77595e-05
1.43258e+01	5.57429e-05
1.43502e+01	5.37717e-05
1.43746e+01	5.18463e-05
1.43990e+01	4.99672e-05
1.44234e+01	4.81344e-05
1.44478e+01	4.63483e-05
1.44722e+01	4.46088e-05
1.44966e+01	4.29162e-05
1.45210e+01	4.12700e-05
1.45454e+01	3.96702e-05
1.45698e+01	3.81165e-05
1.45942e+01	3.66086e-05
1.46186e+01	3.51460e-05
1.46430e+01	3.37281e-05
1.46674e+01	3.23545e-05
1.46918e+01	3.10244e-05
1.47162e+01	2.97372e-05
1.47406e+01	2.84924e-05
1.47650e+01	2.72891e-05
1.47895e+01	2.61264e-05
1.48139e+01	2.50037e-05
1.48383e+01	2.39200e-05
1.48627e+01	2.28744e-05
1.48871e+01	2.18662e-05
1.49115e+01	2.08945e-05
1.49359e+01	1.99583e-05
1.49603e+01	1.90567e-05
1.49847e+01	1.81890e-05
1.50091e+01	1.73549e-05
1.50335e+01	1.65544e-05
1.50579e+01	1.57870e-05
1.50823e+01	1.50517e-05
1.51067e+01	1.43475e-05
1.51311e+01	1.36732e-05
1.51555e+01	1.30278e-05
1.51799e+01	1.24101e-05
1.52043e+01	1.18192e-05
1.52287e+01	1.12541e-05
1.52531e+01	1.07137e-05
1.52776e+01	1.01971e-05
1.53020e+01	9.70350e-06
1.53264e+01	9.23192e-06
1.53508e+01	8.78149e-06
1.53752e+01	8.35140e-06
1.53996e+01	7.94085e-06
1.54240e+01	7.54905e-06
1.54484e+01	7.17525e-06
1.54728e+01	6.81873e-06
1.54972e+01	6.47878e-06
1.55216e+01	6.15471e-06
1.55460e+01	5.84588e-06
1.55704e+01	5.55164e-06
1.55948e+01	5.27139e-06
1.56192e+01	5.00454e-06
1.56436e+01	4.75052e-06
1.56680e+01	4.50879e-06
1.56924e+01	4.27882e-06
1.57168e+01	4.06011e-06
1.57412e+01	3.85217e-06
1.57657e+01	3.65454e-06
1.57901e+01	3.46592e-06
1.58145e+01	3.28573e-06
1.58389e+01	3.11365e-06
1.58633e+01	2.94942e-06
1.58877e+01	2.79275e-06
1.59121e+01	2.64335e-06
1.59365e+01	2.50098e-06
1.59609e+01	2.36532e-06
1.59853e+01	2.23617e-06
1.60097e+01	2.11330e-06
1.60341e+01	1.99655e-06
1.60585e+01	1.88569e-06
1.60829e+01	1.78050e-06
1.61073e+01	1.68071e-06
1.61317e+01	1.58608e-06
1.61561e+01	1.49637e-06
1.61805e+01	1.41135e-06
1.62049e+01	1.33081e-06
1.62293e+01	1.25454e-06
1.62538e+01	1.18232e-06
1.62782e+01	1.11398e-06
1.63026e+01	1.04931e-06
1.63270e+01	9.88147e-07
1.63514e+01	9.30311e-07
1.63758e+01	8.75640e-07
1.64002e+01	8.23975e-07
1.64246e+01	7.75171e-07
1.64490e+01	7.29075e-07
1.64734e+01	6.85558e-07
1.64978e+01	6.44484e-07
1.65222e+01	6.05720e-07
1.65466e+01	5.69144e-07
1.65710e+01	5.34635e-07
1.65954e+01	5.02094e-07
1.66198e+01	4.71416e-07
1.66442e+01	4.42500e-07
1.66686e+01	4.15253e-07
1.66930e+01	3.89587e-07
1.67174e+01	3.65418e-07
1.67419e+01	3.42665e-07
1.67663e+01	3.21250e-07
1.67907e+01	3.01100e-07
1.68151e+01	2.82146e-07
1.68395e+01	2.64322e-07
1.68639e+01	2.47564e-07
1.68883e+01	2.31814e-07
1.69127e+01	2.17015e-07
1.69371e+01	2.03112e-07
1.69615e+01	1.90055e-07
1.69859e+01	1.77796e-07
1.70103e+01	1.66290e-07
1.70347e+01	1.55495e-07
1.70591e+01	1.45370e-07
1.70835e+01	1.35877e-07
1.71079e+01	1.26979e-07
1.71323e+01	1.18640e-07
1.71567e+01	1.10827e-07
1.71811e+01	1.03508e-07
1.72056e+01	9.66541e-08
1.72300e+01	9.02364e-08
1.72544e+01	8.42288e-08
1.72788e+01	7.86064e-08
1.73032e+01	7.33458e-08
1.73276e+01	6.84244e-08
1.73520e+01	6.38213e-08
1.73764e+01	5.95169e-08
1.74008e+01	5.54927e-08
1.74252e+01	5.17312e-08
1.74496e+01	4.82160e-08
1.74740e+01	4.49314e-08
1.74984e+01	4.18631e-08
1.75228e+01	3.89974e-08
1.75472e+01	3.63212e-08
1.75716e+01	3.38225e-08
1.75960e+01	3.14899e-08
1.76204e+01	2.93128e-08
1.76448e+01	2.72812e-08
1.76692e+01	2.53859e-08
1.76937e+01	2.36179e-08
1.77181e+01	2.19692e-08
1.77425e+01	2.04319e-08
1.77669e+01	1.89988e-08
1.77913e+01	1.76631e-08
1.78157e+01	1.64182e-08
1.78401e+01	1.52584e-08
1.78645e+01	1.41779e-08
1.78889e+01	1.31716e-08
1.79133e+01	1.22345e-08
1.79377e+01	1.13619e-08
1.79621e+01	1.05497e-08
1.79865e+01	9.79376e-09
1.80109e+01	9.09055e-09
1.80353e+01	8.43652e-09
1.80597e+01	7.82838e-09
1.80841e+01	7.26305e-09
1.81085e+01	6.73760e-09
1.81329e+01	6.24932e-09
1.81573e+01	5.79565e-09
1.81818e+01	5.37422e-09
1.82062e+01	4.98274e-09
1.82306e+01	4.61915e-09
1.82550e+01	4.28152e-09
1.82794e+01	3.96803e-09
1.83038e+01	3.67700e-09
1.83282e+01	3.40687e-09
1.83526e+01	3.15619e-09
1.83770e+01	2.92356e-09
1.84014e+01	2.70773e-09
1.84258e+01	2.50751e-09
1.84502e+01	2.32180e-09
1.84746e+01	2.14957e-09
1.84990e+01	1.98987e-09
1.85234e+01	1.84180e-09
1.85478e+01	1.70453e-09
1.85722e+01	1.57728e-09
1.85966e+01	1.45935e-09
1.86210e+01	1.35005e-09
1.86454e+01	1.24878e-09
1.86699e+01	1.15496e-09
1.86943e+01	1.06805e-09
1.87187e+01	9.87548e-10
1.87431e+01	9.13000e-10
1.87675e+01	8.43971e-10
1.87919e+01	7.80062e-10
1.88163e+01	7.20900e-10
1.88407e+01	6.66140e-10
1.88651e+01	6.15464e-10
1.88895e+01	5.68571e-10
1.89139e+01	5.25183e-10
1.89383e+01	4.85044e-10
1.89627e+01	4.47917e-10
1.89871e+01	4.13581e-10
1.90115e+01	3.81833e-10
1.90359e+01	3.52484e-10
1.90603e+01	3.25358e-10
1.90847e+01	3.00290e-10
1.91091e+01	2.77128e-10
1.91335e+01	2.55729e-10
1.91580e+01	2.35959e-10
1.91824e+01	2.17698e-10
1.92068e+01	2.00832e-10
1.92312e+01	1.85255e-10
1.92556e+01	1.70872e-10
1.92800e+01	1.57591e-10
1.93044e+01	1.45329e-10
1.93288e+01	1.34009e-10
1.93532e+01	1.23560e-10
1.93776e+01	1.13915e-10
1.94020e+01	1.05015e-10
1.94264e+01	9.68013e-11
1.94508e+01	8.92225e-11
1.94752e+01	8.22299e-11
1.94996e+01	7.57789e-11
1.95240e+01	6.98281e-11
1.95484e+01	6.43392e-11
1.95728e+01	5.92768e-11
1.95972e+01	5.46081e-11
1.96216e+01	5.03027e-11
1.96461e+01	4.63328e-11
1.96705e+01	4.26724e-11
1.96949e+01	3.92979e-11
1.97193e+01	3.61872e-11
1.97437e+01	3.33200e-11
1.97681e+01	3.06773e-11
1.97925e+01	2.82417e-11
1.98169e+01	2.59972e-11
1.98413e+01	2.39290e-11
1.98657e+01	2.20231e-11
1.98901e+01	2.02671e-11
1.99145e+01	1.86494e-11
1.99389e+01	1.71590e-11
1.99633e+01	1.57862e-11
1.99877e+01	1.45217e-11
2.00121e+01	1.33573e-11
2.00365e+01	1.22852e-11
2.00609e+01	1.12980e-11
2.00853e+01	1.03892e-11
2.01097e+01	9.55256e-12
2.01342e+01	8.78253e-12
2.01586e+01	8.07385e-12
2.01830e+01	7.42170e-12
2.02074e+01	6.82162e-12
2.02318e+01	6.26951e-12
2.02562e+01	5.76158e-12
2.02806e+01	5.29433e-12
2.03050e+01	4.86455e-12
2.03294e+01	4.46925e-12
2.03538e+01	4.10571e-12
2.03782e+01	3.77140e-12
2.04026e+01	3.46400e-12
2.04270e+01	3.18136e-12
2.04514e+01	2.92152e-12
2.04758e+01	2.68265e-12
2.05002e+01	2.46309e-12
2.05246e+01	2.26134e-12
2.05490e+01	2.07597e-12
2.05734e+01	1.90566e-12
2.05979e+01	1.74920e-12
2.06223e+01	1.60547e-12
2.06467e+01	1.47345e-12
2.06711e+01	1.35220e-12
2.06955e+01	1.24084e-12
2.07199e+01	1.13857e-12
2.07443e+01	1.04466e-12
2.07687e+01	9.58427e-13
2.07931e+01	8.79253e-13
2.08175e+01	8.06565e-13
2.08419e+01	7.39836e-13
2.08663e+01	6.78581e-13
2.08907e+01	6.22356e-13
2.09151e+01	5.70750e-13
2.09395e+01	5.23388e-13
2.09639e+01	4.79923e-13
2.09883e+01	4.40039e-13
2.10127e+01	4.03442e-13
2.10371e+01	3.69868e-13
2.10615e+01	3.39067e-13
2.10860e+01	3.10814e-13
2.11104e+01	2.84899e-13
2.11348e+01	2.61130e-13
2.11592e+01	2.39330e-13
2.11836e+01	2.19338e-13
2.12080e+01	2.01004e-13
2.12324e+01	1.84192e-13
2.12568e+01	1.68778e-13
2.12812e+01	1.54645e-13
2.13056e+01	1.41688e-13
2.13300e+01	1.29809e-13
2.13544e+01	1.18920e-13
2.13788e+01	1.08939e-13
2.14032e+01	9.97898e-14
2.14276e+01	9.14044e-14
2.14520e+01	8.37192e-14
2.14764e+01	7.66760e-14
2.15008e+01	7.02213e-14
2.15252e+01	6.43064e-14
2.15496e+01	5.88865e-14
2.15741e+01	5.39204e-14
2.15985e+01	4.93702e-14
2.16229e+01	4.52014e-14
2.16473e+01	4.13823e-14
2.16717e+01	3.78836e-14
2.16961e+01	3.46788e-14
2.17205e+01	3.17432e-14
2.17449e+01	2.90544e-14
2.17693e+01	2.65918e-14
2.17937e+01	2.43364e-14
2.18181e+01	2.22710e-14
2.18425e+01	2.03797e-14
2.18669e+01	1.86479e-14
2.18913e+01	1.70623e-14
2.19157e+01	1.56105e-14
2.19401e+01	1.42815e-14
2.19645e+01	1.30649e-14
2.19889e+01	1.19514e-14
2.20133e+01	1.09322e-14
2.20377e+01	9.99940e-15
2.20622e+01	9.14577e-15
2.20866e+01	8.36479e-15
2.21110e+01	7.65030e-15
2.21354e+01	6.99664e-15
2.21598e+01	6.39867e-15
2.21842e+01	5.85166e-15
2.22086e+01	5.35126e-15
2.22330e+01	4.89353e-15
2.22574e+01	4.47483e-15
2.22818e+01	4.09186e-15
2.23062e+01	3.74156e-15
2.23306e+01	3.42116e-15
2.23550e+01	3.12813e-15
2.23794e+01	2.86012e-15
2.24038e+01	2.61500e-15
2.24282e+01	2.39084e-15
2.24526e+01	2.18584e-15
2.24770e+01	1.99836e-15
2.25014e+01	1.82692e-15
2.25258e+01	1.67013e-15
2.25503e+01	1.52677e-15
2.25747e+01	1.39567e-15
2.25991e+01	1.27579e-15
2.26235e+01	1.16617e-15
2.26479e+01	1.06594e-15
2.26723e+01	9.74296e-16
2.26967e+01	8.90502e-16
2.27211e+01	8.13889e-16
2.27455e+01	7.43846e-16
2.27699e+01	6.79810e-16
2.27943e+01	6.21268e-16
2.28187e+01	5.67752e-16
2.28431e+01	5.18829e-16
2.28675e+01	4.74109e-16
2.28919e+01	4.33230e-16
2.29163e+01	3.95864e-16
2.29407e+01	3.61710e-16
2.29651e+01	3.30493e-16
2.29895e+01	3.01960e-16
2.30139e+01	2.75885e-16
2.30384e+01	2.52057e-16
2.30628e+01	2.30282e-16
2.30872e+01	2.10384e-16
2.31116e+01	1.92202e-16
2.31360e+01	1.75588e-16
2.31604e+01	1.60408e-16
2.31848e+01	1.46537e-16
2.32092e+01	1.33864e-16
2.32336e+01	1.22286e-16
2.32580e+01	1.11707e-16
2.32824e+01	1.02043e-16
2.33068e+01	9.32131e-17
2.33312e+01	8.51468e-17
2.33556e+01	7.77779e-17
2.33800e+01	7.10464e-17
2.34044e+01	6.48973e-17
2.34288e+01	5.92804e-17
2.34532e+01	5.41499e-17
2.34776e+01	4.94638e-17
2.35020e+01	4.51839e-17
2.35265e+01	4.12751e-17
2.35509e+01	3.77055e-17
2.35753e+01	3.44459e-17
2.35997e+01	3.14695e-17
2.36241e+01	2.87520e-17
2.36485e+01	2.62712e-17
2.36729e+01	2.40066e-17
2.36973e+01	2.19397e-17
2.37217e+01	2.00535e-17
2.37461e+01	1.83326e-17
2.37705e+01	1.67628e-17
2.37949e+01	1.53311e-17
2.38193e+01	1.40259e-17
2.38437e+01	1.28365e-17
2.38681e+01	1.17529e-17
2.38925e+01	1.07663e-17
2.39169e+01	9.86868e-18
2.39413e+01	9.05251e-18
2.39657e+01	8.31110e-18
2.39902e+01	7.63836e-18
2.40146e+01	7.02872e-18
2.40390e+01	6.47717e-18
2.40634e+01	5.97912e-18
2.40878e+01	5.53047e-18
2.41122e+01	5.12750e-18
2.41366e+01	4.76686e-18
2.41610e+01	4.44554e-18
2.41854e+01	4.16087e-18
2.42098e+01	3.91046e-18
2.42342e+01	3.69218e-18
2.42586e+01	3.50417e-18
2.42830e+01	3.34480e-18
2.43074e+01	3.21262e-18
2.43318e+01	3.10642e-18
2.43562e+01	3.02510e-18
2.43806e+01	2.96798e-18
2.44050e+01	2.93191e-18
