# The ell = 1 distribution, the first anisotropy.
# E_N [Td]	3.00000e+00
# col_1: Electron Energy [eV], col_2: f1 [eV^(-3/2)]
eV	f1
1.59506e-02	5.48649e-06
3.19013e-02	7.52064e-06
4.78519e-02	8.74443e-06
6.38025e-02	9.17700e-06
7.97532e-02	9.43318e-06
9.57038e-02	9.34642e-06
1.11654e-01	9.00226e-06
1.27605e-01	8.56325e-06
1.43556e-01	8.12868e-06
1.59506e-01	7.68622e-06
1.75457e-01	7.39388e-06
1.91408e-01	7.09357e-06
2.07358e-01	6.86299e-06
2.23309e-01	6.62455e-06
2.39260e-01	6.50509e-06
2.55210e-01	6.40055e-06
2.71161e-01	6.35621e-06
2.87111e-01	6.35328e-06
3.03062e-01	6.49690e-06
3.19013e-01	6.62371e-06
3.34963e-01	6.75416e-06
3.50914e-01	6.95309e-06
3.66865e-01	7.18219e-06
3.82815e-01	7.43451e-06
3.98766e-01	7.74633e-06
4.14717e-01	8.09094e-06
4.30667e-01	8.46241e-06
4.46618e-01	8.88195e-06
4.62568e-01	9.32683e-06
4.78519e-01	9.80564e-06
4.94470e-01	1.03169e-05
5.10420e-01	1.08568e-05
5.26371e-01	1.14272e-05
5.42322e-01	1.20213e-05
5.58272e-01	1.26529e-05
5.74223e-01	1.32990e-05
5.90174e-01	1.39824e-05
6.06124e-01	1.46854e-05
6.22075e-01	1.54158e-05
6.38025e-01	1.61757e-05
6.53976e-01	1.69525e-05
6.69927e-01	1.77667e-05
6.85877e-01	1.85926e-05
7.01828e-01	1.94552e-05
7.17779e-01	2.03350e-05
7.33729e-01	2.12465e-05
7.49680e-01	2.21796e-05
7.65630e-01	2.31416e-05
7.81581e-01	2.41282e-05
7.97532e-01	2.51424e-05
8.13482e-01	2.61858e-05
8.29433e-01	2.72566e-05
8.45384e-01	2.83542e-05
8.61334e-01	2.94811e-05
8.77285e-01	3.06410e-05
8.93236e-01	3.18259e-05
9.09186e-01	3.30506e-05
9.25137e-01	3.42891e-05
9.41087e-01	3.55926e-05
9.57038e-01	3.68686e-05
9.72989e-01	3.81369e-05
9.88939e-01	3.99517e-05
1.00489e+00	4.07423e-05
1.02084e+00	4.20894e-05
1.03679e+00	4.32214e-05
1.05274e+00	4.44381e-05
1.06869e+00	4.56737e-05
1.08464e+00	4.69291e-05
1.10059e+00	4.82030e-05
1.11654e+00	4.94957e-05
1.13250e+00	5.08076e-05
1.14845e+00	5.21320e-05
1.16440e+00	5.34991e-05
1.18035e+00	5.48450e-05
1.19630e+00	5.62314e-05
1.21225e+00	5.76301e-05
1.22820e+00	5.90163e-05
1.24415e+00	6.04423e-05
1.26010e+00	6.18747e-05
1.27605e+00	6.33270e-05
1.29200e+00	6.47996e-05
1.30795e+00	6.62922e-05
1.32390e+00	6.78017e-05
1.33985e+00	6.93286e-05
1.35580e+00	7.08738e-05
1.37175e+00	7.24367e-05
1.38771e+00	7.40171e-05
1.40366e+00	7.56159e-05
1.41961e+00	7.72316e-05
1.43556e+00	7.88655e-05
1.45151e+00	8.05174e-05
1.46746e+00	8.22179e-05
1.48341e+00	8.38228e-05
1.49936e+00	8.55787e-05
1.51531e+00	8.74058e-05
1.53126e+00	8.91976e-05
1.54721e+00	9.10290e-05
1.56316e+00	9.28736e-05
1.57911e+00	9.47391e-05
1.59506e+00	9.66191e-05
1.61101e+00	9.85194e-05
1.62696e+00	1.00438e-04
1.64292e+00	1.02356e-04
1.65887e+00	1.04347e-04
1.67482e+00	1.06338e-04
1.69077e+00	1.08184e-04
1.70672e+00	1.10199e-04
1.72267e+00	1.12157e-04
1.73862e+00	1.14021e-04
1.75457e+00	1.15967e-04
1.77052e+00	1.17919e-04
1.78647e+00	1.19886e-04
1.80242e+00	1.21869e-04
1.81837e+00	1.23869e-04
1.83432e+00	1.25888e-04
1.85027e+00	1.27921e-04
1.86622e+00	1.29970e-04
1.88217e+00	1.32035e-04
1.89813e+00	1.34115e-04
1.91408e+00	1.36214e-04
1.93003e+00	1.38328e-04
1.94598e+00	1.40488e-04
1.96193e+00	1.42479e-04
1.97788e+00	1.44839e-04
1.99383e+00	1.47160e-04
2.00978e+00	1.49159e-04
2.02573e+00	1.51712e-04
2.04168e+00	1.54143e-04
2.05763e+00	1.56580e-04
2.07358e+00	1.59037e-04
2.08953e+00	1.61514e-04
2.10548e+00	1.64008e-04
2.12143e+00	1.66520e-04
2.13739e+00	1.69049e-04
2.15334e+00	1.71594e-04
2.16929e+00	1.74160e-04
2.18524e+00	1.76740e-04
2.20119e+00	1.79337e-04
2.21714e+00	1.81952e-04
2.23309e+00	1.84584e-04
2.24904e+00	1.87231e-04
2.26499e+00	1.89895e-04
2.28094e+00	1.92578e-04
2.29689e+00	1.95275e-04
2.31284e+00	1.97989e-04
2.32879e+00	2.00719e-04
2.34474e+00	2.03461e-04
2.36069e+00	2.06232e-04
2.37664e+00	2.09013e-04
2.39260e+00	2.11813e-04
2.40855e+00	2.14627e-04
2.42450e+00	2.17454e-04
2.44045e+00	2.20325e-04
2.45640e+00	2.23107e-04
2.47235e+00	2.26058e-04
2.48830e+00	2.28996e-04
2.50425e+00	2.31978e-04
2.52020e+00	2.34819e-04
2.53615e+00	2.37937e-04
2.55210e+00	2.40965e-04
2.56805e+00	2.44023e-04
2.58400e+00	2.47093e-04
2.59995e+00	2.50180e-04
2.61590e+00	2.53280e-04
2.63185e+00	2.56397e-04
2.64781e+00	2.59533e-04
2.66376e+00	2.62669e-04
2.67971e+00	2.65826e-04
2.69566e+00	2.68996e-04
2.71161e+00	2.72175e-04
2.72756e+00	2.75385e-04
2.74351e+00	2.78601e-04
2.75946e+00	2.81832e-04
2.77541e+00	2.85076e-04
2.79136e+00	2.88334e-04
2.80731e+00	2.91604e-04
2.82326e+00	2.94887e-04
2.83921e+00	2.98186e-04
2.85516e+00	3.01492e-04
2.87111e+00	3.04812e-04
2.88706e+00	3.08144e-04
2.90302e+00	3.11490e-04
2.91897e+00	3.14844e-04
2.93492e+00	3.18211e-04
2.95087e+00	3.21570e-04
2.96682e+00	3.25005e-04
2.98277e+00	3.28376e-04
2.99872e+00	3.31727e-04
3.01467e+00	3.35111e-04
3.03062e+00	3.38506e-04
3.04657e+00	3.41926e-04
3.06252e+00	3.45306e-04
3.07847e+00	3.48717e-04
3.09442e+00	3.52133e-04
3.11037e+00	3.55564e-04
3.12632e+00	3.58994e-04
3.14228e+00	3.62435e-04
3.15823e+00	3.65885e-04
3.17418e+00	3.69341e-04
3.19013e+00	3.72802e-04
3.20608e+00	3.76281e-04
3.22203e+00	3.79762e-04
3.23798e+00	3.83250e-04
3.25393e+00	3.86746e-04
3.26988e+00	3.90245e-04
3.28583e+00	3.93751e-04
3.30178e+00	3.97262e-04
3.31773e+00	4.00778e-04
3.33368e+00	4.04301e-04
3.34963e+00	4.07824e-04
3.36558e+00	4.11354e-04
3.38153e+00	4.14887e-04
3.39749e+00	4.18425e-04
3.41344e+00	4.21966e-04
3.42939e+00	4.25508e-04
3.44534e+00	4.29055e-04
3.46129e+00	4.32603e-04
3.47724e+00	4.36154e-04
3.49319e+00	4.39707e-04
3.50914e+00	4.43262e-04
3.52509e+00	4.46817e-04
3.54104e+00	4.50376e-04
3.55699e+00	4.53930e-04
3.57294e+00	4.57490e-04
3.58889e+00	4.61052e-04
3.60484e+00	4.64612e-04
3.62079e+00	4.68171e-04
3.63674e+00	4.71732e-04
3.65270e+00	4.75287e-04
3.66865e+00	4.78840e-04
3.68460e+00	4.82392e-04
3.70055e+00	4.85941e-04
3.71650e+00	4.89488e-04
3.73245e+00	4.93031e-04
3.74840e+00	4.96571e-04
3.76435e+00	5.00107e-04
3.78030e+00	5.03638e-04
3.79625e+00	5.07166e-04
3.81220e+00	5.10688e-04
3.82815e+00	5.14203e-04
3.84410e+00	5.17714e-04
3.86005e+00	5.21218e-04
3.87600e+00	5.24716e-04
3.89196e+00	5.28204e-04
3.90791e+00	5.31692e-04
3.92386e+00	5.35169e-04
3.93981e+00	5.38639e-04
3.95576e+00	5.42425e-04
3.97171e+00	5.44940e-04
3.98766e+00	5.49274e-04
4.00361e+00	5.53316e-04
4.01956e+00	5.57215e-04
4.03551e+00	5.61154e-04
4.05146e+00	5.65000e-04
4.06741e+00	5.68793e-04
4.08336e+00	5.72933e-04
4.09931e+00	5.76889e-04
4.11526e+00	5.80853e-04
4.13121e+00	5.84797e-04
4.14717e+00	5.88734e-04
4.16312e+00	5.92646e-04
4.17907e+00	5.96543e-04
4.19502e+00	6.00425e-04
4.21097e+00	6.04290e-04
4.22692e+00	6.08137e-04
4.24287e+00	6.11960e-04
4.25882e+00	6.15776e-04
4.27477e+00	6.19568e-04
4.29072e+00	6.23340e-04
4.30667e+00	6.27091e-04
4.32262e+00	6.30820e-04
4.33857e+00	6.34527e-04
4.35452e+00	6.38213e-04
4.37047e+00	6.41875e-04
4.38642e+00	6.45513e-04
4.40238e+00	6.49126e-04
4.41833e+00	6.52714e-04
4.43428e+00	6.56276e-04
4.45023e+00	6.59810e-04
4.46618e+00	6.63317e-04
4.48213e+00	6.66796e-04
4.49808e+00	6.70246e-04
4.51403e+00	6.73671e-04
4.52998e+00	6.77060e-04
4.54593e+00	6.80418e-04
4.56188e+00	6.83746e-04
4.57783e+00	6.87043e-04
4.59378e+00	6.90306e-04
4.60973e+00	6.93538e-04
4.62568e+00	6.96734e-04
4.64163e+00	6.99896e-04
4.65759e+00	7.03023e-04
4.67354e+00	7.06115e-04
4.68949e+00	7.09172e-04
4.70544e+00	7.12186e-04
4.72139e+00	7.15168e-04
4.73734e+00	7.18119e-04
4.75329e+00	7.21026e-04
4.76924e+00	7.23895e-04
4.78519e+00	7.26722e-04
4.80114e+00	7.29510e-04
4.81709e+00	7.32260e-04
4.83304e+00	7.34956e-04
4.84899e+00	7.37614e-04
4.86494e+00	7.40229e-04
4.88089e+00	7.42800e-04
4.89685e+00	7.45356e-04
4.91280e+00	7.47747e-04
4.92875e+00	7.50280e-04
4.94470e+00	7.52708e-04
4.96065e+00	7.55090e-04
4.97660e+00	7.57423e-04
4.99255e+00	7.59750e-04
5.00850e+00	7.61909e-04
5.02445e+00	7.64070e-04
5.04040e+00	7.66447e-04
5.05635e+00	7.68632e-04
5.07230e+00	7.70781e-04
5.08825e+00	7.72874e-04
5.10420e+00	7.74917e-04
5.12015e+00	7.76893e-04
5.13610e+00	7.78833e-04
5.15206e+00	7.80712e-04
5.16801e+00	7.82534e-04
5.18396e+00	7.84300e-04
5.19991e+00	7.86007e-04
5.21586e+00	7.87656e-04
5.23181e+00	7.89255e-04
5.24776e+00	7.90777e-04
5.26371e+00	7.92247e-04
5.27966e+00	7.93656e-04
5.29561e+00	7.95004e-04
5.31156e+00	7.96293e-04
5.32751e+00	7.97518e-04
5.34346e+00	7.98681e-04
5.35941e+00	7.99789e-04
5.37536e+00	8.00831e-04
5.39131e+00	8.01810e-04
5.40727e+00	8.02725e-04
5.42322e+00	8.03576e-04
5.43917e+00	8.04364e-04
5.45512e+00	8.05087e-04
5.47107e+00	8.05739e-04
5.48702e+00	8.06328e-04
5.50297e+00	8.06851e-04
5.51892e+00	8.07308e-04
5.53487e+00	8.07699e-04
5.55082e+00	8.08022e-04
5.56677e+00	8.08277e-04
5.58272e+00	8.08472e-04
5.59867e+00	8.08597e-04
5.61462e+00	8.08653e-04
5.63057e+00	8.08642e-04
5.64652e+00	8.08561e-04
5.66248e+00	8.08413e-04
5.67843e+00	8.08202e-04
5.69438e+00	8.07906e-04
5.71033e+00	8.07549e-04
5.72628e+00	8.07122e-04
5.74223e+00	8.06626e-04
5.75818e+00	8.06060e-04
5.77413e+00	8.05428e-04
5.79008e+00	8.04717e-04
5.80603e+00	8.03951e-04
5.82198e+00	8.03112e-04
5.83793e+00	8.02203e-04
5.85388e+00	8.01225e-04
5.86983e+00	8.00176e-04
5.88578e+00	7.99042e-04
5.90174e+00	7.97889e-04
5.91769e+00	7.96633e-04
5.93364e+00	7.95224e-04
5.94959e+00	7.93794e-04
5.96554e+00	7.92291e-04
5.98149e+00	7.90721e-04
5.99744e+00	7.89082e-04
6.01339e+00	7.87311e-04
6.02934e+00	7.85742e-04
6.04529e+00	7.83684e-04
6.06124e+00	7.81697e-04
6.07719e+00	7.79644e-04
6.09314e+00	7.77527e-04
6.10909e+00	7.75347e-04
6.12504e+00	7.73104e-04
6.14099e+00	7.70798e-04
6.15695e+00	7.68427e-04
6.17290e+00	7.66002e-04
6.18885e+00	7.63512e-04
6.20480e+00	7.60961e-04
6.22075e+00	7.58349e-04
6.23670e+00	7.55677e-04
6.25265e+00	7.52945e-04
6.26860e+00	7.50155e-04
6.28455e+00	7.47305e-04
6.30050e+00	7.44391e-04
6.31645e+00	7.41422e-04
6.33240e+00	7.38396e-04
6.34835e+00	7.35313e-04
6.36430e+00	7.32174e-04
6.38025e+00	7.28979e-04
6.39620e+00	7.25731e-04
6.41216e+00	7.22427e-04
6.42811e+00	7.19066e-04
6.44406e+00	7.15655e-04
6.46001e+00	7.12190e-04
6.47596e+00	7.08675e-04
6.49191e+00	7.05108e-04
6.50786e+00	7.01492e-04
6.52381e+00	6.97824e-04
6.53976e+00	6.94105e-04
6.55571e+00	6.90353e-04
6.57166e+00	6.86546e-04
6.58761e+00	6.82693e-04
6.60356e+00	6.78794e-04
6.61951e+00	6.74850e-04
6.63546e+00	6.70862e-04
6.65141e+00	6.66829e-04
6.66737e+00	6.62760e-04
6.68332e+00	6.58636e-04
6.69927e+00	6.54478e-04
6.71522e+00	6.50278e-04
6.73117e+00	6.46039e-04
6.74712e+00	6.41762e-04
6.76307e+00	6.37448e-04
6.77902e+00	6.33096e-04
6.79497e+00	6.28714e-04
6.81092e+00	6.24290e-04
6.82687e+00	6.19833e-04
6.84282e+00	6.15344e-04
6.85877e+00	6.10823e-04
6.87472e+00	6.06271e-04
6.89067e+00	6.01690e-04
6.90663e+00	5.97057e-04
6.92258e+00	5.92403e-04
6.93853e+00	5.87940e-04
6.95448e+00	5.82906e-04
6.97043e+00	5.78094e-04
6.98638e+00	5.73236e-04
7.00233e+00	5.68364e-04
7.01828e+00	5.63477e-04
7.03423e+00	5.58575e-04
7.05018e+00	5.53617e-04
7.06613e+00	5.48785e-04
7.08208e+00	5.43807e-04
7.09803e+00	5.38689e-04
7.11398e+00	5.33653e-04
7.12993e+00	5.28601e-04
7.14588e+00	5.23548e-04
7.16184e+00	5.18491e-04
7.17779e+00	5.13432e-04
7.19374e+00	5.08372e-04
7.20969e+00	5.03312e-04
7.22564e+00	4.98252e-04
7.24159e+00	4.93193e-04
7.25754e+00	4.88137e-04
7.27349e+00	4.83084e-04
7.28944e+00	4.78034e-04
7.30539e+00	4.72990e-04
7.32134e+00	4.67950e-04
7.33729e+00	4.62918e-04
7.35324e+00	4.57891e-04
7.36919e+00	4.52874e-04
7.38514e+00	4.47866e-04
7.40109e+00	4.42867e-04
7.41705e+00	4.37878e-04
7.43300e+00	4.32900e-04
7.44895e+00	4.27934e-04
7.46490e+00	4.22981e-04
7.48085e+00	4.18041e-04
7.49680e+00	4.13115e-04
7.51275e+00	4.08204e-04
7.52870e+00	4.03308e-04
7.54465e+00	3.98429e-04
7.56060e+00	3.93566e-04
7.57655e+00	3.88722e-04
7.59250e+00	3.83895e-04
7.60845e+00	3.79088e-04
7.62440e+00	3.74300e-04
7.64035e+00	3.69533e-04
7.65630e+00	3.64786e-04
7.67226e+00	3.60062e-04
7.68821e+00	3.55360e-04
7.70416e+00	3.50681e-04
7.72011e+00	3.46025e-04
7.73606e+00	3.41393e-04
7.75201e+00	3.36786e-04
7.76796e+00	3.32204e-04
7.78391e+00	3.27648e-04
7.79986e+00	3.23118e-04
7.81581e+00	3.18615e-04
7.83176e+00	3.14139e-04
7.84771e+00	3.09691e-04
7.86366e+00	3.05272e-04
7.87961e+00	3.00882e-04
7.89556e+00	2.96521e-04
7.91152e+00	2.92189e-04
7.92747e+00	2.87888e-04
7.94342e+00	2.83618e-04
7.95937e+00	2.79379e-04
7.97532e+00	2.75171e-04
7.99127e+00	2.70995e-04
8.00722e+00	2.66852e-04
8.02317e+00	2.62741e-04
8.03912e+00	2.58664e-04
8.05507e+00	2.54620e-04
8.07102e+00	2.50609e-04
8.08697e+00	2.46633e-04
8.10292e+00	2.42690e-04
8.11887e+00	2.38783e-04
8.13482e+00	2.34910e-04
8.15077e+00	2.31073e-04
8.16673e+00	2.27271e-04
8.18268e+00	2.23505e-04
8.19863e+00	2.19775e-04
8.21458e+00	2.16081e-04
8.23053e+00	2.12423e-04
8.24648e+00	2.08802e-04
8.26243e+00	2.05217e-04
8.27838e+00	2.01669e-04
8.29433e+00	1.98159e-04
8.31028e+00	1.94686e-04
8.32623e+00	1.91250e-04
8.34218e+00	1.87851e-04
8.35813e+00	1.84490e-04
8.37408e+00	1.81167e-04
8.39003e+00	1.77881e-04
8.40598e+00	1.74633e-04
8.42194e+00	1.71422e-04
8.43789e+00	1.68250e-04
8.45384e+00	1.65115e-04
8.46979e+00	1.62019e-04
8.48574e+00	1.58960e-04
8.50169e+00	1.55939e-04
8.51764e+00	1.52956e-04
8.53359e+00	1.50011e-04
8.54954e+00	1.47104e-04
8.56549e+00	1.44234e-04
8.58144e+00	1.41403e-04
8.59739e+00	1.38609e-04
8.61334e+00	1.35852e-04
8.62929e+00	1.33133e-04
8.64524e+00	1.30451e-04
8.66119e+00	1.27807e-04
8.67715e+00	1.25200e-04
8.69310e+00	1.22629e-04
8.70905e+00	1.20096e-04
8.72500e+00	1.17600e-04
8.74095e+00	1.15140e-04
8.75690e+00	1.12717e-04
8.77285e+00	1.10329e-04
8.78880e+00	1.07979e-04
8.80475e+00	1.05664e-04
8.82070e+00	1.03384e-04
8.83665e+00	1.01141e-04
8.85260e+00	9.89321e-05
8.86855e+00	9.67588e-05
8.88450e+00	9.46204e-05
8.90045e+00	9.25166e-05
8.91641e+00	9.04421e-05
8.93236e+00	8.84231e-05
8.94831e+00	8.64052e-05
8.96426e+00	8.44307e-05
8.98021e+00	8.24911e-05
8.99616e+00	8.05852e-05
9.01211e+00	7.87129e-05
9.02806e+00	7.68737e-05
9.04401e+00	7.50675e-05
9.05996e+00	7.32937e-05
9.07591e+00	7.15522e-05
9.09186e+00	6.98426e-05
9.10781e+00	6.81646e-05
9.12376e+00	6.65179e-05
9.13971e+00	6.49021e-05
9.15566e+00	6.33168e-05
9.17162e+00	6.17618e-05
9.18757e+00	6.02367e-05
9.20352e+00	5.87411e-05
9.21947e+00	5.72747e-05
9.23542e+00	5.58372e-05
9.25137e+00	5.44282e-05
9.26732e+00	5.30468e-05
9.28327e+00	5.16958e-05
9.29922e+00	5.03680e-05
9.31517e+00	4.90690e-05
9.33112e+00	4.77967e-05
9.34707e+00	4.65509e-05
9.36302e+00	4.53312e-05
9.37897e+00	4.41373e-05
9.39492e+00	4.29687e-05
9.41087e+00	4.18251e-05
9.42683e+00	4.07062e-05
9.44278e+00	3.96116e-05
9.45873e+00	3.85409e-05
9.47468e+00	3.74938e-05
9.49063e+00	3.64699e-05
9.50658e+00	3.54689e-05
9.52253e+00	3.44904e-05
9.53848e+00	3.35341e-05
9.55443e+00	3.25995e-05
9.57038e+00	3.16864e-05
9.58633e+00	3.07944e-05
9.60228e+00	2.99231e-05
9.61823e+00	2.90718e-05
9.63418e+00	2.82414e-05
9.65013e+00	2.74321e-05
9.66609e+00	2.66363e-05
9.68204e+00	2.58625e-05
9.69799e+00	2.51074e-05
9.71394e+00	2.43708e-05
9.72989e+00	2.36524e-05
9.74584e+00	2.29519e-05
9.76179e+00	2.22689e-05
9.77774e+00	2.16031e-05
9.79369e+00	2.09542e-05
9.80964e+00	2.03218e-05
9.82559e+00	1.97055e-05
9.84154e+00	1.91052e-05
9.85749e+00	1.85205e-05
9.87344e+00	1.79509e-05
9.88939e+00	1.73964e-05
9.90534e+00	1.68565e-05
9.92130e+00	1.63309e-05
9.93725e+00	1.58193e-05
9.95320e+00	1.53215e-05
9.96915e+00	1.48371e-05
9.98510e+00	1.43658e-05
1.00010e+01	1.39011e-05
1.00170e+01	1.34752e-05
1.00329e+01	1.30222e-05
1.00489e+01	1.25913e-05
1.00649e+01	1.21754e-05
1.00808e+01	1.17720e-05
1.00968e+01	1.13809e-05
1.01127e+01	1.10017e-05
1.01287e+01	1.06342e-05
1.01446e+01	1.02779e-05
1.01606e+01	9.93265e-06
1.01765e+01	9.59804e-06
1.01925e+01	9.27381e-06
1.02084e+01	8.95966e-06
1.02244e+01	8.65531e-06
1.02403e+01	8.36049e-06
1.02563e+01	8.07492e-06
1.02722e+01	7.79834e-06
1.02882e+01	7.53050e-06
1.03041e+01	7.27115e-06
1.03201e+01	7.02004e-06
1.03360e+01	6.77693e-06
1.03520e+01	6.54160e-06
1.03679e+01	6.31382e-06
1.03839e+01	6.09336e-06
1.03998e+01	5.88002e-06
1.04158e+01	5.67358e-06
1.04317e+01	5.47385e-06
1.04477e+01	5.28062e-06
1.04636e+01	5.09370e-06
1.04796e+01	4.91290e-06
1.04955e+01	4.73804e-06
1.05115e+01	4.56895e-06
1.05274e+01	4.40544e-06
1.05434e+01	4.24735e-06
1.05593e+01	4.09452e-06
1.05753e+01	3.94660e-06
1.05912e+01	3.80256e-06
1.06072e+01	3.66989e-06
1.06231e+01	3.52975e-06
1.06391e+01	3.39968e-06
1.06550e+01	3.27374e-06
1.06710e+01	3.15238e-06
1.06869e+01	3.03536e-06
1.07029e+01	2.92256e-06
1.07188e+01	2.81381e-06
1.07348e+01	2.70897e-06
1.07507e+01	2.60792e-06
1.07667e+01	2.51051e-06
1.07826e+01	2.41662e-06
1.07986e+01	2.32614e-06
1.08145e+01	2.23892e-06
1.08305e+01	2.15488e-06
1.08464e+01	2.07388e-06
1.08624e+01	1.99583e-06
1.08783e+01	1.92063e-06
1.08943e+01	1.84816e-06
1.09102e+01	1.77834e-06
1.09262e+01	1.71107e-06
1.09421e+01	1.64626e-06
1.09581e+01	1.58382e-06
1.09740e+01	1.52367e-06
1.09900e+01	1.46573e-06
1.10059e+01	1.40992e-06
1.10219e+01	1.35617e-06
1.10378e+01	1.30439e-06
1.10538e+01	1.25453e-06
1.10697e+01	1.20650e-06
1.10857e+01	1.16025e-06
1.11016e+01	1.11571e-06
1.11176e+01	1.07283e-06
1.11335e+01	1.03153e-06
1.11495e+01	9.91767e-07
1.11654e+01	9.53483e-07
1.11814e+01	9.16625e-07
1.11973e+01	8.81140e-07
1.12133e+01	8.46979e-07
1.12292e+01	8.14095e-07
1.12452e+01	7.82440e-07
1.12611e+01	7.51971e-07
1.12771e+01	7.22644e-07
1.12930e+01	6.94418e-07
1.13090e+01	6.67252e-07
1.13250e+01	6.41108e-07
1.13409e+01	6.15949e-07
1.13569e+01	5.91739e-07
1.13728e+01	5.68442e-07
1.13888e+01	5.46026e-07
1.14047e+01	5.24457e-07
1.14207e+01	5.03706e-07
1.14366e+01	4.83742e-07
1.14526e+01	4.64536e-07
1.14685e+01	4.46059e-07
1.14845e+01	4.28286e-07
1.15004e+01	4.11189e-07
1.15164e+01	3.94744e-07
1.15323e+01	3.78925e-07
1.15483e+01	3.63687e-07
1.15642e+01	3.48337e-07
1.15802e+01	3.32419e-07
1.15961e+01	3.16129e-07
1.16121e+01	2.99575e-07
1.16280e+01	2.82727e-07
1.16440e+01	2.64528e-07
1.16599e+01	2.45461e-07
1.16759e+01	2.26803e-07
1.16918e+01	2.09617e-07
1.17078e+01	1.94106e-07
1.17237e+01	1.80239e-07
1.17397e+01	1.67680e-07
1.17556e+01	1.55936e-07
1.17716e+01	1.44680e-07
1.17875e+01	1.34004e-07
1.18035e+01	1.24025e-07
1.18194e+01	1.14606e-07
1.18354e+01	1.05363e-07
1.18513e+01	9.48194e-08
1.18673e+01	8.52185e-08
1.18832e+01	7.71294e-08
1.18992e+01	7.02431e-08
1.19151e+01	6.41624e-08
1.19311e+01	5.87264e-08
1.19470e+01	5.38300e-08
1.19630e+01	4.93802e-08
1.19789e+01	4.53073e-08
1.19949e+01	4.15737e-08
1.20108e+01	3.81420e-08
1.20268e+01	3.49810e-08
1.20427e+01	3.20675e-08
1.20587e+01	2.93832e-08
1.20746e+01	2.69113e-08
1.20906e+01	2.46365e-08
1.21065e+01	2.25412e-08
1.21225e+01	2.06097e-08
1.21384e+01	1.88268e-08
1.21544e+01	1.71829e-08
1.21703e+01	1.56692e-08
1.21863e+01	1.42772e-08
1.22022e+01	1.29976e-08
1.22182e+01	1.18181e-08
1.22341e+01	1.07313e-08
1.22501e+01	9.73076e-09
1.22660e+01	8.81094e-09
1.22820e+01	7.96692e-09
1.22979e+01	7.19420e-09
1.23139e+01	6.48802e-09
1.23298e+01	5.84597e-09
1.23458e+01	5.26280e-09
1.23617e+01	4.73366e-09
1.23777e+01	4.25405e-09
1.23936e+01	3.81987e-09
1.24096e+01	3.42671e-09
1.24255e+01	3.07065e-09
1.24415e+01	2.74850e-09
1.24574e+01	2.45731e-09
1.24734e+01	2.19444e-09
1.24893e+01	1.95744e-09
1.25053e+01	1.74407e-09
1.25212e+01	1.55219e-09
1.25372e+01	1.37977e-09
1.25531e+01	1.22540e-09
1.25691e+01	1.08675e-09
1.25851e+01	9.62592e-10
1.26010e+01	8.51842e-10
1.26170e+01	7.53118e-10
1.26329e+01	6.65298e-10
1.26489e+01	5.87280e-10
1.26648e+01	5.18015e-10
1.26808e+01	4.56558e-10
1.26967e+01	4.02078e-10
1.27127e+01	3.53919e-10
1.27286e+01	3.11366e-10
1.27446e+01	2.73822e-10
1.27605e+01	2.40711e-10
1.27765e+01	2.11514e-10
1.27924e+01	1.85774e-10
1.28084e+01	1.63106e-10
1.28243e+01	1.43237e-10
1.28403e+01	1.25832e-10
1.28562e+01	1.10662e-10
1.28722e+01	9.74824e-11
1.28881e+01	8.60219e-11
1.29041e+01	7.59498e-11
1.29200e+01	6.69096e-11
1.29360e+01	5.89277e-11
1.29519e+01	5.20796e-11
1.29679e+01	4.62205e-11
1.29838e+01	4.10237e-11
1.29998e+01	3.63767e-11
1.30157e+01	3.20041e-11
1.30317e+01	2.76971e-11
1.30476e+01	2.35780e-11
1.30636e+01	2.00135e-11
1.30795e+01	1.71718e-11
1.30955e+01	1.48646e-11
1.31114e+01	1.29893e-11
1.31274e+01	1.14552e-11
1.31433e+01	1.01504e-11
1.31593e+01	8.97550e-12
1.31752e+01	7.90385e-12
1.31912e+01	6.91652e-12
1.32071e+01	6.02128e-12
1.32231e+01	5.25890e-12
1.32390e+01	4.61937e-12
1.32550e+01	4.06978e-12
1.32709e+01	3.59352e-12
1.32869e+01	3.18003e-12
1.33028e+01	2.82061e-12
1.33188e+01	2.50591e-12
1.33347e+01	2.22927e-12
1.33507e+01	1.98462e-12
1.33666e+01	1.76739e-12
1.33826e+01	1.57329e-12
1.33985e+01	1.39918e-12
1.34145e+01	1.24310e-12
1.34304e+01	1.10273e-12
1.34464e+01	9.76123e-13
1.34623e+01	8.61557e-13
1.34783e+01	7.58704e-13
1.34942e+01	6.67946e-13
1.35102e+01	5.88237e-13
1.35261e+01	5.17785e-13
1.35421e+01	4.55355e-13
1.35580e+01	4.00092e-13
1.35740e+01	3.51220e-13
1.35899e+01	3.08036e-13
1.36059e+01	2.69909e-13
1.36218e+01	2.36318e-13
1.36378e+01	2.06745e-13
1.36537e+01	1.80730e-13
1.36697e+01	1.57865e-13
1.36856e+01	1.37787e-13
1.37016e+01	1.20169e-13
1.37175e+01	1.04723e-13
1.37335e+01	9.11950e-14
1.37494e+01	7.93542e-14
1.37654e+01	6.89994e-14
1.37813e+01	5.99528e-14
1.37973e+01	5.20551e-14
1.38133e+01	4.51636e-14
1.38292e+01	3.91541e-14
1.38452e+01	3.39191e-14
1.38611e+01	2.93616e-14
1.38771e+01	2.53940e-14
1.38930e+01	2.19387e-14
1.39090e+01	1.89335e-14
1.39249e+01	1.63202e-14
1.39409e+01	1.40508e-14
1.39568e+01	1.20824e-14
1.39728e+01	1.03782e-14
1.39887e+01	8.90458e-15
1.40047e+01	7.63012e-15
1.40206e+01	6.52966e-15
1.40366e+01	5.58186e-15
1.40525e+01	4.76618e-15
1.40685e+01	4.06539e-15
1.40844e+01	3.46368e-15
1.41004e+01	2.94757e-15
1.41163e+01	2.50545e-15
1.41323e+01	2.12722e-15
1.41482e+01	1.80405e-15
1.41642e+01	1.52828e-15
1.41801e+01	1.29325e-15
1.41961e+01	1.09316e-15
1.42120e+01	9.23060e-16
1.42280e+01	7.78592e-16
1.42439e+01	6.55997e-16
1.42599e+01	5.52046e-16
1.42758e+01	4.64019e-16
1.42918e+01	3.89567e-16
1.43077e+01	3.26677e-16
1.43237e+01	2.73624e-16
1.43396e+01	2.28926e-16
1.43556e+01	1.91314e-16
1.43715e+01	1.59701e-16
1.43875e+01	1.33164e-16
1.44034e+01	1.10914e-16
1.44194e+01	9.22807e-17
1.44353e+01	7.66943e-17
1.44513e+01	6.36710e-17
1.44672e+01	5.28029e-17
1.44832e+01	4.37439e-17
1.44991e+01	3.62012e-17
1.45151e+01	2.99276e-17
1.45310e+01	2.47157e-17
1.45470e+01	2.03906e-17
1.45629e+01	1.68052e-17
1.45789e+01	1.38364e-17
1.45948e+01	1.13807e-17
1.46108e+01	9.35164e-18
1.46267e+01	7.67676e-18
1.46427e+01	6.29571e-18
1.46586e+01	5.15811e-18
1.46746e+01	4.22198e-18
1.46905e+01	3.45245e-18
1.47065e+01	2.82051e-18
1.47224e+01	2.30209e-18
1.47384e+01	1.87721e-18
1.47543e+01	1.52933e-18
1.47703e+01	1.24477e-18
1.47862e+01	1.01223e-18
1.48022e+01	8.22387e-19
1.48181e+01	6.67542e-19
1.48341e+01	5.41362e-19
1.48500e+01	4.38639e-19
1.48660e+01	3.55091e-19
1.48819e+01	2.87203e-19
1.48979e+01	2.32089e-19
1.49138e+01	1.87385e-19
1.49298e+01	1.51158e-19
1.49457e+01	1.21825e-19
1.49617e+01	9.80959e-20
1.49776e+01	7.89180e-20
1.49936e+01	6.34354e-20
1.50095e+01	5.09480e-20
1.50255e+01	4.08904e-20
1.50414e+01	3.27972e-20
1.50574e+01	2.62898e-20
1.50734e+01	2.10611e-20
1.50893e+01	1.68626e-20
1.51053e+01	1.34932e-20
1.51212e+01	1.07909e-20
1.51372e+01	8.62489e-21
1.51531e+01	6.88969e-21
1.51691e+01	5.50046e-21
1.51850e+01	4.38886e-21
1.52010e+01	3.49993e-21
1.52169e+01	2.78948e-21
1.52329e+01	2.22201e-21
1.52488e+01	1.76899e-21
1.52648e+01	1.40756e-21
1.52807e+01	1.11936e-21
1.52967e+01	8.89674e-22
1.53126e+01	7.06736e-22
1.53286e+01	5.61108e-22
1.53445e+01	4.45246e-22
1.53605e+01	3.53115e-22
1.53764e+01	2.79898e-22
1.53924e+01	2.21742e-22
1.54083e+01	1.75576e-22
1.54243e+01	1.38948e-22
1.54402e+01	1.09903e-22
1.54562e+01	8.68834e-23
1.54721e+01	6.86494e-23
1.54881e+01	5.42138e-23
1.55040e+01	4.27915e-23
1.55200e+01	3.37582e-23
1.55359e+01	2.66181e-23
1.55519e+01	2.09774e-23
1.55678e+01	1.65236e-23
1.55838e+01	1.30088e-23
1.55997e+01	1.02364e-23
1.56157e+01	8.05093e-24
1.56316e+01	6.32893e-24
1.56476e+01	4.97286e-24
1.56635e+01	3.90553e-24
1.56795e+01	3.06593e-24
1.56954e+01	2.40584e-24
1.57114e+01	1.88721e-24
1.57273e+01	1.47997e-24
1.57433e+01	1.16045e-24
1.57592e+01	9.09959e-25
1.57752e+01	7.13496e-25
1.57911e+01	5.59366e-25
1.58071e+01	4.38683e-25
1.58230e+01	3.44418e-25
1.58390e+01	2.71032e-25
1.58549e+01	2.14182e-25
1.58709e+01	1.70462e-25
1.58868e+01	1.37222e-25
1.59028e+01	1.12432e-25
1.59187e+01	9.45548e-26
1.59347e+01	8.27144e-26
1.59506e+01	7.41639e-26
