# The ell = 1 distribution, the first anisotropy.
# E_N [Td]	8.00000e+00
# col_1: Electron Energy [eV], col_2: f1 [eV^(-3/2)]
eV	f1
1.93324e-02	9.25486e-04
3.86648e-02	1.81933e-03
5.79972e-02	2.41957e-03
7.73296e-02	2.76710e-03
9.66620e-02	2.96395e-03
1.15994e-01	3.02782e-03
1.35327e-01	3.00821e-03
1.54659e-01	2.96668e-03
1.73992e-01	2.91949e-03
1.93324e-01	2.87311e-03
2.12656e-01	2.83023e-03
2.31989e-01	2.78609e-03
2.51321e-01	2.73293e-03
2.70654e-01	2.67422e-03
2.89986e-01	2.62929e-03
3.09318e-01	2.62146e-03
3.28651e-01	2.59361e-03
3.47983e-01	2.55003e-03
3.67316e-01	2.50188e-03
3.86648e-01	2.45476e-03
4.05980e-01	2.40987e-03
4.25313e-01	2.36818e-03
4.44645e-01	2.32925e-03
4.63977e-01	2.29268e-03
4.83310e-01	2.25826e-03
5.02642e-01	2.22587e-03
5.21975e-01	2.19540e-03
5.41307e-01	2.16659e-03
5.60639e-01	2.13929e-03
5.79972e-01	2.11339e-03
5.99304e-01	2.08913e-03
6.18637e-01	2.06640e-03
6.37969e-01	2.04504e-03
6.57301e-01	2.02485e-03
6.76634e-01	2.00568e-03
6.95966e-01	1.98738e-03
7.15299e-01	1.96950e-03
7.34631e-01	1.95198e-03
7.53963e-01	1.93474e-03
7.73296e-01	1.91776e-03
7.92628e-01	1.90103e-03
8.11961e-01	1.88457e-03
8.31293e-01	1.86836e-03
8.50625e-01	1.85237e-03
8.69958e-01	1.83657e-03
8.89290e-01	1.82088e-03
9.08623e-01	1.80528e-03
9.27955e-01	1.78977e-03
9.47287e-01	1.77433e-03
9.66620e-01	1.75892e-03
9.85952e-01	1.74373e-03
1.00528e+00	1.72821e-03
1.02462e+00	1.71283e-03
1.04395e+00	1.69738e-03
1.06328e+00	1.68194e-03
1.08261e+00	1.66655e-03
1.10195e+00	1.65119e-03
1.12128e+00	1.63578e-03
1.14061e+00	1.62029e-03
1.15994e+00	1.60480e-03
1.17928e+00	1.58928e-03
1.19861e+00	1.57396e-03
1.21794e+00	1.55883e-03
1.23727e+00	1.54371e-03
1.25661e+00	1.52858e-03
1.27594e+00	1.51335e-03
1.29527e+00	1.49807e-03
1.31460e+00	1.48277e-03
1.33394e+00	1.46747e-03
1.35327e+00	1.45234e-03
1.37260e+00	1.43744e-03
1.39193e+00	1.42273e-03
1.41126e+00	1.40816e-03
1.43060e+00	1.39371e-03
1.44993e+00	1.37945e-03
1.46926e+00	1.36541e-03
1.48859e+00	1.35192e-03
1.50793e+00	1.33912e-03
1.52726e+00	1.32634e-03
1.54659e+00	1.31343e-03
1.56592e+00	1.30050e-03
1.58526e+00	1.28759e-03
1.60459e+00	1.27477e-03
1.62392e+00	1.26215e-03
1.64325e+00	1.24971e-03
1.66259e+00	1.23750e-03
1.68192e+00	1.22541e-03
1.70125e+00	1.21356e-03
1.72058e+00	1.20195e-03
1.73992e+00	1.19054e-03
1.75925e+00	1.17938e-03
1.77858e+00	1.16844e-03
1.79791e+00	1.15772e-03
1.81725e+00	1.14721e-03
1.83658e+00	1.13692e-03
1.85591e+00	1.12683e-03
1.87524e+00	1.11693e-03
1.89457e+00	1.10724e-03
1.91391e+00	1.09774e-03
1.93324e+00	1.08843e-03
1.95257e+00	1.07926e-03
1.97190e+00	1.07030e-03
1.99124e+00	1.06154e-03
2.01057e+00	1.05282e-03
2.02990e+00	1.04446e-03
2.04923e+00	1.03617e-03
2.06857e+00	1.02805e-03
2.08790e+00	1.02008e-03
2.10723e+00	1.01226e-03
2.12656e+00	1.00458e-03
2.14590e+00	9.97040e-04
2.16523e+00	9.89639e-04
2.18456e+00	9.82372e-04
2.20389e+00	9.75237e-04
2.22323e+00	9.68233e-04
2.24256e+00	9.61354e-04
2.26189e+00	9.54600e-04
2.28122e+00	9.47968e-04
2.30056e+00	9.41455e-04
2.31989e+00	9.35061e-04
2.33922e+00	9.28778e-04
2.35855e+00	9.22613e-04
2.37788e+00	9.16555e-04
2.39722e+00	9.10608e-04
2.41655e+00	9.04764e-04
2.43588e+00	8.99033e-04
2.45521e+00	8.93373e-04
2.47455e+00	8.87861e-04
2.49388e+00	8.82442e-04
2.51321e+00	8.77089e-04
2.53254e+00	8.71874e-04
2.55188e+00	8.66748e-04
2.57121e+00	8.61710e-04
2.59054e+00	8.56761e-04
2.60987e+00	8.51899e-04
2.62921e+00	8.47125e-04
2.64854e+00	8.42436e-04
2.66787e+00	8.37826e-04
2.68720e+00	8.33300e-04
2.70654e+00	8.28851e-04
2.72587e+00	8.24488e-04
2.74520e+00	8.20199e-04
2.76453e+00	8.15987e-04
2.78386e+00	8.11850e-04
2.80320e+00	8.07786e-04
2.82253e+00	8.03794e-04
2.84186e+00	7.99874e-04
2.86119e+00	7.96022e-04
2.88053e+00	7.92239e-04
2.89986e+00	7.88524e-04
2.91919e+00	7.84875e-04
2.93852e+00	7.81288e-04
2.95786e+00	7.77769e-04
2.97719e+00	7.74320e-04
2.99652e+00	7.70900e-04
3.01585e+00	7.67552e-04
3.03519e+00	7.64271e-04
3.05452e+00	7.61036e-04
3.07385e+00	7.57859e-04
3.09318e+00	7.54740e-04
3.11252e+00	7.51677e-04
3.13185e+00	7.48667e-04
3.15118e+00	7.45712e-04
3.17051e+00	7.42808e-04
3.18985e+00	7.39956e-04
3.20918e+00	7.37158e-04
3.22851e+00	7.34409e-04
3.24784e+00	7.31710e-04
3.26717e+00	7.29059e-04
3.28651e+00	7.26455e-04
3.30584e+00	7.23898e-04
3.32517e+00	7.21388e-04
3.34450e+00	7.18922e-04
3.36384e+00	7.16501e-04
3.38317e+00	7.14124e-04
3.40250e+00	7.11791e-04
3.42183e+00	7.09500e-04
3.44117e+00	7.07250e-04
3.46050e+00	7.05041e-04
3.47983e+00	7.02873e-04
3.49916e+00	7.00745e-04
3.51850e+00	6.98656e-04
3.53783e+00	6.96606e-04
3.55716e+00	6.94593e-04
3.57649e+00	6.92619e-04
3.59583e+00	6.90682e-04
3.61516e+00	6.88780e-04
3.63449e+00	6.86915e-04
3.65382e+00	6.85084e-04
3.67316e+00	6.83287e-04
3.69249e+00	6.81525e-04
3.71182e+00	6.79796e-04
3.73115e+00	6.78099e-04
3.75048e+00	6.76436e-04
3.76982e+00	6.74804e-04
3.78915e+00	6.73203e-04
3.80848e+00	6.71634e-04
3.82781e+00	6.70094e-04
3.84715e+00	6.68585e-04
3.86648e+00	6.67105e-04
3.88581e+00	6.65653e-04
3.90514e+00	6.64232e-04
3.92448e+00	6.62839e-04
3.94381e+00	6.61524e-04
3.96314e+00	6.60083e-04
3.98247e+00	6.58784e-04
4.00181e+00	6.57780e-04
4.02114e+00	6.56663e-04
4.04047e+00	6.55615e-04
4.05980e+00	6.54482e-04
4.07914e+00	6.53558e-04
4.09847e+00	6.52591e-04
4.11780e+00	6.51656e-04
4.13713e+00	6.50746e-04
4.15647e+00	6.49860e-04
4.17580e+00	6.48995e-04
4.19513e+00	6.48155e-04
4.21446e+00	6.47338e-04
4.23379e+00	6.46543e-04
4.25313e+00	6.45772e-04
4.27246e+00	6.45022e-04
4.29179e+00	6.44295e-04
4.31112e+00	6.43588e-04
4.33046e+00	6.42902e-04
4.34979e+00	6.42237e-04
4.36912e+00	6.41593e-04
4.38845e+00	6.40968e-04
4.40779e+00	6.40362e-04
4.42712e+00	6.39777e-04
4.44645e+00	6.39209e-04
4.46578e+00	6.38660e-04
4.48512e+00	6.38129e-04
4.50445e+00	6.37616e-04
4.52378e+00	6.37122e-04
4.54311e+00	6.36642e-04
4.56245e+00	6.36181e-04
4.58178e+00	6.35736e-04
4.60111e+00	6.35307e-04
4.62044e+00	6.34895e-04
4.63977e+00	6.34498e-04
4.65911e+00	6.34116e-04
4.67844e+00	6.33750e-04
4.69777e+00	6.33399e-04
4.71710e+00	6.33061e-04
4.73644e+00	6.32742e-04
4.75577e+00	6.32435e-04
4.77510e+00	6.32142e-04
4.79443e+00	6.31862e-04
4.81377e+00	6.31597e-04
4.83310e+00	6.31341e-04
4.85243e+00	6.31099e-04
4.87176e+00	6.30870e-04
4.89110e+00	6.30661e-04
4.91043e+00	6.30430e-04
4.92976e+00	6.30265e-04
4.94909e+00	6.30097e-04
4.96843e+00	6.29939e-04
4.98776e+00	6.29808e-04
5.00709e+00	6.29636e-04
5.02642e+00	6.29529e-04
5.04576e+00	6.29482e-04
5.06509e+00	6.29414e-04
5.08442e+00	6.29360e-04
5.10375e+00	6.29315e-04
5.12308e+00	6.29276e-04
5.14242e+00	6.29252e-04
5.16175e+00	6.29234e-04
5.18108e+00	6.29225e-04
5.20041e+00	6.29223e-04
5.21975e+00	6.29231e-04
5.23908e+00	6.29244e-04
5.25841e+00	6.29263e-04
5.27774e+00	6.29291e-04
5.29708e+00	6.29325e-04
5.31641e+00	6.29366e-04
5.33574e+00	6.29410e-04
5.35507e+00	6.29466e-04
5.37441e+00	6.29526e-04
5.39374e+00	6.29591e-04
5.41307e+00	6.29662e-04
5.43240e+00	6.29738e-04
5.45174e+00	6.29820e-04
5.47107e+00	6.29903e-04
5.49040e+00	6.29992e-04
5.50973e+00	6.30085e-04
5.52907e+00	6.30183e-04
5.54840e+00	6.30283e-04
5.56773e+00	6.30388e-04
5.58706e+00	6.30497e-04
5.60639e+00	6.30609e-04
5.62573e+00	6.30724e-04
5.64506e+00	6.30840e-04
5.66439e+00	6.30961e-04
5.68372e+00	6.31082e-04
5.70306e+00	6.31203e-04
5.72239e+00	6.31327e-04
5.74172e+00	6.31452e-04
5.76105e+00	6.31579e-04
5.78039e+00	6.31706e-04
5.79972e+00	6.31834e-04
5.81905e+00	6.31966e-04
5.83838e+00	6.32096e-04
5.85772e+00	6.32227e-04
5.87705e+00	6.32353e-04
5.89638e+00	6.32490e-04
5.91571e+00	6.32628e-04
5.93505e+00	6.32719e-04
5.95438e+00	6.32831e-04
5.97371e+00	6.32939e-04
5.99304e+00	6.33043e-04
6.01237e+00	6.33136e-04
6.03171e+00	6.33302e-04
6.05104e+00	6.33306e-04
6.07037e+00	6.33373e-04
6.08970e+00	6.33430e-04
6.10904e+00	6.33485e-04
6.12837e+00	6.33539e-04
6.14770e+00	6.33587e-04
6.16703e+00	6.33636e-04
6.18637e+00	6.33681e-04
6.20570e+00	6.33723e-04
6.22503e+00	6.33761e-04
6.24436e+00	6.33795e-04
6.26370e+00	6.33825e-04
6.28303e+00	6.33852e-04
6.30236e+00	6.33871e-04
6.32169e+00	6.33887e-04
6.34103e+00	6.33898e-04
6.36036e+00	6.33905e-04
6.37969e+00	6.33905e-04
6.39902e+00	6.33903e-04
6.41836e+00	6.33892e-04
6.43769e+00	6.33875e-04
6.45702e+00	6.33854e-04
6.47635e+00	6.33826e-04
6.49568e+00	6.33792e-04
6.51502e+00	6.33752e-04
6.53435e+00	6.33700e-04
6.55368e+00	6.33654e-04
6.57301e+00	6.33595e-04
6.59235e+00	6.33530e-04
6.61168e+00	6.33457e-04
6.63101e+00	6.33377e-04
6.65034e+00	6.33290e-04
6.66968e+00	6.33195e-04
6.68901e+00	6.33088e-04
6.70834e+00	6.32975e-04
6.72767e+00	6.32853e-04
6.74701e+00	6.32723e-04
6.76634e+00	6.32584e-04
6.78567e+00	6.32437e-04
6.80500e+00	6.32280e-04
6.82434e+00	6.32111e-04
6.84367e+00	6.31934e-04
6.86300e+00	6.31748e-04
6.88233e+00	6.31552e-04
6.90167e+00	6.31323e-04
6.92100e+00	6.31136e-04
6.94033e+00	6.30958e-04
6.95966e+00	6.30529e-04
6.97899e+00	6.30200e-04
6.99833e+00	6.29849e-04
7.01766e+00	6.29489e-04
7.03699e+00	6.29109e-04
7.05632e+00	6.28720e-04
7.07566e+00	6.28421e-04
7.09499e+00	6.27852e-04
7.11432e+00	6.27382e-04
7.13365e+00	6.26888e-04
7.15299e+00	6.26387e-04
7.17232e+00	6.25875e-04
7.19165e+00	6.25353e-04
7.21098e+00	6.24821e-04
7.23032e+00	6.24278e-04
7.24965e+00	6.23725e-04
7.26898e+00	6.23161e-04
7.28831e+00	6.22587e-04
7.30765e+00	6.22001e-04
7.32698e+00	6.21405e-04
7.34631e+00	6.20798e-04
7.36564e+00	6.20179e-04
7.38498e+00	6.19551e-04
7.40431e+00	6.18911e-04
7.42364e+00	6.18259e-04
7.44297e+00	6.17596e-04
7.46230e+00	6.16921e-04
7.48164e+00	6.16235e-04
7.50097e+00	6.15537e-04
7.52030e+00	6.14827e-04
7.53963e+00	6.14105e-04
7.55897e+00	6.13371e-04
7.57830e+00	6.12625e-04
7.59763e+00	6.11866e-04
7.61696e+00	6.11096e-04
7.63630e+00	6.10313e-04
7.65563e+00	6.09517e-04
7.67496e+00	6.08710e-04
7.69429e+00	6.07890e-04
7.71363e+00	6.07058e-04
7.73296e+00	6.06212e-04
7.75229e+00	6.05354e-04
7.77162e+00	6.04483e-04
7.79096e+00	6.03599e-04
7.81029e+00	6.02702e-04
7.82962e+00	6.01793e-04
7.84895e+00	6.00870e-04
7.86828e+00	5.99933e-04
7.88762e+00	5.98984e-04
7.90695e+00	5.98022e-04
7.92628e+00	5.97046e-04
7.94561e+00	5.96056e-04
7.96495e+00	5.95054e-04
7.98428e+00	5.94038e-04
8.00361e+00	5.93008e-04
8.02294e+00	5.91965e-04
8.04228e+00	5.90908e-04
8.06161e+00	5.89838e-04
8.08094e+00	5.88754e-04
8.10027e+00	5.87656e-04
8.11961e+00	5.86544e-04
8.13894e+00	5.85419e-04
8.15827e+00	5.84280e-04
8.17760e+00	5.83127e-04
8.19694e+00	5.81960e-04
8.21627e+00	5.80780e-04
8.23560e+00	5.79585e-04
8.25493e+00	5.78376e-04
8.27427e+00	5.77154e-04
8.29360e+00	5.75918e-04
8.31293e+00	5.74668e-04
8.33226e+00	5.73404e-04
8.35159e+00	5.72125e-04
8.37093e+00	5.70833e-04
8.39026e+00	5.69527e-04
8.40959e+00	5.68207e-04
8.42892e+00	5.66872e-04
8.44826e+00	5.65524e-04
8.46759e+00	5.64162e-04
8.48692e+00	5.62785e-04
8.50625e+00	5.61395e-04
8.52559e+00	5.59990e-04
8.54492e+00	5.58572e-04
8.56425e+00	5.57139e-04
8.58358e+00	5.55693e-04
8.60292e+00	5.54232e-04
8.62225e+00	5.52757e-04
8.64158e+00	5.51268e-04
8.66091e+00	5.49765e-04
8.68025e+00	5.48249e-04
8.69958e+00	5.46718e-04
8.71891e+00	5.45174e-04
8.73824e+00	5.43616e-04
8.75758e+00	5.42044e-04
8.77691e+00	5.40458e-04
8.79624e+00	5.38859e-04
8.81557e+00	5.37245e-04
8.83490e+00	5.35619e-04
8.85424e+00	5.33978e-04
8.87357e+00	5.32324e-04
8.89290e+00	5.30657e-04
8.91223e+00	5.28955e-04
8.93157e+00	5.27325e-04
8.95090e+00	5.25541e-04
8.97023e+00	5.23792e-04
8.98956e+00	5.22027e-04
9.00890e+00	5.20250e-04
9.02823e+00	5.18461e-04
9.04756e+00	5.16660e-04
9.06689e+00	5.14846e-04
9.08623e+00	5.13021e-04
9.10556e+00	5.11183e-04
9.12489e+00	5.09333e-04
9.14422e+00	5.07472e-04
9.16356e+00	5.05598e-04
9.18289e+00	5.03713e-04
9.20222e+00	5.01816e-04
9.22155e+00	4.99908e-04
9.24089e+00	4.97988e-04
9.26022e+00	4.96054e-04
9.27955e+00	4.94121e-04
9.29888e+00	4.92156e-04
9.31821e+00	4.90186e-04
9.33755e+00	4.88205e-04
9.35688e+00	4.86213e-04
9.37621e+00	4.84210e-04
9.39554e+00	4.82197e-04
9.41488e+00	4.80173e-04
9.43421e+00	4.78139e-04
9.45354e+00	4.76094e-04
9.47287e+00	4.74040e-04
9.49221e+00	4.71975e-04
9.51154e+00	4.69900e-04
9.53087e+00	4.67815e-04
9.55020e+00	4.65721e-04
9.56954e+00	4.63617e-04
9.58887e+00	4.61503e-04
9.60820e+00	4.59377e-04
9.62753e+00	4.57239e-04
9.64687e+00	4.55128e-04
9.66620e+00	4.52928e-04
9.68553e+00	4.50753e-04
9.70486e+00	4.48565e-04
9.72419e+00	4.46370e-04
9.74353e+00	4.44167e-04
9.76286e+00	4.41957e-04
9.78219e+00	4.39738e-04
9.80152e+00	4.37513e-04
9.82086e+00	4.35279e-04
9.84019e+00	4.33039e-04
9.85952e+00	4.30791e-04
9.87885e+00	4.28536e-04
9.89819e+00	4.26275e-04
9.91752e+00	4.24007e-04
9.93685e+00	4.21732e-04
9.95618e+00	4.19450e-04
9.97552e+00	4.17162e-04
9.99485e+00	4.14758e-04
1.00142e+01	4.12780e-04
1.00335e+01	4.10141e-04
1.00528e+01	4.07600e-04
1.00722e+01	4.05107e-04
1.00915e+01	4.02611e-04
1.01108e+01	4.00120e-04
1.01302e+01	3.97631e-04
1.01495e+01	3.95145e-04
1.01688e+01	3.92662e-04
1.01882e+01	3.90182e-04
1.02075e+01	3.87705e-04
1.02268e+01	3.85232e-04
1.02462e+01	3.82762e-04
1.02655e+01	3.80296e-04
1.02848e+01	3.77833e-04
1.03042e+01	3.75374e-04
1.03235e+01	3.72919e-04
1.03428e+01	3.70467e-04
1.03622e+01	3.68019e-04
1.03815e+01	3.65576e-04
1.04008e+01	3.63136e-04
1.04202e+01	3.60701e-04
1.04395e+01	3.58270e-04
1.04588e+01	3.55843e-04
1.04782e+01	3.53420e-04
1.04975e+01	3.51002e-04
1.05168e+01	3.48589e-04
1.05362e+01	3.46180e-04
1.05555e+01	3.43776e-04
1.05748e+01	3.41333e-04
1.05942e+01	3.39030e-04
1.06135e+01	3.36623e-04
1.06328e+01	3.34013e-04
1.06521e+01	3.31532e-04
1.06715e+01	3.29049e-04
1.06908e+01	3.26580e-04
1.07101e+01	3.24123e-04
1.07295e+01	3.21677e-04
1.07488e+01	3.19244e-04
1.07681e+01	3.16822e-04
1.07875e+01	3.14412e-04
1.08068e+01	3.12014e-04
1.08261e+01	3.09628e-04
1.08455e+01	3.07254e-04
1.08648e+01	3.04892e-04
1.08841e+01	3.02541e-04
1.09035e+01	3.00203e-04
1.09228e+01	2.97876e-04
1.09421e+01	2.95561e-04
1.09615e+01	2.93258e-04
1.09808e+01	2.90966e-04
1.10001e+01	2.88686e-04
1.10195e+01	2.86418e-04
1.10388e+01	2.84162e-04
1.10581e+01	2.81917e-04
1.10775e+01	2.79684e-04
1.10968e+01	2.77463e-04
1.11161e+01	2.75253e-04
1.11355e+01	2.73055e-04
1.11548e+01	2.70868e-04
1.11741e+01	2.68694e-04
1.11935e+01	2.66530e-04
1.12128e+01	2.64378e-04
1.12321e+01	2.62238e-04
1.12515e+01	2.60109e-04
1.12708e+01	2.57992e-04
1.12901e+01	2.55886e-04
1.13095e+01	2.53792e-04
1.13288e+01	2.51709e-04
1.13481e+01	2.49637e-04
1.13674e+01	2.47577e-04
1.13868e+01	2.45528e-04
1.14061e+01	2.43491e-04
1.14254e+01	2.41465e-04
1.14448e+01	2.39449e-04
1.14641e+01	2.37446e-04
1.14834e+01	2.35453e-04
1.15028e+01	2.33470e-04
1.15221e+01	2.31498e-04
1.15414e+01	2.29535e-04
1.15608e+01	2.27494e-04
1.15801e+01	2.24963e-04
1.15994e+01	2.21986e-04
1.16188e+01	2.18545e-04
1.16381e+01	2.14446e-04
1.16574e+01	2.09197e-04
1.16768e+01	2.03400e-04
1.16961e+01	1.97830e-04
1.17154e+01	1.92686e-04
1.17348e+01	1.87980e-04
1.17541e+01	1.83413e-04
1.17734e+01	1.78700e-04
1.17928e+01	1.73921e-04
1.18121e+01	1.69189e-04
1.18314e+01	1.64302e-04
1.18508e+01	1.57706e-04
1.18701e+01	1.51108e-04
1.18894e+01	1.45526e-04
1.19088e+01	1.40618e-04
1.19281e+01	1.36089e-04
1.19474e+01	1.31845e-04
1.19668e+01	1.27802e-04
1.19861e+01	1.23901e-04
1.20054e+01	1.20126e-04
1.20247e+01	1.16448e-04
1.20441e+01	1.12856e-04
1.20634e+01	1.09347e-04
1.20827e+01	1.05921e-04
1.21021e+01	1.02573e-04
1.21214e+01	9.92917e-05
1.21407e+01	9.60635e-05
1.21601e+01	9.28901e-05
1.21794e+01	8.97747e-05
1.21987e+01	8.67198e-05
1.22181e+01	8.37067e-05
1.22374e+01	8.07301e-05
1.22567e+01	7.77897e-05
1.22761e+01	7.48896e-05
1.22954e+01	7.20364e-05
1.23147e+01	6.92343e-05
1.23341e+01	6.65044e-05
1.23534e+01	6.38464e-05
1.23727e+01	6.12604e-05
1.23921e+01	5.87469e-05
1.24114e+01	5.63016e-05
1.24307e+01	5.39193e-05
1.24501e+01	5.15983e-05
1.24694e+01	4.93392e-05
1.24887e+01	4.71426e-05
1.25081e+01	4.50092e-05
1.25274e+01	4.29380e-05
1.25467e+01	4.09330e-05
1.25661e+01	3.89903e-05
1.25854e+01	3.71040e-05
1.26047e+01	3.52866e-05
1.26241e+01	3.35364e-05
1.26434e+01	3.18562e-05
1.26627e+01	3.02443e-05
1.26821e+01	2.86983e-05
1.27014e+01	2.72178e-05
1.27207e+01	2.58050e-05
1.27400e+01	2.44582e-05
1.27594e+01	2.31763e-05
1.27787e+01	2.19562e-05
1.27980e+01	2.07952e-05
1.28174e+01	1.96953e-05
1.28367e+01	1.86583e-05
1.28560e+01	1.76868e-05
1.28754e+01	1.67839e-05
1.28947e+01	1.59415e-05
1.29140e+01	1.51419e-05
1.29334e+01	1.43583e-05
1.29527e+01	1.36407e-05
1.29720e+01	1.29874e-05
1.29914e+01	1.23564e-05
1.30107e+01	1.17320e-05
1.30300e+01	1.10201e-05
1.30494e+01	1.02376e-05
1.30687e+01	9.51626e-06
1.30880e+01	8.91206e-06
1.31074e+01	8.40255e-06
1.31267e+01	7.97004e-06
1.31460e+01	7.58423e-06
1.31654e+01	7.20513e-06
1.31847e+01	6.82174e-06
1.32040e+01	6.43675e-06
1.32234e+01	6.07999e-06
1.32427e+01	5.76524e-06
1.32620e+01	5.47863e-06
1.32814e+01	5.21309e-06
1.33007e+01	4.96940e-06
1.33200e+01	4.74269e-06
1.33394e+01	4.53005e-06
1.33587e+01	4.32894e-06
1.33780e+01	4.13667e-06
1.33974e+01	3.95052e-06
1.34167e+01	3.77029e-06
1.34360e+01	3.59439e-06
1.34553e+01	3.42196e-06
1.34747e+01	3.25170e-06
1.34940e+01	3.08898e-06
1.35133e+01	2.93507e-06
1.35327e+01	2.78777e-06
1.35520e+01	2.64641e-06
1.35713e+01	2.51090e-06
1.35907e+01	2.38106e-06
1.36100e+01	2.25673e-06
1.36293e+01	2.13796e-06
1.36487e+01	2.02453e-06
1.36680e+01	1.91629e-06
1.36873e+01	1.81305e-06
1.37067e+01	1.71463e-06
1.37260e+01	1.62088e-06
1.37453e+01	1.53164e-06
1.37647e+01	1.44671e-06
1.37840e+01	1.36597e-06
1.38033e+01	1.28922e-06
1.38227e+01	1.21626e-06
1.38420e+01	1.14695e-06
1.38613e+01	1.08112e-06
1.38807e+01	1.01853e-06
1.39000e+01	9.58941e-07
1.39193e+01	9.02235e-07
1.39387e+01	8.48263e-07
1.39580e+01	7.96949e-07
1.39773e+01	7.48240e-07
1.39967e+01	7.02010e-07
1.40160e+01	6.58118e-07
1.40353e+01	6.16554e-07
1.40547e+01	5.77222e-07
1.40740e+01	5.40056e-07
1.40933e+01	5.04928e-07
1.41126e+01	4.71757e-07
1.41320e+01	4.40462e-07
1.41513e+01	4.10967e-07
1.41706e+01	3.83194e-07
1.41900e+01	3.57065e-07
1.42093e+01	3.32504e-07
1.42286e+01	3.09435e-07
1.42480e+01	2.87769e-07
1.42673e+01	2.67426e-07
1.42866e+01	2.48343e-07
1.43060e+01	2.30457e-07
1.43253e+01	2.13710e-07
1.43446e+01	1.98043e-07
1.43640e+01	1.83400e-07
1.43833e+01	1.69724e-07
1.44026e+01	1.56964e-07
1.44220e+01	1.45066e-07
1.44413e+01	1.33982e-07
1.44606e+01	1.23664e-07
1.44800e+01	1.14069e-07
1.44993e+01	1.05151e-07
1.45186e+01	9.68692e-08
1.45380e+01	8.91843e-08
1.45573e+01	8.20586e-08
1.45766e+01	7.54563e-08
1.45960e+01	6.93438e-08
1.46153e+01	6.36883e-08
1.46346e+01	5.84596e-08
1.46540e+01	5.36287e-08
1.46733e+01	4.91683e-08
1.46926e+01	4.50528e-08
1.47120e+01	4.12584e-08
1.47313e+01	3.77622e-08
1.47506e+01	3.45428e-08
1.47700e+01	3.15802e-08
1.47893e+01	2.88556e-08
1.48086e+01	2.63515e-08
1.48279e+01	2.40512e-08
1.48473e+01	2.19396e-08
1.48666e+01	2.00023e-08
1.48859e+01	1.82261e-08
1.49053e+01	1.65984e-08
1.49246e+01	1.51076e-08
1.49439e+01	1.37430e-08
1.49633e+01	1.24946e-08
1.49826e+01	1.13532e-08
1.50019e+01	1.03108e-08
1.50213e+01	9.35967e-09
1.50406e+01	8.49303e-09
1.50599e+01	7.70383e-09
1.50793e+01	6.98554e-09
1.50986e+01	6.33206e-09
1.51179e+01	5.73776e-09
1.51373e+01	5.19747e-09
1.51566e+01	4.70647e-09
1.51759e+01	4.26042e-09
1.51953e+01	3.85535e-09
1.52146e+01	3.48763e-09
1.52339e+01	3.15395e-09
1.52533e+01	2.85126e-09
1.52726e+01	2.57678e-09
1.52919e+01	2.32797e-09
1.53113e+01	2.10251e-09
1.53306e+01	1.89827e-09
1.53499e+01	1.71332e-09
1.53693e+01	1.54591e-09
1.53886e+01	1.39441e-09
1.54079e+01	1.25736e-09
1.54273e+01	1.13343e-09
1.54466e+01	1.02141e-09
1.54659e+01	9.20173e-10
1.54852e+01	8.28723e-10
1.55046e+01	7.46139e-10
1.55239e+01	6.71588e-10
1.55432e+01	6.04310e-10
1.55626e+01	5.43617e-10
1.55819e+01	4.88883e-10
1.56012e+01	4.39540e-10
1.56206e+01	3.95073e-10
1.56399e+01	3.55014e-10
1.56592e+01	3.18940e-10
1.56786e+01	2.86467e-10
1.56979e+01	2.57245e-10
1.57172e+01	2.30961e-10
1.57366e+01	2.07328e-10
1.57559e+01	1.86090e-10
1.57752e+01	1.66985e-10
1.57946e+01	1.49753e-10
1.58139e+01	1.34222e-10
1.58332e+01	1.20231e-10
1.58526e+01	1.07637e-10
1.58719e+01	9.63070e-11
1.58912e+01	8.61201e-11
1.59106e+01	7.69669e-11
1.59299e+01	6.87473e-11
1.59492e+01	6.13699e-11
1.59686e+01	5.47524e-11
1.59879e+01	4.88207e-11
1.60072e+01	4.35083e-11
1.60266e+01	3.87554e-11
1.60459e+01	3.45062e-11
1.60652e+01	3.07095e-11
1.60846e+01	2.73194e-11
1.61039e+01	2.42934e-11
1.61232e+01	2.15936e-11
1.61426e+01	1.91859e-11
1.61619e+01	1.70398e-11
1.61812e+01	1.51275e-11
1.62005e+01	1.34245e-11
1.62199e+01	1.19084e-11
1.62392e+01	1.05594e-11
1.62585e+01	9.35940e-12
1.62779e+01	8.29254e-12
1.62972e+01	7.34446e-12
1.63165e+01	6.50227e-12
1.63359e+01	5.75434e-12
1.63552e+01	5.09055e-12
1.63745e+01	4.50160e-12
1.63939e+01	3.97926e-12
1.64132e+01	3.51625e-12
1.64325e+01	3.10595e-12
1.64519e+01	2.74249e-12
1.64712e+01	2.42071e-12
1.64905e+01	2.13591e-12
1.65099e+01	1.88393e-12
1.65292e+01	1.66105e-12
1.65485e+01	1.46397e-12
1.65679e+01	1.28977e-12
1.65872e+01	1.13587e-12
1.66065e+01	9.99960e-13
1.66259e+01	8.79983e-13
1.66452e+01	7.74109e-13
1.66645e+01	6.80714e-13
1.66839e+01	5.98366e-13
1.67032e+01	5.25786e-13
1.67225e+01	4.61842e-13
1.67419e+01	4.05527e-13
1.67612e+01	3.55949e-13
1.67805e+01	3.12320e-13
1.67999e+01	2.73941e-13
1.68192e+01	2.40191e-13
1.68385e+01	2.10523e-13
1.68578e+01	1.84454e-13
1.68772e+01	1.61557e-13
1.68965e+01	1.41453e-13
1.69158e+01	1.23807e-13
1.69352e+01	1.08324e-13
1.69545e+01	9.47436e-14
1.69738e+01	8.28371e-14
1.69932e+01	7.24016e-14
1.70125e+01	6.32597e-14
1.70318e+01	5.52542e-14
1.70512e+01	4.82464e-14
1.70705e+01	4.21144e-14
1.70898e+01	3.67506e-14
1.71092e+01	3.20604e-14
1.71285e+01	2.79605e-14
1.71478e+01	2.43777e-14
1.71672e+01	2.12476e-14
1.71865e+01	1.85140e-14
1.72058e+01	1.61273e-14
1.72252e+01	1.40442e-14
1.72445e+01	1.22267e-14
1.72638e+01	1.06413e-14
1.72832e+01	9.25887e-15
1.73025e+01	8.05379e-15
1.73218e+01	7.00358e-15
1.73412e+01	6.08859e-15
1.73605e+01	5.29165e-15
1.73798e+01	4.59774e-15
1.73992e+01	3.99373e-15
1.74185e+01	3.46812e-15
1.74378e+01	3.01086e-15
1.74572e+01	2.61319e-15
1.74765e+01	2.26741e-15
1.74958e+01	1.96686e-15
1.75152e+01	1.70569e-15
1.75345e+01	1.47881e-15
1.75538e+01	1.28175e-15
1.75731e+01	1.11065e-15
1.75925e+01	9.62119e-16
1.76118e+01	8.33229e-16
1.76311e+01	7.21411e-16
1.76505e+01	6.24431e-16
1.76698e+01	5.40344e-16
1.76891e+01	4.67456e-16
1.77085e+01	4.04293e-16
1.77278e+01	3.49573e-16
1.77471e+01	3.02180e-16
1.77665e+01	2.61145e-16
1.77858e+01	2.25624e-16
1.78051e+01	1.94883e-16
1.78245e+01	1.68284e-16
1.78438e+01	1.45279e-16
1.78631e+01	1.25385e-16
1.78825e+01	1.08187e-16
1.79018e+01	9.33232e-17
1.79211e+01	8.04799e-17
1.79405e+01	6.93852e-17
1.79598e+01	5.98040e-17
1.79791e+01	5.15325e-17
1.79985e+01	4.43941e-17
1.80178e+01	3.82354e-17
1.80371e+01	3.29236e-17
1.80565e+01	2.83435e-17
1.80758e+01	2.43953e-17
1.80951e+01	2.09926e-17
1.81145e+01	1.80608e-17
1.81338e+01	1.55353e-17
1.81531e+01	1.33602e-17
1.81725e+01	1.14875e-17
1.81918e+01	9.87512e-18
1.82111e+01	8.48733e-18
1.82304e+01	7.29305e-18
1.82498e+01	6.26554e-18
1.82691e+01	5.38168e-18
1.82884e+01	4.62156e-18
1.83078e+01	3.96800e-18
1.83271e+01	3.40619e-18
1.83464e+01	2.92336e-18
1.83658e+01	2.50846e-18
1.83851e+01	2.15202e-18
1.84044e+01	1.84586e-18
1.84238e+01	1.58295e-18
1.84431e+01	1.35722e-18
1.84624e+01	1.16346e-18
1.84818e+01	9.97171e-19
1.85011e+01	8.54485e-19
1.85204e+01	7.32073e-19
1.85398e+01	6.27076e-19
1.85591e+01	5.37034e-19
1.85784e+01	4.59830e-19
1.85978e+01	3.93648e-19
1.86171e+01	3.36926e-19
1.86364e+01	2.88322e-19
1.86558e+01	2.46681e-19
1.86751e+01	2.11014e-19
1.86944e+01	1.80469e-19
1.87138e+01	1.54317e-19
1.87331e+01	1.31930e-19
1.87524e+01	1.12769e-19
1.87718e+01	9.63737e-20
1.87911e+01	8.23470e-20
1.88104e+01	7.03494e-20
1.88298e+01	6.00894e-20
1.88491e+01	5.13175e-20
1.88684e+01	4.38193e-20
1.88878e+01	3.74114e-20
1.89071e+01	3.19363e-20
1.89264e+01	2.72594e-20
1.89457e+01	2.32655e-20
1.89651e+01	1.98560e-20
1.89844e+01	1.69464e-20
1.90037e+01	1.44645e-20
1.90231e+01	1.23487e-20
1.90424e+01	1.05460e-20
1.90617e+01	9.01139e-21
1.90811e+01	7.70624e-21
1.91004e+01	6.59772e-21
1.91197e+01	5.65780e-21
1.91391e+01	4.86266e-21
1.91584e+01	4.19213e-21
1.91777e+01	3.62918e-21
1.91971e+01	3.15944e-21
1.92164e+01	2.77091e-21
1.92357e+01	2.45359e-21
1.92551e+01	2.19928e-21
1.92744e+01	2.00128e-21
1.92937e+01	1.85417e-21
1.93131e+01	1.75444e-21
1.93324e+01	1.69080e-21
