# The ell = 0 distribution, the isotropy.
# E_N [Td]	2.50000e+00
# col_1: Electron Energy [eV], col_2: f0 [eV^(-3/2)]
eV	f0
7.58078e-03	1.12759e-01
2.27423e-02	1.12759e-01
3.79039e-02	1.12758e-01
5.30655e-02	1.12758e-01
6.82270e-02	1.12758e-01
8.33886e-02	1.12758e-01
9.85501e-02	1.12757e-01
1.13712e-01	1.12757e-01
1.28873e-01	1.12757e-01
1.44035e-01	1.12757e-01
1.59196e-01	1.12757e-01
1.74358e-01	1.12757e-01
1.89519e-01	1.12757e-01
2.04681e-01	1.12757e-01
2.19843e-01	1.12757e-01
2.35004e-01	1.12757e-01
2.50166e-01	1.12757e-01
2.65327e-01	1.12757e-01
2.80489e-01	1.12757e-01
2.95650e-01	1.12757e-01
3.10812e-01	1.12757e-01
3.25973e-01	1.12757e-01
3.41135e-01	1.12757e-01
3.56297e-01	1.12757e-01
3.71458e-01	1.12757e-01
3.86620e-01	1.12757e-01
4.01781e-01	1.12757e-01
4.16943e-01	1.12757e-01
4.32104e-01	1.12757e-01
4.47266e-01	1.12757e-01
4.62428e-01	1.12756e-01
4.77589e-01	1.12756e-01
4.92751e-01	1.12756e-01
5.07912e-01	1.12756e-01
5.23074e-01	1.12755e-01
5.38235e-01	1.12755e-01
5.53397e-01	1.12755e-01
5.68558e-01	1.12754e-01
5.83720e-01	1.12754e-01
5.98882e-01	1.12753e-01
6.14043e-01	1.12752e-01
6.29205e-01	1.12752e-01
6.44366e-01	1.12751e-01
6.59528e-01	1.12750e-01
6.74689e-01	1.12749e-01
6.89851e-01	1.12748e-01
7.05012e-01	1.12747e-01
7.20174e-01	1.12746e-01
7.35336e-01	1.12744e-01
7.50497e-01	1.12743e-01
7.65659e-01	1.12741e-01
7.80820e-01	1.12740e-01
7.95982e-01	1.12738e-01
8.11143e-01	1.12736e-01
8.26305e-01	1.12734e-01
8.41466e-01	1.12731e-01
8.56628e-01	1.12729e-01
8.71790e-01	1.12726e-01
8.86951e-01	1.12724e-01
9.02113e-01	1.12721e-01
9.17274e-01	1.12718e-01
9.32436e-01	1.12714e-01
9.47597e-01	1.12711e-01
9.62759e-01	1.12707e-01
9.77920e-01	1.12703e-01
9.93082e-01	1.12699e-01
1.00824e+00	1.12694e-01
1.02341e+00	1.12690e-01
1.03857e+00	1.12685e-01
1.05373e+00	1.12680e-01
1.06889e+00	1.12675e-01
1.08405e+00	1.12669e-01
1.09921e+00	1.12664e-01
1.11437e+00	1.12658e-01
1.12954e+00	1.12651e-01
1.14470e+00	1.12645e-01
1.15986e+00	1.12638e-01
1.17502e+00	1.12631e-01
1.19018e+00	1.12624e-01
1.20534e+00	1.12617e-01
1.22051e+00	1.12609e-01
1.23567e+00	1.12601e-01
1.25083e+00	1.12593e-01
1.26599e+00	1.12584e-01
1.28115e+00	1.12575e-01
1.29631e+00	1.12566e-01
1.31147e+00	1.12556e-01
1.32664e+00	1.12547e-01
1.34180e+00	1.12536e-01
1.35696e+00	1.12526e-01
1.37212e+00	1.12515e-01
1.38728e+00	1.12504e-01
1.40244e+00	1.12492e-01
1.41761e+00	1.12480e-01
1.43277e+00	1.12468e-01
1.44793e+00	1.12455e-01
1.46309e+00	1.12442e-01
1.47825e+00	1.12429e-01
1.49341e+00	1.12415e-01
1.50858e+00	1.12401e-01
1.52374e+00	1.12386e-01
1.53890e+00	1.12371e-01
1.55406e+00	1.12355e-01
1.56922e+00	1.12339e-01
1.58438e+00	1.12323e-01
1.59954e+00	1.12306e-01
1.61471e+00	1.12288e-01
1.62987e+00	1.12270e-01
1.64503e+00	1.12251e-01
1.66019e+00	1.12232e-01
1.67535e+00	1.12213e-01
1.69051e+00	1.12193e-01
1.70568e+00	1.12172e-01
1.72084e+00	1.12151e-01
1.73600e+00	1.12129e-01
1.75116e+00	1.12107e-01
1.76632e+00	1.12084e-01
1.78148e+00	1.12061e-01
1.79664e+00	1.12037e-01
1.81181e+00	1.12012e-01
1.82697e+00	1.11987e-01
1.84213e+00	1.11962e-01
1.85729e+00	1.11935e-01
1.87245e+00	1.11909e-01
1.88761e+00	1.11881e-01
1.90278e+00	1.11853e-01
1.91794e+00	1.11824e-01
1.93310e+00	1.11795e-01
1.94826e+00	1.11765e-01
1.96342e+00	1.11734e-01
1.97858e+00	1.11703e-01
1.99374e+00	1.11671e-01
2.00891e+00	1.11639e-01
2.02407e+00	1.11605e-01
2.03923e+00	1.11571e-01
2.05439e+00	1.11536e-01
2.06955e+00	1.11500e-01
2.08471e+00	1.11463e-01
2.09988e+00	1.11426e-01
2.11504e+00	1.11388e-01
2.13020e+00	1.11348e-01
2.14536e+00	1.11308e-01
2.16052e+00	1.11267e-01
2.17568e+00	1.11226e-01
2.19085e+00	1.11183e-01
2.20601e+00	1.11139e-01
2.22117e+00	1.11095e-01
2.23633e+00	1.11049e-01
2.25149e+00	1.11003e-01
2.26665e+00	1.10955e-01
2.28181e+00	1.10907e-01
2.29698e+00	1.10857e-01
2.31214e+00	1.10807e-01
2.32730e+00	1.10755e-01
2.34246e+00	1.10703e-01
2.35762e+00	1.10649e-01
2.37278e+00	1.10594e-01
2.38795e+00	1.10539e-01
2.40311e+00	1.10482e-01
2.41827e+00	1.10424e-01
2.43343e+00	1.10365e-01
2.44859e+00	1.10305e-01
2.46375e+00	1.10244e-01
2.47891e+00	1.10181e-01
2.49408e+00	1.10118e-01
2.50924e+00	1.10053e-01
2.52440e+00	1.09987e-01
2.53956e+00	1.09920e-01
2.55472e+00	1.09851e-01
2.56988e+00	1.09781e-01
2.58505e+00	1.09710e-01
2.60021e+00	1.09638e-01
2.61537e+00	1.09564e-01
2.63053e+00	1.09489e-01
2.64569e+00	1.09413e-01
2.66085e+00	1.09335e-01
2.67601e+00	1.09256e-01
2.69118e+00	1.09175e-01
2.70634e+00	1.09093e-01
2.72150e+00	1.09010e-01
2.73666e+00	1.08925e-01
2.75182e+00	1.08839e-01
2.76698e+00	1.08751e-01
2.78215e+00	1.08662e-01
2.79731e+00	1.08571e-01
2.81247e+00	1.08479e-01
2.82763e+00	1.08385e-01
2.84279e+00	1.08290e-01
2.85795e+00	1.08193e-01
2.87312e+00	1.08095e-01
2.88828e+00	1.07995e-01
2.90344e+00	1.07893e-01
2.91860e+00	1.07790e-01
2.93376e+00	1.07685e-01
2.94892e+00	1.07579e-01
2.96408e+00	1.07470e-01
2.97925e+00	1.07361e-01
2.99441e+00	1.07249e-01
3.00957e+00	1.07136e-01
3.02473e+00	1.07021e-01
3.03989e+00	1.06905e-01
3.05505e+00	1.06787e-01
3.07022e+00	1.06667e-01
3.08538e+00	1.06545e-01
3.10054e+00	1.06422e-01
3.11570e+00	1.06296e-01
3.13086e+00	1.06170e-01
3.14602e+00	1.06041e-01
3.16118e+00	1.05910e-01
3.17635e+00	1.05778e-01
3.19151e+00	1.05644e-01
3.20667e+00	1.05508e-01
3.22183e+00	1.05370e-01
3.23699e+00	1.05231e-01
3.25215e+00	1.05089e-01
3.26732e+00	1.04946e-01
3.28248e+00	1.04801e-01
3.29764e+00	1.04654e-01
3.31280e+00	1.04505e-01
3.32796e+00	1.04354e-01
3.34312e+00	1.04201e-01
3.35829e+00	1.04046e-01
3.37345e+00	1.03889e-01
3.38861e+00	1.03731e-01
3.40377e+00	1.03570e-01
3.41893e+00	1.03407e-01
3.43409e+00	1.03242e-01
3.44925e+00	1.03076e-01
3.46442e+00	1.02907e-01
3.47958e+00	1.02736e-01
3.49474e+00	1.02563e-01
3.50990e+00	1.02389e-01
3.52506e+00	1.02212e-01
3.54022e+00	1.02033e-01
3.55539e+00	1.01852e-01
3.57055e+00	1.01669e-01
3.58571e+00	1.01483e-01
3.60087e+00	1.01296e-01
3.61603e+00	1.01107e-01
3.63119e+00	1.00915e-01
3.64635e+00	1.00722e-01
3.66152e+00	1.00526e-01
3.67668e+00	1.00328e-01
3.69184e+00	1.00128e-01
3.70700e+00	9.99257e-02
3.72216e+00	9.97214e-02
3.73732e+00	9.95149e-02
3.75249e+00	9.93062e-02
3.76765e+00	9.90953e-02
3.78281e+00	9.88822e-02
3.79797e+00	9.86670e-02
3.81313e+00	9.84495e-02
3.82829e+00	9.82299e-02
3.84345e+00	9.80081e-02
3.85862e+00	9.77840e-02
3.87378e+00	9.75578e-02
3.88894e+00	9.73293e-02
3.90410e+00	9.70986e-02
3.91926e+00	9.68656e-02
3.93442e+00	9.66305e-02
3.94959e+00	9.63931e-02
3.96475e+00	9.61534e-02
3.97991e+00	9.59118e-02
3.99507e+00	9.56675e-02
4.01023e+00	9.54205e-02
4.02539e+00	9.51709e-02
4.04056e+00	9.49186e-02
4.05572e+00	9.46636e-02
4.07088e+00	9.44060e-02
4.08604e+00	9.41456e-02
4.10120e+00	9.38824e-02
4.11636e+00	9.36164e-02
4.13152e+00	9.33476e-02
4.14669e+00	9.30760e-02
4.16185e+00	9.28016e-02
4.17701e+00	9.25244e-02
4.19217e+00	9.22444e-02
4.20733e+00	9.19617e-02
4.22249e+00	9.16761e-02
4.23766e+00	9.13877e-02
4.25282e+00	9.10965e-02
4.26798e+00	9.08026e-02
4.28314e+00	9.05058e-02
4.29830e+00	9.02062e-02
4.31346e+00	8.99039e-02
4.32862e+00	8.95987e-02
4.34379e+00	8.92908e-02
4.35895e+00	8.89801e-02
4.37411e+00	8.86666e-02
4.38927e+00	8.83504e-02
4.40443e+00	8.80314e-02
4.41959e+00	8.77096e-02
4.43476e+00	8.73851e-02
4.44992e+00	8.70579e-02
4.46508e+00	8.67279e-02
4.48024e+00	8.63953e-02
4.49540e+00	8.60599e-02
4.51056e+00	8.57218e-02
4.52573e+00	8.53810e-02
4.54089e+00	8.50376e-02
4.55605e+00	8.46914e-02
4.57121e+00	8.43427e-02
4.58637e+00	8.39913e-02
4.60153e+00	8.36373e-02
4.61669e+00	8.32806e-02
4.63186e+00	8.29214e-02
4.64702e+00	8.25596e-02
4.66218e+00	8.21953e-02
4.67734e+00	8.18284e-02
4.69250e+00	8.14590e-02
4.70766e+00	8.10871e-02
4.72283e+00	8.07127e-02
4.73799e+00	8.03358e-02
4.75315e+00	7.99565e-02
4.76831e+00	7.95748e-02
4.78347e+00	7.91906e-02
4.79863e+00	7.88041e-02
4.81379e+00	7.84152e-02
4.82896e+00	7.80240e-02
4.84412e+00	7.76305e-02
4.85928e+00	7.72346e-02
4.87444e+00	7.68365e-02
4.88960e+00	7.64362e-02
4.90476e+00	7.60337e-02
4.91993e+00	7.56290e-02
4.93509e+00	7.52221e-02
4.95025e+00	7.48131e-02
4.96541e+00	7.44019e-02
4.98057e+00	7.39886e-02
4.99573e+00	7.35732e-02
5.01089e+00	7.31558e-02
5.02606e+00	7.27365e-02
5.04122e+00	7.23149e-02
5.05638e+00	7.18914e-02
5.07154e+00	7.14658e-02
5.08670e+00	7.10382e-02
5.10186e+00	7.06086e-02
5.11703e+00	7.01771e-02
5.13219e+00	6.97437e-02
5.14735e+00	6.93084e-02
5.16251e+00	6.88714e-02
5.17767e+00	6.84325e-02
5.19283e+00	6.79919e-02
5.20800e+00	6.75496e-02
5.22316e+00	6.71056e-02
5.23832e+00	6.66600e-02
5.25348e+00	6.62128e-02
5.26864e+00	6.57641e-02
5.28380e+00	6.53139e-02
5.29896e+00	6.48622e-02
5.31413e+00	6.44092e-02
5.32929e+00	6.39548e-02
5.34445e+00	6.34990e-02
5.35961e+00	6.30420e-02
5.37477e+00	6.25837e-02
5.38993e+00	6.21243e-02
5.40510e+00	6.16637e-02
5.42026e+00	6.12021e-02
5.43542e+00	6.07394e-02
5.45058e+00	6.02757e-02
5.46574e+00	5.98111e-02
5.48090e+00	5.93455e-02
5.49606e+00	5.88792e-02
5.51123e+00	5.84120e-02
5.52639e+00	5.79441e-02
5.54155e+00	5.74755e-02
5.55671e+00	5.70062e-02
5.57187e+00	5.65364e-02
5.58703e+00	5.60660e-02
5.60220e+00	5.55951e-02
5.61736e+00	5.51238e-02
5.63252e+00	5.46521e-02
5.64768e+00	5.41801e-02
5.66284e+00	5.37078e-02
5.67800e+00	5.32352e-02
5.69317e+00	5.27625e-02
5.70833e+00	5.22897e-02
5.72349e+00	5.18168e-02
5.73865e+00	5.13439e-02
5.75381e+00	5.08710e-02
5.76897e+00	5.03983e-02
5.78413e+00	4.99256e-02
5.79930e+00	4.94532e-02
5.81446e+00	4.89811e-02
5.82962e+00	4.85093e-02
5.84478e+00	4.80378e-02
5.85994e+00	4.75668e-02
5.87510e+00	4.70962e-02
5.89027e+00	4.66262e-02
5.90543e+00	4.61567e-02
5.92059e+00	4.56879e-02
5.93575e+00	4.52198e-02
5.95091e+00	4.47525e-02
5.96607e+00	4.42861e-02
5.98123e+00	4.38205e-02
5.99640e+00	4.33560e-02
6.01156e+00	4.28924e-02
6.02672e+00	4.24299e-02
6.04188e+00	4.19684e-02
6.05704e+00	4.15083e-02
6.07220e+00	4.10494e-02
6.08737e+00	4.05920e-02
6.10253e+00	4.01359e-02
6.11769e+00	3.96813e-02
6.13285e+00	3.92282e-02
6.14801e+00	3.87766e-02
6.16317e+00	3.83266e-02
6.17833e+00	3.78783e-02
6.19350e+00	3.74317e-02
6.20866e+00	3.69868e-02
6.22382e+00	3.65437e-02
6.23898e+00	3.61025e-02
6.25414e+00	3.56631e-02
6.26930e+00	3.52256e-02
6.28447e+00	3.47901e-02
6.29963e+00	3.43566e-02
6.31479e+00	3.39252e-02
6.32995e+00	3.34958e-02
6.34511e+00	3.30686e-02
6.36027e+00	3.26436e-02
6.37544e+00	3.22208e-02
6.39060e+00	3.18003e-02
6.40576e+00	3.13820e-02
6.42092e+00	3.09661e-02
6.43608e+00	3.05526e-02
6.45124e+00	3.01415e-02
6.46640e+00	2.97329e-02
6.48157e+00	2.93267e-02
6.49673e+00	2.89231e-02
6.51189e+00	2.85220e-02
6.52705e+00	2.81236e-02
6.54221e+00	2.77277e-02
6.55737e+00	2.73345e-02
6.57254e+00	2.69441e-02
6.58770e+00	2.65563e-02
6.60286e+00	2.61713e-02
6.61802e+00	2.57890e-02
6.63318e+00	2.54096e-02
6.64834e+00	2.50330e-02
6.66350e+00	2.46593e-02
6.67867e+00	2.42884e-02
6.69383e+00	2.39205e-02
6.70899e+00	2.35556e-02
6.72415e+00	2.31936e-02
6.73931e+00	2.28346e-02
6.75447e+00	2.24786e-02
6.76964e+00	2.21256e-02
6.78480e+00	2.17757e-02
6.79996e+00	2.14289e-02
6.81512e+00	2.10852e-02
6.83028e+00	2.07446e-02
6.84544e+00	2.04072e-02
6.86060e+00	2.00729e-02
6.87577e+00	1.97417e-02
6.89093e+00	1.94138e-02
6.90609e+00	1.90890e-02
6.92125e+00	1.87675e-02
6.93641e+00	1.84491e-02
6.95157e+00	1.81340e-02
6.96674e+00	1.78223e-02
6.98190e+00	1.75140e-02
6.99706e+00	1.72091e-02
7.01222e+00	1.69076e-02
7.02738e+00	1.66094e-02
7.04254e+00	1.63147e-02
7.05771e+00	1.60233e-02
7.07287e+00	1.57353e-02
7.08803e+00	1.54506e-02
7.10319e+00	1.51695e-02
7.11835e+00	1.48918e-02
7.13351e+00	1.46176e-02
7.14867e+00	1.43469e-02
7.16384e+00	1.40795e-02
7.17900e+00	1.38156e-02
7.19416e+00	1.35551e-02
7.20932e+00	1.32980e-02
7.22448e+00	1.30443e-02
7.23964e+00	1.27940e-02
7.25481e+00	1.25470e-02
7.26997e+00	1.23034e-02
7.28513e+00	1.20632e-02
7.30029e+00	1.18262e-02
7.31545e+00	1.15926e-02
7.33061e+00	1.13622e-02
7.34577e+00	1.11351e-02
7.36094e+00	1.09113e-02
7.37610e+00	1.06907e-02
7.39126e+00	1.04733e-02
7.40642e+00	1.02592e-02
7.42158e+00	1.00482e-02
7.43674e+00	9.84033e-03
7.45191e+00	9.63564e-03
7.46707e+00	9.43407e-03
7.48223e+00	9.23561e-03
7.49739e+00	9.04021e-03
7.51255e+00	8.84788e-03
7.52771e+00	8.65858e-03
7.54288e+00	8.47228e-03
7.55804e+00	8.28898e-03
7.57320e+00	8.10864e-03
7.58836e+00	7.93125e-03
7.60352e+00	7.75677e-03
7.61868e+00	7.58518e-03
7.63384e+00	7.41646e-03
7.64901e+00	7.25058e-03
7.66417e+00	7.08752e-03
7.67933e+00	6.92725e-03
7.69449e+00	6.76975e-03
7.70965e+00	6.61499e-03
7.72481e+00	6.46293e-03
7.73998e+00	6.31357e-03
7.75514e+00	6.16686e-03
7.77030e+00	6.02279e-03
7.78546e+00	5.88132e-03
7.80062e+00	5.74243e-03
7.81578e+00	5.60609e-03
7.83094e+00	5.47227e-03
7.84611e+00	5.34095e-03
7.86127e+00	5.21209e-03
7.87643e+00	5.08567e-03
7.89159e+00	4.96167e-03
7.90675e+00	4.84004e-03
7.92191e+00	4.72076e-03
7.93708e+00	4.60381e-03
7.95224e+00	4.48916e-03
7.96740e+00	4.37677e-03
7.98256e+00	4.26662e-03
7.99772e+00	4.15868e-03
8.01288e+00	4.05293e-03
8.02804e+00	3.94932e-03
8.04321e+00	3.84784e-03
8.05837e+00	3.74845e-03
8.07353e+00	3.65113e-03
8.08869e+00	3.55584e-03
8.10385e+00	3.46256e-03
8.11901e+00	3.37126e-03
8.13418e+00	3.28192e-03
8.14934e+00	3.19449e-03
8.16450e+00	3.10896e-03
8.17966e+00	3.02530e-03
8.19482e+00	2.94347e-03
8.20998e+00	2.86345e-03
8.22515e+00	2.78521e-03
8.24031e+00	2.70873e-03
8.25547e+00	2.63397e-03
8.27063e+00	2.56091e-03
8.28579e+00	2.48952e-03
8.30095e+00	2.41977e-03
8.31611e+00	2.35163e-03
8.33128e+00	2.28509e-03
8.34644e+00	2.22010e-03
8.36160e+00	2.15665e-03
8.37676e+00	2.09471e-03
8.39192e+00	2.03425e-03
8.40708e+00	1.97524e-03
8.42225e+00	1.91766e-03
8.43741e+00	1.86149e-03
8.45257e+00	1.80670e-03
8.46773e+00	1.75326e-03
8.48289e+00	1.70114e-03
8.49805e+00	1.65033e-03
8.51321e+00	1.60080e-03
8.52838e+00	1.55252e-03
8.54354e+00	1.50547e-03
8.55870e+00	1.45962e-03
8.57386e+00	1.41496e-03
8.58902e+00	1.37146e-03
8.60418e+00	1.32909e-03
8.61935e+00	1.28783e-03
8.63451e+00	1.24767e-03
8.64967e+00	1.20857e-03
8.66483e+00	1.17051e-03
8.67999e+00	1.13348e-03
8.69515e+00	1.09745e-03
8.71032e+00	1.06240e-03
8.72548e+00	1.02832e-03
8.74064e+00	9.95165e-04
8.75580e+00	9.62933e-04
8.77096e+00	9.31599e-04
8.78612e+00	9.01142e-04
8.80128e+00	8.71544e-04
8.81645e+00	8.42785e-04
8.83161e+00	8.14845e-04
8.84677e+00	7.87707e-04
8.86193e+00	7.61351e-04
8.87709e+00	7.35759e-04
8.89225e+00	7.10914e-04
8.90742e+00	6.86798e-04
8.92258e+00	6.63393e-04
8.93774e+00	6.40680e-04
8.95290e+00	6.18647e-04
8.96806e+00	5.97279e-04
8.98322e+00	5.76558e-04
8.99838e+00	5.56469e-04
9.01355e+00	5.36995e-04
9.02871e+00	5.18120e-04
9.04387e+00	4.99829e-04
9.05903e+00	4.82107e-04
9.07419e+00	4.64940e-04
9.08935e+00	4.48312e-04
9.10452e+00	4.32209e-04
9.11968e+00	4.16618e-04
9.13484e+00	4.01524e-04
9.15000e+00	3.86915e-04
9.16516e+00	3.72777e-04
9.18032e+00	3.59098e-04
9.19548e+00	3.45864e-04
9.21065e+00	3.33063e-04
9.22581e+00	3.20684e-04
9.24097e+00	3.08714e-04
9.25613e+00	2.97142e-04
9.27129e+00	2.85957e-04
9.28645e+00	2.75148e-04
9.30162e+00	2.64703e-04
9.31678e+00	2.54613e-04
9.33194e+00	2.44867e-04
9.34710e+00	2.35455e-04
9.36226e+00	2.26367e-04
9.37742e+00	2.17594e-04
9.39259e+00	2.09126e-04
9.40775e+00	2.00953e-04
9.42291e+00	1.93068e-04
9.43807e+00	1.85461e-04
9.45323e+00	1.78124e-04
9.46839e+00	1.71048e-04
9.48355e+00	1.64225e-04
9.49872e+00	1.57648e-04
9.51388e+00	1.51308e-04
9.52904e+00	1.45199e-04
9.54420e+00	1.39312e-04
9.55936e+00	1.33641e-04
9.57452e+00	1.28179e-04
9.58969e+00	1.22919e-04
9.60485e+00	1.17854e-04
9.62001e+00	1.12979e-04
9.63517e+00	1.08287e-04
9.65033e+00	1.03770e-04
9.66549e+00	9.94258e-05
9.68065e+00	9.52471e-05
9.69582e+00	9.12284e-05
9.71098e+00	8.73643e-05
9.72614e+00	8.36496e-05
9.74130e+00	8.00791e-05
9.75646e+00	7.66478e-05
9.77162e+00	7.33508e-05
9.78679e+00	7.01836e-05
9.80195e+00	6.71414e-05
9.81711e+00	6.42200e-05
9.83227e+00	6.14149e-05
9.84743e+00	5.87221e-05
9.86259e+00	5.61376e-05
9.87776e+00	5.36573e-05
9.89292e+00	5.12776e-05
9.90808e+00	4.89947e-05
9.92324e+00	4.68052e-05
9.93840e+00	4.47055e-05
9.95356e+00	4.26924e-05
9.96872e+00	4.07627e-05
9.98389e+00	3.89132e-05
9.99905e+00	3.71410e-05
1.00142e+01	3.54437e-05
1.00294e+01	3.38152e-05
1.00445e+01	3.22596e-05
1.00597e+01	3.07717e-05
1.00749e+01	2.93490e-05
1.00900e+01	2.79888e-05
1.01052e+01	2.66884e-05
1.01203e+01	2.54455e-05
1.01355e+01	2.42575e-05
1.01507e+01	2.31223e-05
1.01658e+01	2.20375e-05
1.01810e+01	2.10010e-05
1.01961e+01	2.00109e-05
1.02113e+01	1.90652e-05
1.02265e+01	1.81619e-05
1.02416e+01	1.72992e-05
1.02568e+01	1.64756e-05
1.02720e+01	1.56891e-05
1.02871e+01	1.49384e-05
1.03023e+01	1.42217e-05
1.03174e+01	1.35377e-05
1.03326e+01	1.28850e-05
1.03478e+01	1.22622e-05
1.03629e+01	1.16679e-05
1.03781e+01	1.11010e-05
1.03932e+01	1.05603e-05
1.04084e+01	1.00446e-05
1.04236e+01	9.55275e-06
1.04387e+01	9.08377e-06
1.04539e+01	8.63665e-06
1.04691e+01	8.21040e-06
1.04842e+01	7.80411e-06
1.04994e+01	7.41687e-06
1.05145e+01	7.04786e-06
1.05297e+01	6.69624e-06
1.05449e+01	6.36123e-06
1.05600e+01	6.04210e-06
1.05752e+01	5.73813e-06
1.05903e+01	5.44869e-06
1.06055e+01	5.17292e-06
1.06207e+01	4.91032e-06
1.06358e+01	4.66080e-06
1.06510e+01	4.42352e-06
1.06662e+01	4.19792e-06
1.06813e+01	3.98344e-06
1.06965e+01	3.77953e-06
1.07116e+01	3.58569e-06
1.07268e+01	3.40142e-06
1.07420e+01	3.22627e-06
1.07571e+01	3.05979e-06
1.07723e+01	2.90156e-06
1.07874e+01	2.75119e-06
1.08026e+01	2.60828e-06
1.08178e+01	2.47248e-06
1.08329e+01	2.34344e-06
1.08481e+01	2.22082e-06
1.08633e+01	2.10432e-06
1.08784e+01	1.99364e-06
1.08936e+01	1.88849e-06
1.09087e+01	1.78860e-06
1.09239e+01	1.69372e-06
1.09391e+01	1.60359e-06
1.09542e+01	1.51798e-06
1.09694e+01	1.43668e-06
1.09845e+01	1.35946e-06
1.09997e+01	1.28613e-06
1.10149e+01	1.21650e-06
1.10300e+01	1.15038e-06
1.10452e+01	1.08760e-06
1.10604e+01	1.02800e-06
1.10755e+01	9.71410e-07
1.10907e+01	9.17690e-07
1.11058e+01	8.66695e-07
1.11210e+01	8.18290e-07
1.11362e+01	7.72346e-07
1.11513e+01	7.28741e-07
1.11665e+01	6.87358e-07
1.11816e+01	6.48085e-07
1.11968e+01	6.10819e-07
1.12120e+01	5.75458e-07
1.12271e+01	5.41907e-07
1.12423e+01	5.10076e-07
1.12575e+01	4.79878e-07
1.12726e+01	4.51231e-07
1.12878e+01	4.24058e-07
1.13029e+01	3.98284e-07
1.13181e+01	3.73840e-07
1.13333e+01	3.50657e-07
1.13484e+01	3.28672e-07
1.13636e+01	3.07826e-07
1.13787e+01	2.88060e-07
1.13939e+01	2.69319e-07
1.14091e+01	2.51553e-07
1.14242e+01	2.34711e-07
1.14394e+01	2.18746e-07
1.14546e+01	2.03615e-07
1.14697e+01	1.89274e-07
1.14849e+01	1.75684e-07
1.15000e+01	1.62806e-07
1.15152e+01	1.50604e-07
1.15304e+01	1.39043e-07
1.15455e+01	1.28092e-07
1.15607e+01	1.17717e-07
1.15758e+01	1.07922e-07
1.15910e+01	9.87073e-08
1.16062e+01	9.00692e-08
1.16213e+01	8.20011e-08
1.16365e+01	7.44946e-08
1.16517e+01	6.75755e-08
1.16668e+01	6.12517e-08
1.16820e+01	5.55012e-08
1.16971e+01	5.02722e-08
1.17123e+01	4.55094e-08
1.17275e+01	4.11589e-08
1.17426e+01	3.71755e-08
1.17578e+01	3.35265e-08
1.17729e+01	3.01905e-08
1.17881e+01	2.71473e-08
1.18033e+01	2.43740e-08
1.18184e+01	2.18482e-08
1.18336e+01	1.95531e-08
1.18488e+01	1.74937e-08
1.18639e+01	1.56758e-08
1.18791e+01	1.40702e-08
1.18942e+01	1.26403e-08
1.19094e+01	1.13595e-08
1.19246e+01	1.02089e-08
1.19397e+01	9.17339e-09
1.19549e+01	8.24001e-09
1.19701e+01	7.39808e-09
1.19852e+01	6.63847e-09
1.20004e+01	5.95310e-09
1.20155e+01	5.33479e-09
1.20307e+01	4.77719e-09
1.20459e+01	4.27457e-09
1.20610e+01	3.82175e-09
1.20762e+01	3.41399e-09
1.20913e+01	3.04700e-09
1.21065e+01	2.71685e-09
1.21217e+01	2.42007e-09
1.21368e+01	2.15350e-09
1.21520e+01	1.91429e-09
1.21672e+01	1.69983e-09
1.21823e+01	1.50774e-09
1.21975e+01	1.33583e-09
1.22126e+01	1.18212e-09
1.22278e+01	1.04488e-09
1.22430e+01	9.22496e-10
1.22581e+01	8.13534e-10
1.22733e+01	7.16663e-10
1.22884e+01	6.30667e-10
1.23036e+01	5.54432e-10
1.23188e+01	4.86948e-10
1.23339e+01	4.27266e-10
1.23491e+01	3.74535e-10
1.23643e+01	3.27987e-10
1.23794e+01	2.86937e-10
1.23946e+01	2.50766e-10
1.24097e+01	2.18922e-10
1.24249e+01	1.90920e-10
1.24401e+01	1.66325e-10
1.24552e+01	1.44748e-10
1.24704e+01	1.25841e-10
1.24855e+01	1.09295e-10
1.25007e+01	9.48303e-11
1.25159e+01	8.22013e-11
1.25310e+01	7.11877e-11
1.25462e+01	6.15951e-11
1.25614e+01	5.32475e-11
1.25765e+01	4.59944e-11
1.25917e+01	3.97035e-11
1.26068e+01	3.42520e-11
1.26220e+01	2.95328e-11
1.26372e+01	2.54510e-11
1.26523e+01	2.19232e-11
1.26675e+01	1.88765e-11
1.26826e+01	1.62476e-11
1.26978e+01	1.39809e-11
1.27130e+01	1.20279e-11
1.27281e+01	1.03459e-11
1.27433e+01	8.89820e-12
1.27585e+01	7.65253e-12
1.27736e+01	6.58117e-12
1.27888e+01	5.66015e-12
1.28039e+01	4.86879e-12
1.28191e+01	4.18902e-12
1.28343e+01	3.60499e-12
1.28494e+01	3.10306e-12
1.28646e+01	2.67120e-12
1.28797e+01	2.29900e-12
1.28949e+01	1.97762e-12
1.29101e+01	1.69991e-12
1.29252e+01	1.46042e-12
1.29404e+01	1.25419e-12
1.29556e+01	1.07605e-12
1.29707e+01	9.21447e-13
1.29859e+01	7.87062e-13
1.30010e+01	6.70295e-13
1.30162e+01	5.69035e-13
1.30314e+01	4.82521e-13
1.30465e+01	4.09892e-13
1.30617e+01	3.49792e-13
1.30768e+01	2.99844e-13
1.30920e+01	2.57879e-13
1.31072e+01	2.22293e-13
1.31223e+01	1.91829e-13
1.31375e+01	1.65504e-13
1.31527e+01	1.42657e-13
1.31678e+01	1.22874e-13
1.31830e+01	1.05816e-13
1.31981e+01	9.12040e-14
1.32133e+01	7.87599e-14
1.32285e+01	6.81436e-14
1.32436e+01	5.90241e-14
1.32588e+01	5.11698e-14
1.32739e+01	4.43859e-14
1.32891e+01	3.85161e-14
1.33043e+01	3.34234e-14
1.33194e+01	2.89966e-14
1.33346e+01	2.51427e-14
1.33498e+01	2.17843e-14
1.33649e+01	1.88556e-14
1.33801e+01	1.63016e-14
1.33952e+01	1.40759e-14
1.34104e+01	1.21382e-14
1.34256e+01	1.04531e-14
1.34407e+01	8.99010e-15
1.34559e+01	7.72285e-15
1.34710e+01	6.62862e-15
1.34862e+01	5.68605e-15
1.35014e+01	4.87440e-15
1.35165e+01	4.17522e-15
1.35317e+01	3.57315e-15
1.35469e+01	3.05522e-15
1.35620e+01	2.61009e-15
1.35772e+01	2.22789e-15
1.35923e+01	1.90004e-15
1.36075e+01	1.61910e-15
1.36227e+01	1.37856e-15
1.36378e+01	1.17279e-15
1.36530e+01	9.96908e-16
1.36681e+01	8.46703e-16
1.36833e+01	7.18532e-16
1.36985e+01	6.09252e-16
1.37136e+01	5.16159e-16
1.37288e+01	4.36918e-16
1.37440e+01	3.69524e-16
1.37591e+01	3.12251e-16
1.37743e+01	2.63619e-16
1.37894e+01	2.22357e-16
1.38046e+01	1.87374e-16
1.38198e+01	1.57740e-16
1.38349e+01	1.32657e-16
1.38501e+01	1.11445e-16
1.38652e+01	9.35190e-17
1.38804e+01	7.83842e-17
1.38956e+01	6.56206e-17
1.39107e+01	5.48689e-17
1.39259e+01	4.58229e-17
1.39411e+01	3.82219e-17
1.39562e+01	3.18432e-17
1.39714e+01	2.64972e-17
1.39865e+01	2.20217e-17
1.40017e+01	1.82797e-17
1.40169e+01	1.51555e-17
1.40320e+01	1.25505e-17
1.40472e+01	1.03809e-17
1.40623e+01	8.57624e-18
1.40775e+01	7.07692e-18
1.40927e+01	5.83280e-18
1.41078e+01	4.80173e-18
1.41230e+01	3.94830e-18
1.41382e+01	3.24277e-18
1.41533e+01	2.66022e-18
1.41685e+01	2.17979e-18
1.41836e+01	1.78404e-18
1.41988e+01	1.45844e-18
1.42140e+01	1.19086e-18
1.42291e+01	9.71198e-19
1.42443e+01	7.91099e-19
1.42594e+01	6.43619e-19
1.42746e+01	5.23004e-19
1.42898e+01	4.24485e-19
1.43049e+01	3.44117e-19
1.43201e+01	2.78639e-19
1.43353e+01	2.25357e-19
1.43504e+01	1.82053e-19
1.43656e+01	1.46902e-19
1.43807e+01	1.18402e-19
1.43959e+01	9.53237e-20
1.44111e+01	7.66571e-20
1.44262e+01	6.15771e-20
1.44414e+01	4.94087e-20
1.44565e+01	3.96013e-20
1.44717e+01	3.17060e-20
1.44869e+01	2.53572e-20
1.45020e+01	2.02579e-20
1.45172e+01	1.61666e-20
1.45324e+01	1.28880e-20
1.45475e+01	1.02634e-20
1.45627e+01	8.16470e-21
1.45778e+01	6.48841e-21
1.45930e+01	5.15094e-21
1.46082e+01	4.08496e-21
1.46233e+01	3.23627e-21
1.46385e+01	2.56129e-21
1.46536e+01	2.02505e-21
1.46688e+01	1.59946e-21
1.46840e+01	1.26206e-21
1.46991e+01	9.94845e-22
1.47143e+01	7.83435e-22
1.47295e+01	6.16346e-22
1.47446e+01	4.84420e-22
1.47598e+01	3.80363e-22
1.47749e+01	2.98370e-22
1.47901e+01	2.33826e-22
1.48053e+01	1.83069e-22
1.48204e+01	1.43193e-22
1.48356e+01	1.11897e-22
1.48507e+01	8.73576e-23
1.48659e+01	6.81356e-23
1.48811e+01	5.30930e-23
1.48962e+01	4.13320e-23
1.49114e+01	3.21454e-23
1.49266e+01	2.49761e-23
1.49417e+01	1.93862e-23
1.49569e+01	1.50313e-23
1.49720e+01	1.16413e-23
1.49872e+01	9.00403e-24
1.50024e+01	6.95327e-24
1.50175e+01	5.35873e-24
1.50327e+01	4.11830e-24
1.50478e+01	3.15208e-24
1.50630e+01	2.39759e-24
1.50782e+01	1.80590e-24
1.50933e+01	1.33862e-24
1.51085e+01	9.65485e-25
1.51237e+01	6.62488e-25
1.51388e+01	4.10360e-25
1.51540e+01	1.93010e-25
