# The ell = 0 distribution, the isotropy.
# E_N [Td]	1.00000e+01
# col_1: Electron Energy [eV], col_2: f0 [eV^(-3/2)]
eV	f0
1.01171e-02	7.52135e-02
3.03513e-02	7.51180e-02
5.05855e-02	7.50211e-02
7.08197e-02	7.49388e-02
9.10539e-02	7.48756e-02
1.11288e-01	7.48300e-02
1.31522e-01	7.47985e-02
1.51756e-01	7.47769e-02
1.71991e-01	7.47620e-02
1.92225e-01	7.47513e-02
2.12459e-01	7.47431e-02
2.32693e-01	7.47359e-02
2.52927e-01	7.47290e-02
2.73162e-01	7.47217e-02
2.93396e-01	7.47134e-02
3.13630e-01	7.47036e-02
3.33864e-01	7.46923e-02
3.54098e-01	7.46792e-02
3.74333e-01	7.46643e-02
3.94567e-01	7.46476e-02
4.14801e-01	7.46289e-02
4.35035e-01	7.46083e-02
4.55269e-01	7.45858e-02
4.75504e-01	7.45613e-02
4.95738e-01	7.45350e-02
5.15972e-01	7.45069e-02
5.36206e-01	7.44769e-02
5.56440e-01	7.44450e-02
5.76675e-01	7.44115e-02
5.96909e-01	7.43761e-02
6.17143e-01	7.43391e-02
6.37377e-01	7.43003e-02
6.57611e-01	7.42598e-02
6.77846e-01	7.42177e-02
6.98080e-01	7.41739e-02
7.18314e-01	7.41284e-02
7.38548e-01	7.40813e-02
7.58782e-01	7.40326e-02
7.79017e-01	7.39823e-02
7.99251e-01	7.39304e-02
8.19485e-01	7.38770e-02
8.39719e-01	7.38220e-02
8.59953e-01	7.37655e-02
8.80188e-01	7.37074e-02
9.00422e-01	7.36478e-02
9.20656e-01	7.35867e-02
9.40890e-01	7.35241e-02
9.61124e-01	7.34600e-02
9.81359e-01	7.33944e-02
1.00159e+00	7.33273e-02
1.02183e+00	7.32592e-02
1.04206e+00	7.31901e-02
1.06230e+00	7.31201e-02
1.08253e+00	7.30494e-02
1.10276e+00	7.29778e-02
1.12300e+00	7.29054e-02
1.14323e+00	7.28324e-02
1.16347e+00	7.27586e-02
1.18370e+00	7.26841e-02
1.20393e+00	7.26090e-02
1.22417e+00	7.25332e-02
1.24440e+00	7.24569e-02
1.26464e+00	7.23800e-02
1.28487e+00	7.23025e-02
1.30511e+00	7.22247e-02
1.32534e+00	7.21463e-02
1.34557e+00	7.20676e-02
1.36581e+00	7.19884e-02
1.38604e+00	7.19089e-02
1.40628e+00	7.18290e-02
1.42651e+00	7.17488e-02
1.44675e+00	7.16683e-02
1.46698e+00	7.15874e-02
1.48721e+00	7.15062e-02
1.50745e+00	7.14246e-02
1.52768e+00	7.13427e-02
1.54792e+00	7.12603e-02
1.56815e+00	7.11776e-02
1.58838e+00	7.10947e-02
1.60862e+00	7.10115e-02
1.62885e+00	7.09280e-02
1.64909e+00	7.08442e-02
1.66932e+00	7.07603e-02
1.68956e+00	7.06761e-02
1.70979e+00	7.05918e-02
1.73002e+00	7.05073e-02
1.75026e+00	7.04227e-02
1.77049e+00	7.03380e-02
1.79073e+00	7.02533e-02
1.81096e+00	7.01685e-02
1.83119e+00	7.00836e-02
1.85143e+00	6.99986e-02
1.87166e+00	6.99136e-02
1.89190e+00	6.98284e-02
1.91213e+00	6.97432e-02
1.93237e+00	6.96580e-02
1.95260e+00	6.95726e-02
1.97283e+00	6.94872e-02
1.99307e+00	6.94016e-02
2.01330e+00	6.93160e-02
2.03354e+00	6.92302e-02
2.05377e+00	6.91442e-02
2.07401e+00	6.90580e-02
2.09424e+00	6.89716e-02
2.11447e+00	6.88850e-02
2.13471e+00	6.87982e-02
2.15494e+00	6.87112e-02
2.17518e+00	6.86240e-02
2.19541e+00	6.85366e-02
2.21564e+00	6.84491e-02
2.23588e+00	6.83613e-02
2.25611e+00	6.82734e-02
2.27635e+00	6.81853e-02
2.29658e+00	6.80970e-02
2.31682e+00	6.80086e-02
2.33705e+00	6.79200e-02
2.35728e+00	6.78312e-02
2.37752e+00	6.77423e-02
2.39775e+00	6.76531e-02
2.41799e+00	6.75639e-02
2.43822e+00	6.74744e-02
2.45846e+00	6.73848e-02
2.47869e+00	6.72951e-02
2.49892e+00	6.72051e-02
2.51916e+00	6.71150e-02
2.53939e+00	6.70247e-02
2.55963e+00	6.69343e-02
2.57986e+00	6.68436e-02
2.60009e+00	6.67527e-02
2.62033e+00	6.66616e-02
2.64056e+00	6.65704e-02
2.66080e+00	6.64789e-02
2.68103e+00	6.63873e-02
2.70127e+00	6.62955e-02
2.72150e+00	6.62035e-02
2.74173e+00	6.61113e-02
2.76197e+00	6.60189e-02
2.78220e+00	6.59263e-02
2.80244e+00	6.58336e-02
2.82267e+00	6.57407e-02
2.84290e+00	6.56476e-02
2.86314e+00	6.55543e-02
2.88337e+00	6.54608e-02
2.90361e+00	6.53671e-02
2.92384e+00	6.52733e-02
2.94408e+00	6.51793e-02
2.96431e+00	6.50851e-02
2.98454e+00	6.49907e-02
3.00478e+00	6.48961e-02
3.02501e+00	6.48014e-02
3.04525e+00	6.47065e-02
3.06548e+00	6.46115e-02
3.08572e+00	6.45162e-02
3.10595e+00	6.44208e-02
3.12618e+00	6.43253e-02
3.14642e+00	6.42296e-02
3.16665e+00	6.41337e-02
3.18689e+00	6.40377e-02
3.20712e+00	6.39415e-02
3.22735e+00	6.38451e-02
3.24759e+00	6.37485e-02
3.26782e+00	6.36518e-02
3.28806e+00	6.35549e-02
3.30829e+00	6.34579e-02
3.32853e+00	6.33607e-02
3.34876e+00	6.32633e-02
3.36899e+00	6.31657e-02
3.38923e+00	6.30680e-02
3.40946e+00	6.29700e-02
3.42970e+00	6.28720e-02
3.44993e+00	6.27737e-02
3.47016e+00	6.26753e-02
3.49040e+00	6.25766e-02
3.51063e+00	6.24778e-02
3.53087e+00	6.23789e-02
3.55110e+00	6.22797e-02
3.57134e+00	6.21804e-02
3.59157e+00	6.20809e-02
3.61180e+00	6.19812e-02
3.63204e+00	6.18813e-02
3.65227e+00	6.17812e-02
3.67251e+00	6.16809e-02
3.69274e+00	6.15805e-02
3.71298e+00	6.14799e-02
3.73321e+00	6.13790e-02
3.75344e+00	6.12780e-02
3.77368e+00	6.11768e-02
3.79391e+00	6.10754e-02
3.81415e+00	6.09738e-02
3.83438e+00	6.08721e-02
3.85461e+00	6.07701e-02
3.87485e+00	6.06679e-02
3.89508e+00	6.05655e-02
3.91532e+00	6.04630e-02
3.93555e+00	6.03602e-02
3.95579e+00	6.02572e-02
3.97602e+00	6.01541e-02
3.99625e+00	6.00507e-02
4.01649e+00	5.99469e-02
4.03672e+00	5.98428e-02
4.05696e+00	5.97384e-02
4.07719e+00	5.96337e-02
4.09743e+00	5.95285e-02
4.11766e+00	5.94230e-02
4.13789e+00	5.93172e-02
4.15813e+00	5.92109e-02
4.17836e+00	5.91043e-02
4.19860e+00	5.89973e-02
4.21883e+00	5.88899e-02
4.23906e+00	5.87822e-02
4.25930e+00	5.86741e-02
4.27953e+00	5.85656e-02
4.29977e+00	5.84567e-02
4.32000e+00	5.83474e-02
4.34024e+00	5.82378e-02
4.36047e+00	5.81278e-02
4.38070e+00	5.80174e-02
4.40094e+00	5.79066e-02
4.42117e+00	5.77954e-02
4.44141e+00	5.76839e-02
4.46164e+00	5.75720e-02
4.48187e+00	5.74597e-02
4.50211e+00	5.73470e-02
4.52234e+00	5.72339e-02
4.54258e+00	5.71204e-02
4.56281e+00	5.70065e-02
4.58305e+00	5.68923e-02
4.60328e+00	5.67776e-02
4.62351e+00	5.66626e-02
4.64375e+00	5.65472e-02
4.66398e+00	5.64314e-02
4.68422e+00	5.63152e-02
4.70445e+00	5.61986e-02
4.72469e+00	5.60816e-02
4.74492e+00	5.59642e-02
4.76515e+00	5.58464e-02
4.78539e+00	5.57282e-02
4.80562e+00	5.56097e-02
4.82586e+00	5.54907e-02
4.84609e+00	5.53713e-02
4.86632e+00	5.52515e-02
4.88656e+00	5.51313e-02
4.90679e+00	5.50108e-02
4.92703e+00	5.48898e-02
4.94726e+00	5.47684e-02
4.96750e+00	5.46466e-02
4.98773e+00	5.45243e-02
5.00796e+00	5.44017e-02
5.02820e+00	5.42786e-02
5.04843e+00	5.41552e-02
5.06867e+00	5.40312e-02
5.08890e+00	5.39068e-02
5.10914e+00	5.37820e-02
5.12937e+00	5.36567e-02
5.14960e+00	5.35309e-02
5.16984e+00	5.34048e-02
5.19007e+00	5.32781e-02
5.21031e+00	5.31510e-02
5.23054e+00	5.30235e-02
5.25077e+00	5.28955e-02
5.27101e+00	5.27670e-02
5.29124e+00	5.26381e-02
5.31148e+00	5.25087e-02
5.33171e+00	5.23789e-02
5.35195e+00	5.22486e-02
5.37218e+00	5.21178e-02
5.39241e+00	5.19866e-02
5.41265e+00	5.18550e-02
5.43288e+00	5.17229e-02
5.45312e+00	5.15903e-02
5.47335e+00	5.14572e-02
5.49358e+00	5.13237e-02
5.51382e+00	5.11898e-02
5.53405e+00	5.10553e-02
5.55429e+00	5.09204e-02
5.57452e+00	5.07851e-02
5.59476e+00	5.06493e-02
5.61499e+00	5.05130e-02
5.63522e+00	5.03763e-02
5.65546e+00	5.02390e-02
5.67569e+00	5.01014e-02
5.69593e+00	4.99632e-02
5.71616e+00	4.98246e-02
5.73640e+00	4.96856e-02
5.75663e+00	4.95460e-02
5.77686e+00	4.94060e-02
5.79710e+00	4.92656e-02
5.81733e+00	4.91247e-02
5.83757e+00	4.89833e-02
5.85780e+00	4.88414e-02
5.87803e+00	4.86991e-02
5.89827e+00	4.85563e-02
5.91850e+00	4.84130e-02
5.93874e+00	4.82693e-02
5.95897e+00	4.81251e-02
5.97921e+00	4.79805e-02
5.99944e+00	4.78354e-02
6.01967e+00	4.76899e-02
6.03991e+00	4.75439e-02
6.06014e+00	4.73975e-02
6.08038e+00	4.72506e-02
6.10061e+00	4.71033e-02
6.12084e+00	4.69556e-02
6.14108e+00	4.68075e-02
6.16131e+00	4.66590e-02
6.18155e+00	4.65100e-02
6.20178e+00	4.63606e-02
6.22202e+00	4.62108e-02
6.24225e+00	4.60605e-02
6.26248e+00	4.59098e-02
6.28272e+00	4.57587e-02
6.30295e+00	4.56072e-02
6.32319e+00	4.54553e-02
6.34342e+00	4.53029e-02
6.36366e+00	4.51502e-02
6.38389e+00	4.49970e-02
6.40412e+00	4.48434e-02
6.42436e+00	4.46893e-02
6.44459e+00	4.45349e-02
6.46483e+00	4.43800e-02
6.48506e+00	4.42248e-02
6.50529e+00	4.40691e-02
6.52553e+00	4.39130e-02
6.54576e+00	4.37565e-02
6.56600e+00	4.35995e-02
6.58623e+00	4.34422e-02
6.60647e+00	4.32845e-02
6.62670e+00	4.31263e-02
6.64693e+00	4.29678e-02
6.66717e+00	4.28088e-02
6.68740e+00	4.26494e-02
6.70764e+00	4.24896e-02
6.72787e+00	4.23295e-02
6.74811e+00	4.21689e-02
6.76834e+00	4.20079e-02
6.78857e+00	4.18466e-02
6.80881e+00	4.16848e-02
6.82904e+00	4.15226e-02
6.84928e+00	4.13601e-02
6.86951e+00	4.11972e-02
6.88974e+00	4.10338e-02
6.90998e+00	4.08701e-02
6.93021e+00	4.07060e-02
6.95045e+00	4.05415e-02
6.97068e+00	4.03767e-02
6.99092e+00	4.02116e-02
7.01115e+00	4.00462e-02
7.03138e+00	3.98805e-02
7.05162e+00	3.97145e-02
7.07185e+00	3.95481e-02
7.09209e+00	3.93815e-02
7.11232e+00	3.92146e-02
7.13255e+00	3.90475e-02
7.15279e+00	3.88801e-02
7.17302e+00	3.87125e-02
7.19326e+00	3.85447e-02
7.21349e+00	3.83766e-02
7.23373e+00	3.82083e-02
7.25396e+00	3.80397e-02
7.27419e+00	3.78709e-02
7.29443e+00	3.77019e-02
7.31466e+00	3.75326e-02
7.33490e+00	3.73632e-02
7.35513e+00	3.71935e-02
7.37537e+00	3.70235e-02
7.39560e+00	3.68534e-02
7.41583e+00	3.66831e-02
7.43607e+00	3.65125e-02
7.45630e+00	3.63417e-02
7.47654e+00	3.61707e-02
7.49677e+00	3.59995e-02
7.51700e+00	3.58281e-02
7.53724e+00	3.56565e-02
7.55747e+00	3.54847e-02
7.57771e+00	3.53127e-02
7.59794e+00	3.51405e-02
7.61818e+00	3.49682e-02
7.63841e+00	3.47956e-02
7.65864e+00	3.46228e-02
7.67888e+00	3.44499e-02
7.69911e+00	3.42768e-02
7.71935e+00	3.41035e-02
7.73958e+00	3.39301e-02
7.75981e+00	3.37564e-02
7.78005e+00	3.35826e-02
7.80028e+00	3.34087e-02
7.82052e+00	3.32346e-02
7.84075e+00	3.30603e-02
7.86099e+00	3.28859e-02
7.88122e+00	3.27113e-02
7.90145e+00	3.25365e-02
7.92169e+00	3.23617e-02
7.94192e+00	3.21867e-02
7.96216e+00	3.20115e-02
7.98239e+00	3.18362e-02
8.00263e+00	3.16608e-02
8.02286e+00	3.14853e-02
8.04309e+00	3.13096e-02
8.06333e+00	3.11338e-02
8.08356e+00	3.09579e-02
8.10380e+00	3.07819e-02
8.12403e+00	3.06058e-02
8.14426e+00	3.04296e-02
8.16450e+00	3.02533e-02
8.18473e+00	3.00769e-02
8.20497e+00	2.99004e-02
8.22520e+00	2.97238e-02
8.24544e+00	2.95471e-02
8.26567e+00	2.93703e-02
8.28590e+00	2.91935e-02
8.30614e+00	2.90165e-02
8.32637e+00	2.88396e-02
8.34661e+00	2.86625e-02
8.36684e+00	2.84854e-02
8.38708e+00	2.83082e-02
8.40731e+00	2.81310e-02
8.42754e+00	2.79537e-02
8.44778e+00	2.77764e-02
8.46801e+00	2.75991e-02
8.48825e+00	2.74217e-02
8.50848e+00	2.72443e-02
8.52871e+00	2.70668e-02
8.54895e+00	2.68893e-02
8.56918e+00	2.67119e-02
8.58942e+00	2.65343e-02
8.60965e+00	2.63568e-02
8.62989e+00	2.61793e-02
8.65012e+00	2.60018e-02
8.67035e+00	2.58243e-02
8.69059e+00	2.56468e-02
8.71082e+00	2.54693e-02
8.73106e+00	2.52919e-02
8.75129e+00	2.51144e-02
8.77152e+00	2.49370e-02
8.79176e+00	2.47596e-02
8.81199e+00	2.45823e-02
8.83223e+00	2.44050e-02
8.85246e+00	2.42277e-02
8.87270e+00	2.40505e-02
8.89293e+00	2.38734e-02
8.91316e+00	2.36963e-02
8.93340e+00	2.35193e-02
8.95363e+00	2.33424e-02
8.97387e+00	2.31656e-02
8.99410e+00	2.29888e-02
9.01434e+00	2.28122e-02
9.03457e+00	2.26358e-02
9.05480e+00	2.24594e-02
9.07504e+00	2.22832e-02
9.09527e+00	2.21071e-02
9.11551e+00	2.19312e-02
9.13574e+00	2.17553e-02
9.15597e+00	2.15797e-02
9.17621e+00	2.14042e-02
9.19644e+00	2.12289e-02
9.21668e+00	2.10537e-02
9.23691e+00	2.08787e-02
9.25715e+00	2.07039e-02
9.27738e+00	2.05292e-02
9.29761e+00	2.03547e-02
9.31785e+00	2.01805e-02
9.33808e+00	2.00064e-02
9.35832e+00	1.98325e-02
9.37855e+00	1.96589e-02
9.39879e+00	1.94854e-02
9.41902e+00	1.93122e-02
9.43925e+00	1.91392e-02
9.45949e+00	1.89664e-02
9.47972e+00	1.87939e-02
9.49996e+00	1.86216e-02
9.52019e+00	1.84496e-02
9.54042e+00	1.82778e-02
9.56066e+00	1.81062e-02
9.58089e+00	1.79350e-02
9.60113e+00	1.77639e-02
9.62136e+00	1.75932e-02
9.64160e+00	1.74227e-02
9.66183e+00	1.72526e-02
9.68206e+00	1.70827e-02
9.70230e+00	1.69131e-02
9.72253e+00	1.67439e-02
9.74277e+00	1.65749e-02
9.76300e+00	1.64063e-02
9.78323e+00	1.62381e-02
9.80347e+00	1.60701e-02
9.82370e+00	1.59026e-02
9.84394e+00	1.57353e-02
9.86417e+00	1.55684e-02
9.88441e+00	1.54019e-02
9.90464e+00	1.52357e-02
9.92487e+00	1.50699e-02
9.94511e+00	1.49045e-02
9.96534e+00	1.47394e-02
9.98558e+00	1.45747e-02
1.00058e+01	1.44105e-02
1.00260e+01	1.42465e-02
1.00463e+01	1.40831e-02
1.00665e+01	1.39203e-02
1.00867e+01	1.37582e-02
1.01070e+01	1.35967e-02
1.01272e+01	1.34358e-02
1.01475e+01	1.32756e-02
1.01677e+01	1.31160e-02
1.01879e+01	1.29570e-02
1.02082e+01	1.27987e-02
1.02284e+01	1.26410e-02
1.02486e+01	1.24839e-02
1.02689e+01	1.23275e-02
1.02891e+01	1.21717e-02
1.03093e+01	1.20166e-02
1.03296e+01	1.18621e-02
1.03498e+01	1.17082e-02
1.03700e+01	1.15550e-02
1.03903e+01	1.14025e-02
1.04105e+01	1.12505e-02
1.04307e+01	1.10993e-02
1.04510e+01	1.09486e-02
1.04712e+01	1.07987e-02
1.04914e+01	1.06493e-02
1.05117e+01	1.05007e-02
1.05319e+01	1.03526e-02
1.05521e+01	1.02053e-02
1.05724e+01	1.00586e-02
1.05926e+01	9.91253e-03
1.06128e+01	9.76706e-03
1.06331e+01	9.62242e-03
1.06533e+01	9.47860e-03
1.06735e+01	9.33562e-03
1.06938e+01	9.19347e-03
1.07140e+01	9.05214e-03
1.07342e+01	8.91164e-03
1.07545e+01	8.77196e-03
1.07747e+01	8.63310e-03
1.07949e+01	8.49505e-03
1.08152e+01	8.35782e-03
1.08354e+01	8.22140e-03
1.08556e+01	8.08578e-03
1.08759e+01	7.95097e-03
1.08961e+01	7.81696e-03
1.09163e+01	7.68375e-03
1.09366e+01	7.55133e-03
1.09568e+01	7.41971e-03
1.09771e+01	7.28888e-03
1.09973e+01	7.15883e-03
1.10175e+01	7.02958e-03
1.10378e+01	6.90110e-03
1.10580e+01	6.77340e-03
1.10782e+01	6.64648e-03
1.10985e+01	6.52034e-03
1.11187e+01	6.39496e-03
1.11389e+01	6.27035e-03
1.11592e+01	6.14651e-03
1.11794e+01	6.02343e-03
1.11996e+01	5.90112e-03
1.12199e+01	5.77955e-03
1.12401e+01	5.65875e-03
1.12603e+01	5.53869e-03
1.12806e+01	5.41938e-03
1.13008e+01	5.30082e-03
1.13210e+01	5.18301e-03
1.13413e+01	5.06593e-03
1.13615e+01	4.94959e-03
1.13817e+01	4.83398e-03
1.14020e+01	4.71911e-03
1.14222e+01	4.60497e-03
1.14424e+01	4.49155e-03
1.14627e+01	4.37886e-03
1.14829e+01	4.26688e-03
1.15031e+01	4.15563e-03
1.15234e+01	4.04509e-03
1.15436e+01	3.93526e-03
1.15638e+01	3.82614e-03
1.15841e+01	3.71787e-03
1.16043e+01	3.61065e-03
1.16245e+01	3.50466e-03
1.16448e+01	3.40010e-03
1.16650e+01	3.29748e-03
1.16852e+01	3.19714e-03
1.17055e+01	3.09904e-03
1.17257e+01	3.00302e-03
1.17460e+01	2.90889e-03
1.17662e+01	2.81660e-03
1.17864e+01	2.72622e-03
1.18067e+01	2.63781e-03
1.18269e+01	2.55135e-03
1.18471e+01	2.46696e-03
1.18674e+01	2.38546e-03
1.18876e+01	2.30669e-03
1.19078e+01	2.23019e-03
1.19281e+01	2.15576e-03
1.19483e+01	2.08325e-03
1.19685e+01	2.01255e-03
1.19888e+01	1.94361e-03
1.20090e+01	1.87636e-03
1.20292e+01	1.81078e-03
1.20495e+01	1.74684e-03
1.20697e+01	1.68450e-03
1.20899e+01	1.62374e-03
1.21102e+01	1.56454e-03
1.21304e+01	1.50687e-03
1.21506e+01	1.45072e-03
1.21709e+01	1.39608e-03
1.21911e+01	1.34293e-03
1.22113e+01	1.29125e-03
1.22316e+01	1.24104e-03
1.22518e+01	1.19229e-03
1.22720e+01	1.14500e-03
1.22923e+01	1.09916e-03
1.23125e+01	1.05476e-03
1.23327e+01	1.01178e-03
1.23530e+01	9.70201e-04
1.23732e+01	9.29997e-04
1.23934e+01	8.91140e-04
1.24137e+01	8.53605e-04
1.24339e+01	8.17370e-04
1.24541e+01	7.82413e-04
1.24744e+01	7.48713e-04
1.24946e+01	7.16248e-04
1.25149e+01	6.84994e-04
1.25351e+01	6.54927e-04
1.25553e+01	6.26022e-04
1.25756e+01	5.98254e-04
1.25958e+01	5.71616e-04
1.26160e+01	5.46080e-04
1.26363e+01	5.21615e-04
1.26565e+01	4.98188e-04
1.26767e+01	4.75764e-04
1.26970e+01	4.54313e-04
1.27172e+01	4.33799e-04
1.27374e+01	4.14189e-04
1.27577e+01	3.95447e-04
1.27779e+01	3.77539e-04
1.27981e+01	3.60430e-04
1.28184e+01	3.44090e-04
1.28386e+01	3.28481e-04
1.28588e+01	3.13567e-04
1.28791e+01	2.99305e-04
1.28993e+01	2.85651e-04
1.29195e+01	2.72575e-04
1.29398e+01	2.60073e-04
1.29600e+01	2.48108e-04
1.29802e+01	2.36630e-04
1.30005e+01	2.25623e-04
1.30207e+01	2.15077e-04
1.30409e+01	2.05063e-04
1.30612e+01	1.95654e-04
1.30814e+01	1.86813e-04
1.31016e+01	1.78450e-04
1.31219e+01	1.70491e-04
1.31421e+01	1.62873e-04
1.31623e+01	1.55568e-04
1.31826e+01	1.48573e-04
1.32028e+01	1.41898e-04
1.32230e+01	1.35547e-04
1.32433e+01	1.29483e-04
1.32635e+01	1.23678e-04
1.32838e+01	1.18113e-04
1.33040e+01	1.12770e-04
1.33242e+01	1.07633e-04
1.33445e+01	1.02689e-04
1.33647e+01	9.79302e-05
1.33849e+01	9.33477e-05
1.34052e+01	8.89371e-05
1.34254e+01	8.46942e-05
1.34456e+01	8.06162e-05
1.34659e+01	7.67011e-05
1.34861e+01	7.29490e-05
1.35063e+01	6.93543e-05
1.35266e+01	6.59099e-05
1.35468e+01	6.26105e-05
1.35670e+01	5.94516e-05
1.35873e+01	5.64285e-05
1.36075e+01	5.35367e-05
1.36277e+01	5.07719e-05
1.36480e+01	4.81295e-05
1.36682e+01	4.56049e-05
1.36884e+01	4.31940e-05
1.37087e+01	4.08924e-05
1.37289e+01	3.86960e-05
1.37491e+01	3.66007e-05
1.37694e+01	3.46027e-05
1.37896e+01	3.26980e-05
1.38098e+01	3.08829e-05
1.38301e+01	2.91538e-05
1.38503e+01	2.75073e-05
1.38705e+01	2.59401e-05
1.38908e+01	2.44489e-05
1.39110e+01	2.30309e-05
1.39312e+01	2.16832e-05
1.39515e+01	2.04033e-05
1.39717e+01	1.91885e-05
1.39919e+01	1.80361e-05
1.40122e+01	1.69437e-05
1.40324e+01	1.59089e-05
1.40527e+01	1.49292e-05
1.40729e+01	1.40023e-05
1.40931e+01	1.31259e-05
1.41134e+01	1.22978e-05
1.41336e+01	1.15159e-05
1.41538e+01	1.07779e-05
1.41741e+01	1.00818e-05
1.41943e+01	9.42567e-06
1.42145e+01	8.80756e-06
1.42348e+01	8.22558e-06
1.42550e+01	7.67796e-06
1.42752e+01	7.16300e-06
1.42955e+01	6.67907e-06
1.43157e+01	6.22459e-06
1.43359e+01	5.79804e-06
1.43562e+01	5.39795e-06
1.43764e+01	5.02292e-06
1.43966e+01	4.67159e-06
1.44169e+01	4.34267e-06
1.44371e+01	4.03490e-06
1.44573e+01	3.74711e-06
1.44776e+01	3.47815e-06
1.44978e+01	3.22694e-06
1.45180e+01	2.99244e-06
1.45383e+01	2.77366e-06
1.45585e+01	2.56967e-06
1.45787e+01	2.37957e-06
1.45990e+01	2.20252e-06
1.46192e+01	2.03770e-06
1.46394e+01	1.88437e-06
1.46597e+01	1.74178e-06
1.46799e+01	1.60927e-06
1.47001e+01	1.48618e-06
1.47204e+01	1.37190e-06
1.47406e+01	1.26587e-06
1.47608e+01	1.16753e-06
1.47811e+01	1.07637e-06
1.48013e+01	9.91920e-07
1.48216e+01	9.13717e-07
1.48418e+01	8.41338e-07
1.48620e+01	7.74385e-07
1.48823e+01	7.12481e-07
1.49025e+01	6.55277e-07
1.49227e+01	6.02442e-07
1.49430e+01	5.53667e-07
1.49632e+01	5.08665e-07
1.49834e+01	4.67165e-07
1.50037e+01	4.28914e-07
1.50239e+01	3.93676e-07
1.50441e+01	3.61225e-07
1.50644e+01	3.31351e-07
1.50846e+01	3.03860e-07
1.51048e+01	2.78568e-07
1.51251e+01	2.55308e-07
1.51453e+01	2.33922e-07
1.51655e+01	2.14266e-07
1.51858e+01	1.96206e-07
1.52060e+01	1.79617e-07
1.52262e+01	1.64383e-07
1.52465e+01	1.50399e-07
1.52667e+01	1.37566e-07
1.52869e+01	1.25792e-07
1.53072e+01	1.14994e-07
1.53274e+01	1.05093e-07
1.53476e+01	9.60178e-08
1.53679e+01	8.77017e-08
1.53881e+01	8.00835e-08
1.54083e+01	7.31067e-08
1.54286e+01	6.67190e-08
1.54488e+01	6.08724e-08
1.54690e+01	5.55225e-08
1.54893e+01	5.06285e-08
1.55095e+01	4.61528e-08
1.55297e+01	4.20607e-08
1.55500e+01	3.83204e-08
1.55702e+01	3.49023e-08
1.55904e+01	3.17797e-08
1.56107e+01	2.89276e-08
1.56309e+01	2.63233e-08
1.56512e+01	2.39457e-08
1.56714e+01	2.17756e-08
1.56916e+01	1.97952e-08
1.57119e+01	1.79884e-08
1.57321e+01	1.63401e-08
1.57523e+01	1.48367e-08
1.57726e+01	1.34656e-08
1.57928e+01	1.22153e-08
1.58130e+01	1.10760e-08
1.58333e+01	1.00382e-08
1.58535e+01	9.09356e-09
1.58737e+01	8.23403e-09
1.58940e+01	7.45242e-09
1.59142e+01	6.74205e-09
1.59344e+01	6.09676e-09
1.59547e+01	5.51091e-09
1.59749e+01	4.97933e-09
1.59951e+01	4.49724e-09
1.60154e+01	4.06027e-09
1.60356e+01	3.66438e-09
1.60558e+01	3.30588e-09
1.60761e+01	2.98136e-09
1.60963e+01	2.68772e-09
1.61165e+01	2.42212e-09
1.61368e+01	2.18199e-09
1.61570e+01	1.96495e-09
1.61772e+01	1.76887e-09
1.61975e+01	1.59180e-09
1.62177e+01	1.43194e-09
1.62379e+01	1.28768e-09
1.62582e+01	1.15755e-09
1.62784e+01	1.04021e-09
1.62986e+01	9.34436e-10
1.63189e+01	8.39127e-10
1.63391e+01	7.53278e-10
1.63593e+01	6.75979e-10
1.63796e+01	6.06403e-10
1.63998e+01	5.43803e-10
1.64201e+01	4.87498e-10
1.64403e+01	4.36872e-10
1.64605e+01	3.91371e-10
1.64808e+01	3.50488e-10
1.65010e+01	3.13767e-10
1.65212e+01	2.80797e-10
1.65415e+01	2.51205e-10
1.65617e+01	2.24653e-10
1.65819e+01	2.00840e-10
1.66022e+01	1.79490e-10
1.66224e+01	1.60354e-10
1.66426e+01	1.43211e-10
1.66629e+01	1.27857e-10
1.66831e+01	1.14111e-10
1.67033e+01	1.01810e-10
1.67236e+01	9.08040e-11
1.67438e+01	8.09614e-11
1.67640e+01	7.21621e-11
1.67843e+01	6.42983e-11
1.68045e+01	5.72728e-11
1.68247e+01	5.09986e-11
1.68450e+01	4.53972e-11
1.68652e+01	4.03982e-11
1.68854e+01	3.59384e-11
1.69057e+01	3.19610e-11
1.69259e+01	2.84149e-11
1.69461e+01	2.52546e-11
1.69664e+01	2.24389e-11
1.69866e+01	1.99313e-11
1.70068e+01	1.76986e-11
1.70271e+01	1.57115e-11
1.70473e+01	1.39435e-11
1.70675e+01	1.23710e-11
1.70878e+01	1.09727e-11
1.71080e+01	9.72976e-12
1.71282e+01	8.62519e-12
1.71485e+01	7.64389e-12
1.71687e+01	6.77235e-12
1.71890e+01	5.99853e-12
1.72092e+01	5.31167e-12
1.72294e+01	4.70217e-12
1.72497e+01	4.16148e-12
1.72699e+01	3.68197e-12
1.72901e+01	3.25684e-12
1.73104e+01	2.88001e-12
1.73306e+01	2.54611e-12
1.73508e+01	2.25031e-12
1.73711e+01	1.98835e-12
1.73913e+01	1.75642e-12
1.74115e+01	1.55113e-12
1.74318e+01	1.36947e-12
1.74520e+01	1.20877e-12
1.74722e+01	1.06664e-12
1.74925e+01	9.40982e-13
1.75127e+01	8.29906e-13
1.75329e+01	7.31750e-13
1.75532e+01	6.45034e-13
1.75734e+01	5.68445e-13
1.75936e+01	5.00819e-13
1.76139e+01	4.41124e-13
1.76341e+01	3.88444e-13
1.76543e+01	3.41968e-13
1.76746e+01	3.00976e-13
1.76948e+01	2.64830e-13
1.77150e+01	2.32967e-13
1.77353e+01	2.04886e-13
1.77555e+01	1.80145e-13
1.77757e+01	1.58353e-13
1.77960e+01	1.39163e-13
1.78162e+01	1.22269e-13
1.78364e+01	1.07400e-13
1.78567e+01	9.43168e-14
1.78769e+01	8.28068e-14
1.78971e+01	7.26835e-14
1.79174e+01	6.37824e-14
1.79376e+01	5.59581e-14
1.79579e+01	4.90822e-14
1.79781e+01	4.30414e-14
1.79983e+01	3.77358e-14
1.80186e+01	3.30771e-14
1.80388e+01	2.89875e-14
1.80590e+01	2.53982e-14
1.80793e+01	2.22488e-14
1.80995e+01	1.94860e-14
1.81197e+01	1.70629e-14
1.81400e+01	1.49381e-14
1.81602e+01	1.30754e-14
1.81804e+01	1.14427e-14
1.82007e+01	1.00117e-14
1.82209e+01	8.75794e-15
1.82411e+01	7.65957e-15
1.82614e+01	6.69758e-15
1.82816e+01	5.85520e-15
1.83018e+01	5.11774e-15
1.83221e+01	4.47225e-15
1.83423e+01	3.90738e-15
1.83625e+01	3.41317e-15
1.83828e+01	2.98086e-15
1.84030e+01	2.60279e-15
1.84232e+01	2.27221e-15
1.84435e+01	1.98322e-15
1.84637e+01	1.73064e-15
1.84839e+01	1.50993e-15
1.85042e+01	1.31709e-15
1.85244e+01	1.14866e-15
1.85446e+01	1.00156e-15
1.85649e+01	8.73123e-16
1.85851e+01	7.61004e-16
1.86053e+01	6.63148e-16
1.86256e+01	5.77760e-16
1.86458e+01	5.03266e-16
1.86660e+01	4.38290e-16
1.86863e+01	3.81628e-16
1.87065e+01	3.32225e-16
1.87268e+01	2.89161e-16
1.87470e+01	2.51629e-16
1.87672e+01	2.18927e-16
1.87875e+01	1.90437e-16
1.88077e+01	1.65624e-16
1.88279e+01	1.44016e-16
1.88482e+01	1.25203e-16
1.88684e+01	1.08828e-16
1.88886e+01	9.45761e-17
1.89089e+01	8.21757e-17
1.89291e+01	7.13883e-17
1.89493e+01	6.20059e-17
1.89696e+01	5.38472e-17
1.89898e+01	4.67540e-17
1.90100e+01	4.05885e-17
1.90303e+01	3.52304e-17
1.90505e+01	3.05747e-17
1.90707e+01	2.65301e-17
1.90910e+01	2.30169e-17
1.91112e+01	1.99659e-17
1.91314e+01	1.73167e-17
1.91517e+01	1.50167e-17
1.91719e+01	1.30201e-17
1.91921e+01	1.12873e-17
1.92124e+01	9.78366e-18
1.92326e+01	8.47903e-18
1.92528e+01	7.34727e-18
1.92731e+01	6.36561e-18
1.92933e+01	5.51430e-18
1.93135e+01	4.77612e-18
1.93338e+01	4.13615e-18
1.93540e+01	3.58141e-18
1.93742e+01	3.10061e-18
1.93945e+01	2.68397e-18
1.94147e+01	2.32297e-18
1.94349e+01	2.01024e-18
1.94552e+01	1.73936e-18
1.94754e+01	1.50476e-18
1.94956e+01	1.30161e-18
1.95159e+01	1.12573e-18
1.95361e+01	9.73469e-19
1.95564e+01	8.41683e-19
1.95766e+01	7.27632e-19
1.95968e+01	6.28943e-19
1.96171e+01	5.43558e-19
1.96373e+01	4.69695e-19
1.96575e+01	4.05807e-19
1.96778e+01	3.50555e-19
1.96980e+01	3.02777e-19
1.97182e+01	2.61467e-19
1.97385e+01	2.25754e-19
1.97587e+01	1.94881e-19
1.97789e+01	1.68195e-19
1.97992e+01	1.45130e-19
1.98194e+01	1.25195e-19
1.98396e+01	1.07964e-19
1.98599e+01	9.30713e-20
1.98801e+01	8.01970e-20
1.99003e+01	6.90656e-20
1.99206e+01	5.94343e-20
1.99408e+01	5.10964e-20
1.99610e+01	4.38734e-20
1.99813e+01	3.76101e-20
2.00015e+01	3.21716e-20
2.00217e+01	2.74406e-20
2.00420e+01	2.33149e-20
2.00622e+01	1.97049e-20
2.00824e+01	1.65325e-20
2.01027e+01	1.37287e-20
2.01229e+01	1.12325e-20
2.01431e+01	8.98957e-21
2.01634e+01	6.95101e-21
2.01836e+01	5.07239e-21
2.02038e+01	3.31280e-21
2.02241e+01	1.63373e-21
