# The ell = 0 distribution, the isotropy.
# E_N [Td]	3.50000e+00
# col_1: Electron Energy [eV], col_2: f0 [eV^(-3/2)]
eV	f0
8.20077e-03	8.97848e-02
2.46023e-02	8.97811e-02
4.10038e-02	8.97767e-02
5.74054e-02	8.97726e-02
7.38069e-02	8.97693e-02
9.02085e-02	8.97668e-02
1.06610e-01	8.97649e-02
1.23012e-01	8.97635e-02
1.39413e-01	8.97625e-02
1.55815e-01	8.97618e-02
1.72216e-01	8.97613e-02
1.88618e-01	8.97609e-02
2.05019e-01	8.97606e-02
2.21421e-01	8.97603e-02
2.37822e-01	8.97601e-02
2.54224e-01	8.97598e-02
2.70625e-01	8.97596e-02
2.87027e-01	8.97593e-02
3.03428e-01	8.97590e-02
3.19830e-01	8.97587e-02
3.36232e-01	8.97583e-02
3.52633e-01	8.97579e-02
3.69035e-01	8.97575e-02
3.85436e-01	8.97570e-02
4.01838e-01	8.97564e-02
4.18239e-01	8.97558e-02
4.34641e-01	8.97552e-02
4.51042e-01	8.97545e-02
4.67444e-01	8.97538e-02
4.83845e-01	8.97530e-02
5.00247e-01	8.97522e-02
5.16648e-01	8.97513e-02
5.33050e-01	8.97504e-02
5.49451e-01	8.97494e-02
5.65853e-01	8.97484e-02
5.82255e-01	8.97473e-02
5.98656e-01	8.97462e-02
6.15058e-01	8.97450e-02
6.31459e-01	8.97438e-02
6.47861e-01	8.97425e-02
6.64262e-01	8.97412e-02
6.80664e-01	8.97398e-02
6.97065e-01	8.97383e-02
7.13467e-01	8.97368e-02
7.29868e-01	8.97352e-02
7.46270e-01	8.97335e-02
7.62671e-01	8.97318e-02
7.79073e-01	8.97300e-02
7.95475e-01	8.97282e-02
8.11876e-01	8.97262e-02
8.28278e-01	8.97242e-02
8.44679e-01	8.97221e-02
8.61081e-01	8.97199e-02
8.77482e-01	8.97176e-02
8.93884e-01	8.97153e-02
9.10285e-01	8.97128e-02
9.26687e-01	8.97102e-02
9.43088e-01	8.97076e-02
9.59490e-01	8.97048e-02
9.75891e-01	8.97019e-02
9.92293e-01	8.96988e-02
1.00869e+00	8.96957e-02
1.02510e+00	8.96925e-02
1.04150e+00	8.96891e-02
1.05790e+00	8.96857e-02
1.07430e+00	8.96822e-02
1.09070e+00	8.96785e-02
1.10710e+00	8.96748e-02
1.12351e+00	8.96709e-02
1.13991e+00	8.96669e-02
1.15631e+00	8.96628e-02
1.17271e+00	8.96586e-02
1.18911e+00	8.96543e-02
1.20551e+00	8.96498e-02
1.22191e+00	8.96452e-02
1.23832e+00	8.96404e-02
1.25472e+00	8.96355e-02
1.27112e+00	8.96305e-02
1.28752e+00	8.96254e-02
1.30392e+00	8.96201e-02
1.32032e+00	8.96146e-02
1.33673e+00	8.96090e-02
1.35313e+00	8.96032e-02
1.36953e+00	8.95973e-02
1.38593e+00	8.95912e-02
1.40233e+00	8.95849e-02
1.41873e+00	8.95785e-02
1.43513e+00	8.95719e-02
1.45154e+00	8.95651e-02
1.46794e+00	8.95581e-02
1.48434e+00	8.95509e-02
1.50074e+00	8.95436e-02
1.51714e+00	8.95360e-02
1.53354e+00	8.95282e-02
1.54995e+00	8.95202e-02
1.56635e+00	8.95120e-02
1.58275e+00	8.95036e-02
1.59915e+00	8.94949e-02
1.61555e+00	8.94860e-02
1.63195e+00	8.94768e-02
1.64835e+00	8.94675e-02
1.66476e+00	8.94578e-02
1.68116e+00	8.94479e-02
1.69756e+00	8.94378e-02
1.71396e+00	8.94273e-02
1.73036e+00	8.94167e-02
1.74676e+00	8.94058e-02
1.76317e+00	8.93946e-02
1.77957e+00	8.93832e-02
1.79597e+00	8.93715e-02
1.81237e+00	8.93595e-02
1.82877e+00	8.93473e-02
1.84517e+00	8.93347e-02
1.86157e+00	8.93219e-02
1.87798e+00	8.93088e-02
1.89438e+00	8.92955e-02
1.91078e+00	8.92818e-02
1.92718e+00	8.92678e-02
1.94358e+00	8.92535e-02
1.95998e+00	8.92389e-02
1.97639e+00	8.92240e-02
1.99279e+00	8.92087e-02
2.00919e+00	8.91931e-02
2.02559e+00	8.91772e-02
2.04199e+00	8.91609e-02
2.05839e+00	8.91442e-02
2.07479e+00	8.91271e-02
2.09120e+00	8.91096e-02
2.10760e+00	8.90916e-02
2.12400e+00	8.90733e-02
2.14040e+00	8.90546e-02
2.15680e+00	8.90354e-02
2.17320e+00	8.90158e-02
2.18961e+00	8.89958e-02
2.20601e+00	8.89753e-02
2.22241e+00	8.89544e-02
2.23881e+00	8.89330e-02
2.25521e+00	8.89112e-02
2.27161e+00	8.88888e-02
2.28801e+00	8.88660e-02
2.30442e+00	8.88428e-02
2.32082e+00	8.88190e-02
2.33722e+00	8.87947e-02
2.35362e+00	8.87699e-02
2.37002e+00	8.87446e-02
2.38642e+00	8.87188e-02
2.40283e+00	8.86925e-02
2.41923e+00	8.86656e-02
2.43563e+00	8.86382e-02
2.45203e+00	8.86102e-02
2.46843e+00	8.85817e-02
2.48483e+00	8.85526e-02
2.50123e+00	8.85229e-02
2.51764e+00	8.84927e-02
2.53404e+00	8.84618e-02
2.55044e+00	8.84303e-02
2.56684e+00	8.83982e-02
2.58324e+00	8.83655e-02
2.59964e+00	8.83321e-02
2.61605e+00	8.82981e-02
2.63245e+00	8.82634e-02
2.64885e+00	8.82280e-02
2.66525e+00	8.81920e-02
2.68165e+00	8.81553e-02
2.69805e+00	8.81179e-02
2.71445e+00	8.80798e-02
2.73086e+00	8.80410e-02
2.74726e+00	8.80015e-02
2.76366e+00	8.79612e-02
2.78006e+00	8.79203e-02
2.79646e+00	8.78786e-02
2.81286e+00	8.78361e-02
2.82927e+00	8.77929e-02
2.84567e+00	8.77489e-02
2.86207e+00	8.77041e-02
2.87847e+00	8.76586e-02
2.89487e+00	8.76122e-02
2.91127e+00	8.75651e-02
2.92767e+00	8.75171e-02
2.94408e+00	8.74683e-02
2.96048e+00	8.74188e-02
2.97688e+00	8.73683e-02
2.99328e+00	8.73170e-02
3.00968e+00	8.72649e-02
3.02608e+00	8.72120e-02
3.04249e+00	8.71582e-02
3.05889e+00	8.71035e-02
3.07529e+00	8.70479e-02
3.09169e+00	8.69915e-02
3.10809e+00	8.69342e-02
3.12449e+00	8.68759e-02
3.14089e+00	8.68168e-02
3.15730e+00	8.67568e-02
3.17370e+00	8.66958e-02
3.19010e+00	8.66340e-02
3.20650e+00	8.65712e-02
3.22290e+00	8.65074e-02
3.23930e+00	8.64427e-02
3.25571e+00	8.63770e-02
3.27211e+00	8.63103e-02
3.28851e+00	8.62427e-02
3.30491e+00	8.61741e-02
3.32131e+00	8.61045e-02
3.33771e+00	8.60339e-02
3.35411e+00	8.59622e-02
3.37052e+00	8.58896e-02
3.38692e+00	8.58159e-02
3.40332e+00	8.57412e-02
3.41972e+00	8.56654e-02
3.43612e+00	8.55886e-02
3.45252e+00	8.55107e-02
3.46893e+00	8.54318e-02
3.48533e+00	8.53517e-02
3.50173e+00	8.52706e-02
3.51813e+00	8.51884e-02
3.53453e+00	8.51051e-02
3.55093e+00	8.50207e-02
3.56733e+00	8.49352e-02
3.58374e+00	8.48485e-02
3.60014e+00	8.47607e-02
3.61654e+00	8.46718e-02
3.63294e+00	8.45817e-02
3.64934e+00	8.44904e-02
3.66574e+00	8.43980e-02
3.68214e+00	8.43044e-02
3.69855e+00	8.42097e-02
3.71495e+00	8.41137e-02
3.73135e+00	8.40166e-02
3.74775e+00	8.39182e-02
3.76415e+00	8.38187e-02
3.78055e+00	8.37179e-02
3.79696e+00	8.36159e-02
3.81336e+00	8.35126e-02
3.82976e+00	8.34082e-02
3.84616e+00	8.33024e-02
3.86256e+00	8.31955e-02
3.87896e+00	8.30872e-02
3.89536e+00	8.29777e-02
3.91177e+00	8.28670e-02
3.92817e+00	8.27549e-02
3.94457e+00	8.26416e-02
3.96097e+00	8.25269e-02
3.97737e+00	8.24110e-02
3.99377e+00	8.22937e-02
4.01018e+00	8.21749e-02
4.02658e+00	8.20545e-02
4.04298e+00	8.19325e-02
4.05938e+00	8.18090e-02
4.07578e+00	8.16839e-02
4.09218e+00	8.15572e-02
4.10858e+00	8.14289e-02
4.12499e+00	8.12988e-02
4.14139e+00	8.11672e-02
4.15779e+00	8.10338e-02
4.17419e+00	8.08988e-02
4.19059e+00	8.07621e-02
4.20699e+00	8.06238e-02
4.22340e+00	8.04837e-02
4.23980e+00	8.03419e-02
4.25620e+00	8.01984e-02
4.27260e+00	8.00531e-02
4.28900e+00	7.99062e-02
4.30540e+00	7.97574e-02
4.32180e+00	7.96070e-02
4.33821e+00	7.94548e-02
4.35461e+00	7.93008e-02
4.37101e+00	7.91450e-02
4.38741e+00	7.89875e-02
4.40381e+00	7.88282e-02
4.42021e+00	7.86671e-02
4.43662e+00	7.85042e-02
4.45302e+00	7.83395e-02
4.46942e+00	7.81730e-02
4.48582e+00	7.80046e-02
4.50222e+00	7.78345e-02
4.51862e+00	7.76625e-02
4.53502e+00	7.74887e-02
4.55143e+00	7.73131e-02
4.56783e+00	7.71357e-02
4.58423e+00	7.69564e-02
4.60063e+00	7.67752e-02
4.61703e+00	7.65922e-02
4.63343e+00	7.64074e-02
4.64984e+00	7.62207e-02
4.66624e+00	7.60321e-02
4.68264e+00	7.58417e-02
4.69904e+00	7.56494e-02
4.71544e+00	7.54553e-02
4.73184e+00	7.52593e-02
4.74824e+00	7.50614e-02
4.76465e+00	7.48616e-02
4.78105e+00	7.46600e-02
4.79745e+00	7.44565e-02
4.81385e+00	7.42511e-02
4.83025e+00	7.40439e-02
4.84665e+00	7.38347e-02
4.86306e+00	7.36237e-02
4.87946e+00	7.34108e-02
4.89586e+00	7.31961e-02
4.91226e+00	7.29795e-02
4.92866e+00	7.27610e-02
4.94506e+00	7.25406e-02
4.96146e+00	7.23183e-02
4.97787e+00	7.20941e-02
4.99427e+00	7.18680e-02
5.01067e+00	7.16401e-02
5.02707e+00	7.14103e-02
5.04347e+00	7.11785e-02
5.05987e+00	7.09448e-02
5.07628e+00	7.07091e-02
5.09268e+00	7.04715e-02
5.10908e+00	7.02320e-02
5.12548e+00	6.99905e-02
5.14188e+00	6.97471e-02
5.15828e+00	6.95018e-02
5.17468e+00	6.92545e-02
5.19109e+00	6.90054e-02
5.20749e+00	6.87543e-02
5.22389e+00	6.85013e-02
5.24029e+00	6.82465e-02
5.25669e+00	6.79897e-02
5.27309e+00	6.77311e-02
5.28950e+00	6.74707e-02
5.30590e+00	6.72083e-02
5.32230e+00	6.69441e-02
5.33870e+00	6.66781e-02
5.35510e+00	6.64102e-02
5.37150e+00	6.61406e-02
5.38790e+00	6.58691e-02
5.40431e+00	6.55958e-02
5.42071e+00	6.53207e-02
5.43711e+00	6.50439e-02
5.45351e+00	6.47653e-02
5.46991e+00	6.44849e-02
5.48631e+00	6.42028e-02
5.50272e+00	6.39189e-02
5.51912e+00	6.36334e-02
5.53552e+00	6.33462e-02
5.55192e+00	6.30573e-02
5.56832e+00	6.27667e-02
5.58472e+00	6.24744e-02
5.60112e+00	6.21805e-02
5.61753e+00	6.18850e-02
5.63393e+00	6.15879e-02
5.65033e+00	6.12892e-02
5.66673e+00	6.09890e-02
5.68313e+00	6.06871e-02
5.69953e+00	6.03838e-02
5.71594e+00	6.00789e-02
5.73234e+00	5.97725e-02
5.74874e+00	5.94647e-02
5.76514e+00	5.91554e-02
5.78154e+00	5.88446e-02
5.79794e+00	5.85324e-02
5.81434e+00	5.82189e-02
5.83075e+00	5.79039e-02
5.84715e+00	5.75876e-02
5.86355e+00	5.72700e-02
5.87995e+00	5.69510e-02
5.89635e+00	5.66307e-02
5.91275e+00	5.63092e-02
5.92916e+00	5.59864e-02
5.94556e+00	5.56625e-02
5.96196e+00	5.53373e-02
5.97836e+00	5.50111e-02
5.99476e+00	5.46837e-02
6.01116e+00	5.43553e-02
6.02756e+00	5.40257e-02
6.04397e+00	5.36951e-02
6.06037e+00	5.33636e-02
6.07677e+00	5.30312e-02
6.09317e+00	5.26978e-02
6.10957e+00	5.23636e-02
6.12597e+00	5.20286e-02
6.14238e+00	5.16928e-02
6.15878e+00	5.13561e-02
6.17518e+00	5.10188e-02
6.19158e+00	5.06806e-02
6.20798e+00	5.03418e-02
6.22438e+00	5.00023e-02
6.24078e+00	4.96621e-02
6.25719e+00	4.93213e-02
6.27359e+00	4.89800e-02
6.28999e+00	4.86380e-02
6.30639e+00	4.82955e-02
6.32279e+00	4.79525e-02
6.33919e+00	4.76091e-02
6.35560e+00	4.72652e-02
6.37200e+00	4.69208e-02
6.38840e+00	4.65761e-02
6.40480e+00	4.62310e-02
6.42120e+00	4.58856e-02
6.43760e+00	4.55399e-02
6.45400e+00	4.51939e-02
6.47041e+00	4.48477e-02
6.48681e+00	4.45013e-02
6.50321e+00	4.41547e-02
6.51961e+00	4.38079e-02
6.53601e+00	4.34611e-02
6.55241e+00	4.31141e-02
6.56882e+00	4.27671e-02
6.58522e+00	4.24201e-02
6.60162e+00	4.20731e-02
6.61802e+00	4.17261e-02
6.63442e+00	4.13791e-02
6.65082e+00	4.10323e-02
6.66722e+00	4.06856e-02
6.68363e+00	4.03391e-02
6.70003e+00	3.99928e-02
6.71643e+00	3.96467e-02
6.73283e+00	3.93008e-02
6.74923e+00	3.89553e-02
6.76563e+00	3.86100e-02
6.78204e+00	3.82651e-02
6.79844e+00	3.79207e-02
6.81484e+00	3.75766e-02
6.83124e+00	3.72330e-02
6.84764e+00	3.68898e-02
6.86404e+00	3.65472e-02
6.88044e+00	3.62051e-02
6.89685e+00	3.58636e-02
6.91325e+00	3.55228e-02
6.92965e+00	3.51826e-02
6.94605e+00	3.48429e-02
6.96245e+00	3.45042e-02
6.97885e+00	3.41663e-02
6.99526e+00	3.38294e-02
7.01166e+00	3.34935e-02
7.02806e+00	3.31585e-02
7.04446e+00	3.28245e-02
7.06086e+00	3.24915e-02
7.07726e+00	3.21596e-02
7.09366e+00	3.18288e-02
7.11007e+00	3.14992e-02
7.12647e+00	3.11709e-02
7.14287e+00	3.08438e-02
7.15927e+00	3.05181e-02
7.17567e+00	3.01936e-02
7.19207e+00	2.98705e-02
7.20848e+00	2.95488e-02
7.22488e+00	2.92284e-02
7.24128e+00	2.89095e-02
7.25768e+00	2.85919e-02
7.27408e+00	2.82758e-02
7.29048e+00	2.79612e-02
7.30688e+00	2.76481e-02
7.32329e+00	2.73364e-02
7.33969e+00	2.70263e-02
7.35609e+00	2.67178e-02
7.37249e+00	2.64108e-02
7.38889e+00	2.61054e-02
7.40529e+00	2.58016e-02
7.42170e+00	2.54994e-02
7.43810e+00	2.51988e-02
7.45450e+00	2.48999e-02
7.47090e+00	2.46027e-02
7.48730e+00	2.43072e-02
7.50370e+00	2.40134e-02
7.52010e+00	2.37213e-02
7.53651e+00	2.34310e-02
7.55291e+00	2.31424e-02
7.56931e+00	2.28556e-02
7.58571e+00	2.25706e-02
7.60211e+00	2.22873e-02
7.61851e+00	2.20059e-02
7.63492e+00	2.17264e-02
7.65132e+00	2.14487e-02
7.66772e+00	2.11728e-02
7.68412e+00	2.08988e-02
7.70052e+00	2.06267e-02
7.71692e+00	2.03565e-02
7.73332e+00	2.00882e-02
7.74973e+00	1.98219e-02
7.76613e+00	1.95574e-02
7.78253e+00	1.92949e-02
7.79893e+00	1.90344e-02
7.81533e+00	1.87758e-02
7.83173e+00	1.85192e-02
7.84814e+00	1.82646e-02
7.86454e+00	1.80120e-02
7.88094e+00	1.77613e-02
7.89734e+00	1.75127e-02
7.91374e+00	1.72661e-02
7.93014e+00	1.70216e-02
7.94654e+00	1.67790e-02
7.96295e+00	1.65385e-02
7.97935e+00	1.63000e-02
7.99575e+00	1.60636e-02
8.01215e+00	1.58293e-02
8.02855e+00	1.55970e-02
8.04495e+00	1.53668e-02
8.06136e+00	1.51386e-02
8.07776e+00	1.49125e-02
8.09416e+00	1.46885e-02
8.11056e+00	1.44666e-02
8.12696e+00	1.42467e-02
8.14336e+00	1.40290e-02
8.15976e+00	1.38133e-02
8.17617e+00	1.35997e-02
8.19257e+00	1.33882e-02
8.20897e+00	1.31788e-02
8.22537e+00	1.29715e-02
8.24177e+00	1.27663e-02
8.25817e+00	1.25631e-02
8.27458e+00	1.23621e-02
8.29098e+00	1.21631e-02
8.30738e+00	1.19663e-02
8.32378e+00	1.17715e-02
8.34018e+00	1.15788e-02
8.35658e+00	1.13882e-02
8.37298e+00	1.11997e-02
8.38939e+00	1.10132e-02
8.40579e+00	1.08288e-02
8.42219e+00	1.06465e-02
8.43859e+00	1.04663e-02
8.45499e+00	1.02881e-02
8.47139e+00	1.01119e-02
8.48780e+00	9.93786e-03
8.50420e+00	9.76583e-03
8.52060e+00	9.59583e-03
8.53700e+00	9.42786e-03
8.55340e+00	9.26193e-03
8.56980e+00	9.09801e-03
8.58620e+00	8.93610e-03
8.60261e+00	8.77620e-03
8.61901e+00	8.61830e-03
8.63541e+00	8.46239e-03
8.65181e+00	8.30846e-03
8.66821e+00	8.15650e-03
8.68461e+00	8.00651e-03
8.70102e+00	7.85848e-03
8.71742e+00	7.71239e-03
8.73382e+00	7.56824e-03
8.75022e+00	7.42601e-03
8.76662e+00	7.28570e-03
8.78302e+00	7.14730e-03
8.79942e+00	7.01080e-03
8.81583e+00	6.87618e-03
8.83223e+00	6.74343e-03
8.84863e+00	6.61255e-03
8.86503e+00	6.48352e-03
8.88143e+00	6.35632e-03
8.89783e+00	6.23096e-03
8.91424e+00	6.10741e-03
8.93064e+00	5.98567e-03
8.94704e+00	5.86571e-03
8.96344e+00	5.74755e-03
8.97984e+00	5.63118e-03
8.99624e+00	5.51658e-03
9.01264e+00	5.40374e-03
9.02905e+00	5.29264e-03
9.04545e+00	5.18327e-03
9.06185e+00	5.07561e-03
9.07825e+00	4.96965e-03
9.09465e+00	4.86537e-03
9.11105e+00	4.76276e-03
9.12746e+00	4.66180e-03
9.14386e+00	4.56248e-03
9.16026e+00	4.46478e-03
9.17666e+00	4.36868e-03
9.19306e+00	4.27418e-03
9.20946e+00	4.18126e-03
9.22586e+00	4.08989e-03
9.24227e+00	4.00007e-03
9.25867e+00	3.91178e-03
9.27507e+00	3.82500e-03
9.29147e+00	3.73971e-03
9.30787e+00	3.65591e-03
9.32427e+00	3.57357e-03
9.34068e+00	3.49269e-03
9.35708e+00	3.41324e-03
9.37348e+00	3.33521e-03
9.38988e+00	3.25858e-03
9.40628e+00	3.18334e-03
9.42268e+00	3.10946e-03
9.43908e+00	3.03694e-03
9.45549e+00	2.96576e-03
9.47189e+00	2.89590e-03
9.48829e+00	2.82734e-03
9.50469e+00	2.76007e-03
9.52109e+00	2.69407e-03
9.53749e+00	2.62933e-03
9.55390e+00	2.56583e-03
9.57030e+00	2.50355e-03
9.58670e+00	2.44248e-03
9.60310e+00	2.38260e-03
9.61950e+00	2.32390e-03
9.63590e+00	2.26635e-03
9.65230e+00	2.20994e-03
9.66871e+00	2.15467e-03
9.68511e+00	2.10052e-03
9.70151e+00	2.04747e-03
9.71791e+00	1.99551e-03
9.73431e+00	1.94462e-03
9.75071e+00	1.89478e-03
9.76712e+00	1.84598e-03
9.78352e+00	1.79820e-03
9.79992e+00	1.75143e-03
9.81632e+00	1.70565e-03
9.83272e+00	1.66084e-03
9.84912e+00	1.61700e-03
9.86552e+00	1.57410e-03
9.88193e+00	1.53213e-03
9.89833e+00	1.49108e-03
9.91473e+00	1.45092e-03
9.93113e+00	1.41165e-03
9.94753e+00	1.37325e-03
9.96393e+00	1.33571e-03
9.98034e+00	1.29901e-03
9.99674e+00	1.26313e-03
1.00131e+01	1.22809e-03
1.00295e+01	1.19378e-03
1.00459e+01	1.16035e-03
1.00623e+01	1.12774e-03
1.00787e+01	1.09592e-03
1.00951e+01	1.06489e-03
1.01115e+01	1.03463e-03
1.01279e+01	1.00512e-03
1.01444e+01	9.76338e-04
1.01608e+01	9.48278e-04
1.01772e+01	9.20921e-04
1.01936e+01	8.94251e-04
1.02100e+01	8.68253e-04
1.02264e+01	8.42912e-04
1.02428e+01	8.18214e-04
1.02592e+01	7.94144e-04
1.02756e+01	7.70689e-04
1.02920e+01	7.47834e-04
1.03084e+01	7.25566e-04
1.03248e+01	7.03871e-04
1.03412e+01	6.82738e-04
1.03576e+01	6.62152e-04
1.03740e+01	6.42102e-04
1.03904e+01	6.22575e-04
1.04068e+01	6.03560e-04
1.04232e+01	5.85043e-04
1.04396e+01	5.67014e-04
1.04560e+01	5.49462e-04
1.04724e+01	5.32375e-04
1.04888e+01	5.15742e-04
1.05052e+01	4.99553e-04
1.05216e+01	4.83797e-04
1.05380e+01	4.68464e-04
1.05544e+01	4.53544e-04
1.05708e+01	4.39027e-04
1.05872e+01	4.24906e-04
1.06036e+01	4.11165e-04
1.06200e+01	3.97794e-04
1.06364e+01	3.84816e-04
1.06528e+01	3.72209e-04
1.06692e+01	3.59965e-04
1.06856e+01	3.48073e-04
1.07020e+01	3.36525e-04
1.07184e+01	3.25310e-04
1.07348e+01	3.14420e-04
1.07512e+01	3.03845e-04
1.07676e+01	2.93577e-04
1.07840e+01	2.83608e-04
1.08004e+01	2.73928e-04
1.08168e+01	2.64531e-04
1.08332e+01	2.55408e-04
1.08496e+01	2.46552e-04
1.08660e+01	2.37955e-04
1.08824e+01	2.29609e-04
1.08988e+01	2.21509e-04
1.09152e+01	2.13648e-04
1.09316e+01	2.06017e-04
1.09480e+01	1.98612e-04
1.09644e+01	1.91425e-04
1.09808e+01	1.84452e-04
1.09972e+01	1.77684e-04
1.10136e+01	1.71118e-04
1.10300e+01	1.64747e-04
1.10464e+01	1.58566e-04
1.10628e+01	1.52568e-04
1.10792e+01	1.46751e-04
1.10956e+01	1.41107e-04
1.11120e+01	1.35632e-04
1.11284e+01	1.30321e-04
1.11448e+01	1.25171e-04
1.11612e+01	1.20175e-04
1.11776e+01	1.15330e-04
1.11940e+01	1.10631e-04
1.12105e+01	1.06075e-04
1.12269e+01	1.01657e-04
1.12433e+01	9.73727e-05
1.12597e+01	9.32190e-05
1.12761e+01	8.91919e-05
1.12925e+01	8.52877e-05
1.13089e+01	8.15030e-05
1.13253e+01	7.78342e-05
1.13417e+01	7.42780e-05
1.13581e+01	7.08312e-05
1.13745e+01	6.74906e-05
1.13909e+01	6.42532e-05
1.14073e+01	6.11158e-05
1.14237e+01	5.80757e-05
1.14401e+01	5.51300e-05
1.14565e+01	5.22759e-05
1.14729e+01	4.95108e-05
1.14893e+01	4.68320e-05
1.15057e+01	4.42371e-05
1.15221e+01	4.17236e-05
1.15385e+01	3.92890e-05
1.15549e+01	3.69312e-05
1.15713e+01	3.46510e-05
1.15877e+01	3.24536e-05
1.16041e+01	3.03429e-05
1.16205e+01	2.83222e-05
1.16369e+01	2.63947e-05
1.16533e+01	2.45716e-05
1.16697e+01	2.28609e-05
1.16861e+01	2.12614e-05
1.17025e+01	1.97653e-05
1.17189e+01	1.83630e-05
1.17353e+01	1.70451e-05
1.17517e+01	1.58047e-05
1.17681e+01	1.46380e-05
1.17845e+01	1.35433e-05
1.18009e+01	1.25176e-05
1.18173e+01	1.15569e-05
1.18337e+01	1.06591e-05
1.18501e+01	9.82930e-06
1.18665e+01	9.07333e-06
1.18829e+01	8.38308e-06
1.18993e+01	7.74814e-06
1.19157e+01	7.16136e-06
1.19321e+01	6.61781e-06
1.19485e+01	6.11349e-06
1.19649e+01	5.64509e-06
1.19813e+01	5.20985e-06
1.19977e+01	4.80537e-06
1.20141e+01	4.42946e-06
1.20305e+01	4.08022e-06
1.20469e+01	3.75586e-06
1.20633e+01	3.45476e-06
1.20797e+01	3.17534e-06
1.20961e+01	2.91616e-06
1.21125e+01	2.67587e-06
1.21289e+01	2.45321e-06
1.21453e+01	2.24708e-06
1.21617e+01	2.05639e-06
1.21781e+01	1.88014e-06
1.21945e+01	1.71735e-06
1.22109e+01	1.56711e-06
1.22273e+01	1.42861e-06
1.22437e+01	1.30111e-06
1.22601e+01	1.18387e-06
1.22766e+01	1.07622e-06
1.22930e+01	9.77503e-07
1.23094e+01	8.87090e-07
1.23258e+01	8.04377e-07
1.23422e+01	7.28771e-07
1.23586e+01	6.59717e-07
1.23750e+01	5.96700e-07
1.23914e+01	5.39238e-07
1.24078e+01	4.86880e-07
1.24242e+01	4.39220e-07
1.24406e+01	3.95881e-07
1.24570e+01	3.56514e-07
1.24734e+01	3.20794e-07
1.24898e+01	2.88419e-07
1.25062e+01	2.59106e-07
1.25226e+01	2.32594e-07
1.25390e+01	2.08643e-07
1.25554e+01	1.87027e-07
1.25718e+01	1.67537e-07
1.25882e+01	1.49999e-07
1.26046e+01	1.34231e-07
1.26210e+01	1.20069e-07
1.26374e+01	1.07359e-07
1.26538e+01	9.59615e-08
1.26702e+01	8.57474e-08
1.26866e+01	7.66011e-08
1.27030e+01	6.84174e-08
1.27194e+01	6.10988e-08
1.27358e+01	5.45570e-08
1.27522e+01	4.87119e-08
1.27686e+01	4.34912e-08
1.27850e+01	3.88300e-08
1.28014e+01	3.46702e-08
1.28178e+01	3.09590e-08
1.28342e+01	2.76473e-08
1.28506e+01	2.46911e-08
1.28670e+01	2.20492e-08
1.28834e+01	1.96843e-08
1.28998e+01	1.75641e-08
1.29162e+01	1.56623e-08
1.29326e+01	1.39608e-08
1.29490e+01	1.24376e-08
1.29654e+01	1.10687e-08
1.29818e+01	9.83488e-09
1.29982e+01	8.72323e-09
1.30146e+01	7.72291e-09
1.30310e+01	6.83375e-09
1.30474e+01	6.05644e-09
1.30638e+01	5.38568e-09
1.30802e+01	4.80382e-09
1.30966e+01	4.29429e-09
1.31130e+01	3.84373e-09
1.31294e+01	3.44186e-09
1.31458e+01	3.08083e-09
1.31622e+01	2.75639e-09
1.31786e+01	2.46567e-09
1.31950e+01	2.20670e-09
1.32114e+01	1.97725e-09
1.32278e+01	1.77401e-09
1.32442e+01	1.59278e-09
1.32606e+01	1.43076e-09
1.32770e+01	1.28553e-09
1.32934e+01	1.15509e-09
1.33098e+01	1.03765e-09
1.33262e+01	9.31748e-10
1.33427e+01	8.36112e-10
1.33591e+01	7.49684e-10
1.33755e+01	6.71549e-10
1.33919e+01	6.00937e-10
1.34083e+01	5.37181e-10
1.34247e+01	4.79667e-10
1.34411e+01	4.27864e-10
1.34575e+01	3.81298e-10
1.34739e+01	3.39563e-10
1.34903e+01	3.02231e-10
1.35067e+01	2.68837e-10
1.35231e+01	2.38957e-10
1.35395e+01	2.12236e-10
1.35559e+01	1.88361e-10
1.35723e+01	1.67048e-10
1.35887e+01	1.48037e-10
1.36051e+01	1.31094e-10
1.36215e+01	1.16007e-10
1.36379e+01	1.02582e-10
1.36543e+01	9.06444e-11
1.36707e+01	8.00379e-11
1.36871e+01	7.06205e-11
1.37035e+01	6.22649e-11
1.37199e+01	5.48568e-11
1.37363e+01	4.82932e-11
1.37527e+01	4.24818e-11
1.37691e+01	3.73402e-11
1.37855e+01	3.27940e-11
1.38019e+01	2.87770e-11
1.38183e+01	2.52300e-11
1.38347e+01	2.21002e-11
1.38511e+01	1.93405e-11
1.38675e+01	1.69087e-11
1.38839e+01	1.47677e-11
1.39003e+01	1.28844e-11
1.39167e+01	1.12295e-11
1.39331e+01	9.77695e-12
1.39495e+01	8.50343e-12
1.39659e+01	7.38813e-12
1.39823e+01	6.41241e-12
1.39987e+01	5.55968e-12
1.40151e+01	4.81537e-12
1.40315e+01	4.16648e-12
1.40479e+01	3.60134e-12
1.40643e+01	3.10969e-12
1.40807e+01	2.68241e-12
1.40971e+01	2.31149e-12
1.41135e+01	1.98984e-12
1.41299e+01	1.71122e-12
1.41463e+01	1.47014e-12
1.41627e+01	1.26175e-12
1.41791e+01	1.08181e-12
1.41955e+01	9.26599e-13
1.42119e+01	7.92847e-13
1.42283e+01	6.77702e-13
1.42447e+01	5.78679e-13
1.42611e+01	4.93614e-13
1.42775e+01	4.20620e-13
1.42939e+01	3.58055e-13
1.43103e+01	3.04489e-13
1.43267e+01	2.58676e-13
1.43431e+01	2.19539e-13
1.43595e+01	1.86138e-13
1.43759e+01	1.57665e-13
1.43923e+01	1.33417e-13
1.44087e+01	1.12789e-13
1.44252e+01	9.52591e-14
1.44416e+01	8.03772e-14
1.44580e+01	6.77562e-14
1.44744e+01	5.70635e-14
1.44908e+01	4.80136e-14
1.45072e+01	4.03616e-14
1.45236e+01	3.38980e-14
1.45400e+01	2.84436e-14
1.45564e+01	2.38454e-14
1.45728e+01	1.99725e-14
1.45892e+01	1.67138e-14
1.46056e+01	1.39744e-14
1.46220e+01	1.16737e-14
1.46384e+01	9.74330e-15
1.46548e+01	8.12504e-15
1.46712e+01	6.76972e-15
1.46876e+01	5.63565e-15
1.47040e+01	4.68758e-15
1.47204e+01	3.89570e-15
1.47368e+01	3.23488e-15
1.47532e+01	2.68391e-15
1.47696e+01	2.22493e-15
1.47860e+01	1.84292e-15
1.48024e+01	1.52525e-15
1.48188e+01	1.26131e-15
1.48352e+01	1.04220e-15
1.48516e+01	8.60458e-16
1.48680e+01	7.09849e-16
1.48844e+01	5.85141e-16
1.49008e+01	4.81969e-16
1.49172e+01	3.96684e-16
1.49336e+01	3.26247e-16
1.49500e+01	2.68122e-16
1.49664e+01	2.20199e-16
1.49828e+01	1.80721e-16
1.49992e+01	1.48229e-16
1.50156e+01	1.21506e-16
1.50320e+01	9.95455e-17
1.50484e+01	8.15087e-17
1.50648e+01	6.67038e-17
1.50812e+01	5.45585e-17
1.50976e+01	4.46006e-17
1.51140e+01	3.64406e-17
1.51304e+01	2.97576e-17
1.51468e+01	2.42873e-17
1.51632e+01	1.98121e-17
1.51796e+01	1.61530e-17
1.51960e+01	1.31627e-17
1.52124e+01	1.07204e-17
1.52288e+01	8.72665e-18
1.52452e+01	7.10002e-18
1.52616e+01	5.77360e-18
1.52780e+01	4.69255e-18
1.52944e+01	3.81195e-18
1.53108e+01	3.09502e-18
1.53272e+01	2.51164e-18
1.53436e+01	2.03717e-18
1.53600e+01	1.65150e-18
1.53764e+01	1.33817e-18
1.53928e+01	1.08373e-18
1.54092e+01	8.77237e-19
1.54256e+01	7.09732e-19
1.54420e+01	5.73926e-19
1.54584e+01	4.63875e-19
1.54748e+01	3.74741e-19
1.54913e+01	3.02585e-19
1.55077e+01	2.44202e-19
1.55241e+01	1.96988e-19
1.55405e+01	1.58824e-19
1.55569e+01	1.27991e-19
1.55733e+01	1.03094e-19
1.55897e+01	8.29990e-20
1.56061e+01	6.67886e-20
1.56225e+01	5.37179e-20
1.56389e+01	4.31840e-20
1.56553e+01	3.46985e-20
1.56717e+01	2.78662e-20
1.56881e+01	2.23677e-20
1.57045e+01	1.79443e-20
1.57209e+01	1.43875e-20
1.57373e+01	1.15284e-20
1.57537e+01	9.23095e-21
1.57701e+01	7.38522e-21
1.57865e+01	5.90318e-21
1.58029e+01	4.71431e-21
1.58193e+01	3.76149e-21
1.58357e+01	2.99857e-21
1.58521e+01	2.38828e-21
1.58685e+01	1.90052e-21
1.58849e+01	1.51106e-21
1.59013e+01	1.20037e-21
1.59177e+01	9.52743e-22
1.59341e+01	7.55559e-22
1.59505e+01	5.98687e-22
1.59669e+01	4.74001e-22
1.59833e+01	3.74989e-22
1.59997e+01	2.96437e-22
1.60161e+01	2.34171e-22
1.60325e+01	1.84853e-22
1.60489e+01	1.45821e-22
1.60653e+01	1.14951e-22
1.60817e+01	9.05538e-23
1.60981e+01	7.12851e-23
1.61145e+01	5.60768e-23
1.61309e+01	4.40813e-23
1.61473e+01	3.46258e-23
1.61637e+01	2.71769e-23
1.61801e+01	2.13120e-23
1.61965e+01	1.66962e-23
1.62129e+01	1.30647e-23
1.62293e+01	1.02078e-23
1.62457e+01	7.95982e-24
1.62621e+01	6.18970e-24
1.62785e+01	4.79367e-24
1.62949e+01	3.68957e-24
1.63113e+01	2.81215e-24
1.63277e+01	2.10945e-24
1.63441e+01	1.53983e-24
1.63605e+01	1.06956e-24
1.63769e+01	6.70923e-25
1.63933e+01	3.20323e-25
