# The ell = 0 distribution, the isotropy.
# E_N [Td]	8.50000e+00
# col_1: Electron Energy [eV], col_2: f0 [eV^(-3/2)]
eV	f0
9.77892e-03	7.50027e-02
2.93368e-02	7.49328e-02
4.88946e-02	7.48452e-02
6.84525e-02	7.47667e-02
8.80103e-02	7.47049e-02
1.07568e-01	7.46588e-02
1.27126e-01	7.46258e-02
1.46684e-01	7.46029e-02
1.66242e-01	7.45868e-02
1.85800e-01	7.45753e-02
2.05357e-01	7.45665e-02
2.24915e-01	7.45593e-02
2.44473e-01	7.45525e-02
2.64031e-01	7.45457e-02
2.83589e-01	7.45382e-02
3.03147e-01	7.45296e-02
3.22704e-01	7.45195e-02
3.42262e-01	7.45077e-02
3.61820e-01	7.44944e-02
3.81378e-01	7.44793e-02
4.00936e-01	7.44624e-02
4.20494e-01	7.44438e-02
4.40052e-01	7.44234e-02
4.59609e-01	7.44013e-02
4.79167e-01	7.43774e-02
4.98725e-01	7.43519e-02
5.18283e-01	7.43246e-02
5.37841e-01	7.42958e-02
5.57399e-01	7.42653e-02
5.76956e-01	7.42332e-02
5.96514e-01	7.41996e-02
6.16072e-01	7.41645e-02
6.35630e-01	7.41279e-02
6.55188e-01	7.40898e-02
6.74746e-01	7.40503e-02
6.94304e-01	7.40094e-02
7.13861e-01	7.39670e-02
7.33419e-01	7.39232e-02
7.52977e-01	7.38781e-02
7.72535e-01	7.38317e-02
7.92093e-01	7.37839e-02
8.11651e-01	7.37349e-02
8.31208e-01	7.36845e-02
8.50766e-01	7.36329e-02
8.70324e-01	7.35801e-02
8.89882e-01	7.35260e-02
9.09440e-01	7.34707e-02
9.28998e-01	7.34142e-02
9.48556e-01	7.33564e-02
9.68113e-01	7.32975e-02
9.87671e-01	7.32373e-02
1.00723e+00	7.31761e-02
1.02679e+00	7.31141e-02
1.04634e+00	7.30514e-02
1.06590e+00	7.29882e-02
1.08546e+00	7.29243e-02
1.10502e+00	7.28599e-02
1.12458e+00	7.27949e-02
1.14413e+00	7.27295e-02
1.16369e+00	7.26635e-02
1.18325e+00	7.25970e-02
1.20281e+00	7.25301e-02
1.22237e+00	7.24627e-02
1.24192e+00	7.23950e-02
1.26148e+00	7.23269e-02
1.28104e+00	7.22584e-02
1.30060e+00	7.21896e-02
1.32015e+00	7.21205e-02
1.33971e+00	7.20512e-02
1.35927e+00	7.19816e-02
1.37883e+00	7.19117e-02
1.39839e+00	7.18416e-02
1.41794e+00	7.17713e-02
1.43750e+00	7.17007e-02
1.45706e+00	7.16300e-02
1.47662e+00	7.15590e-02
1.49618e+00	7.14879e-02
1.51573e+00	7.14165e-02
1.53529e+00	7.13449e-02
1.55485e+00	7.12730e-02
1.57441e+00	7.12009e-02
1.59396e+00	7.11285e-02
1.61352e+00	7.10560e-02
1.63308e+00	7.09833e-02
1.65264e+00	7.09105e-02
1.67220e+00	7.08374e-02
1.69175e+00	7.07643e-02
1.71131e+00	7.06910e-02
1.73087e+00	7.06176e-02
1.75043e+00	7.05442e-02
1.76999e+00	7.04708e-02
1.78954e+00	7.03973e-02
1.80910e+00	7.03237e-02
1.82866e+00	7.02501e-02
1.84822e+00	7.01765e-02
1.86777e+00	7.01028e-02
1.88733e+00	7.00291e-02
1.90689e+00	6.99554e-02
1.92645e+00	6.98815e-02
1.94601e+00	6.98077e-02
1.96556e+00	6.97338e-02
1.98512e+00	6.96598e-02
2.00468e+00	6.95857e-02
2.02424e+00	6.95116e-02
2.04379e+00	6.94373e-02
2.06335e+00	6.93628e-02
2.08291e+00	6.92882e-02
2.10247e+00	6.92134e-02
2.12203e+00	6.91385e-02
2.14158e+00	6.90633e-02
2.16114e+00	6.89881e-02
2.18070e+00	6.89126e-02
2.20026e+00	6.88370e-02
2.21982e+00	6.87613e-02
2.23937e+00	6.86854e-02
2.25893e+00	6.86093e-02
2.27849e+00	6.85331e-02
2.29805e+00	6.84567e-02
2.31760e+00	6.83802e-02
2.33716e+00	6.83035e-02
2.35672e+00	6.82267e-02
2.37628e+00	6.81497e-02
2.39584e+00	6.80725e-02
2.41539e+00	6.79952e-02
2.43495e+00	6.79178e-02
2.45451e+00	6.78402e-02
2.47407e+00	6.77625e-02
2.49363e+00	6.76846e-02
2.51318e+00	6.76065e-02
2.53274e+00	6.75282e-02
2.55230e+00	6.74498e-02
2.57186e+00	6.73711e-02
2.59141e+00	6.72923e-02
2.61097e+00	6.72133e-02
2.63053e+00	6.71341e-02
2.65009e+00	6.70547e-02
2.66965e+00	6.69752e-02
2.68920e+00	6.68954e-02
2.70876e+00	6.68154e-02
2.72832e+00	6.67353e-02
2.74788e+00	6.66549e-02
2.76744e+00	6.65744e-02
2.78699e+00	6.64937e-02
2.80655e+00	6.64128e-02
2.82611e+00	6.63317e-02
2.84567e+00	6.62504e-02
2.86522e+00	6.61689e-02
2.88478e+00	6.60872e-02
2.90434e+00	6.60053e-02
2.92390e+00	6.59232e-02
2.94346e+00	6.58409e-02
2.96301e+00	6.57584e-02
2.98257e+00	6.56757e-02
3.00213e+00	6.55928e-02
3.02169e+00	6.55097e-02
3.04125e+00	6.54265e-02
3.06080e+00	6.53430e-02
3.08036e+00	6.52594e-02
3.09992e+00	6.51756e-02
3.11948e+00	6.50915e-02
3.13903e+00	6.50073e-02
3.15859e+00	6.49229e-02
3.17815e+00	6.48383e-02
3.19771e+00	6.47535e-02
3.21727e+00	6.46685e-02
3.23682e+00	6.45833e-02
3.25638e+00	6.44979e-02
3.27594e+00	6.44123e-02
3.29550e+00	6.43265e-02
3.31505e+00	6.42405e-02
3.33461e+00	6.41543e-02
3.35417e+00	6.40679e-02
3.37373e+00	6.39813e-02
3.39329e+00	6.38944e-02
3.41284e+00	6.38074e-02
3.43240e+00	6.37201e-02
3.45196e+00	6.36326e-02
3.47152e+00	6.35450e-02
3.49108e+00	6.34570e-02
3.51063e+00	6.33689e-02
3.53019e+00	6.32806e-02
3.54975e+00	6.31920e-02
3.56931e+00	6.31032e-02
3.58886e+00	6.30142e-02
3.60842e+00	6.29250e-02
3.62798e+00	6.28355e-02
3.64754e+00	6.27458e-02
3.66710e+00	6.26559e-02
3.68665e+00	6.25657e-02
3.70621e+00	6.24753e-02
3.72577e+00	6.23847e-02
3.74533e+00	6.22938e-02
3.76489e+00	6.22027e-02
3.78444e+00	6.21114e-02
3.80400e+00	6.20198e-02
3.82356e+00	6.19280e-02
3.84312e+00	6.18359e-02
3.86267e+00	6.17436e-02
3.88223e+00	6.16510e-02
3.90179e+00	6.15582e-02
3.92135e+00	6.14651e-02
3.94091e+00	6.13718e-02
3.96046e+00	6.12782e-02
3.98002e+00	6.11844e-02
3.99958e+00	6.10902e-02
4.01914e+00	6.09957e-02
4.03870e+00	6.09008e-02
4.05825e+00	6.08055e-02
4.07781e+00	6.07098e-02
4.09737e+00	6.06137e-02
4.11693e+00	6.05172e-02
4.13648e+00	6.04203e-02
4.15604e+00	6.03229e-02
4.17560e+00	6.02251e-02
4.19516e+00	6.01269e-02
4.21472e+00	6.00283e-02
4.23427e+00	5.99292e-02
4.25383e+00	5.98297e-02
4.27339e+00	5.97298e-02
4.29295e+00	5.96294e-02
4.31251e+00	5.95286e-02
4.33206e+00	5.94274e-02
4.35162e+00	5.93257e-02
4.37118e+00	5.92236e-02
4.39074e+00	5.91210e-02
4.41029e+00	5.90180e-02
4.42985e+00	5.89146e-02
4.44941e+00	5.88107e-02
4.46897e+00	5.87063e-02
4.48853e+00	5.86016e-02
4.50808e+00	5.84963e-02
4.52764e+00	5.83906e-02
4.54720e+00	5.82845e-02
4.56676e+00	5.81779e-02
4.58631e+00	5.80708e-02
4.60587e+00	5.79633e-02
4.62543e+00	5.78553e-02
4.64499e+00	5.77469e-02
4.66455e+00	5.76380e-02
4.68410e+00	5.75286e-02
4.70366e+00	5.74188e-02
4.72322e+00	5.73085e-02
4.74278e+00	5.71977e-02
4.76234e+00	5.70865e-02
4.78189e+00	5.69748e-02
4.80145e+00	5.68626e-02
4.82101e+00	5.67499e-02
4.84057e+00	5.66368e-02
4.86012e+00	5.65231e-02
4.87968e+00	5.64090e-02
4.89924e+00	5.62944e-02
4.91880e+00	5.61794e-02
4.93836e+00	5.60638e-02
4.95791e+00	5.59478e-02
4.97747e+00	5.58312e-02
4.99703e+00	5.57142e-02
5.01659e+00	5.55966e-02
5.03615e+00	5.54786e-02
5.05570e+00	5.53600e-02
5.07526e+00	5.52409e-02
5.09482e+00	5.51212e-02
5.11438e+00	5.50010e-02
5.13393e+00	5.48803e-02
5.15349e+00	5.47590e-02
5.17305e+00	5.46372e-02
5.19261e+00	5.45149e-02
5.21217e+00	5.43920e-02
5.23172e+00	5.42685e-02
5.25128e+00	5.41445e-02
5.27084e+00	5.40200e-02
5.29040e+00	5.38949e-02
5.30996e+00	5.37693e-02
5.32951e+00	5.36431e-02
5.34907e+00	5.35163e-02
5.36863e+00	5.33890e-02
5.38819e+00	5.32612e-02
5.40774e+00	5.31328e-02
5.42730e+00	5.30038e-02
5.44686e+00	5.28743e-02
5.46642e+00	5.27443e-02
5.48598e+00	5.26136e-02
5.50553e+00	5.24824e-02
5.52509e+00	5.23507e-02
5.54465e+00	5.22184e-02
5.56421e+00	5.20855e-02
5.58377e+00	5.19521e-02
5.60332e+00	5.18181e-02
5.62288e+00	5.16835e-02
5.64244e+00	5.15484e-02
5.66200e+00	5.14127e-02
5.68155e+00	5.12764e-02
5.70111e+00	5.11396e-02
5.72067e+00	5.10022e-02
5.74023e+00	5.08642e-02
5.75979e+00	5.07257e-02
5.77934e+00	5.05865e-02
5.79890e+00	5.04469e-02
5.81846e+00	5.03066e-02
5.83802e+00	5.01658e-02
5.85757e+00	5.00244e-02
5.87713e+00	4.98825e-02
5.89669e+00	4.97399e-02
5.91625e+00	4.95968e-02
5.93581e+00	4.94532e-02
5.95536e+00	4.93090e-02
5.97492e+00	4.91642e-02
5.99448e+00	4.90188e-02
6.01404e+00	4.88730e-02
6.03360e+00	4.87265e-02
6.05315e+00	4.85795e-02
6.07271e+00	4.84320e-02
6.09227e+00	4.82839e-02
6.11183e+00	4.81353e-02
6.13138e+00	4.79862e-02
6.15094e+00	4.78366e-02
6.17050e+00	4.76864e-02
6.19006e+00	4.75357e-02
6.20962e+00	4.73845e-02
6.22917e+00	4.72328e-02
6.24873e+00	4.70805e-02
6.26829e+00	4.69277e-02
6.28785e+00	4.67744e-02
6.30741e+00	4.66205e-02
6.32696e+00	4.64662e-02
6.34652e+00	4.63113e-02
6.36608e+00	4.61559e-02
6.38564e+00	4.60000e-02
6.40519e+00	4.58436e-02
6.42475e+00	4.56866e-02
6.44431e+00	4.55292e-02
6.46387e+00	4.53712e-02
6.48343e+00	4.52127e-02
6.50298e+00	4.50537e-02
6.52254e+00	4.48942e-02
6.54210e+00	4.47342e-02
6.56166e+00	4.45737e-02
6.58122e+00	4.44127e-02
6.60077e+00	4.42511e-02
6.62033e+00	4.40891e-02
6.63989e+00	4.39266e-02
6.65945e+00	4.37635e-02
6.67900e+00	4.36000e-02
6.69856e+00	4.34360e-02
6.71812e+00	4.32715e-02
6.73768e+00	4.31065e-02
6.75724e+00	4.29410e-02
6.77679e+00	4.27750e-02
6.79635e+00	4.26085e-02
6.81591e+00	4.24416e-02
6.83547e+00	4.22742e-02
6.85503e+00	4.21063e-02
6.87458e+00	4.19379e-02
6.89414e+00	4.17691e-02
6.91370e+00	4.15998e-02
6.93326e+00	4.14300e-02
6.95281e+00	4.12598e-02
6.97237e+00	4.10892e-02
6.99193e+00	4.09182e-02
7.01149e+00	4.07468e-02
7.03105e+00	4.05750e-02
7.05060e+00	4.04029e-02
7.07016e+00	4.02304e-02
7.08972e+00	4.00575e-02
7.10928e+00	3.98843e-02
7.12883e+00	3.97109e-02
7.14839e+00	3.95371e-02
7.16795e+00	3.93630e-02
7.18751e+00	3.91886e-02
7.20707e+00	3.90139e-02
7.22662e+00	3.88389e-02
7.24618e+00	3.86636e-02
7.26574e+00	3.84881e-02
7.28530e+00	3.83122e-02
7.30486e+00	3.81361e-02
7.32441e+00	3.79597e-02
7.34397e+00	3.77830e-02
7.36353e+00	3.76061e-02
7.38309e+00	3.74289e-02
7.40264e+00	3.72514e-02
7.42220e+00	3.70737e-02
7.44176e+00	3.68957e-02
7.46132e+00	3.67175e-02
7.48088e+00	3.65390e-02
7.50043e+00	3.63603e-02
7.51999e+00	3.61813e-02
7.53955e+00	3.60021e-02
7.55911e+00	3.58227e-02
7.57867e+00	3.56430e-02
7.59822e+00	3.54631e-02
7.61778e+00	3.52830e-02
7.63734e+00	3.51027e-02
7.65690e+00	3.49222e-02
7.67645e+00	3.47415e-02
7.69601e+00	3.45605e-02
7.71557e+00	3.43794e-02
7.73513e+00	3.41980e-02
7.75469e+00	3.40165e-02
7.77424e+00	3.38348e-02
7.79380e+00	3.36529e-02
7.81336e+00	3.34709e-02
7.83292e+00	3.32886e-02
7.85248e+00	3.31062e-02
7.87203e+00	3.29237e-02
7.89159e+00	3.27409e-02
7.91115e+00	3.25581e-02
7.93071e+00	3.23750e-02
7.95026e+00	3.21919e-02
7.96982e+00	3.20086e-02
7.98938e+00	3.18251e-02
8.00894e+00	3.16416e-02
8.02850e+00	3.14579e-02
8.04805e+00	3.12741e-02
8.06761e+00	3.10902e-02
8.08717e+00	3.09062e-02
8.10673e+00	3.07220e-02
8.12629e+00	3.05378e-02
8.14584e+00	3.03535e-02
8.16540e+00	3.01691e-02
8.18496e+00	2.99846e-02
8.20452e+00	2.98001e-02
8.22407e+00	2.96155e-02
8.24363e+00	2.94308e-02
8.26319e+00	2.92460e-02
8.28275e+00	2.90612e-02
8.30231e+00	2.88764e-02
8.32186e+00	2.86915e-02
8.34142e+00	2.85066e-02
8.36098e+00	2.83216e-02
8.38054e+00	2.81367e-02
8.40009e+00	2.79517e-02
8.41965e+00	2.77667e-02
8.43921e+00	2.75817e-02
8.45877e+00	2.73966e-02
8.47833e+00	2.72116e-02
8.49788e+00	2.70266e-02
8.51744e+00	2.68416e-02
8.53700e+00	2.66567e-02
8.55656e+00	2.64718e-02
8.57612e+00	2.62869e-02
8.59567e+00	2.61020e-02
8.61523e+00	2.59172e-02
8.63479e+00	2.57324e-02
8.65435e+00	2.55478e-02
8.67390e+00	2.53631e-02
8.69346e+00	2.51786e-02
8.71302e+00	2.49941e-02
8.73258e+00	2.48097e-02
8.75214e+00	2.46254e-02
8.77169e+00	2.44412e-02
8.79125e+00	2.42571e-02
8.81081e+00	2.40731e-02
8.83037e+00	2.38893e-02
8.84993e+00	2.37055e-02
8.86948e+00	2.35219e-02
8.88904e+00	2.33384e-02
8.90860e+00	2.31551e-02
8.92816e+00	2.29719e-02
8.94771e+00	2.27889e-02
8.96727e+00	2.26061e-02
8.98683e+00	2.24234e-02
9.00639e+00	2.22410e-02
9.02595e+00	2.20588e-02
9.04550e+00	2.18768e-02
9.06506e+00	2.16950e-02
9.08462e+00	2.15135e-02
9.10418e+00	2.13322e-02
9.12374e+00	2.11511e-02
9.14329e+00	2.09703e-02
9.16285e+00	2.07898e-02
9.18241e+00	2.06095e-02
9.20197e+00	2.04295e-02
9.22152e+00	2.02497e-02
9.24108e+00	2.00703e-02
9.26064e+00	1.98911e-02
9.28020e+00	1.97122e-02
9.29976e+00	1.95336e-02
9.31931e+00	1.93554e-02
9.33887e+00	1.91774e-02
9.35843e+00	1.89998e-02
9.37799e+00	1.88225e-02
9.39755e+00	1.86456e-02
9.41710e+00	1.84690e-02
9.43666e+00	1.82927e-02
9.45622e+00	1.81168e-02
9.47578e+00	1.79413e-02
9.49533e+00	1.77661e-02
9.51489e+00	1.75913e-02
9.53445e+00	1.74169e-02
9.55401e+00	1.72429e-02
9.57357e+00	1.70693e-02
9.59312e+00	1.68961e-02
9.61268e+00	1.67232e-02
9.63224e+00	1.65508e-02
9.65180e+00	1.63789e-02
9.67135e+00	1.62073e-02
9.69091e+00	1.60362e-02
9.71047e+00	1.58656e-02
9.73003e+00	1.56954e-02
9.74959e+00	1.55257e-02
9.76914e+00	1.53565e-02
9.78870e+00	1.51877e-02
9.80826e+00	1.50195e-02
9.82782e+00	1.48517e-02
9.84738e+00	1.46845e-02
9.86693e+00	1.45177e-02
9.88649e+00	1.43515e-02
9.90605e+00	1.41857e-02
9.92561e+00	1.40205e-02
9.94516e+00	1.38558e-02
9.96472e+00	1.36917e-02
9.98428e+00	1.35280e-02
1.00038e+01	1.33650e-02
1.00234e+01	1.32024e-02
1.00430e+01	1.30405e-02
1.00625e+01	1.28794e-02
1.00821e+01	1.27191e-02
1.01016e+01	1.25596e-02
1.01212e+01	1.24009e-02
1.01407e+01	1.22430e-02
1.01603e+01	1.20859e-02
1.01799e+01	1.19296e-02
1.01994e+01	1.17740e-02
1.02190e+01	1.16193e-02
1.02385e+01	1.14654e-02
1.02581e+01	1.13122e-02
1.02776e+01	1.11599e-02
1.02972e+01	1.10083e-02
1.03168e+01	1.08576e-02
1.03363e+01	1.07076e-02
1.03559e+01	1.05585e-02
1.03754e+01	1.04101e-02
1.03950e+01	1.02626e-02
1.04146e+01	1.01158e-02
1.04341e+01	9.96984e-03
1.04537e+01	9.82468e-03
1.04732e+01	9.68032e-03
1.04928e+01	9.53677e-03
1.05123e+01	9.39401e-03
1.05319e+01	9.25206e-03
1.05515e+01	9.11090e-03
1.05710e+01	8.97055e-03
1.05906e+01	8.83103e-03
1.06101e+01	8.69222e-03
1.06297e+01	8.55434e-03
1.06492e+01	8.41744e-03
1.06688e+01	8.28150e-03
1.06884e+01	8.14654e-03
1.07079e+01	8.01253e-03
1.07275e+01	7.87948e-03
1.07470e+01	7.74738e-03
1.07666e+01	7.61623e-03
1.07862e+01	7.48602e-03
1.08057e+01	7.35675e-03
1.08253e+01	7.22842e-03
1.08448e+01	7.10101e-03
1.08644e+01	6.97453e-03
1.08839e+01	6.84897e-03
1.09035e+01	6.72433e-03
1.09231e+01	6.60060e-03
1.09426e+01	6.47778e-03
1.09622e+01	6.35587e-03
1.09817e+01	6.23485e-03
1.10013e+01	6.11473e-03
1.10208e+01	5.99550e-03
1.10404e+01	5.87715e-03
1.10600e+01	5.75969e-03
1.10795e+01	5.64311e-03
1.10991e+01	5.52741e-03
1.11186e+01	5.41257e-03
1.11382e+01	5.29860e-03
1.11578e+01	5.18548e-03
1.11773e+01	5.07323e-03
1.11969e+01	4.96183e-03
1.12164e+01	4.85128e-03
1.12360e+01	4.74157e-03
1.12555e+01	4.63270e-03
1.12751e+01	4.52467e-03
1.12947e+01	4.41747e-03
1.13142e+01	4.31110e-03
1.13338e+01	4.20555e-03
1.13533e+01	4.10082e-03
1.13729e+01	3.99690e-03
1.13924e+01	3.89380e-03
1.14120e+01	3.79150e-03
1.14316e+01	3.69001e-03
1.14511e+01	3.58931e-03
1.14707e+01	3.48941e-03
1.14902e+01	3.39029e-03
1.15098e+01	3.29197e-03
1.15294e+01	3.19442e-03
1.15489e+01	3.09765e-03
1.15685e+01	3.00166e-03
1.15880e+01	2.90664e-03
1.16076e+01	2.81277e-03
1.16271e+01	2.72023e-03
1.16467e+01	2.62926e-03
1.16663e+01	2.54033e-03
1.16858e+01	2.45374e-03
1.17054e+01	2.36940e-03
1.17249e+01	2.28715e-03
1.17445e+01	2.20682e-03
1.17640e+01	2.12833e-03
1.17836e+01	2.05174e-03
1.18032e+01	1.97709e-03
1.18227e+01	1.90436e-03
1.18423e+01	1.83359e-03
1.18618e+01	1.76554e-03
1.18814e+01	1.70021e-03
1.19009e+01	1.63718e-03
1.19205e+01	1.57617e-03
1.19401e+01	1.51702e-03
1.19596e+01	1.45962e-03
1.19792e+01	1.40389e-03
1.19987e+01	1.34977e-03
1.20183e+01	1.29722e-03
1.20379e+01	1.24619e-03
1.20574e+01	1.19666e-03
1.20770e+01	1.14859e-03
1.20965e+01	1.10194e-03
1.21161e+01	1.05670e-03
1.21356e+01	1.01284e-03
1.21552e+01	9.70324e-04
1.21748e+01	9.29149e-04
1.21943e+01	8.89288e-04
1.22139e+01	8.50717e-04
1.22334e+01	8.13425e-04
1.22530e+01	7.77397e-04
1.22725e+01	7.42622e-04
1.22921e+01	7.09085e-04
1.23117e+01	6.76769e-04
1.23312e+01	6.45652e-04
1.23508e+01	6.15705e-04
1.23703e+01	5.86902e-04
1.23899e+01	5.59212e-04
1.24095e+01	5.32607e-04
1.24290e+01	5.07062e-04
1.24486e+01	4.82551e-04
1.24681e+01	4.59050e-04
1.24877e+01	4.36536e-04
1.25072e+01	4.14981e-04
1.25268e+01	3.94362e-04
1.25464e+01	3.74653e-04
1.25659e+01	3.55825e-04
1.25855e+01	3.37863e-04
1.26050e+01	3.20745e-04
1.26246e+01	3.04441e-04
1.26441e+01	2.88922e-04
1.26637e+01	2.74159e-04
1.26833e+01	2.60121e-04
1.27028e+01	2.46781e-04
1.27224e+01	2.34108e-04
1.27419e+01	2.22073e-04
1.27615e+01	2.10647e-04
1.27811e+01	1.99801e-04
1.28006e+01	1.89509e-04
1.28202e+01	1.79745e-04
1.28397e+01	1.70479e-04
1.28593e+01	1.61684e-04
1.28788e+01	1.53327e-04
1.28984e+01	1.45378e-04
1.29180e+01	1.37813e-04
1.29375e+01	1.30626e-04
1.29571e+01	1.23793e-04
1.29766e+01	1.17280e-04
1.29962e+01	1.11071e-04
1.30157e+01	1.05155e-04
1.30353e+01	9.95648e-05
1.30549e+01	9.43421e-05
1.30744e+01	8.94883e-05
1.30940e+01	8.49415e-05
1.31135e+01	8.06556e-05
1.31331e+01	7.65908e-05
1.31527e+01	7.27173e-05
1.31722e+01	6.90293e-05
1.31918e+01	6.55276e-05
1.32113e+01	6.22147e-05
1.32309e+01	5.90830e-05
1.32504e+01	5.61097e-05
1.32700e+01	5.32806e-05
1.32896e+01	5.05851e-05
1.33091e+01	4.80121e-05
1.33287e+01	4.55533e-05
1.33482e+01	4.32012e-05
1.33678e+01	4.09503e-05
1.33873e+01	3.87960e-05
1.34069e+01	3.67352e-05
1.34265e+01	3.47651e-05
1.34460e+01	3.28835e-05
1.34656e+01	3.10887e-05
1.34851e+01	2.93801e-05
1.35047e+01	2.77542e-05
1.35243e+01	2.62065e-05
1.35438e+01	2.47339e-05
1.35634e+01	2.33335e-05
1.35829e+01	2.20023e-05
1.36025e+01	2.07376e-05
1.36220e+01	1.95367e-05
1.36416e+01	1.83970e-05
1.36612e+01	1.73156e-05
1.36807e+01	1.62901e-05
1.37003e+01	1.53180e-05
1.37198e+01	1.43969e-05
1.37394e+01	1.35245e-05
1.37589e+01	1.26985e-05
1.37785e+01	1.19168e-05
1.37981e+01	1.11773e-05
1.38176e+01	1.04779e-05
1.38372e+01	9.81673e-06
1.38567e+01	9.19201e-06
1.38763e+01	8.60195e-06
1.38958e+01	8.04493e-06
1.39154e+01	7.51942e-06
1.39350e+01	7.02397e-06
1.39545e+01	6.55720e-06
1.39741e+01	6.11774e-06
1.39936e+01	5.70427e-06
1.40132e+01	5.31553e-06
1.40328e+01	4.95031e-06
1.40523e+01	4.60742e-06
1.40719e+01	4.28573e-06
1.40914e+01	3.98413e-06
1.41110e+01	3.70155e-06
1.41305e+01	3.43699e-06
1.41501e+01	3.18945e-06
1.41697e+01	2.95799e-06
1.41892e+01	2.74171e-06
1.42088e+01	2.53974e-06
1.42283e+01	2.35125e-06
1.42479e+01	2.17545e-06
1.42674e+01	2.01161e-06
1.42870e+01	1.85901e-06
1.43066e+01	1.71699e-06
1.43261e+01	1.58490e-06
1.43457e+01	1.46214e-06
1.43652e+01	1.34812e-06
1.43848e+01	1.24230e-06
1.44044e+01	1.14414e-06
1.44239e+01	1.05315e-06
1.44435e+01	9.68865e-07
1.44630e+01	8.90841e-07
1.44826e+01	8.18658e-07
1.45021e+01	7.51921e-07
1.45217e+01	6.90257e-07
1.45413e+01	6.33316e-07
1.45608e+01	5.80769e-07
1.45804e+01	5.32305e-07
1.45999e+01	4.87635e-07
1.46195e+01	4.46485e-07
1.46390e+01	4.08601e-07
1.46586e+01	3.73744e-07
1.46782e+01	3.41690e-07
1.46977e+01	3.12231e-07
1.47173e+01	2.85173e-07
1.47368e+01	2.60334e-07
1.47564e+01	2.37544e-07
1.47760e+01	2.16647e-07
1.47955e+01	1.97495e-07
1.48151e+01	1.79953e-07
1.48346e+01	1.63894e-07
1.48542e+01	1.49202e-07
1.48737e+01	1.35766e-07
1.48933e+01	1.23487e-07
1.49129e+01	1.12272e-07
1.49324e+01	1.02033e-07
1.49520e+01	9.26905e-08
1.49715e+01	8.41718e-08
1.49911e+01	7.64082e-08
1.50106e+01	6.93366e-08
1.50302e+01	6.28986e-08
1.50498e+01	5.70396e-08
1.50693e+01	5.17098e-08
1.50889e+01	4.68629e-08
1.51084e+01	4.24567e-08
1.51280e+01	3.84525e-08
1.51476e+01	3.48150e-08
1.51671e+01	3.15115e-08
1.51867e+01	2.85126e-08
1.52062e+01	2.57909e-08
1.52258e+01	2.33218e-08
1.52453e+01	2.10825e-08
1.52649e+01	1.90523e-08
1.52845e+01	1.72122e-08
1.53040e+01	1.55451e-08
1.53236e+01	1.40352e-08
1.53431e+01	1.26680e-08
1.53627e+01	1.14305e-08
1.53822e+01	1.03107e-08
1.54018e+01	9.29786e-09
1.54214e+01	8.38192e-09
1.54409e+01	7.55392e-09
1.54605e+01	6.80563e-09
1.54800e+01	6.12960e-09
1.54996e+01	5.51904e-09
1.55192e+01	4.96776e-09
1.55387e+01	4.47017e-09
1.55583e+01	4.02115e-09
1.55778e+01	3.61610e-09
1.55974e+01	3.25080e-09
1.56169e+01	2.92144e-09
1.56365e+01	2.62457e-09
1.56561e+01	2.35705e-09
1.56756e+01	2.11604e-09
1.56952e+01	1.89895e-09
1.57147e+01	1.70346e-09
1.57343e+01	1.52744e-09
1.57538e+01	1.36899e-09
1.57734e+01	1.22636e-09
1.57930e+01	1.09801e-09
1.58125e+01	9.82576e-10
1.58321e+01	8.78825e-10
1.58516e+01	7.85628e-10
1.58712e+01	7.01959e-10
1.58907e+01	6.26888e-10
1.59103e+01	5.59570e-10
1.59299e+01	4.99241e-10
1.59494e+01	4.45207e-10
1.59690e+01	3.96838e-10
1.59885e+01	3.53568e-10
1.60081e+01	3.14881e-10
1.60277e+01	2.80310e-10
1.60472e+01	2.49433e-10
1.60668e+01	2.21867e-10
1.60863e+01	1.97269e-10
1.61059e+01	1.75327e-10
1.61254e+01	1.55764e-10
1.61450e+01	1.38329e-10
1.61646e+01	1.22797e-10
1.61841e+01	1.08967e-10
1.62037e+01	9.66560e-11
1.62232e+01	8.57027e-11
1.62428e+01	7.59612e-11
1.62623e+01	6.73010e-11
1.62819e+01	5.96053e-11
1.63015e+01	5.27693e-11
1.63210e+01	4.66995e-11
1.63406e+01	4.13121e-11
1.63601e+01	3.65325e-11
1.63797e+01	3.22935e-11
1.63993e+01	2.85357e-11
1.64188e+01	2.52057e-11
1.64384e+01	2.22559e-11
1.64579e+01	1.96439e-11
1.64775e+01	1.73319e-11
1.64970e+01	1.52863e-11
1.65166e+01	1.34769e-11
1.65362e+01	1.18772e-11
1.65557e+01	1.04634e-11
1.65753e+01	9.21442e-12
1.65948e+01	8.11147e-12
1.66144e+01	7.13788e-12
1.66339e+01	6.27879e-12
1.66535e+01	5.52105e-12
1.66731e+01	4.85297e-12
1.66926e+01	4.26416e-12
1.67122e+01	3.74543e-12
1.67317e+01	3.28860e-12
1.67513e+01	2.88645e-12
1.67709e+01	2.53256e-12
1.67904e+01	2.22126e-12
1.68100e+01	1.94754e-12
1.68295e+01	1.70693e-12
1.68491e+01	1.49553e-12
1.68686e+01	1.30985e-12
1.68882e+01	1.14683e-12
1.69078e+01	1.00375e-12
1.69273e+01	8.78221e-13
1.69469e+01	7.68130e-13
1.69664e+01	6.71616e-13
1.69860e+01	5.87034e-13
1.70055e+01	5.12939e-13
1.70251e+01	4.48053e-13
1.70447e+01	3.91251e-13
1.70642e+01	3.41544e-13
1.70838e+01	2.98059e-13
1.71033e+01	2.60031e-13
1.71229e+01	2.26785e-13
1.71425e+01	1.97729e-13
1.71620e+01	1.72343e-13
1.71816e+01	1.50170e-13
1.72011e+01	1.30811e-13
1.72207e+01	1.13913e-13
1.72402e+01	9.91679e-14
1.72598e+01	8.63060e-14
1.72794e+01	7.50900e-14
1.72989e+01	6.53122e-14
1.73185e+01	5.67909e-14
1.73380e+01	4.93668e-14
1.73576e+01	4.29006e-14
1.73771e+01	3.72705e-14
1.73967e+01	3.23699e-14
1.74163e+01	2.81054e-14
1.74358e+01	2.43957e-14
1.74554e+01	2.11695e-14
1.74749e+01	1.83646e-14
1.74945e+01	1.59267e-14
1.75141e+01	1.38085e-14
1.75336e+01	1.19686e-14
1.75532e+01	1.03708e-14
1.75727e+01	8.98369e-15
1.75923e+01	7.77990e-15
1.76118e+01	6.73549e-15
1.76314e+01	5.82963e-15
1.76510e+01	5.04417e-15
1.76705e+01	4.36332e-15
1.76901e+01	3.77331e-15
1.77096e+01	3.26217e-15
1.77292e+01	2.81950e-15
1.77487e+01	2.43623e-15
1.77683e+01	2.10448e-15
1.77879e+01	1.81741e-15
1.78074e+01	1.56908e-15
1.78270e+01	1.35433e-15
1.78465e+01	1.16866e-15
1.78661e+01	1.00817e-15
1.78857e+01	8.69481e-16
1.79052e+01	7.49669e-16
1.79248e+01	6.46194e-16
1.79443e+01	5.56856e-16
1.79639e+01	4.79747e-16
1.79834e+01	4.13213e-16
1.80030e+01	3.55820e-16
1.80226e+01	3.06327e-16
1.80421e+01	2.63657e-16
1.80617e+01	2.26879e-16
1.80812e+01	1.95187e-16
1.81008e+01	1.67885e-16
1.81203e+01	1.44370e-16
1.81399e+01	1.24122e-16
1.81595e+01	1.06691e-16
1.81790e+01	9.16875e-17
1.81986e+01	7.87761e-17
1.82181e+01	6.76674e-17
1.82377e+01	5.81120e-17
1.82572e+01	4.98946e-17
1.82768e+01	4.28296e-17
1.82964e+01	3.67568e-17
1.83159e+01	3.15380e-17
1.83355e+01	2.70542e-17
1.83550e+01	2.32026e-17
1.83746e+01	1.98950e-17
1.83942e+01	1.70551e-17
1.84137e+01	1.46174e-17
1.84333e+01	1.25253e-17
1.84528e+01	1.07303e-17
1.84724e+01	9.19055e-18
1.84919e+01	7.86999e-18
1.85115e+01	6.73769e-18
1.85311e+01	5.76702e-18
1.85506e+01	4.93510e-18
1.85702e+01	4.22225e-18
1.85897e+01	3.61157e-18
1.86093e+01	3.08853e-18
1.86288e+01	2.64066e-18
1.86484e+01	2.25724e-18
1.86680e+01	1.92907e-18
1.86875e+01	1.64826e-18
1.87071e+01	1.40801e-18
1.87266e+01	1.20253e-18
1.87462e+01	1.02681e-18
1.87658e+01	8.76576e-19
1.87853e+01	7.48166e-19
1.88049e+01	6.38432e-19
1.88244e+01	5.44677e-19
1.88440e+01	4.64593e-19
1.88635e+01	3.96202e-19
1.88831e+01	3.37808e-19
1.89027e+01	2.87961e-19
1.89222e+01	2.45419e-19
1.89418e+01	2.09120e-19
1.89613e+01	1.78154e-19
1.89809e+01	1.51745e-19
1.90004e+01	1.29225e-19
1.90200e+01	1.10026e-19
1.90396e+01	9.36623e-20
1.90591e+01	7.97167e-20
1.90787e+01	6.78342e-20
1.90982e+01	5.77111e-20
1.91178e+01	4.90880e-20
1.91374e+01	4.17435e-20
1.91569e+01	3.54887e-20
1.91765e+01	3.01624e-20
1.91960e+01	2.56268e-20
1.92156e+01	2.17645e-20
1.92351e+01	1.84753e-20
1.92547e+01	1.56736e-20
1.92743e+01	1.32864e-20
1.92938e+01	1.12514e-20
1.93134e+01	9.51529e-21
1.93329e+01	8.03257e-21
1.93525e+01	6.76430e-21
1.93720e+01	5.67713e-21
1.93916e+01	4.74240e-21
1.94112e+01	3.93544e-21
1.94307e+01	3.23494e-21
1.94503e+01	2.62239e-21
1.94698e+01	2.08157e-21
1.94894e+01	1.59819e-21
1.95090e+01	1.15947e-21
1.95285e+01	7.53848e-22
1.95481e+01	3.70566e-22
