# The ell = 0 distribution, the isotropy.
# E_N [Td]	1.50000e+01
# col_1: Electron Energy [eV], col_2: f0 [eV^(-3/2)]
eV	f0
1.05680e-02	2.47190e-01
3.17040e-02	2.47179e-01
5.28400e-02	2.47168e-01
7.39760e-02	2.47157e-01
9.51120e-02	2.47149e-01
1.16248e-01	2.47141e-01
1.37384e-01	2.47134e-01
1.58520e-01	2.47128e-01
1.79656e-01	2.47122e-01
2.00792e-01	2.47115e-01
2.21928e-01	2.47109e-01
2.43064e-01	2.47102e-01
2.64200e-01	2.47095e-01
2.85336e-01	2.47087e-01
3.06472e-01	2.47077e-01
3.27608e-01	2.47067e-01
3.48744e-01	2.47055e-01
3.69880e-01	2.47042e-01
3.91016e-01	2.47027e-01
4.12152e-01	2.47009e-01
4.33288e-01	2.46989e-01
4.54424e-01	2.46966e-01
4.75560e-01	2.46940e-01
4.96696e-01	2.46910e-01
5.17832e-01	2.46876e-01
5.38968e-01	2.46836e-01
5.60104e-01	2.46792e-01
5.81240e-01	2.46740e-01
6.02376e-01	2.46681e-01
6.23512e-01	2.46614e-01
6.44648e-01	2.46537e-01
6.65784e-01	2.46450e-01
6.86920e-01	2.46350e-01
7.08056e-01	2.46235e-01
7.29192e-01	2.46104e-01
7.50328e-01	2.45955e-01
7.71464e-01	2.45785e-01
7.92600e-01	2.45595e-01
8.13736e-01	2.45382e-01
8.34872e-01	2.45145e-01
8.56008e-01	2.44883e-01
8.77144e-01	2.44596e-01
8.98280e-01	2.44281e-01
9.19416e-01	2.43935e-01
9.40552e-01	2.43557e-01
9.61688e-01	2.43144e-01
9.82824e-01	2.42691e-01
1.00396e+00	2.42198e-01
1.02510e+00	2.41663e-01
1.04623e+00	2.41086e-01
1.06737e+00	2.40465e-01
1.08850e+00	2.39800e-01
1.10964e+00	2.39092e-01
1.13078e+00	2.38342e-01
1.15191e+00	2.37549e-01
1.17305e+00	2.36712e-01
1.19418e+00	2.35831e-01
1.21532e+00	2.34906e-01
1.23646e+00	2.33935e-01
1.25759e+00	2.32915e-01
1.27873e+00	2.31844e-01
1.29986e+00	2.30720e-01
1.32100e+00	2.29540e-01
1.34214e+00	2.28300e-01
1.36327e+00	2.26997e-01
1.38441e+00	2.25627e-01
1.40554e+00	2.24188e-01
1.42668e+00	2.22683e-01
1.44782e+00	2.21113e-01
1.46895e+00	2.19480e-01
1.49009e+00	2.17786e-01
1.51122e+00	2.16031e-01
1.53236e+00	2.14215e-01
1.55350e+00	2.12338e-01
1.57463e+00	2.10388e-01
1.59577e+00	2.08359e-01
1.61690e+00	2.06247e-01
1.63804e+00	2.04044e-01
1.65918e+00	2.01744e-01
1.68031e+00	1.99341e-01
1.70145e+00	1.96833e-01
1.72258e+00	1.94219e-01
1.74372e+00	1.91498e-01
1.76486e+00	1.88670e-01
1.78599e+00	1.85743e-01
1.80713e+00	1.82724e-01
1.82826e+00	1.79621e-01
1.84940e+00	1.76430e-01
1.87054e+00	1.73147e-01
1.89167e+00	1.69773e-01
1.91281e+00	1.66318e-01
1.93394e+00	1.62813e-01
1.95508e+00	1.59304e-01
1.97622e+00	1.55819e-01
1.99735e+00	1.52368e-01
2.01849e+00	1.48960e-01
2.03962e+00	1.45621e-01
2.06076e+00	1.42353e-01
2.08190e+00	1.39155e-01
2.10303e+00	1.36023e-01
2.12417e+00	1.32947e-01
2.14530e+00	1.29909e-01
2.16644e+00	1.26914e-01
2.18758e+00	1.23974e-01
2.20871e+00	1.21091e-01
2.22985e+00	1.18272e-01
2.25098e+00	1.15532e-01
2.27212e+00	1.12905e-01
2.29326e+00	1.10389e-01
2.31439e+00	1.07976e-01
2.33553e+00	1.05663e-01
2.35666e+00	1.03447e-01
2.37780e+00	1.01290e-01
2.39894e+00	9.91868e-02
2.42007e+00	9.71443e-02
2.44121e+00	9.51515e-02
2.46234e+00	9.32079e-02
2.48348e+00	9.13301e-02
2.50462e+00	8.95514e-02
2.52575e+00	8.78673e-02
2.54689e+00	8.62745e-02
2.56802e+00	8.47669e-02
2.58916e+00	8.33376e-02
2.61030e+00	8.19680e-02
2.63143e+00	8.06397e-02
2.65257e+00	7.93526e-02
2.67370e+00	7.81085e-02
2.69484e+00	7.69064e-02
2.71598e+00	7.57470e-02
2.73711e+00	7.46393e-02
2.75825e+00	7.35852e-02
2.77938e+00	7.25762e-02
2.80052e+00	7.16094e-02
2.82166e+00	7.06832e-02
2.84279e+00	6.97952e-02
2.86393e+00	6.89437e-02
2.88506e+00	6.81253e-02
2.90620e+00	6.73439e-02
2.92734e+00	6.65971e-02
2.94847e+00	6.58821e-02
2.96961e+00	6.51958e-02
2.99074e+00	6.45354e-02
3.01188e+00	6.38972e-02
3.03302e+00	6.32789e-02
3.05415e+00	6.26802e-02
3.07529e+00	6.21011e-02
3.09642e+00	6.15413e-02
3.11756e+00	6.10010e-02
3.13870e+00	6.04793e-02
3.15983e+00	5.99753e-02
3.18097e+00	5.94876e-02
3.20210e+00	5.90155e-02
3.22324e+00	5.85586e-02
3.24438e+00	5.81163e-02
3.26551e+00	5.76883e-02
3.28665e+00	5.72740e-02
3.30778e+00	5.68728e-02
3.32892e+00	5.64836e-02
3.35006e+00	5.61055e-02
3.37119e+00	5.57376e-02
3.39233e+00	5.53792e-02
3.41346e+00	5.50294e-02
3.43460e+00	5.46877e-02
3.45574e+00	5.43534e-02
3.47687e+00	5.40263e-02
3.49801e+00	5.37061e-02
3.51914e+00	5.33924e-02
3.54028e+00	5.30848e-02
3.56142e+00	5.27832e-02
3.58255e+00	5.24874e-02
3.60369e+00	5.21969e-02
3.62482e+00	5.19117e-02
3.64596e+00	5.16315e-02
3.66710e+00	5.13562e-02
3.68823e+00	5.10856e-02
3.70937e+00	5.08194e-02
3.73050e+00	5.05576e-02
3.75164e+00	5.02998e-02
3.77278e+00	5.00456e-02
3.79391e+00	4.97949e-02
3.81505e+00	4.95473e-02
3.83618e+00	4.93024e-02
3.85732e+00	4.90600e-02
3.87846e+00	4.88199e-02
3.89959e+00	4.85818e-02
3.92073e+00	4.83456e-02
3.94186e+00	4.81112e-02
3.96300e+00	4.78785e-02
3.98414e+00	4.76473e-02
4.00527e+00	4.74176e-02
4.02641e+00	4.71889e-02
4.04754e+00	4.69614e-02
4.06868e+00	4.67350e-02
4.08982e+00	4.65097e-02
4.11095e+00	4.62855e-02
4.13209e+00	4.60624e-02
4.15322e+00	4.58403e-02
4.17436e+00	4.56194e-02
4.19550e+00	4.53997e-02
4.21663e+00	4.51810e-02
4.23777e+00	4.49636e-02
4.25890e+00	4.47473e-02
4.28004e+00	4.45322e-02
4.30118e+00	4.43184e-02
4.32231e+00	4.41058e-02
4.34345e+00	4.38946e-02
4.36458e+00	4.36846e-02
4.38572e+00	4.34761e-02
4.40686e+00	4.32689e-02
4.42799e+00	4.30632e-02
4.44913e+00	4.28589e-02
4.47026e+00	4.26560e-02
4.49140e+00	4.24545e-02
4.51254e+00	4.22545e-02
4.53367e+00	4.20560e-02
4.55481e+00	4.18589e-02
4.57594e+00	4.16632e-02
4.59708e+00	4.14690e-02
4.61822e+00	4.12761e-02
4.63935e+00	4.10846e-02
4.66049e+00	4.08943e-02
4.68162e+00	4.07053e-02
4.70276e+00	4.05175e-02
4.72390e+00	4.03307e-02
4.74503e+00	4.01450e-02
4.76617e+00	3.99603e-02
4.78730e+00	3.97765e-02
4.80844e+00	3.95936e-02
4.82958e+00	3.94115e-02
4.85071e+00	3.92301e-02
4.87185e+00	3.90493e-02
4.89298e+00	3.88690e-02
4.91412e+00	3.86892e-02
4.93526e+00	3.85098e-02
4.95639e+00	3.83307e-02
4.97753e+00	3.81519e-02
4.99866e+00	3.79733e-02
5.01980e+00	3.77948e-02
5.04094e+00	3.76165e-02
5.06207e+00	3.74383e-02
5.08321e+00	3.72601e-02
5.10434e+00	3.70819e-02
5.12548e+00	3.69037e-02
5.14662e+00	3.67255e-02
5.16775e+00	3.65472e-02
5.18889e+00	3.63690e-02
5.21002e+00	3.61907e-02
5.23116e+00	3.60125e-02
5.25230e+00	3.58342e-02
5.27343e+00	3.56559e-02
5.29457e+00	3.54776e-02
5.31570e+00	3.52993e-02
5.33684e+00	3.51211e-02
5.35798e+00	3.49428e-02
5.37911e+00	3.47645e-02
5.40025e+00	3.45863e-02
5.42138e+00	3.44081e-02
5.44252e+00	3.42299e-02
5.46366e+00	3.40517e-02
5.48479e+00	3.38735e-02
5.50593e+00	3.36953e-02
5.52706e+00	3.35172e-02
5.54820e+00	3.33391e-02
5.56934e+00	3.31610e-02
5.59047e+00	3.29830e-02
5.61161e+00	3.28049e-02
5.63274e+00	3.26270e-02
5.65388e+00	3.24490e-02
5.67502e+00	3.22711e-02
5.69615e+00	3.20932e-02
5.71729e+00	3.19154e-02
5.73842e+00	3.17376e-02
5.75956e+00	3.15598e-02
5.78070e+00	3.13821e-02
5.80183e+00	3.12045e-02
5.82297e+00	3.10269e-02
5.84410e+00	3.08493e-02
5.86524e+00	3.06718e-02
5.88638e+00	3.04943e-02
5.90751e+00	3.03169e-02
5.92865e+00	3.01396e-02
5.94978e+00	2.99623e-02
5.97092e+00	2.97850e-02
5.99206e+00	2.96079e-02
6.01319e+00	2.94308e-02
6.03433e+00	2.92537e-02
6.05546e+00	2.90768e-02
6.07660e+00	2.88999e-02
6.09774e+00	2.87231e-02
6.11887e+00	2.85464e-02
6.14001e+00	2.83698e-02
6.16114e+00	2.81934e-02
6.18228e+00	2.80170e-02
6.20342e+00	2.78407e-02
6.22455e+00	2.76644e-02
6.24569e+00	2.74883e-02
6.26682e+00	2.73123e-02
6.28796e+00	2.71364e-02
6.30910e+00	2.69606e-02
6.33023e+00	2.67848e-02
6.35137e+00	2.66092e-02
6.37250e+00	2.64337e-02
6.39364e+00	2.62582e-02
6.41478e+00	2.60829e-02
6.43591e+00	2.59077e-02
6.45705e+00	2.57325e-02
6.47818e+00	2.55575e-02
6.49932e+00	2.53825e-02
6.52046e+00	2.52077e-02
6.54159e+00	2.50329e-02
6.56273e+00	2.48583e-02
6.58386e+00	2.46837e-02
6.60500e+00	2.45092e-02
6.62614e+00	2.43348e-02
6.64727e+00	2.41606e-02
6.66841e+00	2.39864e-02
6.68954e+00	2.38123e-02
6.71068e+00	2.36383e-02
6.73182e+00	2.34644e-02
6.75295e+00	2.32906e-02
6.77409e+00	2.31168e-02
6.79522e+00	2.29432e-02
6.81636e+00	2.27697e-02
6.83750e+00	2.25963e-02
6.85863e+00	2.24229e-02
6.87977e+00	2.22497e-02
6.90090e+00	2.20766e-02
6.92204e+00	2.19036e-02
6.94318e+00	2.17307e-02
6.96431e+00	2.15579e-02
6.98545e+00	2.13853e-02
7.00658e+00	2.12129e-02
7.02772e+00	2.10407e-02
7.04886e+00	2.08686e-02
7.06999e+00	2.06966e-02
7.09113e+00	2.05249e-02
7.11226e+00	2.03533e-02
7.13340e+00	2.01820e-02
7.15454e+00	2.00108e-02
7.17567e+00	1.98399e-02
7.19681e+00	1.96692e-02
7.21794e+00	1.94987e-02
7.23908e+00	1.93284e-02
7.26022e+00	1.91583e-02
7.28135e+00	1.89884e-02
7.30249e+00	1.88187e-02
7.32362e+00	1.86492e-02
7.34476e+00	1.84799e-02
7.36590e+00	1.83108e-02
7.38703e+00	1.81419e-02
7.40817e+00	1.79731e-02
7.42930e+00	1.78046e-02
7.45044e+00	1.76363e-02
7.47158e+00	1.74682e-02
7.49271e+00	1.73004e-02
7.51385e+00	1.71327e-02
7.53498e+00	1.69653e-02
7.55612e+00	1.67981e-02
7.57726e+00	1.66311e-02
7.59839e+00	1.64644e-02
7.61953e+00	1.62980e-02
7.64066e+00	1.61318e-02
7.66180e+00	1.59658e-02
7.68294e+00	1.58001e-02
7.70407e+00	1.56347e-02
7.72521e+00	1.54696e-02
7.74634e+00	1.53048e-02
7.76748e+00	1.51402e-02
7.78862e+00	1.49759e-02
7.80975e+00	1.48120e-02
7.83089e+00	1.46484e-02
7.85202e+00	1.44851e-02
7.87316e+00	1.43222e-02
7.89430e+00	1.41597e-02
7.91543e+00	1.39976e-02
7.93657e+00	1.38360e-02
7.95770e+00	1.36748e-02
7.97884e+00	1.35141e-02
7.99998e+00	1.33538e-02
8.02111e+00	1.31941e-02
8.04225e+00	1.30349e-02
8.06338e+00	1.28763e-02
8.08452e+00	1.27183e-02
8.10566e+00	1.25608e-02
8.12679e+00	1.24040e-02
8.14793e+00	1.22478e-02
8.16906e+00	1.20923e-02
8.19020e+00	1.19374e-02
8.21134e+00	1.17833e-02
8.23247e+00	1.16298e-02
8.25361e+00	1.14771e-02
8.27474e+00	1.13252e-02
8.29588e+00	1.11740e-02
8.31702e+00	1.10237e-02
8.33815e+00	1.08742e-02
8.35929e+00	1.07255e-02
8.38042e+00	1.05778e-02
8.40156e+00	1.04310e-02
8.42270e+00	1.02851e-02
8.44383e+00	1.01402e-02
8.46497e+00	9.99625e-03
8.48610e+00	9.85336e-03
8.50724e+00	9.71154e-03
8.52838e+00	9.57081e-03
8.54951e+00	9.43119e-03
8.57065e+00	9.29272e-03
8.59178e+00	9.15541e-03
8.61292e+00	9.01927e-03
8.63406e+00	8.88432e-03
8.65519e+00	8.75058e-03
8.67633e+00	8.61805e-03
8.69746e+00	8.48676e-03
8.71860e+00	8.35671e-03
8.73974e+00	8.22792e-03
8.76087e+00	8.10039e-03
8.78201e+00	7.97414e-03
8.80314e+00	7.84919e-03
8.82428e+00	7.72553e-03
8.84542e+00	7.60318e-03
8.86655e+00	7.48215e-03
8.88769e+00	7.36244e-03
8.90882e+00	7.24407e-03
8.92996e+00	7.12703e-03
8.95110e+00	7.01134e-03
8.97223e+00	6.89702e-03
8.99337e+00	6.78407e-03
9.01450e+00	6.67249e-03
9.03564e+00	6.56228e-03
9.05678e+00	6.45344e-03
9.07791e+00	6.34596e-03
9.09905e+00	6.23983e-03
9.12018e+00	6.13504e-03
9.14132e+00	6.03158e-03
9.16246e+00	5.92944e-03
9.18359e+00	5.82862e-03
9.20473e+00	5.72911e-03
9.22586e+00	5.63089e-03
9.24700e+00	5.53396e-03
9.26814e+00	5.43831e-03
9.28927e+00	5.34393e-03
9.31041e+00	5.25080e-03
9.33154e+00	5.15893e-03
9.35268e+00	5.06830e-03
9.37382e+00	4.97891e-03
9.39495e+00	4.89073e-03
9.41609e+00	4.80377e-03
9.43722e+00	4.71801e-03
9.45836e+00	4.63344e-03
9.47950e+00	4.55005e-03
9.50063e+00	4.46784e-03
9.52177e+00	4.38678e-03
9.54290e+00	4.30688e-03
9.56404e+00	4.22811e-03
9.58518e+00	4.15047e-03
9.60631e+00	4.07396e-03
9.62745e+00	3.99855e-03
9.64858e+00	3.92424e-03
9.66972e+00	3.85103e-03
9.69086e+00	3.77890e-03
9.71199e+00	3.70786e-03
9.73313e+00	3.63788e-03
9.75426e+00	3.56897e-03
9.77540e+00	3.50110e-03
9.79654e+00	3.43428e-03
9.81767e+00	3.36849e-03
9.83881e+00	3.30372e-03
9.85994e+00	3.23996e-03
9.88108e+00	3.17721e-03
9.90222e+00	3.11546e-03
9.92335e+00	3.05469e-03
9.94449e+00	2.99489e-03
9.96562e+00	2.93606e-03
9.98676e+00	2.87818e-03
1.00079e+01	2.82126e-03
1.00290e+01	2.76525e-03
1.00502e+01	2.71021e-03
1.00713e+01	2.65613e-03
1.00924e+01	2.60300e-03
1.01136e+01	2.55081e-03
1.01347e+01	2.49953e-03
1.01558e+01	2.44916e-03
1.01770e+01	2.39967e-03
1.01981e+01	2.35106e-03
1.02193e+01	2.30330e-03
1.02404e+01	2.25639e-03
1.02615e+01	2.21030e-03
1.02827e+01	2.16503e-03
1.03038e+01	2.12055e-03
1.03249e+01	2.07687e-03
1.03461e+01	2.03396e-03
1.03672e+01	1.99180e-03
1.03883e+01	1.95039e-03
1.04095e+01	1.90972e-03
1.04306e+01	1.86976e-03
1.04518e+01	1.83052e-03
1.04729e+01	1.79197e-03
1.04940e+01	1.75410e-03
1.05152e+01	1.71690e-03
1.05363e+01	1.68037e-03
1.05574e+01	1.64448e-03
1.05786e+01	1.60923e-03
1.05997e+01	1.57460e-03
1.06208e+01	1.54058e-03
1.06420e+01	1.50720e-03
1.06631e+01	1.47445e-03
1.06842e+01	1.44231e-03
1.07054e+01	1.41077e-03
1.07265e+01	1.37982e-03
1.07477e+01	1.34946e-03
1.07688e+01	1.31966e-03
1.07899e+01	1.29042e-03
1.08111e+01	1.26172e-03
1.08322e+01	1.23357e-03
1.08533e+01	1.20593e-03
1.08745e+01	1.17881e-03
1.08956e+01	1.15220e-03
1.09167e+01	1.12608e-03
1.09379e+01	1.10045e-03
1.09590e+01	1.07529e-03
1.09802e+01	1.05060e-03
1.10013e+01	1.02636e-03
1.10224e+01	1.00257e-03
1.10436e+01	9.79222e-04
1.10647e+01	9.56301e-04
1.10858e+01	9.33799e-04
1.11070e+01	9.11709e-04
1.11281e+01	8.90022e-04
1.11492e+01	8.68729e-04
1.11704e+01	8.47822e-04
1.11915e+01	8.27293e-04
1.12126e+01	8.07134e-04
1.12338e+01	7.87338e-04
1.12549e+01	7.67897e-04
1.12761e+01	7.48803e-04
1.12972e+01	7.30051e-04
1.13183e+01	7.11634e-04
1.13395e+01	6.93543e-04
1.13606e+01	6.75773e-04
1.13817e+01	6.58317e-04
1.14029e+01	6.41168e-04
1.14240e+01	6.24320e-04
1.14451e+01	6.07767e-04
1.14663e+01	5.91502e-04
1.14874e+01	5.75518e-04
1.15086e+01	5.59811e-04
1.15297e+01	5.44373e-04
1.15508e+01	5.29199e-04
1.15720e+01	5.14283e-04
1.15931e+01	4.99633e-04
1.16142e+01	4.85253e-04
1.16354e+01	4.71152e-04
1.16565e+01	4.57347e-04
1.16776e+01	4.43864e-04
1.16988e+01	4.30706e-04
1.17199e+01	4.17860e-04
1.17410e+01	4.05308e-04
1.17622e+01	3.93038e-04
1.17833e+01	3.81050e-04
1.18045e+01	3.69343e-04
1.18256e+01	3.57913e-04
1.18467e+01	3.46758e-04
1.18679e+01	3.35931e-04
1.18890e+01	3.25420e-04
1.19101e+01	3.15200e-04
1.19313e+01	3.05266e-04
1.19524e+01	2.95605e-04
1.19735e+01	2.86206e-04
1.19947e+01	2.77057e-04
1.20158e+01	2.68152e-04
1.20370e+01	2.59482e-04
1.20581e+01	2.51043e-04
1.20792e+01	2.42828e-04
1.21004e+01	2.34833e-04
1.21215e+01	2.27052e-04
1.21426e+01	2.19481e-04
1.21638e+01	2.12115e-04
1.21849e+01	2.04951e-04
1.22060e+01	1.97984e-04
1.22272e+01	1.91212e-04
1.22483e+01	1.84630e-04
1.22694e+01	1.78237e-04
1.22906e+01	1.72028e-04
1.23117e+01	1.66002e-04
1.23329e+01	1.60155e-04
1.23540e+01	1.54483e-04
1.23751e+01	1.48982e-04
1.23963e+01	1.43649e-04
1.24174e+01	1.38480e-04
1.24385e+01	1.33471e-04
1.24597e+01	1.28619e-04
1.24808e+01	1.23921e-04
1.25019e+01	1.19374e-04
1.25231e+01	1.14975e-04
1.25442e+01	1.10720e-04
1.25654e+01	1.06607e-04
1.25865e+01	1.02633e-04
1.26076e+01	9.87980e-05
1.26288e+01	9.50972e-05
1.26499e+01	9.15276e-05
1.26710e+01	8.80854e-05
1.26922e+01	8.47671e-05
1.27133e+01	8.15691e-05
1.27344e+01	7.84877e-05
1.27556e+01	7.55190e-05
1.27767e+01	7.26595e-05
1.27978e+01	6.99053e-05
1.28190e+01	6.72530e-05
1.28401e+01	6.46987e-05
1.28613e+01	6.22384e-05
1.28824e+01	5.98676e-05
1.29035e+01	5.75818e-05
1.29247e+01	5.53772e-05
1.29458e+01	5.32532e-05
1.29669e+01	5.12053e-05
1.29881e+01	4.92285e-05
1.30092e+01	4.73210e-05
1.30303e+01	4.54833e-05
1.30515e+01	4.37231e-05
1.30726e+01	4.20454e-05
1.30938e+01	4.04411e-05
1.31149e+01	3.89017e-05
1.31360e+01	3.74197e-05
1.31572e+01	3.59895e-05
1.31783e+01	3.46097e-05
1.31994e+01	3.32809e-05
1.32206e+01	3.20036e-05
1.32417e+01	3.07746e-05
1.32628e+01	2.95901e-05
1.32840e+01	2.84473e-05
1.33051e+01	2.73438e-05
1.33262e+01	2.62774e-05
1.33474e+01	2.52465e-05
1.33685e+01	2.42495e-05
1.33897e+01	2.32853e-05
1.34108e+01	2.23529e-05
1.34319e+01	2.14517e-05
1.34531e+01	2.05811e-05
1.34742e+01	1.97406e-05
1.34953e+01	1.89300e-05
1.35165e+01	1.81482e-05
1.35376e+01	1.73940e-05
1.35587e+01	1.66669e-05
1.35799e+01	1.59659e-05
1.36010e+01	1.52903e-05
1.36222e+01	1.46394e-05
1.36433e+01	1.40124e-05
1.36644e+01	1.34086e-05
1.36856e+01	1.28272e-05
1.37067e+01	1.22676e-05
1.37278e+01	1.17290e-05
1.37490e+01	1.12108e-05
1.37701e+01	1.07123e-05
1.37912e+01	1.02328e-05
1.38124e+01	9.77176e-06
1.38335e+01	9.32852e-06
1.38546e+01	8.90250e-06
1.38758e+01	8.49312e-06
1.38969e+01	8.09983e-06
1.39181e+01	7.72215e-06
1.39392e+01	7.35957e-06
1.39603e+01	7.01164e-06
1.39815e+01	6.67790e-06
1.40026e+01	6.35787e-06
1.40237e+01	6.05112e-06
1.40449e+01	5.75722e-06
1.40660e+01	5.47575e-06
1.40871e+01	5.20630e-06
1.41083e+01	4.94845e-06
1.41294e+01	4.70180e-06
1.41506e+01	4.46594e-06
1.41717e+01	4.24049e-06
1.41928e+01	4.02507e-06
1.42140e+01	3.81930e-06
1.42351e+01	3.62282e-06
1.42562e+01	3.43529e-06
1.42774e+01	3.25637e-06
1.42985e+01	3.08573e-06
1.43196e+01	2.92308e-06
1.43408e+01	2.76808e-06
1.43619e+01	2.62046e-06
1.43830e+01	2.47990e-06
1.44042e+01	2.34614e-06
1.44253e+01	2.21888e-06
1.44465e+01	2.09787e-06
1.44676e+01	1.98284e-06
1.44887e+01	1.87354e-06
1.45099e+01	1.76973e-06
1.45310e+01	1.67116e-06
1.45521e+01	1.57761e-06
1.45733e+01	1.48885e-06
1.45944e+01	1.40467e-06
1.46155e+01	1.32486e-06
1.46367e+01	1.24923e-06
1.46578e+01	1.17757e-06
1.46790e+01	1.10971e-06
1.47001e+01	1.04547e-06
1.47212e+01	9.84674e-07
1.47424e+01	9.27159e-07
1.47635e+01	8.72767e-07
1.47846e+01	8.21346e-07
1.48058e+01	7.72752e-07
1.48269e+01	7.26844e-07
1.48480e+01	6.83489e-07
1.48692e+01	6.42560e-07
1.48903e+01	6.03935e-07
1.49114e+01	5.67496e-07
1.49326e+01	5.33132e-07
1.49537e+01	5.00737e-07
1.49749e+01	4.70207e-07
1.49960e+01	4.41447e-07
1.50171e+01	4.14363e-07
1.50383e+01	3.88864e-07
1.50594e+01	3.64865e-07
1.50805e+01	3.42281e-07
1.51017e+01	3.21033e-07
1.51228e+01	3.01047e-07
1.51439e+01	2.82252e-07
1.51651e+01	2.64580e-07
1.51862e+01	2.47968e-07
1.52074e+01	2.32355e-07
1.52285e+01	2.17684e-07
1.52496e+01	2.03900e-07
1.52708e+01	1.90954e-07
1.52919e+01	1.78796e-07
1.53130e+01	1.67380e-07
1.53342e+01	1.56663e-07
1.53553e+01	1.46605e-07
1.53764e+01	1.37167e-07
1.53976e+01	1.28312e-07
1.54187e+01	1.20005e-07
1.54398e+01	1.12215e-07
1.54610e+01	1.04910e-07
1.54821e+01	9.80610e-08
1.55033e+01	9.16411e-08
1.55244e+01	8.56243e-08
1.55455e+01	7.99863e-08
1.55667e+01	7.47040e-08
1.55878e+01	6.97557e-08
1.56089e+01	6.51210e-08
1.56301e+01	6.07808e-08
1.56512e+01	5.67169e-08
1.56723e+01	5.29121e-08
1.56935e+01	4.93506e-08
1.57146e+01	4.60170e-08
1.57358e+01	4.28972e-08
1.57569e+01	3.99778e-08
1.57780e+01	3.72459e-08
1.57992e+01	3.46899e-08
1.58203e+01	3.22996e-08
1.58414e+01	3.00649e-08
1.58626e+01	2.79766e-08
1.58837e+01	2.60257e-08
1.59048e+01	2.42039e-08
1.59260e+01	2.25032e-08
1.59471e+01	2.09163e-08
1.59682e+01	1.94359e-08
1.59894e+01	1.80556e-08
1.60105e+01	1.67691e-08
1.60317e+01	1.55702e-08
1.60528e+01	1.44536e-08
1.60739e+01	1.34137e-08
1.60951e+01	1.24456e-08
1.61162e+01	1.15445e-08
1.61373e+01	1.07061e-08
1.61585e+01	9.92624e-09
1.61796e+01	9.20095e-09
1.62007e+01	8.52661e-09
1.62219e+01	7.89982e-09
1.62430e+01	7.31737e-09
1.62642e+01	6.77626e-09
1.62853e+01	6.27368e-09
1.63064e+01	5.80702e-09
1.63276e+01	5.37381e-09
1.63487e+01	4.97176e-09
1.63698e+01	4.59872e-09
1.63910e+01	4.25268e-09
1.64121e+01	3.93176e-09
1.64332e+01	3.63422e-09
1.64544e+01	3.35842e-09
1.64755e+01	3.10283e-09
1.64966e+01	2.86602e-09
1.65178e+01	2.64667e-09
1.65389e+01	2.44355e-09
1.65601e+01	2.25548e-09
1.65812e+01	2.08141e-09
1.66023e+01	1.92033e-09
1.66235e+01	1.77132e-09
1.66446e+01	1.63349e-09
1.66657e+01	1.50605e-09
1.66869e+01	1.38824e-09
1.67080e+01	1.27936e-09
1.67291e+01	1.17876e-09
1.67503e+01	1.08582e-09
1.67714e+01	9.99995e-10
1.67926e+01	9.20751e-10
1.68137e+01	8.47603e-10
1.68348e+01	7.80097e-10
1.68560e+01	7.17814e-10
1.68771e+01	6.60363e-10
1.68982e+01	6.07382e-10
1.69194e+01	5.58536e-10
1.69405e+01	5.13511e-10
1.69616e+01	4.72019e-10
1.69828e+01	4.33791e-10
1.70039e+01	3.98580e-10
1.70250e+01	3.66155e-10
1.70462e+01	3.36303e-10
1.70673e+01	3.08824e-10
1.70885e+01	2.83536e-10
1.71096e+01	2.60270e-10
1.71307e+01	2.38867e-10
1.71519e+01	2.19182e-10
1.71730e+01	2.01082e-10
1.71941e+01	1.84442e-10
1.72153e+01	1.69147e-10
1.72364e+01	1.55091e-10
1.72575e+01	1.42177e-10
1.72787e+01	1.30315e-10
1.72998e+01	1.19420e-10
1.73210e+01	1.09416e-10
1.73421e+01	1.00231e-10
1.73632e+01	9.18006e-11
1.73844e+01	8.40639e-11
1.74055e+01	7.69651e-11
1.74266e+01	7.04529e-11
1.74478e+01	6.44800e-11
1.74689e+01	5.90027e-11
1.74900e+01	5.39808e-11
1.75112e+01	4.93773e-11
1.75323e+01	4.51582e-11
1.75534e+01	4.12921e-11
1.75746e+01	3.77502e-11
1.75957e+01	3.45058e-11
1.76169e+01	3.15346e-11
1.76380e+01	2.88140e-11
1.76591e+01	2.63236e-11
1.76803e+01	2.40441e-11
1.77014e+01	2.19582e-11
1.77225e+01	2.00497e-11
1.77437e+01	1.83040e-11
1.77648e+01	1.67074e-11
1.77859e+01	1.52475e-11
1.78071e+01	1.39129e-11
1.78282e+01	1.26929e-11
1.78494e+01	1.15781e-11
1.78705e+01	1.05593e-11
1.78916e+01	9.62861e-12
1.79128e+01	8.77844e-12
1.79339e+01	8.00201e-12
1.79550e+01	7.29307e-12
1.79762e+01	6.64589e-12
1.79973e+01	6.05521e-12
1.80184e+01	5.51619e-12
1.80396e+01	5.02440e-12
1.80607e+01	4.57579e-12
1.80818e+01	4.16663e-12
1.81030e+01	3.79351e-12
1.81241e+01	3.45331e-12
1.81453e+01	3.14318e-12
1.81664e+01	2.86049e-12
1.81875e+01	2.60285e-12
1.82087e+01	2.36807e-12
1.82298e+01	2.15414e-12
1.82509e+01	1.95924e-12
1.82721e+01	1.78172e-12
1.82932e+01	1.62004e-12
1.83143e+01	1.47282e-12
1.83355e+01	1.33878e-12
1.83566e+01	1.21676e-12
1.83778e+01	1.10570e-12
1.83989e+01	1.00464e-12
1.84200e+01	9.12673e-13
1.84412e+01	8.29009e-13
1.84623e+01	7.52905e-13
1.84834e+01	6.83689e-13
1.85046e+01	6.20746e-13
1.85257e+01	5.63516e-13
1.85468e+01	5.11488e-13
1.85680e+01	4.64196e-13
1.85891e+01	4.21216e-13
1.86102e+01	3.82160e-13
1.86314e+01	3.46676e-13
1.86525e+01	3.14441e-13
1.86737e+01	2.85163e-13
1.86948e+01	2.58575e-13
1.87159e+01	2.34432e-13
1.87371e+01	2.12514e-13
1.87582e+01	1.92618e-13
1.87793e+01	1.74561e-13
1.88005e+01	1.58174e-13
1.88216e+01	1.43307e-13
1.88427e+01	1.29819e-13
1.88639e+01	1.17585e-13
1.88850e+01	1.06489e-13
1.89062e+01	9.64282e-14
1.89273e+01	8.73063e-14
1.89484e+01	7.90372e-14
1.89696e+01	7.15424e-14
1.89907e+01	6.47503e-14
1.90118e+01	5.85961e-14
1.90330e+01	5.30206e-14
1.90541e+01	4.79700e-14
1.90752e+01	4.33956e-14
1.90964e+01	3.92530e-14
1.91175e+01	3.55018e-14
1.91386e+01	3.21055e-14
1.91598e+01	2.90308e-14
1.91809e+01	2.62477e-14
1.92021e+01	2.37287e-14
1.92232e+01	2.14491e-14
1.92443e+01	1.93864e-14
1.92655e+01	1.75202e-14
1.92866e+01	1.58318e-14
1.93077e+01	1.43046e-14
1.93289e+01	1.29233e-14
1.93500e+01	1.16742e-14
1.93711e+01	1.05446e-14
1.93923e+01	9.52335e-15
1.94134e+01	8.60008e-15
1.94346e+01	7.76549e-15
1.94557e+01	7.01115e-15
1.94768e+01	6.32942e-15
1.94980e+01	5.71338e-15
1.95191e+01	5.15676e-15
1.95402e+01	4.65389e-15
1.95614e+01	4.19962e-15
1.95825e+01	3.78930e-15
1.96036e+01	3.41873e-15
1.96248e+01	3.08408e-15
1.96459e+01	2.78191e-15
1.96670e+01	2.50909e-15
1.96882e+01	2.26281e-15
1.97093e+01	2.04050e-15
1.97305e+01	1.83986e-15
1.97516e+01	1.65879e-15
1.97727e+01	1.49540e-15
1.97939e+01	1.34799e-15
1.98150e+01	1.21499e-15
1.98361e+01	1.09503e-15
1.98573e+01	9.86825e-16
1.98784e+01	8.89244e-16
1.98995e+01	8.01253e-16
1.99207e+01	7.21890e-16
1.99418e+01	6.50312e-16
1.99630e+01	5.85764e-16
1.99841e+01	5.27563e-16
2.00052e+01	4.75092e-16
2.00264e+01	4.27792e-16
2.00475e+01	3.85158e-16
2.00686e+01	3.46735e-16
2.00898e+01	3.12111e-16
2.01109e+01	2.80914e-16
2.01320e+01	2.52808e-16
2.01532e+01	2.27489e-16
2.01743e+01	2.04684e-16
2.01954e+01	1.84146e-16
2.02166e+01	1.65650e-16
2.02377e+01	1.48997e-16
2.02589e+01	1.34003e-16
2.02800e+01	1.20506e-16
2.03011e+01	1.08355e-16
2.03223e+01	9.74197e-17
2.03434e+01	8.75779e-17
2.03645e+01	7.87213e-17
2.03857e+01	7.07523e-17
2.04068e+01	6.35824e-17
2.04279e+01	5.71320e-17
2.04491e+01	5.13296e-17
2.04702e+01	4.61103e-17
2.04914e+01	4.14160e-17
2.05125e+01	3.71941e-17
2.05336e+01	3.33973e-17
2.05548e+01	2.99827e-17
2.05759e+01	2.69119e-17
2.05970e+01	2.41502e-17
2.06182e+01	2.16663e-17
2.06393e+01	1.94320e-17
2.06604e+01	1.74219e-17
2.06816e+01	1.56131e-17
2.07027e+01	1.39850e-17
2.07238e+01	1.25190e-17
2.07450e+01	1.11984e-17
2.07661e+01	1.00082e-17
2.07873e+01	8.93471e-18
2.08084e+01	7.96557e-18
2.08295e+01	7.08969e-18
2.08507e+01	6.29700e-18
2.08718e+01	5.57837e-18
2.08929e+01	4.92550e-18
2.09141e+01	4.33084e-18
2.09352e+01	3.78751e-18
2.09563e+01	3.28922e-18
2.09775e+01	2.83018e-18
2.09986e+01	2.40507e-18
2.10198e+01	2.00894e-18
2.10409e+01	1.63719e-18
2.10620e+01	1.28550e-18
2.10832e+01	9.49766e-19
2.11043e+01	6.26088e-19
2.11254e+01	3.10685e-19
