# The ell = 0 distribution, the isotropy.
# E_N [Td]	5.00000e+00
# col_1: Electron Energy [eV], col_2: f0 [eV^(-3/2)]
eV	f0
7.52442e-03	6.22257e-01
2.25732e-02	6.22254e-01
3.76221e-02	6.22249e-01
5.26709e-02	6.22244e-01
6.77197e-02	6.22239e-01
8.27686e-02	6.22235e-01
9.78174e-02	6.22231e-01
1.12866e-01	6.22227e-01
1.27915e-01	6.22223e-01
1.42964e-01	6.22220e-01
1.58013e-01	6.22217e-01
1.73062e-01	6.22213e-01
1.88110e-01	6.22210e-01
2.03159e-01	6.22207e-01
2.18208e-01	6.22203e-01
2.33257e-01	6.22199e-01
2.48306e-01	6.22195e-01
2.63355e-01	6.22191e-01
2.78403e-01	6.22186e-01
2.93452e-01	6.22181e-01
3.08501e-01	6.22176e-01
3.23550e-01	6.22170e-01
3.38599e-01	6.22163e-01
3.53648e-01	6.22156e-01
3.68696e-01	6.22148e-01
3.83745e-01	6.22140e-01
3.98794e-01	6.22130e-01
4.13843e-01	6.22119e-01
4.28892e-01	6.22107e-01
4.43941e-01	6.22093e-01
4.58989e-01	6.22078e-01
4.74038e-01	6.22059e-01
4.89087e-01	6.22038e-01
5.04136e-01	6.22014e-01
5.19185e-01	6.21986e-01
5.34234e-01	6.21953e-01
5.49282e-01	6.21914e-01
5.64331e-01	6.21870e-01
5.79380e-01	6.21818e-01
5.94429e-01	6.21758e-01
6.09478e-01	6.21689e-01
6.24527e-01	6.21610e-01
6.39575e-01	6.21520e-01
6.54624e-01	6.21416e-01
6.69673e-01	6.21297e-01
6.84722e-01	6.21161e-01
6.99771e-01	6.21007e-01
7.14820e-01	6.20830e-01
7.29868e-01	6.20629e-01
7.44917e-01	6.20400e-01
7.59966e-01	6.20142e-01
7.75015e-01	6.19851e-01
7.90064e-01	6.19524e-01
8.05113e-01	6.19158e-01
8.20161e-01	6.18751e-01
8.35210e-01	6.18300e-01
8.50259e-01	6.17805e-01
8.65308e-01	6.17262e-01
8.80357e-01	6.16670e-01
8.95406e-01	6.16025e-01
9.10454e-01	6.15321e-01
9.25503e-01	6.14557e-01
9.40552e-01	6.13728e-01
9.55601e-01	6.12829e-01
9.70650e-01	6.11852e-01
9.85699e-01	6.10791e-01
1.00075e+00	6.09641e-01
1.01580e+00	6.08399e-01
1.03085e+00	6.07058e-01
1.04589e+00	6.05609e-01
1.06094e+00	6.04046e-01
1.07599e+00	6.02366e-01
1.09104e+00	6.00559e-01
1.10609e+00	5.98622e-01
1.12114e+00	5.96550e-01
1.13619e+00	5.94341e-01
1.15124e+00	5.91991e-01
1.16628e+00	5.89498e-01
1.18133e+00	5.86860e-01
1.19638e+00	5.84074e-01
1.21143e+00	5.81139e-01
1.22648e+00	5.78053e-01
1.24153e+00	5.74809e-01
1.25658e+00	5.71402e-01
1.27163e+00	5.67827e-01
1.28668e+00	5.64081e-01
1.30172e+00	5.60161e-01
1.31677e+00	5.56060e-01
1.33182e+00	5.51763e-01
1.34687e+00	5.47255e-01
1.36192e+00	5.42526e-01
1.37697e+00	5.37566e-01
1.39202e+00	5.32372e-01
1.40707e+00	5.26950e-01
1.42211e+00	5.21306e-01
1.43716e+00	5.15446e-01
1.45221e+00	5.09377e-01
1.46726e+00	5.03104e-01
1.48231e+00	4.96630e-01
1.49736e+00	4.89958e-01
1.51241e+00	4.83090e-01
1.52746e+00	4.76026e-01
1.54251e+00	4.68770e-01
1.55755e+00	4.61309e-01
1.57260e+00	4.53611e-01
1.58765e+00	4.45654e-01
1.60270e+00	4.37415e-01
1.61775e+00	4.28879e-01
1.63280e+00	4.20030e-01
1.64785e+00	4.10847e-01
1.66290e+00	4.01326e-01
1.67794e+00	3.91469e-01
1.69299e+00	3.81288e-01
1.70804e+00	3.70793e-01
1.72309e+00	3.59993e-01
1.73814e+00	3.48894e-01
1.75319e+00	3.37524e-01
1.76824e+00	3.25917e-01
1.78329e+00	3.14121e-01
1.79834e+00	3.02179e-01
1.81338e+00	2.90130e-01
1.82843e+00	2.78022e-01
1.84348e+00	2.65870e-01
1.85853e+00	2.53695e-01
1.87358e+00	2.41535e-01
1.88863e+00	2.29423e-01
1.90368e+00	2.17431e-01
1.91873e+00	2.05630e-01
1.93377e+00	1.94143e-01
1.94882e+00	1.83053e-01
1.96387e+00	1.72414e-01
1.97892e+00	1.62250e-01
1.99397e+00	1.52570e-01
2.00902e+00	1.43383e-01
2.02407e+00	1.34714e-01
2.03912e+00	1.26546e-01
2.05417e+00	1.18852e-01
2.06921e+00	1.11597e-01
2.08426e+00	1.04745e-01
2.09931e+00	9.82648e-02
2.11436e+00	9.21282e-02
2.12941e+00	8.62824e-02
2.14446e+00	8.07253e-02
2.15951e+00	7.54605e-02
2.17456e+00	7.04903e-02
2.18961e+00	6.58062e-02
2.20465e+00	6.13994e-02
2.21970e+00	5.72639e-02
2.23475e+00	5.33873e-02
2.24980e+00	4.97774e-02
2.26485e+00	4.64375e-02
2.27990e+00	4.33468e-02
2.29495e+00	4.04873e-02
2.31000e+00	3.78377e-02
2.32504e+00	3.53830e-02
2.34009e+00	3.31100e-02
2.35514e+00	3.10061e-02
2.37019e+00	2.90339e-02
2.38524e+00	2.71826e-02
2.40029e+00	2.54459e-02
2.41534e+00	2.38205e-02
2.43039e+00	2.22911e-02
2.44544e+00	2.08499e-02
2.46048e+00	1.94943e-02
2.47553e+00	1.82232e-02
2.49058e+00	1.70523e-02
2.50563e+00	1.59764e-02
2.52068e+00	1.49867e-02
2.53573e+00	1.40771e-02
2.55078e+00	1.32416e-02
2.56583e+00	1.24730e-02
2.58087e+00	1.17652e-02
2.59592e+00	1.11130e-02
2.61097e+00	1.05017e-02
2.62602e+00	9.92806e-03
2.64107e+00	9.38968e-03
2.65612e+00	8.88519e-03
2.67117e+00	8.41254e-03
2.68622e+00	7.96952e-03
2.70127e+00	7.55442e-03
2.71631e+00	7.16586e-03
2.73136e+00	6.80406e-03
2.74641e+00	6.46760e-03
2.76146e+00	6.15346e-03
2.77651e+00	5.85875e-03
2.79156e+00	5.58215e-03
2.80661e+00	5.32258e-03
2.82166e+00	5.07876e-03
2.83670e+00	4.84969e-03
2.85175e+00	4.63488e-03
2.86680e+00	4.43293e-03
2.88185e+00	4.24345e-03
2.89690e+00	4.06661e-03
2.91195e+00	3.90150e-03
2.92700e+00	3.74709e-03
2.94205e+00	3.60244e-03
2.95710e+00	3.46661e-03
2.97214e+00	3.33879e-03
2.98719e+00	3.21816e-03
3.00224e+00	3.10386e-03
3.01729e+00	2.99527e-03
3.03234e+00	2.89201e-03
3.04739e+00	2.79388e-03
3.06244e+00	2.70066e-03
3.07749e+00	2.61218e-03
3.09254e+00	2.52823e-03
3.10758e+00	2.44864e-03
3.12263e+00	2.37314e-03
3.13768e+00	2.30150e-03
3.15273e+00	2.23346e-03
3.16778e+00	2.16873e-03
3.18283e+00	2.10710e-03
3.19788e+00	2.04843e-03
3.21293e+00	1.99258e-03
3.22797e+00	1.93942e-03
3.24302e+00	1.88882e-03
3.25807e+00	1.84067e-03
3.27312e+00	1.79487e-03
3.28817e+00	1.75128e-03
3.30322e+00	1.70977e-03
3.31827e+00	1.67020e-03
3.33332e+00	1.63244e-03
3.34837e+00	1.59633e-03
3.36341e+00	1.56178e-03
3.37846e+00	1.52868e-03
3.39351e+00	1.49691e-03
3.40856e+00	1.46641e-03
3.42361e+00	1.43707e-03
3.43866e+00	1.40882e-03
3.45371e+00	1.38162e-03
3.46876e+00	1.35541e-03
3.48380e+00	1.33015e-03
3.49885e+00	1.30579e-03
3.51390e+00	1.28227e-03
3.52895e+00	1.25957e-03
3.54400e+00	1.23763e-03
3.55905e+00	1.21642e-03
3.57410e+00	1.19592e-03
3.58915e+00	1.17610e-03
3.60420e+00	1.15693e-03
3.61924e+00	1.13840e-03
3.63429e+00	1.12047e-03
3.64934e+00	1.10312e-03
3.66439e+00	1.08633e-03
3.67944e+00	1.07009e-03
3.69449e+00	1.05436e-03
3.70954e+00	1.03912e-03
3.72459e+00	1.02436e-03
3.73963e+00	1.01005e-03
3.75468e+00	9.96156e-04
3.76973e+00	9.82666e-04
3.78478e+00	9.69552e-04
3.79983e+00	9.56789e-04
3.81488e+00	9.44352e-04
3.82993e+00	9.32220e-04
3.84498e+00	9.20370e-04
3.86003e+00	9.08780e-04
3.87507e+00	8.97430e-04
3.89012e+00	8.86310e-04
3.90517e+00	8.75411e-04
3.92022e+00	8.64721e-04
3.93527e+00	8.54232e-04
3.95032e+00	8.43936e-04
3.96537e+00	8.33823e-04
3.98042e+00	8.23887e-04
3.99547e+00	8.14115e-04
4.01051e+00	8.04497e-04
4.02556e+00	7.95026e-04
4.04061e+00	7.85698e-04
4.05566e+00	7.76511e-04
4.07071e+00	7.67464e-04
4.08576e+00	7.58553e-04
4.10081e+00	7.49776e-04
4.11586e+00	7.41133e-04
4.13090e+00	7.32621e-04
4.14595e+00	7.24240e-04
4.16100e+00	7.15987e-04
4.17605e+00	7.07862e-04
4.19110e+00	6.99864e-04
4.20615e+00	6.91991e-04
4.22120e+00	6.84243e-04
4.23625e+00	6.76619e-04
4.25130e+00	6.69116e-04
4.26634e+00	6.61736e-04
4.28139e+00	6.54476e-04
4.29644e+00	6.47338e-04
4.31149e+00	6.40320e-04
4.32654e+00	6.33422e-04
4.34159e+00	6.26645e-04
4.35664e+00	6.19987e-04
4.37169e+00	6.13450e-04
4.38673e+00	6.07032e-04
4.40178e+00	6.00733e-04
4.41683e+00	5.94552e-04
4.43188e+00	5.88490e-04
4.44693e+00	5.82544e-04
4.46198e+00	5.76714e-04
4.47703e+00	5.70999e-04
4.49208e+00	5.65397e-04
4.50713e+00	5.59909e-04
4.52217e+00	5.54533e-04
4.53722e+00	5.49268e-04
4.55227e+00	5.44114e-04
4.56732e+00	5.39067e-04
4.58237e+00	5.34126e-04
4.59742e+00	5.29288e-04
4.61247e+00	5.24550e-04
4.62752e+00	5.19910e-04
4.64256e+00	5.15367e-04
4.65761e+00	5.10916e-04
4.67266e+00	5.06555e-04
4.68771e+00	5.02280e-04
4.70276e+00	4.98088e-04
4.71781e+00	4.93976e-04
4.73286e+00	4.89940e-04
4.74791e+00	4.85979e-04
4.76296e+00	4.82088e-04
4.77800e+00	4.78264e-04
4.79305e+00	4.74506e-04
4.80810e+00	4.70809e-04
4.82315e+00	4.67172e-04
4.83820e+00	4.63590e-04
4.85325e+00	4.60062e-04
4.86830e+00	4.56581e-04
4.88335e+00	4.53147e-04
4.89840e+00	4.49754e-04
4.91344e+00	4.46399e-04
4.92849e+00	4.43080e-04
4.94354e+00	4.39793e-04
4.95859e+00	4.36537e-04
4.97364e+00	4.33309e-04
4.98869e+00	4.30108e-04
5.00374e+00	4.26932e-04
5.01879e+00	4.23779e-04
5.03383e+00	4.20648e-04
5.04888e+00	4.17536e-04
5.06393e+00	4.14444e-04
5.07898e+00	4.11369e-04
5.09403e+00	4.08311e-04
5.10908e+00	4.05268e-04
5.12413e+00	4.02240e-04
5.13918e+00	3.99226e-04
5.15423e+00	3.96226e-04
5.16927e+00	3.93240e-04
5.18432e+00	3.90269e-04
5.19937e+00	3.87312e-04
5.21442e+00	3.84369e-04
5.22947e+00	3.81440e-04
5.24452e+00	3.78525e-04
5.25957e+00	3.75625e-04
5.27462e+00	3.72738e-04
5.28966e+00	3.69865e-04
5.30471e+00	3.67007e-04
5.31976e+00	3.64162e-04
5.33481e+00	3.61332e-04
5.34986e+00	3.58515e-04
5.36491e+00	3.55712e-04
5.37996e+00	3.52923e-04
5.39501e+00	3.50147e-04
5.41006e+00	3.47386e-04
5.42510e+00	3.44638e-04
5.44015e+00	3.41904e-04
5.45520e+00	3.39183e-04
5.47025e+00	3.36476e-04
5.48530e+00	3.33783e-04
5.50035e+00	3.31103e-04
5.51540e+00	3.28437e-04
5.53045e+00	3.25784e-04
5.54549e+00	3.23144e-04
5.56054e+00	3.20518e-04
5.57559e+00	3.17905e-04
5.59064e+00	3.15305e-04
5.60569e+00	3.12719e-04
5.62074e+00	3.10146e-04
5.63579e+00	3.07586e-04
5.65084e+00	3.05039e-04
5.66589e+00	3.02505e-04
5.68093e+00	2.99985e-04
5.69598e+00	2.97477e-04
5.71103e+00	2.94982e-04
5.72608e+00	2.92500e-04
5.74113e+00	2.90031e-04
5.75618e+00	2.87575e-04
5.77123e+00	2.85131e-04
5.78628e+00	2.82700e-04
5.80132e+00	2.80282e-04
5.81637e+00	2.77876e-04
5.83142e+00	2.75483e-04
5.84647e+00	2.73103e-04
5.86152e+00	2.70735e-04
5.87657e+00	2.68379e-04
5.89162e+00	2.66036e-04
5.90667e+00	2.63705e-04
5.92172e+00	2.61386e-04
5.93676e+00	2.59080e-04
5.95181e+00	2.56785e-04
5.96686e+00	2.54503e-04
5.98191e+00	2.52233e-04
5.99696e+00	2.49976e-04
6.01201e+00	2.47730e-04
6.02706e+00	2.45496e-04
6.04211e+00	2.43274e-04
6.05716e+00	2.41064e-04
6.07220e+00	2.38867e-04
6.08725e+00	2.36681e-04
6.10230e+00	2.34508e-04
6.11735e+00	2.32346e-04
6.13240e+00	2.30196e-04
6.14745e+00	2.28058e-04
6.16250e+00	2.25932e-04
6.17755e+00	2.23817e-04
6.19259e+00	2.21714e-04
6.20764e+00	2.19623e-04
6.22269e+00	2.17543e-04
6.23774e+00	2.15475e-04
6.25279e+00	2.13417e-04
6.26784e+00	2.11372e-04
6.28289e+00	2.09337e-04
6.29794e+00	2.07314e-04
6.31299e+00	2.05302e-04
6.32803e+00	2.03301e-04
6.34308e+00	2.01311e-04
6.35813e+00	1.99332e-04
6.37318e+00	1.97364e-04
6.38823e+00	1.95407e-04
6.40328e+00	1.93461e-04
6.41833e+00	1.91526e-04
6.43338e+00	1.89601e-04
6.44842e+00	1.87687e-04
6.46347e+00	1.85783e-04
6.47852e+00	1.83890e-04
6.49357e+00	1.82008e-04
6.50862e+00	1.80136e-04
6.52367e+00	1.78274e-04
6.53872e+00	1.76423e-04
6.55377e+00	1.74582e-04
6.56882e+00	1.72751e-04
6.58386e+00	1.70930e-04
6.59891e+00	1.69120e-04
6.61396e+00	1.67319e-04
6.62901e+00	1.65528e-04
6.64406e+00	1.63748e-04
6.65911e+00	1.61977e-04
6.67416e+00	1.60216e-04
6.68921e+00	1.58464e-04
6.70425e+00	1.56723e-04
6.71930e+00	1.54991e-04
6.73435e+00	1.53268e-04
6.74940e+00	1.51556e-04
6.76445e+00	1.49852e-04
6.77950e+00	1.48159e-04
6.79455e+00	1.46474e-04
6.80960e+00	1.44800e-04
6.82465e+00	1.43134e-04
6.83969e+00	1.41479e-04
6.85474e+00	1.39832e-04
6.86979e+00	1.38196e-04
6.88484e+00	1.36568e-04
6.89989e+00	1.34950e-04
6.91494e+00	1.33342e-04
6.92999e+00	1.31743e-04
6.94504e+00	1.30153e-04
6.96009e+00	1.28573e-04
6.97513e+00	1.27003e-04
6.99018e+00	1.25442e-04
7.00523e+00	1.23891e-04
7.02028e+00	1.22350e-04
7.03533e+00	1.20818e-04
7.05038e+00	1.19297e-04
7.06543e+00	1.17784e-04
7.08048e+00	1.16281e-04
7.09552e+00	1.14788e-04
7.11057e+00	1.13304e-04
7.12562e+00	1.11830e-04
7.14067e+00	1.10366e-04
7.15572e+00	1.08911e-04
7.17077e+00	1.07466e-04
7.18582e+00	1.06030e-04
7.20087e+00	1.04603e-04
7.21592e+00	1.03186e-04
7.23096e+00	1.01778e-04
7.24601e+00	1.00380e-04
7.26106e+00	9.89902e-05
7.27611e+00	9.76098e-05
7.29116e+00	9.62384e-05
7.30621e+00	9.48760e-05
7.32126e+00	9.35224e-05
7.33631e+00	9.21776e-05
7.35135e+00	9.08416e-05
7.36640e+00	8.95142e-05
7.38145e+00	8.81955e-05
7.39650e+00	8.68855e-05
7.41155e+00	8.55842e-05
7.42660e+00	8.42917e-05
7.44165e+00	8.30080e-05
7.45670e+00	8.17331e-05
7.47175e+00	8.04672e-05
7.48679e+00	7.92101e-05
7.50184e+00	7.79621e-05
7.51689e+00	7.67229e-05
7.53194e+00	7.54928e-05
7.54699e+00	7.42717e-05
7.56204e+00	7.30596e-05
7.57709e+00	7.18566e-05
7.59214e+00	7.06627e-05
7.60718e+00	6.94779e-05
7.62223e+00	6.83023e-05
7.63728e+00	6.71358e-05
7.65233e+00	6.59785e-05
7.66738e+00	6.48304e-05
7.68243e+00	6.36916e-05
7.69748e+00	6.25620e-05
7.71253e+00	6.14416e-05
7.72758e+00	6.03305e-05
7.74262e+00	5.92286e-05
7.75767e+00	5.81360e-05
7.77272e+00	5.70527e-05
7.78777e+00	5.59789e-05
7.80282e+00	5.49146e-05
7.81787e+00	5.38601e-05
7.83292e+00	5.28153e-05
7.84797e+00	5.17806e-05
7.86302e+00	5.07561e-05
7.87806e+00	4.97419e-05
7.89311e+00	4.87381e-05
7.90816e+00	4.77449e-05
7.92321e+00	4.67625e-05
7.93826e+00	4.57909e-05
7.95331e+00	4.48302e-05
7.96836e+00	4.38806e-05
7.98341e+00	4.29421e-05
7.99845e+00	4.20148e-05
8.01350e+00	4.10988e-05
8.02855e+00	4.01941e-05
8.04360e+00	3.93010e-05
8.05865e+00	3.84194e-05
8.07370e+00	3.75494e-05
8.08875e+00	3.66911e-05
8.10380e+00	3.58446e-05
8.11885e+00	3.50099e-05
8.13389e+00	3.41870e-05
8.14894e+00	3.33760e-05
8.16399e+00	3.25768e-05
8.17904e+00	3.17896e-05
8.19409e+00	3.10142e-05
8.20914e+00	3.02507e-05
8.22419e+00	2.94991e-05
8.23924e+00	2.87594e-05
8.25428e+00	2.80316e-05
8.26933e+00	2.73157e-05
8.28438e+00	2.66118e-05
8.29943e+00	2.59199e-05
8.31448e+00	2.52399e-05
8.32953e+00	2.45719e-05
8.34458e+00	2.39160e-05
8.35963e+00	2.32720e-05
8.37468e+00	2.26400e-05
8.38972e+00	2.20200e-05
8.40477e+00	2.14120e-05
8.41982e+00	2.08159e-05
8.43487e+00	2.02317e-05
8.44992e+00	1.96594e-05
8.46497e+00	1.90988e-05
8.48002e+00	1.85500e-05
8.49507e+00	1.80130e-05
8.51011e+00	1.74877e-05
8.52516e+00	1.69742e-05
8.54021e+00	1.64724e-05
8.55526e+00	1.59821e-05
8.57031e+00	1.55033e-05
8.58536e+00	1.50357e-05
8.60041e+00	1.45793e-05
8.61546e+00	1.41339e-05
8.63051e+00	1.36994e-05
8.64555e+00	1.32757e-05
8.66060e+00	1.28625e-05
8.67565e+00	1.24598e-05
8.69070e+00	1.20674e-05
8.70575e+00	1.16850e-05
8.72080e+00	1.13127e-05
8.73585e+00	1.09501e-05
8.75090e+00	1.05972e-05
8.76594e+00	1.02537e-05
8.78099e+00	9.91959e-06
8.79604e+00	9.59462e-06
8.81109e+00	9.27864e-06
8.82614e+00	8.97149e-06
8.84119e+00	8.67300e-06
8.85624e+00	8.38302e-06
8.87129e+00	8.10137e-06
8.88634e+00	7.82790e-06
8.90138e+00	7.56244e-06
8.91643e+00	7.30483e-06
8.93148e+00	7.05490e-06
8.94653e+00	6.81250e-06
8.96158e+00	6.57749e-06
8.97663e+00	6.34970e-06
8.99168e+00	6.12899e-06
9.00673e+00	5.91517e-06
9.02178e+00	5.70809e-06
9.03682e+00	5.50757e-06
9.05187e+00	5.31343e-06
9.06692e+00	5.12549e-06
9.08197e+00	4.94359e-06
9.09702e+00	4.76754e-06
9.11207e+00	4.59719e-06
9.12712e+00	4.43238e-06
9.14217e+00	4.27294e-06
9.15721e+00	4.11871e-06
9.17226e+00	3.96956e-06
9.18731e+00	3.82532e-06
9.20236e+00	3.68587e-06
9.21741e+00	3.55105e-06
9.23246e+00	3.42073e-06
9.24751e+00	3.29478e-06
9.26256e+00	3.17306e-06
9.27761e+00	3.05545e-06
9.29265e+00	2.94183e-06
9.30770e+00	2.83208e-06
9.32275e+00	2.72607e-06
9.33780e+00	2.62370e-06
9.35285e+00	2.52485e-06
9.36790e+00	2.42942e-06
9.38295e+00	2.33729e-06
9.39800e+00	2.24837e-06
9.41304e+00	2.16255e-06
9.42809e+00	2.07974e-06
9.44314e+00	1.99984e-06
9.45819e+00	1.92277e-06
9.47324e+00	1.84842e-06
9.48829e+00	1.77671e-06
9.50334e+00	1.70756e-06
9.51839e+00	1.64088e-06
9.53344e+00	1.57660e-06
9.54848e+00	1.51463e-06
9.56353e+00	1.45490e-06
9.57858e+00	1.39734e-06
9.59363e+00	1.34187e-06
9.60868e+00	1.28843e-06
9.62373e+00	1.23694e-06
9.63878e+00	1.18736e-06
9.65383e+00	1.13960e-06
9.66887e+00	1.09361e-06
9.68392e+00	1.04935e-06
9.69897e+00	1.00674e-06
9.71402e+00	9.65728e-07
9.72907e+00	9.26269e-07
9.74412e+00	8.88306e-07
9.75917e+00	8.51789e-07
9.77422e+00	8.16667e-07
9.78927e+00	7.82894e-07
9.80431e+00	7.50423e-07
9.81936e+00	7.19209e-07
9.83441e+00	6.89209e-07
9.84946e+00	6.60379e-07
9.86451e+00	6.32680e-07
9.87956e+00	6.06071e-07
9.89461e+00	5.80513e-07
9.90966e+00	5.55970e-07
9.92471e+00	5.32405e-07
9.93975e+00	5.09783e-07
9.95480e+00	4.88070e-07
9.96985e+00	4.67234e-07
9.98490e+00	4.47242e-07
9.99995e+00	4.28063e-07
1.00150e+01	4.09669e-07
1.00300e+01	3.92019e-07
1.00451e+01	3.75109e-07
1.00601e+01	3.58908e-07
1.00752e+01	3.43386e-07
1.00902e+01	3.28516e-07
1.01053e+01	3.14272e-07
1.01203e+01	3.00628e-07
1.01354e+01	2.87560e-07
1.01504e+01	2.75043e-07
1.01655e+01	2.63055e-07
1.01805e+01	2.51574e-07
1.01956e+01	2.40579e-07
1.02106e+01	2.30051e-07
1.02257e+01	2.19970e-07
1.02407e+01	2.10318e-07
1.02558e+01	2.01077e-07
1.02708e+01	1.92229e-07
1.02859e+01	1.83759e-07
1.03009e+01	1.75652e-07
1.03160e+01	1.67891e-07
1.03310e+01	1.60463e-07
1.03461e+01	1.53353e-07
1.03611e+01	1.46549e-07
1.03762e+01	1.40038e-07
1.03912e+01	1.33806e-07
1.04063e+01	1.27844e-07
1.04213e+01	1.22139e-07
1.04364e+01	1.16680e-07
1.04514e+01	1.11458e-07
1.04665e+01	1.06462e-07
1.04815e+01	1.01683e-07
1.04966e+01	9.71106e-08
1.05116e+01	9.27374e-08
1.05267e+01	8.85545e-08
1.05417e+01	8.45538e-08
1.05568e+01	8.07276e-08
1.05718e+01	7.70685e-08
1.05869e+01	7.35694e-08
1.06019e+01	7.02236e-08
1.06170e+01	6.70234e-08
1.06320e+01	6.39666e-08
1.06470e+01	6.10464e-08
1.06621e+01	5.82568e-08
1.06771e+01	5.55922e-08
1.06922e+01	5.30471e-08
1.07072e+01	5.06161e-08
1.07223e+01	4.82943e-08
1.07373e+01	4.60768e-08
1.07524e+01	4.39590e-08
1.07674e+01	4.19365e-08
1.07825e+01	4.00051e-08
1.07975e+01	3.81607e-08
1.08126e+01	3.63995e-08
1.08276e+01	3.47178e-08
1.08427e+01	3.31121e-08
1.08577e+01	3.15789e-08
1.08728e+01	3.01151e-08
1.08878e+01	2.87175e-08
1.09029e+01	2.73832e-08
1.09179e+01	2.61094e-08
1.09330e+01	2.48933e-08
1.09480e+01	2.37324e-08
1.09631e+01	2.26242e-08
1.09781e+01	2.15662e-08
1.09932e+01	2.05564e-08
1.10082e+01	1.95924e-08
1.10233e+01	1.86722e-08
1.10383e+01	1.77939e-08
1.10534e+01	1.69555e-08
1.10684e+01	1.61552e-08
1.10835e+01	1.53914e-08
1.10985e+01	1.46622e-08
1.11136e+01	1.39663e-08
1.11286e+01	1.33019e-08
1.11437e+01	1.26678e-08
1.11587e+01	1.20625e-08
1.11738e+01	1.14846e-08
1.11888e+01	1.09330e-08
1.12039e+01	1.04064e-08
1.12189e+01	9.90373e-09
1.12340e+01	9.42384e-09
1.12490e+01	8.96572e-09
1.12641e+01	8.52838e-09
1.12791e+01	8.11088e-09
1.12941e+01	7.71231e-09
1.13092e+01	7.33180e-09
1.13242e+01	6.96853e-09
1.13393e+01	6.62169e-09
1.13543e+01	6.29054e-09
1.13694e+01	5.97433e-09
1.13844e+01	5.67239e-09
1.13995e+01	5.38403e-09
1.14145e+01	5.10863e-09
1.14296e+01	4.84558e-09
1.14446e+01	4.59429e-09
1.14597e+01	4.35421e-09
1.14747e+01	4.12480e-09
1.14898e+01	3.90555e-09
1.15048e+01	3.69597e-09
1.15199e+01	3.49560e-09
1.15349e+01	3.30399e-09
1.15500e+01	3.12070e-09
1.15650e+01	2.94536e-09
1.15801e+01	2.77779e-09
1.15951e+01	2.61784e-09
1.16102e+01	2.46531e-09
1.16252e+01	2.32004e-09
1.16403e+01	2.18188e-09
1.16553e+01	2.05097e-09
1.16704e+01	1.92737e-09
1.16854e+01	1.81082e-09
1.17005e+01	1.70090e-09
1.17155e+01	1.59714e-09
1.17306e+01	1.49909e-09
1.17456e+01	1.40633e-09
1.17607e+01	1.31859e-09
1.17757e+01	1.23564e-09
1.17908e+01	1.15729e-09
1.18058e+01	1.08331e-09
1.18209e+01	1.01346e-09
1.18359e+01	9.47569e-10
1.18510e+01	8.85783e-10
1.18660e+01	8.28191e-10
1.18811e+01	7.74457e-10
1.18961e+01	7.24180e-10
1.19112e+01	6.77124e-10
1.19262e+01	6.33126e-10
1.19412e+01	5.91952e-10
1.19563e+01	5.53389e-10
1.19713e+01	5.17252e-10
1.19864e+01	4.83378e-10
1.20014e+01	4.51617e-10
1.20165e+01	4.21835e-10
1.20315e+01	3.93908e-10
1.20466e+01	3.67723e-10
1.20616e+01	3.43174e-10
1.20767e+01	3.20162e-10
1.20917e+01	2.98593e-10
1.21068e+01	2.78379e-10
1.21218e+01	2.59439e-10
1.21369e+01	2.41696e-10
1.21519e+01	2.25081e-10
1.21670e+01	2.09527e-10
1.21820e+01	1.94969e-10
1.21971e+01	1.81347e-10
1.22121e+01	1.68606e-10
1.22272e+01	1.56694e-10
1.22422e+01	1.45563e-10
1.22573e+01	1.35168e-10
1.22723e+01	1.25464e-10
1.22874e+01	1.16412e-10
1.23024e+01	1.07972e-10
1.23175e+01	1.00106e-10
1.23325e+01	9.27796e-11
1.23476e+01	8.59568e-11
1.23626e+01	7.96055e-11
1.23777e+01	7.36951e-11
1.23927e+01	6.81967e-11
1.24078e+01	6.30832e-11
1.24228e+01	5.83297e-11
1.24379e+01	5.39128e-11
1.24529e+01	4.98107e-11
1.24680e+01	4.60026e-11
1.24830e+01	4.24693e-11
1.24981e+01	3.91924e-11
1.25131e+01	3.61549e-11
1.25282e+01	3.33406e-11
1.25432e+01	3.07348e-11
1.25583e+01	2.83229e-11
1.25733e+01	2.60919e-11
1.25883e+01	2.40305e-11
1.26034e+01	2.21268e-11
1.26184e+01	2.03695e-11
1.26335e+01	1.87482e-11
1.26485e+01	1.72528e-11
1.26636e+01	1.58741e-11
1.26786e+01	1.46035e-11
1.26937e+01	1.34329e-11
1.27087e+01	1.23550e-11
1.27238e+01	1.13626e-11
1.27388e+01	1.04491e-11
1.27539e+01	9.60855e-12
1.27689e+01	8.83519e-12
1.27840e+01	8.12381e-12
1.27990e+01	7.46960e-12
1.28141e+01	6.86809e-12
1.28291e+01	6.31499e-12
1.28442e+01	5.80634e-12
1.28592e+01	5.33840e-12
1.28743e+01	4.90761e-12
1.28893e+01	4.51066e-12
1.29044e+01	4.14469e-12
1.29194e+01	3.80721e-12
1.29345e+01	3.49654e-12
1.29495e+01	3.21035e-12
1.29646e+01	2.94622e-12
1.29796e+01	2.70205e-12
1.29947e+01	2.47638e-12
1.30097e+01	2.26787e-12
1.30248e+01	2.07604e-12
1.30398e+01	1.90101e-12
1.30549e+01	1.74269e-12
1.30699e+01	1.59987e-12
1.30850e+01	1.47036e-12
1.31000e+01	1.35239e-12
1.31151e+01	1.24444e-12
1.31301e+01	1.14522e-12
1.31452e+01	1.05372e-12
1.31602e+01	9.69312e-13
1.31753e+01	8.91553e-13
1.31903e+01	8.20111e-13
1.32054e+01	7.54658e-13
1.32204e+01	6.94815e-13
1.32354e+01	6.39954e-13
1.32505e+01	5.89544e-13
1.32655e+01	5.43156e-13
1.32806e+01	5.00428e-13
1.32956e+01	4.61029e-13
1.33107e+01	4.24661e-13
1.33257e+01	3.91064e-13
1.33408e+01	3.60006e-13
1.33558e+01	3.31284e-13
1.33709e+01	3.04717e-13
1.33859e+01	2.80143e-13
1.34010e+01	2.57421e-13
1.34160e+01	2.36423e-13
1.34311e+01	2.17026e-13
1.34461e+01	1.99124e-13
1.34612e+01	1.82619e-13
1.34762e+01	1.67426e-13
1.34913e+01	1.53451e-13
1.35063e+01	1.40597e-13
1.35214e+01	1.28772e-13
1.35364e+01	1.17895e-13
1.35515e+01	1.07896e-13
1.35665e+01	9.87079e-14
1.35816e+01	9.02678e-14
1.35966e+01	8.25184e-14
1.36117e+01	7.54062e-14
1.36267e+01	6.88814e-14
1.36418e+01	6.28976e-14
1.36568e+01	5.74119e-14
1.36719e+01	5.23847e-14
1.36869e+01	4.77794e-14
1.37020e+01	4.35620e-14
1.37170e+01	3.97013e-14
1.37321e+01	3.61683e-14
1.37471e+01	3.29363e-14
1.37622e+01	2.99807e-14
1.37772e+01	2.72788e-14
1.37923e+01	2.48096e-14
1.38073e+01	2.25538e-14
1.38224e+01	2.04937e-14
1.38374e+01	1.86129e-14
1.38525e+01	1.68965e-14
1.38675e+01	1.53305e-14
1.38825e+01	1.39025e-14
1.38976e+01	1.26008e-14
1.39126e+01	1.14150e-14
1.39277e+01	1.03352e-14
1.39427e+01	9.35255e-15
1.39578e+01	8.45886e-15
1.39728e+01	7.64651e-15
1.39879e+01	6.90846e-15
1.40029e+01	6.23830e-15
1.40180e+01	5.63018e-15
1.40330e+01	5.07868e-15
1.40481e+01	4.57878e-15
1.40631e+01	4.12594e-15
1.40782e+01	3.71593e-15
1.40932e+01	3.34491e-15
1.41083e+01	3.00936e-15
1.41233e+01	2.70605e-15
1.41384e+01	2.43204e-15
1.41534e+01	2.18462e-15
1.41685e+01	1.96135e-15
1.41835e+01	1.75995e-15
1.41986e+01	1.57839e-15
1.42136e+01	1.41479e-15
1.42287e+01	1.26745e-15
1.42437e+01	1.13483e-15
1.42588e+01	1.01552e-15
1.42738e+01	9.08264e-16
1.42889e+01	8.11891e-16
1.43039e+01	7.25351e-16
1.43190e+01	6.47687e-16
1.43340e+01	5.78030e-16
1.43491e+01	5.15590e-16
1.43641e+01	4.59652e-16
1.43792e+01	4.09568e-16
1.43942e+01	3.64750e-16
1.44093e+01	3.24668e-16
1.44243e+01	2.88841e-16
1.44394e+01	2.56836e-16
1.44544e+01	2.28261e-16
1.44695e+01	2.02762e-16
1.44845e+01	1.80021e-16
1.44996e+01	1.59750e-16
1.45146e+01	1.41691e-16
1.45296e+01	1.25611e-16
1.45447e+01	1.11299e-16
1.45597e+01	9.85695e-17
1.45748e+01	8.72518e-17
1.45898e+01	7.71947e-17
1.46049e+01	6.82622e-17
1.46199e+01	6.03323e-17
1.46350e+01	5.32958e-17
1.46500e+01	4.70549e-17
1.46651e+01	4.15221e-17
1.46801e+01	3.66191e-17
1.46952e+01	3.22760e-17
1.47102e+01	2.84302e-17
1.47253e+01	2.50260e-17
1.47403e+01	2.20135e-17
1.47554e+01	1.93483e-17
1.47704e+01	1.69907e-17
1.47855e+01	1.49054e-17
1.48005e+01	1.30609e-17
1.48156e+01	1.14291e-17
1.48306e+01	9.98487e-18
1.48457e+01	8.70600e-18
1.48607e+01	7.57253e-18
1.48758e+01	6.56670e-18
1.48908e+01	5.67262e-18
1.49059e+01	4.87610e-18
1.49209e+01	4.16440e-18
1.49360e+01	3.52610e-18
1.49510e+01	2.95090e-18
1.49661e+01	2.42948e-18
1.49811e+01	1.95335e-18
1.49962e+01	1.51474e-18
1.50112e+01	1.10650e-18
1.50263e+01	7.21945e-19
1.50413e+01	3.54608e-19
