# The ell = 0 distribution, the isotropy.
# E_N [Td]	6.00000e+00
# col_1: Electron Energy [eV], col_2: f0 [eV^(-3/2)]
eV	f0
8.03168e-03	5.89118e-01
2.40950e-02	5.89114e-01
4.01584e-02	5.89110e-01
5.62218e-02	5.89106e-01
7.22851e-02	5.89102e-01
8.83485e-02	5.89099e-01
1.04412e-01	5.89095e-01
1.20475e-01	5.89092e-01
1.36539e-01	5.89090e-01
1.52602e-01	5.89087e-01
1.68665e-01	5.89084e-01
1.84729e-01	5.89082e-01
2.00792e-01	5.89079e-01
2.16855e-01	5.89076e-01
2.32919e-01	5.89073e-01
2.48982e-01	5.89070e-01
2.65045e-01	5.89066e-01
2.81109e-01	5.89062e-01
2.97172e-01	5.89058e-01
3.13236e-01	5.89053e-01
3.29299e-01	5.89047e-01
3.45362e-01	5.89041e-01
3.61426e-01	5.89035e-01
3.77489e-01	5.89027e-01
3.93552e-01	5.89018e-01
4.09616e-01	5.89008e-01
4.25679e-01	5.88996e-01
4.41742e-01	5.88982e-01
4.57806e-01	5.88966e-01
4.73869e-01	5.88946e-01
4.89933e-01	5.88923e-01
5.05996e-01	5.88896e-01
5.22059e-01	5.88865e-01
5.38123e-01	5.88827e-01
5.54186e-01	5.88783e-01
5.70249e-01	5.88731e-01
5.86313e-01	5.88670e-01
6.02376e-01	5.88599e-01
6.18439e-01	5.88517e-01
6.34503e-01	5.88422e-01
6.50566e-01	5.88312e-01
6.66629e-01	5.88185e-01
6.82693e-01	5.88040e-01
6.98756e-01	5.87872e-01
7.14820e-01	5.87679e-01
7.30883e-01	5.87458e-01
7.46946e-01	5.87205e-01
7.63010e-01	5.86917e-01
7.79073e-01	5.86591e-01
7.95136e-01	5.86224e-01
8.11200e-01	5.85813e-01
8.27263e-01	5.85356e-01
8.43326e-01	5.84851e-01
8.59390e-01	5.84295e-01
8.75453e-01	5.83687e-01
8.91517e-01	5.83022e-01
9.07580e-01	5.82295e-01
9.23643e-01	5.81504e-01
9.39707e-01	5.80643e-01
9.55770e-01	5.79707e-01
9.71833e-01	5.78687e-01
9.87897e-01	5.77578e-01
1.00396e+00	5.76375e-01
1.02002e+00	5.75076e-01
1.03609e+00	5.73674e-01
1.05215e+00	5.72163e-01
1.06821e+00	5.70537e-01
1.08428e+00	5.68795e-01
1.10034e+00	5.66933e-01
1.11640e+00	5.64948e-01
1.13247e+00	5.62835e-01
1.14853e+00	5.60591e-01
1.16459e+00	5.58214e-01
1.18066e+00	5.55700e-01
1.19672e+00	5.53048e-01
1.21278e+00	5.50254e-01
1.22885e+00	5.47315e-01
1.24491e+00	5.44222e-01
1.26097e+00	5.40971e-01
1.27704e+00	5.37557e-01
1.29310e+00	5.33976e-01
1.30916e+00	5.30218e-01
1.32523e+00	5.26268e-01
1.34129e+00	5.22114e-01
1.35735e+00	5.17747e-01
1.37342e+00	5.13157e-01
1.38948e+00	5.08341e-01
1.40554e+00	5.03306e-01
1.42161e+00	4.98058e-01
1.43767e+00	4.92603e-01
1.45373e+00	4.86946e-01
1.46980e+00	4.81098e-01
1.48586e+00	4.75063e-01
1.50192e+00	4.68845e-01
1.51799e+00	4.62444e-01
1.53405e+00	4.55862e-01
1.55011e+00	4.49100e-01
1.56618e+00	4.42126e-01
1.58224e+00	4.34918e-01
1.59830e+00	4.27457e-01
1.61437e+00	4.19725e-01
1.63043e+00	4.11707e-01
1.64649e+00	4.03379e-01
1.66256e+00	3.94734e-01
1.67862e+00	3.85771e-01
1.69468e+00	3.76494e-01
1.71075e+00	3.66913e-01
1.72681e+00	3.57031e-01
1.74287e+00	3.46853e-01
1.75894e+00	3.36406e-01
1.77500e+00	3.25726e-01
1.79106e+00	3.14855e-01
1.80713e+00	3.03825e-01
1.82319e+00	2.92680e-01
1.83925e+00	2.81453e-01
1.85532e+00	2.70136e-01
1.87138e+00	2.58765e-01
1.88744e+00	2.47363e-01
1.90351e+00	2.35993e-01
1.91957e+00	2.24721e-01
1.93563e+00	2.13674e-01
1.95170e+00	2.02934e-01
1.96776e+00	1.92563e-01
1.98383e+00	1.82584e-01
1.99989e+00	1.73010e-01
2.01595e+00	1.63859e-01
2.03202e+00	1.55166e-01
2.04808e+00	1.46905e-01
2.06414e+00	1.39053e-01
2.08021e+00	1.31580e-01
2.09627e+00	1.24461e-01
2.11233e+00	1.17671e-01
2.12840e+00	1.11155e-01
2.14446e+00	1.04911e-01
2.16052e+00	9.89437e-02
2.17659e+00	9.32627e-02
2.19265e+00	8.78625e-02
2.20871e+00	8.27384e-02
2.22478e+00	7.78889e-02
2.24084e+00	7.33046e-02
2.25690e+00	6.90183e-02
2.27297e+00	6.50194e-02
2.28903e+00	6.12895e-02
2.30509e+00	5.78091e-02
2.32116e+00	5.45569e-02
2.33722e+00	5.15207e-02
2.35328e+00	4.86873e-02
2.36935e+00	4.60135e-02
2.38541e+00	4.34812e-02
2.40147e+00	4.10851e-02
2.41754e+00	3.88234e-02
2.43360e+00	3.66770e-02
2.44966e+00	3.46384e-02
2.46573e+00	3.27064e-02
2.48179e+00	3.08931e-02
2.49785e+00	2.92128e-02
2.51392e+00	2.76579e-02
2.52998e+00	2.62171e-02
2.54604e+00	2.48848e-02
2.56211e+00	2.36512e-02
2.57817e+00	2.25072e-02
2.59423e+00	2.14461e-02
2.61030e+00	2.04462e-02
2.62636e+00	1.95005e-02
2.64242e+00	1.86063e-02
2.65849e+00	1.77621e-02
2.67455e+00	1.69655e-02
2.69061e+00	1.62134e-02
2.70668e+00	1.55037e-02
2.72274e+00	1.48350e-02
2.73880e+00	1.42107e-02
2.75487e+00	1.36259e-02
2.77093e+00	1.30753e-02
2.78699e+00	1.25557e-02
2.80306e+00	1.20657e-02
2.81912e+00	1.16034e-02
2.83518e+00	1.11668e-02
2.85125e+00	1.07554e-02
2.86731e+00	1.03666e-02
2.88337e+00	9.99993e-03
2.89944e+00	9.65600e-03
2.91550e+00	9.33315e-03
2.93156e+00	9.02960e-03
2.94763e+00	8.74365e-03
2.96369e+00	8.47364e-03
2.97975e+00	8.21806e-03
2.99582e+00	7.97524e-03
3.01188e+00	7.74387e-03
3.02794e+00	7.52293e-03
3.04401e+00	7.31205e-03
3.06007e+00	7.11090e-03
3.07613e+00	6.91920e-03
3.09220e+00	6.73659e-03
3.10826e+00	6.56282e-03
3.12432e+00	6.39737e-03
3.14039e+00	6.23984e-03
3.15645e+00	6.08967e-03
3.17251e+00	5.94629e-03
3.18858e+00	5.80934e-03
3.20464e+00	5.67854e-03
3.22070e+00	5.55363e-03
3.23677e+00	5.43437e-03
3.25283e+00	5.32051e-03
3.26889e+00	5.21186e-03
3.28496e+00	5.10817e-03
3.30102e+00	5.00914e-03
3.31708e+00	4.91447e-03
3.33315e+00	4.82385e-03
3.34921e+00	4.73697e-03
3.36527e+00	4.65359e-03
3.38134e+00	4.57345e-03
3.39740e+00	4.49633e-03
3.41346e+00	4.42204e-03
3.42953e+00	4.35036e-03
3.44559e+00	4.28117e-03
3.46165e+00	4.21434e-03
3.47772e+00	4.14977e-03
3.49378e+00	4.08736e-03
3.50984e+00	4.02699e-03
3.52591e+00	3.96855e-03
3.54197e+00	3.91197e-03
3.55803e+00	3.85715e-03
3.57410e+00	3.80403e-03
3.59016e+00	3.75255e-03
3.60622e+00	3.70265e-03
3.62229e+00	3.65428e-03
3.63835e+00	3.60737e-03
3.65441e+00	3.56188e-03
3.67048e+00	3.51776e-03
3.68654e+00	3.47494e-03
3.70260e+00	3.43338e-03
3.71867e+00	3.39302e-03
3.73473e+00	3.35381e-03
3.75079e+00	3.31568e-03
3.76686e+00	3.27856e-03
3.78292e+00	3.24241e-03
3.79898e+00	3.20714e-03
3.81505e+00	3.17269e-03
3.83111e+00	3.13901e-03
3.84717e+00	3.10604e-03
3.86324e+00	3.07371e-03
3.87930e+00	3.04199e-03
3.89536e+00	3.01083e-03
3.91143e+00	2.98022e-03
3.92749e+00	2.95013e-03
3.94356e+00	2.92054e-03
3.95962e+00	2.89142e-03
3.97568e+00	2.86275e-03
3.99175e+00	2.83452e-03
4.00781e+00	2.80667e-03
4.02387e+00	2.77920e-03
4.03994e+00	2.75209e-03
4.05600e+00	2.72533e-03
4.07206e+00	2.69893e-03
4.08813e+00	2.67287e-03
4.10419e+00	2.64716e-03
4.12025e+00	2.62179e-03
4.13632e+00	2.59676e-03
4.15238e+00	2.57206e-03
4.16844e+00	2.54769e-03
4.18451e+00	2.52366e-03
4.20057e+00	2.49996e-03
4.21663e+00	2.47659e-03
4.23270e+00	2.45354e-03
4.24876e+00	2.43082e-03
4.26482e+00	2.40843e-03
4.28089e+00	2.38636e-03
4.29695e+00	2.36461e-03
4.31301e+00	2.34320e-03
4.32908e+00	2.32211e-03
4.34514e+00	2.30135e-03
4.36120e+00	2.28092e-03
4.37727e+00	2.26082e-03
4.39333e+00	2.24105e-03
4.40939e+00	2.22161e-03
4.42546e+00	2.20251e-03
4.44152e+00	2.18373e-03
4.45758e+00	2.16528e-03
4.47365e+00	2.14716e-03
4.48971e+00	2.12936e-03
4.50577e+00	2.11188e-03
4.52184e+00	2.09472e-03
4.53790e+00	2.07788e-03
4.55396e+00	2.06136e-03
4.57003e+00	2.04515e-03
4.58609e+00	2.02924e-03
4.60215e+00	2.01363e-03
4.61822e+00	1.99831e-03
4.63428e+00	1.98327e-03
4.65034e+00	1.96851e-03
4.66641e+00	1.95401e-03
4.68247e+00	1.93977e-03
4.69853e+00	1.92577e-03
4.71460e+00	1.91201e-03
4.73066e+00	1.89848e-03
4.74672e+00	1.88516e-03
4.76279e+00	1.87205e-03
4.77885e+00	1.85915e-03
4.79491e+00	1.84643e-03
4.81098e+00	1.83389e-03
4.82704e+00	1.82152e-03
4.84310e+00	1.80932e-03
4.85917e+00	1.79726e-03
4.87523e+00	1.78535e-03
4.89129e+00	1.77356e-03
4.90736e+00	1.76188e-03
4.92342e+00	1.75031e-03
4.93948e+00	1.73884e-03
4.95555e+00	1.72745e-03
4.97161e+00	1.71615e-03
4.98767e+00	1.70492e-03
5.00374e+00	1.69376e-03
5.01980e+00	1.68267e-03
5.03586e+00	1.67163e-03
5.05193e+00	1.66065e-03
5.06799e+00	1.64972e-03
5.08405e+00	1.63884e-03
5.10012e+00	1.62800e-03
5.11618e+00	1.61719e-03
5.13224e+00	1.60643e-03
5.14831e+00	1.59570e-03
5.16437e+00	1.58501e-03
5.18043e+00	1.57435e-03
5.19650e+00	1.56374e-03
5.21256e+00	1.55315e-03
5.22862e+00	1.54261e-03
5.24469e+00	1.53210e-03
5.26075e+00	1.52163e-03
5.27681e+00	1.51120e-03
5.29288e+00	1.50080e-03
5.30894e+00	1.49044e-03
5.32500e+00	1.48012e-03
5.34107e+00	1.46984e-03
5.35713e+00	1.45959e-03
5.37319e+00	1.44938e-03
5.38926e+00	1.43920e-03
5.40532e+00	1.42907e-03
5.42138e+00	1.41896e-03
5.43745e+00	1.40890e-03
5.45351e+00	1.39887e-03
5.46957e+00	1.38888e-03
5.48564e+00	1.37893e-03
5.50170e+00	1.36901e-03
5.51776e+00	1.35913e-03
5.53383e+00	1.34929e-03
5.54989e+00	1.33948e-03
5.56595e+00	1.32971e-03
5.58202e+00	1.31998e-03
5.59808e+00	1.31028e-03
5.61414e+00	1.30062e-03
5.63021e+00	1.29099e-03
5.64627e+00	1.28140e-03
5.66233e+00	1.27185e-03
5.67840e+00	1.26233e-03
5.69446e+00	1.25285e-03
5.71052e+00	1.24341e-03
5.72659e+00	1.23400e-03
5.74265e+00	1.22463e-03
5.75871e+00	1.21529e-03
5.77478e+00	1.20599e-03
5.79084e+00	1.19673e-03
5.80690e+00	1.18750e-03
5.82297e+00	1.17830e-03
5.83903e+00	1.16914e-03
5.85509e+00	1.16002e-03
5.87116e+00	1.15093e-03
5.88722e+00	1.14188e-03
5.90329e+00	1.13286e-03
5.91935e+00	1.12388e-03
5.93541e+00	1.11493e-03
5.95148e+00	1.10602e-03
5.96754e+00	1.09714e-03
5.98360e+00	1.08830e-03
5.99967e+00	1.07949e-03
6.01573e+00	1.07072e-03
6.03179e+00	1.06198e-03
6.04786e+00	1.05328e-03
6.06392e+00	1.04461e-03
6.07998e+00	1.03598e-03
6.09605e+00	1.02738e-03
6.11211e+00	1.01882e-03
6.12817e+00	1.01029e-03
6.14424e+00	1.00180e-03
6.16030e+00	9.93340e-04
6.17636e+00	9.84917e-04
6.19243e+00	9.76529e-04
6.20849e+00	9.68175e-04
6.22455e+00	9.59856e-04
6.24062e+00	9.51570e-04
6.25668e+00	9.43318e-04
6.27274e+00	9.35101e-04
6.28881e+00	9.26917e-04
6.30487e+00	9.18766e-04
6.32093e+00	9.10649e-04
6.33700e+00	9.02565e-04
6.35306e+00	8.94515e-04
6.36912e+00	8.86497e-04
6.38519e+00	8.78513e-04
6.40125e+00	8.70561e-04
6.41731e+00	8.62642e-04
6.43338e+00	8.54756e-04
6.44944e+00	8.46902e-04
6.46550e+00	8.39080e-04
6.48157e+00	8.31290e-04
6.49763e+00	8.23533e-04
6.51369e+00	8.15807e-04
6.52976e+00	8.08113e-04
6.54582e+00	8.00450e-04
6.56188e+00	7.92819e-04
6.57795e+00	7.85219e-04
6.59401e+00	7.77650e-04
6.61007e+00	7.70113e-04
6.62614e+00	7.62606e-04
6.64220e+00	7.55129e-04
6.65826e+00	7.47684e-04
6.67433e+00	7.40268e-04
6.69039e+00	7.32883e-04
6.70645e+00	7.25528e-04
6.72252e+00	7.18204e-04
6.73858e+00	7.10908e-04
6.75464e+00	7.03643e-04
6.77071e+00	6.96408e-04
6.78677e+00	6.89202e-04
6.80283e+00	6.82027e-04
6.81890e+00	6.74881e-04
6.83496e+00	6.67766e-04
6.85102e+00	6.60680e-04
6.86709e+00	6.53625e-04
6.88315e+00	6.46599e-04
6.89921e+00	6.39604e-04
6.91528e+00	6.32639e-04
6.93134e+00	6.25703e-04
6.94740e+00	6.18798e-04
6.96347e+00	6.11925e-04
6.97953e+00	6.05083e-04
6.99559e+00	5.98274e-04
7.01166e+00	5.91497e-04
7.02772e+00	5.84751e-04
7.04378e+00	5.78037e-04
7.05985e+00	5.71355e-04
7.07591e+00	5.64704e-04
7.09197e+00	5.58085e-04
7.10804e+00	5.51499e-04
7.12410e+00	5.44945e-04
7.14016e+00	5.38424e-04
7.15623e+00	5.31935e-04
7.17229e+00	5.25478e-04
7.18835e+00	5.19053e-04
7.20442e+00	5.12661e-04
7.22048e+00	5.06299e-04
7.23654e+00	4.99970e-04
7.25261e+00	4.93672e-04
7.26867e+00	4.87405e-04
7.28473e+00	4.81169e-04
7.30080e+00	4.74964e-04
7.31686e+00	4.68790e-04
7.33292e+00	4.62645e-04
7.34899e+00	4.56531e-04
7.36505e+00	4.50447e-04
7.38111e+00	4.44393e-04
7.39718e+00	4.38368e-04
7.41324e+00	4.32374e-04
7.42930e+00	4.26411e-04
7.44537e+00	4.20478e-04
7.46143e+00	4.14577e-04
7.47749e+00	4.08707e-04
7.49356e+00	4.02868e-04
7.50962e+00	3.97061e-04
7.52568e+00	3.91287e-04
7.54175e+00	3.85544e-04
7.55781e+00	3.79833e-04
7.57387e+00	3.74155e-04
7.58994e+00	3.68510e-04
7.60600e+00	3.62898e-04
7.62206e+00	3.57319e-04
7.63813e+00	3.51773e-04
7.65419e+00	3.46261e-04
7.67025e+00	3.40783e-04
7.68632e+00	3.35338e-04
7.70238e+00	3.29928e-04
7.71844e+00	3.24552e-04
7.73451e+00	3.19210e-04
7.75057e+00	3.13903e-04
7.76663e+00	3.08630e-04
7.78270e+00	3.03393e-04
7.79876e+00	2.98192e-04
7.81482e+00	2.93027e-04
7.83089e+00	2.87900e-04
7.84695e+00	2.82812e-04
7.86302e+00	2.77762e-04
7.87908e+00	2.72753e-04
7.89514e+00	2.67785e-04
7.91121e+00	2.62858e-04
7.92727e+00	2.57974e-04
7.94333e+00	2.53132e-04
7.95940e+00	2.48335e-04
7.97546e+00	2.43582e-04
7.99152e+00	2.38874e-04
8.00759e+00	2.34212e-04
8.02365e+00	2.29596e-04
8.03971e+00	2.25027e-04
8.05578e+00	2.20505e-04
8.07184e+00	2.16032e-04
8.08790e+00	2.11607e-04
8.10397e+00	2.07231e-04
8.12003e+00	2.02905e-04
8.13609e+00	1.98629e-04
8.15216e+00	1.94403e-04
8.16822e+00	1.90228e-04
8.18428e+00	1.86104e-04
8.20035e+00	1.82032e-04
8.21641e+00	1.78011e-04
8.23247e+00	1.74041e-04
8.24854e+00	1.70124e-04
8.26460e+00	1.66260e-04
8.28066e+00	1.62448e-04
8.29673e+00	1.58690e-04
8.31279e+00	1.54985e-04
8.32885e+00	1.51335e-04
8.34492e+00	1.47739e-04
8.36098e+00	1.44198e-04
8.37704e+00	1.40711e-04
8.39311e+00	1.37280e-04
8.40917e+00	1.33905e-04
8.42523e+00	1.30585e-04
8.44130e+00	1.27321e-04
8.45736e+00	1.24113e-04
8.47342e+00	1.20961e-04
8.48949e+00	1.17865e-04
8.50555e+00	1.14826e-04
8.52161e+00	1.11844e-04
8.53768e+00	1.08920e-04
8.55374e+00	1.06051e-04
8.56980e+00	1.03240e-04
8.58587e+00	1.00484e-04
8.60193e+00	9.77847e-05
8.61799e+00	9.51405e-05
8.63406e+00	9.25512e-05
8.65012e+00	9.00164e-05
8.66618e+00	8.75356e-05
8.68225e+00	8.51083e-05
8.69831e+00	8.27341e-05
8.71437e+00	8.04122e-05
8.73044e+00	7.81423e-05
8.74650e+00	7.59236e-05
8.76256e+00	7.37556e-05
8.77863e+00	7.16378e-05
8.79469e+00	6.95695e-05
8.81075e+00	6.75500e-05
8.82682e+00	6.55789e-05
8.84288e+00	6.36553e-05
8.85894e+00	6.17788e-05
8.87501e+00	5.99485e-05
8.89107e+00	5.81639e-05
8.90713e+00	5.64243e-05
8.92320e+00	5.47290e-05
8.93926e+00	5.30773e-05
8.95532e+00	5.14686e-05
8.97139e+00	4.99023e-05
8.98745e+00	4.83777e-05
9.00351e+00	4.68940e-05
9.01958e+00	4.54506e-05
9.03564e+00	4.40464e-05
9.05170e+00	4.26808e-05
9.06777e+00	4.13527e-05
9.08383e+00	4.00614e-05
9.09989e+00	3.88059e-05
9.11596e+00	3.75855e-05
9.13202e+00	3.63992e-05
9.14808e+00	3.52463e-05
9.16415e+00	3.41260e-05
9.18021e+00	3.30375e-05
9.19627e+00	3.19800e-05
9.21234e+00	3.09528e-05
9.22840e+00	2.99551e-05
9.24446e+00	2.89861e-05
9.26053e+00	2.80453e-05
9.27659e+00	2.71318e-05
9.29265e+00	2.62450e-05
9.30872e+00	2.53843e-05
9.32478e+00	2.45489e-05
9.34084e+00	2.37382e-05
9.35691e+00	2.29516e-05
9.37297e+00	2.21885e-05
9.38903e+00	2.14482e-05
9.40510e+00	2.07301e-05
9.42116e+00	2.00338e-05
9.43722e+00	1.93585e-05
9.45329e+00	1.87038e-05
9.46935e+00	1.80690e-05
9.48541e+00	1.74537e-05
9.50148e+00	1.68573e-05
9.51754e+00	1.62793e-05
9.53360e+00	1.57192e-05
9.54967e+00	1.51766e-05
9.56573e+00	1.46508e-05
9.58179e+00	1.41416e-05
9.59786e+00	1.36483e-05
9.61392e+00	1.31706e-05
9.62998e+00	1.27081e-05
9.64605e+00	1.22603e-05
9.66211e+00	1.18268e-05
9.67817e+00	1.14072e-05
9.69424e+00	1.10012e-05
9.71030e+00	1.06084e-05
9.72636e+00	1.02284e-05
9.74243e+00	9.86090e-06
9.75849e+00	9.50545e-06
9.77455e+00	9.16175e-06
9.79062e+00	8.82947e-06
9.80668e+00	8.50828e-06
9.82275e+00	8.19785e-06
9.83881e+00	7.89787e-06
9.85487e+00	7.60804e-06
9.87094e+00	7.32806e-06
9.88700e+00	7.05764e-06
9.90306e+00	6.79649e-06
9.91913e+00	6.54434e-06
9.93519e+00	6.30091e-06
9.95125e+00	6.06594e-06
9.96732e+00	5.83919e-06
9.98338e+00	5.62038e-06
9.99944e+00	5.40929e-06
1.00155e+01	5.20566e-06
1.00316e+01	5.00920e-06
1.00476e+01	4.81990e-06
1.00637e+01	4.63750e-06
1.00798e+01	4.46177e-06
1.00958e+01	4.29246e-06
1.01119e+01	4.12935e-06
1.01279e+01	3.97222e-06
1.01440e+01	3.82086e-06
1.01601e+01	3.67506e-06
1.01761e+01	3.53462e-06
1.01922e+01	3.39935e-06
1.02083e+01	3.26908e-06
1.02243e+01	3.14361e-06
1.02404e+01	3.02278e-06
1.02565e+01	2.90643e-06
1.02725e+01	2.79438e-06
1.02886e+01	2.68650e-06
1.03046e+01	2.58263e-06
1.03207e+01	2.48262e-06
1.03368e+01	2.38634e-06
1.03528e+01	2.29365e-06
1.03689e+01	2.20442e-06
1.03850e+01	2.11853e-06
1.04010e+01	2.03585e-06
1.04171e+01	1.95628e-06
1.04332e+01	1.87969e-06
1.04492e+01	1.80598e-06
1.04653e+01	1.73504e-06
1.04813e+01	1.66677e-06
1.04974e+01	1.60108e-06
1.05135e+01	1.53786e-06
1.05295e+01	1.47704e-06
1.05456e+01	1.41852e-06
1.05617e+01	1.36221e-06
1.05777e+01	1.30804e-06
1.05938e+01	1.25593e-06
1.06098e+01	1.20578e-06
1.06259e+01	1.15756e-06
1.06420e+01	1.11123e-06
1.06580e+01	1.06670e-06
1.06741e+01	1.02390e-06
1.06902e+01	9.82777e-07
1.07062e+01	9.43258e-07
1.07223e+01	9.05284e-07
1.07384e+01	8.68796e-07
1.07544e+01	8.33735e-07
1.07705e+01	8.00048e-07
1.07865e+01	7.67681e-07
1.08026e+01	7.36583e-07
1.08187e+01	7.06706e-07
1.08347e+01	6.78002e-07
1.08508e+01	6.50425e-07
1.08669e+01	6.23933e-07
1.08829e+01	5.98483e-07
1.08990e+01	5.74034e-07
1.09151e+01	5.50548e-07
1.09311e+01	5.27986e-07
1.09472e+01	5.06314e-07
1.09632e+01	4.85495e-07
1.09793e+01	4.65498e-07
1.09954e+01	4.46288e-07
1.10114e+01	4.27836e-07
1.10275e+01	4.10112e-07
1.10436e+01	3.93086e-07
1.10596e+01	3.76732e-07
1.10757e+01	3.61022e-07
1.10918e+01	3.45932e-07
1.11078e+01	3.31435e-07
1.11239e+01	3.17509e-07
1.11399e+01	3.04131e-07
1.11560e+01	2.91279e-07
1.11721e+01	2.78932e-07
1.11881e+01	2.67069e-07
1.12042e+01	2.55670e-07
1.12203e+01	2.44719e-07
1.12363e+01	2.34196e-07
1.12524e+01	2.24086e-07
1.12684e+01	2.14370e-07
1.12845e+01	2.05035e-07
1.13006e+01	1.96065e-07
1.13166e+01	1.87445e-07
1.13327e+01	1.79160e-07
1.13488e+01	1.71198e-07
1.13648e+01	1.63546e-07
1.13809e+01	1.56190e-07
1.13970e+01	1.49119e-07
1.14130e+01	1.42321e-07
1.14291e+01	1.35785e-07
1.14451e+01	1.29500e-07
1.14612e+01	1.23455e-07
1.14773e+01	1.17641e-07
1.14933e+01	1.12047e-07
1.15094e+01	1.06665e-07
1.15255e+01	1.01485e-07
1.15415e+01	9.64989e-08
1.15576e+01	9.16979e-08
1.15737e+01	8.70774e-08
1.15897e+01	8.26355e-08
1.16058e+01	7.83698e-08
1.16218e+01	7.42779e-08
1.16379e+01	7.03574e-08
1.16540e+01	6.66144e-08
1.16700e+01	6.30520e-08
1.16861e+01	5.96667e-08
1.17022e+01	5.64491e-08
1.17182e+01	5.33883e-08
1.17343e+01	5.04734e-08
1.17503e+01	4.76951e-08
1.17664e+01	4.50474e-08
1.17825e+01	4.25264e-08
1.17985e+01	4.01275e-08
1.18146e+01	3.78450e-08
1.18307e+01	3.56748e-08
1.18467e+01	3.36170e-08
1.18628e+01	3.16816e-08
1.18789e+01	2.98618e-08
1.18949e+01	2.81450e-08
1.19110e+01	2.65247e-08
1.19270e+01	2.49967e-08
1.19431e+01	2.35547e-08
1.19592e+01	2.21927e-08
1.19752e+01	2.09056e-08
1.19913e+01	1.96889e-08
1.20074e+01	1.85385e-08
1.20234e+01	1.74508e-08
1.20395e+01	1.64223e-08
1.20556e+01	1.54500e-08
1.20716e+01	1.45308e-08
1.20877e+01	1.36619e-08
1.21037e+01	1.28407e-08
1.21198e+01	1.20647e-08
1.21359e+01	1.13315e-08
1.21519e+01	1.06391e-08
1.21680e+01	9.98522e-09
1.21841e+01	9.36803e-09
1.22001e+01	8.78558e-09
1.22162e+01	8.23610e-09
1.22322e+01	7.71795e-09
1.22483e+01	7.22960e-09
1.22644e+01	6.76959e-09
1.22804e+01	6.33651e-09
1.22965e+01	5.92899e-09
1.23126e+01	5.54572e-09
1.23286e+01	5.18543e-09
1.23447e+01	4.84684e-09
1.23608e+01	4.52874e-09
1.23768e+01	4.23000e-09
1.23929e+01	3.94953e-09
1.24089e+01	3.68629e-09
1.24250e+01	3.43932e-09
1.24411e+01	3.20772e-09
1.24571e+01	2.99064e-09
1.24732e+01	2.78725e-09
1.24893e+01	2.59678e-09
1.25053e+01	2.41851e-09
1.25214e+01	2.25172e-09
1.25375e+01	2.09576e-09
1.25535e+01	1.95001e-09
1.25696e+01	1.81385e-09
1.25856e+01	1.68679e-09
1.26017e+01	1.56830e-09
1.26178e+01	1.45786e-09
1.26338e+01	1.35496e-09
1.26499e+01	1.25912e-09
1.26660e+01	1.16989e-09
1.26820e+01	1.08685e-09
1.26981e+01	1.00960e-09
1.27141e+01	9.37761e-10
1.27302e+01	8.70967e-10
1.27463e+01	8.08881e-10
1.27623e+01	7.51180e-10
1.27784e+01	6.97567e-10
1.27945e+01	6.47761e-10
1.28105e+01	6.01502e-10
1.28266e+01	5.58538e-10
1.28427e+01	5.18629e-10
1.28587e+01	4.81546e-10
1.28748e+01	4.47067e-10
1.28908e+01	4.14980e-10
1.29069e+01	3.85105e-10
1.29230e+01	3.57284e-10
1.29390e+01	3.31419e-10
1.29551e+01	3.07347e-10
1.29712e+01	2.84899e-10
1.29872e+01	2.63952e-10
1.30033e+01	2.44413e-10
1.30194e+01	2.26210e-10
1.30354e+01	2.09379e-10
1.30515e+01	1.93952e-10
1.30675e+01	1.79877e-10
1.30836e+01	1.66984e-10
1.30997e+01	1.55119e-10
1.31157e+01	1.44150e-10
1.31318e+01	1.33965e-10
1.31479e+01	1.24479e-10
1.31639e+01	1.15644e-10
1.31800e+01	1.07430e-10
1.31961e+01	9.98134e-11
1.32121e+01	9.27695e-11
1.32282e+01	8.62558e-11
1.32442e+01	8.02127e-11
1.32603e+01	7.45991e-11
1.32764e+01	6.93776e-11
1.32924e+01	6.45165e-11
1.33085e+01	5.99855e-11
1.33246e+01	5.57589e-11
1.33406e+01	5.18133e-11
1.33567e+01	4.81287e-11
1.33727e+01	4.46871e-11
1.33888e+01	4.14726e-11
1.34049e+01	3.84715e-11
1.34209e+01	3.56707e-11
1.34370e+01	3.30586e-11
1.34531e+01	3.06246e-11
1.34691e+01	2.83593e-11
1.34852e+01	2.62536e-11
1.35013e+01	2.42968e-11
1.35173e+01	2.24781e-11
1.35334e+01	2.07878e-11
1.35494e+01	1.92177e-11
1.35655e+01	1.77596e-11
1.35816e+01	1.64063e-11
1.35976e+01	1.51506e-11
1.36137e+01	1.39860e-11
1.36298e+01	1.29062e-11
1.36458e+01	1.19055e-11
1.36619e+01	1.09784e-11
1.36780e+01	1.01197e-11
1.36940e+01	9.32473e-12
1.37101e+01	8.58893e-12
1.37261e+01	7.90814e-12
1.37422e+01	7.27845e-12
1.37583e+01	6.69623e-12
1.37743e+01	6.15806e-12
1.37904e+01	5.66077e-12
1.38065e+01	5.20139e-12
1.38225e+01	4.77716e-12
1.38386e+01	4.38554e-12
1.38546e+01	4.02412e-12
1.38707e+01	3.69069e-12
1.38868e+01	3.38321e-12
1.39028e+01	3.09978e-12
1.39189e+01	2.83866e-12
1.39350e+01	2.59822e-12
1.39510e+01	2.37694e-12
1.39671e+01	2.17341e-12
1.39832e+01	1.98630e-12
1.39992e+01	1.81437e-12
1.40153e+01	1.65649e-12
1.40313e+01	1.51159e-12
1.40474e+01	1.37868e-12
1.40635e+01	1.25682e-12
1.40795e+01	1.14516e-12
1.40956e+01	1.04290e-12
1.41117e+01	9.49302e-13
1.41277e+01	8.63670e-13
1.41438e+01	7.85370e-13
1.41599e+01	7.13811e-13
1.41759e+01	6.48444e-13
1.41920e+01	5.88764e-13
1.42080e+01	5.34303e-13
1.42241e+01	4.84628e-13
1.42402e+01	4.39342e-13
1.42562e+01	3.98080e-13
1.42723e+01	3.60506e-13
1.42884e+01	3.26310e-13
1.43044e+01	2.95207e-13
1.43205e+01	2.66933e-13
1.43365e+01	2.41245e-13
1.43526e+01	2.17919e-13
1.43687e+01	1.96751e-13
1.43847e+01	1.77551e-13
1.44008e+01	1.60146e-13
1.44169e+01	1.44376e-13
1.44329e+01	1.30097e-13
1.44490e+01	1.17173e-13
1.44651e+01	1.05482e-13
1.44811e+01	9.49134e-14
1.44972e+01	8.53632e-14
1.45132e+01	7.67381e-14
1.45293e+01	6.89524e-14
1.45454e+01	6.19281e-14
1.45614e+01	5.55938e-14
1.45775e+01	4.98847e-14
1.45936e+01	4.47416e-14
1.46096e+01	4.01107e-14
1.46257e+01	3.59430e-14
1.46418e+01	3.21941e-14
1.46578e+01	2.88233e-14
1.46739e+01	2.57942e-14
1.46899e+01	2.30733e-14
1.47060e+01	2.06305e-14
1.47221e+01	1.84383e-14
1.47381e+01	1.64720e-14
1.47542e+01	1.47091e-14
1.47703e+01	1.31293e-14
1.47863e+01	1.17142e-14
1.48024e+01	1.04473e-14
1.48185e+01	9.31352e-15
1.48345e+01	8.29939e-15
1.48506e+01	7.39268e-15
1.48666e+01	6.58239e-15
1.48827e+01	5.85860e-15
1.48988e+01	5.21236e-15
1.49148e+01	4.63564e-15
1.49309e+01	4.12119e-15
1.49470e+01	3.66251e-15
1.49630e+01	3.25375e-15
1.49791e+01	2.88964e-15
1.49951e+01	2.56545e-15
1.50112e+01	2.27695e-15
1.50273e+01	2.02031e-15
1.50433e+01	1.79208e-15
1.50594e+01	1.58919e-15
1.50755e+01	1.40888e-15
1.50915e+01	1.24868e-15
1.51076e+01	1.10638e-15
1.51237e+01	9.80036e-16
1.51397e+01	8.67878e-16
1.51558e+01	7.68344e-16
1.51718e+01	6.80040e-16
1.51879e+01	6.01720e-16
1.52040e+01	5.32276e-16
1.52200e+01	4.70719e-16
1.52361e+01	4.16168e-16
1.52522e+01	3.67840e-16
1.52682e+01	3.25037e-16
1.52843e+01	2.87138e-16
1.53004e+01	2.53590e-16
1.53164e+01	2.23902e-16
1.53325e+01	1.97636e-16
1.53485e+01	1.74406e-16
1.53646e+01	1.53866e-16
1.53807e+01	1.35708e-16
1.53967e+01	1.19662e-16
1.54128e+01	1.05486e-16
1.54289e+01	9.29642e-17
1.54449e+01	8.19075e-17
1.54610e+01	7.21467e-17
1.54770e+01	6.35323e-17
1.54931e+01	5.59316e-17
1.55092e+01	4.92270e-17
1.55252e+01	4.33145e-17
1.55413e+01	3.81016e-17
1.55574e+01	3.35068e-17
1.55734e+01	2.94578e-17
1.55895e+01	2.58905e-17
1.56056e+01	2.27484e-17
1.56216e+01	1.99813e-17
1.56377e+01	1.75451e-17
1.56537e+01	1.54005e-17
1.56698e+01	1.35131e-17
1.56859e+01	1.18521e-17
1.57019e+01	1.03906e-17
1.57180e+01	9.10469e-18
1.57341e+01	7.97331e-18
1.57501e+01	6.97782e-18
1.57662e+01	6.10175e-18
1.57823e+01	5.33062e-18
1.57983e+01	4.65188e-18
1.58144e+01	4.05440e-18
1.58304e+01	3.52831e-18
1.58465e+01	3.06485e-18
1.58626e+01	2.65624e-18
1.58786e+01	2.29557e-18
1.58947e+01	1.97670e-18
1.59108e+01	1.69416e-18
1.59268e+01	1.44307e-18
1.59429e+01	1.21908e-18
1.59589e+01	1.01825e-18
1.59750e+01	8.37073e-19
1.59911e+01	6.72329e-19
1.60071e+01	5.21095e-19
1.60232e+01	3.80670e-19
1.60393e+01	2.48541e-19
1.60553e+01	1.22291e-19
