# The ell = 0 distribution, the isotropy.
# E_N [Td]	1.00000e+02
# col_1: Electron Energy [eV], col_2: f0 [eV^(-3/2)]
eV	f0
2.31713e-02	6.92299e-02
6.95140e-02	6.93522e-02
1.15857e-01	6.94734e-02
1.62199e-01	6.95995e-02
2.08542e-01	6.97306e-02
2.54885e-01	6.98644e-02
3.01227e-01	6.99989e-02
3.47570e-01	7.01324e-02
3.93912e-01	7.02643e-02
4.40255e-01	7.03934e-02
4.86598e-01	7.05181e-02
5.32940e-01	7.06371e-02
5.79283e-01	7.07488e-02
6.25626e-01	7.08516e-02
6.71968e-01	7.09439e-02
7.18311e-01	7.10235e-02
7.64654e-01	7.10883e-02
8.10996e-01	7.11370e-02
8.57339e-01	7.11689e-02
9.03681e-01	7.11832e-02
9.50024e-01	7.11783e-02
9.96367e-01	7.11521e-02
1.04271e+00	7.11025e-02
1.08905e+00	7.10286e-02
1.13539e+00	7.09298e-02
1.18174e+00	7.08074e-02
1.22808e+00	7.06621e-02
1.27442e+00	7.04931e-02
1.32077e+00	7.02994e-02
1.36711e+00	7.00796e-02
1.41345e+00	6.98314e-02
1.45979e+00	6.95546e-02
1.50614e+00	6.92519e-02
1.55248e+00	6.89234e-02
1.59882e+00	6.85668e-02
1.64516e+00	6.81766e-02
1.69151e+00	6.77454e-02
1.73785e+00	6.72693e-02
1.78419e+00	6.67424e-02
1.83053e+00	6.61690e-02
1.87688e+00	6.55527e-02
1.92322e+00	6.48917e-02
1.96956e+00	6.42092e-02
2.01590e+00	6.35307e-02
2.06225e+00	6.28708e-02
2.10859e+00	6.22320e-02
2.15493e+00	6.16065e-02
2.20128e+00	6.09994e-02
2.24762e+00	6.04159e-02
2.29396e+00	5.98693e-02
2.34030e+00	5.93607e-02
2.38665e+00	5.88828e-02
2.43299e+00	5.84241e-02
2.47933e+00	5.79802e-02
2.52567e+00	5.75738e-02
2.57202e+00	5.72070e-02
2.61836e+00	5.68709e-02
2.66470e+00	5.65463e-02
2.71104e+00	5.62338e-02
2.75739e+00	5.59386e-02
2.80373e+00	5.56595e-02
2.85007e+00	5.53950e-02
2.89641e+00	5.51433e-02
2.94276e+00	5.49061e-02
2.98910e+00	5.46795e-02
3.03544e+00	5.44587e-02
3.08179e+00	5.42419e-02
3.12813e+00	5.40299e-02
3.17447e+00	5.38233e-02
3.22081e+00	5.36207e-02
3.26716e+00	5.34221e-02
3.31350e+00	5.32275e-02
3.35984e+00	5.30359e-02
3.40618e+00	5.28461e-02
3.45253e+00	5.26572e-02
3.49887e+00	5.24683e-02
3.54521e+00	5.22794e-02
3.59155e+00	5.20902e-02
3.63790e+00	5.19006e-02
3.68424e+00	5.17104e-02
3.73058e+00	5.15197e-02
3.77693e+00	5.13283e-02
3.82327e+00	5.11359e-02
3.86961e+00	5.09420e-02
3.91595e+00	5.07464e-02
3.96230e+00	5.05489e-02
4.00864e+00	5.03494e-02
4.05498e+00	5.01474e-02
4.10132e+00	4.99432e-02
4.14767e+00	4.97367e-02
4.19401e+00	4.95281e-02
4.24035e+00	4.93177e-02
4.28669e+00	4.91055e-02
4.33304e+00	4.88917e-02
4.37938e+00	4.86765e-02
4.42572e+00	4.84601e-02
4.47206e+00	4.82425e-02
4.51841e+00	4.80238e-02
4.56475e+00	4.78041e-02
4.61109e+00	4.75835e-02
4.65744e+00	4.73620e-02
4.70378e+00	4.71395e-02
4.75012e+00	4.69161e-02
4.79646e+00	4.66917e-02
4.84281e+00	4.64662e-02
4.88915e+00	4.62396e-02
4.93549e+00	4.60116e-02
4.98183e+00	4.57823e-02
5.02818e+00	4.55516e-02
5.07452e+00	4.53193e-02
5.12086e+00	4.50855e-02
5.16720e+00	4.48501e-02
5.21355e+00	4.46133e-02
5.25989e+00	4.43750e-02
5.30623e+00	4.41353e-02
5.35257e+00	4.38943e-02
5.39892e+00	4.36519e-02
5.44526e+00	4.34084e-02
5.49160e+00	4.31636e-02
5.53795e+00	4.29176e-02
5.58429e+00	4.26705e-02
5.63063e+00	4.24223e-02
5.67697e+00	4.21729e-02
5.72332e+00	4.19226e-02
5.76966e+00	4.16712e-02
5.81600e+00	4.14188e-02
5.86234e+00	4.11654e-02
5.90869e+00	4.09111e-02
5.95503e+00	4.06559e-02
6.00137e+00	4.03997e-02
6.04771e+00	4.01427e-02
6.09406e+00	3.98848e-02
6.14040e+00	3.96262e-02
6.18674e+00	3.93669e-02
6.23308e+00	3.91068e-02
6.27943e+00	3.88460e-02
6.32577e+00	3.85845e-02
6.37211e+00	3.83224e-02
6.41846e+00	3.80596e-02
6.46480e+00	3.77962e-02
6.51114e+00	3.75321e-02
6.55748e+00	3.72675e-02
6.60383e+00	3.70022e-02
6.65017e+00	3.67364e-02
6.69651e+00	3.64699e-02
6.74285e+00	3.62030e-02
6.78920e+00	3.59354e-02
6.83554e+00	3.56673e-02
6.88188e+00	3.53987e-02
6.92822e+00	3.51296e-02
6.97457e+00	3.48600e-02
7.02091e+00	3.45901e-02
7.06725e+00	3.43199e-02
7.11360e+00	3.40494e-02
7.15994e+00	3.37787e-02
7.20628e+00	3.35079e-02
7.25262e+00	3.32370e-02
7.29897e+00	3.29659e-02
7.34531e+00	3.26946e-02
7.39165e+00	3.24232e-02
7.43799e+00	3.21517e-02
7.48434e+00	3.18800e-02
7.53068e+00	3.16082e-02
7.57702e+00	3.13363e-02
7.62336e+00	3.10643e-02
7.66971e+00	3.07922e-02
7.71605e+00	3.05200e-02
7.76239e+00	3.02476e-02
7.80873e+00	2.99752e-02
7.85508e+00	2.97026e-02
7.90142e+00	2.94301e-02
7.94776e+00	2.91575e-02
7.99411e+00	2.88849e-02
8.04045e+00	2.86123e-02
8.08679e+00	2.83399e-02
8.13313e+00	2.80676e-02
8.17948e+00	2.77954e-02
8.22582e+00	2.75233e-02
8.27216e+00	2.72515e-02
8.31850e+00	2.69798e-02
8.36485e+00	2.67084e-02
8.41119e+00	2.64374e-02
8.45753e+00	2.61667e-02
8.50387e+00	2.58965e-02
8.55022e+00	2.56268e-02
8.59656e+00	2.53577e-02
8.64290e+00	2.50893e-02
8.68924e+00	2.48216e-02
8.73559e+00	2.45546e-02
8.78193e+00	2.42884e-02
8.82827e+00	2.40231e-02
8.87462e+00	2.37585e-02
8.92096e+00	2.34949e-02
8.96730e+00	2.32322e-02
9.01364e+00	2.29706e-02
9.05999e+00	2.27101e-02
9.10633e+00	2.24507e-02
9.15267e+00	2.21924e-02
9.19901e+00	2.19352e-02
9.24536e+00	2.16791e-02
9.29170e+00	2.14240e-02
9.33804e+00	2.11701e-02
9.38438e+00	2.09173e-02
9.43073e+00	2.06656e-02
9.47707e+00	2.04150e-02
9.52341e+00	2.01656e-02
9.56975e+00	1.99172e-02
9.61610e+00	1.96700e-02
9.66244e+00	1.94239e-02
9.70878e+00	1.91790e-02
9.75513e+00	1.89353e-02
9.80147e+00	1.86928e-02
9.84781e+00	1.84516e-02
9.89415e+00	1.82116e-02
9.94050e+00	1.79728e-02
9.98684e+00	1.77354e-02
1.00332e+01	1.74992e-02
1.00795e+01	1.72646e-02
1.01259e+01	1.70319e-02
1.01722e+01	1.68009e-02
1.02186e+01	1.65717e-02
1.02649e+01	1.63441e-02
1.03112e+01	1.61183e-02
1.03576e+01	1.58942e-02
1.04039e+01	1.56718e-02
1.04503e+01	1.54510e-02
1.04966e+01	1.52319e-02
1.05430e+01	1.50144e-02
1.05893e+01	1.47985e-02
1.06356e+01	1.45841e-02
1.06820e+01	1.43718e-02
1.07283e+01	1.41615e-02
1.07747e+01	1.39531e-02
1.08210e+01	1.37467e-02
1.08673e+01	1.35423e-02
1.09137e+01	1.33397e-02
1.09600e+01	1.31391e-02
1.10064e+01	1.29403e-02
1.10527e+01	1.27433e-02
1.10991e+01	1.25482e-02
1.11454e+01	1.23549e-02
1.11917e+01	1.21633e-02
1.12381e+01	1.19735e-02
1.12844e+01	1.17853e-02
1.13308e+01	1.15989e-02
1.13771e+01	1.14140e-02
1.14235e+01	1.12308e-02
1.14698e+01	1.10492e-02
1.15161e+01	1.08690e-02
1.15625e+01	1.06903e-02
1.16088e+01	1.05130e-02
1.16552e+01	1.03371e-02
1.17015e+01	1.01632e-02
1.17479e+01	9.99111e-03
1.17942e+01	9.82071e-03
1.18405e+01	9.65197e-03
1.18869e+01	9.48530e-03
1.19332e+01	9.32067e-03
1.19796e+01	9.15823e-03
1.20259e+01	8.99774e-03
1.20723e+01	8.83908e-03
1.21186e+01	8.68221e-03
1.21649e+01	8.52709e-03
1.22113e+01	8.37371e-03
1.22576e+01	8.22206e-03
1.23040e+01	8.07217e-03
1.23503e+01	7.92407e-03
1.23967e+01	7.77774e-03
1.24430e+01	7.63318e-03
1.24893e+01	7.49039e-03
1.25357e+01	7.34938e-03
1.25820e+01	7.21016e-03
1.26284e+01	7.07292e-03
1.26747e+01	6.93773e-03
1.27211e+01	6.80457e-03
1.27674e+01	6.67343e-03
1.28137e+01	6.54430e-03
1.28601e+01	6.41713e-03
1.29064e+01	6.29183e-03
1.29528e+01	6.16827e-03
1.29991e+01	6.04639e-03
1.30455e+01	5.92597e-03
1.30918e+01	5.80817e-03
1.31381e+01	5.69253e-03
1.31845e+01	5.57837e-03
1.32308e+01	5.46588e-03
1.32772e+01	5.35508e-03
1.33235e+01	5.24577e-03
1.33699e+01	5.13779e-03
1.34162e+01	5.03110e-03
1.34625e+01	4.92572e-03
1.35089e+01	4.82177e-03
1.35552e+01	4.71925e-03
1.36016e+01	4.61816e-03
1.36479e+01	4.51851e-03
1.36942e+01	4.42029e-03
1.37406e+01	4.32349e-03
1.37869e+01	4.22811e-03
1.38333e+01	4.13412e-03
1.38796e+01	4.04153e-03
1.39260e+01	3.95031e-03
1.39723e+01	3.86047e-03
1.40186e+01	3.77202e-03
1.40650e+01	3.68496e-03
1.41113e+01	3.59932e-03
1.41577e+01	3.51509e-03
1.42040e+01	3.43227e-03
1.42504e+01	3.35086e-03
1.42967e+01	3.27085e-03
1.43430e+01	3.19224e-03
1.43894e+01	3.11505e-03
1.44357e+01	3.03927e-03
1.44821e+01	2.96489e-03
1.45284e+01	2.89192e-03
1.45748e+01	2.82035e-03
1.46211e+01	2.75016e-03
1.46674e+01	2.68136e-03
1.47138e+01	2.61392e-03
1.47601e+01	2.54785e-03
1.48065e+01	2.48313e-03
1.48528e+01	2.41974e-03
1.48992e+01	2.35769e-03
1.49455e+01	2.29695e-03
1.49918e+01	2.23752e-03
1.50382e+01	2.17938e-03
1.50845e+01	2.12253e-03
1.51309e+01	2.06693e-03
1.51772e+01	2.01256e-03
1.52236e+01	1.95940e-03
1.52699e+01	1.90741e-03
1.53162e+01	1.85659e-03
1.53626e+01	1.80690e-03
1.54089e+01	1.75832e-03
1.54553e+01	1.71084e-03
1.55016e+01	1.66443e-03
1.55480e+01	1.61906e-03
1.55943e+01	1.57472e-03
1.56406e+01	1.53138e-03
1.56870e+01	1.48903e-03
1.57333e+01	1.44763e-03
1.57797e+01	1.40717e-03
1.58260e+01	1.36761e-03
1.58724e+01	1.32895e-03
1.59187e+01	1.29120e-03
1.59650e+01	1.25434e-03
1.60114e+01	1.21836e-03
1.60577e+01	1.18327e-03
1.61041e+01	1.14904e-03
1.61504e+01	1.11567e-03
1.61968e+01	1.08313e-03
1.62431e+01	1.05141e-03
1.62894e+01	1.02049e-03
1.63358e+01	9.90369e-04
1.63821e+01	9.61018e-04
1.64285e+01	9.32426e-04
1.64748e+01	9.04577e-04
1.65212e+01	8.77456e-04
1.65675e+01	8.51049e-04
1.66138e+01	8.25341e-04
1.66602e+01	8.00318e-04
1.67065e+01	7.75968e-04
1.67529e+01	7.52276e-04
1.67992e+01	7.29229e-04
1.68455e+01	7.06812e-04
1.68919e+01	6.85015e-04
1.69382e+01	6.63821e-04
1.69846e+01	6.43219e-04
1.70309e+01	6.23197e-04
1.70773e+01	6.03740e-04
1.71236e+01	5.84836e-04
1.71699e+01	5.66472e-04
1.72163e+01	5.48634e-04
1.72626e+01	5.31310e-04
1.73090e+01	5.14486e-04
1.73553e+01	4.98151e-04
1.74017e+01	4.82292e-04
1.74480e+01	4.66896e-04
1.74943e+01	4.51953e-04
1.75407e+01	4.37451e-04
1.75870e+01	4.23378e-04
1.76334e+01	4.09723e-04
1.76797e+01	3.96478e-04
1.77261e+01	3.83630e-04
1.77724e+01	3.71170e-04
1.78187e+01	3.59090e-04
1.78651e+01	3.47378e-04
1.79114e+01	3.36022e-04
1.79578e+01	3.25014e-04
1.80041e+01	3.14345e-04
1.80505e+01	3.04005e-04
1.80968e+01	2.93986e-04
1.81431e+01	2.84279e-04
1.81895e+01	2.74875e-04
1.82358e+01	2.65763e-04
1.82822e+01	2.56935e-04
1.83285e+01	2.48383e-04
1.83749e+01	2.40099e-04
1.84212e+01	2.32074e-04
1.84675e+01	2.24303e-04
1.85139e+01	2.16777e-04
1.85602e+01	2.09489e-04
1.86066e+01	2.02432e-04
1.86529e+01	1.95600e-04
1.86993e+01	1.88987e-04
1.87456e+01	1.82586e-04
1.87919e+01	1.76390e-04
1.88383e+01	1.70395e-04
1.88846e+01	1.64594e-04
1.89310e+01	1.58982e-04
1.89773e+01	1.53553e-04
1.90237e+01	1.48302e-04
1.90700e+01	1.43223e-04
1.91163e+01	1.38312e-04
1.91627e+01	1.33564e-04
1.92090e+01	1.28972e-04
1.92554e+01	1.24533e-04
1.93017e+01	1.20241e-04
1.93481e+01	1.16092e-04
1.93944e+01	1.12082e-04
1.94407e+01	1.08206e-04
1.94871e+01	1.04460e-04
1.95334e+01	1.00840e-04
1.95798e+01	9.73424e-05
1.96261e+01	9.39628e-05
1.96725e+01	9.06977e-05
1.97188e+01	8.75436e-05
1.97651e+01	8.44972e-05
1.98115e+01	8.15549e-05
1.98578e+01	7.87137e-05
1.99042e+01	7.59703e-05
1.99505e+01	7.33200e-05
1.99968e+01	7.07591e-05
2.00432e+01	6.82848e-05
2.00895e+01	6.58943e-05
2.01359e+01	6.35850e-05
2.01822e+01	6.13542e-05
2.02286e+01	5.91994e-05
2.02749e+01	5.71182e-05
2.03212e+01	5.51081e-05
2.03676e+01	5.31669e-05
2.04139e+01	5.12922e-05
2.04603e+01	4.94819e-05
2.05066e+01	4.77341e-05
2.05530e+01	4.60466e-05
2.05993e+01	4.44176e-05
2.06456e+01	4.28450e-05
2.06920e+01	4.13268e-05
2.07383e+01	3.98610e-05
2.07847e+01	3.84460e-05
2.08310e+01	3.70799e-05
2.08774e+01	3.57612e-05
2.09237e+01	3.44883e-05
2.09700e+01	3.32596e-05
2.10164e+01	3.20736e-05
2.10627e+01	3.09290e-05
2.11091e+01	2.98244e-05
2.11554e+01	2.87583e-05
2.12018e+01	2.77294e-05
2.12481e+01	2.67366e-05
2.12944e+01	2.57785e-05
2.13408e+01	2.48540e-05
2.13871e+01	2.39619e-05
2.14335e+01	2.31011e-05
2.14798e+01	2.22706e-05
2.15262e+01	2.14693e-05
2.15725e+01	2.06962e-05
2.16188e+01	1.99504e-05
2.16652e+01	1.92309e-05
2.17115e+01	1.85369e-05
2.17579e+01	1.78674e-05
2.18042e+01	1.72218e-05
2.18506e+01	1.65990e-05
2.18969e+01	1.59984e-05
2.19432e+01	1.54193e-05
2.19896e+01	1.48609e-05
2.20359e+01	1.43224e-05
2.20823e+01	1.38033e-05
2.21286e+01	1.33029e-05
2.21750e+01	1.28205e-05
2.22213e+01	1.23554e-05
2.22676e+01	1.19070e-05
2.23140e+01	1.14747e-05
2.23603e+01	1.10579e-05
2.24067e+01	1.06562e-05
2.24530e+01	1.02688e-05
2.24994e+01	9.89544e-06
2.25457e+01	9.53545e-06
2.25920e+01	9.18842e-06
2.26384e+01	8.85386e-06
2.26847e+01	8.53135e-06
2.27311e+01	8.22046e-06
2.27774e+01	7.92078e-06
2.28237e+01	7.63192e-06
2.28701e+01	7.35349e-06
2.29164e+01	7.08512e-06
2.29628e+01	6.82647e-06
2.30091e+01	6.57718e-06
2.30555e+01	6.33693e-06
2.31018e+01	6.10540e-06
2.31481e+01	5.88228e-06
2.31945e+01	5.66725e-06
2.32408e+01	5.46004e-06
2.32872e+01	5.26035e-06
2.33335e+01	5.06792e-06
2.33799e+01	4.88248e-06
2.34262e+01	4.70379e-06
2.34725e+01	4.53159e-06
2.35189e+01	4.36567e-06
2.35652e+01	4.20578e-06
2.36116e+01	4.05171e-06
2.36579e+01	3.90326e-06
2.37043e+01	3.76022e-06
2.37506e+01	3.62239e-06
2.37969e+01	3.48959e-06
2.38433e+01	3.36163e-06
2.38896e+01	3.23835e-06
2.39360e+01	3.11956e-06
2.39823e+01	3.00511e-06
2.40287e+01	2.89483e-06
2.40750e+01	2.78859e-06
2.41213e+01	2.68623e-06
2.41677e+01	2.58762e-06
2.42140e+01	2.49261e-06
2.42604e+01	2.40108e-06
2.43067e+01	2.31290e-06
2.43531e+01	2.22796e-06
2.43994e+01	2.14613e-06
2.44457e+01	2.06730e-06
2.44921e+01	1.99137e-06
2.45384e+01	1.91823e-06
2.45848e+01	1.84778e-06
2.46311e+01	1.77992e-06
2.46775e+01	1.71456e-06
2.47238e+01	1.65161e-06
2.47701e+01	1.59098e-06
2.48165e+01	1.53257e-06
2.48628e+01	1.47630e-06
2.49092e+01	1.42211e-06
2.49555e+01	1.36991e-06
2.50019e+01	1.31964e-06
2.50482e+01	1.27122e-06
2.50945e+01	1.22459e-06
2.51409e+01	1.17968e-06
2.51872e+01	1.13643e-06
2.52336e+01	1.09476e-06
2.52799e+01	1.05461e-06
2.53263e+01	1.01593e-06
2.53726e+01	9.78667e-07
2.54189e+01	9.42760e-07
2.54653e+01	9.08162e-07
2.55116e+01	8.74825e-07
2.55580e+01	8.42703e-07
2.56043e+01	8.11753e-07
2.56507e+01	7.81930e-07
2.56970e+01	7.53194e-07
2.57433e+01	7.25507e-07
2.57897e+01	6.98831e-07
2.58360e+01	6.73129e-07
2.58824e+01	6.48367e-07
2.59287e+01	6.24511e-07
2.59750e+01	6.01529e-07
2.60214e+01	5.79390e-07
2.60677e+01	5.58065e-07
2.61141e+01	5.37524e-07
2.61604e+01	5.17737e-07
2.62068e+01	4.98678e-07
2.62531e+01	4.80319e-07
2.62994e+01	4.62635e-07
2.63458e+01	4.45600e-07
2.63921e+01	4.29191e-07
2.64385e+01	4.13386e-07
2.64848e+01	3.98161e-07
2.65312e+01	3.83495e-07
2.65775e+01	3.69369e-07
2.66238e+01	3.55761e-07
2.66702e+01	3.42654e-07
2.67165e+01	3.30029e-07
2.67629e+01	3.17868e-07
2.68092e+01	3.06154e-07
2.68556e+01	2.94871e-07
2.69019e+01	2.84003e-07
2.69482e+01	2.73535e-07
2.69946e+01	2.63451e-07
2.70409e+01	2.53739e-07
2.70873e+01	2.44384e-07
2.71336e+01	2.35373e-07
2.71800e+01	2.26694e-07
2.72263e+01	2.18334e-07
2.72726e+01	2.10282e-07
2.73190e+01	2.02526e-07
2.73653e+01	1.95056e-07
2.74117e+01	1.87861e-07
2.74580e+01	1.80931e-07
2.75044e+01	1.74256e-07
2.75507e+01	1.67827e-07
2.75970e+01	1.61635e-07
2.76434e+01	1.55671e-07
2.76897e+01	1.49927e-07
2.77361e+01	1.44394e-07
2.77824e+01	1.39065e-07
2.78288e+01	1.33932e-07
2.78751e+01	1.28989e-07
2.79214e+01	1.24228e-07
2.79678e+01	1.19642e-07
2.80141e+01	1.15225e-07
2.80605e+01	1.10970e-07
2.81068e+01	1.06873e-07
2.81532e+01	1.02927e-07
2.81995e+01	9.91257e-08
2.82458e+01	9.54649e-08
2.82922e+01	9.19391e-08
2.83385e+01	8.85433e-08
2.83849e+01	8.52728e-08
2.84312e+01	8.21230e-08
2.84776e+01	7.90894e-08
2.85239e+01	7.61678e-08
2.85702e+01	7.33540e-08
2.86166e+01	7.06442e-08
2.86629e+01	6.80344e-08
2.87093e+01	6.55210e-08
2.87556e+01	6.31004e-08
2.88020e+01	6.07693e-08
2.88483e+01	5.85243e-08
2.88946e+01	5.63623e-08
2.89410e+01	5.42803e-08
2.89873e+01	5.22752e-08
2.90337e+01	5.03443e-08
2.90800e+01	4.84848e-08
2.91263e+01	4.66940e-08
2.91727e+01	4.49696e-08
2.92190e+01	4.33090e-08
2.92654e+01	4.17098e-08
2.93117e+01	4.01699e-08
2.93581e+01	3.86870e-08
2.94044e+01	3.72591e-08
2.94507e+01	3.58840e-08
2.94971e+01	3.45600e-08
2.95434e+01	3.32851e-08
2.95898e+01	3.20575e-08
2.96361e+01	3.08753e-08
2.96825e+01	2.97370e-08
2.97288e+01	2.86408e-08
2.97751e+01	2.75853e-08
2.98215e+01	2.65690e-08
2.98678e+01	2.55904e-08
2.99142e+01	2.46482e-08
2.99605e+01	2.37410e-08
3.00069e+01	2.28675e-08
3.00532e+01	2.20266e-08
3.00995e+01	2.12170e-08
3.01459e+01	2.04374e-08
3.01922e+01	1.96865e-08
3.02386e+01	1.89632e-08
3.02849e+01	1.82666e-08
3.03313e+01	1.75957e-08
3.03776e+01	1.69494e-08
3.04239e+01	1.63268e-08
3.04703e+01	1.57272e-08
3.05166e+01	1.51495e-08
3.05630e+01	1.45931e-08
3.06093e+01	1.40572e-08
3.06557e+01	1.35409e-08
3.07020e+01	1.30435e-08
3.07483e+01	1.25645e-08
3.07947e+01	1.21030e-08
3.08410e+01	1.16584e-08
3.08874e+01	1.12302e-08
3.09337e+01	1.08176e-08
3.09801e+01	1.04202e-08
3.10264e+01	1.00375e-08
3.10727e+01	9.66870e-09
3.11191e+01	9.31348e-09
3.11654e+01	8.97130e-09
3.12118e+01	8.64168e-09
3.12581e+01	8.32416e-09
3.13045e+01	8.01829e-09
3.13508e+01	7.72365e-09
3.13971e+01	7.43982e-09
3.14435e+01	7.16642e-09
3.14898e+01	6.90305e-09
3.15362e+01	6.64935e-09
3.15825e+01	6.40497e-09
3.16289e+01	6.16956e-09
3.16752e+01	5.94280e-09
3.17215e+01	5.72437e-09
3.17679e+01	5.51396e-09
3.18142e+01	5.31128e-09
3.18606e+01	5.11605e-09
3.19069e+01	4.92799e-09
3.19532e+01	4.74684e-09
3.19996e+01	4.57235e-09
3.20459e+01	4.40427e-09
3.20923e+01	4.24237e-09
3.21386e+01	4.08642e-09
3.21850e+01	3.93621e-09
3.22313e+01	3.79152e-09
3.22776e+01	3.65216e-09
3.23240e+01	3.51791e-09
3.23703e+01	3.38861e-09
3.24167e+01	3.26405e-09
3.24630e+01	3.14408e-09
3.25094e+01	3.02852e-09
3.25557e+01	2.91720e-09
3.26020e+01	2.80998e-09
3.26484e+01	2.70671e-09
3.26947e+01	2.60723e-09
3.27411e+01	2.51140e-09
3.27874e+01	2.41910e-09
3.28338e+01	2.33020e-09
3.28801e+01	2.24456e-09
3.29264e+01	2.16207e-09
3.29728e+01	2.08262e-09
3.30191e+01	2.00609e-09
3.30655e+01	1.93237e-09
3.31118e+01	1.86136e-09
3.31582e+01	1.79296e-09
3.32045e+01	1.72708e-09
3.32508e+01	1.66362e-09
3.32972e+01	1.60249e-09
3.33435e+01	1.54362e-09
3.33899e+01	1.48690e-09
3.34362e+01	1.43227e-09
3.34826e+01	1.37966e-09
3.35289e+01	1.32897e-09
3.35752e+01	1.28015e-09
3.36216e+01	1.23313e-09
3.36679e+01	1.18784e-09
3.37143e+01	1.14421e-09
3.37606e+01	1.10219e-09
3.38070e+01	1.06171e-09
3.38533e+01	1.02272e-09
3.38996e+01	9.85168e-10
3.39460e+01	9.48998e-10
3.39923e+01	9.14160e-10
3.40387e+01	8.80605e-10
3.40850e+01	8.48286e-10
3.41314e+01	8.17157e-10
3.41777e+01	7.87175e-10
3.42240e+01	7.58296e-10
3.42704e+01	7.30480e-10
3.43167e+01	7.03688e-10
3.43631e+01	6.77881e-10
3.44094e+01	6.53025e-10
3.44558e+01	6.29082e-10
3.45021e+01	6.06021e-10
3.45484e+01	5.83808e-10
3.45948e+01	5.62412e-10
3.46411e+01	5.41803e-10
3.46875e+01	5.21951e-10
3.47338e+01	5.02830e-10
3.47802e+01	4.84411e-10
3.48265e+01	4.66670e-10
3.48728e+01	4.49580e-10
3.49192e+01	4.33119e-10
3.49655e+01	4.17262e-10
3.50119e+01	4.01987e-10
3.50582e+01	3.87274e-10
3.51045e+01	3.73100e-10
3.51509e+01	3.59447e-10
3.51972e+01	3.46295e-10
3.52436e+01	3.33626e-10
3.52899e+01	3.21423e-10
3.53363e+01	3.09667e-10
3.53826e+01	2.98342e-10
3.54289e+01	2.87433e-10
3.54753e+01	2.76925e-10
3.55216e+01	2.66802e-10
3.55680e+01	2.57050e-10
3.56143e+01	2.47657e-10
3.56607e+01	2.38608e-10
3.57070e+01	2.29891e-10
3.57533e+01	2.21494e-10
3.57997e+01	2.13405e-10
3.58460e+01	2.05613e-10
3.58924e+01	1.98107e-10
3.59387e+01	1.90876e-10
3.59851e+01	1.83911e-10
3.60314e+01	1.77202e-10
3.60777e+01	1.70739e-10
3.61241e+01	1.64514e-10
3.61704e+01	1.58519e-10
3.62168e+01	1.52743e-10
3.62631e+01	1.47180e-10
3.63095e+01	1.41821e-10
3.63558e+01	1.36658e-10
3.64021e+01	1.31685e-10
3.64485e+01	1.26895e-10
3.64948e+01	1.22280e-10
3.65412e+01	1.17834e-10
3.65875e+01	1.13551e-10
3.66339e+01	1.09426e-10
3.66802e+01	1.05451e-10
3.67265e+01	1.01622e-10
3.67729e+01	9.79326e-11
3.68192e+01	9.43786e-11
3.68656e+01	9.09546e-11
3.69119e+01	8.76558e-11
3.69583e+01	8.44776e-11
3.70046e+01	8.14157e-11
3.70509e+01	7.84656e-11
3.70973e+01	7.56234e-11
3.71436e+01	7.28850e-11
3.71900e+01	7.02466e-11
3.72363e+01	6.77046e-11
3.72827e+01	6.52555e-11
3.73290e+01	6.28957e-11
3.73753e+01	6.06221e-11
3.74217e+01	5.84314e-11
3.74680e+01	5.63206e-11
3.75144e+01	5.42868e-11
3.75607e+01	5.23271e-11
3.76071e+01	5.04387e-11
3.76534e+01	4.86192e-11
3.76997e+01	4.68659e-11
3.77461e+01	4.51764e-11
3.77924e+01	4.35485e-11
3.78388e+01	4.19797e-11
3.78851e+01	4.04680e-11
3.79314e+01	3.90113e-11
3.79778e+01	3.76076e-11
3.80241e+01	3.62548e-11
3.80705e+01	3.49513e-11
3.81168e+01	3.36951e-11
3.81632e+01	3.24845e-11
3.82095e+01	3.13178e-11
3.82558e+01	3.01935e-11
3.83022e+01	2.91101e-11
3.83485e+01	2.80659e-11
3.83949e+01	2.70597e-11
3.84412e+01	2.60900e-11
3.84876e+01	2.51555e-11
3.85339e+01	2.42549e-11
3.85802e+01	2.33870e-11
3.86266e+01	2.25506e-11
3.86729e+01	2.17444e-11
3.87193e+01	2.09674e-11
3.87656e+01	2.02186e-11
3.88120e+01	1.94968e-11
3.88583e+01	1.88012e-11
3.89046e+01	1.81307e-11
3.89510e+01	1.74844e-11
3.89973e+01	1.68615e-11
3.90437e+01	1.62610e-11
3.90900e+01	1.56823e-11
3.91364e+01	1.51244e-11
3.91827e+01	1.45866e-11
3.92290e+01	1.40683e-11
3.92754e+01	1.35686e-11
3.93217e+01	1.30869e-11
3.93681e+01	1.26226e-11
3.94144e+01	1.21749e-11
3.94608e+01	1.17434e-11
3.95071e+01	1.13275e-11
3.95534e+01	1.09265e-11
3.95998e+01	1.05399e-11
3.96461e+01	1.01672e-11
3.96925e+01	9.80795e-12
3.97388e+01	9.46160e-12
3.97852e+01	9.12771e-12
3.98315e+01	8.80584e-12
3.98778e+01	8.49554e-12
3.99242e+01	8.19642e-12
3.99705e+01	7.90808e-12
4.00169e+01	7.63007e-12
4.00632e+01	7.36197e-12
4.01096e+01	7.10342e-12
4.01559e+01	6.85405e-12
4.02022e+01	6.61355e-12
4.02486e+01	6.38158e-12
4.02949e+01	6.15783e-12
4.03413e+01	5.94201e-12
4.03876e+01	5.73383e-12
4.04340e+01	5.53302e-12
4.04803e+01	5.33930e-12
4.05266e+01	5.15243e-12
4.05730e+01	4.97216e-12
4.06193e+01	4.79825e-12
4.06657e+01	4.63048e-12
4.07120e+01	4.46862e-12
4.07584e+01	4.31246e-12
4.08047e+01	4.16180e-12
4.08510e+01	4.01645e-12
4.08974e+01	3.87622e-12
4.09437e+01	3.74091e-12
4.09901e+01	3.61037e-12
4.10364e+01	3.48441e-12
4.10827e+01	3.36287e-12
4.11291e+01	3.24561e-12
4.11754e+01	3.13246e-12
4.12218e+01	3.02328e-12
4.12681e+01	2.91793e-12
4.13145e+01	2.81628e-12
4.13608e+01	2.71818e-12
4.14071e+01	2.62353e-12
4.14535e+01	2.53219e-12
4.14998e+01	2.44404e-12
4.15462e+01	2.35898e-12
4.15925e+01	2.27689e-12
4.16389e+01	2.19767e-12
4.16852e+01	2.12122e-12
4.17315e+01	2.04745e-12
4.17779e+01	1.97624e-12
4.18242e+01	1.90752e-12
4.18706e+01	1.84120e-12
4.19169e+01	1.77719e-12
4.19633e+01	1.71541e-12
4.20096e+01	1.65578e-12
4.20559e+01	1.59822e-12
4.21023e+01	1.54267e-12
4.21486e+01	1.48905e-12
4.21950e+01	1.43730e-12
4.22413e+01	1.38734e-12
4.22877e+01	1.33912e-12
4.23340e+01	1.29256e-12
4.23803e+01	1.24763e-12
4.24267e+01	1.20425e-12
4.24730e+01	1.16237e-12
4.25194e+01	1.12194e-12
4.25657e+01	1.08291e-12
4.26121e+01	1.04523e-12
4.26584e+01	1.00885e-12
4.27047e+01	9.73720e-13
4.27511e+01	9.39804e-13
4.27974e+01	9.07057e-13
4.28438e+01	8.75437e-13
4.28901e+01	8.44904e-13
4.29365e+01	8.15420e-13
4.29828e+01	7.86947e-13
4.30291e+01	7.59451e-13
4.30755e+01	7.32895e-13
4.31218e+01	7.07248e-13
4.31682e+01	6.82475e-13
4.32145e+01	6.58547e-13
4.32609e+01	6.35434e-13
4.33072e+01	6.13106e-13
4.33535e+01	5.91535e-13
4.33999e+01	5.70694e-13
4.34462e+01	5.50558e-13
4.34926e+01	5.31101e-13
4.35389e+01	5.12299e-13
4.35853e+01	4.94129e-13
4.36316e+01	4.76567e-13
4.36779e+01	4.59593e-13
4.37243e+01	4.43184e-13
4.37706e+01	4.27321e-13
4.38170e+01	4.11983e-13
4.38633e+01	3.97153e-13
4.39097e+01	3.82810e-13
4.39560e+01	3.68938e-13
4.40023e+01	3.55519e-13
4.40487e+01	3.42537e-13
4.40950e+01	3.29976e-13
4.41414e+01	3.17820e-13
4.41877e+01	3.06054e-13
4.42340e+01	2.94664e-13
4.42804e+01	2.83636e-13
4.43267e+01	2.72956e-13
4.43731e+01	2.62611e-13
4.44194e+01	2.52588e-13
4.44658e+01	2.42875e-13
4.45121e+01	2.33461e-13
4.45584e+01	2.24334e-13
4.46048e+01	2.15482e-13
4.46511e+01	2.06895e-13
4.46975e+01	1.98563e-13
4.47438e+01	1.90475e-13
4.47902e+01	1.82622e-13
4.48365e+01	1.74994e-13
4.48828e+01	1.67582e-13
4.49292e+01	1.60377e-13
4.49755e+01	1.53371e-13
4.50219e+01	1.46554e-13
4.50682e+01	1.39920e-13
4.51146e+01	1.33461e-13
4.51609e+01	1.27167e-13
4.52072e+01	1.21034e-13
4.52536e+01	1.15052e-13
4.52999e+01	1.09215e-13
4.53463e+01	1.03517e-13
4.53926e+01	9.79514e-14
4.54390e+01	9.25112e-14
4.54853e+01	8.71908e-14
4.55316e+01	8.19842e-14
4.55780e+01	7.68858e-14
4.56243e+01	7.18903e-14
4.56707e+01	6.69925e-14
4.57170e+01	6.21874e-14
4.57634e+01	5.74704e-14
4.58097e+01	5.28371e-14
4.58560e+01	4.82833e-14
4.59024e+01	4.38055e-14
4.59487e+01	3.94003e-14
4.59951e+01	3.50646e-14
4.60414e+01	3.07958e-14
4.60878e+01	2.65920e-14
4.61341e+01	2.24516e-14
4.61804e+01	1.83740e-14
4.62268e+01	1.43591e-14
4.62731e+01	1.04079e-14
4.63195e+01	6.52244e-15
