# The ell = 0 distribution, the isotropy.
# E_N [Td]	1.50000e+02
# col_1: Electron Energy [eV], col_2: f0 [eV^(-3/2)]
eV	f0
3.19889e-02	5.88966e-02
9.59668e-02	5.90575e-02
1.59945e-01	5.92169e-02
2.23923e-01	5.93728e-02
2.87901e-01	5.95218e-02
3.51878e-01	5.96612e-02
4.15856e-01	5.97891e-02
4.79834e-01	5.99044e-02
5.43812e-01	6.00054e-02
6.07790e-01	6.00902e-02
6.71768e-01	6.01572e-02
7.35746e-01	6.02042e-02
7.99724e-01	6.02288e-02
8.63702e-01	6.02293e-02
9.27679e-01	6.02047e-02
9.91657e-01	6.01523e-02
1.05564e+00	6.00699e-02
1.11961e+00	5.99586e-02
1.18359e+00	5.98221e-02
1.24757e+00	5.96617e-02
1.31155e+00	5.94759e-02
1.37552e+00	5.92610e-02
1.43950e+00	5.90137e-02
1.50348e+00	5.87359e-02
1.56746e+00	5.84312e-02
1.63144e+00	5.80939e-02
1.69541e+00	5.77196e-02
1.75939e+00	5.73024e-02
1.82337e+00	5.68430e-02
1.88735e+00	5.63379e-02
1.95133e+00	5.57876e-02
2.01530e+00	5.52310e-02
2.07928e+00	5.46912e-02
2.14326e+00	5.41702e-02
2.20724e+00	5.36561e-02
2.27122e+00	5.31578e-02
2.33519e+00	5.26978e-02
2.39917e+00	5.22677e-02
2.46315e+00	5.18544e-02
2.52713e+00	5.14653e-02
2.59110e+00	5.11135e-02
2.65508e+00	5.07841e-02
2.71906e+00	5.04672e-02
2.78304e+00	5.01698e-02
2.84702e+00	4.98906e-02
2.91099e+00	4.96250e-02
2.97497e+00	4.93735e-02
3.03895e+00	4.91313e-02
3.10293e+00	4.88945e-02
3.16691e+00	4.86643e-02
3.23088e+00	4.84397e-02
3.29486e+00	4.82201e-02
3.35884e+00	4.80050e-02
3.42282e+00	4.77929e-02
3.48680e+00	4.75822e-02
3.55077e+00	4.73724e-02
3.61475e+00	4.71629e-02
3.67873e+00	4.69529e-02
3.74271e+00	4.67425e-02
3.80668e+00	4.65312e-02
3.87066e+00	4.63185e-02
3.93464e+00	4.61040e-02
3.99862e+00	4.58873e-02
4.06260e+00	4.56678e-02
4.12657e+00	4.54453e-02
4.19055e+00	4.52201e-02
4.25453e+00	4.49922e-02
4.31851e+00	4.47619e-02
4.38249e+00	4.45294e-02
4.44646e+00	4.42948e-02
4.51044e+00	4.40582e-02
4.57442e+00	4.38198e-02
4.63840e+00	4.35796e-02
4.70238e+00	4.33376e-02
4.76635e+00	4.30939e-02
4.83033e+00	4.28483e-02
4.89431e+00	4.26008e-02
4.95829e+00	4.23512e-02
5.02226e+00	4.20994e-02
5.08624e+00	4.18454e-02
5.15022e+00	4.15891e-02
5.21420e+00	4.13304e-02
5.27818e+00	4.10696e-02
5.34215e+00	4.08066e-02
5.40613e+00	4.05415e-02
5.47011e+00	4.02744e-02
5.53409e+00	4.00054e-02
5.59807e+00	3.97346e-02
5.66204e+00	3.94619e-02
5.72602e+00	3.91874e-02
5.79000e+00	3.89112e-02
5.85398e+00	3.86334e-02
5.91795e+00	3.83539e-02
5.98193e+00	3.80728e-02
6.04591e+00	3.77901e-02
6.10989e+00	3.75060e-02
6.17387e+00	3.72206e-02
6.23784e+00	3.69338e-02
6.30182e+00	3.66458e-02
6.36580e+00	3.63565e-02
6.42978e+00	3.60659e-02
6.49376e+00	3.57742e-02
6.55773e+00	3.54813e-02
6.62171e+00	3.51873e-02
6.68569e+00	3.48921e-02
6.74967e+00	3.45958e-02
6.81365e+00	3.42984e-02
6.87762e+00	3.40000e-02
6.94160e+00	3.37005e-02
7.00558e+00	3.34001e-02
7.06956e+00	3.30990e-02
7.13353e+00	3.27972e-02
7.19751e+00	3.24950e-02
7.26149e+00	3.21922e-02
7.32547e+00	3.18890e-02
7.38945e+00	3.15852e-02
7.45342e+00	3.12810e-02
7.51740e+00	3.09764e-02
7.58138e+00	3.06713e-02
7.64536e+00	3.03658e-02
7.70934e+00	3.00599e-02
7.77331e+00	2.97536e-02
7.83729e+00	2.94469e-02
7.90127e+00	2.91399e-02
7.96525e+00	2.88325e-02
8.02923e+00	2.85249e-02
8.09320e+00	2.82170e-02
8.15718e+00	2.79090e-02
8.22116e+00	2.76009e-02
8.28514e+00	2.72926e-02
8.34911e+00	2.69843e-02
8.41309e+00	2.66761e-02
8.47707e+00	2.63680e-02
8.54105e+00	2.60601e-02
8.60503e+00	2.57525e-02
8.66900e+00	2.54454e-02
8.73298e+00	2.51388e-02
8.79696e+00	2.48328e-02
8.86094e+00	2.45273e-02
8.92492e+00	2.42226e-02
8.98889e+00	2.39186e-02
9.05287e+00	2.36156e-02
9.11685e+00	2.33135e-02
9.18083e+00	2.30124e-02
9.24481e+00	2.27123e-02
9.30878e+00	2.24131e-02
9.37276e+00	2.21150e-02
9.43674e+00	2.18178e-02
9.50072e+00	2.15216e-02
9.56469e+00	2.12264e-02
9.62867e+00	2.09323e-02
9.69265e+00	2.06391e-02
9.75663e+00	2.03471e-02
9.82061e+00	2.00563e-02
9.88458e+00	1.97666e-02
9.94856e+00	1.94781e-02
1.00125e+01	1.91908e-02
1.00765e+01	1.89050e-02
1.01405e+01	1.86212e-02
1.02045e+01	1.83396e-02
1.02685e+01	1.80600e-02
1.03324e+01	1.77824e-02
1.03964e+01	1.75068e-02
1.04604e+01	1.72332e-02
1.05244e+01	1.69615e-02
1.05883e+01	1.66918e-02
1.06523e+01	1.64240e-02
1.07163e+01	1.61588e-02
1.07803e+01	1.58962e-02
1.08443e+01	1.56363e-02
1.09082e+01	1.53788e-02
1.09722e+01	1.51239e-02
1.10362e+01	1.48715e-02
1.11002e+01	1.46215e-02
1.11641e+01	1.43739e-02
1.12281e+01	1.41287e-02
1.12921e+01	1.38857e-02
1.13561e+01	1.36450e-02
1.14201e+01	1.34065e-02
1.14840e+01	1.31701e-02
1.15480e+01	1.29358e-02
1.16120e+01	1.27033e-02
1.16760e+01	1.24728e-02
1.17399e+01	1.22450e-02
1.18039e+01	1.20194e-02
1.18679e+01	1.17960e-02
1.19319e+01	1.15754e-02
1.19959e+01	1.13577e-02
1.20598e+01	1.11426e-02
1.21238e+01	1.09300e-02
1.21878e+01	1.07197e-02
1.22518e+01	1.05119e-02
1.23157e+01	1.03064e-02
1.23797e+01	1.01034e-02
1.24437e+01	9.90274e-03
1.25077e+01	9.70455e-03
1.25717e+01	9.50881e-03
1.26356e+01	9.31578e-03
1.26996e+01	9.12567e-03
1.27636e+01	8.93849e-03
1.28276e+01	8.75421e-03
1.28915e+01	8.57280e-03
1.29555e+01	8.39399e-03
1.30195e+01	8.21771e-03
1.30835e+01	8.04400e-03
1.31475e+01	7.87380e-03
1.32114e+01	7.70589e-03
1.32754e+01	7.54067e-03
1.33394e+01	7.37774e-03
1.34034e+01	7.21684e-03
1.34673e+01	7.05792e-03
1.35313e+01	6.90116e-03
1.35953e+01	6.74656e-03
1.36593e+01	6.59413e-03
1.37233e+01	6.44389e-03
1.37872e+01	6.29583e-03
1.38512e+01	6.14993e-03
1.39152e+01	6.00617e-03
1.39792e+01	5.86456e-03
1.40431e+01	5.72510e-03
1.41071e+01	5.58786e-03
1.41711e+01	5.45286e-03
1.42351e+01	5.32011e-03
1.42991e+01	5.18961e-03
1.43630e+01	5.06138e-03
1.44270e+01	4.93545e-03
1.44910e+01	4.81181e-03
1.45550e+01	4.69048e-03
1.46189e+01	4.57146e-03
1.46829e+01	4.45476e-03
1.47469e+01	4.34035e-03
1.48109e+01	4.22824e-03
1.48749e+01	4.11842e-03
1.49388e+01	4.01088e-03
1.50028e+01	3.90561e-03
1.50668e+01	3.80260e-03
1.51308e+01	3.70183e-03
1.51947e+01	3.60325e-03
1.52587e+01	3.50682e-03
1.53227e+01	3.41249e-03
1.53867e+01	3.32022e-03
1.54507e+01	3.22998e-03
1.55146e+01	3.14172e-03
1.55786e+01	3.05540e-03
1.56426e+01	2.97098e-03
1.57066e+01	2.88842e-03
1.57706e+01	2.80767e-03
1.58345e+01	2.72867e-03
1.58985e+01	2.65141e-03
1.59625e+01	2.57591e-03
1.60265e+01	2.50215e-03
1.60904e+01	2.43015e-03
1.61544e+01	2.35987e-03
1.62184e+01	2.29130e-03
1.62824e+01	2.22440e-03
1.63464e+01	2.15916e-03
1.64103e+01	2.09554e-03
1.64743e+01	2.03352e-03
1.65383e+01	1.97308e-03
1.66023e+01	1.91417e-03
1.66662e+01	1.85678e-03
1.67302e+01	1.80088e-03
1.67942e+01	1.74645e-03
1.68582e+01	1.69346e-03
1.69222e+01	1.64189e-03
1.69861e+01	1.59171e-03
1.70501e+01	1.54289e-03
1.71141e+01	1.49541e-03
1.71781e+01	1.44924e-03
1.72420e+01	1.40435e-03
1.73060e+01	1.36072e-03
1.73700e+01	1.31831e-03
1.74340e+01	1.27710e-03
1.74980e+01	1.23706e-03
1.75619e+01	1.19816e-03
1.76259e+01	1.16038e-03
1.76899e+01	1.12369e-03
1.77539e+01	1.08807e-03
1.78178e+01	1.05349e-03
1.78818e+01	1.01994e-03
1.79458e+01	9.87366e-04
1.80098e+01	9.55763e-04
1.80738e+01	9.25103e-04
1.81377e+01	8.95363e-04
1.82017e+01	8.66519e-04
1.82657e+01	8.38538e-04
1.83297e+01	8.11398e-04
1.83936e+01	7.85075e-04
1.84576e+01	7.59549e-04
1.85216e+01	7.34799e-04
1.85856e+01	7.10802e-04
1.86496e+01	6.87539e-04
1.87135e+01	6.64991e-04
1.87775e+01	6.43139e-04
1.88415e+01	6.21966e-04
1.89055e+01	6.01452e-04
1.89694e+01	5.81581e-04
1.90334e+01	5.62337e-04
1.90974e+01	5.43702e-04
1.91614e+01	5.25660e-04
1.92254e+01	5.08193e-04
1.92893e+01	4.91285e-04
1.93533e+01	4.74919e-04
1.94173e+01	4.59081e-04
1.94813e+01	4.43754e-04
1.95452e+01	4.28923e-04
1.96092e+01	4.14576e-04
1.96732e+01	4.00697e-04
1.97372e+01	3.87274e-04
1.98012e+01	3.74294e-04
1.98651e+01	3.61743e-04
1.99291e+01	3.49610e-04
1.99931e+01	3.37868e-04
2.00571e+01	3.26505e-04
2.01210e+01	3.15511e-04
2.01850e+01	3.04875e-04
2.02490e+01	2.94585e-04
2.03130e+01	2.84631e-04
2.03770e+01	2.75003e-04
2.04409e+01	2.65692e-04
2.05049e+01	2.56686e-04
2.05689e+01	2.47979e-04
2.06329e+01	2.39560e-04
2.06968e+01	2.31419e-04
2.07608e+01	2.23547e-04
2.08248e+01	2.15934e-04
2.08888e+01	2.08574e-04
2.09528e+01	2.01457e-04
2.10167e+01	1.94576e-04
2.10807e+01	1.87924e-04
2.11447e+01	1.81493e-04
2.12087e+01	1.75277e-04
2.12726e+01	1.69267e-04
2.13366e+01	1.63458e-04
2.14006e+01	1.57843e-04
2.14646e+01	1.52416e-04
2.15286e+01	1.47171e-04
2.15925e+01	1.42102e-04
2.16565e+01	1.37204e-04
2.17205e+01	1.32470e-04
2.17845e+01	1.27896e-04
2.18485e+01	1.23477e-04
2.19124e+01	1.19208e-04
2.19764e+01	1.15084e-04
2.20404e+01	1.11101e-04
2.21044e+01	1.07254e-04
2.21683e+01	1.03539e-04
2.22323e+01	9.99519e-05
2.22963e+01	9.64876e-05
2.23603e+01	9.31420e-05
2.24243e+01	8.99110e-05
2.24882e+01	8.67908e-05
2.25522e+01	8.37775e-05
2.26162e+01	8.08675e-05
2.26802e+01	7.80573e-05
2.27441e+01	7.53435e-05
2.28081e+01	7.27230e-05
2.28721e+01	7.01926e-05
2.29361e+01	6.77494e-05
2.30001e+01	6.53905e-05
2.30640e+01	6.31131e-05
2.31280e+01	6.09144e-05
2.31920e+01	5.87919e-05
2.32560e+01	5.67428e-05
2.33199e+01	5.47647e-05
2.33839e+01	5.28551e-05
2.34479e+01	5.10117e-05
2.35119e+01	4.92323e-05
2.35759e+01	4.75146e-05
2.36398e+01	4.58565e-05
2.37038e+01	4.42560e-05
2.37678e+01	4.27112e-05
2.38318e+01	4.12200e-05
2.38957e+01	3.97807e-05
2.39597e+01	3.83915e-05
2.40237e+01	3.70507e-05
2.40877e+01	3.57565e-05
2.41517e+01	3.45075e-05
2.42156e+01	3.33021e-05
2.42796e+01	3.21387e-05
2.43436e+01	3.10160e-05
2.44076e+01	2.99326e-05
2.44715e+01	2.88871e-05
2.45355e+01	2.78784e-05
2.45995e+01	2.69050e-05
2.46635e+01	2.59659e-05
2.47275e+01	2.50598e-05
2.47914e+01	2.41855e-05
2.48554e+01	2.33418e-05
2.49194e+01	2.25277e-05
2.49834e+01	2.17422e-05
2.50473e+01	2.09844e-05
2.51113e+01	2.02533e-05
2.51753e+01	1.95480e-05
2.52393e+01	1.88673e-05
2.53033e+01	1.82102e-05
2.53672e+01	1.75759e-05
2.54312e+01	1.69637e-05
2.54952e+01	1.63726e-05
2.55592e+01	1.58019e-05
2.56231e+01	1.52510e-05
2.56871e+01	1.47192e-05
2.57511e+01	1.42058e-05
2.58151e+01	1.37101e-05
2.58791e+01	1.32316e-05
2.59430e+01	1.27697e-05
2.60070e+01	1.23239e-05
2.60710e+01	1.18936e-05
2.61350e+01	1.14783e-05
2.61989e+01	1.10775e-05
2.62629e+01	1.06907e-05
2.63269e+01	1.03174e-05
2.63909e+01	9.95712e-06
2.64549e+01	9.60938e-06
2.65188e+01	9.27376e-06
2.65828e+01	8.94984e-06
2.66468e+01	8.63722e-06
2.67108e+01	8.33550e-06
2.67747e+01	8.04430e-06
2.68387e+01	7.76326e-06
2.69027e+01	7.49202e-06
2.69667e+01	7.23024e-06
2.70307e+01	6.97759e-06
2.70946e+01	6.73375e-06
2.71586e+01	6.49842e-06
2.72226e+01	6.27131e-06
2.72866e+01	6.05212e-06
2.73505e+01	5.84058e-06
2.74145e+01	5.63642e-06
2.74785e+01	5.43939e-06
2.75425e+01	5.24924e-06
2.76065e+01	5.06573e-06
2.76704e+01	4.88863e-06
2.77344e+01	4.71772e-06
2.77984e+01	4.55277e-06
2.78624e+01	4.39358e-06
2.79263e+01	4.23996e-06
2.79903e+01	4.09170e-06
2.80543e+01	3.94861e-06
2.81183e+01	3.81053e-06
2.81823e+01	3.67727e-06
2.82462e+01	3.54867e-06
2.83102e+01	3.42456e-06
2.83742e+01	3.30479e-06
2.84382e+01	3.18921e-06
2.85022e+01	3.07768e-06
2.85661e+01	2.97004e-06
2.86301e+01	2.86618e-06
2.86941e+01	2.76596e-06
2.87581e+01	2.66925e-06
2.88220e+01	2.57592e-06
2.88860e+01	2.48587e-06
2.89500e+01	2.39898e-06
2.90140e+01	2.31514e-06
2.90780e+01	2.23424e-06
2.91419e+01	2.15618e-06
2.92059e+01	2.08086e-06
2.92699e+01	2.00819e-06
2.93339e+01	1.93808e-06
2.93978e+01	1.87043e-06
2.94618e+01	1.80517e-06
2.95258e+01	1.74221e-06
2.95898e+01	1.68146e-06
2.96538e+01	1.62286e-06
2.97177e+01	1.56631e-06
2.97817e+01	1.51176e-06
2.98457e+01	1.45914e-06
2.99097e+01	1.40837e-06
2.99736e+01	1.35940e-06
3.00376e+01	1.31217e-06
3.01016e+01	1.26661e-06
3.01656e+01	1.22264e-06
3.02296e+01	1.18021e-06
3.02935e+01	1.13926e-06
3.03575e+01	1.09974e-06
3.04215e+01	1.06159e-06
3.04855e+01	1.02477e-06
3.05494e+01	9.89233e-07
3.06134e+01	9.54929e-07
3.06774e+01	9.21815e-07
3.07414e+01	8.89851e-07
3.08054e+01	8.58997e-07
3.08693e+01	8.29212e-07
3.09333e+01	8.00461e-07
3.09973e+01	7.72707e-07
3.10613e+01	7.45915e-07
3.11252e+01	7.20053e-07
3.11892e+01	6.95087e-07
3.12532e+01	6.70986e-07
3.13172e+01	6.47721e-07
3.13812e+01	6.25262e-07
3.14451e+01	6.03582e-07
3.15091e+01	5.82654e-07
3.15731e+01	5.62451e-07
3.16371e+01	5.42949e-07
3.17010e+01	5.24123e-07
3.17650e+01	5.05949e-07
3.18290e+01	4.88406e-07
3.18930e+01	4.71472e-07
3.19570e+01	4.55125e-07
3.20209e+01	4.39345e-07
3.20849e+01	4.24112e-07
3.21489e+01	4.09409e-07
3.22129e+01	3.95215e-07
3.22768e+01	3.81515e-07
3.23408e+01	3.68290e-07
3.24048e+01	3.55525e-07
3.24688e+01	3.43202e-07
3.25328e+01	3.31307e-07
3.25967e+01	3.19825e-07
3.26607e+01	3.08741e-07
3.27247e+01	2.98043e-07
3.27887e+01	2.87715e-07
3.28526e+01	2.77746e-07
3.29166e+01	2.68123e-07
3.29806e+01	2.58833e-07
3.30446e+01	2.49867e-07
3.31086e+01	2.41211e-07
3.31725e+01	2.32856e-07
3.32365e+01	2.24791e-07
3.33005e+01	2.17005e-07
3.33645e+01	2.09490e-07
3.34284e+01	2.02236e-07
3.34924e+01	1.95233e-07
3.35564e+01	1.88474e-07
3.36204e+01	1.81949e-07
3.36844e+01	1.75651e-07
3.37483e+01	1.69571e-07
3.38123e+01	1.63703e-07
3.38763e+01	1.58038e-07
3.39403e+01	1.52570e-07
3.40042e+01	1.47292e-07
3.40682e+01	1.42198e-07
3.41322e+01	1.37282e-07
3.41962e+01	1.32536e-07
3.42602e+01	1.27955e-07
3.43241e+01	1.23533e-07
3.43881e+01	1.19265e-07
3.44521e+01	1.15145e-07
3.45161e+01	1.11168e-07
3.45801e+01	1.07330e-07
3.46440e+01	1.03625e-07
3.47080e+01	1.00048e-07
3.47720e+01	9.65955e-08
3.48360e+01	9.32629e-08
3.48999e+01	9.00460e-08
3.49639e+01	8.69406e-08
3.50279e+01	8.39429e-08
3.50919e+01	8.10492e-08
3.51559e+01	7.82557e-08
3.52198e+01	7.55591e-08
3.52838e+01	7.29560e-08
3.53478e+01	7.04430e-08
3.54118e+01	6.80171e-08
3.54757e+01	6.56753e-08
3.55397e+01	6.34147e-08
3.56037e+01	6.12323e-08
3.56677e+01	5.91256e-08
3.57317e+01	5.70919e-08
3.57956e+01	5.51287e-08
3.58596e+01	5.32335e-08
3.59236e+01	5.14040e-08
3.59876e+01	4.96380e-08
3.60515e+01	4.79332e-08
3.61155e+01	4.62878e-08
3.61795e+01	4.46995e-08
3.62435e+01	4.31665e-08
3.63075e+01	4.16867e-08
3.63714e+01	4.02583e-08
3.64354e+01	3.88795e-08
3.64994e+01	3.75484e-08
3.65634e+01	3.62635e-08
3.66273e+01	3.50231e-08
3.66913e+01	3.38257e-08
3.67553e+01	3.26697e-08
3.68193e+01	3.15537e-08
3.68833e+01	3.04764e-08
3.69472e+01	2.94362e-08
3.70112e+01	2.84321e-08
3.70752e+01	2.74626e-08
3.71392e+01	2.65267e-08
3.72031e+01	2.56230e-08
3.72671e+01	2.47506e-08
3.73311e+01	2.39083e-08
3.73951e+01	2.30951e-08
3.74591e+01	2.23100e-08
3.75230e+01	2.15519e-08
3.75870e+01	2.08199e-08
3.76510e+01	2.01132e-08
3.77150e+01	1.94308e-08
3.77789e+01	1.87719e-08
3.78429e+01	1.81357e-08
3.79069e+01	1.75214e-08
3.79709e+01	1.69282e-08
3.80349e+01	1.63554e-08
3.80988e+01	1.58023e-08
3.81628e+01	1.52682e-08
3.82268e+01	1.47525e-08
3.82908e+01	1.42545e-08
3.83547e+01	1.37735e-08
3.84187e+01	1.33092e-08
3.84827e+01	1.28608e-08
3.85467e+01	1.24278e-08
3.86107e+01	1.20097e-08
3.86746e+01	1.16059e-08
3.87386e+01	1.12160e-08
3.88026e+01	1.08395e-08
3.88666e+01	1.04758e-08
3.89305e+01	1.01246e-08
3.89945e+01	9.78546e-09
3.90585e+01	9.45791e-09
3.91225e+01	9.14156e-09
3.91865e+01	8.83602e-09
3.92504e+01	8.54093e-09
3.93144e+01	8.25592e-09
3.93784e+01	7.98065e-09
3.94424e+01	7.71477e-09
3.95063e+01	7.45798e-09
3.95703e+01	7.20995e-09
3.96343e+01	6.97039e-09
3.96983e+01	6.73901e-09
3.97623e+01	6.51553e-09
3.98262e+01	6.29969e-09
3.98902e+01	6.09122e-09
3.99542e+01	5.88989e-09
4.00182e+01	5.69543e-09
4.00821e+01	5.50752e-09
4.01461e+01	5.32594e-09
4.02101e+01	5.15046e-09
4.02741e+01	4.98087e-09
4.03381e+01	4.81696e-09
4.04020e+01	4.65854e-09
4.04660e+01	4.50541e-09
4.05300e+01	4.35740e-09
4.05940e+01	4.21433e-09
4.06580e+01	4.07603e-09
4.07219e+01	3.94233e-09
4.07859e+01	3.81309e-09
4.08499e+01	3.68814e-09
4.09139e+01	3.56734e-09
4.09778e+01	3.45056e-09
4.10418e+01	3.33765e-09
4.11058e+01	3.22849e-09
4.11698e+01	3.12295e-09
4.12338e+01	3.02090e-09
4.12977e+01	2.92223e-09
4.13617e+01	2.82683e-09
4.14257e+01	2.73459e-09
4.14897e+01	2.64539e-09
4.15536e+01	2.55914e-09
4.16176e+01	2.47574e-09
4.16816e+01	2.39509e-09
4.17456e+01	2.31710e-09
4.18096e+01	2.24168e-09
4.18735e+01	2.16875e-09
4.19375e+01	2.09822e-09
4.20015e+01	2.03001e-09
4.20655e+01	1.96405e-09
4.21294e+01	1.90026e-09
4.21934e+01	1.83856e-09
4.22574e+01	1.77890e-09
4.23214e+01	1.72119e-09
4.23854e+01	1.66538e-09
4.24493e+01	1.61140e-09
4.25133e+01	1.55920e-09
4.25773e+01	1.50870e-09
4.26413e+01	1.45987e-09
4.27052e+01	1.41263e-09
4.27692e+01	1.36694e-09
4.28332e+01	1.32275e-09
4.28972e+01	1.28000e-09
4.29612e+01	1.23866e-09
4.30251e+01	1.19867e-09
4.30891e+01	1.15998e-09
4.31531e+01	1.12256e-09
4.32171e+01	1.08637e-09
4.32810e+01	1.05136e-09
4.33450e+01	1.01749e-09
4.34090e+01	9.84724e-10
4.34730e+01	9.53030e-10
4.35370e+01	9.22369e-10
4.36009e+01	8.92708e-10
4.36649e+01	8.64013e-10
4.37289e+01	8.36254e-10
4.37929e+01	8.09398e-10
4.38568e+01	7.83417e-10
4.39208e+01	7.58280e-10
4.39848e+01	7.33962e-10
4.40488e+01	7.10434e-10
4.41128e+01	6.87670e-10
4.41767e+01	6.65645e-10
4.42407e+01	6.44336e-10
4.43047e+01	6.23718e-10
4.43687e+01	6.03768e-10
4.44326e+01	5.84466e-10
4.44966e+01	5.65789e-10
4.45606e+01	5.47716e-10
4.46246e+01	5.30229e-10
4.46886e+01	5.13308e-10
4.47525e+01	4.96935e-10
4.48165e+01	4.81090e-10
4.48805e+01	4.65758e-10
4.49445e+01	4.50921e-10
4.50084e+01	4.36563e-10
4.50724e+01	4.22668e-10
4.51364e+01	4.09222e-10
4.52004e+01	3.96209e-10
4.52644e+01	3.83616e-10
4.53283e+01	3.71429e-10
4.53923e+01	3.59634e-10
4.54563e+01	3.48219e-10
4.55203e+01	3.37171e-10
4.55842e+01	3.26479e-10
4.56482e+01	3.16131e-10
4.57122e+01	3.06115e-10
4.57762e+01	2.96422e-10
4.58402e+01	2.87040e-10
4.59041e+01	2.77959e-10
4.59681e+01	2.69171e-10
4.60321e+01	2.60665e-10
4.60961e+01	2.52432e-10
4.61600e+01	2.44463e-10
4.62240e+01	2.36750e-10
4.62880e+01	2.29285e-10
4.63520e+01	2.22058e-10
4.64160e+01	2.15063e-10
4.64799e+01	2.08292e-10
4.65439e+01	2.01738e-10
4.66079e+01	1.95393e-10
4.66719e+01	1.89251e-10
4.67358e+01	1.83305e-10
4.67998e+01	1.77549e-10
4.68638e+01	1.71976e-10
4.69278e+01	1.66581e-10
4.69918e+01	1.61358e-10
4.70557e+01	1.56302e-10
4.71197e+01	1.51406e-10
4.71837e+01	1.46667e-10
4.72477e+01	1.42078e-10
4.73117e+01	1.37635e-10
4.73756e+01	1.33333e-10
4.74396e+01	1.29168e-10
4.75036e+01	1.25135e-10
4.75676e+01	1.21230e-10
4.76315e+01	1.17448e-10
4.76955e+01	1.13787e-10
4.77595e+01	1.10242e-10
4.78235e+01	1.06808e-10
4.78875e+01	1.03484e-10
4.79514e+01	1.00265e-10
4.80154e+01	9.71473e-11
4.80794e+01	9.41283e-11
4.81434e+01	9.12047e-11
4.82073e+01	8.83735e-11
4.82713e+01	8.56315e-11
4.83353e+01	8.29760e-11
4.83993e+01	8.04043e-11
4.84633e+01	7.79136e-11
4.85272e+01	7.55013e-11
4.85912e+01	7.31650e-11
4.86552e+01	7.09022e-11
4.87192e+01	6.87106e-11
4.87831e+01	6.65879e-11
4.88471e+01	6.45319e-11
4.89111e+01	6.25405e-11
4.89751e+01	6.06117e-11
4.90391e+01	5.87434e-11
4.91030e+01	5.69337e-11
4.91670e+01	5.51808e-11
4.92310e+01	5.34829e-11
4.92950e+01	5.18382e-11
4.93589e+01	5.02450e-11
4.94229e+01	4.87017e-11
4.94869e+01	4.72066e-11
4.95509e+01	4.57583e-11
4.96149e+01	4.43551e-11
4.96788e+01	4.29958e-11
4.97428e+01	4.16788e-11
4.98068e+01	4.04029e-11
4.98708e+01	3.91667e-11
4.99347e+01	3.79691e-11
4.99987e+01	3.68087e-11
5.00627e+01	3.56844e-11
5.01267e+01	3.45951e-11
5.01907e+01	3.35397e-11
5.02546e+01	3.25170e-11
5.03186e+01	3.15262e-11
5.03826e+01	3.05660e-11
5.04466e+01	2.96355e-11
5.05105e+01	2.87338e-11
5.05745e+01	2.78599e-11
5.06385e+01	2.70129e-11
5.07025e+01	2.61921e-11
5.07665e+01	2.53966e-11
5.08304e+01	2.46255e-11
5.08944e+01	2.38783e-11
5.09584e+01	2.31539e-11
5.10224e+01	2.24519e-11
5.10863e+01	2.17715e-11
5.11503e+01	2.11119e-11
5.12143e+01	2.04726e-11
5.12783e+01	1.98529e-11
5.13423e+01	1.92522e-11
5.14062e+01	1.86699e-11
5.14702e+01	1.81055e-11
5.15342e+01	1.75583e-11
5.15982e+01	1.70279e-11
5.16621e+01	1.65138e-11
5.17261e+01	1.60153e-11
5.17901e+01	1.55321e-11
5.18541e+01	1.50636e-11
5.19181e+01	1.46094e-11
5.19820e+01	1.41691e-11
5.20460e+01	1.37422e-11
5.21100e+01	1.33283e-11
5.21740e+01	1.29270e-11
5.22379e+01	1.25379e-11
5.23019e+01	1.21607e-11
5.23659e+01	1.17950e-11
5.24299e+01	1.14405e-11
5.24939e+01	1.10967e-11
5.25578e+01	1.07633e-11
5.26218e+01	1.04402e-11
5.26858e+01	1.01268e-11
5.27498e+01	9.82295e-12
5.28137e+01	9.52834e-12
5.28777e+01	9.24267e-12
5.29417e+01	8.96567e-12
5.30057e+01	8.69708e-12
5.30697e+01	8.43663e-12
5.31336e+01	8.18408e-12
5.31976e+01	7.93918e-12
5.32616e+01	7.70170e-12
5.33256e+01	7.47141e-12
5.33896e+01	7.24809e-12
5.34535e+01	7.03153e-12
5.35175e+01	6.82152e-12
5.35815e+01	6.61785e-12
5.36455e+01	6.42035e-12
5.37094e+01	6.22881e-12
5.37734e+01	6.04306e-12
5.38374e+01	5.86292e-12
5.39014e+01	5.68821e-12
5.39654e+01	5.51877e-12
5.40293e+01	5.35444e-12
5.40933e+01	5.19507e-12
5.41573e+01	5.04050e-12
5.42213e+01	4.89058e-12
5.42852e+01	4.74518e-12
5.43492e+01	4.60415e-12
5.44132e+01	4.46737e-12
5.44772e+01	4.33469e-12
5.45412e+01	4.20601e-12
5.46051e+01	4.08119e-12
5.46691e+01	3.96013e-12
5.47331e+01	3.84269e-12
5.47971e+01	3.72878e-12
5.48610e+01	3.61829e-12
5.49250e+01	3.51111e-12
5.49890e+01	3.40715e-12
5.50530e+01	3.30630e-12
5.51170e+01	3.20847e-12
5.51809e+01	3.11357e-12
5.52449e+01	3.02151e-12
5.53089e+01	2.93220e-12
5.53729e+01	2.84556e-12
5.54368e+01	2.76152e-12
5.55008e+01	2.67998e-12
5.55648e+01	2.60088e-12
5.56288e+01	2.52414e-12
5.56928e+01	2.44968e-12
5.57567e+01	2.37745e-12
5.58207e+01	2.30738e-12
5.58847e+01	2.23939e-12
5.59487e+01	2.17342e-12
5.60126e+01	2.10942e-12
5.60766e+01	2.04733e-12
5.61406e+01	1.98708e-12
5.62046e+01	1.92862e-12
5.62686e+01	1.87190e-12
5.63325e+01	1.81687e-12
5.63965e+01	1.76347e-12
5.64605e+01	1.71165e-12
5.65245e+01	1.66137e-12
5.65884e+01	1.61257e-12
5.66524e+01	1.56523e-12
5.67164e+01	1.51928e-12
5.67804e+01	1.47470e-12
5.68444e+01	1.43143e-12
5.69083e+01	1.38944e-12
5.69723e+01	1.34869e-12
5.70363e+01	1.30914e-12
5.71003e+01	1.27076e-12
5.71642e+01	1.23351e-12
5.72282e+01	1.19735e-12
5.72922e+01	1.16227e-12
5.73562e+01	1.12821e-12
5.74202e+01	1.09515e-12
5.74841e+01	1.06307e-12
5.75481e+01	1.03192e-12
5.76121e+01	1.00169e-12
5.76761e+01	9.72351e-13
5.77400e+01	9.43866e-13
5.78040e+01	9.16215e-13
5.78680e+01	8.89372e-13
5.79320e+01	8.63314e-13
5.79960e+01	8.38016e-13
5.80599e+01	8.13455e-13
5.81239e+01	7.89610e-13
5.81879e+01	7.66458e-13
5.82519e+01	7.43980e-13
5.83158e+01	7.22154e-13
5.83798e+01	7.00961e-13
5.84438e+01	6.80383e-13
5.85078e+01	6.60400e-13
5.85718e+01	6.40994e-13
5.86357e+01	6.22149e-13
5.86997e+01	6.03847e-13
5.87637e+01	5.86073e-13
5.88277e+01	5.68809e-13
5.88916e+01	5.52041e-13
5.89556e+01	5.35754e-13
5.90196e+01	5.19933e-13
5.90836e+01	5.04564e-13
5.91476e+01	4.89634e-13
5.92115e+01	4.75129e-13
5.92755e+01	4.61036e-13
5.93395e+01	4.47343e-13
5.94035e+01	4.34038e-13
5.94675e+01	4.21109e-13
5.95314e+01	4.08545e-13
5.95954e+01	3.96334e-13
5.96594e+01	3.84465e-13
5.97234e+01	3.72930e-13
5.97873e+01	3.61716e-13
5.98513e+01	3.50815e-13
5.99153e+01	3.40217e-13
5.99793e+01	3.29912e-13
6.00433e+01	3.19891e-13
6.01072e+01	3.10144e-13
6.01712e+01	3.00663e-13
6.02352e+01	2.91440e-13
6.02992e+01	2.82466e-13
6.03631e+01	2.73733e-13
6.04271e+01	2.65235e-13
6.04911e+01	2.56963e-13
6.05551e+01	2.48911e-13
6.06191e+01	2.41072e-13
6.06830e+01	2.33438e-13
6.07470e+01	2.26004e-13
6.08110e+01	2.18763e-13
6.08750e+01	2.11709e-13
6.09389e+01	2.04836e-13
6.10029e+01	1.98137e-13
6.10669e+01	1.91609e-13
6.11309e+01	1.85243e-13
6.11949e+01	1.79037e-13
6.12588e+01	1.72984e-13
6.13228e+01	1.67078e-13
6.13868e+01	1.61316e-13
6.14508e+01	1.55693e-13
6.15147e+01	1.50203e-13
6.15787e+01	1.44842e-13
6.16427e+01	1.39605e-13
6.17067e+01	1.34489e-13
6.17707e+01	1.29490e-13
6.18346e+01	1.24602e-13
6.18986e+01	1.19822e-13
6.19626e+01	1.15146e-13
6.20266e+01	1.10571e-13
6.20905e+01	1.06092e-13
6.21545e+01	1.01706e-13
6.22185e+01	9.74102e-14
6.22825e+01	9.32001e-14
6.23465e+01	8.90730e-14
6.24104e+01	8.50255e-14
6.24744e+01	8.10544e-14
6.25384e+01	7.71569e-14
6.26024e+01	7.33300e-14
6.26663e+01	6.95708e-14
6.27303e+01	6.58765e-14
6.27943e+01	6.22447e-14
6.28583e+01	5.86727e-14
6.29223e+01	5.51580e-14
6.29862e+01	5.16985e-14
6.30502e+01	4.82918e-14
6.31142e+01	4.49360e-14
6.31782e+01	4.16292e-14
6.32421e+01	3.83694e-14
6.33061e+01	3.51552e-14
6.33701e+01	3.19850e-14
6.34341e+01	2.88577e-14
6.34981e+01	2.57722e-14
6.35620e+01	2.27277e-14
6.36260e+01	1.97238e-14
6.36900e+01	1.67601e-14
6.37540e+01	1.38369e-14
6.38179e+01	1.09546e-14
6.38819e+01	8.11414e-15
6.39459e+01	5.31700e-15
