# The ell = 0 distribution, the isotropy.
# E_N [Td]	2.50000e+01
# col_1: Electron Energy [eV], col_2: f0 [eV^(-3/2)]
eV	f0
1.22589e-02	2.12150e-01
3.67766e-02	2.12431e-01
6.12944e-02	2.12709e-01
8.58122e-02	2.12996e-01
1.10330e-01	2.13296e-01
1.34848e-01	2.13609e-01
1.59365e-01	2.13935e-01
1.83883e-01	2.14274e-01
2.08401e-01	2.14625e-01
2.32919e-01	2.14989e-01
2.57436e-01	2.15364e-01
2.81954e-01	2.15752e-01
3.06472e-01	2.16150e-01
3.30990e-01	2.16559e-01
3.55508e-01	2.16979e-01
3.80025e-01	2.17410e-01
4.04543e-01	2.17851e-01
4.29061e-01	2.18300e-01
4.53579e-01	2.18757e-01
4.78096e-01	2.19221e-01
5.02614e-01	2.19690e-01
5.27132e-01	2.20163e-01
5.51650e-01	2.20639e-01
5.76167e-01	2.21113e-01
6.00685e-01	2.21586e-01
6.25203e-01	2.22054e-01
6.49721e-01	2.22514e-01
6.74238e-01	2.22961e-01
6.98756e-01	2.23391e-01
7.23274e-01	2.23797e-01
7.47792e-01	2.24172e-01
7.72309e-01	2.24516e-01
7.96827e-01	2.24826e-01
8.21345e-01	2.25103e-01
8.45863e-01	2.25346e-01
8.70381e-01	2.25555e-01
8.94898e-01	2.25730e-01
9.19416e-01	2.25866e-01
9.43934e-01	2.25958e-01
9.68452e-01	2.25999e-01
9.92969e-01	2.25980e-01
1.01749e+00	2.25895e-01
1.04200e+00	2.25736e-01
1.06652e+00	2.25498e-01
1.09104e+00	2.25174e-01
1.11556e+00	2.24767e-01
1.14008e+00	2.24279e-01
1.16459e+00	2.23715e-01
1.18911e+00	2.23078e-01
1.21363e+00	2.22371e-01
1.23815e+00	2.21592e-01
1.26266e+00	2.20742e-01
1.28718e+00	2.19816e-01
1.31170e+00	2.18812e-01
1.33622e+00	2.17733e-01
1.36074e+00	2.16567e-01
1.38525e+00	2.15301e-01
1.40977e+00	2.13929e-01
1.43429e+00	2.12465e-01
1.45881e+00	2.10918e-01
1.48332e+00	2.09290e-01
1.50784e+00	2.07580e-01
1.53236e+00	2.05791e-01
1.55688e+00	2.03926e-01
1.58140e+00	2.01941e-01
1.60591e+00	1.99810e-01
1.63043e+00	1.97508e-01
1.65495e+00	1.95009e-01
1.67947e+00	1.92306e-01
1.70398e+00	1.89384e-01
1.72850e+00	1.86228e-01
1.75302e+00	1.82842e-01
1.77754e+00	1.79247e-01
1.80206e+00	1.75476e-01
1.82657e+00	1.71559e-01
1.85109e+00	1.67473e-01
1.87561e+00	1.63208e-01
1.90013e+00	1.58771e-01
1.92464e+00	1.54217e-01
1.94916e+00	1.49677e-01
1.97368e+00	1.45235e-01
1.99820e+00	1.40927e-01
2.02272e+00	1.36780e-01
2.04723e+00	1.32843e-01
2.07175e+00	1.29101e-01
2.09627e+00	1.25521e-01
2.12079e+00	1.22074e-01
2.14530e+00	1.18726e-01
2.16982e+00	1.15474e-01
2.19434e+00	1.12326e-01
2.21886e+00	1.09284e-01
2.24338e+00	1.06342e-01
2.26789e+00	1.03560e-01
2.29241e+00	1.00944e-01
2.31693e+00	9.84768e-02
2.34145e+00	9.61559e-02
2.36596e+00	9.39652e-02
2.39048e+00	9.18431e-02
2.41500e+00	8.97977e-02
2.43952e+00	8.77991e-02
2.46403e+00	8.58483e-02
2.48855e+00	8.39917e-02
2.51307e+00	8.22807e-02
2.53759e+00	8.07024e-02
2.56211e+00	7.92507e-02
2.58662e+00	7.79071e-02
2.61114e+00	7.66388e-02
2.63566e+00	7.54115e-02
2.66018e+00	7.42303e-02
2.68469e+00	7.30973e-02
2.70921e+00	7.20126e-02
2.73373e+00	7.09854e-02
2.75825e+00	7.00171e-02
2.78277e+00	6.90866e-02
2.80728e+00	6.81952e-02
2.83180e+00	6.73416e-02
2.85632e+00	6.65317e-02
2.88084e+00	6.57642e-02
2.90535e+00	6.50536e-02
2.92987e+00	6.43929e-02
2.95439e+00	6.37726e-02
2.97891e+00	6.31834e-02
3.00343e+00	6.26138e-02
3.02794e+00	6.20564e-02
3.05246e+00	6.15133e-02
3.07698e+00	6.09877e-02
3.10150e+00	6.04821e-02
3.12601e+00	5.99975e-02
3.15053e+00	5.95325e-02
3.17505e+00	5.90831e-02
3.19957e+00	5.86486e-02
3.22409e+00	5.82294e-02
3.24860e+00	5.78260e-02
3.27312e+00	5.74389e-02
3.29764e+00	5.70678e-02
3.32216e+00	5.67107e-02
3.34667e+00	5.63653e-02
3.37119e+00	5.60296e-02
3.39571e+00	5.57018e-02
3.42023e+00	5.53808e-02
3.44475e+00	5.50652e-02
3.46926e+00	5.47553e-02
3.49378e+00	5.44509e-02
3.51830e+00	5.41516e-02
3.54282e+00	5.38570e-02
3.56733e+00	5.35672e-02
3.59185e+00	5.32822e-02
3.61637e+00	5.30019e-02
3.64089e+00	5.27263e-02
3.66541e+00	5.24555e-02
3.68992e+00	5.21892e-02
3.71444e+00	5.19275e-02
3.73896e+00	5.16701e-02
3.76348e+00	5.14164e-02
3.78799e+00	5.11660e-02
3.81251e+00	5.09180e-02
3.83703e+00	5.06719e-02
3.86155e+00	5.04270e-02
3.88607e+00	5.01826e-02
3.91058e+00	4.99389e-02
3.93510e+00	4.96957e-02
3.95962e+00	4.94530e-02
3.98414e+00	4.92107e-02
4.00865e+00	4.89686e-02
4.03317e+00	4.87265e-02
4.05769e+00	4.84843e-02
4.08221e+00	4.82424e-02
4.10672e+00	4.80009e-02
4.13124e+00	4.77598e-02
4.15576e+00	4.75193e-02
4.18028e+00	4.72794e-02
4.20480e+00	4.70403e-02
4.22931e+00	4.68021e-02
4.25383e+00	4.65647e-02
4.27835e+00	4.63283e-02
4.30287e+00	4.60930e-02
4.32738e+00	4.58588e-02
4.35190e+00	4.56260e-02
4.37642e+00	4.53945e-02
4.40094e+00	4.51645e-02
4.42546e+00	4.49360e-02
4.44997e+00	4.47092e-02
4.47449e+00	4.44839e-02
4.49901e+00	4.42603e-02
4.52353e+00	4.40383e-02
4.54804e+00	4.38182e-02
4.57256e+00	4.35998e-02
4.59708e+00	4.33831e-02
4.62160e+00	4.31681e-02
4.64612e+00	4.29547e-02
4.67063e+00	4.27428e-02
4.69515e+00	4.25323e-02
4.71967e+00	4.23229e-02
4.74419e+00	4.21147e-02
4.76870e+00	4.19076e-02
4.79322e+00	4.17015e-02
4.81774e+00	4.14962e-02
4.84226e+00	4.12917e-02
4.86678e+00	4.10879e-02
4.89129e+00	4.08845e-02
4.91581e+00	4.06814e-02
4.94033e+00	4.04784e-02
4.96485e+00	4.02755e-02
4.98936e+00	4.00725e-02
5.01388e+00	3.98695e-02
5.03840e+00	3.96664e-02
5.06292e+00	3.94631e-02
5.08744e+00	3.92596e-02
5.11195e+00	3.90559e-02
5.13647e+00	3.88518e-02
5.16099e+00	3.86476e-02
5.18551e+00	3.84432e-02
5.21002e+00	3.82387e-02
5.23454e+00	3.80341e-02
5.25906e+00	3.78294e-02
5.28358e+00	3.76247e-02
5.30810e+00	3.74199e-02
5.33261e+00	3.72150e-02
5.35713e+00	3.70102e-02
5.38165e+00	3.68054e-02
5.40617e+00	3.66005e-02
5.43068e+00	3.63957e-02
5.45520e+00	3.61908e-02
5.47972e+00	3.59860e-02
5.50424e+00	3.57812e-02
5.52876e+00	3.55765e-02
5.55327e+00	3.53718e-02
5.57779e+00	3.51671e-02
5.60231e+00	3.49624e-02
5.62683e+00	3.47579e-02
5.65134e+00	3.45533e-02
5.67586e+00	3.43488e-02
5.70038e+00	3.41444e-02
5.72490e+00	3.39400e-02
5.74941e+00	3.37357e-02
5.77393e+00	3.35315e-02
5.79845e+00	3.33273e-02
5.82297e+00	3.31232e-02
5.84749e+00	3.29191e-02
5.87200e+00	3.27152e-02
5.89652e+00	3.25113e-02
5.92104e+00	3.23075e-02
5.94556e+00	3.21037e-02
5.97007e+00	3.19001e-02
5.99459e+00	3.16965e-02
6.01911e+00	3.14931e-02
6.04363e+00	3.12897e-02
6.06815e+00	3.10864e-02
6.09266e+00	3.08832e-02
6.11718e+00	3.06802e-02
6.14170e+00	3.04773e-02
6.16622e+00	3.02745e-02
6.19073e+00	3.00719e-02
6.21525e+00	2.98694e-02
6.23977e+00	2.96669e-02
6.26429e+00	2.94647e-02
6.28881e+00	2.92625e-02
6.31332e+00	2.90605e-02
6.33784e+00	2.88586e-02
6.36236e+00	2.86568e-02
6.38688e+00	2.84552e-02
6.41139e+00	2.82536e-02
6.43591e+00	2.80522e-02
6.46043e+00	2.78510e-02
6.48495e+00	2.76498e-02
6.50947e+00	2.74488e-02
6.53398e+00	2.72479e-02
6.55850e+00	2.70471e-02
6.58302e+00	2.68465e-02
6.60754e+00	2.66459e-02
6.63205e+00	2.64455e-02
6.65657e+00	2.62452e-02
6.68109e+00	2.60450e-02
6.70561e+00	2.58449e-02
6.73013e+00	2.56450e-02
6.75464e+00	2.54451e-02
6.77916e+00	2.52454e-02
6.80368e+00	2.50457e-02
6.82820e+00	2.48462e-02
6.85271e+00	2.46468e-02
6.87723e+00	2.44475e-02
6.90175e+00	2.42483e-02
6.92627e+00	2.40492e-02
6.95079e+00	2.38503e-02
6.97530e+00	2.36516e-02
6.99982e+00	2.34530e-02
7.02434e+00	2.32546e-02
7.04886e+00	2.30565e-02
7.07337e+00	2.28585e-02
7.09789e+00	2.26608e-02
7.12241e+00	2.24632e-02
7.14693e+00	2.22660e-02
7.17145e+00	2.20689e-02
7.19596e+00	2.18721e-02
7.22048e+00	2.16756e-02
7.24500e+00	2.14792e-02
7.26952e+00	2.12831e-02
7.29403e+00	2.10873e-02
7.31855e+00	2.08916e-02
7.34307e+00	2.06962e-02
7.36759e+00	2.05009e-02
7.39210e+00	2.03059e-02
7.41662e+00	2.01110e-02
7.44114e+00	1.99164e-02
7.46566e+00	1.97219e-02
7.49018e+00	1.95277e-02
7.51469e+00	1.93338e-02
7.53921e+00	1.91401e-02
7.56373e+00	1.89466e-02
7.58825e+00	1.87534e-02
7.61276e+00	1.85604e-02
7.63728e+00	1.83677e-02
7.66180e+00	1.81753e-02
7.68632e+00	1.79831e-02
7.71084e+00	1.77912e-02
7.73535e+00	1.75995e-02
7.75987e+00	1.74082e-02
7.78439e+00	1.72171e-02
7.80891e+00	1.70262e-02
7.83342e+00	1.68357e-02
7.85794e+00	1.66455e-02
7.88246e+00	1.64557e-02
7.90698e+00	1.62664e-02
7.93150e+00	1.60774e-02
7.95601e+00	1.58890e-02
7.98053e+00	1.57010e-02
8.00505e+00	1.55135e-02
8.02957e+00	1.53266e-02
8.05408e+00	1.51402e-02
8.07860e+00	1.49545e-02
8.10312e+00	1.47694e-02
8.12764e+00	1.45849e-02
8.15216e+00	1.44011e-02
8.17667e+00	1.42180e-02
8.20119e+00	1.40356e-02
8.22571e+00	1.38540e-02
8.25023e+00	1.36731e-02
8.27474e+00	1.34930e-02
8.29926e+00	1.33138e-02
8.32378e+00	1.31354e-02
8.34830e+00	1.29579e-02
8.37282e+00	1.27814e-02
8.39733e+00	1.26058e-02
8.42185e+00	1.24313e-02
8.44637e+00	1.22578e-02
8.47089e+00	1.20854e-02
8.49540e+00	1.19142e-02
8.51992e+00	1.17442e-02
8.54444e+00	1.15754e-02
8.56896e+00	1.14080e-02
8.59348e+00	1.12419e-02
8.61799e+00	1.10771e-02
8.64251e+00	1.09137e-02
8.66703e+00	1.07516e-02
8.69155e+00	1.05910e-02
8.71606e+00	1.04318e-02
8.74058e+00	1.02740e-02
8.76510e+00	1.01177e-02
8.78962e+00	9.96280e-03
8.81414e+00	9.80944e-03
8.83865e+00	9.65758e-03
8.86317e+00	9.50726e-03
8.88769e+00	9.35847e-03
8.91221e+00	9.21125e-03
8.93672e+00	9.06560e-03
8.96124e+00	8.92155e-03
8.98576e+00	8.77914e-03
9.01028e+00	8.63838e-03
9.03479e+00	8.49927e-03
9.05931e+00	8.36180e-03
9.08383e+00	8.22597e-03
9.10835e+00	8.09175e-03
9.13287e+00	7.95914e-03
9.15738e+00	7.82812e-03
9.18190e+00	7.69869e-03
9.20642e+00	7.57083e-03
9.23094e+00	7.44454e-03
9.25545e+00	7.31980e-03
9.27997e+00	7.19661e-03
9.30449e+00	7.07496e-03
9.32901e+00	6.95484e-03
9.35353e+00	6.83624e-03
9.37804e+00	6.71916e-03
9.40256e+00	6.60358e-03
9.42708e+00	6.48949e-03
9.45160e+00	6.37688e-03
9.47611e+00	6.26575e-03
9.50063e+00	6.15608e-03
9.52515e+00	6.04786e-03
9.54967e+00	5.94108e-03
9.57419e+00	5.83572e-03
9.59870e+00	5.73178e-03
9.62322e+00	5.62924e-03
9.64774e+00	5.52811e-03
9.67226e+00	5.42836e-03
9.69677e+00	5.33000e-03
9.72129e+00	5.23302e-03
9.74581e+00	5.13741e-03
9.77033e+00	5.04317e-03
9.79485e+00	4.95029e-03
9.81936e+00	4.85875e-03
9.84388e+00	4.76854e-03
9.86840e+00	4.67967e-03
9.89292e+00	4.59211e-03
9.91743e+00	4.50586e-03
9.94195e+00	4.42091e-03
9.96647e+00	4.33726e-03
9.99099e+00	4.25488e-03
1.00155e+01	4.17378e-03
1.00400e+01	4.09392e-03
1.00645e+01	4.01541e-03
1.00891e+01	3.93820e-03
1.01136e+01	3.86229e-03
1.01381e+01	3.78763e-03
1.01626e+01	3.71423e-03
1.01871e+01	3.64204e-03
1.02116e+01	3.57106e-03
1.02362e+01	3.50126e-03
1.02607e+01	3.43262e-03
1.02852e+01	3.36514e-03
1.03097e+01	3.29877e-03
1.03342e+01	3.23352e-03
1.03588e+01	3.16936e-03
1.03833e+01	3.10627e-03
1.04078e+01	3.04424e-03
1.04323e+01	2.98325e-03
1.04568e+01	2.92327e-03
1.04813e+01	2.86430e-03
1.05059e+01	2.80632e-03
1.05304e+01	2.74931e-03
1.05549e+01	2.69325e-03
1.05794e+01	2.63813e-03
1.06039e+01	2.58393e-03
1.06284e+01	2.53063e-03
1.06530e+01	2.47830e-03
1.06775e+01	2.42690e-03
1.07020e+01	2.37642e-03
1.07265e+01	2.32684e-03
1.07510e+01	2.27815e-03
1.07756e+01	2.23032e-03
1.08001e+01	2.18335e-03
1.08246e+01	2.13722e-03
1.08491e+01	2.09191e-03
1.08736e+01	2.04741e-03
1.08981e+01	2.00371e-03
1.09227e+01	1.96078e-03
1.09472e+01	1.91861e-03
1.09717e+01	1.87719e-03
1.09962e+01	1.83651e-03
1.10207e+01	1.79655e-03
1.10453e+01	1.75729e-03
1.10698e+01	1.71873e-03
1.10943e+01	1.68085e-03
1.11188e+01	1.64364e-03
1.11433e+01	1.60707e-03
1.11678e+01	1.57115e-03
1.11924e+01	1.53586e-03
1.12169e+01	1.50117e-03
1.12414e+01	1.46709e-03
1.12659e+01	1.43360e-03
1.12904e+01	1.40070e-03
1.13149e+01	1.36836e-03
1.13395e+01	1.33658e-03
1.13640e+01	1.30536e-03
1.13885e+01	1.27467e-03
1.14130e+01	1.24451e-03
1.14375e+01	1.21487e-03
1.14621e+01	1.18573e-03
1.14866e+01	1.15709e-03
1.15111e+01	1.12893e-03
1.15356e+01	1.10123e-03
1.15601e+01	1.07398e-03
1.15846e+01	1.04716e-03
1.16092e+01	1.02078e-03
1.16337e+01	9.94866e-04
1.16582e+01	9.69439e-04
1.16827e+01	9.44590e-04
1.17072e+01	9.20298e-04
1.17317e+01	8.96511e-04
1.17563e+01	8.73177e-04
1.17808e+01	8.50290e-04
1.18053e+01	8.27852e-04
1.18298e+01	8.05839e-04
1.18543e+01	7.84265e-04
1.18789e+01	7.63284e-04
1.19034e+01	7.42783e-04
1.19279e+01	7.22801e-04
1.19524e+01	7.03326e-04
1.19769e+01	6.84315e-04
1.20014e+01	6.65743e-04
1.20260e+01	6.47595e-04
1.20505e+01	6.29857e-04
1.20750e+01	6.12524e-04
1.20995e+01	5.95587e-04
1.21240e+01	5.79036e-04
1.21486e+01	5.62866e-04
1.21731e+01	5.47070e-04
1.21976e+01	5.31640e-04
1.22221e+01	5.16571e-04
1.22466e+01	5.01856e-04
1.22711e+01	4.87494e-04
1.22957e+01	4.73480e-04
1.23202e+01	4.59810e-04
1.23447e+01	4.46480e-04
1.23692e+01	4.33480e-04
1.23937e+01	4.20805e-04
1.24182e+01	4.08446e-04
1.24428e+01	3.96399e-04
1.24673e+01	3.84658e-04
1.24918e+01	3.73220e-04
1.25163e+01	3.62077e-04
1.25408e+01	3.51227e-04
1.25654e+01	3.40663e-04
1.25899e+01	3.30388e-04
1.26144e+01	3.20399e-04
1.26389e+01	3.10693e-04
1.26634e+01	3.01263e-04
1.26879e+01	2.92103e-04
1.27125e+01	2.83207e-04
1.27370e+01	2.74570e-04
1.27615e+01	2.66184e-04
1.27860e+01	2.58042e-04
1.28105e+01	2.50140e-04
1.28350e+01	2.42470e-04
1.28596e+01	2.35026e-04
1.28841e+01	2.27794e-04
1.29086e+01	2.20761e-04
1.29331e+01	2.13926e-04
1.29576e+01	2.07287e-04
1.29822e+01	2.00817e-04
1.30067e+01	1.94507e-04
1.30312e+01	1.88360e-04
1.30557e+01	1.82442e-04
1.30802e+01	1.76779e-04
1.31047e+01	1.71313e-04
1.31293e+01	1.66005e-04
1.31538e+01	1.60826e-04
1.31783e+01	1.55778e-04
1.32028e+01	1.50877e-04
1.32273e+01	1.46138e-04
1.32518e+01	1.41538e-04
1.32764e+01	1.37065e-04
1.33009e+01	1.32713e-04
1.33254e+01	1.28475e-04
1.33499e+01	1.24346e-04
1.33744e+01	1.20321e-04
1.33990e+01	1.16400e-04
1.34235e+01	1.12581e-04
1.34480e+01	1.08863e-04
1.34725e+01	1.05247e-04
1.34970e+01	1.01735e-04
1.35215e+01	9.83236e-05
1.35461e+01	9.50076e-05
1.35706e+01	9.17856e-05
1.35951e+01	8.86556e-05
1.36196e+01	8.56158e-05
1.36441e+01	8.26640e-05
1.36687e+01	7.97980e-05
1.36932e+01	7.70159e-05
1.37177e+01	7.43155e-05
1.37422e+01	7.16948e-05
1.37667e+01	6.91518e-05
1.37912e+01	6.66846e-05
1.38158e+01	6.42910e-05
1.38403e+01	6.19693e-05
1.38648e+01	5.97174e-05
1.38893e+01	5.75336e-05
1.39138e+01	5.54164e-05
1.39383e+01	5.33644e-05
1.39629e+01	5.13763e-05
1.39874e+01	4.94505e-05
1.40119e+01	4.75857e-05
1.40364e+01	4.57806e-05
1.40609e+01	4.40337e-05
1.40855e+01	4.23438e-05
1.41100e+01	4.07093e-05
1.41345e+01	3.91290e-05
1.41590e+01	3.76014e-05
1.41835e+01	3.61251e-05
1.42080e+01	3.46986e-05
1.42326e+01	3.33207e-05
1.42571e+01	3.19899e-05
1.42816e+01	3.07052e-05
1.43061e+01	2.94654e-05
1.43306e+01	2.82693e-05
1.43551e+01	2.71158e-05
1.43797e+01	2.60036e-05
1.44042e+01	2.49317e-05
1.44287e+01	2.38989e-05
1.44532e+01	2.29040e-05
1.44777e+01	2.19460e-05
1.45023e+01	2.10238e-05
1.45268e+01	2.01362e-05
1.45513e+01	1.92823e-05
1.45758e+01	1.84609e-05
1.46003e+01	1.76710e-05
1.46248e+01	1.69117e-05
1.46494e+01	1.61819e-05
1.46739e+01	1.54806e-05
1.46984e+01	1.48070e-05
1.47229e+01	1.41601e-05
1.47474e+01	1.35390e-05
1.47720e+01	1.29429e-05
1.47965e+01	1.23708e-05
1.48210e+01	1.18220e-05
1.48455e+01	1.12956e-05
1.48700e+01	1.07908e-05
1.48945e+01	1.03070e-05
1.49191e+01	9.84333e-06
1.49436e+01	9.39910e-06
1.49681e+01	8.97361e-06
1.49926e+01	8.56622e-06
1.50171e+01	8.17626e-06
1.50416e+01	7.80306e-06
1.50662e+01	7.44596e-06
1.50907e+01	7.10428e-06
1.51152e+01	6.77739e-06
1.51397e+01	6.46469e-06
1.51642e+01	6.16560e-06
1.51888e+01	5.87957e-06
1.52133e+01	5.60605e-06
1.52378e+01	5.34454e-06
1.52623e+01	5.09455e-06
1.52868e+01	4.85558e-06
1.53113e+01	4.62720e-06
1.53359e+01	4.40895e-06
1.53604e+01	4.20041e-06
1.53849e+01	4.00118e-06
1.54094e+01	3.81086e-06
1.54339e+01	3.62908e-06
1.54584e+01	3.45547e-06
1.54830e+01	3.28969e-06
1.55075e+01	3.13140e-06
1.55320e+01	2.98027e-06
1.55565e+01	2.83600e-06
1.55810e+01	2.69829e-06
1.56056e+01	2.56685e-06
1.56301e+01	2.44141e-06
1.56546e+01	2.32171e-06
1.56791e+01	2.20748e-06
1.57036e+01	2.09850e-06
1.57281e+01	1.99451e-06
1.57527e+01	1.89529e-06
1.57772e+01	1.80061e-06
1.58017e+01	1.71026e-06
1.58262e+01	1.62410e-06
1.58507e+01	1.54195e-06
1.58753e+01	1.46367e-06
1.58998e+01	1.38908e-06
1.59243e+01	1.31805e-06
1.59488e+01	1.25041e-06
1.59733e+01	1.18603e-06
1.59978e+01	1.12478e-06
1.60224e+01	1.06651e-06
1.60469e+01	1.01109e-06
1.60714e+01	9.58393e-07
1.60959e+01	9.08296e-07
1.61204e+01	8.60675e-07
1.61449e+01	8.15418e-07
1.61695e+01	7.72415e-07
1.61940e+01	7.31561e-07
1.62185e+01	6.92755e-07
1.62430e+01	6.55901e-07
1.62675e+01	6.20908e-07
1.62921e+01	5.87687e-07
1.63166e+01	5.56155e-07
1.63411e+01	5.26231e-07
1.63656e+01	4.97838e-07
1.63901e+01	4.70902e-07
1.64146e+01	4.45354e-07
1.64392e+01	4.21124e-07
1.64637e+01	3.98151e-07
1.64882e+01	3.76371e-07
1.65127e+01	3.55726e-07
1.65372e+01	3.36160e-07
1.65617e+01	3.17620e-07
1.65863e+01	3.00056e-07
1.66108e+01	2.83420e-07
1.66353e+01	2.67665e-07
1.66598e+01	2.52747e-07
1.66843e+01	2.38625e-07
1.67089e+01	2.25258e-07
1.67334e+01	2.12608e-07
1.67579e+01	2.00640e-07
1.67824e+01	1.89317e-07
1.68069e+01	1.78607e-07
1.68314e+01	1.68480e-07
1.68560e+01	1.58903e-07
1.68805e+01	1.49851e-07
1.69050e+01	1.41294e-07
1.69295e+01	1.33208e-07
1.69540e+01	1.25567e-07
1.69785e+01	1.18349e-07
1.70031e+01	1.11531e-07
1.70276e+01	1.05093e-07
1.70521e+01	9.90135e-08
1.70766e+01	9.32741e-08
1.71011e+01	8.78563e-08
1.71257e+01	8.27429e-08
1.71502e+01	7.79173e-08
1.71747e+01	7.33640e-08
1.71992e+01	6.90682e-08
1.72237e+01	6.50159e-08
1.72482e+01	6.11939e-08
1.72728e+01	5.75894e-08
1.72973e+01	5.41907e-08
1.73218e+01	5.09863e-08
1.73463e+01	4.79655e-08
1.73708e+01	4.51183e-08
1.73954e+01	4.24348e-08
1.74199e+01	3.99062e-08
1.74444e+01	3.75236e-08
1.74689e+01	3.52791e-08
1.74934e+01	3.31647e-08
1.75179e+01	3.11733e-08
1.75425e+01	2.92980e-08
1.75670e+01	2.75321e-08
1.75915e+01	2.58696e-08
1.76160e+01	2.43046e-08
1.76405e+01	2.28315e-08
1.76650e+01	2.14453e-08
1.76896e+01	2.01410e-08
1.77141e+01	1.89138e-08
1.77386e+01	1.77595e-08
1.77631e+01	1.66738e-08
1.77876e+01	1.56527e-08
1.78122e+01	1.46927e-08
1.78367e+01	1.37901e-08
1.78612e+01	1.29416e-08
1.78857e+01	1.21440e-08
1.79102e+01	1.13943e-08
1.79347e+01	1.06898e-08
1.79593e+01	1.00278e-08
1.79838e+01	9.40591e-09
1.80083e+01	8.82173e-09
1.80328e+01	8.27307e-09
1.80573e+01	7.75781e-09
1.80818e+01	7.27397e-09
1.81064e+01	6.81969e-09
1.81309e+01	6.39319e-09
1.81554e+01	5.99283e-09
1.81799e+01	5.61702e-09
1.82044e+01	5.26427e-09
1.82290e+01	4.93319e-09
1.82535e+01	4.62248e-09
1.82780e+01	4.33092e-09
1.83025e+01	4.05736e-09
1.83270e+01	3.80072e-09
1.83515e+01	3.55996e-09
1.83761e+01	3.33414e-09
1.84006e+01	3.12235e-09
1.84251e+01	2.92372e-09
1.84496e+01	2.73748e-09
1.84741e+01	2.56286e-09
1.84987e+01	2.39914e-09
1.85232e+01	2.24567e-09
1.85477e+01	2.10182e-09
1.85722e+01	1.96700e-09
1.85967e+01	1.84065e-09
1.86212e+01	1.72226e-09
1.86458e+01	1.61134e-09
1.86703e+01	1.50742e-09
1.86948e+01	1.41007e-09
1.87193e+01	1.31889e-09
1.87438e+01	1.23350e-09
1.87683e+01	1.15354e-09
1.87929e+01	1.07866e-09
1.88174e+01	1.00856e-09
1.88419e+01	9.42932e-10
1.88664e+01	8.81502e-10
1.88909e+01	8.24007e-10
1.89155e+01	7.70199e-10
1.89400e+01	7.19847e-10
1.89645e+01	6.72736e-10
1.89890e+01	6.28661e-10
1.90135e+01	5.87432e-10
1.90380e+01	5.48868e-10
1.90626e+01	5.12801e-10
1.90871e+01	4.79070e-10
1.91116e+01	4.47528e-10
1.91361e+01	4.18033e-10
1.91606e+01	3.90456e-10
1.91851e+01	3.64672e-10
1.92097e+01	3.40568e-10
1.92342e+01	3.18035e-10
1.92587e+01	2.96974e-10
1.92832e+01	2.77288e-10
1.93077e+01	2.58890e-10
1.93323e+01	2.41696e-10
1.93568e+01	2.25630e-10
1.93813e+01	2.10618e-10
1.94058e+01	1.96592e-10
1.94303e+01	1.83488e-10
1.94548e+01	1.71247e-10
1.94794e+01	1.59812e-10
1.95039e+01	1.49132e-10
1.95284e+01	1.39157e-10
1.95529e+01	1.29841e-10
1.95774e+01	1.21141e-10
1.96019e+01	1.13018e-10
1.96265e+01	1.05433e-10
1.96510e+01	9.83510e-11
1.96755e+01	9.17400e-11
1.97000e+01	8.55687e-11
1.97245e+01	7.98083e-11
1.97491e+01	7.44318e-11
1.97736e+01	6.94141e-11
1.97981e+01	6.47316e-11
1.98226e+01	6.03621e-11
1.98471e+01	5.62853e-11
1.98716e+01	5.24817e-11
1.98962e+01	4.89336e-11
1.99207e+01	4.56230e-11
1.99452e+01	4.25337e-11
1.99697e+01	3.96511e-11
1.99942e+01	3.69615e-11
2.00188e+01	3.44522e-11
2.00433e+01	3.21112e-11
2.00678e+01	2.99274e-11
2.00923e+01	2.78905e-11
2.01168e+01	2.59905e-11
2.01413e+01	2.42186e-11
2.01659e+01	2.25661e-11
2.01904e+01	2.10251e-11
2.02149e+01	1.95883e-11
2.02394e+01	1.82486e-11
2.02639e+01	1.69996e-11
2.02884e+01	1.58351e-11
2.03130e+01	1.47496e-11
2.03375e+01	1.37378e-11
2.03620e+01	1.27946e-11
2.03865e+01	1.19156e-11
2.04110e+01	1.10964e-11
2.04356e+01	1.03329e-11
2.04601e+01	9.62152e-12
2.04846e+01	8.95868e-12
2.05091e+01	8.34115e-12
2.05336e+01	7.76586e-12
2.05581e+01	7.22993e-12
2.05827e+01	6.73071e-12
2.06072e+01	6.26570e-12
2.06317e+01	5.83258e-12
2.06562e+01	5.42916e-12
2.06807e+01	5.05341e-12
2.07052e+01	4.70345e-12
2.07298e+01	4.37751e-12
2.07543e+01	4.07398e-12
2.07788e+01	3.79131e-12
2.08033e+01	3.52809e-12
2.08278e+01	3.28300e-12
2.08524e+01	3.05479e-12
2.08769e+01	2.84232e-12
2.09014e+01	2.64450e-12
2.09259e+01	2.46035e-12
2.09504e+01	2.28892e-12
2.09749e+01	2.12934e-12
2.09995e+01	1.98080e-12
2.10240e+01	1.84255e-12
2.10485e+01	1.71388e-12
2.10730e+01	1.59413e-12
2.10975e+01	1.48269e-12
2.11221e+01	1.37898e-12
2.11466e+01	1.28247e-12
2.11711e+01	1.19267e-12
2.11956e+01	1.10911e-12
2.12201e+01	1.03136e-12
2.12446e+01	9.59028e-13
2.12692e+01	8.91730e-13
2.12937e+01	8.29121e-13
2.13182e+01	7.70876e-13
2.13427e+01	7.16694e-13
2.13672e+01	6.66292e-13
2.13917e+01	6.19410e-13
2.14163e+01	5.75803e-13
2.14408e+01	5.35244e-13
2.14653e+01	4.97521e-13
2.14898e+01	4.62438e-13
2.15143e+01	4.29812e-13
2.15389e+01	3.99471e-13
2.15634e+01	3.71257e-13
2.15879e+01	3.45021e-13
2.16124e+01	3.20627e-13
2.16369e+01	2.97945e-13
2.16614e+01	2.76857e-13
2.16860e+01	2.57252e-13
2.17105e+01	2.39026e-13
2.17350e+01	2.22082e-13
2.17595e+01	2.06332e-13
2.17840e+01	1.91692e-13
2.18085e+01	1.78084e-13
2.18331e+01	1.65437e-13
2.18576e+01	1.53682e-13
2.18821e+01	1.42759e-13
2.19066e+01	1.32607e-13
2.19311e+01	1.23174e-13
2.19557e+01	1.14409e-13
2.19802e+01	1.06265e-13
2.20047e+01	9.86986e-14
2.20292e+01	9.16688e-14
2.20537e+01	8.51380e-14
2.20782e+01	7.90712e-14
2.21028e+01	7.34356e-14
2.21273e+01	6.82005e-14
2.21518e+01	6.33374e-14
2.21763e+01	5.88200e-14
2.22008e+01	5.46238e-14
2.22254e+01	5.07260e-14
2.22499e+01	4.71055e-14
2.22744e+01	4.37425e-14
2.22989e+01	4.06188e-14
2.23234e+01	3.77174e-14
2.23479e+01	3.50226e-14
2.23725e+01	3.25197e-14
2.23970e+01	3.01950e-14
2.24215e+01	2.80359e-14
2.24460e+01	2.60307e-14
2.24705e+01	2.41683e-14
2.24950e+01	2.24387e-14
2.25196e+01	2.08324e-14
2.25441e+01	1.93407e-14
2.25686e+01	1.79554e-14
2.25931e+01	1.66689e-14
2.26176e+01	1.54743e-14
2.26422e+01	1.43649e-14
2.26667e+01	1.33348e-14
2.26912e+01	1.23782e-14
2.27157e+01	1.14901e-14
2.27402e+01	1.06654e-14
2.27647e+01	9.89972e-15
2.27893e+01	9.18881e-15
2.28138e+01	8.52877e-15
2.28383e+01	7.91599e-15
2.28628e+01	7.34708e-15
2.28873e+01	6.81892e-15
2.29118e+01	6.32861e-15
2.29364e+01	5.87344e-15
2.29609e+01	5.45091e-15
2.29854e+01	5.05868e-15
2.30099e+01	4.69461e-15
2.30344e+01	4.35667e-15
2.30590e+01	4.04298e-15
2.30835e+01	3.75182e-15
2.31080e+01	3.48157e-15
2.31325e+01	3.23072e-15
2.31570e+01	2.99789e-15
2.31815e+01	2.78179e-15
2.32061e+01	2.58122e-15
2.32306e+01	2.39505e-15
2.32551e+01	2.22227e-15
2.32796e+01	2.06190e-15
2.33041e+01	1.91305e-15
2.33286e+01	1.77490e-15
2.33532e+01	1.64668e-15
2.33777e+01	1.52767e-15
2.34022e+01	1.41721e-15
2.34267e+01	1.31469e-15
2.34512e+01	1.21954e-15
2.34758e+01	1.13122e-15
2.35003e+01	1.04924e-15
2.35248e+01	9.73149e-16
2.35493e+01	9.02515e-16
2.35738e+01	8.36947e-16
2.35983e+01	7.76078e-16
2.36229e+01	7.19568e-16
2.36474e+01	6.67102e-16
2.36719e+01	6.18385e-16
2.36964e+01	5.73146e-16
2.37209e+01	5.31131e-16
2.37455e+01	4.92105e-16
2.37700e+01	4.55850e-16
2.37945e+01	4.22163e-16
2.38190e+01	3.90855e-16
2.38435e+01	3.61751e-16
2.38680e+01	3.34687e-16
2.38926e+01	3.09513e-16
2.39171e+01	2.86088e-16
2.39416e+01	2.64279e-16
2.39661e+01	2.43966e-16
2.39906e+01	2.25033e-16
2.40151e+01	2.07377e-16
2.40397e+01	1.90896e-16
2.40642e+01	1.75500e-16
2.40887e+01	1.61101e-16
2.41132e+01	1.47621e-16
2.41377e+01	1.34983e-16
2.41623e+01	1.23117e-16
2.41868e+01	1.11957e-16
2.42113e+01	1.01442e-16
2.42358e+01	9.15138e-17
2.42603e+01	8.21177e-17
2.42848e+01	7.32024e-17
2.43094e+01	6.47200e-17
2.43339e+01	5.66255e-17
2.43584e+01	4.88776e-17
2.43829e+01	4.14385e-17
2.44074e+01	3.42751e-17
2.44319e+01	2.73603e-17
2.44565e+01	2.06751e-17
2.44810e+01	1.42125e-17
2.45055e+01	7.98184e-18
