# The ell = 0 distribution, the isotropy.
# E_N [Td]	2.00000e+02
# col_1: Electron Energy [eV], col_2: f0 [eV^(-3/2)]
eV	f0
5.00501e-02	5.27549e-02
1.50150e-01	5.29971e-02
2.50250e-01	5.32148e-02
3.50350e-01	5.34050e-02
4.50450e-01	5.35646e-02
5.50551e-01	5.36915e-02
6.50651e-01	5.37819e-02
7.50751e-01	5.38319e-02
8.50851e-01	5.38376e-02
9.50951e-01	5.37978e-02
1.05105e+00	5.37102e-02
1.15115e+00	5.35729e-02
1.25125e+00	5.33849e-02
1.35135e+00	5.31450e-02
1.45145e+00	5.28574e-02
1.55155e+00	5.25285e-02
1.65165e+00	5.21492e-02
1.75175e+00	5.17079e-02
1.85185e+00	5.12033e-02
1.95195e+00	5.06306e-02
2.05205e+00	5.00380e-02
2.15215e+00	4.94651e-02
2.25225e+00	4.88996e-02
2.35235e+00	4.83761e-02
2.45245e+00	4.78846e-02
2.55255e+00	4.74233e-02
2.65265e+00	4.70121e-02
2.75275e+00	4.66132e-02
2.85285e+00	4.62453e-02
2.95295e+00	4.58999e-02
3.05305e+00	4.55724e-02
3.15315e+00	4.52540e-02
3.25325e+00	4.49456e-02
3.35335e+00	4.46461e-02
3.45345e+00	4.43528e-02
3.55355e+00	4.40621e-02
3.65365e+00	4.37723e-02
3.75375e+00	4.34822e-02
3.85385e+00	4.31912e-02
3.95395e+00	4.28978e-02
4.05405e+00	4.26009e-02
4.15415e+00	4.22991e-02
4.25425e+00	4.19927e-02
4.35435e+00	4.16819e-02
4.45445e+00	4.13671e-02
4.55455e+00	4.10484e-02
4.65465e+00	4.07260e-02
4.75475e+00	4.04000e-02
4.85485e+00	4.00702e-02
4.95495e+00	3.97365e-02
5.05506e+00	3.93985e-02
5.15516e+00	3.90561e-02
5.25526e+00	3.87092e-02
5.35536e+00	3.83580e-02
5.45546e+00	3.80026e-02
5.55556e+00	3.76432e-02
5.65566e+00	3.72800e-02
5.75576e+00	3.69131e-02
5.85586e+00	3.65426e-02
5.95596e+00	3.61687e-02
6.05606e+00	3.57914e-02
6.15616e+00	3.54111e-02
6.25626e+00	3.50279e-02
6.35636e+00	3.46419e-02
6.45646e+00	3.42532e-02
6.55656e+00	3.38619e-02
6.65666e+00	3.34681e-02
6.75676e+00	3.30717e-02
6.85686e+00	3.26729e-02
6.95696e+00	3.22716e-02
7.05706e+00	3.18684e-02
7.15716e+00	3.14636e-02
7.25726e+00	3.10574e-02
7.35736e+00	3.06500e-02
7.45746e+00	3.02413e-02
7.55756e+00	2.98314e-02
7.65766e+00	2.94204e-02
7.75776e+00	2.90083e-02
7.85786e+00	2.85951e-02
7.95796e+00	2.81809e-02
8.05806e+00	2.77658e-02
8.15816e+00	2.73500e-02
8.25826e+00	2.69334e-02
8.35836e+00	2.65163e-02
8.45846e+00	2.60989e-02
8.55856e+00	2.56813e-02
8.65866e+00	2.52638e-02
8.75876e+00	2.48466e-02
8.85886e+00	2.44300e-02
8.95896e+00	2.40140e-02
9.05906e+00	2.35990e-02
9.15916e+00	2.31852e-02
9.25926e+00	2.27726e-02
9.35936e+00	2.23612e-02
9.45946e+00	2.19511e-02
9.55956e+00	2.15422e-02
9.65966e+00	2.11347e-02
9.75976e+00	2.07286e-02
9.85986e+00	2.03240e-02
9.95996e+00	1.99211e-02
1.00601e+01	1.95198e-02
1.01602e+01	1.91218e-02
1.02603e+01	1.87274e-02
1.03604e+01	1.83364e-02
1.04605e+01	1.79488e-02
1.05606e+01	1.75646e-02
1.06607e+01	1.71837e-02
1.07608e+01	1.68077e-02
1.08609e+01	1.64365e-02
1.09610e+01	1.60701e-02
1.10611e+01	1.57084e-02
1.11612e+01	1.53512e-02
1.12613e+01	1.49985e-02
1.13614e+01	1.46501e-02
1.14615e+01	1.43059e-02
1.15616e+01	1.39657e-02
1.16617e+01	1.36291e-02
1.17618e+01	1.32972e-02
1.18619e+01	1.29697e-02
1.19620e+01	1.26472e-02
1.20621e+01	1.23298e-02
1.21622e+01	1.20172e-02
1.22623e+01	1.17090e-02
1.23624e+01	1.14053e-02
1.24625e+01	1.11063e-02
1.25626e+01	1.08119e-02
1.26627e+01	1.05225e-02
1.27628e+01	1.02388e-02
1.28629e+01	9.96084e-03
1.29630e+01	9.68825e-03
1.30631e+01	9.42036e-03
1.31632e+01	9.15920e-03
1.32633e+01	8.90278e-03
1.33634e+01	8.65121e-03
1.34635e+01	8.40372e-03
1.35636e+01	8.16051e-03
1.36637e+01	7.92164e-03
1.37638e+01	7.68714e-03
1.38639e+01	7.45699e-03
1.39640e+01	7.23115e-03
1.40641e+01	7.00965e-03
1.41642e+01	6.79264e-03
1.42643e+01	6.58022e-03
1.43644e+01	6.37239e-03
1.44645e+01	6.16924e-03
1.45646e+01	5.97083e-03
1.46647e+01	5.77718e-03
1.47648e+01	5.58832e-03
1.48649e+01	5.40424e-03
1.49650e+01	5.22493e-03
1.50651e+01	5.05040e-03
1.51652e+01	4.88061e-03
1.52653e+01	4.71544e-03
1.53654e+01	4.55478e-03
1.54655e+01	4.39851e-03
1.55656e+01	4.24652e-03
1.56657e+01	4.09870e-03
1.57658e+01	3.95492e-03
1.58659e+01	3.81500e-03
1.59660e+01	3.67895e-03
1.60661e+01	3.54679e-03
1.61662e+01	3.41854e-03
1.62663e+01	3.29412e-03
1.63664e+01	3.17349e-03
1.64665e+01	3.05658e-03
1.65666e+01	2.94331e-03
1.66667e+01	2.83362e-03
1.67668e+01	2.72744e-03
1.68669e+01	2.62472e-03
1.69670e+01	2.52538e-03
1.70671e+01	2.42936e-03
1.71672e+01	2.33659e-03
1.72673e+01	2.24698e-03
1.73674e+01	2.16047e-03
1.74675e+01	2.07696e-03
1.75676e+01	1.99638e-03
1.76677e+01	1.91865e-03
1.77678e+01	1.84369e-03
1.78679e+01	1.77145e-03
1.79680e+01	1.70182e-03
1.80681e+01	1.63473e-03
1.81682e+01	1.57010e-03
1.82683e+01	1.50786e-03
1.83684e+01	1.44790e-03
1.84685e+01	1.39016e-03
1.85686e+01	1.33457e-03
1.86687e+01	1.28106e-03
1.87688e+01	1.22956e-03
1.88689e+01	1.18001e-03
1.89690e+01	1.13235e-03
1.90691e+01	1.08653e-03
1.91692e+01	1.04249e-03
1.92693e+01	1.00017e-03
1.93694e+01	9.59509e-04
1.94695e+01	9.20453e-04
1.95696e+01	8.82946e-04
1.96697e+01	8.46937e-04
1.97698e+01	8.12376e-04
1.98699e+01	7.79215e-04
1.99700e+01	7.47391e-04
2.00701e+01	7.16816e-04
2.01702e+01	6.87445e-04
2.02703e+01	6.59237e-04
2.03704e+01	6.32148e-04
2.04705e+01	6.06139e-04
2.05706e+01	5.81172e-04
2.06707e+01	5.57209e-04
2.07708e+01	5.34205e-04
2.08709e+01	5.12121e-04
2.09710e+01	4.90923e-04
2.10711e+01	4.70576e-04
2.11712e+01	4.51050e-04
2.12713e+01	4.32310e-04
2.13714e+01	4.14328e-04
2.14715e+01	3.97073e-04
2.15716e+01	3.80518e-04
2.16717e+01	3.64636e-04
2.17718e+01	3.49401e-04
2.18719e+01	3.34789e-04
2.19720e+01	3.20778e-04
2.20721e+01	3.07344e-04
2.21722e+01	2.94469e-04
2.22723e+01	2.82128e-04
2.23724e+01	2.70299e-04
2.24725e+01	2.58961e-04
2.25726e+01	2.48092e-04
2.26727e+01	2.37675e-04
2.27728e+01	2.27690e-04
2.28729e+01	2.18120e-04
2.29730e+01	2.08949e-04
2.30731e+01	2.00161e-04
2.31732e+01	1.91740e-04
2.32733e+01	1.83672e-04
2.33734e+01	1.75942e-04
2.34735e+01	1.68536e-04
2.35736e+01	1.61441e-04
2.36737e+01	1.54644e-04
2.37738e+01	1.48133e-04
2.38739e+01	1.41895e-04
2.39740e+01	1.35920e-04
2.40741e+01	1.30196e-04
2.41742e+01	1.24714e-04
2.42743e+01	1.19464e-04
2.43744e+01	1.14435e-04
2.44745e+01	1.09620e-04
2.45746e+01	1.05009e-04
2.46747e+01	1.00595e-04
2.47748e+01	9.63681e-05
2.48749e+01	9.23207e-05
2.49750e+01	8.84451e-05
2.50751e+01	8.47345e-05
2.51752e+01	8.11823e-05
2.52753e+01	7.77799e-05
2.53754e+01	7.45199e-05
2.54755e+01	7.13961e-05
2.55756e+01	6.84025e-05
2.56757e+01	6.55336e-05
2.57758e+01	6.27842e-05
2.58759e+01	6.01494e-05
2.59760e+01	5.76247e-05
2.60761e+01	5.52057e-05
2.61762e+01	5.28884e-05
2.62763e+01	5.06684e-05
2.63764e+01	4.85417e-05
2.64765e+01	4.65042e-05
2.65766e+01	4.45522e-05
2.66767e+01	4.26821e-05
2.67768e+01	4.08905e-05
2.68769e+01	3.91741e-05
2.69770e+01	3.75297e-05
2.70771e+01	3.59543e-05
2.71772e+01	3.44450e-05
2.72773e+01	3.29991e-05
2.73774e+01	3.16139e-05
2.74775e+01	3.02869e-05
2.75776e+01	2.90156e-05
2.76777e+01	2.77977e-05
2.77778e+01	2.66309e-05
2.78779e+01	2.55132e-05
2.79780e+01	2.44424e-05
2.80781e+01	2.34165e-05
2.81782e+01	2.24338e-05
2.82783e+01	2.14924e-05
2.83784e+01	2.05905e-05
2.84785e+01	1.97266e-05
2.85786e+01	1.88991e-05
2.86787e+01	1.81065e-05
2.87788e+01	1.73472e-05
2.88789e+01	1.66200e-05
2.89790e+01	1.59235e-05
2.90791e+01	1.52564e-05
2.91792e+01	1.46175e-05
2.92793e+01	1.40056e-05
2.93794e+01	1.34197e-05
2.94795e+01	1.28586e-05
2.95796e+01	1.23214e-05
2.96797e+01	1.18070e-05
2.97798e+01	1.13144e-05
2.98799e+01	1.08427e-05
2.99800e+01	1.03912e-05
3.00801e+01	9.95890e-06
3.01802e+01	9.54497e-06
3.02803e+01	9.14839e-06
3.03804e+01	8.76840e-06
3.04805e+01	8.40430e-06
3.05806e+01	8.05539e-06
3.06807e+01	7.72102e-06
3.07808e+01	7.40059e-06
3.08809e+01	7.09348e-06
3.09810e+01	6.79916e-06
3.10811e+01	6.51707e-06
3.11812e+01	6.24671e-06
3.12813e+01	5.98757e-06
3.13814e+01	5.73921e-06
3.14815e+01	5.50116e-06
3.15816e+01	5.27300e-06
3.16817e+01	5.05431e-06
3.17818e+01	4.84471e-06
3.18819e+01	4.64382e-06
3.19820e+01	4.45127e-06
3.20821e+01	4.26672e-06
3.21822e+01	4.08985e-06
3.22823e+01	3.92033e-06
3.23824e+01	3.75785e-06
3.24825e+01	3.60213e-06
3.25826e+01	3.45289e-06
3.26827e+01	3.30984e-06
3.27828e+01	3.17274e-06
3.28829e+01	3.04134e-06
3.29830e+01	2.91539e-06
3.30831e+01	2.79468e-06
3.31832e+01	2.67899e-06
3.32833e+01	2.56810e-06
3.33834e+01	2.46182e-06
3.34835e+01	2.35995e-06
3.35836e+01	2.26232e-06
3.36837e+01	2.16875e-06
3.37838e+01	2.07907e-06
3.38839e+01	1.99311e-06
3.39840e+01	1.91073e-06
3.40841e+01	1.83179e-06
3.41842e+01	1.75613e-06
3.42843e+01	1.68362e-06
3.43844e+01	1.61413e-06
3.44845e+01	1.54753e-06
3.45846e+01	1.48371e-06
3.46847e+01	1.42253e-06
3.47848e+01	1.36391e-06
3.48849e+01	1.30771e-06
3.49850e+01	1.25386e-06
3.50851e+01	1.20224e-06
3.51852e+01	1.15276e-06
3.52853e+01	1.10534e-06
3.53854e+01	1.05988e-06
3.54855e+01	1.01631e-06
3.55856e+01	9.74551e-07
3.56857e+01	9.34523e-07
3.57858e+01	8.96157e-07
3.58859e+01	8.59383e-07
3.59860e+01	8.24137e-07
3.60861e+01	7.90357e-07
3.61862e+01	7.57985e-07
3.62863e+01	7.26963e-07
3.63864e+01	6.97232e-07
3.64865e+01	6.68738e-07
3.65866e+01	6.41429e-07
3.66867e+01	6.15253e-07
3.67868e+01	5.90165e-07
3.68869e+01	5.66117e-07
3.69870e+01	5.43067e-07
3.70871e+01	5.20972e-07
3.71872e+01	4.99792e-07
3.72873e+01	4.79490e-07
3.73874e+01	4.60029e-07
3.74875e+01	4.41373e-07
3.75876e+01	4.23489e-07
3.76877e+01	4.06344e-07
3.77878e+01	3.89907e-07
3.78879e+01	3.74149e-07
3.79880e+01	3.59042e-07
3.80881e+01	3.44558e-07
3.81882e+01	3.30671e-07
3.82883e+01	3.17357e-07
3.83884e+01	3.04592e-07
3.84885e+01	2.92355e-07
3.85886e+01	2.80622e-07
3.86887e+01	2.69374e-07
3.87888e+01	2.58589e-07
3.88889e+01	2.48248e-07
3.89890e+01	2.38332e-07
3.90891e+01	2.28825e-07
3.91892e+01	2.19708e-07
3.92893e+01	2.10966e-07
3.93894e+01	2.02583e-07
3.94895e+01	1.94544e-07
3.95896e+01	1.86836e-07
3.96897e+01	1.79444e-07
3.97898e+01	1.72357e-07
3.98899e+01	1.65560e-07
3.99900e+01	1.59044e-07
4.00901e+01	1.52793e-07
4.01902e+01	1.46794e-07
4.02903e+01	1.41036e-07
4.03904e+01	1.35510e-07
4.04905e+01	1.30205e-07
4.05906e+01	1.25113e-07
4.06907e+01	1.20224e-07
4.07908e+01	1.15530e-07
4.08909e+01	1.11023e-07
4.09910e+01	1.06695e-07
4.10911e+01	1.02539e-07
4.11912e+01	9.85480e-08
4.12913e+01	9.47153e-08
4.13914e+01	9.10345e-08
4.14915e+01	8.74993e-08
4.15916e+01	8.41038e-08
4.16917e+01	8.08423e-08
4.17918e+01	7.77096e-08
4.18919e+01	7.47003e-08
4.19920e+01	7.18096e-08
4.20921e+01	6.90327e-08
4.21922e+01	6.63650e-08
4.22923e+01	6.38021e-08
4.23924e+01	6.13399e-08
4.24925e+01	5.89743e-08
4.25926e+01	5.67015e-08
4.26927e+01	5.45178e-08
4.27928e+01	5.24197e-08
4.28929e+01	5.04037e-08
4.29930e+01	4.84667e-08
4.30931e+01	4.66054e-08
4.31932e+01	4.48169e-08
4.32933e+01	4.30982e-08
4.33934e+01	4.14467e-08
4.34935e+01	3.98595e-08
4.35936e+01	3.83343e-08
4.36937e+01	3.68684e-08
4.37938e+01	3.54597e-08
4.38939e+01	3.41057e-08
4.39940e+01	3.28044e-08
4.40941e+01	3.15536e-08
4.41942e+01	3.03514e-08
4.42943e+01	2.91958e-08
4.43944e+01	2.80850e-08
4.44945e+01	2.70173e-08
4.45946e+01	2.59909e-08
4.46947e+01	2.50042e-08
4.47948e+01	2.40556e-08
4.48949e+01	2.31437e-08
4.49950e+01	2.22670e-08
4.50951e+01	2.14241e-08
4.51952e+01	2.06137e-08
4.52953e+01	1.98345e-08
4.53954e+01	1.90853e-08
4.54955e+01	1.83650e-08
4.55956e+01	1.76723e-08
4.56957e+01	1.70063e-08
4.57958e+01	1.63659e-08
4.58959e+01	1.57500e-08
4.59960e+01	1.51579e-08
4.60961e+01	1.45885e-08
4.61962e+01	1.40409e-08
4.62963e+01	1.35143e-08
4.63964e+01	1.30079e-08
4.64965e+01	1.25209e-08
4.65966e+01	1.20525e-08
4.66967e+01	1.16020e-08
4.67968e+01	1.11687e-08
4.68969e+01	1.07520e-08
4.69970e+01	1.03511e-08
4.70971e+01	9.96549e-09
4.71972e+01	9.59455e-09
4.72973e+01	9.23771e-09
4.73974e+01	8.89443e-09
4.74975e+01	8.56418e-09
4.75976e+01	8.24645e-09
4.76977e+01	7.94077e-09
4.77978e+01	7.64666e-09
4.78979e+01	7.36369e-09
4.79980e+01	7.09142e-09
4.80981e+01	6.82944e-09
4.81982e+01	6.57735e-09
4.82983e+01	6.33477e-09
4.83984e+01	6.10134e-09
4.84985e+01	5.87670e-09
4.85986e+01	5.66051e-09
4.86987e+01	5.45247e-09
4.87988e+01	5.25225e-09
4.88989e+01	5.05955e-09
4.89990e+01	4.87409e-09
4.90991e+01	4.69559e-09
4.91992e+01	4.52379e-09
4.92993e+01	4.35843e-09
4.93994e+01	4.19927e-09
4.94995e+01	4.04606e-09
4.95996e+01	3.89858e-09
4.96997e+01	3.75659e-09
4.97998e+01	3.61990e-09
4.98999e+01	3.48830e-09
5.00000e+01	3.36160e-09
5.01001e+01	3.23962e-09
5.02002e+01	3.12217e-09
5.03003e+01	3.00908e-09
5.04004e+01	2.90018e-09
5.05005e+01	2.79531e-09
5.06006e+01	2.69430e-09
5.07007e+01	2.59701e-09
5.08008e+01	2.50330e-09
5.09009e+01	2.41303e-09
5.10010e+01	2.32608e-09
5.11011e+01	2.24232e-09
5.12012e+01	2.16163e-09
5.13013e+01	2.08390e-09
5.14014e+01	2.00901e-09
5.15015e+01	1.93686e-09
5.16016e+01	1.86735e-09
5.17017e+01	1.80037e-09
5.18018e+01	1.73584e-09
5.19019e+01	1.67365e-09
5.20020e+01	1.61373e-09
5.21021e+01	1.55599e-09
5.22022e+01	1.50034e-09
5.23023e+01	1.44672e-09
5.24024e+01	1.39505e-09
5.25025e+01	1.34525e-09
5.26026e+01	1.29726e-09
5.27027e+01	1.25100e-09
5.28028e+01	1.20643e-09
5.29029e+01	1.16347e-09
5.30030e+01	1.12206e-09
5.31031e+01	1.08215e-09
5.32032e+01	1.04368e-09
5.33033e+01	1.00661e-09
5.34034e+01	9.70871e-10
5.35035e+01	9.36424e-10
5.36036e+01	9.03219e-10
5.37037e+01	8.71212e-10
5.38038e+01	8.40358e-10
5.39039e+01	8.10615e-10
5.40040e+01	7.81943e-10
5.41041e+01	7.54302e-10
5.42042e+01	7.27654e-10
5.43043e+01	7.01965e-10
5.44044e+01	6.77197e-10
5.45045e+01	6.53319e-10
5.46046e+01	6.30297e-10
5.47047e+01	6.08100e-10
5.48048e+01	5.86698e-10
5.49049e+01	5.66063e-10
5.50050e+01	5.46166e-10
5.51051e+01	5.26980e-10
5.52052e+01	5.08481e-10
5.53053e+01	4.90642e-10
5.54054e+01	4.73440e-10
5.55055e+01	4.56852e-10
5.56056e+01	4.40856e-10
5.57057e+01	4.25429e-10
5.58058e+01	4.10552e-10
5.59059e+01	3.96205e-10
5.60060e+01	3.82369e-10
5.61061e+01	3.69025e-10
5.62062e+01	3.56155e-10
5.63063e+01	3.43742e-10
5.64064e+01	3.31770e-10
5.65065e+01	3.20222e-10
5.66066e+01	3.09084e-10
5.67067e+01	2.98341e-10
5.68068e+01	2.87978e-10
5.69069e+01	2.77981e-10
5.70070e+01	2.68339e-10
5.71071e+01	2.59037e-10
5.72072e+01	2.50063e-10
5.73073e+01	2.41407e-10
5.74074e+01	2.33055e-10
5.75075e+01	2.24998e-10
5.76076e+01	2.17226e-10
5.77077e+01	2.09726e-10
5.78078e+01	2.02491e-10
5.79079e+01	1.95510e-10
5.80080e+01	1.88775e-10
5.81081e+01	1.82276e-10
5.82082e+01	1.76006e-10
5.83083e+01	1.69955e-10
5.84084e+01	1.64117e-10
5.85085e+01	1.58483e-10
5.86086e+01	1.53046e-10
5.87087e+01	1.47800e-10
5.88088e+01	1.42737e-10
5.89089e+01	1.37852e-10
5.90090e+01	1.33137e-10
5.91091e+01	1.28587e-10
5.92092e+01	1.24195e-10
5.93093e+01	1.19957e-10
5.94094e+01	1.15867e-10
5.95095e+01	1.11919e-10
5.96096e+01	1.08109e-10
5.97097e+01	1.04431e-10
5.98098e+01	1.00882e-10
5.99099e+01	9.74558e-11
6.00100e+01	9.41491e-11
6.01101e+01	9.09568e-11
6.02102e+01	8.78747e-11
6.03103e+01	8.48989e-11
6.04104e+01	8.20256e-11
6.05105e+01	7.92512e-11
6.06106e+01	7.65722e-11
6.07107e+01	7.39852e-11
6.08108e+01	7.14871e-11
6.09109e+01	6.90748e-11
6.10110e+01	6.67451e-11
6.11111e+01	6.44954e-11
6.12112e+01	6.23226e-11
6.13113e+01	6.02243e-11
6.14114e+01	5.81977e-11
6.15115e+01	5.62404e-11
6.16116e+01	5.43499e-11
6.17117e+01	5.25240e-11
6.18118e+01	5.07604e-11
6.19119e+01	4.90569e-11
6.20120e+01	4.74115e-11
6.21121e+01	4.58221e-11
6.22122e+01	4.42869e-11
6.23123e+01	4.28038e-11
6.24124e+01	4.13713e-11
6.25125e+01	3.99874e-11
6.26126e+01	3.86505e-11
6.27127e+01	3.73590e-11
6.28128e+01	3.61113e-11
6.29129e+01	3.49060e-11
6.30130e+01	3.37415e-11
6.31131e+01	3.26165e-11
6.32132e+01	3.15296e-11
6.33133e+01	3.04794e-11
6.34134e+01	2.94648e-11
6.35135e+01	2.84846e-11
6.36136e+01	2.75374e-11
6.37137e+01	2.66223e-11
6.38138e+01	2.57380e-11
6.39139e+01	2.48836e-11
6.40140e+01	2.40580e-11
6.41141e+01	2.32603e-11
6.42142e+01	2.24895e-11
6.43143e+01	2.17446e-11
6.44144e+01	2.10249e-11
6.45145e+01	2.03295e-11
6.46146e+01	1.96575e-11
6.47147e+01	1.90081e-11
6.48148e+01	1.83806e-11
6.49149e+01	1.77742e-11
6.50150e+01	1.71882e-11
6.51151e+01	1.66219e-11
6.52152e+01	1.60746e-11
6.53153e+01	1.55456e-11
6.54154e+01	1.50344e-11
6.55155e+01	1.45403e-11
6.56156e+01	1.40627e-11
6.57157e+01	1.36012e-11
6.58158e+01	1.31550e-11
6.59159e+01	1.27238e-11
6.60160e+01	1.23070e-11
6.61161e+01	1.19041e-11
6.62162e+01	1.15146e-11
6.63163e+01	1.11382e-11
6.64164e+01	1.07742e-11
6.65165e+01	1.04224e-11
6.66166e+01	1.00823e-11
6.67167e+01	9.75351e-12
6.68168e+01	9.43565e-12
6.69169e+01	9.12835e-12
6.70170e+01	8.83125e-12
6.71171e+01	8.54401e-12
6.72172e+01	8.26629e-12
6.73173e+01	7.99779e-12
6.74174e+01	7.73817e-12
6.75175e+01	7.48715e-12
6.76176e+01	7.24444e-12
6.77177e+01	7.00976e-12
6.78178e+01	6.78283e-12
6.79179e+01	6.56340e-12
6.80180e+01	6.35122e-12
6.81181e+01	6.14605e-12
6.82182e+01	5.94764e-12
6.83183e+01	5.75577e-12
6.84184e+01	5.57023e-12
6.85185e+01	5.39081e-12
6.86186e+01	5.21729e-12
6.87187e+01	5.04949e-12
6.88188e+01	4.88721e-12
6.89189e+01	4.73027e-12
6.90190e+01	4.57849e-12
6.91191e+01	4.43169e-12
6.92192e+01	4.28971e-12
6.93193e+01	4.15238e-12
6.94194e+01	4.01954e-12
6.95195e+01	3.89105e-12
6.96196e+01	3.76677e-12
6.97197e+01	3.64656e-12
6.98198e+01	3.53027e-12
6.99199e+01	3.41779e-12
7.00200e+01	3.30898e-12
7.01201e+01	3.20374e-12
7.02202e+01	3.10194e-12
7.03203e+01	3.00345e-12
7.04204e+01	2.90814e-12
7.05205e+01	2.81591e-12
7.06206e+01	2.72666e-12
7.07207e+01	2.64028e-12
7.08208e+01	2.55669e-12
7.09209e+01	2.47579e-12
7.10210e+01	2.39748e-12
7.11211e+01	2.32170e-12
7.12212e+01	2.24834e-12
7.13213e+01	2.17734e-12
7.14214e+01	2.10862e-12
7.15215e+01	2.04209e-12
7.16216e+01	1.97769e-12
7.17217e+01	1.91536e-12
7.18218e+01	1.85501e-12
7.19219e+01	1.79659e-12
7.20220e+01	1.74004e-12
7.21221e+01	1.68529e-12
7.22222e+01	1.63229e-12
7.23223e+01	1.58097e-12
7.24224e+01	1.53129e-12
7.25225e+01	1.48319e-12
7.26226e+01	1.43662e-12
7.27227e+01	1.39154e-12
7.28228e+01	1.34788e-12
7.29229e+01	1.30562e-12
7.30230e+01	1.26469e-12
7.31231e+01	1.22507e-12
7.32232e+01	1.18670e-12
7.33233e+01	1.14955e-12
7.34234e+01	1.11358e-12
7.35235e+01	1.07874e-12
7.36236e+01	1.04502e-12
7.37237e+01	1.01235e-12
7.38238e+01	9.80727e-13
7.39239e+01	9.50101e-13
7.40240e+01	9.20443e-13
7.41241e+01	8.91723e-13
7.42242e+01	8.63909e-13
7.43243e+01	8.36975e-13
7.44244e+01	8.10890e-13
7.45245e+01	7.85628e-13
7.46246e+01	7.61163e-13
7.47247e+01	7.37469e-13
7.48248e+01	7.14522e-13
7.49249e+01	6.92297e-13
7.50250e+01	6.70773e-13
7.51251e+01	6.49925e-13
7.52252e+01	6.29733e-13
7.53253e+01	6.10177e-13
7.54254e+01	5.91234e-13
7.55255e+01	5.72887e-13
7.56256e+01	5.55117e-13
7.57257e+01	5.37904e-13
7.58258e+01	5.21231e-13
7.59259e+01	5.05081e-13
7.60260e+01	4.89437e-13
7.61261e+01	4.74284e-13
7.62262e+01	4.59605e-13
7.63263e+01	4.45387e-13
7.64264e+01	4.31613e-13
7.65265e+01	4.18270e-13
7.66266e+01	4.05345e-13
7.67267e+01	3.92823e-13
7.68268e+01	3.80693e-13
7.69269e+01	3.68942e-13
7.70270e+01	3.57558e-13
7.71271e+01	3.46530e-13
7.72272e+01	3.35845e-13
7.73273e+01	3.25494e-13
7.74274e+01	3.15466e-13
7.75275e+01	3.05750e-13
7.76276e+01	2.96337e-13
7.77277e+01	2.87217e-13
7.78278e+01	2.78381e-13
7.79279e+01	2.69820e-13
7.80280e+01	2.61525e-13
7.81281e+01	2.53489e-13
7.82282e+01	2.45702e-13
7.83283e+01	2.38158e-13
7.84284e+01	2.30848e-13
7.85285e+01	2.23765e-13
7.86286e+01	2.16902e-13
7.87287e+01	2.10253e-13
7.88288e+01	2.03810e-13
7.89289e+01	1.97568e-13
7.90290e+01	1.91519e-13
7.91291e+01	1.85659e-13
7.92292e+01	1.79981e-13
7.93293e+01	1.74480e-13
7.94294e+01	1.69149e-13
7.95295e+01	1.63985e-13
7.96296e+01	1.58980e-13
7.97297e+01	1.54131e-13
7.98298e+01	1.49432e-13
7.99299e+01	1.44879e-13
8.00300e+01	1.40467e-13
8.01301e+01	1.36191e-13
8.02302e+01	1.32047e-13
8.03303e+01	1.28032e-13
8.04304e+01	1.24140e-13
8.05305e+01	1.20369e-13
8.06306e+01	1.16714e-13
8.07307e+01	1.13172e-13
8.08308e+01	1.09738e-13
8.09309e+01	1.06411e-13
8.10310e+01	1.03186e-13
8.11311e+01	1.00060e-13
8.12312e+01	9.70310e-14
8.13313e+01	9.40949e-14
8.14314e+01	9.12491e-14
8.15315e+01	8.84908e-14
8.16316e+01	8.58172e-14
8.17317e+01	8.32258e-14
8.18318e+01	8.07138e-14
8.19319e+01	7.82790e-14
8.20320e+01	7.59188e-14
8.21321e+01	7.36310e-14
8.22322e+01	7.14132e-14
8.23323e+01	6.92633e-14
8.24324e+01	6.71792e-14
8.25325e+01	6.51588e-14
8.26326e+01	6.32002e-14
8.27327e+01	6.13015e-14
8.28328e+01	5.94607e-14
8.29329e+01	5.76760e-14
8.30330e+01	5.59458e-14
8.31331e+01	5.42684e-14
8.32332e+01	5.26420e-14
8.33333e+01	5.10652e-14
8.34334e+01	4.95363e-14
8.35335e+01	4.80540e-14
8.36336e+01	4.66167e-14
8.37337e+01	4.52231e-14
8.38338e+01	4.38718e-14
8.39339e+01	4.25616e-14
8.40340e+01	4.12910e-14
8.41341e+01	4.00591e-14
8.42342e+01	3.88644e-14
8.43343e+01	3.77059e-14
8.44344e+01	3.65825e-14
8.45345e+01	3.54932e-14
8.46346e+01	3.44367e-14
8.47347e+01	3.34122e-14
8.48348e+01	3.24187e-14
8.49349e+01	3.14552e-14
8.50350e+01	3.05208e-14
8.51351e+01	2.96146e-14
8.52352e+01	2.87357e-14
8.53353e+01	2.78834e-14
8.54354e+01	2.70567e-14
8.55355e+01	2.62550e-14
8.56356e+01	2.54773e-14
8.57357e+01	2.47231e-14
8.58358e+01	2.39916e-14
8.59359e+01	2.32821e-14
8.60360e+01	2.25939e-14
8.61361e+01	2.19264e-14
8.62362e+01	2.12790e-14
8.63363e+01	2.06510e-14
8.64364e+01	2.00418e-14
8.65365e+01	1.94510e-14
8.66366e+01	1.88778e-14
8.67367e+01	1.83218e-14
8.68368e+01	1.77824e-14
8.69369e+01	1.72592e-14
8.70370e+01	1.67516e-14
8.71371e+01	1.62592e-14
8.72372e+01	1.57814e-14
8.73373e+01	1.53180e-14
8.74374e+01	1.48684e-14
8.75375e+01	1.44321e-14
8.76376e+01	1.40089e-14
8.77377e+01	1.35983e-14
8.78378e+01	1.31999e-14
8.79379e+01	1.28134e-14
8.80380e+01	1.24384e-14
8.81381e+01	1.20745e-14
8.82382e+01	1.17214e-14
8.83383e+01	1.13788e-14
8.84384e+01	1.10464e-14
8.85385e+01	1.07239e-14
8.86386e+01	1.04109e-14
8.87387e+01	1.01072e-14
8.88388e+01	9.81255e-15
8.89389e+01	9.52659e-15
8.90390e+01	9.24909e-15
8.91391e+01	8.97979e-15
8.92392e+01	8.71844e-15
8.93393e+01	8.46481e-15
8.94394e+01	8.21865e-15
8.95395e+01	7.97975e-15
8.96396e+01	7.74789e-15
8.97397e+01	7.52284e-15
8.98398e+01	7.30439e-15
8.99399e+01	7.09234e-15
9.00400e+01	6.88647e-15
9.01401e+01	6.68662e-15
9.02402e+01	6.49259e-15
9.03403e+01	6.30422e-15
9.04404e+01	6.12132e-15
9.05405e+01	5.94373e-15
9.06406e+01	5.77130e-15
9.07407e+01	5.60387e-15
9.08408e+01	5.44128e-15
9.09409e+01	5.28340e-15
9.10410e+01	5.13008e-15
9.11411e+01	4.98118e-15
9.12412e+01	4.83657e-15
9.13413e+01	4.69613e-15
9.14414e+01	4.55971e-15
9.15415e+01	4.42721e-15
9.16416e+01	4.29849e-15
9.17417e+01	4.17346e-15
9.18418e+01	4.05199e-15
9.19419e+01	3.93398e-15
9.20420e+01	3.81933e-15
9.21421e+01	3.70793e-15
9.22422e+01	3.59968e-15
9.23423e+01	3.49450e-15
9.24424e+01	3.39229e-15
9.25425e+01	3.29297e-15
9.26426e+01	3.19643e-15
9.27427e+01	3.10260e-15
9.28428e+01	3.01141e-15
9.29429e+01	2.92276e-15
9.30430e+01	2.83658e-15
9.31431e+01	2.75280e-15
9.32432e+01	2.67134e-15
9.33433e+01	2.59214e-15
9.34434e+01	2.51512e-15
9.35435e+01	2.44022e-15
9.36436e+01	2.36737e-15
9.37437e+01	2.29651e-15
9.38438e+01	2.22759e-15
9.39439e+01	2.16054e-15
9.40440e+01	2.09530e-15
9.41441e+01	2.03181e-15
9.42442e+01	1.97004e-15
9.43443e+01	1.90991e-15
9.44444e+01	1.85139e-15
9.45445e+01	1.79441e-15
9.46446e+01	1.73894e-15
9.47447e+01	1.68492e-15
9.48448e+01	1.63231e-15
9.49449e+01	1.58107e-15
9.50450e+01	1.53115e-15
9.51451e+01	1.48251e-15
9.52452e+01	1.43511e-15
9.53453e+01	1.38890e-15
9.54454e+01	1.34386e-15
9.55455e+01	1.29995e-15
9.56456e+01	1.25712e-15
9.57457e+01	1.21534e-15
9.58458e+01	1.17458e-15
9.59459e+01	1.13480e-15
9.60460e+01	1.09597e-15
9.61461e+01	1.05807e-15
9.62462e+01	1.02105e-15
9.63463e+01	9.84882e-16
9.64464e+01	9.49547e-16
9.65465e+01	9.15012e-16
9.66466e+01	8.81248e-16
9.67467e+01	8.48229e-16
9.68468e+01	8.15928e-16
9.69469e+01	7.84319e-16
9.70470e+01	7.53378e-16
9.71471e+01	7.23081e-16
9.72472e+01	6.93403e-16
9.73473e+01	6.64321e-16
9.74474e+01	6.35815e-16
9.75475e+01	6.07861e-16
9.76476e+01	5.80439e-16
9.77477e+01	5.53529e-16
9.78478e+01	5.27112e-16
9.79479e+01	5.01167e-16
9.80480e+01	4.75677e-16
9.81481e+01	4.50625e-16
9.82482e+01	4.25993e-16
9.83483e+01	4.01766e-16
9.84484e+01	3.77928e-16
9.85485e+01	3.54467e-16
9.86486e+01	3.31368e-16
9.87487e+01	3.08619e-16
9.88488e+01	2.86210e-16
9.89489e+01	2.64132e-16
9.90490e+01	2.42375e-16
9.91491e+01	2.20933e-16
9.92492e+01	1.99801e-16
9.93493e+01	1.78976e-16
9.94494e+01	1.58456e-16
9.95495e+01	1.38244e-16
9.96496e+01	1.18343e-16
9.97497e+01	9.87570e-17
9.98498e+01	7.94970e-17
9.99499e+01	6.05772e-17
1.00050e+02	4.20163e-17
