# The ell = 0 distribution, the isotropy.
# E_N [Td]	5.00000e+00
# col_1: Electron Energy [eV], col_2: f0 [eV^(-3/2)]
eV	f0
5.88677e-03	6.65477e-01
1.76603e-02	6.65505e-01
2.94338e-02	6.65530e-01
4.12074e-02	6.65553e-01
5.29809e-02	6.65577e-01
6.47544e-02	6.65600e-01
7.65280e-02	6.65624e-01
8.83015e-02	6.65649e-01
1.00075e-01	6.65673e-01
1.11849e-01	6.65698e-01
1.23622e-01	6.65723e-01
1.35396e-01	6.65747e-01
1.47169e-01	6.65772e-01
1.58943e-01	6.65795e-01
1.70716e-01	6.65819e-01
1.82490e-01	6.65842e-01
1.94263e-01	6.65864e-01
2.06037e-01	6.65885e-01
2.17810e-01	6.65906e-01
2.29584e-01	6.65926e-01
2.41357e-01	6.65946e-01
2.53131e-01	6.65964e-01
2.64905e-01	6.65982e-01
2.76678e-01	6.65999e-01
2.88452e-01	6.66016e-01
3.00225e-01	6.66031e-01
3.11999e-01	6.66046e-01
3.23772e-01	6.66062e-01
3.35546e-01	6.66078e-01
3.47319e-01	6.66094e-01
3.59093e-01	6.66111e-01
3.70866e-01	6.66128e-01
3.82640e-01	6.66147e-01
3.94413e-01	6.66166e-01
4.06187e-01	6.66186e-01
4.17961e-01	6.66208e-01
4.29734e-01	6.66230e-01
4.41508e-01	6.66253e-01
4.53281e-01	6.66277e-01
4.65055e-01	6.66302e-01
4.76828e-01	6.66328e-01
4.88602e-01	6.66354e-01
5.00375e-01	6.66382e-01
5.12149e-01	6.66410e-01
5.23922e-01	6.66439e-01
5.35696e-01	6.66468e-01
5.47469e-01	6.66497e-01
5.59243e-01	6.66525e-01
5.71016e-01	6.66554e-01
5.82790e-01	6.66582e-01
5.94564e-01	6.66609e-01
6.06337e-01	6.66635e-01
6.18111e-01	6.66660e-01
6.29884e-01	6.66686e-01
6.41658e-01	6.66710e-01
6.53431e-01	6.66732e-01
6.65205e-01	6.66751e-01
6.76978e-01	6.66769e-01
6.88752e-01	6.66785e-01
7.00525e-01	6.66798e-01
7.12299e-01	6.66801e-01
7.24072e-01	6.66794e-01
7.35846e-01	6.66775e-01
7.47619e-01	6.66744e-01
7.59393e-01	6.66697e-01
7.71167e-01	6.66630e-01
7.82940e-01	6.66536e-01
7.94714e-01	6.66415e-01
8.06487e-01	6.66265e-01
8.18261e-01	6.66086e-01
8.30034e-01	6.65877e-01
8.41808e-01	6.65638e-01
8.53581e-01	6.65372e-01
8.65355e-01	6.65082e-01
8.77128e-01	6.64769e-01
8.88902e-01	6.64428e-01
9.00675e-01	6.64055e-01
9.12449e-01	6.63649e-01
9.24223e-01	6.63211e-01
9.35996e-01	6.62743e-01
9.47770e-01	6.62239e-01
9.59543e-01	6.61688e-01
9.71317e-01	6.61086e-01
9.83090e-01	6.60430e-01
9.94864e-01	6.59721e-01
1.00664e+00	6.58959e-01
1.01841e+00	6.58127e-01
1.03018e+00	6.57212e-01
1.04196e+00	6.56207e-01
1.05373e+00	6.55108e-01
1.06550e+00	6.53916e-01
1.07728e+00	6.52628e-01
1.08905e+00	6.51229e-01
1.10083e+00	6.49716e-01
1.11260e+00	6.48086e-01
1.12437e+00	6.46338e-01
1.13615e+00	6.44478e-01
1.14792e+00	6.42508e-01
1.15969e+00	6.40425e-01
1.17147e+00	6.38228e-01
1.18324e+00	6.35919e-01
1.19501e+00	6.33499e-01
1.20679e+00	6.30975e-01
1.21856e+00	6.28352e-01
1.23033e+00	6.25620e-01
1.24211e+00	6.22765e-01
1.25388e+00	6.19784e-01
1.26566e+00	6.16673e-01
1.27743e+00	6.13436e-01
1.28920e+00	6.10082e-01
1.30098e+00	6.06616e-01
1.31275e+00	6.02994e-01
1.32452e+00	5.99181e-01
1.33630e+00	5.95152e-01
1.34807e+00	5.90888e-01
1.35984e+00	5.86378e-01
1.37162e+00	5.81614e-01
1.38339e+00	5.76595e-01
1.39516e+00	5.71346e-01
1.40694e+00	5.65889e-01
1.41871e+00	5.60242e-01
1.43048e+00	5.54421e-01
1.44226e+00	5.48442e-01
1.45403e+00	5.42323e-01
1.46581e+00	5.36065e-01
1.47758e+00	5.29666e-01
1.48935e+00	5.23125e-01
1.50113e+00	5.16445e-01
1.51290e+00	5.09626e-01
1.52467e+00	5.02678e-01
1.53645e+00	4.95618e-01
1.54822e+00	4.88452e-01
1.55999e+00	4.81081e-01
1.57177e+00	4.73447e-01
1.58354e+00	4.65506e-01
1.59531e+00	4.57225e-01
1.60709e+00	4.48579e-01
1.61886e+00	4.39551e-01
1.63063e+00	4.30127e-01
1.64241e+00	4.20305e-01
1.65418e+00	4.10105e-01
1.66596e+00	3.99551e-01
1.67773e+00	3.88665e-01
1.68950e+00	3.77475e-01
1.70128e+00	3.66001e-01
1.71305e+00	3.54255e-01
1.72482e+00	3.42235e-01
1.73660e+00	3.29972e-01
1.74837e+00	3.17517e-01
1.76014e+00	3.04904e-01
1.77192e+00	2.92199e-01
1.78369e+00	2.79453e-01
1.79546e+00	2.66699e-01
1.80724e+00	2.53975e-01
1.81901e+00	2.41331e-01
1.83078e+00	2.28772e-01
1.84256e+00	2.16247e-01
1.85433e+00	2.03806e-01
1.86611e+00	1.91500e-01
1.87788e+00	1.79359e-01
1.88965e+00	1.67475e-01
1.90143e+00	1.55940e-01
1.91320e+00	1.44822e-01
1.92497e+00	1.34194e-01
1.93675e+00	1.24182e-01
1.94852e+00	1.14791e-01
1.96029e+00	1.06037e-01
1.97207e+00	9.78938e-02
1.98384e+00	9.03319e-02
1.99561e+00	8.33308e-02
2.00739e+00	7.68751e-02
2.01916e+00	7.09704e-02
2.03093e+00	6.55955e-02
2.04271e+00	6.06865e-02
2.05448e+00	5.61808e-02
2.06626e+00	5.20251e-02
2.07803e+00	4.81751e-02
2.08980e+00	4.45959e-02
2.10158e+00	4.12523e-02
2.11335e+00	3.81111e-02
2.12512e+00	3.51421e-02
2.13690e+00	3.23555e-02
2.14867e+00	2.97497e-02
2.16044e+00	2.73305e-02
2.17222e+00	2.50879e-02
2.18399e+00	2.30112e-02
2.19576e+00	2.10912e-02
2.20754e+00	1.93205e-02
2.21931e+00	1.76913e-02
2.23108e+00	1.61907e-02
2.24286e+00	1.48103e-02
2.25463e+00	1.35559e-02
2.26641e+00	1.24159e-02
2.27818e+00	1.13800e-02
2.28995e+00	1.04388e-02
2.30173e+00	9.58227e-03
2.31350e+00	8.80103e-03
2.32527e+00	8.09080e-03
2.33705e+00	7.44526e-03
2.34882e+00	6.86037e-03
2.36059e+00	6.32659e-03
2.37237e+00	5.83434e-03
2.38414e+00	5.38008e-03
2.39591e+00	4.96116e-03
2.40769e+00	4.57533e-03
2.41946e+00	4.21744e-03
2.43124e+00	3.88190e-03
2.44301e+00	3.56795e-03
2.45478e+00	3.27537e-03
2.46656e+00	3.00285e-03
2.47833e+00	2.75203e-03
2.49010e+00	2.52448e-03
2.50188e+00	2.31883e-03
2.51365e+00	2.13261e-03
2.52542e+00	1.96396e-03
2.53720e+00	1.81196e-03
2.54897e+00	1.67471e-03
2.56074e+00	1.55045e-03
2.57252e+00	1.43788e-03
2.58429e+00	1.33603e-03
2.59606e+00	1.24373e-03
2.60784e+00	1.15805e-03
2.61961e+00	1.07852e-03
2.63139e+00	1.00466e-03
2.64316e+00	9.36133e-04
2.65493e+00	8.72703e-04
2.66671e+00	8.13928e-04
2.67848e+00	7.59414e-04
2.69025e+00	7.08842e-04
2.70203e+00	6.62036e-04
2.71380e+00	6.18737e-04
2.72557e+00	5.78769e-04
2.73735e+00	5.42014e-04
2.74912e+00	5.08051e-04
2.76089e+00	4.76473e-04
2.77267e+00	4.46949e-04
2.78444e+00	4.19404e-04
2.79621e+00	3.93768e-04
2.80799e+00	3.69887e-04
2.81976e+00	3.47585e-04
2.83154e+00	3.26761e-04
2.84331e+00	3.07397e-04
2.85508e+00	2.89398e-04
2.86686e+00	2.72625e-04
2.87863e+00	2.57082e-04
2.89040e+00	2.42827e-04
2.90218e+00	2.29719e-04
2.91395e+00	2.17621e-04
2.92572e+00	2.06424e-04
2.93750e+00	1.96038e-04
2.94927e+00	1.86377e-04
2.96104e+00	1.77370e-04
2.97282e+00	1.68949e-04
2.98459e+00	1.61041e-04
2.99636e+00	1.53568e-04
3.00814e+00	1.46487e-04
3.01991e+00	1.39760e-04
3.03169e+00	1.33382e-04
3.04346e+00	1.27346e-04
3.05523e+00	1.21642e-04
3.06701e+00	1.16258e-04
3.07878e+00	1.11180e-04
3.09055e+00	1.06395e-04
3.10233e+00	1.01894e-04
3.11410e+00	9.76555e-05
3.12587e+00	9.36583e-05
3.13765e+00	8.98873e-05
3.14942e+00	8.63210e-05
3.16119e+00	8.29389e-05
3.17297e+00	7.97279e-05
3.18474e+00	7.66810e-05
3.19651e+00	7.37914e-05
3.20829e+00	7.10518e-05
3.22006e+00	6.84555e-05
3.23184e+00	6.59950e-05
3.24361e+00	6.36634e-05
3.25538e+00	6.14553e-05
3.26716e+00	5.93666e-05
3.27893e+00	5.73908e-05
3.29070e+00	5.55202e-05
3.30248e+00	5.37477e-05
3.31425e+00	5.20662e-05
3.32602e+00	5.04690e-05
3.33780e+00	4.89480e-05
3.34957e+00	4.74986e-05
3.36134e+00	4.61161e-05
3.37312e+00	4.47957e-05
3.38489e+00	4.35331e-05
3.39666e+00	4.23246e-05
3.40844e+00	4.11667e-05
3.42021e+00	4.00554e-05
3.43199e+00	3.89879e-05
3.44376e+00	3.79632e-05
3.45553e+00	3.69795e-05
3.46731e+00	3.60347e-05
3.47908e+00	3.51271e-05
3.49085e+00	3.42547e-05
3.50263e+00	3.34157e-05
3.51440e+00	3.26077e-05
3.52617e+00	3.18294e-05
3.53795e+00	3.10793e-05
3.54972e+00	3.03560e-05
3.56149e+00	2.96582e-05
3.57327e+00	2.89853e-05
3.58504e+00	2.83360e-05
3.59682e+00	2.77098e-05
3.60859e+00	2.71058e-05
3.62036e+00	2.65231e-05
3.63214e+00	2.59608e-05
3.64391e+00	2.54181e-05
3.65568e+00	2.48944e-05
3.66746e+00	2.43889e-05
3.67923e+00	2.39010e-05
3.69100e+00	2.34298e-05
3.70278e+00	2.29747e-05
3.71455e+00	2.25352e-05
3.72632e+00	2.21106e-05
3.73810e+00	2.17003e-05
3.74987e+00	2.13032e-05
3.76164e+00	2.09187e-05
3.77342e+00	2.05462e-05
3.78519e+00	2.01850e-05
3.79697e+00	1.98344e-05
3.80874e+00	1.94937e-05
3.82051e+00	1.91624e-05
3.83229e+00	1.88399e-05
3.84406e+00	1.85255e-05
3.85583e+00	1.82186e-05
3.86761e+00	1.79186e-05
3.87938e+00	1.76252e-05
3.89115e+00	1.73383e-05
3.90293e+00	1.70579e-05
3.91470e+00	1.67836e-05
3.92647e+00	1.65152e-05
3.93825e+00	1.62525e-05
3.95002e+00	1.59953e-05
3.96179e+00	1.57435e-05
3.97357e+00	1.54967e-05
3.98534e+00	1.52549e-05
3.99712e+00	1.50176e-05
4.00889e+00	1.47846e-05
4.02066e+00	1.45559e-05
4.03244e+00	1.43311e-05
4.04421e+00	1.41104e-05
4.05598e+00	1.38936e-05
4.06776e+00	1.36807e-05
4.07953e+00	1.34717e-05
4.09130e+00	1.32664e-05
4.10308e+00	1.30649e-05
4.11485e+00	1.28671e-05
4.12662e+00	1.26729e-05
4.13840e+00	1.24822e-05
4.15017e+00	1.22951e-05
4.16194e+00	1.21114e-05
4.17372e+00	1.19310e-05
4.18549e+00	1.17540e-05
4.19727e+00	1.15803e-05
4.20904e+00	1.14098e-05
4.22081e+00	1.12425e-05
4.23259e+00	1.10783e-05
4.24436e+00	1.09172e-05
4.25613e+00	1.07591e-05
4.26791e+00	1.06040e-05
4.27968e+00	1.04519e-05
4.29145e+00	1.03027e-05
4.30323e+00	1.01564e-05
4.31500e+00	1.00129e-05
4.32677e+00	9.87232e-06
4.33855e+00	9.73452e-06
4.35032e+00	9.59950e-06
4.36209e+00	9.46722e-06
4.37387e+00	9.33766e-06
4.38564e+00	9.21079e-06
4.39742e+00	9.08657e-06
4.40919e+00	8.96498e-06
4.42096e+00	8.84598e-06
4.43274e+00	8.72955e-06
4.44451e+00	8.61562e-06
4.45628e+00	8.50415e-06
4.46806e+00	8.39510e-06
4.47983e+00	8.28845e-06
4.49160e+00	8.18416e-06
4.50338e+00	8.08219e-06
4.51515e+00	7.98254e-06
4.52692e+00	7.88517e-06
4.53870e+00	7.79008e-06
4.55047e+00	7.69722e-06
4.56224e+00	7.60652e-06
4.57402e+00	7.51793e-06
4.58579e+00	7.43139e-06
4.59757e+00	7.34685e-06
4.60934e+00	7.26428e-06
4.62111e+00	7.18362e-06
4.63289e+00	7.10485e-06
4.64466e+00	7.02789e-06
4.65643e+00	6.95267e-06
4.66821e+00	6.87915e-06
4.67998e+00	6.80726e-06
4.69175e+00	6.73696e-06
4.70353e+00	6.66819e-06
4.71530e+00	6.60090e-06
4.72707e+00	6.53504e-06
4.73885e+00	6.47057e-06
4.75062e+00	6.40744e-06
4.76240e+00	6.34560e-06
4.77417e+00	6.28501e-06
4.78594e+00	6.22562e-06
4.79772e+00	6.16740e-06
4.80949e+00	6.11029e-06
4.82126e+00	6.05428e-06
4.83304e+00	5.99931e-06
4.84481e+00	5.94532e-06
4.85658e+00	5.89225e-06
4.86836e+00	5.84006e-06
4.88013e+00	5.78869e-06
4.89190e+00	5.73810e-06
4.90368e+00	5.68824e-06
4.91545e+00	5.63904e-06
4.92722e+00	5.59047e-06
4.93900e+00	5.54249e-06
4.95077e+00	5.49508e-06
4.96255e+00	5.44822e-06
4.97432e+00	5.40189e-06
4.98609e+00	5.35607e-06
4.99787e+00	5.31073e-06
5.00964e+00	5.26585e-06
5.02141e+00	5.22140e-06
5.03319e+00	5.17737e-06
5.04496e+00	5.13374e-06
5.05673e+00	5.09048e-06
5.06851e+00	5.04760e-06
5.08028e+00	5.00507e-06
5.09205e+00	4.96287e-06
5.10383e+00	4.92099e-06
5.11560e+00	4.87941e-06
5.12737e+00	4.83811e-06
5.13915e+00	4.79711e-06
5.15092e+00	4.75641e-06
5.16270e+00	4.71601e-06
5.17447e+00	4.67591e-06
5.18624e+00	4.63610e-06
5.19802e+00	4.59659e-06
5.20979e+00	4.55737e-06
5.22156e+00	4.51845e-06
5.23334e+00	4.47981e-06
5.24511e+00	4.44147e-06
5.25688e+00	4.40341e-06
5.26866e+00	4.36564e-06
5.28043e+00	4.32814e-06
5.29220e+00	4.29094e-06
5.30398e+00	4.25401e-06
5.31575e+00	4.21735e-06
5.32752e+00	4.18098e-06
5.33930e+00	4.14487e-06
5.35107e+00	4.10904e-06
5.36285e+00	4.07348e-06
5.37462e+00	4.03819e-06
5.38639e+00	4.00316e-06
5.39817e+00	3.96840e-06
5.40994e+00	3.93390e-06
5.42171e+00	3.89966e-06
5.43349e+00	3.86569e-06
5.44526e+00	3.83196e-06
5.45703e+00	3.79850e-06
5.46881e+00	3.76528e-06
5.48058e+00	3.73232e-06
5.49235e+00	3.69961e-06
5.50413e+00	3.66715e-06
5.51590e+00	3.63494e-06
5.52767e+00	3.60297e-06
5.53945e+00	3.57124e-06
5.55122e+00	3.53975e-06
5.56300e+00	3.50851e-06
5.57477e+00	3.47750e-06
5.58654e+00	3.44673e-06
5.59832e+00	3.41619e-06
5.61009e+00	3.38588e-06
5.62186e+00	3.35581e-06
5.63364e+00	3.32597e-06
5.64541e+00	3.29635e-06
5.65718e+00	3.26696e-06
5.66896e+00	3.23779e-06
5.68073e+00	3.20885e-06
5.69250e+00	3.18013e-06
5.70428e+00	3.15163e-06
5.71605e+00	3.12334e-06
5.72782e+00	3.09528e-06
5.73960e+00	3.06742e-06
5.75137e+00	3.03978e-06
5.76315e+00	3.01235e-06
5.77492e+00	2.98513e-06
5.78669e+00	2.95812e-06
5.79847e+00	2.93132e-06
5.81024e+00	2.90472e-06
5.82201e+00	2.87833e-06
5.83379e+00	2.85213e-06
5.84556e+00	2.82614e-06
5.85733e+00	2.80035e-06
5.86911e+00	2.77475e-06
5.88088e+00	2.74935e-06
5.89265e+00	2.72414e-06
5.90443e+00	2.69913e-06
5.91620e+00	2.67431e-06
5.92798e+00	2.64968e-06
5.93975e+00	2.62523e-06
5.95152e+00	2.60097e-06
5.96330e+00	2.57690e-06
5.97507e+00	2.55302e-06
5.98684e+00	2.52931e-06
5.99862e+00	2.50579e-06
6.01039e+00	2.48245e-06
6.02216e+00	2.45928e-06
6.03394e+00	2.43630e-06
6.04571e+00	2.41348e-06
6.05748e+00	2.39085e-06
6.06926e+00	2.36839e-06
6.08103e+00	2.34610e-06
6.09280e+00	2.32398e-06
6.10458e+00	2.30204e-06
6.11635e+00	2.28026e-06
6.12813e+00	2.25865e-06
6.13990e+00	2.23721e-06
6.15167e+00	2.21594e-06
6.16345e+00	2.19482e-06
6.17522e+00	2.17387e-06
6.18699e+00	2.15308e-06
6.19877e+00	2.13245e-06
6.21054e+00	2.11198e-06
6.22231e+00	2.09166e-06
6.23409e+00	2.07150e-06
6.24586e+00	2.05149e-06
6.25763e+00	2.03164e-06
6.26941e+00	2.01193e-06
6.28118e+00	1.99238e-06
6.29295e+00	1.97298e-06
6.30473e+00	1.95372e-06
6.31650e+00	1.93461e-06
6.32828e+00	1.91565e-06
6.34005e+00	1.89683e-06
6.35182e+00	1.87815e-06
6.36360e+00	1.85962e-06
6.37537e+00	1.84122e-06
6.38714e+00	1.82297e-06
6.39892e+00	1.80485e-06
6.41069e+00	1.78687e-06
6.42246e+00	1.76902e-06
6.43424e+00	1.75131e-06
6.44601e+00	1.73373e-06
6.45778e+00	1.71629e-06
6.46956e+00	1.69897e-06
6.48133e+00	1.68179e-06
6.49310e+00	1.66473e-06
6.50488e+00	1.64780e-06
6.51665e+00	1.63100e-06
6.52843e+00	1.61432e-06
6.54020e+00	1.59777e-06
6.55197e+00	1.58134e-06
6.56375e+00	1.56503e-06
6.57552e+00	1.54884e-06
6.58729e+00	1.53278e-06
6.59907e+00	1.51683e-06
6.61084e+00	1.50100e-06
6.62261e+00	1.48528e-06
6.63439e+00	1.46968e-06
6.64616e+00	1.45420e-06
6.65793e+00	1.43883e-06
6.66971e+00	1.42357e-06
6.68148e+00	1.40842e-06
6.69325e+00	1.39338e-06
6.70503e+00	1.37845e-06
6.71680e+00	1.36363e-06
6.72858e+00	1.34892e-06
6.74035e+00	1.33431e-06
6.75212e+00	1.31981e-06
6.76390e+00	1.30541e-06
6.77567e+00	1.29112e-06
6.78744e+00	1.27693e-06
6.79922e+00	1.26285e-06
6.81099e+00	1.24887e-06
6.82276e+00	1.23499e-06
6.83454e+00	1.22121e-06
6.84631e+00	1.20753e-06
6.85808e+00	1.19395e-06
6.86986e+00	1.18047e-06
6.88163e+00	1.16709e-06
6.89340e+00	1.15381e-06
6.90518e+00	1.14062e-06
6.91695e+00	1.12754e-06
6.92873e+00	1.11455e-06
6.94050e+00	1.10165e-06
6.95227e+00	1.08885e-06
6.96405e+00	1.07615e-06
6.97582e+00	1.06355e-06
6.98759e+00	1.05104e-06
6.99937e+00	1.03863e-06
7.01114e+00	1.02631e-06
7.02291e+00	1.01408e-06
7.03469e+00	1.00195e-06
7.04646e+00	9.89906e-07
7.05823e+00	9.77956e-07
7.07001e+00	9.66098e-07
7.08178e+00	9.54325e-07
7.09356e+00	9.42645e-07
7.10533e+00	9.31055e-07
7.11710e+00	9.19554e-07
7.12888e+00	9.08141e-07
7.14065e+00	8.96816e-07
7.15242e+00	8.85577e-07
7.16420e+00	8.74424e-07
7.17597e+00	8.63356e-07
7.18774e+00	8.52373e-07
7.19952e+00	8.41473e-07
7.21129e+00	8.30657e-07
7.22306e+00	8.19922e-07
7.23484e+00	8.09269e-07
7.24661e+00	7.98697e-07
7.25838e+00	7.88204e-07
7.27016e+00	7.77790e-07
7.28193e+00	7.67454e-07
7.29371e+00	7.57194e-07
7.30548e+00	7.47010e-07
7.31725e+00	7.36902e-07
7.32903e+00	7.26868e-07
7.34080e+00	7.16908e-07
7.35257e+00	7.07020e-07
7.36435e+00	6.97204e-07
7.37612e+00	6.87458e-07
7.38789e+00	6.77784e-07
7.39967e+00	6.68181e-07
7.41144e+00	6.58650e-07
7.42321e+00	6.49190e-07
7.43499e+00	6.39803e-07
7.44676e+00	6.30487e-07
7.45853e+00	6.21242e-07
7.47031e+00	6.12070e-07
7.48208e+00	6.02969e-07
7.49386e+00	5.93939e-07
7.50563e+00	5.84981e-07
7.51740e+00	5.76094e-07
7.52918e+00	5.67278e-07
7.54095e+00	5.58533e-07
7.55272e+00	5.49858e-07
7.56450e+00	5.41255e-07
7.57627e+00	5.32722e-07
7.58804e+00	5.24259e-07
7.59982e+00	5.15867e-07
7.61159e+00	5.07546e-07
7.62336e+00	4.99294e-07
7.63514e+00	4.91113e-07
7.64691e+00	4.83002e-07
7.65868e+00	4.74961e-07
7.67046e+00	4.66989e-07
7.68223e+00	4.59087e-07
7.69401e+00	4.51254e-07
7.70578e+00	4.43490e-07
7.71755e+00	4.35795e-07
7.72933e+00	4.28168e-07
7.74110e+00	4.20609e-07
7.75287e+00	4.13118e-07
7.76465e+00	4.05695e-07
7.77642e+00	3.98340e-07
7.78819e+00	3.91053e-07
7.79997e+00	3.83836e-07
7.81174e+00	3.76689e-07
7.82351e+00	3.69612e-07
7.83529e+00	3.62607e-07
7.84706e+00	3.55675e-07
7.85883e+00	3.48815e-07
7.87061e+00	3.42030e-07
7.88238e+00	3.35318e-07
7.89416e+00	3.28682e-07
7.90593e+00	3.22122e-07
7.91770e+00	3.15637e-07
7.92948e+00	3.09229e-07
7.94125e+00	3.02898e-07
7.95302e+00	2.96644e-07
7.96480e+00	2.90468e-07
7.97657e+00	2.84369e-07
7.98834e+00	2.78347e-07
8.00012e+00	2.72404e-07
8.01189e+00	2.66539e-07
8.02366e+00	2.60752e-07
8.03544e+00	2.55044e-07
8.04721e+00	2.49414e-07
8.05898e+00	2.43863e-07
8.07076e+00	2.38391e-07
8.08253e+00	2.32999e-07
8.09431e+00	2.27685e-07
8.10608e+00	2.22450e-07
8.11785e+00	2.17294e-07
8.12963e+00	2.12217e-07
8.14140e+00	2.07218e-07
8.15317e+00	2.02298e-07
8.16495e+00	1.97455e-07
8.17672e+00	1.92690e-07
8.18849e+00	1.88002e-07
8.20027e+00	1.83392e-07
8.21204e+00	1.78857e-07
8.22381e+00	1.74398e-07
8.23559e+00	1.70015e-07
8.24736e+00	1.65707e-07
8.25914e+00	1.61475e-07
8.27091e+00	1.57317e-07
8.28268e+00	1.53234e-07
8.29446e+00	1.49226e-07
8.30623e+00	1.45291e-07
8.31800e+00	1.41430e-07
8.32978e+00	1.37643e-07
8.34155e+00	1.33929e-07
8.35332e+00	1.30287e-07
8.36510e+00	1.26718e-07
8.37687e+00	1.23220e-07
8.38864e+00	1.19794e-07
8.40042e+00	1.16439e-07
8.41219e+00	1.13154e-07
8.42396e+00	1.09939e-07
8.43574e+00	1.06793e-07
8.44751e+00	1.03715e-07
8.45929e+00	1.00705e-07
8.47106e+00	9.77612e-08
8.48283e+00	9.48848e-08
8.49461e+00	9.20754e-08
8.50638e+00	8.93324e-08
8.51815e+00	8.66550e-08
8.52993e+00	8.40424e-08
8.54170e+00	8.14939e-08
8.55347e+00	7.90086e-08
8.56525e+00	7.65856e-08
8.57702e+00	7.42237e-08
8.58879e+00	7.19219e-08
8.60057e+00	6.96792e-08
8.61234e+00	6.74947e-08
8.62411e+00	6.53672e-08
8.63589e+00	6.32959e-08
8.64766e+00	6.12796e-08
8.65944e+00	5.93174e-08
8.67121e+00	5.74082e-08
8.68298e+00	5.55510e-08
8.69476e+00	5.37449e-08
8.70653e+00	5.19888e-08
8.71830e+00	5.02817e-08
8.73008e+00	4.86225e-08
8.74185e+00	4.70104e-08
8.75362e+00	4.54443e-08
8.76540e+00	4.39232e-08
8.77717e+00	4.24463e-08
8.78894e+00	4.10125e-08
8.80072e+00	3.96208e-08
8.81249e+00	3.82705e-08
8.82426e+00	3.69605e-08
8.83604e+00	3.56899e-08
8.84781e+00	3.44579e-08
8.85959e+00	3.32634e-08
8.87136e+00	3.21057e-08
8.88313e+00	3.09839e-08
8.89491e+00	2.98971e-08
8.90668e+00	2.88444e-08
8.91845e+00	2.78250e-08
8.93023e+00	2.68381e-08
8.94200e+00	2.58829e-08
8.95377e+00	2.49586e-08
8.96555e+00	2.40645e-08
8.97732e+00	2.31997e-08
8.98909e+00	2.23636e-08
9.00087e+00	2.15554e-08
9.01264e+00	2.07742e-08
9.02441e+00	2.00194e-08
9.03619e+00	1.92900e-08
9.04796e+00	1.85854e-08
9.05974e+00	1.79048e-08
9.07151e+00	1.72473e-08
9.08328e+00	1.66124e-08
9.09506e+00	1.59992e-08
9.10683e+00	1.54071e-08
9.11860e+00	1.48355e-08
9.13038e+00	1.42836e-08
9.14215e+00	1.37509e-08
9.15392e+00	1.32367e-08
9.16570e+00	1.27405e-08
9.17747e+00	1.22616e-08
9.18924e+00	1.17996e-08
9.20102e+00	1.13539e-08
9.21279e+00	1.09238e-08
9.22456e+00	1.05091e-08
9.23634e+00	1.01090e-08
9.24811e+00	9.72320e-09
9.25989e+00	9.35117e-09
9.27166e+00	8.99248e-09
9.28343e+00	8.64667e-09
9.29521e+00	8.31332e-09
9.30698e+00	7.99202e-09
9.31875e+00	7.68235e-09
9.33053e+00	7.38394e-09
9.34230e+00	7.09641e-09
9.35407e+00	6.81938e-09
9.36585e+00	6.55250e-09
9.37762e+00	6.29542e-09
9.38939e+00	6.04781e-09
9.40117e+00	5.80934e-09
9.41294e+00	5.57971e-09
9.42472e+00	5.35860e-09
9.43649e+00	5.14572e-09
9.44826e+00	4.94078e-09
9.46004e+00	4.74351e-09
9.47181e+00	4.55365e-09
9.48358e+00	4.37092e-09
9.49536e+00	4.19508e-09
9.50713e+00	4.02589e-09
9.51890e+00	3.86311e-09
9.53068e+00	3.70651e-09
9.54245e+00	3.55587e-09
9.55422e+00	3.41099e-09
9.56600e+00	3.27164e-09
9.57777e+00	3.13764e-09
9.58954e+00	3.00879e-09
9.60132e+00	2.88491e-09
9.61309e+00	2.76582e-09
9.62487e+00	2.65135e-09
9.63664e+00	2.54134e-09
9.64841e+00	2.43561e-09
9.66019e+00	2.33401e-09
9.67196e+00	2.23641e-09
9.68373e+00	2.14265e-09
9.69551e+00	2.05259e-09
9.70728e+00	1.96610e-09
9.71905e+00	1.88305e-09
9.73083e+00	1.80331e-09
9.74260e+00	1.72676e-09
9.75437e+00	1.65328e-09
9.76615e+00	1.58276e-09
9.77792e+00	1.51508e-09
9.78969e+00	1.45015e-09
9.80147e+00	1.38785e-09
9.81324e+00	1.32809e-09
9.82502e+00	1.27077e-09
9.83679e+00	1.21580e-09
9.84856e+00	1.16310e-09
9.86034e+00	1.11257e-09
9.87211e+00	1.06413e-09
9.88388e+00	1.01770e-09
9.89566e+00	9.73203e-10
9.90743e+00	9.30567e-10
9.91920e+00	8.89718e-10
9.93098e+00	8.50587e-10
9.94275e+00	8.13106e-10
9.95452e+00	7.77213e-10
9.96630e+00	7.42844e-10
9.97807e+00	7.09939e-10
9.98984e+00	6.78441e-10
1.00016e+01	6.48293e-10
1.00134e+01	6.19448e-10
1.00252e+01	5.91823e-10
1.00369e+01	5.65404e-10
1.00487e+01	5.40144e-10
1.00605e+01	5.15990e-10
1.00723e+01	4.92894e-10
1.00840e+01	4.70811e-10
1.00958e+01	4.49698e-10
1.01076e+01	4.29514e-10
1.01194e+01	4.10217e-10
1.01311e+01	3.91770e-10
1.01429e+01	3.74136e-10
1.01547e+01	3.57279e-10
1.01664e+01	3.41166e-10
1.01782e+01	3.25766e-10
1.01900e+01	3.11046e-10
1.02018e+01	2.96977e-10
1.02135e+01	2.83532e-10
1.02253e+01	2.70683e-10
1.02371e+01	2.58404e-10
1.02489e+01	2.46670e-10
1.02606e+01	2.35459e-10
1.02724e+01	2.24746e-10
1.02842e+01	2.14511e-10
1.02960e+01	2.04732e-10
1.03077e+01	1.95390e-10
1.03195e+01	1.86465e-10
1.03313e+01	1.77939e-10
1.03431e+01	1.69795e-10
1.03548e+01	1.62016e-10
1.03666e+01	1.54586e-10
1.03784e+01	1.47489e-10
1.03901e+01	1.40711e-10
1.04019e+01	1.34238e-10
1.04137e+01	1.28056e-10
1.04255e+01	1.22153e-10
1.04372e+01	1.16516e-10
1.04490e+01	1.11134e-10
1.04608e+01	1.05995e-10
1.04726e+01	1.01088e-10
1.04843e+01	9.64027e-11
1.04961e+01	9.19300e-11
1.05079e+01	8.76601e-11
1.05197e+01	8.35838e-11
1.05314e+01	7.96927e-11
1.05432e+01	7.59784e-11
1.05550e+01	7.24330e-11
1.05667e+01	6.90490e-11
1.05785e+01	6.58192e-11
1.05903e+01	6.27366e-11
1.06021e+01	5.97958e-11
1.06138e+01	5.69865e-11
1.06256e+01	5.43087e-11
1.06374e+01	5.17547e-11
1.06492e+01	4.93191e-11
1.06609e+01	4.69965e-11
1.06727e+01	4.47817e-11
1.06845e+01	4.26698e-11
1.06963e+01	4.06561e-11
1.07080e+01	3.87360e-11
1.07198e+01	3.69054e-11
1.07316e+01	3.51600e-11
1.07434e+01	3.34959e-11
1.07551e+01	3.19095e-11
1.07669e+01	3.03971e-11
1.07787e+01	2.89553e-11
1.07904e+01	2.75809e-11
1.08022e+01	2.62707e-11
1.08140e+01	2.50218e-11
1.08258e+01	2.38314e-11
1.08375e+01	2.26968e-11
1.08493e+01	2.16153e-11
1.08611e+01	2.05845e-11
1.08729e+01	1.96021e-11
1.08846e+01	1.86658e-11
1.08964e+01	1.77734e-11
1.09082e+01	1.69230e-11
1.09200e+01	1.61126e-11
1.09317e+01	1.53403e-11
1.09435e+01	1.46043e-11
1.09553e+01	1.39030e-11
1.09670e+01	1.32347e-11
1.09788e+01	1.25979e-11
1.09906e+01	1.19911e-11
1.10024e+01	1.14129e-11
1.10141e+01	1.08619e-11
1.10259e+01	1.03370e-11
1.10377e+01	9.83675e-12
1.10495e+01	9.36014e-12
1.10612e+01	8.90601e-12
1.10730e+01	8.47330e-12
1.10848e+01	8.06099e-12
1.10966e+01	7.66813e-12
1.11083e+01	7.29378e-12
1.11201e+01	6.93707e-12
1.11319e+01	6.59717e-12
1.11437e+01	6.27326e-12
1.11554e+01	5.96459e-12
1.11672e+01	5.67043e-12
1.11790e+01	5.39009e-12
1.11907e+01	5.12290e-12
1.12025e+01	4.86823e-12
1.12143e+01	4.62549e-12
1.12261e+01	4.39413e-12
1.12378e+01	4.17359e-12
1.12496e+01	3.96337e-12
1.12614e+01	3.76297e-12
1.12732e+01	3.57193e-12
1.12849e+01	3.38979e-12
1.12967e+01	3.21613e-12
1.13085e+01	3.05053e-12
1.13203e+01	2.89261e-12
1.13320e+01	2.74199e-12
1.13438e+01	2.59832e-12
1.13556e+01	2.46126e-12
1.13673e+01	2.33047e-12
1.13791e+01	2.20565e-12
1.13909e+01	2.08651e-12
1.14027e+01	1.97276e-12
1.14144e+01	1.86412e-12
1.14262e+01	1.76034e-12
1.14380e+01	1.66117e-12
1.14498e+01	1.56638e-12
1.14615e+01	1.47574e-12
1.14733e+01	1.38903e-12
1.14851e+01	1.30605e-12
1.14969e+01	1.22659e-12
1.15086e+01	1.15048e-12
1.15204e+01	1.07751e-12
1.15322e+01	1.00752e-12
1.15440e+01	9.40332e-13
1.15557e+01	8.75773e-13
1.15675e+01	8.13714e-13
1.15793e+01	7.54047e-13
1.15910e+01	6.96652e-13
1.16028e+01	6.41412e-13
1.16146e+01	5.88209e-13
1.16264e+01	5.36927e-13
1.16381e+01	4.87449e-13
1.16499e+01	4.39734e-13
1.16617e+01	3.93694e-13
1.16735e+01	3.49243e-13
1.16852e+01	3.06240e-13
1.16970e+01	2.64549e-13
1.17088e+01	2.24044e-13
1.17206e+01	1.84602e-13
1.17323e+01	1.46113e-13
1.17441e+01	1.08492e-13
1.17559e+01	7.17274e-14
1.17676e+01	3.59277e-14
