# The ell = 1 distribution, the first anisotropy.
# E_N [Td]	1.50000e+00
# col_1: Electron Energy [eV], col_2: f1 [eV^(-3/2)]
eV	f1
5.26052e-03	8.65805e-05
1.05210e-02	1.32070e-04
1.57815e-02	1.63950e-04
2.10421e-02	2.08675e-04
2.63026e-02	2.51508e-04
3.15631e-02	2.79767e-04
3.68236e-02	3.23381e-04
4.20841e-02	3.59827e-04
4.73446e-02	3.87467e-04
5.26052e-02	4.09678e-04
5.78657e-02	4.39218e-04
6.31262e-02	4.64382e-04
6.83867e-02	4.79522e-04
7.36472e-02	5.05207e-04
7.89077e-02	5.26072e-04
8.41683e-02	5.43884e-04
8.94288e-02	5.58700e-04
9.46893e-02	5.79434e-04
9.99498e-02	5.97150e-04
1.05210e-01	6.09689e-04
1.10471e-01	6.27184e-04
1.15731e-01	6.43580e-04
1.20992e-01	6.59818e-04
1.26252e-01	6.69948e-04
1.31513e-01	6.88276e-04
1.36773e-01	7.02738e-04
1.42034e-01	7.16678e-04
1.47294e-01	7.29391e-04
1.52555e-01	7.45076e-04
1.57815e-01	7.59545e-04
1.63076e-01	7.72038e-04
1.68337e-01	7.85700e-04
1.73597e-01	8.00913e-04
1.78858e-01	8.15298e-04
1.84118e-01	8.27953e-04
1.89379e-01	8.42388e-04
1.94639e-01	8.56935e-04
1.99900e-01	8.71530e-04
2.05160e-01	8.83771e-04
2.10421e-01	8.98607e-04
2.15681e-01	9.13151e-04
2.20942e-01	9.27644e-04
2.26202e-01	9.40701e-04
2.31463e-01	9.55391e-04
2.36723e-01	9.69881e-04
2.41984e-01	9.84448e-04
2.47244e-01	9.97584e-04
2.52505e-01	1.01210e-03
2.57765e-01	1.02680e-03
2.63026e-01	1.04118e-03
2.68286e-01	1.05517e-03
2.73547e-01	1.06938e-03
2.78807e-01	1.08403e-03
2.84068e-01	1.09849e-03
2.89328e-01	1.11280e-03
2.94589e-01	1.12527e-03
2.99849e-01	1.13809e-03
3.05110e-01	1.14910e-03
3.10370e-01	1.15927e-03
3.15631e-01	1.16793e-03
3.20891e-01	1.17625e-03
3.26152e-01	1.18332e-03
3.31412e-01	1.19040e-03
3.36673e-01	1.19674e-03
3.41934e-01	1.20354e-03
3.47194e-01	1.21036e-03
3.52455e-01	1.21687e-03
3.57715e-01	1.22329e-03
3.62976e-01	1.22922e-03
3.68236e-01	1.23590e-03
3.73497e-01	1.24229e-03
3.78757e-01	1.24889e-03
3.84018e-01	1.25515e-03
3.89278e-01	1.26186e-03
3.94539e-01	1.26864e-03
3.99799e-01	1.27537e-03
4.05060e-01	1.28218e-03
4.10320e-01	1.28909e-03
4.15581e-01	1.29605e-03
4.20841e-01	1.30327e-03
4.26102e-01	1.31076e-03
4.31362e-01	1.31840e-03
4.36623e-01	1.32624e-03
4.41883e-01	1.33445e-03
4.47144e-01	1.34273e-03
4.52404e-01	1.35121e-03
4.57665e-01	1.35974e-03
4.62925e-01	1.36851e-03
4.68186e-01	1.37753e-03
4.73446e-01	1.38682e-03
4.78707e-01	1.39639e-03
4.83967e-01	1.40617e-03
4.89228e-01	1.41623e-03
4.94488e-01	1.42648e-03
4.99749e-01	1.43692e-03
5.05010e-01	1.44752e-03
5.10270e-01	1.45829e-03
5.15531e-01	1.46921e-03
5.20791e-01	1.48093e-03
5.26052e-01	1.49341e-03
5.31312e-01	1.50656e-03
5.36573e-01	1.52037e-03
5.41833e-01	1.53462e-03
5.47094e-01	1.54936e-03
5.52354e-01	1.56451e-03
5.57615e-01	1.57982e-03
5.62875e-01	1.59621e-03
5.68136e-01	1.61197e-03
5.73396e-01	1.62901e-03
5.78657e-01	1.64714e-03
5.83917e-01	1.66608e-03
5.89178e-01	1.68580e-03
5.94438e-01	1.70605e-03
5.99699e-01	1.72675e-03
6.04959e-01	1.74790e-03
6.10220e-01	1.76921e-03
6.15480e-01	1.79108e-03
6.20741e-01	1.81381e-03
6.26001e-01	1.83537e-03
6.31262e-01	1.85911e-03
6.36522e-01	1.88376e-03
6.41783e-01	1.90928e-03
6.47043e-01	1.93574e-03
6.52304e-01	1.96266e-03
6.57564e-01	1.99025e-03
6.62825e-01	2.01834e-03
6.68086e-01	2.04684e-03
6.73346e-01	2.07577e-03
6.78607e-01	2.10500e-03
6.83867e-01	2.13917e-03
6.89128e-01	2.17881e-03
6.94388e-01	2.22328e-03
6.99649e-01	2.27198e-03
7.04909e-01	2.32448e-03
7.10170e-01	2.38002e-03
7.15430e-01	2.43830e-03
7.20691e-01	2.49884e-03
7.25951e-01	2.56094e-03
7.31212e-01	2.62480e-03
7.36472e-01	2.69166e-03
7.41733e-01	2.76011e-03
7.46993e-01	2.83873e-03
7.52254e-01	2.92389e-03
7.57514e-01	3.01483e-03
7.62775e-01	3.11050e-03
7.68035e-01	3.21003e-03
7.73296e-01	3.31260e-03
7.78556e-01	3.41746e-03
7.83817e-01	3.52395e-03
7.89077e-01	3.63150e-03
7.94338e-01	3.73950e-03
7.99598e-01	3.84768e-03
8.04859e-01	3.95898e-03
8.10119e-01	4.07308e-03
8.15380e-01	4.18948e-03
8.20640e-01	4.30774e-03
8.25901e-01	4.42730e-03
8.31161e-01	4.54802e-03
8.36422e-01	4.66943e-03
8.41683e-01	4.79122e-03
8.46943e-01	4.91313e-03
8.52204e-01	5.03499e-03
8.57464e-01	5.15635e-03
8.62725e-01	5.27741e-03
8.67985e-01	5.40530e-03
8.73246e-01	5.53970e-03
8.78506e-01	5.67993e-03
8.83767e-01	5.82531e-03
8.89027e-01	5.97499e-03
8.94288e-01	6.12855e-03
8.99548e-01	6.28556e-03
9.04809e-01	6.44513e-03
9.10069e-01	6.60690e-03
9.15330e-01	6.77039e-03
9.20590e-01	6.93511e-03
9.25851e-01	7.10024e-03
9.31111e-01	7.27172e-03
9.36372e-01	7.45426e-03
9.41632e-01	7.64689e-03
9.46893e-01	7.84829e-03
9.52153e-01	8.05738e-03
9.57414e-01	8.27240e-03
9.62674e-01	8.49335e-03
9.67935e-01	8.71843e-03
9.73195e-01	8.94672e-03
9.78456e-01	9.17728e-03
9.83716e-01	9.40846e-03
9.88977e-01	9.64155e-03
9.94237e-01	9.87703e-03
9.99498e-01	1.01148e-02
1.00476e+00	1.03747e-02
1.01002e+00	1.06492e-02
1.01528e+00	1.09365e-02
1.02054e+00	1.12339e-02
1.02580e+00	1.15406e-02
1.03106e+00	1.18522e-02
1.03632e+00	1.21684e-02
1.04158e+00	1.24875e-02
1.04684e+00	1.28078e-02
1.05210e+00	1.31281e-02
1.05736e+00	1.34466e-02
1.06262e+00	1.37648e-02
1.06788e+00	1.40798e-02
1.07315e+00	1.44079e-02
1.07841e+00	1.47463e-02
1.08367e+00	1.50933e-02
1.08893e+00	1.54469e-02
1.09419e+00	1.58052e-02
1.09945e+00	1.61667e-02
1.10471e+00	1.65299e-02
1.10997e+00	1.68939e-02
1.11523e+00	1.72574e-02
1.12049e+00	1.76195e-02
1.12575e+00	1.79795e-02
1.13101e+00	1.83365e-02
1.13627e+00	1.86901e-02
1.14153e+00	1.90400e-02
1.14679e+00	1.93994e-02
1.15205e+00	1.97669e-02
1.15731e+00	2.01414e-02
1.16257e+00	2.05220e-02
1.16783e+00	2.09075e-02
1.17310e+00	2.12975e-02
1.17836e+00	2.16902e-02
1.18362e+00	2.20854e-02
1.18888e+00	2.24822e-02
1.19414e+00	2.28797e-02
1.19940e+00	2.32770e-02
1.20466e+00	2.36748e-02
1.20992e+00	2.40651e-02
1.21518e+00	2.44608e-02
1.22044e+00	2.48688e-02
1.22570e+00	2.52957e-02
1.23096e+00	2.57389e-02
1.23622e+00	2.61960e-02
1.24148e+00	2.66647e-02
1.24674e+00	2.71426e-02
1.25200e+00	2.76274e-02
1.25726e+00	2.81171e-02
1.26252e+00	2.86095e-02
1.26778e+00	2.91026e-02
1.27304e+00	2.95946e-02
1.27831e+00	3.00835e-02
1.28357e+00	3.05679e-02
1.28883e+00	3.10458e-02
1.29409e+00	3.15160e-02
1.29935e+00	3.20237e-02
1.30461e+00	3.25645e-02
1.30987e+00	3.31323e-02
1.31513e+00	3.37215e-02
1.32039e+00	3.43268e-02
1.32565e+00	3.49434e-02
1.33091e+00	3.55670e-02
1.33617e+00	3.61934e-02
1.34143e+00	3.68192e-02
1.34669e+00	3.74411e-02
1.35195e+00	3.80562e-02
1.35721e+00	3.86621e-02
1.36247e+00	3.92560e-02
1.36773e+00	3.98361e-02
1.37299e+00	4.04007e-02
1.37826e+00	4.09539e-02
1.38352e+00	4.14923e-02
1.38878e+00	4.20164e-02
1.39404e+00	4.25264e-02
1.39930e+00	4.30227e-02
1.40456e+00	4.35055e-02
1.40982e+00	4.39752e-02
1.41508e+00	4.44319e-02
1.42034e+00	4.48759e-02
1.42560e+00	4.53073e-02
1.43086e+00	4.57260e-02
1.43612e+00	4.61317e-02
1.44138e+00	4.65244e-02
1.44664e+00	4.69042e-02
1.45190e+00	4.72713e-02
1.45716e+00	4.76276e-02
1.46242e+00	4.80059e-02
1.46768e+00	4.84033e-02
1.47294e+00	4.88179e-02
1.47820e+00	4.92477e-02
1.48347e+00	4.96906e-02
1.48873e+00	5.01450e-02
1.49399e+00	5.06067e-02
1.49925e+00	5.10774e-02
1.50451e+00	5.15523e-02
1.50977e+00	5.20281e-02
1.51503e+00	5.25029e-02
1.52029e+00	5.29749e-02
1.52555e+00	5.34421e-02
1.53081e+00	5.39050e-02
1.53607e+00	5.43514e-02
1.54133e+00	5.47943e-02
1.54659e+00	5.52724e-02
1.55185e+00	5.57935e-02
1.55711e+00	5.63544e-02
1.56237e+00	5.69475e-02
1.56763e+00	5.75657e-02
1.57289e+00	5.82023e-02
1.57815e+00	5.88496e-02
1.58342e+00	5.95011e-02
1.58868e+00	6.01480e-02
1.59394e+00	6.07854e-02
1.59920e+00	6.14087e-02
1.60446e+00	6.20140e-02
1.60972e+00	6.25977e-02
1.61498e+00	6.31570e-02
1.62024e+00	6.36905e-02
1.62550e+00	6.41908e-02
1.63076e+00	6.46639e-02
1.63602e+00	6.50918e-02
1.64128e+00	6.54657e-02
1.64654e+00	6.57865e-02
1.65180e+00	6.60557e-02
1.65706e+00	6.62756e-02
1.66232e+00	6.64474e-02
1.66758e+00	6.65608e-02
1.67284e+00	6.66183e-02
1.67810e+00	6.66206e-02
1.68337e+00	6.65725e-02
1.68863e+00	6.64765e-02
1.69389e+00	6.63355e-02
1.69915e+00	6.61521e-02
1.70441e+00	6.59293e-02
1.70967e+00	6.56697e-02
1.71493e+00	6.53767e-02
1.72019e+00	6.50392e-02
1.72545e+00	6.46666e-02
1.73071e+00	6.42417e-02
1.73597e+00	6.37726e-02
1.74123e+00	6.32637e-02
1.74649e+00	6.27176e-02
1.75175e+00	6.21073e-02
1.75701e+00	6.14388e-02
1.76227e+00	6.07176e-02
1.76753e+00	5.99493e-02
1.77279e+00	5.91388e-02
1.77805e+00	5.82912e-02
1.78331e+00	5.74111e-02
1.78858e+00	5.65008e-02
1.79384e+00	5.55502e-02
1.79910e+00	5.45607e-02
1.80436e+00	5.35379e-02
1.80962e+00	5.24869e-02
1.81488e+00	5.14131e-02
1.82014e+00	5.03192e-02
1.82540e+00	4.92144e-02
1.83066e+00	4.81028e-02
1.83592e+00	4.69519e-02
1.84118e+00	4.57504e-02
1.84644e+00	4.45068e-02
1.85170e+00	4.32294e-02
1.85696e+00	4.19205e-02
1.86222e+00	4.05845e-02
1.86748e+00	3.92296e-02
1.87274e+00	3.78333e-02
1.87800e+00	3.64033e-02
1.88326e+00	3.49487e-02
1.88853e+00	3.34789e-02
1.89379e+00	3.20023e-02
1.89905e+00	3.05270e-02
1.90431e+00	2.90599e-02
1.90957e+00	2.76058e-02
1.91483e+00	2.61781e-02
1.92009e+00	2.47665e-02
1.92535e+00	2.33991e-02
1.93061e+00	2.20743e-02
1.93587e+00	2.07940e-02
1.94113e+00	1.95586e-02
1.94639e+00	1.83689e-02
1.95165e+00	1.72320e-02
1.95691e+00	1.61502e-02
1.96217e+00	1.51219e-02
1.96743e+00	1.41453e-02
1.97269e+00	1.32188e-02
1.97795e+00	1.23405e-02
1.98321e+00	1.15083e-02
1.98847e+00	1.07204e-02
1.99374e+00	9.97502e-03
1.99900e+00	9.27038e-03
2.00426e+00	8.60383e-03
2.00952e+00	7.97376e-03
2.01478e+00	7.37892e-03
2.02004e+00	6.82797e-03
2.02530e+00	6.31739e-03
2.03056e+00	5.84338e-03
2.03582e+00	5.40671e-03
2.04108e+00	5.00487e-03
2.04634e+00	4.63501e-03
2.05160e+00	4.29452e-03
2.05686e+00	3.98106e-03
2.06212e+00	3.69244e-03
2.06738e+00	3.42633e-03
2.07264e+00	3.18080e-03
2.07790e+00	2.95455e-03
2.08316e+00	2.74611e-03
2.08842e+00	2.55410e-03
2.09369e+00	2.37715e-03
2.09895e+00	2.21404e-03
2.10421e+00	2.06376e-03
2.10947e+00	1.92536e-03
2.11473e+00	1.79442e-03
2.11999e+00	1.67048e-03
2.12525e+00	1.55352e-03
2.13051e+00	1.44341e-03
2.13577e+00	1.33959e-03
2.14103e+00	1.24184e-03
2.14629e+00	1.14989e-03
2.15155e+00	1.06377e-03
2.15681e+00	9.83562e-04
2.16207e+00	9.08910e-04
2.16733e+00	8.39458e-04
2.17259e+00	7.74875e-04
2.17785e+00	7.14846e-04
2.18311e+00	6.59076e-04
2.18837e+00	6.07285e-04
2.19364e+00	5.59209e-04
2.19890e+00	5.14587e-04
2.20416e+00	4.73284e-04
2.20942e+00	4.35088e-04
2.21468e+00	3.99870e-04
2.21994e+00	3.67403e-04
2.22520e+00	3.37459e-04
2.23046e+00	3.09939e-04
2.23572e+00	2.84670e-04
2.24098e+00	2.61432e-04
2.24624e+00	2.40167e-04
2.25150e+00	2.20653e-04
2.25676e+00	2.02750e-04
2.26202e+00	1.86321e-04
2.26728e+00	1.71244e-04
2.27254e+00	1.57403e-04
2.27780e+00	1.44709e-04
2.28306e+00	1.33077e-04
2.28832e+00	1.22417e-04
2.29358e+00	1.12645e-04
2.29885e+00	1.03687e-04
2.30411e+00	9.54225e-05
2.30937e+00	8.77840e-05
2.31463e+00	8.07656e-05
2.31989e+00	7.43062e-05
2.32515e+00	6.83603e-05
2.33041e+00	6.28859e-05
2.33567e+00	5.78445e-05
2.34093e+00	5.32094e-05
2.34619e+00	4.89111e-05
2.35145e+00	4.49905e-05
2.35671e+00	4.13668e-05
2.36197e+00	3.80291e-05
2.36723e+00	3.49563e-05
2.37249e+00	3.21270e-05
2.37775e+00	2.95222e-05
2.38301e+00	2.71238e-05
2.38827e+00	2.49154e-05
2.39353e+00	2.28818e-05
2.39880e+00	2.10306e-05
2.40406e+00	1.93448e-05
2.40932e+00	1.78124e-05
2.41458e+00	1.64229e-05
2.41984e+00	1.51521e-05
2.42510e+00	1.39770e-05
2.43036e+00	1.28892e-05
2.43562e+00	1.18810e-05
2.44088e+00	1.09469e-05
2.44614e+00	1.00821e-05
2.45140e+00	9.28173e-06
2.45666e+00	8.54047e-06
2.46192e+00	7.85781e-06
2.46718e+00	7.22567e-06
2.47244e+00	6.63909e-06
2.47770e+00	6.09972e-06
2.48296e+00	5.60207e-06
2.48822e+00	5.14343e-06
2.49348e+00	4.72346e-06
2.49874e+00	4.33905e-06
2.50401e+00	3.98711e-06
2.50927e+00	3.66443e-06
2.51453e+00	3.36722e-06
2.51979e+00	3.09339e-06
2.52505e+00	2.84099e-06
2.53031e+00	2.60948e-06
2.53557e+00	2.39791e-06
2.54083e+00	2.20449e-06
2.54609e+00	2.02761e-06
2.55135e+00	1.86565e-06
2.55661e+00	1.71707e-06
2.56187e+00	1.58071e-06
2.56713e+00	1.45550e-06
2.57239e+00	1.34049e-06
2.57765e+00	1.23485e-06
2.58291e+00	1.13774e-06
2.58817e+00	1.04875e-06
2.59343e+00	9.68242e-07
2.59869e+00	8.94028e-07
2.60396e+00	8.25527e-07
2.60922e+00	7.62238e-07
2.61448e+00	7.03827e-07
2.61974e+00	6.49929e-07
2.62500e+00	6.00176e-07
2.63026e+00	5.54112e-07
2.63552e+00	5.11470e-07
2.64078e+00	4.71991e-07
2.64604e+00	4.35615e-07
2.65130e+00	4.02106e-07
2.65656e+00	3.71233e-07
2.66182e+00	3.42784e-07
2.66708e+00	3.16563e-07
2.67234e+00	2.92393e-07
2.67760e+00	2.70080e-07
2.68286e+00	2.49444e-07
2.68812e+00	2.30363e-07
2.69338e+00	2.12740e-07
2.69864e+00	1.96461e-07
2.70391e+00	1.81433e-07
2.70917e+00	1.67722e-07
2.71443e+00	1.55217e-07
2.71969e+00	1.43674e-07
2.72495e+00	1.33187e-07
2.73021e+00	1.23589e-07
2.73547e+00	1.14814e-07
2.74073e+00	1.06790e-07
2.74599e+00	9.94525e-08
2.75125e+00	9.27327e-08
2.75651e+00	8.65727e-08
2.76177e+00	8.08785e-08
2.76703e+00	7.55784e-08
2.77229e+00	7.06323e-08
2.77755e+00	6.60143e-08
2.78281e+00	6.16978e-08
2.78807e+00	5.76837e-08
2.79333e+00	5.39504e-08
2.79859e+00	5.04778e-08
2.80385e+00	4.72475e-08
2.80912e+00	4.42426e-08
2.81438e+00	4.14395e-08
2.81964e+00	3.88088e-08
2.82490e+00	3.63350e-08
2.83016e+00	3.40077e-08
2.83542e+00	3.18200e-08
2.84068e+00	2.97571e-08
2.84594e+00	2.78206e-08
2.85120e+00	2.60034e-08
2.85646e+00	2.42906e-08
2.86172e+00	2.26759e-08
2.86698e+00	2.11480e-08
2.87224e+00	1.97024e-08
2.87750e+00	1.83344e-08
2.88276e+00	1.70550e-08
2.88802e+00	1.58702e-08
2.89328e+00	1.47726e-08
2.89854e+00	1.37567e-08
2.90380e+00	1.28161e-08
2.90907e+00	1.19451e-08
2.91433e+00	1.11381e-08
2.91959e+00	1.03904e-08
2.92485e+00	9.69724e-09
2.93011e+00	9.05507e-09
2.93537e+00	8.46017e-09
2.94063e+00	7.90904e-09
2.94589e+00	7.39835e-09
2.95115e+00	6.92452e-09
2.95641e+00	6.48461e-09
2.96167e+00	6.07751e-09
2.96693e+00	5.70074e-09
2.97219e+00	5.35206e-09
2.97745e+00	5.03014e-09
2.98271e+00	4.73321e-09
2.98797e+00	4.45752e-09
2.99323e+00	4.20058e-09
2.99849e+00	3.96111e-09
3.00375e+00	3.73794e-09
3.00902e+00	3.52904e-09
3.01428e+00	3.33219e-09
3.01954e+00	3.14641e-09
3.02480e+00	2.97103e-09
3.03006e+00	2.80544e-09
3.03532e+00	2.64908e-09
3.04058e+00	2.50142e-09
3.04584e+00	2.36184e-09
3.05110e+00	2.22996e-09
3.05636e+00	2.10544e-09
3.06162e+00	1.98793e-09
3.06688e+00	1.87702e-09
3.07214e+00	1.77232e-09
3.07740e+00	1.67346e-09
3.08266e+00	1.58006e-09
3.08792e+00	1.49179e-09
3.09318e+00	1.40847e-09
3.09844e+00	1.33014e-09
3.10370e+00	1.25661e-09
3.10896e+00	1.18755e-09
3.11423e+00	1.12271e-09
3.11949e+00	1.06190e-09
3.12475e+00	1.00462e-09
3.13001e+00	9.50913e-10
3.13527e+00	9.00504e-10
3.14053e+00	8.53252e-10
3.14579e+00	8.08878e-10
3.15105e+00	7.67202e-10
3.15631e+00	7.28018e-10
3.16157e+00	6.90971e-10
3.16683e+00	6.55940e-10
3.17209e+00	6.22749e-10
3.17735e+00	5.91299e-10
3.18261e+00	5.61494e-10
3.18787e+00	5.33244e-10
3.19313e+00	5.06464e-10
3.19839e+00	4.81080e-10
3.20365e+00	4.57014e-10
3.20891e+00	4.34187e-10
3.21418e+00	4.12513e-10
3.21944e+00	3.91970e-10
3.22470e+00	3.72494e-10
3.22996e+00	3.54018e-10
3.23522e+00	3.36472e-10
3.24048e+00	3.19806e-10
3.24574e+00	3.03969e-10
3.25100e+00	2.88916e-10
3.25626e+00	2.74608e-10
3.26152e+00	2.60989e-10
3.26678e+00	2.48085e-10
3.27204e+00	2.35853e-10
3.27730e+00	2.24262e-10
3.28256e+00	2.13284e-10
3.28782e+00	2.02889e-10
3.29308e+00	1.93045e-10
3.29834e+00	1.83731e-10
3.30360e+00	1.74916e-10
3.30886e+00	1.66573e-10
3.31412e+00	1.58681e-10
3.31939e+00	1.51231e-10
3.32465e+00	1.44194e-10
3.32991e+00	1.37536e-10
3.33517e+00	1.31224e-10
3.34043e+00	1.25240e-10
3.34569e+00	1.19566e-10
3.35095e+00	1.14185e-10
3.35621e+00	1.09082e-10
3.36147e+00	1.04244e-10
3.36673e+00	9.96565e-11
3.37199e+00	9.53057e-11
3.37725e+00	9.11725e-11
3.38251e+00	8.72447e-11
3.38777e+00	8.35117e-11
3.39303e+00	7.99638e-11
3.39829e+00	7.65917e-11
3.40355e+00	7.33874e-11
3.40881e+00	7.03413e-11
3.41407e+00	6.74342e-11
3.41934e+00	6.46668e-11
3.42460e+00	6.20148e-11
3.42986e+00	5.94771e-11
3.43512e+00	5.70512e-11
3.44038e+00	5.47339e-11
3.44564e+00	5.25201e-11
3.45090e+00	5.04049e-11
3.45616e+00	4.83838e-11
3.46142e+00	4.64524e-11
3.46668e+00	4.46066e-11
3.47194e+00	4.28428e-11
3.47720e+00	4.11576e-11
3.48246e+00	3.95475e-11
3.48772e+00	3.80091e-11
3.49298e+00	3.65403e-11
3.49824e+00	3.51392e-11
3.50350e+00	3.38012e-11
3.50876e+00	3.25211e-11
3.51402e+00	3.12961e-11
3.51929e+00	3.01237e-11
3.52455e+00	2.90017e-11
3.52981e+00	2.79278e-11
3.53507e+00	2.68999e-11
3.54033e+00	2.59152e-11
3.54559e+00	2.49710e-11
3.55085e+00	2.40658e-11
3.55611e+00	2.31977e-11
3.56137e+00	2.23636e-11
3.56663e+00	2.15594e-11
3.57189e+00	2.07872e-11
3.57715e+00	2.00438e-11
3.58241e+00	1.93276e-11
3.58767e+00	1.86377e-11
3.59293e+00	1.79733e-11
3.59819e+00	1.73334e-11
3.60345e+00	1.67179e-11
3.60871e+00	1.61260e-11
3.61397e+00	1.55566e-11
3.61923e+00	1.50084e-11
3.62450e+00	1.44808e-11
3.62976e+00	1.39727e-11
3.63502e+00	1.34835e-11
3.64028e+00	1.30125e-11
3.64554e+00	1.25588e-11
3.65080e+00	1.21219e-11
3.65606e+00	1.17010e-11
3.66132e+00	1.12956e-11
3.66658e+00	1.09053e-11
3.67184e+00	1.05296e-11
3.67710e+00	1.01678e-11
3.68236e+00	9.81946e-12
3.68762e+00	9.48400e-12
3.69288e+00	9.16091e-12
3.69814e+00	8.84970e-12
3.70340e+00	8.54980e-12
3.70866e+00	8.26079e-12
3.71392e+00	7.98272e-12
3.71918e+00	7.71519e-12
3.72445e+00	7.45781e-12
3.72971e+00	7.20984e-12
3.73497e+00	6.97174e-12
3.74023e+00	6.74246e-12
3.74549e+00	6.52194e-12
3.75075e+00	6.30980e-12
3.75601e+00	6.10571e-12
3.76127e+00	5.90927e-12
3.76653e+00	5.72021e-12
3.77179e+00	5.53839e-12
3.77705e+00	5.36360e-12
3.78231e+00	5.19555e-12
3.78757e+00	5.03401e-12
3.79283e+00	4.87873e-12
3.79809e+00	4.72946e-12
3.80335e+00	4.58590e-12
3.80861e+00	4.44785e-12
3.81387e+00	4.31511e-12
3.81913e+00	4.18747e-12
3.82439e+00	4.06476e-12
3.82966e+00	3.94678e-12
3.83492e+00	3.83338e-12
3.84018e+00	3.72437e-12
3.84544e+00	3.61953e-12
3.85070e+00	3.51866e-12
3.85596e+00	3.42161e-12
3.86122e+00	3.32823e-12
3.86648e+00	3.23791e-12
3.87174e+00	3.15037e-12
3.87700e+00	3.06550e-12
3.88226e+00	2.98321e-12
3.88752e+00	2.90347e-12
3.89278e+00	2.82602e-12
3.89804e+00	2.75103e-12
3.90330e+00	2.67840e-12
3.90856e+00	2.60789e-12
3.91382e+00	2.53954e-12
3.91908e+00	2.47324e-12
3.92434e+00	2.40894e-12
3.92961e+00	2.34656e-12
3.93487e+00	2.28603e-12
3.94013e+00	2.22732e-12
3.94539e+00	2.17037e-12
3.95065e+00	2.11514e-12
3.95591e+00	2.06160e-12
3.96117e+00	2.00967e-12
3.96643e+00	1.95932e-12
3.97169e+00	1.91054e-12
3.97695e+00	1.86313e-12
3.98221e+00	1.81702e-12
3.98747e+00	1.77268e-12
3.99273e+00	1.72939e-12
3.99799e+00	1.68735e-12
4.00325e+00	1.64649e-12
4.00851e+00	1.60679e-12
4.01377e+00	1.56821e-12
4.01903e+00	1.53072e-12
4.02429e+00	1.49425e-12
4.02956e+00	1.45870e-12
4.03482e+00	1.42403e-12
4.04008e+00	1.39020e-12
4.04534e+00	1.35719e-12
4.05060e+00	1.32497e-12
4.05586e+00	1.29354e-12
4.06112e+00	1.26289e-12
4.06638e+00	1.23293e-12
4.07164e+00	1.20377e-12
4.07690e+00	1.17529e-12
4.08216e+00	1.14750e-12
4.08742e+00	1.12038e-12
4.09268e+00	1.09392e-12
4.09794e+00	1.06810e-12
4.10320e+00	1.04290e-12
4.10846e+00	1.01830e-12
4.11372e+00	9.94307e-13
4.11898e+00	9.70889e-13
4.12424e+00	9.48036e-13
4.12950e+00	9.25729e-13
4.13477e+00	9.03955e-13
4.14003e+00	8.82702e-13
4.14529e+00	8.61957e-13
4.15055e+00	8.41706e-13
4.15581e+00	8.21940e-13
4.16107e+00	8.02643e-13
4.16633e+00	7.83807e-13
4.17159e+00	7.65421e-13
4.17685e+00	7.47473e-13
4.18211e+00	7.29953e-13
4.18737e+00	7.12851e-13
4.19263e+00	6.96155e-13
4.19789e+00	6.79855e-13
4.20315e+00	6.63940e-13
4.20841e+00	6.48401e-13
4.21367e+00	6.33229e-13
4.21893e+00	6.18415e-13
4.22419e+00	6.03950e-13
4.22945e+00	5.89827e-13
4.23472e+00	5.76038e-13
4.23998e+00	5.62574e-13
4.24524e+00	5.49428e-13
4.25050e+00	5.36593e-13
4.25576e+00	5.24057e-13
4.26102e+00	5.11812e-13
4.26628e+00	4.99853e-13
4.27154e+00	4.88172e-13
4.27680e+00	4.76762e-13
4.28206e+00	4.65616e-13
4.28732e+00	4.54727e-13
4.29258e+00	4.44090e-13
4.29784e+00	4.33698e-13
4.30310e+00	4.23547e-13
4.30836e+00	4.13630e-13
4.31362e+00	4.03941e-13
4.31888e+00	3.94476e-13
4.32414e+00	3.85230e-13
4.32940e+00	3.76196e-13
4.33466e+00	3.67371e-13
4.33993e+00	3.58749e-13
4.34519e+00	3.50325e-13
4.35045e+00	3.42096e-13
4.35571e+00	3.34055e-13
4.36097e+00	3.26201e-13
4.36623e+00	3.18528e-13
4.37149e+00	3.11035e-13
4.37675e+00	3.03715e-13
4.38201e+00	2.96566e-13
4.38727e+00	2.89582e-13
4.39253e+00	2.82761e-13
4.39779e+00	2.76098e-13
4.40305e+00	2.69591e-13
4.40831e+00	2.63238e-13
4.41357e+00	2.57035e-13
4.41883e+00	2.50978e-13
4.42409e+00	2.45068e-13
4.42935e+00	2.39277e-13
4.43461e+00	2.33651e-13
4.43988e+00	2.28146e-13
4.44514e+00	2.22772e-13
4.45040e+00	2.17523e-13
4.45566e+00	2.12399e-13
4.46092e+00	2.07394e-13
4.46618e+00	2.02507e-13
4.47144e+00	1.97735e-13
4.47670e+00	1.93074e-13
4.48196e+00	1.88523e-13
4.48722e+00	1.84077e-13
4.49248e+00	1.79735e-13
4.49774e+00	1.75494e-13
4.50300e+00	1.71351e-13
4.50826e+00	1.67304e-13
4.51352e+00	1.63352e-13
4.51878e+00	1.59490e-13
4.52404e+00	1.55719e-13
4.52930e+00	1.52034e-13
4.53456e+00	1.48441e-13
4.53983e+00	1.44937e-13
4.54509e+00	1.41522e-13
4.55035e+00	1.38195e-13
4.55561e+00	1.34954e-13
4.56087e+00	1.31797e-13
4.56613e+00	1.28721e-13
4.57139e+00	1.25724e-13
4.57665e+00	1.22804e-13
4.58191e+00	1.19959e-13
4.58717e+00	1.17187e-13
4.59243e+00	1.14486e-13
4.59769e+00	1.11854e-13
4.60295e+00	1.09290e-13
4.60821e+00	1.06791e-13
4.61347e+00	1.04356e-13
4.61873e+00	1.01983e-13
4.62399e+00	9.96711e-14
4.62925e+00	9.74191e-14
4.63451e+00	9.52261e-14
4.63977e+00	9.30907e-14
4.64504e+00	9.10112e-14
4.65030e+00	8.89861e-14
4.65556e+00	8.70140e-14
4.66082e+00	8.50935e-14
4.66608e+00	8.32231e-14
4.67134e+00	8.14016e-14
4.67660e+00	7.96275e-14
4.68186e+00	7.78997e-14
4.68712e+00	7.62169e-14
4.69238e+00	7.45779e-14
4.69764e+00	7.29819e-14
4.70290e+00	7.14277e-14
4.70816e+00	6.99142e-14
4.71342e+00	6.84404e-14
4.71868e+00	6.70050e-14
4.72394e+00	6.56075e-14
4.72920e+00	6.42464e-14
4.73446e+00	6.29209e-14
4.73972e+00	6.16301e-14
4.74499e+00	6.03731e-14
4.75025e+00	5.91489e-14
4.75551e+00	5.79568e-14
4.76077e+00	5.67958e-14
4.76603e+00	5.56651e-14
4.77129e+00	5.45641e-14
4.77655e+00	5.34918e-14
4.78181e+00	5.24475e-14
4.78707e+00	5.14305e-14
4.79233e+00	5.04401e-14
4.79759e+00	4.94755e-14
4.80285e+00	4.85362e-14
4.80811e+00	4.76215e-14
4.81337e+00	4.67308e-14
4.81863e+00	4.58625e-14
4.82389e+00	4.50184e-14
4.82915e+00	4.41961e-14
4.83441e+00	4.33959e-14
4.83967e+00	4.26170e-14
4.84494e+00	4.18588e-14
4.85020e+00	4.11208e-14
4.85546e+00	4.04024e-14
4.86072e+00	3.97031e-14
4.86598e+00	3.90224e-14
4.87124e+00	3.83596e-14
4.87650e+00	3.77143e-14
4.88176e+00	3.70859e-14
4.88702e+00	3.64740e-14
4.89228e+00	3.58782e-14
4.89754e+00	3.52979e-14
4.90280e+00	3.47327e-14
4.90806e+00	3.41822e-14
4.91332e+00	3.36463e-14
4.91858e+00	3.31220e-14
4.92384e+00	3.26108e-14
4.92910e+00	3.21108e-14
4.93436e+00	3.16216e-14
4.93962e+00	3.11433e-14
4.94488e+00	3.06753e-14
4.95015e+00	3.02174e-14
4.95541e+00	2.97691e-14
4.96067e+00	2.93301e-14
4.96593e+00	2.89001e-14
4.97119e+00	2.84790e-14
4.97645e+00	2.80666e-14
4.98171e+00	2.76641e-14
4.98697e+00	2.72714e-14
4.99223e+00	2.68881e-14
4.99749e+00	2.65141e-14
5.00275e+00	2.61491e-14
5.00801e+00	2.57929e-14
5.01327e+00	2.54451e-14
5.01853e+00	2.51055e-14
5.02379e+00	2.47723e-14
5.02905e+00	2.44494e-14
5.03431e+00	2.41326e-14
5.03957e+00	2.38232e-14
5.04483e+00	2.35208e-14
5.05010e+00	2.32252e-14
5.05536e+00	2.29363e-14
5.06062e+00	2.26540e-14
5.06588e+00	2.23781e-14
5.07114e+00	2.21084e-14
5.07640e+00	2.18448e-14
5.08166e+00	2.15871e-14
5.08692e+00	2.13353e-14
5.09218e+00	2.10892e-14
5.09744e+00	2.08486e-14
5.10270e+00	2.06134e-14
5.10796e+00	2.03834e-14
5.11322e+00	2.01583e-14
5.11848e+00	1.99378e-14
5.12374e+00	1.97216e-14
5.12900e+00	1.95098e-14
5.13426e+00	1.93023e-14
5.13952e+00	1.90990e-14
5.14478e+00	1.88999e-14
5.15004e+00	1.87048e-14
5.15531e+00	1.85138e-14
5.16057e+00	1.83267e-14
5.16583e+00	1.81436e-14
5.17109e+00	1.79642e-14
5.17635e+00	1.77887e-14
5.18161e+00	1.76170e-14
5.18687e+00	1.74489e-14
5.19213e+00	1.72844e-14
5.19739e+00	1.71235e-14
5.20265e+00	1.69662e-14
5.20791e+00	1.68123e-14
5.21317e+00	1.66619e-14
5.21843e+00	1.65148e-14
5.22369e+00	1.63712e-14
5.22895e+00	1.62309e-14
5.23421e+00	1.60940e-14
5.23947e+00	1.59606e-14
5.24473e+00	1.58308e-14
5.24999e+00	1.57040e-14
5.25526e+00	1.55939e-14
5.26052e+00	1.53890e-14
