# The ell = 1 distribution, the first anisotropy.
# E_N [Td]	2.50000e+00
# col_1: Electron Energy [eV], col_2: f1 [eV^(-3/2)]
eV	f1
9.56913e-03	5.23450e-05
1.91383e-02	9.51313e-05
2.87074e-02	1.29827e-04
3.82765e-02	1.73159e-04
4.78456e-02	2.01122e-04
5.74148e-02	2.33358e-04
6.69839e-02	2.53040e-04
7.65530e-02	2.79374e-04
8.61222e-02	2.95313e-04
9.56913e-02	3.17196e-04
1.05260e-01	3.31427e-04
1.14830e-01	3.50759e-04
1.24399e-01	3.63614e-04
1.33968e-01	3.81523e-04
1.43537e-01	3.94337e-04
1.53106e-01	4.11030e-04
1.62675e-01	4.23399e-04
1.72244e-01	4.39571e-04
1.81813e-01	4.52997e-04
1.91383e-01	4.68357e-04
2.00952e-01	4.82190e-04
2.10521e-01	4.96991e-04
2.20090e-01	5.11697e-04
2.29659e-01	5.26112e-04
2.39228e-01	5.41285e-04
2.48797e-01	5.55218e-04
2.58366e-01	5.70814e-04
2.67936e-01	5.85112e-04
2.77505e-01	6.00439e-04
2.87074e-01	6.15042e-04
2.96643e-01	6.28862e-04
3.06212e-01	6.40924e-04
3.15781e-01	6.50758e-04
3.25350e-01	6.59331e-04
3.34920e-01	6.66683e-04
3.44489e-01	6.74676e-04
3.54058e-01	6.82268e-04
3.63627e-01	6.89668e-04
3.73196e-01	6.97841e-04
3.82765e-01	7.05995e-04
3.92334e-01	7.14958e-04
4.01903e-01	7.24016e-04
4.11473e-01	7.33338e-04
4.21042e-01	7.43982e-04
4.30611e-01	7.55881e-04
4.40180e-01	7.69033e-04
4.49749e-01	7.82991e-04
4.59318e-01	7.97537e-04
4.68887e-01	8.13734e-04
4.78456e-01	8.31876e-04
4.88026e-01	8.51593e-04
4.97595e-01	8.72490e-04
5.07164e-01	8.94230e-04
5.16733e-01	9.17011e-04
5.26302e-01	9.43280e-04
5.35871e-01	9.73209e-04
5.45440e-01	1.00582e-03
5.55009e-01	1.04061e-03
5.64579e-01	1.07711e-03
5.74148e-01	1.11434e-03
5.83717e-01	1.15759e-03
5.93286e-01	1.20522e-03
6.02855e-01	1.25598e-03
6.12424e-01	1.30972e-03
6.21993e-01	1.36475e-03
6.31562e-01	1.42319e-03
6.41132e-01	1.48942e-03
6.50701e-01	1.56134e-03
6.60270e-01	1.63761e-03
6.69839e-01	1.71715e-03
6.79408e-01	1.79939e-03
6.88977e-01	1.89944e-03
6.98546e-01	2.01920e-03
7.08116e-01	2.15495e-03
7.17685e-01	2.30302e-03
7.27254e-01	2.46137e-03
7.36823e-01	2.62669e-03
7.46392e-01	2.81616e-03
7.55961e-01	3.03288e-03
7.65530e-01	3.27027e-03
7.75099e-01	3.52347e-03
7.84669e-01	3.78801e-03
7.94238e-01	4.05997e-03
8.03807e-01	4.33787e-03
8.13376e-01	4.62380e-03
8.22945e-01	4.91701e-03
8.32514e-01	5.21489e-03
8.42083e-01	5.51497e-03
8.51652e-01	5.81519e-03
8.61222e-01	6.11394e-03
8.70791e-01	6.42228e-03
8.80360e-01	6.75238e-03
8.89929e-01	7.10017e-03
8.99498e-01	7.46238e-03
9.09067e-01	7.83507e-03
9.18636e-01	8.21507e-03
9.28205e-01	8.60050e-03
9.37775e-01	9.00645e-03
9.47344e-01	9.44986e-03
9.56913e-01	9.92352e-03
9.66482e-01	1.04218e-02
9.76051e-01	1.09373e-02
9.85620e-01	1.14675e-02
9.95189e-01	1.20037e-02
1.00476e+00	1.25493e-02
1.01433e+00	1.31590e-02
1.02390e+00	1.38200e-02
1.03347e+00	1.45191e-02
1.04304e+00	1.52474e-02
1.05260e+00	1.59953e-02
1.06217e+00	1.67554e-02
1.07174e+00	1.75126e-02
1.08131e+00	1.83076e-02
1.09088e+00	1.91423e-02
1.10045e+00	2.00057e-02
1.11002e+00	2.08885e-02
1.11959e+00	2.17828e-02
1.12916e+00	2.26815e-02
1.13873e+00	2.35784e-02
1.14830e+00	2.44857e-02
1.15786e+00	2.54110e-02
1.16743e+00	2.63486e-02
1.17700e+00	2.72935e-02
1.18657e+00	2.82416e-02
1.19614e+00	2.91894e-02
1.20571e+00	3.01298e-02
1.21528e+00	3.10649e-02
1.22485e+00	3.20351e-02
1.23442e+00	3.30460e-02
1.24399e+00	3.40893e-02
1.25356e+00	3.51560e-02
1.26312e+00	3.62374e-02
1.27269e+00	3.73253e-02
1.28226e+00	3.84117e-02
1.29183e+00	3.94890e-02
1.30140e+00	4.06470e-02
1.31097e+00	4.19173e-02
1.32054e+00	4.32764e-02
1.33011e+00	4.47022e-02
1.33968e+00	4.61745e-02
1.34925e+00	4.76752e-02
1.35882e+00	4.91884e-02
1.36839e+00	5.06990e-02
1.37795e+00	5.21810e-02
1.38752e+00	5.36022e-02
1.39709e+00	5.49631e-02
1.40666e+00	5.62659e-02
1.41623e+00	5.75123e-02
1.42580e+00	5.87041e-02
1.43537e+00	5.98424e-02
1.44494e+00	6.09278e-02
1.45451e+00	6.19622e-02
1.46408e+00	6.29545e-02
1.47365e+00	6.39590e-02
1.48321e+00	6.49739e-02
1.49278e+00	6.59948e-02
1.50235e+00	6.70213e-02
1.51192e+00	6.80445e-02
1.52149e+00	6.90605e-02
1.53106e+00	7.00596e-02
1.54063e+00	7.10425e-02
1.55020e+00	7.20618e-02
1.55977e+00	7.32396e-02
1.56934e+00	7.45516e-02
1.57891e+00	7.59684e-02
1.58848e+00	7.74590e-02
1.59804e+00	7.89939e-02
1.60761e+00	8.05505e-02
1.61718e+00	8.21090e-02
1.62675e+00	8.36476e-02
1.63632e+00	8.51629e-02
1.64589e+00	8.65493e-02
1.65546e+00	8.77996e-02
1.66503e+00	8.89164e-02
1.67460e+00	8.98715e-02
1.68417e+00	9.06717e-02
1.69374e+00	9.13260e-02
1.70330e+00	9.18427e-02
1.71287e+00	9.22288e-02
1.72244e+00	9.24823e-02
1.73201e+00	9.25721e-02
1.74158e+00	9.24468e-02
1.75115e+00	9.21078e-02
1.76072e+00	9.15211e-02
1.77029e+00	9.07147e-02
1.77986e+00	8.97147e-02
1.78943e+00	8.85436e-02
1.79900e+00	8.71806e-02
1.80857e+00	8.56397e-02
1.81813e+00	8.39463e-02
1.82770e+00	8.21348e-02
1.83727e+00	8.02157e-02
1.84684e+00	7.80870e-02
1.85641e+00	7.57808e-02
1.86598e+00	7.33006e-02
1.87555e+00	7.06153e-02
1.88512e+00	6.77165e-02
1.89469e+00	6.46490e-02
1.90426e+00	6.14550e-02
1.91383e+00	5.81797e-02
1.92339e+00	5.48429e-02
1.93296e+00	5.15393e-02
1.94253e+00	4.82781e-02
1.95210e+00	4.50855e-02
1.96167e+00	4.20147e-02
1.97124e+00	3.90686e-02
1.98081e+00	3.62478e-02
1.99038e+00	3.35511e-02
1.99995e+00	3.09779e-02
2.00952e+00	2.85205e-02
2.01909e+00	2.62011e-02
2.02866e+00	2.40686e-02
2.03822e+00	2.21161e-02
2.04779e+00	2.03437e-02
2.05736e+00	1.87347e-02
2.06693e+00	1.72737e-02
2.07650e+00	1.59429e-02
2.08607e+00	1.47337e-02
2.09564e+00	1.36347e-02
2.10521e+00	1.26351e-02
2.11478e+00	1.17121e-02
2.12435e+00	1.08293e-02
2.13392e+00	9.99074e-03
2.14348e+00	9.19545e-03
2.15305e+00	8.44483e-03
2.16262e+00	7.74682e-03
2.17219e+00	7.09835e-03
2.18176e+00	6.49642e-03
2.19133e+00	5.93815e-03
2.20090e+00	5.42066e-03
2.21047e+00	4.94375e-03
2.22004e+00	4.50595e-03
2.22961e+00	4.10607e-03
2.23918e+00	3.74063e-03
2.24875e+00	3.40906e-03
2.25831e+00	3.10759e-03
2.26788e+00	2.83337e-03
2.27745e+00	2.58385e-03
2.28702e+00	2.35758e-03
2.29659e+00	2.15234e-03
2.30616e+00	1.96494e-03
2.31573e+00	1.79319e-03
2.32530e+00	1.63625e-03
2.33487e+00	1.49291e-03
2.34444e+00	1.36124e-03
2.35401e+00	1.24174e-03
2.36357e+00	1.13217e-03
2.37314e+00	1.03207e-03
2.38271e+00	9.40605e-04
2.39228e+00	8.57028e-04
2.40185e+00	7.81762e-04
2.41142e+00	7.14497e-04
2.42099e+00	6.54520e-04
2.43056e+00	5.99277e-04
2.44013e+00	5.48150e-04
2.44970e+00	5.00836e-04
2.45927e+00	4.57290e-04
2.46884e+00	4.16923e-04
2.47840e+00	3.79720e-04
2.48797e+00	3.45604e-04
2.49754e+00	3.14594e-04
2.50711e+00	2.86512e-04
2.51668e+00	2.60892e-04
2.52625e+00	2.37419e-04
2.53582e+00	2.16139e-04
2.54539e+00	1.96947e-04
2.55496e+00	1.79604e-04
2.56453e+00	1.63873e-04
2.57410e+00	1.49611e-04
2.58366e+00	1.36575e-04
2.59323e+00	1.24977e-04
2.60280e+00	1.14452e-04
2.61237e+00	1.04799e-04
2.62194e+00	9.59641e-05
2.63151e+00	8.78509e-05
2.64108e+00	8.03805e-05
2.65065e+00	7.35528e-05
2.66022e+00	6.73257e-05
2.66979e+00	6.16448e-05
2.67936e+00	5.64581e-05
2.68893e+00	5.16960e-05
2.69849e+00	4.73323e-05
2.70806e+00	4.33816e-05
2.71763e+00	3.98168e-05
2.72720e+00	3.66292e-05
2.73677e+00	3.37820e-05
2.74634e+00	3.12382e-05
2.75591e+00	2.89610e-05
2.76548e+00	2.68920e-05
2.77505e+00	2.49771e-05
2.78462e+00	2.31979e-05
2.79419e+00	2.15585e-05
2.80375e+00	2.00481e-05
2.81332e+00	1.86563e-05
2.82289e+00	1.73556e-05
2.83246e+00	1.61312e-05
2.84203e+00	1.49746e-05
2.85160e+00	1.38916e-05
2.86117e+00	1.28688e-05
2.87074e+00	1.18953e-05
2.88031e+00	1.09678e-05
2.88988e+00	1.01136e-05
2.89945e+00	9.33371e-06
2.90902e+00	8.62241e-06
2.91858e+00	7.97350e-06
2.92815e+00	7.38140e-06
2.93772e+00	6.84217e-06
2.94729e+00	6.35142e-06
2.95686e+00	5.90346e-06
2.96643e+00	5.49713e-06
2.97600e+00	5.12913e-06
2.98557e+00	4.79815e-06
2.99514e+00	4.49530e-06
3.00471e+00	4.21753e-06
3.01428e+00	3.95989e-06
3.02384e+00	3.71790e-06
3.03341e+00	3.49037e-06
3.04298e+00	3.27638e-06
3.05255e+00	3.07483e-06
3.06212e+00	2.88543e-06
3.07169e+00	2.70759e-06
3.08126e+00	2.54048e-06
3.09083e+00	2.38330e-06
3.10040e+00	2.23641e-06
3.10997e+00	2.10012e-06
3.11954e+00	1.97364e-06
3.12911e+00	1.85613e-06
3.13867e+00	1.74751e-06
3.14824e+00	1.64701e-06
3.15781e+00	1.55385e-06
3.16738e+00	1.46654e-06
3.17695e+00	1.38435e-06
3.18652e+00	1.30692e-06
3.19609e+00	1.23397e-06
3.20566e+00	1.16523e-06
3.21523e+00	1.10032e-06
3.22480e+00	1.03921e-06
3.23437e+00	9.81582e-07
3.24393e+00	9.27129e-07
3.25350e+00	8.75623e-07
3.26307e+00	8.26866e-07
3.27264e+00	7.81019e-07
3.28221e+00	7.37971e-07
3.29178e+00	6.97642e-07
3.30135e+00	6.59909e-07
3.31092e+00	6.24629e-07
3.32049e+00	5.91756e-07
3.33006e+00	5.61151e-07
3.33963e+00	5.32499e-07
3.34920e+00	5.05662e-07
3.35876e+00	4.80536e-07
3.36833e+00	4.57021e-07
3.37790e+00	4.34994e-07
3.38747e+00	4.14306e-07
3.39704e+00	3.94886e-07
3.40661e+00	3.76641e-07
3.41618e+00	3.59493e-07
3.42575e+00	3.43227e-07
3.43532e+00	3.27744e-07
3.44489e+00	3.13070e-07
3.45446e+00	2.99160e-07
3.46402e+00	2.85976e-07
3.47359e+00	2.73479e-07
3.48316e+00	2.61644e-07
3.49273e+00	2.50439e-07
3.50230e+00	2.39867e-07
3.51187e+00	2.29841e-07
3.52144e+00	2.20324e-07
3.53101e+00	2.11289e-07
3.54058e+00	2.02709e-07
3.55015e+00	1.94538e-07
3.55972e+00	1.86751e-07
3.56929e+00	1.79277e-07
3.57885e+00	1.72116e-07
3.58842e+00	1.65243e-07
3.59799e+00	1.58654e-07
3.60756e+00	1.52352e-07
3.61713e+00	1.46328e-07
3.62670e+00	1.40561e-07
3.63627e+00	1.35041e-07
3.64584e+00	1.29755e-07
3.65541e+00	1.24694e-07
3.66498e+00	1.19849e-07
3.67455e+00	1.15216e-07
3.68411e+00	1.10786e-07
3.69368e+00	1.06549e-07
3.70325e+00	1.02496e-07
3.71282e+00	9.86197e-08
3.72239e+00	9.49210e-08
3.73196e+00	9.13959e-08
3.74153e+00	8.80385e-08
3.75110e+00	8.48435e-08
3.76067e+00	8.18039e-08
3.77024e+00	7.89114e-08
3.77981e+00	7.61660e-08
3.78937e+00	7.35619e-08
3.79894e+00	7.10932e-08
3.80851e+00	6.87516e-08
3.81808e+00	6.65319e-08
3.82765e+00	6.44290e-08
3.83722e+00	6.24384e-08
3.84679e+00	6.05542e-08
3.85636e+00	5.87684e-08
3.86593e+00	5.70730e-08
3.87550e+00	5.54412e-08
3.88507e+00	5.38695e-08
3.89464e+00	5.23532e-08
3.90420e+00	5.08977e-08
3.91377e+00	4.94940e-08
3.92334e+00	4.81424e-08
3.93291e+00	4.68400e-08
3.94248e+00	4.55851e-08
3.95205e+00	4.43771e-08
3.96162e+00	4.32154e-08
3.97119e+00	4.20971e-08
3.98076e+00	4.10177e-08
3.99033e+00	3.99861e-08
3.99990e+00	3.89859e-08
4.00946e+00	3.80201e-08
4.01903e+00	3.70869e-08
4.02860e+00	3.61829e-08
4.03817e+00	3.53025e-08
4.04774e+00	3.44438e-08
4.05731e+00	3.36065e-08
4.06688e+00	3.27894e-08
4.07645e+00	3.19943e-08
4.08602e+00	3.12182e-08
4.09559e+00	3.04613e-08
4.10516e+00	2.97230e-08
4.11473e+00	2.90030e-08
4.12429e+00	2.83006e-08
4.13386e+00	2.76153e-08
4.14343e+00	2.69465e-08
4.15300e+00	2.62938e-08
4.16257e+00	2.56566e-08
4.17214e+00	2.50348e-08
4.18171e+00	2.44279e-08
4.19128e+00	2.38355e-08
4.20085e+00	2.32571e-08
4.21042e+00	2.26923e-08
4.21999e+00	2.21407e-08
4.22955e+00	2.16020e-08
4.23912e+00	2.10760e-08
4.24869e+00	2.05622e-08
4.25826e+00	2.00602e-08
4.26783e+00	1.95694e-08
4.27740e+00	1.90892e-08
4.28697e+00	1.86195e-08
4.29654e+00	1.81600e-08
4.30611e+00	1.77103e-08
4.31568e+00	1.72704e-08
4.32525e+00	1.68398e-08
4.33482e+00	1.64185e-08
4.34438e+00	1.60062e-08
4.35395e+00	1.56027e-08
4.36352e+00	1.52078e-08
4.37309e+00	1.48216e-08
4.38266e+00	1.44438e-08
4.39223e+00	1.40742e-08
4.40180e+00	1.37127e-08
4.41137e+00	1.33593e-08
4.42094e+00	1.30138e-08
4.43051e+00	1.26758e-08
4.44008e+00	1.23463e-08
4.44964e+00	1.20240e-08
4.45921e+00	1.17090e-08
4.46878e+00	1.14013e-08
4.47835e+00	1.11005e-08
4.48792e+00	1.08065e-08
4.49749e+00	1.05190e-08
4.50706e+00	1.02380e-08
4.51663e+00	9.96316e-09
4.52620e+00	9.69439e-09
4.53577e+00	9.43203e-09
4.54534e+00	9.17665e-09
4.55491e+00	8.92847e-09
4.56447e+00	8.68733e-09
4.57404e+00	8.45304e-09
4.58361e+00	8.22538e-09
4.59318e+00	8.00417e-09
4.60275e+00	7.78922e-09
4.61232e+00	7.58034e-09
4.62189e+00	7.37735e-09
4.63146e+00	7.18018e-09
4.64103e+00	6.98931e-09
4.65060e+00	6.80455e-09
4.66017e+00	6.62573e-09
4.66973e+00	6.45265e-09
4.67930e+00	6.28516e-09
4.68887e+00	6.12309e-09
4.69844e+00	5.96629e-09
4.70801e+00	5.81461e-09
4.71758e+00	5.66788e-09
4.72715e+00	5.52600e-09
4.73672e+00	5.38881e-09
4.74629e+00	5.25617e-09
4.75586e+00	5.12796e-09
4.76543e+00	5.00406e-09
4.77500e+00	4.88435e-09
4.78456e+00	4.76871e-09
4.79413e+00	4.65702e-09
4.80370e+00	4.54921e-09
4.81327e+00	4.44508e-09
4.82284e+00	4.34467e-09
4.83241e+00	4.24805e-09
4.84198e+00	4.15532e-09
4.85155e+00	4.06640e-09
4.86112e+00	3.98118e-09
4.87069e+00	3.89957e-09
4.88026e+00	3.82144e-09
4.88982e+00	3.74670e-09
4.89939e+00	3.67526e-09
4.90896e+00	3.60705e-09
4.91853e+00	3.54173e-09
4.92810e+00	3.47897e-09
4.93767e+00	3.41833e-09
4.94724e+00	3.35983e-09
4.95681e+00	3.30330e-09
4.96638e+00	3.24863e-09
4.97595e+00	3.19577e-09
4.98552e+00	3.14468e-09
4.99509e+00	3.09528e-09
5.00465e+00	3.04756e-09
5.01422e+00	3.00131e-09
5.02379e+00	2.95635e-09
5.03336e+00	2.91310e-09
5.04293e+00	2.87090e-09
5.05250e+00	2.82991e-09
5.06207e+00	2.79008e-09
5.07164e+00	2.75137e-09
5.08121e+00	2.71376e-09
5.09078e+00	2.67722e-09
5.10035e+00	2.64172e-09
5.10991e+00	2.60716e-09
5.11948e+00	2.57325e-09
5.12905e+00	2.53976e-09
5.13862e+00	2.50670e-09
5.14819e+00	2.47405e-09
5.15776e+00	2.44179e-09
5.16733e+00	2.40993e-09
5.17690e+00	2.37847e-09
5.18647e+00	2.34739e-09
5.19604e+00	2.31669e-09
5.20561e+00	2.28638e-09
5.21518e+00	2.25644e-09
5.22474e+00	2.22686e-09
5.23431e+00	2.19767e-09
5.24388e+00	2.16881e-09
5.25345e+00	2.14033e-09
5.26302e+00	2.11219e-09
5.27259e+00	2.08441e-09
5.28216e+00	2.05697e-09
5.29173e+00	2.02987e-09
5.30130e+00	2.00311e-09
5.31087e+00	1.97668e-09
5.32044e+00	1.95058e-09
5.33000e+00	1.92481e-09
5.33957e+00	1.89936e-09
5.34914e+00	1.87423e-09
5.35871e+00	1.84941e-09
5.36828e+00	1.82490e-09
5.37785e+00	1.80070e-09
5.38742e+00	1.77681e-09
5.39699e+00	1.75321e-09
5.40656e+00	1.72991e-09
5.41613e+00	1.70690e-09
5.42570e+00	1.68418e-09
5.43527e+00	1.66175e-09
5.44483e+00	1.63960e-09
5.45440e+00	1.61773e-09
5.46397e+00	1.59613e-09
5.47354e+00	1.57481e-09
5.48311e+00	1.55375e-09
5.49268e+00	1.53297e-09
5.50225e+00	1.51244e-09
5.51182e+00	1.49217e-09
5.52139e+00	1.47217e-09
5.53096e+00	1.45241e-09
5.54053e+00	1.43291e-09
5.55009e+00	1.41365e-09
5.55966e+00	1.39464e-09
5.56923e+00	1.37587e-09
5.57880e+00	1.35734e-09
5.58837e+00	1.33904e-09
5.59794e+00	1.32098e-09
5.60751e+00	1.30315e-09
5.61708e+00	1.28555e-09
5.62665e+00	1.26817e-09
5.63622e+00	1.25102e-09
5.64579e+00	1.23408e-09
5.65536e+00	1.21736e-09
5.66492e+00	1.20085e-09
5.67449e+00	1.18456e-09
5.68406e+00	1.16848e-09
5.69363e+00	1.15260e-09
5.70320e+00	1.13692e-09
5.71277e+00	1.12145e-09
5.72234e+00	1.10617e-09
5.73191e+00	1.09110e-09
5.74148e+00	1.07622e-09
5.75105e+00	1.06153e-09
5.76062e+00	1.04703e-09
5.77018e+00	1.03271e-09
5.77975e+00	1.01859e-09
5.78932e+00	1.00464e-09
5.79889e+00	9.90875e-10
5.80846e+00	9.77293e-10
5.81803e+00	9.63885e-10
5.82760e+00	9.50652e-10
5.83717e+00	9.37590e-10
5.84674e+00	9.24698e-10
5.85631e+00	9.11974e-10
5.86588e+00	8.99416e-10
5.87545e+00	8.87022e-10
5.88501e+00	8.74789e-10
5.89458e+00	8.62716e-10
5.90415e+00	8.50792e-10
5.91372e+00	8.39062e-10
5.92329e+00	8.27427e-10
5.93286e+00	8.15970e-10
5.94243e+00	8.04661e-10
5.95200e+00	7.93501e-10
5.96157e+00	7.82488e-10
5.97114e+00	7.71620e-10
5.98071e+00	7.60895e-10
5.99027e+00	7.50311e-10
5.99984e+00	7.39867e-10
6.00941e+00	7.29561e-10
6.01898e+00	7.19379e-10
6.02855e+00	7.09368e-10
6.03812e+00	6.99479e-10
6.04769e+00	6.89649e-10
6.05726e+00	6.79992e-10
6.06683e+00	6.70460e-10
6.07640e+00	6.61055e-10
6.08597e+00	6.51775e-10
6.09553e+00	6.42620e-10
6.10510e+00	6.33587e-10
6.11467e+00	6.24674e-10
6.12424e+00	6.15881e-10
6.13381e+00	6.07205e-10
6.14338e+00	5.98646e-10
6.15295e+00	5.90200e-10
6.16252e+00	5.81870e-10
6.17209e+00	5.73651e-10
6.18166e+00	5.65542e-10
6.19123e+00	5.57542e-10
6.20080e+00	5.49650e-10
6.21036e+00	5.41864e-10
6.21993e+00	5.34183e-10
6.22950e+00	5.26606e-10
6.23907e+00	5.19131e-10
6.24864e+00	5.11756e-10
6.25821e+00	5.04481e-10
6.26778e+00	4.97304e-10
6.27735e+00	4.90226e-10
6.28692e+00	4.83241e-10
6.29649e+00	4.76351e-10
6.30606e+00	4.69555e-10
6.31562e+00	4.62850e-10
6.32519e+00	4.56237e-10
6.33476e+00	4.49713e-10
6.34433e+00	4.43278e-10
6.35390e+00	4.36930e-10
6.36347e+00	4.30669e-10
6.37304e+00	4.24493e-10
6.38261e+00	4.18400e-10
6.39218e+00	4.12391e-10
6.40175e+00	4.06464e-10
6.41132e+00	4.00618e-10
6.42089e+00	3.94851e-10
6.43045e+00	3.89163e-10
6.44002e+00	3.83553e-10
6.44959e+00	3.78019e-10
6.45916e+00	3.72562e-10
6.46873e+00	3.67180e-10
6.47830e+00	3.61871e-10
6.48787e+00	3.56635e-10
6.49744e+00	3.51471e-10
6.50701e+00	3.46378e-10
6.51658e+00	3.41356e-10
6.52615e+00	3.36403e-10
6.53571e+00	3.31515e-10
6.54528e+00	3.26699e-10
6.55485e+00	3.21948e-10
6.56442e+00	3.17263e-10
6.57399e+00	3.12642e-10
6.58356e+00	3.08085e-10
6.59313e+00	3.03591e-10
6.60270e+00	2.99159e-10
6.61227e+00	2.94788e-10
6.62184e+00	2.90478e-10
6.63141e+00	2.86228e-10
6.64098e+00	2.82037e-10
6.65054e+00	2.77904e-10
6.66011e+00	2.73828e-10
6.66968e+00	2.69807e-10
6.67925e+00	2.65846e-10
6.68882e+00	2.61938e-10
6.69839e+00	2.58086e-10
6.70796e+00	2.54286e-10
6.71753e+00	2.50540e-10
6.72710e+00	2.46847e-10
6.73667e+00	2.43202e-10
6.74624e+00	2.39604e-10
6.75580e+00	2.36052e-10
6.76537e+00	2.32546e-10
6.77494e+00	2.29086e-10
6.78451e+00	2.25670e-10
6.79408e+00	2.22299e-10
6.80365e+00	2.18973e-10
6.81322e+00	2.15688e-10
6.82279e+00	2.12447e-10
6.83236e+00	2.09248e-10
6.84193e+00	2.06092e-10
6.85150e+00	2.02977e-10
6.86107e+00	1.99904e-10
6.87063e+00	1.96871e-10
6.88020e+00	1.93878e-10
6.88977e+00	1.90925e-10
6.89934e+00	1.88012e-10
6.90891e+00	1.85137e-10
6.91848e+00	1.82301e-10
6.92805e+00	1.79486e-10
6.93762e+00	1.76781e-10
6.94719e+00	1.74007e-10
6.95676e+00	1.71309e-10
6.96633e+00	1.68648e-10
6.97589e+00	1.66025e-10
6.98546e+00	1.63437e-10
6.99503e+00	1.60886e-10
7.00460e+00	1.58371e-10
7.01417e+00	1.55892e-10
7.02374e+00	1.53449e-10
7.03331e+00	1.51040e-10
7.04288e+00	1.48667e-10
7.05245e+00	1.46328e-10
7.06202e+00	1.44017e-10
7.07159e+00	1.41756e-10
7.08116e+00	1.39520e-10
7.09072e+00	1.37292e-10
7.10029e+00	1.35112e-10
7.10986e+00	1.32962e-10
7.11943e+00	1.30845e-10
7.12900e+00	1.28758e-10
7.13857e+00	1.26703e-10
7.14814e+00	1.24678e-10
7.15771e+00	1.22683e-10
7.16728e+00	1.20717e-10
7.17685e+00	1.18781e-10
7.18642e+00	1.16873e-10
7.19598e+00	1.14994e-10
7.20555e+00	1.13143e-10
7.21512e+00	1.11320e-10
7.22469e+00	1.09524e-10
7.23426e+00	1.07755e-10
7.24383e+00	1.06014e-10
7.25340e+00	1.04300e-10
7.26297e+00	1.02612e-10
7.27254e+00	1.00951e-10
7.28211e+00	9.93154e-11
7.29168e+00	9.77052e-11
7.30125e+00	9.61200e-11
7.31081e+00	9.45594e-11
7.32038e+00	9.30230e-11
7.32995e+00	9.15105e-11
7.33952e+00	9.00214e-11
7.34909e+00	8.85554e-11
7.35866e+00	8.71119e-11
7.36823e+00	8.56895e-11
7.37780e+00	8.42839e-11
7.38737e+00	8.28949e-11
7.39694e+00	8.15227e-11
7.40651e+00	8.01671e-11
7.41607e+00	7.88282e-11
7.42564e+00	7.75058e-11
7.43521e+00	7.62000e-11
7.44478e+00	7.49105e-11
7.45435e+00	7.36375e-11
7.46392e+00	7.23807e-11
7.47349e+00	7.11402e-11
7.48306e+00	6.99160e-11
7.49263e+00	6.87081e-11
7.50220e+00	6.75164e-11
7.51177e+00	6.63407e-11
7.52134e+00	6.51812e-11
7.53090e+00	6.40371e-11
7.54047e+00	6.29083e-11
7.55004e+00	6.17947e-11
7.55961e+00	6.06960e-11
7.56918e+00	5.96123e-11
7.57875e+00	5.85434e-11
7.58832e+00	5.74892e-11
7.59789e+00	5.64497e-11
7.60746e+00	5.54246e-11
7.61703e+00	5.44139e-11
7.62660e+00	5.34175e-11
7.63616e+00	5.24352e-11
7.64573e+00	5.14671e-11
7.65530e+00	5.05129e-11
7.66487e+00	4.95727e-11
7.67444e+00	4.86462e-11
7.68401e+00	4.77335e-11
7.69358e+00	4.68344e-11
7.70315e+00	4.59488e-11
7.71272e+00	4.50767e-11
7.72229e+00	4.42179e-11
7.73186e+00	4.33722e-11
7.74143e+00	4.25397e-11
7.75099e+00	4.17196e-11
7.76056e+00	4.09096e-11
7.77013e+00	4.01096e-11
7.77970e+00	3.93196e-11
7.78927e+00	3.85391e-11
7.79884e+00	3.77677e-11
7.80841e+00	3.70049e-11
7.81798e+00	3.62508e-11
7.82755e+00	3.55055e-11
7.83712e+00	3.47685e-11
7.84669e+00	3.40398e-11
7.85625e+00	3.33198e-11
7.86582e+00	3.26086e-11
7.87539e+00	3.19061e-11
7.88496e+00	3.12125e-11
7.89453e+00	3.05279e-11
7.90410e+00	2.98524e-11
7.91367e+00	2.91862e-11
7.92324e+00	2.85293e-11
7.93281e+00	2.78819e-11
7.94238e+00	2.72440e-11
7.95195e+00	2.66156e-11
7.96152e+00	2.59968e-11
7.97108e+00	2.53878e-11
7.98065e+00	2.47883e-11
7.99022e+00	2.41982e-11
7.99979e+00	2.36175e-11
8.00936e+00	2.30463e-11
8.01893e+00	2.24845e-11
8.02850e+00	2.19319e-11
8.03807e+00	2.13884e-11
8.04764e+00	2.08539e-11
8.05721e+00	2.03285e-11
8.06678e+00	1.98123e-11
8.07634e+00	1.93051e-11
8.08591e+00	1.88071e-11
8.09548e+00	1.83182e-11
8.10505e+00	1.78385e-11
8.11462e+00	1.73675e-11
8.12419e+00	1.69061e-11
8.13376e+00	1.64535e-11
8.14333e+00	1.60099e-11
8.15290e+00	1.55753e-11
8.16247e+00	1.51495e-11
8.17204e+00	1.47326e-11
8.18161e+00	1.43245e-11
8.19117e+00	1.39251e-11
8.20074e+00	1.35343e-11
8.21031e+00	1.31520e-11
8.21988e+00	1.27783e-11
8.22945e+00	1.24124e-11
8.23902e+00	1.20540e-11
8.24859e+00	1.17032e-11
8.25816e+00	1.13599e-11
8.26773e+00	1.10241e-11
8.27730e+00	1.06957e-11
8.28687e+00	1.03748e-11
8.29643e+00	1.00610e-11
8.30600e+00	9.75422e-12
8.31557e+00	9.45436e-12
8.32514e+00	9.16138e-12
8.33471e+00	8.87518e-12
8.34428e+00	8.59564e-12
8.35385e+00	8.32272e-12
8.36342e+00	8.05635e-12
8.37299e+00	7.79649e-12
8.38256e+00	7.54306e-12
8.39213e+00	7.29601e-12
8.40169e+00	7.05525e-12
8.41126e+00	6.82072e-12
8.42083e+00	6.59233e-12
8.43040e+00	6.37001e-12
8.43997e+00	6.15366e-12
8.44954e+00	5.94320e-12
8.45911e+00	5.73839e-12
8.46868e+00	5.53858e-12
8.47825e+00	5.34374e-12
8.48782e+00	5.15385e-12
8.49739e+00	4.96902e-12
8.50696e+00	4.78945e-12
8.51652e+00	4.61507e-12
8.52609e+00	4.44578e-12
8.53566e+00	4.28153e-12
8.54523e+00	4.12229e-12
8.55480e+00	3.96804e-12
8.56437e+00	3.81871e-12
8.57394e+00	3.67419e-12
8.58351e+00	3.53435e-12
8.59308e+00	3.39909e-12
8.60265e+00	3.26828e-12
8.61222e+00	3.14182e-12
8.62178e+00	3.01960e-12
8.63135e+00	2.90150e-12
8.64092e+00	2.78741e-12
8.65049e+00	2.67723e-12
8.66006e+00	2.57086e-12
8.66963e+00	2.46818e-12
8.67920e+00	2.36910e-12
8.68877e+00	2.27352e-12
8.69834e+00	2.18134e-12
8.70791e+00	2.09246e-12
8.71748e+00	2.00678e-12
8.72705e+00	1.92422e-12
8.73661e+00	1.84467e-12
8.74618e+00	1.76803e-12
8.75575e+00	1.69422e-12
8.76532e+00	1.62315e-12
8.77489e+00	1.55473e-12
8.78446e+00	1.48889e-12
8.79403e+00	1.42554e-12
8.80360e+00	1.36459e-12
8.81317e+00	1.30599e-12
8.82274e+00	1.24964e-12
8.83231e+00	1.19547e-12
8.84187e+00	1.14342e-12
8.85144e+00	1.09340e-12
8.86101e+00	1.04536e-12
8.87058e+00	9.99230e-13
8.88015e+00	9.54937e-13
8.88972e+00	9.12420e-13
8.89929e+00	8.71618e-13
8.90886e+00	8.32471e-13
8.91843e+00	7.94920e-13
8.92800e+00	7.58890e-13
8.93757e+00	7.24427e-13
8.94714e+00	6.91269e-13
8.95670e+00	6.59546e-13
8.96627e+00	6.29146e-13
8.97584e+00	6.00033e-13
8.98541e+00	5.72160e-13
8.99498e+00	5.45483e-13
9.00455e+00	5.19975e-13
9.01412e+00	4.95589e-13
9.02369e+00	4.72280e-13
9.03326e+00	4.50019e-13
9.04283e+00	4.28767e-13
9.05240e+00	4.08483e-13
9.06196e+00	3.89128e-13
9.07153e+00	3.70660e-13
9.08110e+00	3.53042e-13
9.09067e+00	3.36237e-13
9.10024e+00	3.20210e-13
9.10981e+00	3.04927e-13
9.11938e+00	2.90356e-13
9.12895e+00	2.76467e-13
9.13852e+00	2.63229e-13
9.14809e+00	2.50613e-13
9.15766e+00	2.38594e-13
9.16723e+00	2.27143e-13
9.17679e+00	2.16237e-13
9.18636e+00	2.05851e-13
9.19593e+00	1.95962e-13
9.20550e+00	1.86549e-13
9.21507e+00	1.77589e-13
9.22464e+00	1.69063e-13
9.23421e+00	1.60951e-13
9.24378e+00	1.53235e-13
9.25335e+00	1.45897e-13
9.26292e+00	1.38920e-13
9.27249e+00	1.32288e-13
9.28205e+00	1.25986e-13
9.29162e+00	1.19999e-13
9.30119e+00	1.14312e-13
9.31076e+00	1.08915e-13
9.32033e+00	1.03792e-13
9.32990e+00	9.89328e-14
9.33947e+00	9.43242e-14
9.34904e+00	8.99553e-14
9.35861e+00	8.58150e-14
9.36818e+00	8.18932e-14
9.37775e+00	7.81799e-14
9.38732e+00	7.46656e-14
9.39688e+00	7.13415e-14
9.40645e+00	6.81988e-14
9.41602e+00	6.52296e-14
9.42559e+00	6.24258e-14
9.43516e+00	5.97803e-14
9.44473e+00	5.72858e-14
9.45430e+00	5.49358e-14
9.46387e+00	5.27237e-14
9.47344e+00	5.06435e-14
9.48301e+00	4.86894e-14
9.49258e+00	4.68559e-14
9.50214e+00	4.51379e-14
9.51171e+00	4.35304e-14
9.52128e+00	4.20290e-14
9.53085e+00	4.06299e-14
9.54042e+00	3.93306e-14
9.54999e+00	3.81288e-14
9.55956e+00	3.70982e-14
9.56913e+00	3.56451e-14
