# The ell = 1 distribution, the first anisotropy.
# E_N [Td]	6.00000e+00
# col_1: Electron Energy [eV], col_2: f1 [eV^(-3/2)]
eV	f1
1.60634e-02	3.73569e-05
3.21267e-02	6.25344e-05
4.81901e-02	8.50212e-05
6.42534e-02	1.02162e-04
8.03168e-02	1.17097e-04
9.63802e-02	1.30331e-04
1.12444e-01	1.42433e-04
1.28507e-01	1.54077e-04
1.44570e-01	1.65608e-04
1.60634e-01	1.76642e-04
1.76697e-01	1.88503e-04
1.92760e-01	2.00269e-04
2.08824e-01	2.12711e-04
2.24887e-01	2.25741e-04
2.40950e-01	2.39846e-04
2.57014e-01	2.55972e-04
2.73077e-01	2.73393e-04
2.89140e-01	2.92932e-04
3.05204e-01	3.13666e-04
3.21267e-01	3.34024e-04
3.37331e-01	3.56619e-04
3.53394e-01	3.83801e-04
3.69457e-01	4.14626e-04
3.85521e-01	4.54404e-04
4.01584e-01	5.04323e-04
4.17647e-01	5.63974e-04
4.33711e-01	6.37937e-04
4.49774e-01	7.23553e-04
4.65837e-01	8.19782e-04
4.81901e-01	9.34084e-04
4.97964e-01	1.06333e-03
5.14028e-01	1.20385e-03
5.30091e-01	1.37448e-03
5.46154e-01	1.57170e-03
5.62218e-01	1.78971e-03
5.78281e-01	2.03256e-03
5.94344e-01	2.30353e-03
6.10408e-01	2.59673e-03
6.26471e-01	2.91251e-03
6.42534e-01	3.28324e-03
6.58598e-01	3.69908e-03
6.74661e-01	4.15075e-03
6.90725e-01	4.66456e-03
7.06788e-01	5.25156e-03
7.22851e-01	5.89786e-03
7.38915e-01	6.58992e-03
7.54978e-01	7.35593e-03
7.71041e-01	8.17937e-03
7.87105e-01	9.04640e-03
8.03168e-01	9.94494e-03
8.19231e-01	1.08668e-02
8.35295e-01	1.18071e-02
8.51358e-01	1.27584e-02
8.67421e-01	1.37269e-02
8.83485e-01	1.47608e-02
8.99548e-01	1.58552e-02
9.15612e-01	1.69970e-02
9.31675e-01	1.81846e-02
9.47738e-01	1.94723e-02
9.63802e-01	2.08600e-02
9.79865e-01	2.23290e-02
9.95928e-01	2.38593e-02
1.01199e+00	2.54504e-02
1.02806e+00	2.71615e-02
1.04412e+00	2.89677e-02
1.06018e+00	3.08479e-02
1.07625e+00	3.27135e-02
1.09231e+00	3.46201e-02
1.10837e+00	3.65658e-02
1.12444e+00	3.85374e-02
1.14050e+00	4.05215e-02
1.15656e+00	4.25291e-02
1.17263e+00	4.45507e-02
1.18869e+00	4.65785e-02
1.20475e+00	4.86032e-02
1.22082e+00	5.06463e-02
1.23688e+00	5.27548e-02
1.25294e+00	5.49053e-02
1.26901e+00	5.70848e-02
1.28507e+00	5.92797e-02
1.30113e+00	6.16175e-02
1.31720e+00	6.41463e-02
1.33326e+00	6.68130e-02
1.34932e+00	6.95892e-02
1.36539e+00	7.24486e-02
1.38145e+00	7.53007e-02
1.39751e+00	7.80035e-02
1.41358e+00	8.05571e-02
1.42964e+00	8.29704e-02
1.44570e+00	8.52508e-02
1.46177e+00	8.73635e-02
1.47783e+00	8.93546e-02
1.49389e+00	9.12710e-02
1.50996e+00	9.31185e-02
1.52602e+00	9.48929e-02
1.54208e+00	9.66001e-02
1.55815e+00	9.84173e-02
1.57421e+00	1.00491e-01
1.59027e+00	1.02781e-01
1.60634e+00	1.05245e-01
1.62240e+00	1.07844e-01
1.63846e+00	1.10581e-01
1.65453e+00	1.13241e-01
1.67059e+00	1.15796e-01
1.68665e+00	1.18204e-01
1.70272e+00	1.20467e-01
1.71878e+00	1.22586e-01
1.73484e+00	1.24463e-01
1.75091e+00	1.25847e-01
1.76697e+00	1.26670e-01
1.78303e+00	1.26979e-01
1.79910e+00	1.26795e-01
1.81516e+00	1.26102e-01
1.83122e+00	1.25005e-01
1.84729e+00	1.23581e-01
1.86335e+00	1.21726e-01
1.87941e+00	1.19355e-01
1.89548e+00	1.16380e-01
1.91154e+00	1.12879e-01
1.92760e+00	1.08901e-01
1.94367e+00	1.04592e-01
1.95973e+00	1.00050e-01
1.97579e+00	9.54108e-02
1.99186e+00	9.07002e-02
2.00792e+00	8.59338e-02
2.02398e+00	8.12178e-02
2.04005e+00	7.67659e-02
2.05611e+00	7.26409e-02
2.07217e+00	6.88154e-02
2.08824e+00	6.52565e-02
2.10430e+00	6.19448e-02
2.12036e+00	5.87565e-02
2.13643e+00	5.55185e-02
2.15249e+00	5.23067e-02
2.16855e+00	4.92067e-02
2.18462e+00	4.62297e-02
2.20068e+00	4.33724e-02
2.21674e+00	4.06539e-02
2.23281e+00	3.80984e-02
2.24887e+00	3.57169e-02
2.26493e+00	3.34933e-02
2.28100e+00	3.14135e-02
2.29706e+00	2.94816e-02
2.31312e+00	2.76620e-02
2.32919e+00	2.59490e-02
2.34525e+00	2.43334e-02
2.36131e+00	2.28183e-02
2.37738e+00	2.13848e-02
2.39344e+00	2.00315e-02
2.40950e+00	1.87868e-02
2.42557e+00	1.76577e-02
2.44163e+00	1.65672e-02
2.45769e+00	1.55140e-02
2.47376e+00	1.44874e-02
2.48982e+00	1.35112e-02
2.50588e+00	1.26030e-02
2.52195e+00	1.17552e-02
2.53801e+00	1.09640e-02
2.55407e+00	1.02422e-02
2.57014e+00	9.57790e-03
2.58620e+00	8.96595e-03
2.60226e+00	8.41797e-03
2.61833e+00	7.89811e-03
2.63439e+00	7.40630e-03
2.65045e+00	6.93931e-03
2.66652e+00	6.50234e-03
2.68258e+00	6.09285e-03
2.69864e+00	5.70660e-03
2.71471e+00	5.34848e-03
2.73077e+00	5.02618e-03
2.74683e+00	4.74063e-03
2.76290e+00	4.48686e-03
2.77896e+00	4.24798e-03
2.79502e+00	4.02140e-03
2.81109e+00	3.80864e-03
2.82715e+00	3.60474e-03
2.84321e+00	3.40465e-03
2.85928e+00	3.20907e-03
2.87534e+00	3.01438e-03
2.89140e+00	2.82544e-03
2.90747e+00	2.65190e-03
2.92353e+00	2.49312e-03
2.93960e+00	2.34841e-03
2.95566e+00	2.21708e-03
2.97172e+00	2.09866e-03
2.98779e+00	1.99369e-03
3.00385e+00	1.89794e-03
3.01991e+00	1.80836e-03
3.03598e+00	1.72199e-03
3.05204e+00	1.63852e-03
3.06810e+00	1.55814e-03
3.08417e+00	1.48086e-03
3.10023e+00	1.40662e-03
3.11629e+00	1.33712e-03
3.13236e+00	1.27210e-03
3.14842e+00	1.21210e-03
3.16448e+00	1.15629e-03
3.18055e+00	1.10309e-03
3.19661e+00	1.05220e-03
3.21267e+00	1.00354e-03
3.22874e+00	9.56978e-04
3.24480e+00	9.12379e-04
3.26086e+00	8.69509e-04
3.27693e+00	8.28689e-04
3.29299e+00	7.90304e-04
3.30905e+00	7.54436e-04
3.32512e+00	7.21194e-04
3.34118e+00	6.90355e-04
3.35724e+00	6.61595e-04
3.37331e+00	6.34847e-04
3.38937e+00	6.09884e-04
3.40543e+00	5.86525e-04
3.42150e+00	5.64667e-04
3.43756e+00	5.43686e-04
3.45362e+00	5.23695e-04
3.46969e+00	5.04657e-04
3.48575e+00	4.86560e-04
3.50181e+00	4.69433e-04
3.51788e+00	4.53174e-04
3.53394e+00	4.37674e-04
3.55000e+00	4.22858e-04
3.56607e+00	4.08592e-04
3.58213e+00	3.94756e-04
3.59819e+00	3.81381e-04
3.61426e+00	3.68536e-04
3.63032e+00	3.56201e-04
3.64638e+00	3.44351e-04
3.66245e+00	3.32968e-04
3.67851e+00	3.22068e-04
3.69457e+00	3.11643e-04
3.71064e+00	3.01663e-04
3.72670e+00	2.92169e-04
3.74276e+00	2.83189e-04
3.75883e+00	2.74740e-04
3.77489e+00	2.66801e-04
3.79095e+00	2.59392e-04
3.80702e+00	2.52495e-04
3.82308e+00	2.46085e-04
3.83914e+00	2.40150e-04
3.85521e+00	2.34661e-04
3.87127e+00	2.29550e-04
3.88733e+00	2.24636e-04
3.90340e+00	2.19937e-04
3.91946e+00	2.15433e-04
3.93552e+00	2.11117e-04
3.95159e+00	2.06987e-04
3.96765e+00	2.03031e-04
3.98371e+00	1.99269e-04
3.99978e+00	1.95671e-04
4.01584e+00	1.92199e-04
4.03190e+00	1.88843e-04
4.04797e+00	1.85543e-04
4.06403e+00	1.82290e-04
4.08009e+00	1.79093e-04
4.09616e+00	1.75940e-04
4.11222e+00	1.72834e-04
4.12828e+00	1.69774e-04
4.14435e+00	1.66754e-04
4.16041e+00	1.63774e-04
4.17647e+00	1.60833e-04
4.19254e+00	1.57930e-04
4.20860e+00	1.55062e-04
4.22466e+00	1.52228e-04
4.24073e+00	1.49426e-04
4.25679e+00	1.46657e-04
4.27285e+00	1.43907e-04
4.28892e+00	1.41176e-04
4.30498e+00	1.38462e-04
4.32104e+00	1.35766e-04
4.33711e+00	1.33086e-04
4.35317e+00	1.30423e-04
4.36923e+00	1.27777e-04
4.38530e+00	1.25151e-04
4.40136e+00	1.22546e-04
4.41742e+00	1.19962e-04
4.43349e+00	1.17405e-04
4.44955e+00	1.14881e-04
4.46561e+00	1.12386e-04
4.48168e+00	1.09921e-04
4.49774e+00	1.07485e-04
4.51380e+00	1.05078e-04
4.52987e+00	1.02697e-04
4.54593e+00	1.00359e-04
4.56199e+00	9.80784e-05
4.57806e+00	9.58564e-05
4.59412e+00	9.36914e-05
4.61018e+00	9.15825e-05
4.62625e+00	8.95285e-05
4.64231e+00	8.75429e-05
4.65837e+00	8.56311e-05
4.67444e+00	8.37915e-05
4.69050e+00	8.20226e-05
4.70656e+00	8.03232e-05
4.72263e+00	7.86920e-05
4.73869e+00	7.71277e-05
4.75475e+00	7.56290e-05
4.77082e+00	7.41948e-05
4.78688e+00	7.28239e-05
4.80294e+00	7.15149e-05
4.81901e+00	7.02670e-05
4.83507e+00	6.90859e-05
4.85113e+00	6.79787e-05
4.86720e+00	6.69445e-05
4.88326e+00	6.59817e-05
4.89933e+00	6.50890e-05
4.91539e+00	6.42633e-05
4.93145e+00	6.34936e-05
4.94752e+00	6.27672e-05
4.96358e+00	6.20810e-05
4.97964e+00	6.14320e-05
4.99571e+00	6.08199e-05
5.01177e+00	6.02399e-05
5.02783e+00	5.96927e-05
5.04390e+00	5.91733e-05
5.05996e+00	5.86772e-05
5.07602e+00	5.82051e-05
5.09209e+00	5.77561e-05
5.10815e+00	5.73290e-05
5.12421e+00	5.69146e-05
5.14028e+00	5.65037e-05
5.15634e+00	5.60958e-05
5.17240e+00	5.56910e-05
5.18847e+00	5.52891e-05
5.20453e+00	5.48902e-05
5.22059e+00	5.44943e-05
5.23666e+00	5.41013e-05
5.25272e+00	5.37111e-05
5.26878e+00	5.33239e-05
5.28485e+00	5.29396e-05
5.30091e+00	5.25581e-05
5.31697e+00	5.21795e-05
5.33304e+00	5.18036e-05
5.34910e+00	5.14307e-05
5.36516e+00	5.10605e-05
5.38123e+00	5.06931e-05
5.39729e+00	5.03285e-05
5.41335e+00	4.99665e-05
5.42942e+00	4.96073e-05
5.44548e+00	4.92508e-05
5.46154e+00	4.88969e-05
5.47761e+00	4.85456e-05
5.49367e+00	4.81970e-05
5.50973e+00	4.78511e-05
5.52580e+00	4.75077e-05
5.54186e+00	4.71669e-05
5.55792e+00	4.68287e-05
5.57399e+00	4.64931e-05
5.59005e+00	4.61600e-05
5.60611e+00	4.58294e-05
5.62218e+00	4.55013e-05
5.63824e+00	4.51757e-05
5.65430e+00	4.48525e-05
5.67037e+00	4.45318e-05
5.68643e+00	4.42135e-05
5.70249e+00	4.38976e-05
5.71856e+00	4.35842e-05
5.73462e+00	4.32732e-05
5.75068e+00	4.29647e-05
5.76675e+00	4.26585e-05
5.78281e+00	4.23547e-05
5.79887e+00	4.20533e-05
5.81494e+00	4.17543e-05
5.83100e+00	4.14576e-05
5.84706e+00	4.11632e-05
5.86313e+00	4.08710e-05
5.87919e+00	4.05811e-05
5.89525e+00	4.02934e-05
5.91132e+00	4.00086e-05
5.92738e+00	3.97247e-05
5.94344e+00	3.94436e-05
5.95951e+00	3.91647e-05
5.97557e+00	3.88881e-05
5.99163e+00	3.86137e-05
6.00770e+00	3.83410e-05
6.02376e+00	3.80721e-05
6.03982e+00	3.78037e-05
6.05589e+00	3.75362e-05
6.07195e+00	3.72717e-05
6.08801e+00	3.70093e-05
6.10408e+00	3.67489e-05
6.12014e+00	3.64907e-05
6.13620e+00	3.62345e-05
6.15227e+00	3.59803e-05
6.16833e+00	3.57283e-05
6.18439e+00	3.54782e-05
6.20046e+00	3.52302e-05
6.21652e+00	3.49842e-05
6.23258e+00	3.47402e-05
6.24865e+00	3.44981e-05
6.26471e+00	3.42579e-05
6.28077e+00	3.40198e-05
6.29684e+00	3.37834e-05
6.31290e+00	3.35490e-05
6.32896e+00	3.33165e-05
6.34503e+00	3.30858e-05
6.36109e+00	3.28569e-05
6.37715e+00	3.26299e-05
6.39322e+00	3.24047e-05
6.40928e+00	3.21813e-05
6.42534e+00	3.19596e-05
6.44141e+00	3.17398e-05
6.45747e+00	3.15217e-05
6.47353e+00	3.13055e-05
6.48960e+00	3.10909e-05
6.50566e+00	3.08782e-05
6.52172e+00	3.06671e-05
6.53779e+00	3.04577e-05
6.55385e+00	3.02502e-05
6.56991e+00	3.00442e-05
6.58598e+00	2.98400e-05
6.60204e+00	2.96373e-05
6.61810e+00	2.94363e-05
6.63417e+00	2.92368e-05
6.65023e+00	2.90390e-05
6.66629e+00	2.88426e-05
6.68236e+00	2.86480e-05
6.69842e+00	2.84549e-05
6.71448e+00	2.82634e-05
6.73055e+00	2.80734e-05
6.74661e+00	2.78844e-05
6.76267e+00	2.76964e-05
6.77874e+00	2.75091e-05
6.79480e+00	2.73229e-05
6.81086e+00	2.71374e-05
6.82693e+00	2.69528e-05
6.84299e+00	2.67692e-05
6.85906e+00	2.65864e-05
6.87512e+00	2.64045e-05
6.89118e+00	2.62235e-05
6.90725e+00	2.60430e-05
6.92331e+00	2.58638e-05
6.93937e+00	2.56875e-05
6.95544e+00	2.55061e-05
6.97150e+00	2.53284e-05
6.98756e+00	2.51515e-05
7.00363e+00	2.49756e-05
7.01969e+00	2.48009e-05
7.03575e+00	2.46275e-05
7.05182e+00	2.44546e-05
7.06788e+00	2.42852e-05
7.08394e+00	2.41141e-05
7.10001e+00	2.39436e-05
7.11607e+00	2.37751e-05
7.13213e+00	2.36077e-05
7.14820e+00	2.34415e-05
7.16426e+00	2.32764e-05
7.18032e+00	2.31125e-05
7.19639e+00	2.29498e-05
7.21245e+00	2.27882e-05
7.22851e+00	2.26278e-05
7.24458e+00	2.24688e-05
7.26064e+00	2.23113e-05
7.27670e+00	2.21553e-05
7.29277e+00	2.20007e-05
7.30883e+00	2.18475e-05
7.32489e+00	2.16957e-05
7.34096e+00	2.15452e-05
7.35702e+00	2.13960e-05
7.37308e+00	2.12477e-05
7.38915e+00	2.10991e-05
7.40521e+00	2.09500e-05
7.42127e+00	2.08007e-05
7.43734e+00	2.06510e-05
7.45340e+00	2.05012e-05
7.46946e+00	2.03512e-05
7.48553e+00	2.02010e-05
7.50159e+00	2.00508e-05
7.51765e+00	1.99006e-05
7.53372e+00	1.97504e-05
7.54978e+00	1.96000e-05
7.56584e+00	1.94494e-05
7.58191e+00	1.92987e-05
7.59797e+00	1.91478e-05
7.61403e+00	1.89969e-05
7.63010e+00	1.88459e-05
7.64616e+00	1.86948e-05
7.66222e+00	1.85438e-05
7.67829e+00	1.83927e-05
7.69435e+00	1.82417e-05
7.71041e+00	1.80908e-05
7.72648e+00	1.79400e-05
7.74254e+00	1.77893e-05
7.75860e+00	1.76382e-05
7.77467e+00	1.74858e-05
7.79073e+00	1.73319e-05
7.80679e+00	1.71762e-05
7.82286e+00	1.70183e-05
7.83892e+00	1.68581e-05
7.85498e+00	1.66957e-05
7.87105e+00	1.65312e-05
7.88711e+00	1.63645e-05
7.90317e+00	1.61959e-05
7.91924e+00	1.60255e-05
7.93530e+00	1.58535e-05
7.95136e+00	1.56799e-05
7.96743e+00	1.55050e-05
7.98349e+00	1.53289e-05
7.99955e+00	1.51513e-05
8.01562e+00	1.49725e-05
8.03168e+00	1.47924e-05
8.04774e+00	1.46109e-05
8.06381e+00	1.44282e-05
8.07987e+00	1.42443e-05
8.09593e+00	1.40596e-05
8.11200e+00	1.38739e-05
8.12806e+00	1.36877e-05
8.14412e+00	1.35009e-05
8.16019e+00	1.33137e-05
8.17625e+00	1.31263e-05
8.19231e+00	1.29387e-05
8.20838e+00	1.27510e-05
8.22444e+00	1.25635e-05
8.24050e+00	1.23752e-05
8.25657e+00	1.21863e-05
8.27263e+00	1.19968e-05
8.28869e+00	1.18070e-05
8.30476e+00	1.16168e-05
8.32082e+00	1.14260e-05
8.33688e+00	1.12349e-05
8.35295e+00	1.10434e-05
8.36901e+00	1.08516e-05
8.38507e+00	1.06598e-05
8.40114e+00	1.04681e-05
8.41720e+00	1.02766e-05
8.43326e+00	1.00855e-05
8.44933e+00	9.89495e-06
8.46539e+00	9.70453e-06
8.48145e+00	9.51325e-06
8.49752e+00	9.32140e-06
8.51358e+00	9.13014e-06
8.52964e+00	8.93963e-06
8.54571e+00	8.75021e-06
8.56177e+00	8.56234e-06
8.57783e+00	8.37622e-06
8.59390e+00	8.19194e-06
8.60996e+00	8.00955e-06
8.62602e+00	7.82913e-06
8.64209e+00	7.65074e-06
8.65815e+00	7.47443e-06
8.67421e+00	7.30026e-06
8.69028e+00	7.12828e-06
8.70634e+00	6.95855e-06
8.72240e+00	6.79112e-06
8.73847e+00	6.62602e-06
8.75453e+00	6.46323e-06
8.77059e+00	6.30277e-06
8.78666e+00	6.14467e-06
8.80272e+00	5.98896e-06
8.81879e+00	5.83566e-06
8.83485e+00	5.68479e-06
8.85091e+00	5.53636e-06
8.86698e+00	5.39039e-06
8.88304e+00	5.24688e-06
8.89910e+00	5.10585e-06
8.91517e+00	4.96722e-06
8.93123e+00	4.83130e-06
8.94729e+00	4.69752e-06
8.96336e+00	4.56627e-06
8.97942e+00	4.43755e-06
8.99548e+00	4.31139e-06
9.01155e+00	4.18798e-06
9.02761e+00	4.06731e-06
9.04367e+00	3.94955e-06
9.05974e+00	3.83473e-06
9.07580e+00	3.72279e-06
9.09186e+00	3.61367e-06
9.10793e+00	3.50732e-06
9.12399e+00	3.40369e-06
9.14005e+00	3.30272e-06
9.15612e+00	3.20435e-06
9.17218e+00	3.10854e-06
9.18824e+00	3.01523e-06
9.20431e+00	2.92437e-06
9.22037e+00	2.83590e-06
9.23643e+00	2.74978e-06
9.25250e+00	2.66595e-06
9.26856e+00	2.58436e-06
9.28462e+00	2.50500e-06
9.30069e+00	2.42773e-06
9.31675e+00	2.35259e-06
9.33281e+00	2.27950e-06
9.34888e+00	2.20842e-06
9.36494e+00	2.13930e-06
9.38100e+00	2.07210e-06
9.39707e+00	2.00677e-06
9.41313e+00	1.94328e-06
9.42919e+00	1.88157e-06
9.44526e+00	1.82161e-06
9.46132e+00	1.76335e-06
9.47738e+00	1.70676e-06
9.49345e+00	1.65180e-06
9.50951e+00	1.59843e-06
9.52557e+00	1.54660e-06
9.54164e+00	1.49628e-06
9.55770e+00	1.44744e-06
9.57376e+00	1.40003e-06
9.58983e+00	1.35399e-06
9.60589e+00	1.30930e-06
9.62195e+00	1.26590e-06
9.63802e+00	1.22381e-06
9.65408e+00	1.18293e-06
9.67014e+00	1.14325e-06
9.68621e+00	1.10475e-06
9.70227e+00	1.06739e-06
9.71833e+00	1.03114e-06
9.73440e+00	9.95961e-07
9.75046e+00	9.61840e-07
9.76652e+00	9.28748e-07
9.78259e+00	8.96655e-07
9.79865e+00	8.65537e-07
9.81471e+00	8.35368e-07
9.83078e+00	8.06124e-07
9.84684e+00	7.77781e-07
9.86290e+00	7.50317e-07
9.87897e+00	7.23709e-07
9.89503e+00	6.97933e-07
9.91109e+00	6.72968e-07
9.92716e+00	6.48791e-07
9.94322e+00	6.25380e-07
9.95928e+00	6.02719e-07
9.97535e+00	5.80785e-07
9.99141e+00	5.59547e-07
1.00075e+01	5.39045e-07
1.00235e+01	5.19378e-07
1.00396e+01	5.00047e-07
1.00557e+01	4.81564e-07
1.00717e+01	4.63722e-07
1.00878e+01	4.46522e-07
1.01039e+01	4.29937e-07
1.01199e+01	4.13952e-07
1.01360e+01	3.98545e-07
1.01520e+01	3.83694e-07
1.01681e+01	3.69380e-07
1.01842e+01	3.55584e-07
1.02002e+01	3.42287e-07
1.02163e+01	3.29471e-07
1.02324e+01	3.17119e-07
1.02484e+01	3.05216e-07
1.02645e+01	2.93744e-07
1.02806e+01	2.82690e-07
1.02966e+01	2.72038e-07
1.03127e+01	2.61775e-07
1.03287e+01	2.51887e-07
1.03448e+01	2.42361e-07
1.03609e+01	2.33184e-07
1.03769e+01	2.24344e-07
1.03930e+01	2.15829e-07
1.04091e+01	2.07627e-07
1.04251e+01	1.99728e-07
1.04412e+01	1.92121e-07
1.04572e+01	1.84796e-07
1.04733e+01	1.77742e-07
1.04894e+01	1.70950e-07
1.05054e+01	1.64410e-07
1.05215e+01	1.58114e-07
1.05376e+01	1.52053e-07
1.05536e+01	1.46217e-07
1.05697e+01	1.40599e-07
1.05858e+01	1.35177e-07
1.06018e+01	1.30010e-07
1.06179e+01	1.24965e-07
1.06339e+01	1.20118e-07
1.06500e+01	1.15464e-07
1.06661e+01	1.10985e-07
1.06821e+01	1.06677e-07
1.06982e+01	1.02533e-07
1.07143e+01	9.85474e-08
1.07303e+01	9.47137e-08
1.07464e+01	9.10265e-08
1.07625e+01	8.74804e-08
1.07785e+01	8.40701e-08
1.07946e+01	8.07907e-08
1.08106e+01	7.76372e-08
1.08267e+01	7.46050e-08
1.08428e+01	7.16895e-08
1.08588e+01	6.88865e-08
1.08749e+01	6.61916e-08
1.08910e+01	6.36009e-08
1.09070e+01	6.11105e-08
1.09231e+01	5.87167e-08
1.09391e+01	5.64158e-08
1.09552e+01	5.42046e-08
1.09713e+01	5.20796e-08
1.09873e+01	5.00376e-08
1.10034e+01	4.80753e-08
1.10195e+01	4.61897e-08
1.10355e+01	4.43781e-08
1.10516e+01	4.26380e-08
1.10677e+01	4.09665e-08
1.10837e+01	3.93611e-08
1.10998e+01	3.78194e-08
1.11158e+01	3.63390e-08
1.11319e+01	3.49174e-08
1.11480e+01	3.35524e-08
1.11640e+01	3.22420e-08
1.11801e+01	3.09840e-08
1.11962e+01	2.97764e-08
1.12122e+01	2.86161e-08
1.12283e+01	2.75013e-08
1.12444e+01	2.64303e-08
1.12604e+01	2.54017e-08
1.12765e+01	2.44138e-08
1.12925e+01	2.34651e-08
1.13086e+01	2.25543e-08
1.13247e+01	2.16799e-08
1.13407e+01	2.08406e-08
1.13568e+01	2.00351e-08
1.13729e+01	1.92623e-08
1.13889e+01	1.85208e-08
1.14050e+01	1.78096e-08
1.14210e+01	1.71276e-08
1.14371e+01	1.64738e-08
1.14532e+01	1.58470e-08
1.14692e+01	1.52463e-08
1.14853e+01	1.46708e-08
1.15014e+01	1.41195e-08
1.15174e+01	1.35916e-08
1.15335e+01	1.30862e-08
1.15496e+01	1.26024e-08
1.15656e+01	1.21294e-08
1.15817e+01	1.16616e-08
1.15977e+01	1.11999e-08
1.16138e+01	1.07440e-08
1.16299e+01	1.02934e-08
1.16459e+01	9.82619e-09
1.16620e+01	9.35162e-09
1.16781e+01	8.88909e-09
1.16941e+01	8.45180e-09
1.17102e+01	8.04287e-09
1.17263e+01	7.66239e-09
1.17423e+01	7.30493e-09
1.17584e+01	6.96269e-09
1.17744e+01	6.63042e-09
1.17905e+01	6.31061e-09
1.18066e+01	6.00545e-09
1.18226e+01	5.71049e-09
1.18387e+01	5.41148e-09
1.18548e+01	5.08983e-09
1.18708e+01	4.78900e-09
1.18869e+01	4.52012e-09
1.19030e+01	4.26735e-09
1.19190e+01	4.02541e-09
1.19351e+01	3.80071e-09
1.19511e+01	3.59119e-09
1.19672e+01	3.39483e-09
1.19833e+01	3.21014e-09
1.19993e+01	3.03610e-09
1.20154e+01	2.87163e-09
1.20315e+01	2.71601e-09
1.20475e+01	2.56854e-09
1.20636e+01	2.42882e-09
1.20796e+01	2.29645e-09
1.20957e+01	2.17108e-09
1.21118e+01	2.05219e-09
1.21278e+01	1.93934e-09
1.21439e+01	1.83215e-09
1.21600e+01	1.73041e-09
1.21760e+01	1.63386e-09
1.21921e+01	1.54230e-09
1.22082e+01	1.45537e-09
1.22242e+01	1.37270e-09
1.22403e+01	1.29406e-09
1.22563e+01	1.21927e-09
1.22724e+01	1.14819e-09
1.22885e+01	1.08069e-09
1.23045e+01	1.01663e-09
1.23206e+01	9.55981e-10
1.23367e+01	8.98658e-10
1.23527e+01	8.44501e-10
1.23688e+01	7.93350e-10
1.23849e+01	7.45061e-10
1.24009e+01	6.99499e-10
1.24170e+01	6.56440e-10
1.24330e+01	6.15768e-10
1.24491e+01	5.77350e-10
1.24652e+01	5.41076e-10
1.24812e+01	5.06845e-10
1.24973e+01	4.74557e-10
1.25134e+01	4.44111e-10
1.25294e+01	4.15399e-10
1.25455e+01	3.88331e-10
1.25615e+01	3.62903e-10
1.25776e+01	3.38841e-10
1.25937e+01	3.16260e-10
1.26097e+01	2.95041e-10
1.26258e+01	2.75129e-10
1.26419e+01	2.56468e-10
1.26579e+01	2.38985e-10
1.26740e+01	2.22609e-10
1.26901e+01	2.07274e-10
1.27061e+01	1.92939e-10
1.27222e+01	1.79550e-10
1.27382e+01	1.67053e-10
1.27543e+01	1.55397e-10
1.27704e+01	1.44527e-10
1.27864e+01	1.34390e-10
1.28025e+01	1.24940e-10
1.28186e+01	1.16158e-10
1.28346e+01	1.08009e-10
1.28507e+01	1.00465e-10
1.28668e+01	9.35142e-11
1.28828e+01	8.71168e-11
1.28989e+01	8.11897e-11
1.29149e+01	7.56621e-11
1.29310e+01	7.04162e-11
1.29471e+01	6.56135e-11
1.29631e+01	6.12538e-11
1.29792e+01	5.72053e-11
1.29953e+01	5.33967e-11
1.30113e+01	4.97494e-11
1.30274e+01	4.59861e-11
1.30434e+01	4.21616e-11
1.30595e+01	3.85348e-11
1.30756e+01	3.53761e-11
1.30916e+01	3.26186e-11
1.31077e+01	3.02115e-11
1.31238e+01	2.80961e-11
1.31398e+01	2.62016e-11
1.31559e+01	2.44202e-11
1.31720e+01	2.27234e-11
1.31880e+01	2.10842e-11
1.32041e+01	1.95177e-11
1.32201e+01	1.80783e-11
1.32362e+01	1.67960e-11
1.32523e+01	1.56231e-11
1.32683e+01	1.45495e-11
1.32844e+01	1.35623e-11
1.33005e+01	1.26562e-11
1.33165e+01	1.18197e-11
1.33326e+01	1.10456e-11
1.33487e+01	1.03257e-11
1.33647e+01	9.65468e-12
1.33808e+01	9.02604e-12
1.33968e+01	8.43479e-12
1.34129e+01	7.87882e-12
1.34290e+01	7.35477e-12
1.34450e+01	6.85909e-12
1.34611e+01	6.38891e-12
1.34772e+01	5.94450e-12
1.34932e+01	5.53023e-12
1.35093e+01	5.14567e-12
1.35253e+01	4.78694e-12
1.35414e+01	4.45140e-12
1.35575e+01	4.13775e-12
1.35735e+01	3.84468e-12
1.35896e+01	3.57094e-12
1.36057e+01	3.31533e-12
1.36217e+01	3.07698e-12
1.36378e+01	2.85479e-12
1.36539e+01	2.64774e-12
1.36699e+01	2.45488e-12
1.36860e+01	2.27531e-12
1.37020e+01	2.10817e-12
1.37181e+01	1.95267e-12
1.37342e+01	1.80807e-12
1.37502e+01	1.67363e-12
1.37663e+01	1.54871e-12
1.37824e+01	1.43267e-12
1.37984e+01	1.32493e-12
1.38145e+01	1.22489e-12
1.38306e+01	1.13204e-12
1.38466e+01	1.04589e-12
1.38627e+01	9.65971e-13
1.38787e+01	8.91800e-13
1.38948e+01	8.22925e-13
1.39109e+01	7.59010e-13
1.39269e+01	6.99675e-13
1.39430e+01	6.44632e-13
1.39591e+01	5.93601e-13
1.39751e+01	5.46341e-13
1.39912e+01	5.02586e-13
1.40073e+01	4.62062e-13
1.40233e+01	4.24556e-13
1.40394e+01	3.89912e-13
1.40554e+01	3.57907e-13
1.40715e+01	3.28379e-13
1.40876e+01	3.01130e-13
1.41036e+01	2.75998e-13
1.41197e+01	2.52832e-13
1.41358e+01	2.31495e-13
1.41518e+01	2.11852e-13
1.41679e+01	1.93781e-13
1.41839e+01	1.77166e-13
1.42000e+01	1.61898e-13
1.42161e+01	1.47875e-13
1.42321e+01	1.34996e-13
1.42482e+01	1.23173e-13
1.42643e+01	1.12321e-13
1.42803e+01	1.02368e-13
1.42964e+01	9.32442e-14
1.43125e+01	8.48862e-14
1.43285e+01	7.72350e-14
1.43446e+01	7.02352e-14
1.43606e+01	6.38353e-14
1.43767e+01	5.79872e-14
1.43928e+01	5.26469e-14
1.44088e+01	4.77730e-14
1.44249e+01	4.33274e-14
1.44410e+01	3.92748e-14
1.44570e+01	3.55826e-14
1.44731e+01	3.22211e-14
1.44892e+01	2.91625e-14
1.45052e+01	2.63809e-14
1.45213e+01	2.38526e-14
1.45373e+01	2.15561e-14
1.45534e+01	1.94711e-14
1.45695e+01	1.75793e-14
1.45855e+01	1.58637e-14
1.46016e+01	1.43087e-14
1.46177e+01	1.29000e-14
1.46337e+01	1.16245e-14
1.46498e+01	1.04702e-14
1.46658e+01	9.42619e-15
1.46819e+01	8.48233e-15
1.46980e+01	7.62949e-15
1.47140e+01	6.85929e-15
1.47301e+01	6.16406e-15
1.47462e+01	5.53681e-15
1.47622e+01	4.97116e-15
1.47783e+01	4.46131e-15
1.47944e+01	4.00198e-15
1.48104e+01	3.58835e-15
1.48265e+01	3.21604e-15
1.48425e+01	2.88108e-15
1.48586e+01	2.57986e-15
1.48747e+01	2.30913e-15
1.48907e+01	2.06589e-15
1.49068e+01	1.84746e-15
1.49229e+01	1.65139e-15
1.49389e+01	1.47547e-15
1.49550e+01	1.31768e-15
1.49711e+01	1.17623e-15
1.49871e+01	1.04951e-15
1.50032e+01	9.36049e-16
1.50192e+01	8.34543e-16
1.50353e+01	7.43812e-16
1.50514e+01	6.62746e-16
1.50674e+01	5.90348e-16
1.50835e+01	5.25712e-16
1.50996e+01	4.68024e-16
1.51156e+01	4.16551e-16
1.51317e+01	3.70638e-16
1.51477e+01	3.29695e-16
1.51638e+01	2.93195e-16
1.51799e+01	2.60665e-16
1.51959e+01	2.31682e-16
1.52120e+01	2.05866e-16
1.52281e+01	1.82877e-16
1.52441e+01	1.62413e-16
1.52602e+01	1.44200e-16
1.52763e+01	1.27996e-16
1.52923e+01	1.13583e-16
1.53084e+01	1.00767e-16
1.53244e+01	8.93730e-17
1.53405e+01	7.92470e-17
1.53566e+01	7.02500e-17
1.53726e+01	6.22584e-17
1.53887e+01	5.51617e-17
1.54048e+01	4.88615e-17
1.54208e+01	4.32699e-17
1.54369e+01	3.83087e-17
1.54530e+01	3.39078e-17
1.54690e+01	3.00051e-17
1.54851e+01	2.65450e-17
1.55011e+01	2.34784e-17
1.55172e+01	2.07610e-17
1.55333e+01	1.83539e-17
1.55493e+01	1.62221e-17
1.55654e+01	1.43348e-17
1.55815e+01	1.26643e-17
1.55975e+01	1.11861e-17
1.56136e+01	9.87846e-18
1.56296e+01	8.72204e-18
1.56457e+01	7.69967e-18
1.56618e+01	6.79613e-18
1.56778e+01	5.99790e-18
1.56939e+01	5.29296e-18
1.57100e+01	4.67069e-18
1.57260e+01	4.12164e-18
1.57421e+01	3.63745e-18
1.57582e+01	3.21073e-18
1.57742e+01	2.83443e-18
1.57903e+01	2.50223e-18
1.58063e+01	2.20931e-18
1.58224e+01	1.95134e-18
1.58385e+01	1.72445e-18
1.58545e+01	1.52526e-18
1.58706e+01	1.35075e-18
1.58867e+01	1.19824e-18
1.59027e+01	1.06539e-18
1.59188e+01	9.50144e-19
1.59349e+01	8.50694e-19
1.59509e+01	7.65472e-19
1.59670e+01	6.93135e-19
1.59830e+01	6.32538e-19
1.59991e+01	5.82717e-19
1.60152e+01	5.42879e-19
1.60312e+01	5.12354e-19
1.60473e+01	4.90954e-19
1.60634e+01	4.75250e-19
