# The ell = 1 distribution, the first anisotropy.
# E_N [Td]	9.00000e+00
# col_1: Electron Energy [eV], col_2: f1 [eV^(-3/2)]
eV	f1
1.82051e-02	3.91232e-05
3.64103e-02	7.63427e-05
5.46154e-02	1.06942e-04
7.28206e-02	1.33328e-04
9.10257e-02	1.57327e-04
1.09231e-01	1.80219e-04
1.27436e-01	2.02784e-04
1.45641e-01	2.25518e-04
1.63846e-01	2.48674e-04
1.82051e-01	2.72624e-04
2.00257e-01	2.97337e-04
2.18462e-01	3.23817e-04
2.36667e-01	3.51362e-04
2.54872e-01	3.82402e-04
2.73077e-01	4.17119e-04
2.91282e-01	4.55485e-04
3.09487e-01	4.98352e-04
3.27693e-01	5.44514e-04
3.45898e-01	5.99976e-04
3.64103e-01	6.63038e-04
3.82308e-01	7.38350e-04
4.00513e-01	8.32605e-04
4.18718e-01	9.42025e-04
4.36923e-01	1.06873e-03
4.55129e-01	1.21475e-03
4.73334e-01	1.37594e-03
4.91539e-01	1.56057e-03
5.09744e-01	1.76567e-03
5.27949e-01	1.98841e-03
5.46154e-01	2.25339e-03
5.64359e-01	2.55368e-03
5.82565e-01	2.88285e-03
6.00770e-01	3.25400e-03
6.18975e-01	3.66058e-03
6.37180e-01	4.09808e-03
6.55385e-01	4.60961e-03
6.73590e-01	5.18388e-03
6.91795e-01	5.81280e-03
7.10001e-01	6.52984e-03
7.28206e-01	7.32801e-03
7.46411e-01	8.19118e-03
7.64616e-01	9.10435e-03
7.82821e-01	1.00676e-02
8.01026e-01	1.10705e-02
8.19231e-01	1.21087e-02
8.37437e-01	1.31697e-02
8.55642e-01	1.42471e-02
8.73847e-01	1.53382e-02
8.92052e-01	1.64998e-02
9.10257e-01	1.77307e-02
9.28462e-01	1.90197e-02
9.46667e-01	2.03873e-02
9.64873e-01	2.18686e-02
9.83078e-01	2.34478e-02
1.00128e+00	2.51079e-02
1.01949e+00	2.68913e-02
1.03769e+00	2.87616e-02
1.05590e+00	3.07035e-02
1.07410e+00	3.27071e-02
1.09231e+00	3.47626e-02
1.11051e+00	3.68092e-02
1.12872e+00	3.88420e-02
1.14692e+00	4.08715e-02
1.16513e+00	4.28936e-02
1.18333e+00	4.49043e-02
1.20154e+00	4.68999e-02
1.21974e+00	4.89054e-02
1.23795e+00	5.09429e-02
1.25615e+00	5.30083e-02
1.27436e+00	5.50939e-02
1.29257e+00	5.72061e-02
1.31077e+00	5.94942e-02
1.32898e+00	6.18960e-02
1.34718e+00	6.43946e-02
1.36539e+00	6.69737e-02
1.38359e+00	6.94902e-02
1.40180e+00	7.18610e-02
1.42000e+00	7.40970e-02
1.43821e+00	7.62066e-02
1.45641e+00	7.81855e-02
1.47462e+00	8.00065e-02
1.49282e+00	8.17543e-02
1.51103e+00	8.34346e-02
1.52923e+00	8.50457e-02
1.54744e+00	8.65807e-02
1.56564e+00	8.83351e-02
1.58385e+00	9.02908e-02
1.60205e+00	9.24188e-02
1.62026e+00	9.46931e-02
1.63846e+00	9.71414e-02
1.65667e+00	9.95682e-02
1.67487e+00	1.01953e-01
1.69308e+00	1.04269e-01
1.71128e+00	1.06515e-01
1.72949e+00	1.08708e-01
1.74769e+00	1.10482e-01
1.76590e+00	1.11802e-01
1.78410e+00	1.12676e-01
1.80231e+00	1.13110e-01
1.82051e+00	1.13083e-01
1.83872e+00	1.12806e-01
1.85692e+00	1.12166e-01
1.87513e+00	1.11140e-01
1.89333e+00	1.09567e-01
1.91154e+00	1.07492e-01
1.92975e+00	1.04935e-01
1.94795e+00	1.01985e-01
1.96616e+00	9.87643e-02
1.98436e+00	9.53547e-02
2.00257e+00	9.17735e-02
2.02077e+00	8.80334e-02
2.03898e+00	8.44361e-02
2.05718e+00	8.10475e-02
2.07539e+00	7.78480e-02
2.09359e+00	7.48204e-02
2.11180e+00	7.19443e-02
2.13000e+00	6.89525e-02
2.14821e+00	6.58929e-02
2.16641e+00	6.28581e-02
2.18462e+00	5.98953e-02
2.20282e+00	5.70034e-02
2.22103e+00	5.42218e-02
2.23923e+00	5.15785e-02
2.25744e+00	4.90808e-02
2.27564e+00	4.67092e-02
2.29385e+00	4.44687e-02
2.31205e+00	4.23356e-02
2.33026e+00	4.02867e-02
2.34846e+00	3.83257e-02
2.36667e+00	3.64441e-02
2.38487e+00	3.46275e-02
2.40308e+00	3.28852e-02
2.42128e+00	3.13011e-02
2.43949e+00	2.97543e-02
2.45769e+00	2.82175e-02
2.47590e+00	2.66785e-02
2.49410e+00	2.51941e-02
2.51231e+00	2.38055e-02
2.53051e+00	2.24822e-02
2.54872e+00	2.12582e-02
2.56693e+00	2.01288e-02
2.58513e+00	1.90821e-02
2.60334e+00	1.81380e-02
2.62154e+00	1.72247e-02
2.63975e+00	1.63409e-02
2.65795e+00	1.54908e-02
2.67616e+00	1.46812e-02
2.69436e+00	1.39039e-02
2.71257e+00	1.31658e-02
2.73077e+00	1.24967e-02
2.74898e+00	1.19045e-02
2.76718e+00	1.13746e-02
2.78539e+00	1.08646e-02
2.80359e+00	1.03778e-02
2.82180e+00	9.91249e-03
2.84000e+00	9.44713e-03
2.85821e+00	8.98343e-03
2.87641e+00	8.51190e-03
2.89462e+00	8.04981e-03
2.91282e+00	7.62395e-03
2.93103e+00	7.23332e-03
2.94923e+00	6.87806e-03
2.96744e+00	6.55622e-03
2.98564e+00	6.27093e-03
3.00385e+00	6.01252e-03
3.02205e+00	5.76898e-03
3.04026e+00	5.53075e-03
3.05846e+00	5.29726e-03
3.07667e+00	5.06993e-03
3.09487e+00	4.84831e-03
3.11308e+00	4.63762e-03
3.13128e+00	4.43931e-03
3.14949e+00	4.25597e-03
3.16769e+00	4.08449e-03
3.18590e+00	3.91963e-03
3.20411e+00	3.76071e-03
3.22231e+00	3.60732e-03
3.24052e+00	3.45972e-03
3.25872e+00	3.31681e-03
3.27693e+00	3.17970e-03
3.29513e+00	3.05048e-03
3.31334e+00	2.92975e-03
3.33154e+00	2.81833e-03
3.34975e+00	2.71462e-03
3.36795e+00	2.61813e-03
3.38616e+00	2.52835e-03
3.40436e+00	2.44435e-03
3.42257e+00	2.36583e-03
3.44077e+00	2.29010e-03
3.45898e+00	2.21771e-03
3.47718e+00	2.14858e-03
3.49539e+00	2.08278e-03
3.51359e+00	2.02045e-03
3.53180e+00	1.96085e-03
3.55000e+00	1.90371e-03
3.56821e+00	1.84844e-03
3.58641e+00	1.79471e-03
3.60462e+00	1.74261e-03
3.62282e+00	1.69257e-03
3.64103e+00	1.64439e-03
3.65923e+00	1.59802e-03
3.67744e+00	1.55351e-03
3.69564e+00	1.51091e-03
3.71385e+00	1.47006e-03
3.73205e+00	1.43133e-03
3.75026e+00	1.39486e-03
3.76846e+00	1.36068e-03
3.78667e+00	1.32882e-03
3.80487e+00	1.29930e-03
3.82308e+00	1.27201e-03
3.84128e+00	1.24689e-03
3.85949e+00	1.22381e-03
3.87770e+00	1.20217e-03
3.89590e+00	1.18141e-03
3.91411e+00	1.16154e-03
3.93231e+00	1.14250e-03
3.95052e+00	1.12430e-03
3.96872e+00	1.10686e-03
3.98693e+00	1.09034e-03
4.00513e+00	1.07449e-03
4.02334e+00	1.05919e-03
4.04154e+00	1.04425e-03
4.05975e+00	1.02945e-03
4.07795e+00	1.01485e-03
4.09616e+00	1.00040e-03
4.11436e+00	9.86100e-04
4.13257e+00	9.71952e-04
4.15077e+00	9.57932e-04
4.16898e+00	9.44035e-04
4.18718e+00	9.30261e-04
4.20539e+00	9.16600e-04
4.22359e+00	9.03040e-04
4.24180e+00	8.89577e-04
4.26000e+00	8.76194e-04
4.27821e+00	8.62840e-04
4.29641e+00	8.49504e-04
4.31462e+00	8.36184e-04
4.33282e+00	8.22880e-04
4.35103e+00	8.09593e-04
4.36923e+00	7.96326e-04
4.38744e+00	7.83100e-04
4.40564e+00	7.69921e-04
4.42385e+00	7.56787e-04
4.44205e+00	7.43789e-04
4.46026e+00	7.30889e-04
4.47846e+00	7.18105e-04
4.49667e+00	7.05428e-04
4.51488e+00	6.92857e-04
4.53308e+00	6.80389e-04
4.55129e+00	6.68144e-04
4.56949e+00	6.56189e-04
4.58770e+00	6.44525e-04
4.60590e+00	6.33146e-04
4.62411e+00	6.22049e-04
4.64231e+00	6.11317e-04
4.66052e+00	6.00989e-04
4.67872e+00	5.91057e-04
4.69693e+00	5.81515e-04
4.71513e+00	5.72357e-04
4.73334e+00	5.63579e-04
4.75154e+00	5.55173e-04
4.76975e+00	5.47135e-04
4.78795e+00	5.39459e-04
4.80616e+00	5.32137e-04
4.82436e+00	5.25170e-04
4.84257e+00	5.18629e-04
4.86077e+00	5.12526e-04
4.87898e+00	5.06853e-04
4.89718e+00	5.01602e-04
4.91539e+00	4.96758e-04
4.93359e+00	4.92252e-04
4.95180e+00	4.88006e-04
4.97000e+00	4.83994e-04
4.98821e+00	4.80210e-04
5.00641e+00	4.76632e-04
5.02462e+00	4.73251e-04
5.04282e+00	4.70055e-04
5.06103e+00	4.66999e-04
5.07923e+00	4.64091e-04
5.09744e+00	4.61324e-04
5.11564e+00	4.58686e-04
5.13385e+00	4.56086e-04
5.15206e+00	4.53503e-04
5.17026e+00	4.50938e-04
5.18847e+00	4.48391e-04
5.20667e+00	4.45860e-04
5.22488e+00	4.43347e-04
5.24308e+00	4.40850e-04
5.26129e+00	4.38369e-04
5.27949e+00	4.35906e-04
5.29770e+00	4.33460e-04
5.31590e+00	4.31030e-04
5.33411e+00	4.28616e-04
5.35231e+00	4.26218e-04
5.37052e+00	4.23837e-04
5.38872e+00	4.21473e-04
5.40693e+00	4.19124e-04
5.42513e+00	4.16790e-04
5.44334e+00	4.14473e-04
5.46154e+00	4.12171e-04
5.47975e+00	4.09885e-04
5.49795e+00	4.07614e-04
5.51616e+00	4.05358e-04
5.53436e+00	4.03118e-04
5.55257e+00	4.00893e-04
5.57077e+00	3.98683e-04
5.58898e+00	3.96488e-04
5.60718e+00	3.94308e-04
5.62539e+00	3.92143e-04
5.64359e+00	3.89992e-04
5.66180e+00	3.87856e-04
5.68000e+00	3.85734e-04
5.69821e+00	3.83627e-04
5.71641e+00	3.81534e-04
5.73462e+00	3.79456e-04
5.75282e+00	3.77392e-04
5.77103e+00	3.75343e-04
5.78924e+00	3.73308e-04
5.80744e+00	3.71288e-04
5.82565e+00	3.69281e-04
5.84385e+00	3.67289e-04
5.86206e+00	3.65311e-04
5.88026e+00	3.63346e-04
5.89847e+00	3.61396e-04
5.91667e+00	3.59459e-04
5.93488e+00	3.57532e-04
5.95308e+00	3.55621e-04
5.97129e+00	3.53723e-04
5.98949e+00	3.51840e-04
6.00770e+00	3.49966e-04
6.02590e+00	3.48121e-04
6.04411e+00	3.46267e-04
6.06231e+00	3.44430e-04
6.08052e+00	3.42608e-04
6.09872e+00	3.40799e-04
6.11693e+00	3.39003e-04
6.13513e+00	3.37220e-04
6.15334e+00	3.35450e-04
6.17154e+00	3.33693e-04
6.18975e+00	3.31949e-04
6.20795e+00	3.30217e-04
6.22616e+00	3.28498e-04
6.24436e+00	3.26791e-04
6.26257e+00	3.25097e-04
6.28077e+00	3.23416e-04
6.29898e+00	3.21746e-04
6.31718e+00	3.20088e-04
6.33539e+00	3.18442e-04
6.35359e+00	3.16808e-04
6.37180e+00	3.15186e-04
6.39000e+00	3.13575e-04
6.40821e+00	3.11976e-04
6.42642e+00	3.10388e-04
6.44462e+00	3.08812e-04
6.46283e+00	3.07248e-04
6.48103e+00	3.05695e-04
6.49924e+00	3.04154e-04
6.51744e+00	3.02624e-04
6.53565e+00	3.01104e-04
6.55385e+00	2.99598e-04
6.57206e+00	2.98101e-04
6.59026e+00	2.96616e-04
6.60847e+00	2.95141e-04
6.62667e+00	2.93677e-04
6.64488e+00	2.92223e-04
6.66308e+00	2.90779e-04
6.68129e+00	2.89347e-04
6.69949e+00	2.87925e-04
6.71770e+00	2.86514e-04
6.73590e+00	2.85113e-04
6.75411e+00	2.83717e-04
6.77231e+00	2.82326e-04
6.79052e+00	2.80940e-04
6.80872e+00	2.79560e-04
6.82693e+00	2.78185e-04
6.84513e+00	2.76815e-04
6.86334e+00	2.75450e-04
6.88154e+00	2.74090e-04
6.89975e+00	2.72735e-04
6.91795e+00	2.71381e-04
6.93616e+00	2.70059e-04
6.95436e+00	2.68690e-04
6.97257e+00	2.67349e-04
6.99077e+00	2.66012e-04
7.00898e+00	2.64682e-04
7.02718e+00	2.63360e-04
7.04539e+00	2.62042e-04
7.06360e+00	2.60743e-04
7.08180e+00	2.59442e-04
7.10001e+00	2.58136e-04
7.11821e+00	2.56845e-04
7.13642e+00	2.55561e-04
7.15462e+00	2.54285e-04
7.17283e+00	2.53016e-04
7.19103e+00	2.51755e-04
7.20924e+00	2.50501e-04
7.22744e+00	2.49255e-04
7.24565e+00	2.48020e-04
7.26385e+00	2.46795e-04
7.28206e+00	2.45581e-04
7.30026e+00	2.44377e-04
7.31847e+00	2.43183e-04
7.33667e+00	2.41998e-04
7.35488e+00	2.40824e-04
7.37308e+00	2.39656e-04
7.39129e+00	2.38483e-04
7.40949e+00	2.37304e-04
7.42770e+00	2.36121e-04
7.44590e+00	2.34933e-04
7.46411e+00	2.33741e-04
7.48231e+00	2.32545e-04
7.50052e+00	2.31346e-04
7.51872e+00	2.30144e-04
7.53693e+00	2.28938e-04
7.55513e+00	2.27729e-04
7.57334e+00	2.26514e-04
7.59154e+00	2.25296e-04
7.60975e+00	2.24074e-04
7.62795e+00	2.22847e-04
7.64616e+00	2.21616e-04
7.66436e+00	2.20382e-04
7.68257e+00	2.19144e-04
7.70078e+00	2.17903e-04
7.71898e+00	2.16659e-04
7.73719e+00	2.15412e-04
7.75539e+00	2.14162e-04
7.77360e+00	2.12894e-04
7.79180e+00	2.11608e-04
7.81001e+00	2.10297e-04
7.82821e+00	2.08961e-04
7.84642e+00	2.07596e-04
7.86462e+00	2.06203e-04
7.88283e+00	2.04783e-04
7.90103e+00	2.03336e-04
7.91924e+00	2.01863e-04
7.93744e+00	2.00367e-04
7.95565e+00	1.98847e-04
7.97385e+00	1.97305e-04
7.99206e+00	1.95742e-04
8.01026e+00	1.94155e-04
8.02847e+00	1.92547e-04
8.04667e+00	1.90914e-04
8.06488e+00	1.89258e-04
8.08308e+00	1.87579e-04
8.10129e+00	1.85879e-04
8.11949e+00	1.84160e-04
8.13770e+00	1.82424e-04
8.15590e+00	1.80670e-04
8.17411e+00	1.78900e-04
8.19231e+00	1.77116e-04
8.21052e+00	1.75318e-04
8.22872e+00	1.73508e-04
8.24693e+00	1.71674e-04
8.26513e+00	1.69819e-04
8.28334e+00	1.67944e-04
8.30154e+00	1.66050e-04
8.31975e+00	1.64134e-04
8.33796e+00	1.62196e-04
8.35616e+00	1.60238e-04
8.37437e+00	1.58259e-04
8.39257e+00	1.56263e-04
8.41078e+00	1.54250e-04
8.42898e+00	1.52223e-04
8.44719e+00	1.50183e-04
8.46539e+00	1.48127e-04
8.48360e+00	1.46040e-04
8.50180e+00	1.43926e-04
8.52001e+00	1.41800e-04
8.53821e+00	1.39664e-04
8.55642e+00	1.37523e-04
8.57462e+00	1.35383e-04
8.59283e+00	1.33245e-04
8.61103e+00	1.31111e-04
8.62924e+00	1.28981e-04
8.64744e+00	1.26857e-04
8.66565e+00	1.24739e-04
8.68385e+00	1.22628e-04
8.70206e+00	1.20526e-04
8.72026e+00	1.18434e-04
8.73847e+00	1.16352e-04
8.75667e+00	1.14281e-04
8.77488e+00	1.12221e-04
8.79308e+00	1.10172e-04
8.81129e+00	1.08137e-04
8.82949e+00	1.06115e-04
8.84770e+00	1.04107e-04
8.86590e+00	1.02114e-04
8.88411e+00	1.00136e-04
8.90231e+00	9.81737e-05
8.92052e+00	9.62284e-05
8.93872e+00	9.43010e-05
8.95693e+00	9.23870e-05
8.97514e+00	9.04927e-05
8.99334e+00	8.86183e-05
9.01155e+00	8.67674e-05
9.02975e+00	8.49415e-05
9.04796e+00	8.31444e-05
9.06616e+00	8.13771e-05
9.08437e+00	7.96395e-05
9.10257e+00	7.79309e-05
9.12078e+00	7.62514e-05
9.13898e+00	7.46007e-05
9.15719e+00	7.29785e-05
9.17539e+00	7.13844e-05
9.19360e+00	6.98183e-05
9.21180e+00	6.82798e-05
9.23001e+00	6.67686e-05
9.24821e+00	6.52844e-05
9.26642e+00	6.38268e-05
9.28462e+00	6.23959e-05
9.30283e+00	6.09905e-05
9.32103e+00	5.96112e-05
9.33924e+00	5.82573e-05
9.35744e+00	5.69287e-05
9.37565e+00	5.56249e-05
9.39385e+00	5.43458e-05
9.41206e+00	5.30909e-05
9.43026e+00	5.18600e-05
9.44847e+00	5.06528e-05
9.46667e+00	4.94689e-05
9.48488e+00	4.83082e-05
9.50308e+00	4.71702e-05
9.52129e+00	4.60548e-05
9.53949e+00	4.49615e-05
9.55770e+00	4.38901e-05
9.57590e+00	4.28401e-05
9.59411e+00	4.18106e-05
9.61232e+00	4.08012e-05
9.63052e+00	3.98119e-05
9.64873e+00	3.88428e-05
9.66693e+00	3.78916e-05
9.68514e+00	3.69600e-05
9.70334e+00	3.60466e-05
9.72155e+00	3.51513e-05
9.73975e+00	3.42738e-05
9.75796e+00	3.34140e-05
9.77616e+00	3.25715e-05
9.79437e+00	3.17462e-05
9.81257e+00	3.09377e-05
9.83078e+00	3.01458e-05
9.84898e+00	2.93703e-05
9.86719e+00	2.86110e-05
9.88539e+00	2.78677e-05
9.90360e+00	2.71401e-05
9.92180e+00	2.64280e-05
9.94001e+00	2.57311e-05
9.95821e+00	2.50493e-05
9.97642e+00	2.43824e-05
9.99462e+00	2.37289e-05
1.00128e+01	2.30970e-05
1.00310e+01	2.24729e-05
1.00492e+01	2.18637e-05
1.00674e+01	2.12718e-05
1.00856e+01	2.06950e-05
1.01039e+01	2.01333e-05
1.01221e+01	1.95862e-05
1.01403e+01	1.90536e-05
1.01585e+01	1.85348e-05
1.01767e+01	1.80297e-05
1.01949e+01	1.75378e-05
1.02131e+01	1.70589e-05
1.02313e+01	1.65924e-05
1.02495e+01	1.61382e-05
1.02677e+01	1.56959e-05
1.02859e+01	1.52653e-05
1.03041e+01	1.48460e-05
1.03223e+01	1.44378e-05
1.03405e+01	1.40404e-05
1.03587e+01	1.36536e-05
1.03769e+01	1.32770e-05
1.03951e+01	1.29105e-05
1.04133e+01	1.25537e-05
1.04315e+01	1.22065e-05
1.04498e+01	1.18686e-05
1.04680e+01	1.15397e-05
1.04862e+01	1.12197e-05
1.05044e+01	1.09084e-05
1.05226e+01	1.06054e-05
1.05408e+01	1.03106e-05
1.05590e+01	1.00238e-05
1.05772e+01	9.74426e-06
1.05954e+01	9.47371e-06
1.06136e+01	9.20937e-06
1.06318e+01	8.95027e-06
1.06500e+01	8.69946e-06
1.06682e+01	8.45544e-06
1.06864e+01	8.21819e-06
1.07046e+01	7.98750e-06
1.07228e+01	7.76321e-06
1.07410e+01	7.54515e-06
1.07592e+01	7.33316e-06
1.07774e+01	7.12708e-06
1.07956e+01	6.92676e-06
1.08139e+01	6.73205e-06
1.08321e+01	6.54280e-06
1.08503e+01	6.35887e-06
1.08685e+01	6.18012e-06
1.08867e+01	6.00642e-06
1.09049e+01	5.83762e-06
1.09231e+01	5.67362e-06
1.09413e+01	5.51428e-06
1.09595e+01	5.35950e-06
1.09777e+01	5.20915e-06
1.09959e+01	5.06312e-06
1.10141e+01	4.92126e-06
1.10323e+01	4.78350e-06
1.10505e+01	4.64974e-06
1.10687e+01	4.51988e-06
1.10869e+01	4.39383e-06
1.11051e+01	4.27147e-06
1.11233e+01	4.15272e-06
1.11415e+01	4.03747e-06
1.11598e+01	3.92563e-06
1.11780e+01	3.81712e-06
1.11962e+01	3.71184e-06
1.12144e+01	3.60958e-06
1.12326e+01	3.51026e-06
1.12508e+01	3.41381e-06
1.12690e+01	3.32016e-06
1.12872e+01	3.22923e-06
1.13054e+01	3.14097e-06
1.13236e+01	3.05531e-06
1.13418e+01	2.97218e-06
1.13600e+01	2.89153e-06
1.13782e+01	2.81329e-06
1.13964e+01	2.73741e-06
1.14146e+01	2.66383e-06
1.14328e+01	2.59250e-06
1.14510e+01	2.52335e-06
1.14692e+01	2.45634e-06
1.14874e+01	2.39142e-06
1.15056e+01	2.32854e-06
1.15239e+01	2.26764e-06
1.15421e+01	2.20867e-06
1.15603e+01	2.15114e-06
1.15785e+01	2.09303e-06
1.15967e+01	2.03455e-06
1.16149e+01	1.97566e-06
1.16331e+01	1.91637e-06
1.16513e+01	1.85287e-06
1.16695e+01	1.78671e-06
1.16877e+01	1.72270e-06
1.17059e+01	1.66202e-06
1.17241e+01	1.60503e-06
1.17423e+01	1.55103e-06
1.17605e+01	1.49854e-06
1.17787e+01	1.44662e-06
1.17969e+01	1.39592e-06
1.18151e+01	1.34659e-06
1.18333e+01	1.29749e-06
1.18515e+01	1.24152e-06
1.18698e+01	1.18741e-06
1.18880e+01	1.13858e-06
1.19062e+01	1.09193e-06
1.19244e+01	1.04686e-06
1.19426e+01	1.00446e-06
1.19608e+01	9.64305e-07
1.19790e+01	9.26049e-07
1.19972e+01	8.89515e-07
1.20154e+01	8.54478e-07
1.20336e+01	8.20811e-07
1.20518e+01	7.88404e-07
1.20700e+01	7.57210e-07
1.20882e+01	7.27189e-07
1.21064e+01	6.98274e-07
1.21246e+01	6.70385e-07
1.21428e+01	6.43446e-07
1.21610e+01	6.17434e-07
1.21792e+01	5.92330e-07
1.21974e+01	5.68112e-07
1.22157e+01	5.44686e-07
1.22339e+01	5.22000e-07
1.22521e+01	5.00023e-07
1.22703e+01	4.78743e-07
1.22885e+01	4.58155e-07
1.23067e+01	4.38251e-07
1.23249e+01	4.19069e-07
1.23431e+01	4.00610e-07
1.23613e+01	3.82851e-07
1.23795e+01	3.65773e-07
1.23977e+01	3.49359e-07
1.24159e+01	3.33558e-07
1.24341e+01	3.18346e-07
1.24523e+01	3.03700e-07
1.24705e+01	2.89603e-07
1.24887e+01	2.76041e-07
1.25069e+01	2.63001e-07
1.25251e+01	2.50456e-07
1.25433e+01	2.38394e-07
1.25615e+01	2.26828e-07
1.25798e+01	2.15667e-07
1.25980e+01	2.04980e-07
1.26162e+01	1.94739e-07
1.26344e+01	1.84943e-07
1.26526e+01	1.75581e-07
1.26708e+01	1.66635e-07
1.26890e+01	1.58091e-07
1.27072e+01	1.49943e-07
1.27254e+01	1.42184e-07
1.27436e+01	1.34802e-07
1.27618e+01	1.27783e-07
1.27800e+01	1.21109e-07
1.27982e+01	1.14764e-07
1.28164e+01	1.08749e-07
1.28346e+01	1.03063e-07
1.28528e+01	9.77054e-08
1.28710e+01	9.26850e-08
1.28892e+01	8.79817e-08
1.29074e+01	8.35285e-08
1.29257e+01	7.92139e-08
1.29439e+01	7.51607e-08
1.29621e+01	7.14243e-08
1.29803e+01	6.79002e-08
1.29985e+01	6.45121e-08
1.30167e+01	6.11013e-08
1.30349e+01	5.74586e-08
1.30531e+01	5.36952e-08
1.30713e+01	5.02958e-08
1.30895e+01	4.73156e-08
1.31077e+01	4.46973e-08
1.31259e+01	4.23777e-08
1.31441e+01	4.02629e-08
1.31623e+01	3.82176e-08
1.31805e+01	3.62073e-08
1.31987e+01	3.42255e-08
1.32169e+01	3.23289e-08
1.32351e+01	3.06281e-08
1.32533e+01	2.90484e-08
1.32715e+01	2.75799e-08
1.32898e+01	2.62108e-08
1.33080e+01	2.49314e-08
1.33262e+01	2.37295e-08
1.33444e+01	2.25943e-08
1.33626e+01	2.15188e-08
1.33808e+01	2.04924e-08
1.33990e+01	1.95075e-08
1.34172e+01	1.85625e-08
1.34354e+01	1.76512e-08
1.34536e+01	1.67704e-08
1.34718e+01	1.59145e-08
1.34900e+01	1.50973e-08
1.35082e+01	1.43237e-08
1.35264e+01	1.35883e-08
1.35446e+01	1.28860e-08
1.35628e+01	1.22159e-08
1.35810e+01	1.15768e-08
1.35992e+01	1.09673e-08
1.36174e+01	1.03867e-08
1.36357e+01	9.83395e-09
1.36539e+01	9.30796e-09
1.36721e+01	8.80763e-09
1.36903e+01	8.33186e-09
1.37085e+01	7.87960e-09
1.37267e+01	7.44988e-09
1.37449e+01	7.04172e-09
1.37631e+01	6.65415e-09
1.37813e+01	6.28631e-09
1.37995e+01	5.93729e-09
1.38177e+01	5.60611e-09
1.38359e+01	5.29192e-09
1.38541e+01	4.99399e-09
1.38723e+01	4.71142e-09
1.38905e+01	4.44297e-09
1.39087e+01	4.18808e-09
1.39269e+01	3.94595e-09
1.39451e+01	3.71609e-09
1.39633e+01	3.49798e-09
1.39815e+01	3.29129e-09
1.39998e+01	3.09530e-09
1.40180e+01	2.90948e-09
1.40362e+01	2.73363e-09
1.40544e+01	2.56725e-09
1.40726e+01	2.41002e-09
1.40908e+01	2.26139e-09
1.41090e+01	2.12096e-09
1.41272e+01	1.98837e-09
1.41454e+01	1.86324e-09
1.41636e+01	1.74524e-09
1.41818e+01	1.63402e-09
1.42000e+01	1.52924e-09
1.42182e+01	1.43058e-09
1.42364e+01	1.33767e-09
1.42546e+01	1.25019e-09
1.42728e+01	1.16784e-09
1.42910e+01	1.09038e-09
1.43092e+01	1.01755e-09
1.43274e+01	9.49126e-10
1.43457e+01	8.84878e-10
1.43639e+01	8.24586e-10
1.43821e+01	7.68038e-10
1.44003e+01	7.15033e-10
1.44185e+01	6.65374e-10
1.44367e+01	6.18877e-10
1.44549e+01	5.75363e-10
1.44731e+01	5.34667e-10
1.44913e+01	4.96630e-10
1.45095e+01	4.61093e-10
1.45277e+01	4.27912e-10
1.45459e+01	3.96946e-10
1.45641e+01	3.68064e-10
1.45823e+01	3.41139e-10
1.46005e+01	3.16050e-10
1.46187e+01	2.92684e-10
1.46369e+01	2.70933e-10
1.46551e+01	2.50696e-10
1.46733e+01	2.31875e-10
1.46915e+01	2.14379e-10
1.47098e+01	1.98124e-10
1.47280e+01	1.83029e-10
1.47462e+01	1.69016e-10
1.47644e+01	1.56014e-10
1.47826e+01	1.43955e-10
1.48008e+01	1.32776e-10
1.48190e+01	1.22416e-10
1.48372e+01	1.12820e-10
1.48554e+01	1.03935e-10
1.48736e+01	9.57122e-11
1.48918e+01	8.81049e-11
1.49100e+01	8.10700e-11
1.49282e+01	7.45670e-11
1.49464e+01	6.85579e-11
1.49646e+01	6.30073e-11
1.49828e+01	5.78831e-11
1.50010e+01	5.31557e-11
1.50192e+01	4.87980e-11
1.50374e+01	4.47853e-11
1.50557e+01	4.10919e-11
1.50739e+01	3.76938e-11
1.50921e+01	3.45684e-11
1.51103e+01	3.16945e-11
1.51285e+01	2.90525e-11
1.51467e+01	2.66245e-11
1.51649e+01	2.43935e-11
1.51831e+01	2.23442e-11
1.52013e+01	2.04622e-11
1.52195e+01	1.87344e-11
1.52377e+01	1.71485e-11
1.52559e+01	1.56932e-11
1.52741e+01	1.43581e-11
1.52923e+01	1.31336e-11
1.53105e+01	1.20108e-11
1.53287e+01	1.09814e-11
1.53469e+01	1.00381e-11
1.53651e+01	9.17365e-12
1.53833e+01	8.38182e-12
1.54016e+01	7.65663e-12
1.54198e+01	6.99265e-12
1.54380e+01	6.38487e-12
1.54562e+01	5.82866e-12
1.54744e+01	5.31977e-12
1.54926e+01	4.85428e-12
1.55108e+01	4.42861e-12
1.55290e+01	4.03943e-12
1.55472e+01	3.68371e-12
1.55654e+01	3.35865e-12
1.55836e+01	3.06168e-12
1.56018e+01	2.79043e-12
1.56200e+01	2.54273e-12
1.56382e+01	2.31659e-12
1.56564e+01	2.11020e-12
1.56746e+01	1.92188e-12
1.56928e+01	1.75009e-12
1.57110e+01	1.59344e-12
1.57292e+01	1.45062e-12
1.57474e+01	1.32047e-12
1.57657e+01	1.20189e-12
1.57839e+01	1.09356e-12
1.58021e+01	9.94574e-13
1.58203e+01	9.04171e-13
1.58385e+01	8.21638e-13
1.58567e+01	7.46331e-13
1.58749e+01	6.77646e-13
1.58931e+01	6.15024e-13
1.59113e+01	5.57960e-13
1.59295e+01	5.05982e-13
1.59477e+01	4.58654e-13
1.59659e+01	4.15577e-13
1.59841e+01	3.76391e-13
1.60023e+01	3.40766e-13
1.60205e+01	3.08402e-13
1.60387e+01	2.79020e-13
1.60569e+01	2.52357e-13
1.60751e+01	2.28171e-13
1.60933e+01	2.06242e-13
1.61116e+01	1.86364e-13
1.61298e+01	1.68350e-13
1.61480e+01	1.52032e-13
1.61662e+01	1.37255e-13
1.61844e+01	1.23878e-13
1.62026e+01	1.11772e-13
1.62208e+01	1.00820e-13
1.62390e+01	9.09140e-14
1.62572e+01	8.19576e-14
1.62754e+01	7.38623e-14
1.62936e+01	6.65480e-14
1.63118e+01	5.99411e-14
1.63300e+01	5.39745e-14
1.63482e+01	4.85882e-14
1.63664e+01	4.37274e-14
1.63846e+01	3.93417e-14
1.64028e+01	3.53862e-14
1.64210e+01	3.18199e-14
1.64392e+01	2.86051e-14
1.64574e+01	2.57081e-14
1.64757e+01	2.30986e-14
1.64939e+01	2.07484e-14
1.65121e+01	1.86322e-14
1.65303e+01	1.67273e-14
1.65485e+01	1.50129e-14
1.65667e+01	1.34703e-14
1.65849e+01	1.20829e-14
1.66031e+01	1.08354e-14
1.66213e+01	9.71402e-15
1.66395e+01	8.70630e-15
1.66577e+01	7.80093e-15
1.66759e+01	6.98780e-15
1.66941e+01	6.25772e-15
1.67123e+01	5.60241e-15
1.67305e+01	5.01440e-15
1.67487e+01	4.48689e-15
1.67669e+01	4.01379e-15
1.67851e+01	3.58964e-15
1.68033e+01	3.20945e-15
1.68216e+01	2.86877e-15
1.68398e+01	2.56357e-15
1.68580e+01	2.29024e-15
1.68762e+01	2.04552e-15
1.68944e+01	1.82648e-15
1.69126e+01	1.63048e-15
1.69308e+01	1.45512e-15
1.69490e+01	1.29829e-15
1.69672e+01	1.15806e-15
1.69854e+01	1.03272e-15
1.70036e+01	9.20702e-16
1.70218e+01	8.20641e-16
1.70400e+01	7.31279e-16
1.70582e+01	6.51496e-16
1.70764e+01	5.80286e-16
1.70946e+01	5.16744e-16
1.71128e+01	4.60059e-16
1.71310e+01	4.09504e-16
1.71492e+01	3.64424e-16
1.71674e+01	3.24235e-16
1.71857e+01	2.88415e-16
1.72039e+01	2.56497e-16
1.72221e+01	2.28062e-16
1.72403e+01	2.02736e-16
1.72585e+01	1.80185e-16
1.72767e+01	1.60108e-16
1.72949e+01	1.42239e-16
1.73131e+01	1.26339e-16
1.73313e+01	1.12192e-16
1.73495e+01	9.96087e-17
1.73677e+01	8.84185e-17
1.73859e+01	7.84695e-17
1.74041e+01	6.96258e-17
1.74223e+01	6.17665e-17
1.74405e+01	5.47834e-17
1.74587e+01	4.85800e-17
1.74769e+01	4.30704e-17
1.74951e+01	3.81781e-17
1.75133e+01	3.38348e-17
1.75316e+01	2.99798e-17
1.75498e+01	2.65587e-17
1.75680e+01	2.35233e-17
1.75862e+01	2.08307e-17
1.76044e+01	1.84428e-17
1.76226e+01	1.63254e-17
1.76408e+01	1.44485e-17
1.76590e+01	1.27850e-17
1.76772e+01	1.13111e-17
1.76954e+01	1.00054e-17
1.77136e+01	8.84918e-18
1.77318e+01	7.82545e-18
1.77500e+01	6.91932e-18
1.77682e+01	6.11751e-18
1.77864e+01	5.40824e-18
1.78046e+01	4.78102e-18
1.78228e+01	4.22653e-18
1.78410e+01	3.73663e-18
1.78592e+01	3.30397e-18
1.78774e+01	2.92209e-18
1.78957e+01	2.58528e-18
1.79139e+01	2.28843e-18
1.79321e+01	2.02709e-18
1.79503e+01	1.79731e-18
1.79685e+01	1.59562e-18
1.79867e+01	1.41896e-18
1.80049e+01	1.26462e-18
1.80231e+01	1.13025e-18
1.80413e+01	1.01376e-18
1.80595e+01	9.13348e-19
1.80777e+01	8.27460e-19
1.80959e+01	7.54748e-19
1.81141e+01	6.94066e-19
1.81323e+01	6.44452e-19
1.81505e+01	6.05102e-19
1.81687e+01	5.75345e-19
1.81869e+01	5.54824e-19
1.82051e+01	5.41326e-19
