# The ell = 1 distribution, the first anisotropy.
# E_N [Td]	1.00000e+00
# col_1: Electron Energy [eV], col_2: f1 [eV^(-3/2)]
eV	f1
1.02705e-02	7.94338e-06
2.05411e-02	1.55224e-05
3.08116e-02	1.18304e-05
4.10821e-02	1.60257e-05
5.13527e-02	1.34222e-05
6.16232e-02	1.39209e-05
7.18937e-02	1.30693e-05
8.21642e-02	1.14124e-05
9.24348e-02	1.17801e-05
1.02705e-01	8.97904e-06
1.12976e-01	1.01202e-05
1.23246e-01	6.91813e-06
1.33517e-01	8.24835e-06
1.43787e-01	5.52390e-06
1.54058e-01	6.53881e-06
1.64328e-01	4.44334e-06
1.74599e-01	5.29956e-06
1.84870e-01	3.68911e-06
1.95140e-01	4.56988e-06
2.05411e-01	3.32252e-06
2.15681e-01	4.34445e-06
2.25952e-01	3.38062e-06
2.36222e-01	4.60249e-06
2.46493e-01	3.91814e-06
2.56763e-01	5.22184e-06
2.67034e-01	5.05921e-06
2.77304e-01	6.23587e-06
2.87575e-01	6.62537e-06
2.97845e-01	7.70242e-06
3.08116e-01	8.58926e-06
3.18386e-01	9.61428e-06
3.28657e-01	1.09270e-05
3.38928e-01	1.19556e-05
3.49198e-01	1.36190e-05
3.59469e-01	1.47332e-05
3.69739e-01	1.65599e-05
3.80010e-01	1.80280e-05
3.90280e-01	1.98091e-05
4.00551e-01	2.16310e-05
4.10821e-01	2.34369e-05
4.21092e-01	2.55106e-05
4.31362e-01	2.74487e-05
4.41633e-01	2.96453e-05
4.51903e-01	3.18164e-05
4.62174e-01	3.40773e-05
4.72444e-01	3.64444e-05
4.82715e-01	3.88371e-05
4.92985e-01	4.13304e-05
5.03256e-01	4.38855e-05
5.13527e-01	4.65058e-05
5.23797e-01	4.91745e-05
5.34068e-01	5.19565e-05
5.44338e-01	5.47433e-05
5.54609e-01	5.76286e-05
5.64879e-01	6.05954e-05
5.75150e-01	6.35586e-05
5.85420e-01	6.66638e-05
5.95691e-01	6.97805e-05
6.05961e-01	7.29373e-05
6.16232e-01	7.62511e-05
6.26502e-01	7.95119e-05
6.36773e-01	8.28839e-05
6.47043e-01	8.63570e-05
6.57314e-01	8.98041e-05
6.67585e-01	9.33740e-05
6.77855e-01	9.70035e-05
6.88126e-01	1.00648e-04
6.98396e-01	1.04401e-04
7.08667e-01	1.08199e-04
7.18937e-01	1.12044e-04
7.29208e-01	1.15978e-04
7.39478e-01	1.19960e-04
7.49749e-01	1.24006e-04
7.60019e-01	1.28113e-04
7.70290e-01	1.32293e-04
7.80560e-01	1.36548e-04
7.90831e-01	1.40823e-04
8.01101e-01	1.45215e-04
8.11372e-01	1.49683e-04
8.21642e-01	1.54158e-04
8.31913e-01	1.58754e-04
8.42184e-01	1.63443e-04
8.52454e-01	1.68111e-04
8.62725e-01	1.72909e-04
8.72995e-01	1.77840e-04
8.83266e-01	1.82746e-04
8.93536e-01	1.87723e-04
9.03807e-01	1.92908e-04
9.14077e-01	1.98090e-04
9.24348e-01	2.03187e-04
9.34618e-01	2.08683e-04
9.44889e-01	2.14160e-04
9.55159e-01	2.19448e-04
9.65430e-01	2.25200e-04
9.75700e-01	2.30196e-04
9.85971e-01	2.37591e-04
9.96241e-01	2.42729e-04
1.00651e+00	2.46773e-04
1.01678e+00	2.51896e-04
1.02705e+00	2.57335e-04
1.03732e+00	2.61958e-04
1.04759e+00	2.67039e-04
1.05786e+00	2.72096e-04
1.06814e+00	2.77230e-04
1.07841e+00	2.82404e-04
1.08868e+00	2.87622e-04
1.09895e+00	2.92885e-04
1.10922e+00	2.98190e-04
1.11949e+00	3.03541e-04
1.12976e+00	3.08937e-04
1.14003e+00	3.14375e-04
1.15030e+00	3.19854e-04
1.16057e+00	3.25348e-04
1.17084e+00	3.31042e-04
1.18111e+00	3.36518e-04
1.19138e+00	3.42122e-04
1.20165e+00	3.47826e-04
1.21192e+00	3.53584e-04
1.22219e+00	3.59174e-04
1.23246e+00	3.64911e-04
1.24273e+00	3.70698e-04
1.25300e+00	3.76501e-04
1.26328e+00	3.82338e-04
1.27355e+00	3.88230e-04
1.28382e+00	3.94132e-04
1.29409e+00	4.00113e-04
1.30436e+00	4.06124e-04
1.31463e+00	4.12172e-04
1.32490e+00	4.18261e-04
1.33517e+00	4.24384e-04
1.34544e+00	4.30547e-04
1.35571e+00	4.36747e-04
1.36598e+00	4.42988e-04
1.37625e+00	4.49261e-04
1.38652e+00	4.55574e-04
1.39679e+00	4.61922e-04
1.40706e+00	4.68310e-04
1.41733e+00	4.74729e-04
1.42760e+00	4.81186e-04
1.43787e+00	4.87676e-04
1.44814e+00	4.94211e-04
1.45842e+00	5.00766e-04
1.46869e+00	5.07360e-04
1.47896e+00	5.14218e-04
1.48923e+00	5.20261e-04
1.49950e+00	5.27363e-04
1.50977e+00	5.34525e-04
1.52004e+00	5.41532e-04
1.53031e+00	5.48574e-04
1.54058e+00	5.55659e-04
1.55085e+00	5.62817e-04
1.56112e+00	5.69985e-04
1.57139e+00	5.77188e-04
1.58166e+00	5.84436e-04
1.59193e+00	5.91693e-04
1.60220e+00	5.98993e-04
1.61247e+00	6.06325e-04
1.62274e+00	6.13682e-04
1.63301e+00	6.21077e-04
1.64328e+00	6.28501e-04
1.65356e+00	6.35863e-04
1.66383e+00	6.43423e-04
1.67410e+00	6.51306e-04
1.68437e+00	6.58132e-04
1.69464e+00	6.65522e-04
1.70491e+00	6.72616e-04
1.71518e+00	6.80722e-04
1.72545e+00	6.87564e-04
1.73572e+00	6.94625e-04
1.74599e+00	7.01829e-04
1.75626e+00	7.09038e-04
1.76653e+00	7.16292e-04
1.77680e+00	7.23520e-04
1.78707e+00	7.30787e-04
1.79734e+00	7.38074e-04
1.80761e+00	7.45366e-04
1.81788e+00	7.52681e-04
1.82815e+00	7.60033e-04
1.83843e+00	7.67389e-04
1.84870e+00	7.74763e-04
1.85897e+00	7.82148e-04
1.86924e+00	7.89551e-04
1.87951e+00	7.96968e-04
1.88978e+00	8.04397e-04
1.90005e+00	8.11831e-04
1.91032e+00	8.19307e-04
1.92059e+00	8.26753e-04
1.93086e+00	8.34219e-04
1.94113e+00	8.41697e-04
1.95140e+00	8.49506e-04
1.96167e+00	8.56040e-04
1.97194e+00	8.64405e-04
1.98221e+00	8.72231e-04
1.99248e+00	8.80034e-04
2.00275e+00	8.88357e-04
2.01302e+00	8.94680e-04
2.02329e+00	9.03773e-04
2.03357e+00	9.12202e-04
2.04384e+00	9.20504e-04
2.05411e+00	9.28832e-04
2.06438e+00	9.37141e-04
2.07465e+00	9.45478e-04
2.08492e+00	9.53818e-04
2.09519e+00	9.62155e-04
2.10546e+00	9.70493e-04
2.11573e+00	9.78833e-04
2.12600e+00	9.87171e-04
2.13627e+00	9.95505e-04
2.14654e+00	1.00384e-03
2.15681e+00	1.01216e-03
2.16708e+00	1.02049e-03
2.17735e+00	1.02881e-03
2.18762e+00	1.03711e-03
2.19789e+00	1.04541e-03
2.20816e+00	1.05370e-03
2.21843e+00	1.06198e-03
2.22871e+00	1.07026e-03
2.23898e+00	1.07850e-03
2.24925e+00	1.08674e-03
2.25952e+00	1.09497e-03
2.26979e+00	1.10318e-03
2.28006e+00	1.11137e-03
2.29033e+00	1.11956e-03
2.30060e+00	1.12770e-03
2.31087e+00	1.13584e-03
2.32114e+00	1.14395e-03
2.33141e+00	1.15205e-03
2.34168e+00	1.16009e-03
2.35195e+00	1.16816e-03
2.36222e+00	1.17620e-03
2.37249e+00	1.18420e-03
2.38276e+00	1.19218e-03
2.39303e+00	1.20012e-03
2.40330e+00	1.20807e-03
2.41357e+00	1.21593e-03
2.42385e+00	1.22378e-03
2.43412e+00	1.23159e-03
2.44439e+00	1.23942e-03
2.45466e+00	1.24715e-03
2.46493e+00	1.25458e-03
2.47520e+00	1.26270e-03
2.48547e+00	1.27044e-03
2.49574e+00	1.27817e-03
2.50601e+00	1.28594e-03
2.51628e+00	1.29345e-03
2.52655e+00	1.30088e-03
2.53682e+00	1.30890e-03
2.54709e+00	1.31654e-03
2.55736e+00	1.32416e-03
2.56763e+00	1.33173e-03
2.57790e+00	1.33925e-03
2.58817e+00	1.34671e-03
2.59844e+00	1.35412e-03
2.60871e+00	1.36147e-03
2.61899e+00	1.36877e-03
2.62926e+00	1.37600e-03
2.63953e+00	1.38318e-03
2.64980e+00	1.39032e-03
2.66007e+00	1.39733e-03
2.67034e+00	1.40431e-03
2.68061e+00	1.41121e-03
2.69088e+00	1.41806e-03
2.70115e+00	1.42484e-03
2.71142e+00	1.43149e-03
2.72169e+00	1.43818e-03
2.73196e+00	1.44475e-03
2.74223e+00	1.45126e-03
2.75250e+00	1.45768e-03
2.76277e+00	1.46403e-03
2.77304e+00	1.47030e-03
2.78331e+00	1.47650e-03
2.79358e+00	1.48261e-03
2.80385e+00	1.48864e-03
2.81413e+00	1.49459e-03
2.82440e+00	1.50045e-03
2.83467e+00	1.50623e-03
2.84494e+00	1.51192e-03
2.85521e+00	1.51752e-03
2.86548e+00	1.52303e-03
2.87575e+00	1.52845e-03
2.88602e+00	1.53377e-03
2.89629e+00	1.53900e-03
2.90656e+00	1.54415e-03
2.91683e+00	1.54918e-03
2.92710e+00	1.55412e-03
2.93737e+00	1.55897e-03
2.94764e+00	1.56371e-03
2.95791e+00	1.56832e-03
2.96818e+00	1.57286e-03
2.97845e+00	1.57753e-03
2.98872e+00	1.58150e-03
2.99899e+00	1.58565e-03
3.00927e+00	1.58966e-03
3.01954e+00	1.59357e-03
3.02981e+00	1.59735e-03
3.04008e+00	1.60109e-03
3.05035e+00	1.60468e-03
3.06062e+00	1.60805e-03
3.07089e+00	1.61138e-03
3.08116e+00	1.61459e-03
3.09143e+00	1.61768e-03
3.10170e+00	1.62066e-03
3.11197e+00	1.62353e-03
3.12224e+00	1.62628e-03
3.13251e+00	1.62890e-03
3.14278e+00	1.63141e-03
3.15305e+00	1.63380e-03
3.16332e+00	1.63607e-03
3.17359e+00	1.63823e-03
3.18386e+00	1.64024e-03
3.19414e+00	1.64216e-03
3.20441e+00	1.64397e-03
3.21468e+00	1.64564e-03
3.22495e+00	1.64719e-03
3.23522e+00	1.64862e-03
3.24549e+00	1.64991e-03
3.25576e+00	1.65109e-03
3.26603e+00	1.65214e-03
3.27630e+00	1.65305e-03
3.28657e+00	1.65384e-03
3.29684e+00	1.65450e-03
3.30711e+00	1.65503e-03
3.31738e+00	1.65543e-03
3.32765e+00	1.65571e-03
3.33792e+00	1.65585e-03
3.34819e+00	1.65586e-03
3.35846e+00	1.65574e-03
3.36873e+00	1.65548e-03
3.37900e+00	1.65510e-03
3.38928e+00	1.65458e-03
3.39955e+00	1.65393e-03
3.40982e+00	1.65316e-03
3.42009e+00	1.65224e-03
3.43036e+00	1.65119e-03
3.44063e+00	1.65001e-03
3.45090e+00	1.64870e-03
3.46117e+00	1.64725e-03
3.47144e+00	1.64567e-03
3.48171e+00	1.64396e-03
3.49198e+00	1.64211e-03
3.50225e+00	1.64013e-03
3.51252e+00	1.63802e-03
3.52279e+00	1.63578e-03
3.53306e+00	1.63340e-03
3.54333e+00	1.63089e-03
3.55360e+00	1.62825e-03
3.56387e+00	1.62546e-03
3.57414e+00	1.62257e-03
3.58442e+00	1.61954e-03
3.59469e+00	1.61637e-03
3.60496e+00	1.61308e-03
3.61523e+00	1.60965e-03
3.62550e+00	1.60609e-03
3.63577e+00	1.60240e-03
3.64604e+00	1.59860e-03
3.65631e+00	1.59464e-03
3.66658e+00	1.59057e-03
3.67685e+00	1.58637e-03
3.68712e+00	1.58204e-03
3.69739e+00	1.57758e-03
3.70766e+00	1.57300e-03
3.71793e+00	1.56829e-03
3.72820e+00	1.56346e-03
3.73847e+00	1.55851e-03
3.74874e+00	1.55343e-03
3.75901e+00	1.54823e-03
3.76928e+00	1.54291e-03
3.77956e+00	1.53747e-03
3.78983e+00	1.53191e-03
3.80010e+00	1.52624e-03
3.81037e+00	1.52045e-03
3.82064e+00	1.51454e-03
3.83091e+00	1.50851e-03
3.84118e+00	1.50237e-03
3.85145e+00	1.49612e-03
3.86172e+00	1.48976e-03
3.87199e+00	1.48329e-03
3.88226e+00	1.47671e-03
3.89253e+00	1.47001e-03
3.90280e+00	1.46323e-03
3.91307e+00	1.45633e-03
3.92334e+00	1.44933e-03
3.93361e+00	1.44222e-03
3.94388e+00	1.43502e-03
3.95415e+00	1.42772e-03
3.96442e+00	1.42099e-03
3.97470e+00	1.41162e-03
3.98497e+00	1.40523e-03
3.99524e+00	1.39887e-03
4.00551e+00	1.39174e-03
4.01578e+00	1.38455e-03
4.02605e+00	1.37724e-03
4.03632e+00	1.36981e-03
4.04659e+00	1.36232e-03
4.05686e+00	1.35466e-03
4.06713e+00	1.34650e-03
4.07740e+00	1.33921e-03
4.08767e+00	1.33134e-03
4.09794e+00	1.32341e-03
4.10821e+00	1.31536e-03
4.11848e+00	1.30720e-03
4.12875e+00	1.29893e-03
4.13902e+00	1.29056e-03
4.14929e+00	1.28209e-03
4.15956e+00	1.27351e-03
4.16984e+00	1.26483e-03
4.18011e+00	1.25606e-03
4.19038e+00	1.24719e-03
4.20065e+00	1.23823e-03
4.21092e+00	1.22918e-03
4.22119e+00	1.22005e-03
4.23146e+00	1.21083e-03
4.24173e+00	1.20152e-03
4.25200e+00	1.19214e-03
4.26227e+00	1.18269e-03
4.27254e+00	1.17315e-03
4.28281e+00	1.16355e-03
4.29308e+00	1.15387e-03
4.30335e+00	1.14413e-03
4.31362e+00	1.13432e-03
4.32389e+00	1.12445e-03
4.33416e+00	1.11452e-03
4.34443e+00	1.10453e-03
4.35471e+00	1.09449e-03
4.36498e+00	1.08440e-03
4.37525e+00	1.07425e-03
4.38552e+00	1.06406e-03
4.39579e+00	1.05383e-03
4.40606e+00	1.04355e-03
4.41633e+00	1.03324e-03
4.42660e+00	1.02289e-03
4.43687e+00	1.01250e-03
4.44714e+00	1.00208e-03
4.45741e+00	9.91635e-04
4.46768e+00	9.81163e-04
4.47795e+00	9.70668e-04
4.48822e+00	9.60153e-04
4.49849e+00	9.49620e-04
4.50876e+00	9.39070e-04
4.51903e+00	9.28514e-04
4.52930e+00	9.17940e-04
4.53957e+00	9.07359e-04
4.54985e+00	8.96775e-04
4.56012e+00	8.86188e-04
4.57039e+00	8.75602e-04
4.58066e+00	8.65019e-04
4.59093e+00	8.54442e-04
4.60120e+00	8.43873e-04
4.61147e+00	8.33315e-04
4.62174e+00	8.22770e-04
4.63201e+00	8.12239e-04
4.64228e+00	8.01727e-04
4.65255e+00	7.91235e-04
4.66282e+00	7.80766e-04
4.67309e+00	7.70322e-04
4.68336e+00	7.59905e-04
4.69363e+00	7.49519e-04
4.70390e+00	7.39166e-04
4.71417e+00	7.28838e-04
4.72444e+00	7.18561e-04
4.73471e+00	7.08319e-04
4.74499e+00	6.98116e-04
4.75526e+00	6.87957e-04
4.76553e+00	6.77842e-04
4.77580e+00	6.67774e-04
4.78607e+00	6.57755e-04
4.79634e+00	6.47786e-04
4.80661e+00	6.37870e-04
4.81688e+00	6.28015e-04
4.82715e+00	6.18204e-04
4.83742e+00	6.08457e-04
4.84769e+00	5.98770e-04
4.85796e+00	5.89145e-04
4.86823e+00	5.79584e-04
4.87850e+00	5.70088e-04
4.88877e+00	5.60659e-04
4.89904e+00	5.51304e-04
4.90931e+00	5.42013e-04
4.91958e+00	5.32757e-04
4.92985e+00	5.23667e-04
4.94013e+00	5.14606e-04
4.95040e+00	5.05623e-04
4.96067e+00	4.96715e-04
4.97094e+00	4.87884e-04
4.98121e+00	4.79131e-04
4.99148e+00	4.70458e-04
5.00175e+00	4.61876e-04
5.01202e+00	4.53375e-04
5.02229e+00	4.44841e-04
5.03256e+00	4.36638e-04
5.04283e+00	4.28401e-04
5.05310e+00	4.20258e-04
5.06337e+00	4.12197e-04
5.07364e+00	4.04219e-04
5.08391e+00	3.96327e-04
5.09418e+00	3.88521e-04
5.10445e+00	3.80802e-04
5.11472e+00	3.73172e-04
5.12499e+00	3.65623e-04
5.13527e+00	3.58173e-04
5.14554e+00	3.50809e-04
5.15581e+00	3.43534e-04
5.16608e+00	3.36351e-04
5.17635e+00	3.29258e-04
5.18662e+00	3.22256e-04
5.19689e+00	3.15346e-04
5.20716e+00	3.08528e-04
5.21743e+00	3.01802e-04
5.22770e+00	2.95171e-04
5.23797e+00	2.88631e-04
5.24824e+00	2.82182e-04
5.25851e+00	2.75828e-04
5.26878e+00	2.69566e-04
5.27905e+00	2.63398e-04
5.28932e+00	2.57324e-04
5.29959e+00	2.51342e-04
5.30986e+00	2.45454e-04
5.32013e+00	2.39658e-04
5.33041e+00	2.33956e-04
5.34068e+00	2.28344e-04
5.35095e+00	2.22828e-04
5.36122e+00	2.17403e-04
5.37149e+00	2.12069e-04
5.38176e+00	2.06827e-04
5.39203e+00	2.01675e-04
5.40230e+00	1.96614e-04
5.41257e+00	1.91643e-04
5.42284e+00	1.86762e-04
5.43311e+00	1.81969e-04
5.44338e+00	1.77266e-04
5.45365e+00	1.72650e-04
5.46392e+00	1.68121e-04
5.47419e+00	1.63678e-04
5.48446e+00	1.59322e-04
5.49473e+00	1.55052e-04
5.50500e+00	1.50865e-04
5.51528e+00	1.46763e-04
5.52555e+00	1.42744e-04
5.53582e+00	1.38808e-04
5.54609e+00	1.34953e-04
5.55636e+00	1.31178e-04
5.56663e+00	1.27483e-04
5.57690e+00	1.23869e-04
5.58717e+00	1.20332e-04
5.59744e+00	1.16872e-04
5.60771e+00	1.13489e-04
5.61798e+00	1.10181e-04
5.62825e+00	1.06948e-04
5.63852e+00	1.03789e-04
5.64879e+00	1.00702e-04
5.65906e+00	9.76864e-05
5.66933e+00	9.47417e-05
5.67960e+00	9.18676e-05
5.68987e+00	8.90607e-05
5.70014e+00	8.63223e-05
5.71042e+00	8.36505e-05
5.72069e+00	8.10446e-05
5.73096e+00	7.85033e-05
5.74123e+00	7.60258e-05
5.75150e+00	7.36109e-05
5.76177e+00	7.12577e-05
5.77204e+00	6.89652e-05
5.78231e+00	6.67324e-05
5.79258e+00	6.45575e-05
5.80285e+00	6.24410e-05
5.81312e+00	6.03808e-05
5.82339e+00	5.83760e-05
5.83366e+00	5.64256e-05
5.84393e+00	5.45286e-05
5.85420e+00	5.26841e-05
5.86447e+00	5.08909e-05
5.87474e+00	4.91480e-05
5.88501e+00	4.74545e-05
5.89528e+00	4.58089e-05
5.90556e+00	4.42115e-05
5.91583e+00	4.26626e-05
5.92610e+00	4.11525e-05
5.93637e+00	3.96903e-05
5.94664e+00	3.82714e-05
5.95691e+00	3.68953e-05
5.96718e+00	3.55608e-05
5.97745e+00	3.42671e-05
5.98772e+00	3.30132e-05
5.99799e+00	3.17981e-05
6.00826e+00	3.06210e-05
6.01853e+00	2.94798e-05
6.02880e+00	2.83788e-05
6.03907e+00	2.73095e-05
6.04934e+00	2.62715e-05
6.05961e+00	2.52699e-05
6.06988e+00	2.43010e-05
6.08015e+00	2.33641e-05
6.09042e+00	2.24585e-05
6.10070e+00	2.15832e-05
6.11097e+00	2.07374e-05
6.12124e+00	1.99204e-05
6.13151e+00	1.91314e-05
6.14178e+00	1.83695e-05
6.15205e+00	1.76340e-05
6.16232e+00	1.69243e-05
6.17259e+00	1.62396e-05
6.18286e+00	1.55790e-05
6.19313e+00	1.49419e-05
6.20340e+00	1.43277e-05
6.21367e+00	1.37357e-05
6.22394e+00	1.31651e-05
6.23421e+00	1.26154e-05
6.24448e+00	1.20859e-05
6.25475e+00	1.15761e-05
6.26502e+00	1.10852e-05
6.27529e+00	1.06127e-05
6.28556e+00	1.01580e-05
6.29584e+00	9.72059e-06
6.30611e+00	9.29988e-06
6.31638e+00	8.89534e-06
6.32665e+00	8.50644e-06
6.33692e+00	8.13268e-06
6.34719e+00	7.77355e-06
6.35746e+00	7.42856e-06
6.36773e+00	7.09724e-06
6.37800e+00	6.77913e-06
6.38827e+00	6.47377e-06
6.39854e+00	6.18073e-06
6.40881e+00	5.89960e-06
6.41908e+00	5.62990e-06
6.42935e+00	5.37129e-06
6.43962e+00	5.12337e-06
6.44989e+00	4.88574e-06
6.46016e+00	4.65804e-06
6.47043e+00	4.43990e-06
6.48070e+00	4.23098e-06
6.49098e+00	4.03095e-06
6.50125e+00	3.83946e-06
6.51152e+00	3.65620e-06
6.52179e+00	3.48087e-06
6.53206e+00	3.31313e-06
6.54233e+00	3.15275e-06
6.55260e+00	2.99943e-06
6.56287e+00	2.85287e-06
6.57314e+00	2.71283e-06
6.58341e+00	2.57904e-06
6.59368e+00	2.45125e-06
6.60395e+00	2.32924e-06
6.61422e+00	2.21277e-06
6.62449e+00	2.10161e-06
6.63476e+00	1.99555e-06
6.64503e+00	1.89439e-06
6.65530e+00	1.79791e-06
6.66557e+00	1.70595e-06
6.67585e+00	1.61827e-06
6.68612e+00	1.53473e-06
6.69639e+00	1.45516e-06
6.70666e+00	1.37936e-06
6.71693e+00	1.30720e-06
6.72720e+00	1.23851e-06
6.73747e+00	1.17314e-06
6.74774e+00	1.11094e-06
6.75801e+00	1.05179e-06
6.76828e+00	9.95536e-07
6.77855e+00	9.42060e-07
6.78882e+00	8.91234e-07
6.79909e+00	8.42947e-07
6.80936e+00	7.97071e-07
6.81963e+00	7.53505e-07
6.82990e+00	7.12144e-07
6.84017e+00	6.72886e-07
6.85044e+00	6.35633e-07
6.86071e+00	6.00293e-07
6.87099e+00	5.66776e-07
6.88126e+00	5.34996e-07
6.89153e+00	5.04871e-07
6.90180e+00	4.76323e-07
6.91207e+00	4.49275e-07
6.92234e+00	4.23630e-07
6.93261e+00	3.99439e-07
6.94288e+00	3.76482e-07
6.95315e+00	3.54641e-07
6.96342e+00	3.34064e-07
6.97369e+00	3.14600e-07
6.98396e+00	2.96201e-07
6.99423e+00	2.78812e-07
7.00450e+00	2.62380e-07
7.01477e+00	2.46859e-07
7.02504e+00	2.32200e-07
7.03531e+00	2.18359e-07
7.04558e+00	2.05294e-07
7.05585e+00	1.92963e-07
7.06613e+00	1.81313e-07
7.07640e+00	1.70406e-07
7.08667e+00	1.59994e-07
7.09694e+00	1.50236e-07
7.10721e+00	1.41037e-07
7.11748e+00	1.32371e-07
7.12775e+00	1.24210e-07
7.13802e+00	1.16525e-07
7.14829e+00	1.09290e-07
7.15856e+00	1.02481e-07
7.16883e+00	9.60737e-08
7.17910e+00	9.00465e-08
7.18937e+00	8.43780e-08
7.19964e+00	7.90480e-08
7.20991e+00	7.40376e-08
7.22018e+00	6.93288e-08
7.23045e+00	6.49044e-08
7.24072e+00	6.07482e-08
7.25099e+00	5.68451e-08
7.26127e+00	5.31803e-08
7.27154e+00	4.97403e-08
7.28181e+00	4.65119e-08
7.29208e+00	4.34830e-08
7.30235e+00	4.06418e-08
7.31262e+00	3.79774e-08
7.32289e+00	3.54794e-08
7.33316e+00	3.31380e-08
7.34343e+00	3.09438e-08
7.35370e+00	2.88881e-08
7.36397e+00	2.69627e-08
7.37424e+00	2.51597e-08
7.38451e+00	2.34718e-08
7.39478e+00	2.18920e-08
7.40505e+00	2.04136e-08
7.41532e+00	1.90307e-08
7.42559e+00	1.77372e-08
7.43586e+00	1.65278e-08
7.44613e+00	1.53971e-08
7.45641e+00	1.43405e-08
7.46668e+00	1.33531e-08
7.47695e+00	1.24309e-08
7.48722e+00	1.15695e-08
7.49749e+00	1.07653e-08
7.50776e+00	1.00147e-08
7.51803e+00	9.31411e-09
7.52830e+00	8.66050e-09
7.53857e+00	8.05085e-09
7.54884e+00	7.48232e-09
7.55911e+00	6.95229e-09
7.56938e+00	6.45826e-09
7.57965e+00	5.99791e-09
7.58992e+00	5.56904e-09
7.60019e+00	5.16960e-09
7.61046e+00	4.79765e-09
7.62073e+00	4.45141e-09
7.63100e+00	4.12916e-09
7.64127e+00	3.82932e-09
7.65155e+00	3.55040e-09
7.66182e+00	3.29101e-09
7.67209e+00	3.04983e-09
7.68236e+00	2.82565e-09
7.69263e+00	2.61732e-09
7.70290e+00	2.42376e-09
7.71317e+00	2.24397e-09
7.72344e+00	2.07702e-09
7.73371e+00	1.92203e-09
7.74398e+00	1.77817e-09
7.75425e+00	1.64468e-09
7.76452e+00	1.52085e-09
7.77479e+00	1.40600e-09
7.78506e+00	1.29950e-09
7.79533e+00	1.20078e-09
7.80560e+00	1.10930e-09
7.81587e+00	1.02453e-09
7.82614e+00	9.46009e-10
7.83641e+00	8.73295e-10
7.84669e+00	8.05974e-10
7.85696e+00	7.43661e-10
7.86723e+00	6.85999e-10
7.87750e+00	6.32654e-10
7.88777e+00	5.83314e-10
7.89804e+00	5.37691e-10
7.90831e+00	4.95516e-10
7.91858e+00	4.56537e-10
7.92885e+00	4.20522e-10
7.93912e+00	3.87252e-10
7.94939e+00	3.56528e-10
7.95966e+00	3.28161e-10
7.96993e+00	3.01977e-10
7.98020e+00	2.77814e-10
7.99047e+00	2.55522e-10
8.00074e+00	2.34961e-10
8.01101e+00	2.16001e-10
8.02128e+00	1.98522e-10
8.03156e+00	1.82413e-10
8.04183e+00	1.67570e-10
8.05210e+00	1.53897e-10
8.06237e+00	1.41305e-10
8.07264e+00	1.29711e-10
8.08291e+00	1.19039e-10
8.09318e+00	1.09218e-10
8.10345e+00	1.00182e-10
8.11372e+00	9.18719e-11
8.12399e+00	8.42299e-11
8.13426e+00	7.72045e-11
8.14453e+00	7.07475e-11
8.15480e+00	6.48146e-11
8.16507e+00	5.93645e-11
8.17534e+00	5.43593e-11
8.18561e+00	4.97637e-11
8.19588e+00	4.55454e-11
8.20615e+00	4.16743e-11
8.21642e+00	3.81228e-11
8.22670e+00	3.48652e-11
8.23697e+00	3.18782e-11
8.24724e+00	2.91398e-11
8.25751e+00	2.66300e-11
8.26778e+00	2.43303e-11
8.27805e+00	2.22237e-11
8.28832e+00	2.02945e-11
8.29859e+00	1.85282e-11
8.30886e+00	1.69113e-11
8.31913e+00	1.54317e-11
8.32940e+00	1.40781e-11
8.33967e+00	1.28400e-11
8.34994e+00	1.17078e-11
8.36021e+00	1.06728e-11
8.37048e+00	9.72694e-12
8.38075e+00	8.86265e-12
8.39102e+00	8.07314e-12
8.40129e+00	7.35213e-12
8.41156e+00	6.69384e-12
8.42184e+00	6.09297e-12
8.43211e+00	5.54465e-12
8.44238e+00	5.04441e-12
8.45265e+00	4.58816e-12
8.46292e+00	4.17213e-12
8.47319e+00	3.79288e-12
8.48346e+00	3.44724e-12
8.49373e+00	3.13231e-12
8.50400e+00	2.84544e-12
8.51427e+00	2.58419e-12
8.52454e+00	2.34635e-12
8.53481e+00	2.12986e-12
8.54508e+00	1.93286e-12
8.55535e+00	1.75364e-12
8.56562e+00	1.59064e-12
8.57589e+00	1.44243e-12
8.58616e+00	1.30770e-12
8.59643e+00	1.18526e-12
8.60670e+00	1.07401e-12
8.61698e+00	9.72961e-13
8.62725e+00	8.81197e-13
8.63752e+00	7.97888e-13
8.64779e+00	7.22273e-13
8.65806e+00	6.53660e-13
8.66833e+00	5.91417e-13
8.67860e+00	5.34966e-13
8.68887e+00	4.83781e-13
8.69914e+00	4.37384e-13
8.70941e+00	3.95338e-13
8.71968e+00	3.57243e-13
8.72995e+00	3.22739e-13
8.74022e+00	2.91493e-13
8.75049e+00	2.63206e-13
8.76076e+00	2.37605e-13
8.77103e+00	2.14440e-13
8.78130e+00	1.93484e-13
8.79157e+00	1.74533e-13
8.80184e+00	1.57398e-13
8.81212e+00	1.41909e-13
8.82239e+00	1.27913e-13
8.83266e+00	1.15268e-13
8.84293e+00	1.03847e-13
8.85320e+00	9.35337e-14
8.86347e+00	8.42237e-14
8.87374e+00	7.58212e-14
8.88401e+00	6.82398e-14
8.89428e+00	6.14011e-14
8.90455e+00	5.52337e-14
8.91482e+00	4.96732e-14
8.92509e+00	4.46599e-14
8.93536e+00	4.01491e-14
8.94563e+00	3.60759e-14
8.95590e+00	3.24103e-14
8.96617e+00	2.91109e-14
8.97644e+00	2.61409e-14
8.98671e+00	2.34682e-14
8.99698e+00	2.10637e-14
9.00726e+00	1.89010e-14
9.01753e+00	1.69561e-14
9.02780e+00	1.52077e-14
9.03807e+00	1.36363e-14
9.04834e+00	1.22243e-14
9.05861e+00	1.09558e-14
9.06888e+00	9.81654e-15
9.07915e+00	8.79362e-15
9.08942e+00	7.87538e-15
9.09969e+00	7.05131e-15
9.10996e+00	6.31193e-15
9.12023e+00	5.64871e-15
9.13050e+00	5.05395e-15
9.14077e+00	4.52071e-15
9.15104e+00	4.04275e-15
9.16131e+00	3.61444e-15
9.17158e+00	3.23073e-15
9.18185e+00	2.88705e-15
9.19213e+00	2.57930e-15
9.20240e+00	2.30380e-15
9.21267e+00	2.05722e-15
9.22294e+00	1.83659e-15
9.23321e+00	1.63922e-15
9.24348e+00	1.46271e-15
9.25375e+00	1.30489e-15
9.26402e+00	1.16381e-15
9.27429e+00	1.03773e-15
9.28456e+00	9.25106e-16
9.29483e+00	8.24473e-16
9.30510e+00	7.34617e-16
9.31537e+00	6.54399e-16
9.32564e+00	5.82801e-16
9.33591e+00	5.18911e-16
9.34618e+00	4.61913e-16
9.35645e+00	4.11077e-16
9.36672e+00	3.65748e-16
9.37699e+00	3.25339e-16
9.38727e+00	2.89325e-16
9.39754e+00	2.57235e-16
9.40781e+00	2.28649e-16
9.41808e+00	2.03191e-16
9.42835e+00	1.80525e-16
9.43862e+00	1.60348e-16
9.44889e+00	1.42392e-16
9.45916e+00	1.26416e-16
9.46943e+00	1.12206e-16
9.47970e+00	9.95687e-17
9.48997e+00	8.83337e-17
9.50024e+00	7.83477e-17
9.51051e+00	6.94738e-17
9.52078e+00	6.15902e-17
9.53105e+00	5.45881e-17
9.54132e+00	4.83704e-17
9.55159e+00	4.28506e-17
9.56186e+00	3.79516e-17
9.57213e+00	3.36046e-17
9.58241e+00	2.97484e-17
9.59268e+00	2.63284e-17
9.60295e+00	2.32959e-17
9.61322e+00	2.06078e-17
9.62349e+00	1.82255e-17
9.63376e+00	1.61144e-17
9.64403e+00	1.42456e-17
9.65430e+00	1.25894e-17
9.66457e+00	1.11228e-17
9.67484e+00	9.82520e-18
9.68511e+00	8.67697e-18
9.69538e+00	7.66115e-18
9.70565e+00	6.76269e-18
9.71592e+00	5.96820e-18
9.72619e+00	5.26583e-18
9.73646e+00	4.64503e-18
9.74673e+00	4.09648e-18
9.75700e+00	3.61186e-18
9.76727e+00	3.18384e-18
9.77755e+00	2.80588e-18
9.78782e+00	2.47222e-18
9.79809e+00	2.17773e-18
9.80836e+00	1.91788e-18
9.81863e+00	1.68864e-18
9.82890e+00	1.48645e-18
9.83917e+00	1.30817e-18
9.84944e+00	1.15100e-18
9.85971e+00	1.01248e-18
9.86998e+00	8.90423e-19
9.88025e+00	7.82898e-19
9.89052e+00	6.88197e-19
9.90079e+00	6.04810e-19
9.91106e+00	5.31402e-19
9.92133e+00	4.66794e-19
9.93160e+00	4.09946e-19
9.94187e+00	3.59936e-19
9.95214e+00	3.15952e-19
9.96241e+00	2.77278e-19
9.97269e+00	2.43280e-19
9.98296e+00	2.13400e-19
9.99323e+00	1.87144e-19
1.00035e+01	1.64069e-19
1.00138e+01	1.43798e-19
1.00240e+01	1.26155e-19
1.00343e+01	1.10383e-19
1.00446e+01	9.66940e-20
1.00548e+01	8.46840e-20
1.00651e+01	7.41543e-20
1.00754e+01	6.49232e-20
1.00857e+01	5.68318e-20
1.00959e+01	4.97403e-20
1.01062e+01	4.35261e-20
1.01165e+01	3.80814e-20
1.01267e+01	3.33117e-20
1.01370e+01	2.91339e-20
1.01473e+01	2.54751e-20
1.01576e+01	2.22713e-20
1.01678e+01	1.94662e-20
1.01781e+01	1.70108e-20
1.01884e+01	1.48616e-20
1.01986e+01	1.29807e-20
1.02089e+01	1.13350e-20
1.02192e+01	9.89516e-21
1.02294e+01	8.63573e-21
1.02397e+01	7.53428e-21
1.02500e+01	6.57293e-21
1.02603e+01	5.77761e-21
1.02705e+01	4.81523e-21
