# The ell = 1 distribution, the first anisotropy.
# E_N [Td]	1.25000e+00
# col_1: Electron Energy [eV], col_2: f1 [eV^(-3/2)]
eV	f1
1.13727e-02	6.15072e-06
2.27455e-02	1.02022e-05
3.41182e-02	9.85728e-06
4.54909e-02	9.33666e-06
5.68637e-02	1.02557e-05
6.82364e-02	8.48593e-06
7.96091e-02	8.42338e-06
9.09819e-02	7.93420e-06
1.02355e-01	6.24109e-06
1.13727e-01	6.61902e-06
1.25100e-01	5.01607e-06
1.36473e-01	4.93200e-06
1.47846e-01	4.22185e-06
1.59218e-01	3.51066e-06
1.70591e-01	3.60876e-06
1.81964e-01	2.58451e-06
1.93336e-01	3.12749e-06
2.04709e-01	2.31253e-06
2.16082e-01	2.86391e-06
2.27455e-01	2.50956e-06
2.38827e-01	2.98900e-06
2.50200e-01	3.04162e-06
2.61573e-01	3.54589e-06
2.72946e-01	3.91046e-06
2.84318e-01	4.51132e-06
2.95691e-01	5.11427e-06
3.07064e-01	5.86021e-06
3.18437e-01	6.65189e-06
3.29809e-01	7.56633e-06
3.41182e-01	8.51340e-06
3.52555e-01	9.60550e-06
3.63927e-01	1.06894e-05
3.75300e-01	1.19541e-05
3.86673e-01	1.31666e-05
3.98046e-01	1.45925e-05
4.09418e-01	1.59331e-05
4.20791e-01	1.75019e-05
4.32164e-01	1.89834e-05
4.43537e-01	2.06623e-05
4.54909e-01	2.23026e-05
4.66282e-01	2.40685e-05
4.77655e-01	2.58660e-05
4.89028e-01	2.77266e-05
5.00400e-01	2.96500e-05
5.11773e-01	3.16296e-05
5.23146e-01	3.36489e-05
5.34519e-01	3.57587e-05
5.45891e-01	3.78736e-05
5.57264e-01	4.00911e-05
5.68637e-01	4.23276e-05
5.80009e-01	4.46208e-05
5.91382e-01	4.69968e-05
6.02755e-01	4.93639e-05
6.14128e-01	5.18551e-05
6.25500e-01	5.43347e-05
6.36873e-01	5.68936e-05
6.48246e-01	5.95189e-05
6.59619e-01	6.21460e-05
6.70991e-01	6.48865e-05
6.82364e-01	6.76272e-05
6.93737e-01	7.04354e-05
7.05110e-01	7.33127e-05
7.16482e-01	7.62118e-05
7.27855e-01	7.91878e-05
7.39228e-01	8.22071e-05
7.50600e-01	8.52797e-05
7.61973e-01	8.84025e-05
7.73346e-01	9.15926e-05
7.84719e-01	9.48296e-05
7.96091e-01	9.81047e-05
8.07464e-01	1.01486e-04
8.18837e-01	1.04878e-04
8.30210e-01	1.08343e-04
8.41582e-01	1.11905e-04
8.52955e-01	1.15439e-04
8.64328e-01	1.19111e-04
8.75701e-01	1.22869e-04
8.87073e-01	1.26555e-04
8.98446e-01	1.30454e-04
9.09819e-01	1.34415e-04
9.21191e-01	1.38233e-04
9.32564e-01	1.42396e-04
9.43937e-01	1.46557e-04
9.55310e-01	1.50576e-04
9.66682e-01	1.54968e-04
9.78055e-01	1.58507e-04
9.89428e-01	1.65295e-04
1.00080e+00	1.67286e-04
1.01217e+00	1.71174e-04
1.02355e+00	1.75403e-04
1.03492e+00	1.78926e-04
1.04629e+00	1.82772e-04
1.05766e+00	1.86625e-04
1.06904e+00	1.90541e-04
1.08041e+00	1.94491e-04
1.09178e+00	1.98479e-04
1.10316e+00	2.02505e-04
1.11453e+00	2.06570e-04
1.12590e+00	2.10674e-04
1.13727e+00	2.14816e-04
1.14865e+00	2.18991e-04
1.16002e+00	2.23200e-04
1.17139e+00	2.27523e-04
1.18276e+00	2.31729e-04
1.19414e+00	2.36000e-04
1.20551e+00	2.40464e-04
1.21688e+00	2.44735e-04
1.22826e+00	2.49097e-04
1.23963e+00	2.53514e-04
1.25100e+00	2.57962e-04
1.26237e+00	2.62429e-04
1.27375e+00	2.66947e-04
1.28512e+00	2.71475e-04
1.29649e+00	2.76077e-04
1.30786e+00	2.80698e-04
1.31924e+00	2.85357e-04
1.33061e+00	2.90050e-04
1.34198e+00	2.94777e-04
1.35336e+00	2.99539e-04
1.36473e+00	3.04337e-04
1.37610e+00	3.09167e-04
1.38747e+00	3.14032e-04
1.39885e+00	3.18931e-04
1.41022e+00	3.23864e-04
1.42159e+00	3.28829e-04
1.43296e+00	3.33828e-04
1.44434e+00	3.38863e-04
1.45571e+00	3.43928e-04
1.46708e+00	3.49022e-04
1.47846e+00	3.54341e-04
1.48983e+00	3.58950e-04
1.50120e+00	3.64629e-04
1.51257e+00	3.70092e-04
1.52395e+00	3.75556e-04
1.53532e+00	3.81009e-04
1.54669e+00	3.86572e-04
1.55806e+00	3.92136e-04
1.56944e+00	3.97736e-04
1.58081e+00	4.03378e-04
1.59218e+00	4.09035e-04
1.60356e+00	4.14733e-04
1.61493e+00	4.20462e-04
1.62630e+00	4.26220e-04
1.63767e+00	4.32015e-04
1.64905e+00	4.37815e-04
1.66042e+00	4.43565e-04
1.67179e+00	4.49950e-04
1.68316e+00	4.55252e-04
1.69454e+00	4.61066e-04
1.70591e+00	4.66643e-04
1.71728e+00	4.73157e-04
1.72866e+00	4.78270e-04
1.74003e+00	4.84013e-04
1.75140e+00	4.89700e-04
1.76277e+00	4.95443e-04
1.77415e+00	5.01178e-04
1.78552e+00	5.06945e-04
1.79689e+00	5.12740e-04
1.80826e+00	5.18543e-04
1.81964e+00	5.24383e-04
1.83101e+00	5.30252e-04
1.84238e+00	5.36136e-04
1.85376e+00	5.42042e-04
1.86513e+00	5.47969e-04
1.87650e+00	5.53918e-04
1.88787e+00	5.59887e-04
1.89925e+00	5.65869e-04
1.91062e+00	5.71895e-04
1.92199e+00	5.77904e-04
1.93336e+00	5.83944e-04
1.94474e+00	5.90116e-04
1.95611e+00	5.95981e-04
1.96748e+00	6.01981e-04
1.97886e+00	6.08634e-04
1.99023e+00	6.14945e-04
2.00160e+00	6.21705e-04
2.01297e+00	6.26927e-04
2.02435e+00	6.34421e-04
2.03572e+00	6.41225e-04
2.04709e+00	6.48036e-04
2.05846e+00	6.54864e-04
2.06984e+00	6.61700e-04
2.08121e+00	6.68574e-04
2.09258e+00	6.75455e-04
2.10396e+00	6.82351e-04
2.11533e+00	6.89265e-04
2.12670e+00	6.96190e-04
2.13807e+00	7.03129e-04
2.14945e+00	7.10081e-04
2.16082e+00	7.17042e-04
2.17219e+00	7.24026e-04
2.18356e+00	7.31007e-04
2.19494e+00	7.38000e-04
2.20631e+00	7.45004e-04
2.21768e+00	7.52014e-04
2.22906e+00	7.59045e-04
2.24043e+00	7.66065e-04
2.25180e+00	7.73097e-04
2.26317e+00	7.80136e-04
2.27455e+00	7.87177e-04
2.28592e+00	7.94236e-04
2.29729e+00	8.01279e-04
2.30867e+00	8.08333e-04
2.32004e+00	8.15388e-04
2.33141e+00	8.22455e-04
2.34278e+00	8.29483e-04
2.35416e+00	8.36570e-04
2.36553e+00	8.43637e-04
2.37690e+00	8.50702e-04
2.38827e+00	8.57761e-04
2.39965e+00	8.64835e-04
2.41102e+00	8.71880e-04
2.42239e+00	8.78924e-04
2.43377e+00	8.85965e-04
2.44514e+00	8.93070e-04
2.45651e+00	8.99932e-04
2.46788e+00	9.06993e-04
2.47926e+00	9.14240e-04
2.49063e+00	9.21337e-04
2.50200e+00	9.28478e-04
2.51337e+00	9.35573e-04
2.52475e+00	9.42385e-04
2.53612e+00	9.49869e-04
2.54749e+00	9.57019e-04
2.55887e+00	9.64193e-04
2.57024e+00	9.71346e-04
2.58161e+00	9.78482e-04
2.59298e+00	9.85600e-04
2.60436e+00	9.92699e-04
2.61573e+00	9.99778e-04
2.62710e+00	1.00683e-03
2.63847e+00	1.01387e-03
2.64985e+00	1.02090e-03
2.66122e+00	1.02785e-03
2.67259e+00	1.03480e-03
2.68397e+00	1.04173e-03
2.69534e+00	1.04864e-03
2.70671e+00	1.05547e-03
2.71808e+00	1.06233e-03
2.72946e+00	1.06916e-03
2.74083e+00	1.07595e-03
2.75220e+00	1.08270e-03
2.76357e+00	1.08943e-03
2.77495e+00	1.09611e-03
2.78632e+00	1.10276e-03
2.79769e+00	1.10938e-03
2.80907e+00	1.11595e-03
2.82044e+00	1.12248e-03
2.83181e+00	1.12898e-03
2.84318e+00	1.13544e-03
2.85456e+00	1.14184e-03
2.86593e+00	1.14820e-03
2.87730e+00	1.15452e-03
2.88867e+00	1.16079e-03
2.90005e+00	1.16702e-03
2.91142e+00	1.17320e-03
2.92279e+00	1.17932e-03
2.93417e+00	1.18539e-03
2.94554e+00	1.19142e-03
2.95691e+00	1.19734e-03
2.96828e+00	1.20332e-03
2.97966e+00	1.20926e-03
2.99103e+00	1.21482e-03
3.00240e+00	1.22049e-03
3.01377e+00	1.22608e-03
3.02515e+00	1.23160e-03
3.03652e+00	1.23709e-03
3.04789e+00	1.24256e-03
3.05927e+00	1.24780e-03
3.07064e+00	1.25306e-03
3.08201e+00	1.25825e-03
3.09338e+00	1.26337e-03
3.10476e+00	1.26843e-03
3.11613e+00	1.27343e-03
3.12750e+00	1.27833e-03
3.13887e+00	1.28318e-03
3.15025e+00	1.28796e-03
3.16162e+00	1.29266e-03
3.17299e+00	1.29730e-03
3.18437e+00	1.30183e-03
3.19574e+00	1.30633e-03
3.20711e+00	1.31075e-03
3.21848e+00	1.31508e-03
3.22986e+00	1.31934e-03
3.24123e+00	1.32352e-03
3.25260e+00	1.32762e-03
3.26397e+00	1.33164e-03
3.27535e+00	1.33557e-03
3.28672e+00	1.33942e-03
3.29809e+00	1.34319e-03
3.30947e+00	1.34687e-03
3.32084e+00	1.35047e-03
3.33221e+00	1.35398e-03
3.34358e+00	1.35740e-03
3.35496e+00	1.36073e-03
3.36633e+00	1.36397e-03
3.37770e+00	1.36712e-03
3.38907e+00	1.37018e-03
3.40045e+00	1.37315e-03
3.41182e+00	1.37603e-03
3.42319e+00	1.37881e-03
3.43457e+00	1.38149e-03
3.44594e+00	1.38408e-03
3.45731e+00	1.38658e-03
3.46868e+00	1.38897e-03
3.48006e+00	1.39127e-03
3.49143e+00	1.39347e-03
3.50280e+00	1.39558e-03
3.51417e+00	1.39758e-03
3.52555e+00	1.39948e-03
3.53692e+00	1.40128e-03
3.54829e+00	1.40298e-03
3.55967e+00	1.40457e-03
3.57104e+00	1.40606e-03
3.58241e+00	1.40747e-03
3.59378e+00	1.40876e-03
3.60516e+00	1.40994e-03
3.61653e+00	1.41102e-03
3.62790e+00	1.41199e-03
3.63927e+00	1.41287e-03
3.65065e+00	1.41363e-03
3.66202e+00	1.41427e-03
3.67339e+00	1.41481e-03
3.68477e+00	1.41525e-03
3.69614e+00	1.41557e-03
3.70751e+00	1.41579e-03
3.71888e+00	1.41589e-03
3.73026e+00	1.41589e-03
3.74163e+00	1.41578e-03
3.75300e+00	1.41555e-03
3.76437e+00	1.41522e-03
3.77575e+00	1.41477e-03
3.78712e+00	1.41421e-03
3.79849e+00	1.41355e-03
3.80987e+00	1.41277e-03
3.82124e+00	1.41187e-03
3.83261e+00	1.41087e-03
3.84398e+00	1.40975e-03
3.85536e+00	1.40853e-03
3.86673e+00	1.40719e-03
3.87810e+00	1.40574e-03
3.88948e+00	1.40416e-03
3.90085e+00	1.40250e-03
3.91222e+00	1.40071e-03
3.92359e+00	1.39882e-03
3.93497e+00	1.39681e-03
3.94634e+00	1.39469e-03
3.95771e+00	1.39273e-03
3.96908e+00	1.39025e-03
3.98046e+00	1.38636e-03
3.99183e+00	1.38637e-03
4.00320e+00	1.38432e-03
4.01458e+00	1.38236e-03
4.02595e+00	1.38024e-03
4.03732e+00	1.37799e-03
4.04869e+00	1.37575e-03
4.06007e+00	1.37284e-03
4.07144e+00	1.37042e-03
4.08281e+00	1.36800e-03
4.09418e+00	1.36526e-03
4.10556e+00	1.36241e-03
4.11693e+00	1.35942e-03
4.12830e+00	1.35629e-03
4.13968e+00	1.35302e-03
4.15105e+00	1.34963e-03
4.16242e+00	1.34609e-03
4.17379e+00	1.34242e-03
4.18517e+00	1.33861e-03
4.19654e+00	1.33468e-03
4.20791e+00	1.33061e-03
4.21928e+00	1.32641e-03
4.23066e+00	1.32209e-03
4.24203e+00	1.31762e-03
4.25340e+00	1.31305e-03
4.26478e+00	1.30834e-03
4.27615e+00	1.30350e-03
4.28752e+00	1.29854e-03
4.29889e+00	1.29345e-03
4.31027e+00	1.28824e-03
4.32164e+00	1.28291e-03
4.33301e+00	1.27746e-03
4.34438e+00	1.27189e-03
4.35576e+00	1.26620e-03
4.36713e+00	1.26039e-03
4.37850e+00	1.25447e-03
4.38988e+00	1.24843e-03
4.40125e+00	1.24228e-03
4.41262e+00	1.23602e-03
4.42399e+00	1.22964e-03
4.43537e+00	1.22316e-03
4.44674e+00	1.21657e-03
4.45811e+00	1.20987e-03
4.46948e+00	1.20307e-03
4.48086e+00	1.19617e-03
4.49223e+00	1.18916e-03
4.50360e+00	1.18206e-03
4.51498e+00	1.17486e-03
4.52635e+00	1.16757e-03
4.53772e+00	1.16017e-03
4.54909e+00	1.15269e-03
4.56047e+00	1.14511e-03
4.57184e+00	1.13745e-03
4.58321e+00	1.12970e-03
4.59458e+00	1.12187e-03
4.60596e+00	1.11396e-03
4.61733e+00	1.10596e-03
4.62870e+00	1.09789e-03
4.64008e+00	1.08974e-03
4.65145e+00	1.08151e-03
4.66282e+00	1.07322e-03
4.67419e+00	1.06485e-03
4.68557e+00	1.05642e-03
4.69694e+00	1.04793e-03
4.70831e+00	1.03936e-03
4.71968e+00	1.03073e-03
4.73106e+00	1.02206e-03
4.74243e+00	1.01333e-03
4.75380e+00	1.00454e-03
4.76518e+00	9.95698e-04
4.77655e+00	9.86806e-04
4.78792e+00	9.77867e-04
4.79929e+00	9.68880e-04
4.81067e+00	9.59857e-04
4.82204e+00	9.50785e-04
4.83341e+00	9.41671e-04
4.84478e+00	9.32524e-04
4.85616e+00	9.23343e-04
4.86753e+00	9.14130e-04
4.87890e+00	9.04888e-04
4.89028e+00	8.95620e-04
4.90165e+00	8.86350e-04
4.91302e+00	8.76967e-04
4.92439e+00	8.67676e-04
4.93577e+00	8.58374e-04
4.94714e+00	8.49029e-04
4.95851e+00	8.39673e-04
4.96988e+00	8.30304e-04
4.98126e+00	8.20924e-04
4.99263e+00	8.11538e-04
5.00400e+00	8.02200e-04
5.01538e+00	7.92657e-04
5.02675e+00	7.83331e-04
5.03812e+00	7.74087e-04
5.04949e+00	7.64756e-04
5.06087e+00	7.55434e-04
5.07224e+00	7.46114e-04
5.08361e+00	7.36800e-04
5.09498e+00	7.27493e-04
5.10636e+00	7.18198e-04
5.11773e+00	7.08911e-04
5.12910e+00	6.99639e-04
5.14048e+00	6.90392e-04
5.15185e+00	6.81159e-04
5.16322e+00	6.71948e-04
5.17459e+00	6.62759e-04
5.18597e+00	6.53596e-04
5.19734e+00	6.44459e-04
5.20871e+00	6.35352e-04
5.22008e+00	6.26274e-04
5.23146e+00	6.17240e-04
5.24283e+00	6.08224e-04
5.25420e+00	5.99253e-04
5.26558e+00	5.90320e-04
5.27695e+00	5.81429e-04
5.28832e+00	5.72581e-04
5.29969e+00	5.63777e-04
5.31107e+00	5.55021e-04
5.32244e+00	5.46313e-04
5.33381e+00	5.37654e-04
5.34519e+00	5.29047e-04
5.35656e+00	5.20497e-04
5.36793e+00	5.12000e-04
5.37930e+00	5.03560e-04
5.39068e+00	4.95177e-04
5.40205e+00	4.86855e-04
5.41342e+00	4.78593e-04
5.42479e+00	4.70393e-04
5.43617e+00	4.62257e-04
5.44754e+00	4.54188e-04
5.45891e+00	4.46182e-04
5.47029e+00	4.38244e-04
5.48166e+00	4.30375e-04
5.49303e+00	4.22576e-04
5.50440e+00	4.14849e-04
5.51578e+00	4.07193e-04
5.52715e+00	3.99610e-04
5.53852e+00	3.92102e-04
5.54989e+00	3.84670e-04
5.56127e+00	3.77310e-04
5.57264e+00	3.70032e-04
5.58401e+00	3.62830e-04
5.59539e+00	3.55706e-04
5.60676e+00	3.48661e-04
5.61813e+00	3.41696e-04
5.62950e+00	3.34811e-04
5.64088e+00	3.28007e-04
5.65225e+00	3.21284e-04
5.66362e+00	3.14643e-04
5.67499e+00	3.08087e-04
5.68637e+00	3.01610e-04
5.69774e+00	2.95217e-04
5.70911e+00	2.88908e-04
5.72049e+00	2.82683e-04
5.73186e+00	2.76542e-04
5.74323e+00	2.70485e-04
5.75460e+00	2.64513e-04
5.76598e+00	2.58626e-04
5.77735e+00	2.52824e-04
5.78872e+00	2.47106e-04
5.80009e+00	2.41473e-04
5.81147e+00	2.35927e-04
5.82284e+00	2.30464e-04
5.83421e+00	2.25086e-04
5.84559e+00	2.19793e-04
5.85696e+00	2.14584e-04
5.86833e+00	2.09459e-04
5.87970e+00	2.04418e-04
5.89108e+00	1.99459e-04
5.90245e+00	1.94582e-04
5.91382e+00	1.89810e-04
5.92519e+00	1.85079e-04
5.93657e+00	1.80450e-04
5.94794e+00	1.75901e-04
5.95931e+00	1.71435e-04
5.97069e+00	1.67050e-04
5.98206e+00	1.62747e-04
5.99343e+00	1.58524e-04
6.00480e+00	1.54380e-04
6.01618e+00	1.50311e-04
6.02755e+00	1.46340e-04
6.03892e+00	1.42431e-04
6.05029e+00	1.38580e-04
6.06167e+00	1.34820e-04
6.07304e+00	1.31137e-04
6.08441e+00	1.27530e-04
6.09579e+00	1.23999e-04
6.10716e+00	1.20542e-04
6.11853e+00	1.17159e-04
6.12990e+00	1.13849e-04
6.14128e+00	1.10612e-04
6.15265e+00	1.07445e-04
6.16402e+00	1.04349e-04
6.17539e+00	1.01322e-04
6.18677e+00	9.83642e-05
6.19814e+00	9.54738e-05
6.20951e+00	9.26502e-05
6.22089e+00	8.98923e-05
6.23226e+00	8.71993e-05
6.24363e+00	8.45702e-05
6.25500e+00	8.20040e-05
6.26638e+00	7.94998e-05
6.27775e+00	7.70572e-05
6.28912e+00	7.46739e-05
6.30049e+00	7.23500e-05
6.31187e+00	7.00843e-05
6.32324e+00	6.78759e-05
6.33461e+00	6.57239e-05
6.34599e+00	6.36271e-05
6.35736e+00	6.15848e-05
6.36873e+00	5.95958e-05
6.38010e+00	5.76593e-05
6.39148e+00	5.57743e-05
6.40285e+00	5.39400e-05
6.41422e+00	5.21551e-05
6.42559e+00	5.04189e-05
6.43697e+00	4.87304e-05
6.44834e+00	4.70887e-05
6.45971e+00	4.54929e-05
6.47109e+00	4.39420e-05
6.48246e+00	4.24351e-05
6.49383e+00	4.09713e-05
6.50520e+00	3.95498e-05
6.51658e+00	3.81696e-05
6.52795e+00	3.68297e-05
6.53932e+00	3.55291e-05
6.55069e+00	3.42679e-05
6.56207e+00	3.30441e-05
6.57344e+00	3.18572e-05
6.58481e+00	3.07065e-05
6.59619e+00	2.95909e-05
6.60756e+00	2.85098e-05
6.61893e+00	2.74623e-05
6.63030e+00	2.64475e-05
6.64168e+00	2.54648e-05
6.65305e+00	2.45132e-05
6.66442e+00	2.35922e-05
6.67579e+00	2.27007e-05
6.68717e+00	2.18381e-05
6.69854e+00	2.10037e-05
6.70991e+00	2.01968e-05
6.72129e+00	1.94167e-05
6.73266e+00	1.86625e-05
6.74403e+00	1.79338e-05
6.75540e+00	1.72296e-05
6.76678e+00	1.65495e-05
6.77815e+00	1.58927e-05
6.78952e+00	1.52585e-05
6.80089e+00	1.46466e-05
6.81227e+00	1.40558e-05
6.82364e+00	1.34859e-05
6.83501e+00	1.29362e-05
6.84639e+00	1.24061e-05
6.85776e+00	1.18951e-05
6.86913e+00	1.14026e-05
6.88050e+00	1.09280e-05
6.89188e+00	1.04708e-05
6.90325e+00	1.00304e-05
6.91462e+00	9.60633e-06
6.92600e+00	9.19683e-06
6.93737e+00	8.80860e-06
6.94874e+00	8.42590e-06
6.96011e+00	8.06172e-06
6.97149e+00	7.71137e-06
6.98286e+00	7.37468e-06
6.99423e+00	7.05118e-06
7.00560e+00	6.74041e-06
7.01698e+00	6.44194e-06
7.02835e+00	6.15535e-06
7.03972e+00	5.88024e-06
7.05110e+00	5.61618e-06
7.06247e+00	5.36235e-06
7.07384e+00	5.12090e-06
7.08521e+00	4.88641e-06
7.09659e+00	4.66238e-06
7.10796e+00	4.44786e-06
7.11933e+00	4.24232e-06
7.13070e+00	4.04543e-06
7.14208e+00	3.85688e-06
7.15345e+00	3.67634e-06
7.16482e+00	3.50352e-06
7.17620e+00	3.33812e-06
7.18757e+00	3.17985e-06
7.19894e+00	3.02846e-06
7.21031e+00	2.88366e-06
7.22169e+00	2.74520e-06
7.23306e+00	2.61284e-06
7.24443e+00	2.48633e-06
7.25580e+00	2.36545e-06
7.26718e+00	2.24996e-06
7.27855e+00	2.13965e-06
7.28992e+00	2.03432e-06
7.30130e+00	1.93376e-06
7.31267e+00	1.83777e-06
7.32404e+00	1.74618e-06
7.33541e+00	1.65879e-06
7.34679e+00	1.57544e-06
7.35816e+00	1.49595e-06
7.36953e+00	1.42017e-06
7.38090e+00	1.34793e-06
7.39228e+00	1.27909e-06
7.40365e+00	1.21351e-06
7.41502e+00	1.15103e-06
7.42640e+00	1.09154e-06
7.43777e+00	1.03489e-06
7.44914e+00	9.80970e-07
7.46051e+00	9.29655e-07
7.47189e+00	8.80832e-07
7.48326e+00	8.34389e-07
7.49463e+00	7.90221e-07
7.50600e+00	7.48227e-07
7.51738e+00	7.08308e-07
7.52875e+00	6.70371e-07
7.54012e+00	6.34325e-07
7.55150e+00	6.00085e-07
7.56287e+00	5.67567e-07
7.57424e+00	5.36692e-07
7.58561e+00	5.07384e-07
7.59699e+00	4.79569e-07
7.60836e+00	4.53178e-07
7.61973e+00	4.28144e-07
7.63110e+00	4.04402e-07
7.64248e+00	3.81892e-07
7.65385e+00	3.60552e-07
7.66522e+00	3.40330e-07
7.67660e+00	3.21170e-07
7.68797e+00	3.03020e-07
7.69934e+00	2.85831e-07
7.71071e+00	2.69556e-07
7.72209e+00	2.54151e-07
7.73346e+00	2.39571e-07
7.74483e+00	2.25777e-07
7.75620e+00	2.12729e-07
7.76758e+00	2.00389e-07
7.77895e+00	1.88722e-07
7.79032e+00	1.77694e-07
7.80170e+00	1.67272e-07
7.81307e+00	1.57426e-07
7.82444e+00	1.48125e-07
7.83581e+00	1.39341e-07
7.84719e+00	1.31049e-07
7.85856e+00	1.23221e-07
7.86993e+00	1.15835e-07
7.88130e+00	1.08866e-07
7.89268e+00	1.02293e-07
7.90405e+00	9.60945e-08
7.91542e+00	9.02508e-08
7.92680e+00	8.47428e-08
7.93817e+00	7.95525e-08
7.94954e+00	7.46629e-08
7.96091e+00	7.00574e-08
7.97229e+00	6.57208e-08
7.98366e+00	6.16383e-08
7.99503e+00	5.77959e-08
8.00640e+00	5.41804e-08
8.01778e+00	5.07791e-08
8.02915e+00	4.75803e-08
8.04052e+00	4.45725e-08
8.05190e+00	4.17451e-08
8.06327e+00	3.90879e-08
8.07464e+00	3.65912e-08
8.08601e+00	3.42459e-08
8.09739e+00	3.20434e-08
8.10876e+00	2.99755e-08
8.12013e+00	2.80344e-08
8.13150e+00	2.62128e-08
8.14288e+00	2.45037e-08
8.15425e+00	2.29007e-08
8.16562e+00	2.13975e-08
8.17700e+00	1.99882e-08
8.18837e+00	1.86673e-08
8.19974e+00	1.74295e-08
8.21111e+00	1.62699e-08
8.22249e+00	1.51839e-08
8.23386e+00	1.41669e-08
8.24523e+00	1.32149e-08
8.25660e+00	1.23240e-08
8.26798e+00	1.14903e-08
8.27935e+00	1.07105e-08
8.29072e+00	9.98124e-09
8.30210e+00	9.29938e-09
8.31347e+00	8.66202e-09
8.32484e+00	8.06639e-09
8.33621e+00	7.50992e-09
8.34759e+00	6.99015e-09
8.35896e+00	6.50478e-09
8.37033e+00	6.05165e-09
8.38171e+00	5.62873e-09
8.39308e+00	5.23409e-09
8.40445e+00	4.86595e-09
8.41582e+00	4.52260e-09
8.42720e+00	4.20245e-09
8.43857e+00	3.90403e-09
8.44994e+00	3.62591e-09
8.46131e+00	3.36678e-09
8.47269e+00	3.12541e-09
8.48406e+00	2.90064e-09
8.49543e+00	2.69137e-09
8.50681e+00	2.49660e-09
8.51818e+00	2.31535e-09
8.52955e+00	2.14673e-09
8.54092e+00	1.98991e-09
8.55230e+00	1.84409e-09
8.56367e+00	1.70854e-09
8.57504e+00	1.58256e-09
8.58641e+00	1.46551e-09
8.59779e+00	1.35679e-09
8.60916e+00	1.25582e-09
8.62053e+00	1.16207e-09
8.63191e+00	1.07506e-09
8.64328e+00	9.94324e-10
8.65465e+00	9.19420e-10
8.66602e+00	8.49949e-10
8.67740e+00	7.85533e-10
8.68877e+00	7.25819e-10
8.70014e+00	6.70478e-10
8.71151e+00	6.19203e-10
8.72289e+00	5.71707e-10
8.73426e+00	5.27724e-10
8.74563e+00	4.87003e-10
8.75701e+00	4.49312e-10
8.76838e+00	4.14435e-10
8.77975e+00	3.82171e-10
8.79112e+00	3.52330e-10
8.80250e+00	3.24738e-10
8.81387e+00	2.99232e-10
8.82524e+00	2.75661e-10
8.83661e+00	2.53883e-10
8.84799e+00	2.33767e-10
8.85936e+00	2.15191e-10
8.87073e+00	1.98041e-10
8.88211e+00	1.82213e-10
8.89348e+00	1.67607e-10
8.90485e+00	1.54134e-10
8.91622e+00	1.41706e-10
8.92760e+00	1.30249e-10
8.93897e+00	1.19702e-10
8.95034e+00	1.09950e-10
8.96171e+00	1.00983e-10
8.97309e+00	9.27242e-11
8.98446e+00	8.51199e-11
8.99583e+00	7.81201e-11
9.00721e+00	7.16785e-11
9.01858e+00	6.57520e-11
9.02995e+00	6.03008e-11
9.04132e+00	5.52880e-11
9.05270e+00	5.06796e-11
9.06407e+00	4.64439e-11
9.07544e+00	4.25518e-11
9.08681e+00	3.89763e-11
9.09819e+00	3.56925e-11
9.10956e+00	3.26774e-11
9.12093e+00	2.99096e-11
9.13231e+00	2.73695e-11
9.14368e+00	2.50390e-11
9.15505e+00	2.29014e-11
9.16642e+00	2.09410e-11
9.17780e+00	1.91438e-11
9.18917e+00	1.74965e-11
9.20054e+00	1.59870e-11
9.21191e+00	1.46041e-11
9.22329e+00	1.33376e-11
9.23466e+00	1.21779e-11
9.24603e+00	1.11163e-11
9.25741e+00	1.01447e-11
9.26878e+00	9.25577e-12
9.28015e+00	8.44274e-12
9.29152e+00	7.69914e-12
9.30290e+00	7.01916e-12
9.31427e+00	6.39776e-12
9.32564e+00	5.82993e-12
9.33701e+00	5.31120e-12
9.34839e+00	4.83743e-12
9.35976e+00	4.40483e-12
9.37113e+00	4.00993e-12
9.38251e+00	3.64954e-12
9.39388e+00	3.32072e-12
9.40525e+00	3.02077e-12
9.41662e+00	2.74725e-12
9.42800e+00	2.49787e-12
9.43937e+00	2.27057e-12
9.45074e+00	2.06344e-12
9.46211e+00	1.87475e-12
9.47349e+00	1.70289e-12
9.48486e+00	1.54640e-12
9.49623e+00	1.40394e-12
9.50761e+00	1.27429e-12
9.51898e+00	1.15633e-12
9.53035e+00	1.04903e-12
9.54172e+00	9.51445e-13
9.55310e+00	8.62727e-13
9.56447e+00	7.82087e-13
9.57584e+00	7.08809e-13
9.58721e+00	6.42237e-13
9.59859e+00	5.81774e-13
9.60996e+00	5.26871e-13
9.62133e+00	4.77031e-13
9.63271e+00	4.31788e-13
9.64408e+00	3.90780e-13
9.65545e+00	3.53532e-13
9.66682e+00	3.19754e-13
9.67820e+00	2.89145e-13
9.68957e+00	2.61403e-13
9.70094e+00	2.36265e-13
9.71231e+00	2.13493e-13
9.72369e+00	1.92869e-13
9.73506e+00	1.74196e-13
9.74643e+00	1.57292e-13
9.75781e+00	1.41994e-13
9.76918e+00	1.28153e-13
9.78055e+00	1.15634e-13
9.79192e+00	1.04312e-13
9.80330e+00	9.40754e-14
9.81467e+00	8.48232e-14
9.82604e+00	7.64624e-14
9.83741e+00	6.89089e-14
9.84879e+00	6.20866e-14
9.86016e+00	5.59262e-14
9.87153e+00	5.03648e-14
9.88291e+00	4.53455e-14
9.89428e+00	4.08164e-14
9.90565e+00	3.67308e-14
9.91702e+00	3.30462e-14
9.92840e+00	2.97239e-14
9.93977e+00	2.67292e-14
9.95114e+00	2.40303e-14
9.96252e+00	2.15987e-14
9.97389e+00	1.94084e-14
9.98526e+00	1.74360e-14
9.99663e+00	1.56599e-14
1.00080e+01	1.40576e-14
1.00194e+01	1.26337e-14
1.00308e+01	1.13287e-14
1.00421e+01	1.01606e-14
1.00535e+01	9.11444e-15
1.00649e+01	8.17459e-15
1.00762e+01	7.33057e-15
1.00876e+01	6.57269e-15
1.00990e+01	5.89226e-15
1.01104e+01	5.28147e-15
1.01217e+01	4.73327e-15
1.01331e+01	4.24133e-15
1.01445e+01	3.79993e-15
1.01559e+01	3.40395e-15
1.01672e+01	3.04877e-15
1.01786e+01	2.73024e-15
1.01900e+01	2.44461e-15
1.02013e+01	2.18853e-15
1.02127e+01	1.95898e-15
1.02241e+01	1.75324e-15
1.02355e+01	1.56886e-15
1.02468e+01	1.40366e-15
1.02582e+01	1.25567e-15
1.02696e+01	1.12311e-15
1.02810e+01	1.00439e-15
1.02923e+01	8.98079e-16
1.03037e+01	8.02901e-16
1.03151e+01	7.17700e-16
1.03264e+01	6.41443e-16
1.03378e+01	5.73202e-16
1.03492e+01	5.12142e-16
1.03606e+01	4.57517e-16
1.03719e+01	4.08656e-16
1.03833e+01	3.64957e-16
1.03947e+01	3.25882e-16
1.04061e+01	2.90946e-16
1.04174e+01	2.59716e-16
1.04288e+01	2.31803e-16
1.04402e+01	2.06858e-16
1.04515e+01	1.84570e-16
1.04629e+01	1.64658e-16
1.04743e+01	1.46872e-16
1.04857e+01	1.30987e-16
1.04970e+01	1.16803e-16
1.05084e+01	1.04138e-16
1.05198e+01	9.28329e-17
1.05312e+01	8.27422e-17
1.05425e+01	7.37372e-17
1.05539e+01	6.57023e-17
1.05653e+01	5.85340e-17
1.05766e+01	5.21395e-17
1.05880e+01	4.64324e-17
1.05994e+01	4.13498e-17
1.06108e+01	3.68454e-17
1.06221e+01	3.27609e-17
1.06335e+01	2.91600e-17
1.06449e+01	2.59515e-17
1.06563e+01	2.30947e-17
1.06676e+01	2.05510e-17
1.06790e+01	1.82863e-17
1.06904e+01	1.62701e-17
1.07017e+01	1.44753e-17
1.07131e+01	1.28776e-17
1.07245e+01	1.14556e-17
1.07359e+01	1.01899e-17
1.07472e+01	9.06343e-18
1.07586e+01	8.06099e-18
1.07700e+01	7.16896e-18
1.07814e+01	6.37523e-18
1.07927e+01	5.66901e-18
1.08041e+01	5.04070e-18
1.08155e+01	4.48174e-18
1.08268e+01	3.98450e-18
1.08382e+01	3.54221e-18
1.08496e+01	3.14880e-18
1.08610e+01	2.79891e-18
1.08723e+01	2.48773e-18
1.08837e+01	2.21101e-18
1.08951e+01	1.96494e-18
1.09065e+01	1.74615e-18
1.09178e+01	1.55161e-18
1.09292e+01	1.37866e-18
1.09406e+01	1.22491e-18
1.09519e+01	1.08823e-18
1.09633e+01	9.66739e-19
1.09747e+01	8.58756e-19
1.09861e+01	7.62783e-19
1.09974e+01	6.77491e-19
1.10088e+01	6.01696e-19
1.10202e+01	5.34345e-19
1.10316e+01	4.74500e-19
1.10429e+01	4.21329e-19
1.10543e+01	3.74090e-19
1.10657e+01	3.32124e-19
1.10770e+01	2.94845e-19
1.10884e+01	2.61732e-19
1.10998e+01	2.32321e-19
1.11112e+01	2.06199e-19
1.11225e+01	1.83001e-19
1.11339e+01	1.62399e-19
1.11453e+01	1.44106e-19
1.11567e+01	1.27863e-19
1.11680e+01	1.13441e-19
1.11794e+01	1.00638e-19
1.11908e+01	8.92710e-20
1.12021e+01	7.91809e-20
1.12135e+01	7.02244e-20
1.12249e+01	6.22748e-20
1.12363e+01	5.52193e-20
1.12476e+01	4.89577e-20
1.12590e+01	4.34010e-20
1.12704e+01	3.84702e-20
1.12818e+01	3.40951e-20
1.12931e+01	3.02133e-20
1.13045e+01	2.67694e-20
1.13159e+01	2.37141e-20
1.13272e+01	2.10041e-20
1.13386e+01	1.86005e-20
1.13500e+01	1.64726e-20
1.13614e+01	1.46927e-20
1.13727e+01	1.25204e-20
