# The ell = 1 distribution, the first anisotropy.
# E_N [Td]	1.75000e+00
# col_1: Electron Energy [eV], col_2: f1 [eV^(-3/2)]
eV	f1
1.37539e-02	4.98721e-06
2.75078e-02	5.22952e-06
4.12618e-02	5.84669e-06
5.50157e-02	5.55553e-06
6.87696e-02	5.14773e-06
8.25235e-02	4.34789e-06
9.62774e-02	4.16021e-06
1.10031e-01	3.65509e-06
1.23785e-01	2.95081e-06
1.37539e-01	2.60271e-06
1.51293e-01	2.33877e-06
1.65047e-01	1.91630e-06
1.78801e-01	1.64362e-06
1.92555e-01	1.63914e-06
2.06309e-01	1.45743e-06
2.20063e-01	1.44594e-06
2.33817e-01	1.65417e-06
2.47571e-01	1.69037e-06
2.61324e-01	1.99468e-06
2.75078e-01	2.38448e-06
2.88832e-01	2.62984e-06
3.02586e-01	3.24786e-06
3.16340e-01	3.72868e-06
3.30094e-01	4.34069e-06
3.43848e-01	5.07746e-06
3.57602e-01	5.73727e-06
3.71356e-01	6.63015e-06
3.85110e-01	7.45081e-06
3.98864e-01	8.40683e-06
4.12618e-01	9.38770e-06
4.26371e-01	1.04266e-05
4.40125e-01	1.15361e-05
4.53879e-01	1.26700e-05
4.67633e-01	1.38836e-05
4.81387e-01	1.51259e-05
4.95141e-01	1.64275e-05
5.08895e-01	1.77752e-05
5.22649e-01	1.91619e-05
5.36403e-01	2.06045e-05
5.50157e-01	2.20795e-05
5.63911e-01	2.36140e-05
5.77665e-01	2.51735e-05
5.91419e-01	2.67959e-05
6.05172e-01	2.84390e-05
6.18926e-01	3.01482e-05
6.32680e-01	3.18738e-05
6.46434e-01	3.36707e-05
6.60188e-01	3.54773e-05
6.73942e-01	3.73614e-05
6.87696e-01	3.92514e-05
7.01450e-01	4.12176e-05
7.15204e-01	4.31997e-05
7.28958e-01	4.52451e-05
7.42712e-01	4.73242e-05
7.56466e-01	4.94490e-05
7.70219e-01	5.16245e-05
7.83973e-01	5.38388e-05
7.97727e-01	5.61001e-05
8.11481e-01	5.84260e-05
8.25235e-01	6.07671e-05
8.38989e-01	6.32084e-05
8.52743e-01	6.56299e-05
8.66497e-01	6.81754e-05
8.80251e-01	7.07265e-05
8.94005e-01	7.33361e-05
9.07759e-01	7.60556e-05
9.21513e-01	7.86979e-05
9.35267e-01	8.15770e-05
9.49020e-01	8.43707e-05
9.62774e-01	8.72300e-05
9.76528e-01	9.00220e-05
9.90282e-01	9.40260e-05
1.00404e+00	9.56977e-05
1.01779e+00	9.85643e-05
1.03154e+00	1.01161e-04
1.04530e+00	1.03737e-04
1.05905e+00	1.06401e-04
1.07281e+00	1.09106e-04
1.08656e+00	1.11839e-04
1.10031e+00	1.14606e-04
1.11407e+00	1.17405e-04
1.12782e+00	1.20238e-04
1.14158e+00	1.23102e-04
1.15533e+00	1.25987e-04
1.16908e+00	1.28968e-04
1.18284e+00	1.31864e-04
1.19659e+00	1.34853e-04
1.21034e+00	1.37896e-04
1.22410e+00	1.40862e-04
1.23785e+00	1.43915e-04
1.25161e+00	1.46989e-04
1.26536e+00	1.50090e-04
1.27911e+00	1.53218e-04
1.29287e+00	1.56387e-04
1.30662e+00	1.59588e-04
1.32038e+00	1.62819e-04
1.33413e+00	1.66080e-04
1.34788e+00	1.69372e-04
1.36164e+00	1.72695e-04
1.37539e+00	1.76048e-04
1.38915e+00	1.79432e-04
1.40290e+00	1.82847e-04
1.41665e+00	1.86291e-04
1.43041e+00	1.89764e-04
1.44416e+00	1.93271e-04
1.45792e+00	1.96804e-04
1.47167e+00	2.00448e-04
1.48542e+00	2.03838e-04
1.49918e+00	2.07582e-04
1.51293e+00	2.11468e-04
1.52669e+00	2.15271e-04
1.54044e+00	2.19123e-04
1.55419e+00	2.23021e-04
1.56795e+00	2.26942e-04
1.58170e+00	2.30898e-04
1.59545e+00	2.34877e-04
1.60921e+00	2.38891e-04
1.62296e+00	2.42933e-04
1.63672e+00	2.47011e-04
1.65047e+00	2.51040e-04
1.66422e+00	2.55372e-04
1.67798e+00	2.59416e-04
1.69173e+00	2.63372e-04
1.70549e+00	2.67484e-04
1.71924e+00	2.71812e-04
1.73299e+00	2.75602e-04
1.74675e+00	2.79672e-04
1.76050e+00	2.83746e-04
1.77426e+00	2.87835e-04
1.78801e+00	2.91952e-04
1.80176e+00	2.96093e-04
1.81552e+00	3.00254e-04
1.82927e+00	3.04455e-04
1.84303e+00	3.08674e-04
1.85678e+00	3.12917e-04
1.87053e+00	3.17184e-04
1.88429e+00	3.21476e-04
1.89804e+00	3.25788e-04
1.91179e+00	3.30136e-04
1.92555e+00	3.34485e-04
1.93930e+00	3.38927e-04
1.95306e+00	3.43232e-04
1.96681e+00	3.47577e-04
1.98056e+00	3.52381e-04
1.99432e+00	3.57145e-04
2.00807e+00	3.61388e-04
2.02183e+00	3.66316e-04
2.03558e+00	3.71453e-04
2.04933e+00	3.76418e-04
2.06309e+00	3.81424e-04
2.07684e+00	3.86464e-04
2.09060e+00	3.91526e-04
2.10435e+00	3.96611e-04
2.11810e+00	4.01723e-04
2.13186e+00	4.06854e-04
2.14561e+00	4.12010e-04
2.15937e+00	4.17187e-04
2.17312e+00	4.22395e-04
2.18687e+00	4.27612e-04
2.20063e+00	4.32855e-04
2.21438e+00	4.38117e-04
2.22813e+00	4.43409e-04
2.24189e+00	4.48708e-04
2.25564e+00	4.54032e-04
2.26940e+00	4.59374e-04
2.28315e+00	4.64742e-04
2.29690e+00	4.70119e-04
2.31066e+00	4.75517e-04
2.32441e+00	4.80937e-04
2.33817e+00	4.86360e-04
2.35192e+00	4.91818e-04
2.36567e+00	4.97297e-04
2.37943e+00	5.02785e-04
2.39318e+00	5.08294e-04
2.40694e+00	5.13817e-04
2.42069e+00	5.19345e-04
2.43444e+00	5.24901e-04
2.44820e+00	5.30506e-04
2.46195e+00	5.35886e-04
2.47571e+00	5.41721e-04
2.48946e+00	5.47381e-04
2.50321e+00	5.53144e-04
2.51697e+00	5.58662e-04
2.53072e+00	5.64524e-04
2.54448e+00	5.70394e-04
2.55823e+00	5.76223e-04
2.57198e+00	5.82069e-04
2.58574e+00	5.87922e-04
2.59949e+00	5.93785e-04
2.61324e+00	5.99656e-04
2.62700e+00	6.05528e-04
2.64075e+00	6.11430e-04
2.65451e+00	6.17308e-04
2.66826e+00	6.23192e-04
2.68201e+00	6.29085e-04
2.69577e+00	6.34988e-04
2.70952e+00	6.40864e-04
2.72328e+00	6.46797e-04
2.73703e+00	6.52709e-04
2.75078e+00	6.58625e-04
2.76454e+00	6.64542e-04
2.77829e+00	6.70459e-04
2.79205e+00	6.76375e-04
2.80580e+00	6.82289e-04
2.81955e+00	6.88201e-04
2.83331e+00	6.94113e-04
2.84706e+00	7.00017e-04
2.86082e+00	7.05915e-04
2.87457e+00	7.11809e-04
2.88832e+00	7.17696e-04
2.90208e+00	7.23581e-04
2.91583e+00	7.29452e-04
2.92958e+00	7.35314e-04
2.94334e+00	7.41168e-04
2.95709e+00	7.46960e-04
2.97085e+00	7.52941e-04
2.98460e+00	7.58637e-04
2.99835e+00	7.64348e-04
3.01211e+00	7.70076e-04
3.02586e+00	7.75766e-04
3.03962e+00	7.81514e-04
3.05337e+00	7.87151e-04
3.06712e+00	7.92774e-04
3.08088e+00	7.98393e-04
3.09463e+00	8.03990e-04
3.10839e+00	8.09575e-04
3.12214e+00	8.15132e-04
3.13589e+00	8.20664e-04
3.14965e+00	8.26178e-04
3.16340e+00	8.31671e-04
3.17716e+00	8.37135e-04
3.19091e+00	8.42572e-04
3.20466e+00	8.48006e-04
3.21842e+00	8.53402e-04
3.23217e+00	8.58773e-04
3.24592e+00	8.64114e-04
3.25968e+00	8.69432e-04
3.27343e+00	8.74710e-04
3.28719e+00	8.79962e-04
3.30094e+00	8.85181e-04
3.31469e+00	8.90367e-04
3.32845e+00	8.95523e-04
3.34220e+00	9.00640e-04
3.35596e+00	9.05721e-04
3.36971e+00	9.10766e-04
3.38346e+00	9.15775e-04
3.39722e+00	9.20744e-04
3.41097e+00	9.25679e-04
3.42473e+00	9.30565e-04
3.43848e+00	9.35414e-04
3.45223e+00	9.40221e-04
3.46599e+00	9.44986e-04
3.47974e+00	9.49706e-04
3.49350e+00	9.54382e-04
3.50725e+00	9.59013e-04
3.52100e+00	9.63597e-04
3.53476e+00	9.68134e-04
3.54851e+00	9.72626e-04
3.56227e+00	9.77053e-04
3.57602e+00	9.81455e-04
3.58977e+00	9.85798e-04
3.60353e+00	9.90089e-04
3.61728e+00	9.94327e-04
3.63103e+00	9.98510e-04
3.64479e+00	1.00265e-03
3.65854e+00	1.00671e-03
3.67230e+00	1.01073e-03
3.68605e+00	1.01468e-03
3.69980e+00	1.01858e-03
3.71356e+00	1.02242e-03
3.72731e+00	1.02620e-03
3.74107e+00	1.02992e-03
3.75482e+00	1.03358e-03
3.76857e+00	1.03717e-03
3.78233e+00	1.04070e-03
3.79608e+00	1.04416e-03
3.80984e+00	1.04757e-03
3.82359e+00	1.05090e-03
3.83734e+00	1.05416e-03
3.85110e+00	1.05736e-03
3.86485e+00	1.06049e-03
3.87861e+00	1.06355e-03
3.89236e+00	1.06654e-03
3.90611e+00	1.06946e-03
3.91987e+00	1.07231e-03
3.93362e+00	1.07509e-03
3.94737e+00	1.07780e-03
3.96113e+00	1.08115e-03
3.97488e+00	1.08148e-03
3.98864e+00	1.08623e-03
4.00239e+00	1.08942e-03
4.01614e+00	1.09255e-03
4.02990e+00	1.09559e-03
4.04365e+00	1.09865e-03
4.05741e+00	1.10122e-03
4.07116e+00	1.10413e-03
4.08491e+00	1.10716e-03
4.09867e+00	1.10992e-03
4.11242e+00	1.11259e-03
4.12618e+00	1.11516e-03
4.13993e+00	1.11764e-03
4.15368e+00	1.12002e-03
4.16744e+00	1.12227e-03
4.18119e+00	1.12444e-03
4.19495e+00	1.12650e-03
4.20870e+00	1.12845e-03
4.22245e+00	1.13031e-03
4.23621e+00	1.13204e-03
4.24996e+00	1.13368e-03
4.26371e+00	1.13522e-03
4.27747e+00	1.13664e-03
4.29122e+00	1.13795e-03
4.30498e+00	1.13916e-03
4.31873e+00	1.14025e-03
4.33248e+00	1.14123e-03
4.34624e+00	1.14210e-03
4.35999e+00	1.14286e-03
4.37375e+00	1.14350e-03
4.38750e+00	1.14403e-03
4.40125e+00	1.14444e-03
4.41501e+00	1.14474e-03
4.42876e+00	1.14493e-03
4.44252e+00	1.14499e-03
4.45627e+00	1.14494e-03
4.47002e+00	1.14477e-03
4.48378e+00	1.14449e-03
4.49753e+00	1.14408e-03
4.51129e+00	1.14357e-03
4.52504e+00	1.14293e-03
4.53879e+00	1.14217e-03
4.55255e+00	1.14129e-03
4.56630e+00	1.14030e-03
4.58006e+00	1.13918e-03
4.59381e+00	1.13795e-03
4.60756e+00	1.13660e-03
4.62132e+00	1.13513e-03
4.63507e+00	1.13353e-03
4.64882e+00	1.13183e-03
4.66258e+00	1.13000e-03
4.67633e+00	1.12805e-03
4.69009e+00	1.12599e-03
4.70384e+00	1.12381e-03
4.71759e+00	1.12150e-03
4.73135e+00	1.11910e-03
4.74510e+00	1.11657e-03
4.75886e+00	1.11393e-03
4.77261e+00	1.11116e-03
4.78636e+00	1.10829e-03
4.80012e+00	1.10529e-03
4.81387e+00	1.10219e-03
4.82763e+00	1.09896e-03
4.84138e+00	1.09562e-03
4.85513e+00	1.09216e-03
4.86889e+00	1.08860e-03
4.88264e+00	1.08492e-03
4.89640e+00	1.08116e-03
4.91015e+00	1.07718e-03
4.92390e+00	1.07322e-03
4.93766e+00	1.06918e-03
4.95141e+00	1.06500e-03
4.96516e+00	1.06071e-03
4.97892e+00	1.05631e-03
4.99267e+00	1.05182e-03
5.00643e+00	1.04728e-03
5.02018e+00	1.04225e-03
5.03393e+00	1.03784e-03
5.04769e+00	1.03302e-03
5.06144e+00	1.02812e-03
5.07520e+00	1.02312e-03
5.08895e+00	1.01801e-03
5.10270e+00	1.01280e-03
5.11646e+00	1.00749e-03
5.13021e+00	1.00208e-03
5.14397e+00	9.96576e-04
5.15772e+00	9.90974e-04
5.17147e+00	9.85278e-04
5.18523e+00	9.79487e-04
5.19898e+00	9.73603e-04
5.21274e+00	9.67626e-04
5.22649e+00	9.61571e-04
5.24024e+00	9.55413e-04
5.25400e+00	9.49170e-04
5.26775e+00	9.42845e-04
5.28151e+00	9.36438e-04
5.29526e+00	9.29950e-04
5.30901e+00	9.23383e-04
5.32277e+00	9.16742e-04
5.33652e+00	9.10017e-04
5.35027e+00	9.03231e-04
5.36403e+00	8.96371e-04
5.37778e+00	8.89440e-04
5.39154e+00	8.82443e-04
5.40529e+00	8.75379e-04
5.41904e+00	8.68252e-04
5.43280e+00	8.61062e-04
5.44655e+00	8.53818e-04
5.46031e+00	8.46508e-04
5.47406e+00	8.39144e-04
5.48781e+00	8.31727e-04
5.50157e+00	8.24259e-04
5.51532e+00	8.16742e-04
5.52908e+00	8.09178e-04
5.54283e+00	8.01571e-04
5.55658e+00	7.93916e-04
5.57034e+00	7.86226e-04
5.58409e+00	7.78499e-04
5.59785e+00	7.70734e-04
5.61160e+00	7.62936e-04
5.62535e+00	7.55105e-04
5.63911e+00	7.47244e-04
5.65286e+00	7.39355e-04
5.66661e+00	7.31442e-04
5.68037e+00	7.23509e-04
5.69412e+00	7.15544e-04
5.70788e+00	7.07566e-04
5.72163e+00	6.99570e-04
5.73538e+00	6.91560e-04
5.74914e+00	6.83538e-04
5.76289e+00	6.75507e-04
5.77665e+00	6.67469e-04
5.79040e+00	6.59418e-04
5.80415e+00	6.51374e-04
5.81791e+00	6.43327e-04
5.83166e+00	6.35279e-04
5.84542e+00	6.27234e-04
5.85917e+00	6.19194e-04
5.87292e+00	6.11161e-04
5.88668e+00	6.03131e-04
5.90043e+00	5.95115e-04
5.91419e+00	5.87160e-04
5.92794e+00	5.79102e-04
5.94169e+00	5.71116e-04
5.95545e+00	5.63146e-04
5.96920e+00	5.55198e-04
5.98295e+00	5.47275e-04
5.99671e+00	5.39378e-04
6.01046e+00	5.31490e-04
6.02422e+00	5.23691e-04
6.03797e+00	5.15894e-04
6.05172e+00	5.08020e-04
6.06548e+00	5.00248e-04
6.07923e+00	4.92509e-04
6.09299e+00	4.84814e-04
6.10674e+00	4.77161e-04
6.12049e+00	4.69554e-04
6.13425e+00	4.61993e-04
6.14800e+00	4.54478e-04
6.16176e+00	4.47014e-04
6.17551e+00	4.39602e-04
6.18926e+00	4.32241e-04
6.20302e+00	4.24932e-04
6.21677e+00	4.17678e-04
6.23053e+00	4.10480e-04
6.24428e+00	4.03338e-04
6.25803e+00	3.96253e-04
6.27179e+00	3.89229e-04
6.28554e+00	3.82264e-04
6.29930e+00	3.75357e-04
6.31305e+00	3.68515e-04
6.32680e+00	3.61735e-04
6.34056e+00	3.55019e-04
6.35431e+00	3.48368e-04
6.36806e+00	3.41782e-04
6.38182e+00	3.35263e-04
6.39557e+00	3.28812e-04
6.40933e+00	3.22429e-04
6.42308e+00	3.16113e-04
6.43683e+00	3.09868e-04
6.45059e+00	3.03692e-04
6.46434e+00	2.97587e-04
6.47810e+00	2.91553e-04
6.49185e+00	2.85591e-04
6.50560e+00	2.79701e-04
6.51936e+00	2.73884e-04
6.53311e+00	2.68136e-04
6.54687e+00	2.62468e-04
6.56062e+00	2.56872e-04
6.57437e+00	2.51349e-04
6.58813e+00	2.45901e-04
6.60188e+00	2.40526e-04
6.61564e+00	2.35226e-04
6.62939e+00	2.30001e-04
6.64314e+00	2.24850e-04
6.65690e+00	2.19773e-04
6.67065e+00	2.14773e-04
6.68440e+00	2.09844e-04
6.69816e+00	2.04992e-04
6.71191e+00	2.00214e-04
6.72567e+00	1.95511e-04
6.73942e+00	1.90883e-04
6.75317e+00	1.86328e-04
6.76693e+00	1.81848e-04
6.78068e+00	1.77442e-04
6.79444e+00	1.73110e-04
6.80819e+00	1.68851e-04
6.82194e+00	1.64665e-04
6.83570e+00	1.60552e-04
6.84945e+00	1.56511e-04
6.86321e+00	1.52543e-04
6.87696e+00	1.48646e-04
6.89071e+00	1.44821e-04
6.90447e+00	1.41066e-04
6.91822e+00	1.37366e-04
6.93198e+00	1.33797e-04
6.94573e+00	1.30219e-04
6.95948e+00	1.26709e-04
6.97324e+00	1.23285e-04
6.98699e+00	1.19930e-04
7.00074e+00	1.16645e-04
7.01450e+00	1.13429e-04
7.02825e+00	1.10281e-04
7.04201e+00	1.07199e-04
7.05576e+00	1.04177e-04
7.06951e+00	1.01250e-04
7.08327e+00	9.83519e-05
7.09702e+00	9.55099e-05
7.11078e+00	9.27442e-05
7.12453e+00	9.00411e-05
7.13828e+00	8.74011e-05
7.15204e+00	8.48230e-05
7.16579e+00	8.23060e-05
7.17955e+00	7.98490e-05
7.19330e+00	7.74512e-05
7.20705e+00	7.51115e-05
7.22081e+00	7.28291e-05
7.23456e+00	7.06030e-05
7.24832e+00	6.84323e-05
7.26207e+00	6.63159e-05
7.27582e+00	6.42531e-05
7.28958e+00	6.22427e-05
7.30333e+00	6.02840e-05
7.31709e+00	5.83760e-05
7.33084e+00	5.65177e-05
7.34459e+00	5.47083e-05
7.35835e+00	5.29466e-05
7.37210e+00	5.12322e-05
7.38585e+00	4.95638e-05
7.39961e+00	4.79406e-05
7.41336e+00	4.63617e-05
7.42712e+00	4.48262e-05
7.44087e+00	4.33332e-05
7.45462e+00	4.18819e-05
7.46838e+00	4.04714e-05
7.48213e+00	3.91008e-05
7.49589e+00	3.77693e-05
7.50964e+00	3.64761e-05
7.52339e+00	3.52203e-05
7.53715e+00	3.40010e-05
7.55090e+00	3.28176e-05
7.56466e+00	3.16691e-05
7.57841e+00	3.05548e-05
7.59216e+00	2.94739e-05
7.60592e+00	2.84256e-05
7.61967e+00	2.74092e-05
7.63343e+00	2.64239e-05
7.64718e+00	2.54688e-05
7.66093e+00	2.45435e-05
7.67469e+00	2.36470e-05
7.68844e+00	2.27788e-05
7.70219e+00	2.19379e-05
7.71595e+00	2.11239e-05
7.72970e+00	2.03360e-05
7.74346e+00	1.95735e-05
7.75721e+00	1.88357e-05
7.77096e+00	1.81221e-05
7.78472e+00	1.74320e-05
7.79847e+00	1.67647e-05
7.81223e+00	1.61197e-05
7.82598e+00	1.54963e-05
7.83973e+00	1.48939e-05
7.85349e+00	1.43120e-05
7.86724e+00	1.37501e-05
7.88100e+00	1.32074e-05
7.89475e+00	1.26835e-05
7.90850e+00	1.21779e-05
7.92226e+00	1.16900e-05
7.93601e+00	1.12193e-05
7.94977e+00	1.07653e-05
7.96352e+00	1.03275e-05
7.97727e+00	9.90546e-06
7.99103e+00	9.49865e-06
8.00478e+00	9.10661e-06
8.01853e+00	8.72892e-06
8.03229e+00	8.36511e-06
8.04604e+00	8.01476e-06
8.05980e+00	7.67746e-06
8.07355e+00	7.35278e-06
8.08730e+00	7.04032e-06
8.10106e+00	6.73970e-06
8.11481e+00	6.45054e-06
8.12857e+00	6.17245e-06
8.14232e+00	5.90508e-06
8.15607e+00	5.64807e-06
8.16983e+00	5.40107e-06
8.18358e+00	5.16376e-06
8.19734e+00	4.93580e-06
8.21109e+00	4.71688e-06
8.22484e+00	4.50669e-06
8.23860e+00	4.30492e-06
8.25235e+00	4.11128e-06
8.26611e+00	3.92549e-06
8.27986e+00	3.74728e-06
8.29361e+00	3.57637e-06
8.30737e+00	3.41250e-06
8.32112e+00	3.25542e-06
8.33488e+00	3.10488e-06
8.34863e+00	2.96064e-06
8.36238e+00	2.82248e-06
8.37614e+00	2.69016e-06
8.38989e+00	2.56348e-06
8.40364e+00	2.44221e-06
8.41740e+00	2.32616e-06
8.43115e+00	2.21512e-06
8.44491e+00	2.10891e-06
8.45866e+00	2.00734e-06
8.47241e+00	1.91023e-06
8.48617e+00	1.81741e-06
8.49992e+00	1.72870e-06
8.51368e+00	1.64395e-06
8.52743e+00	1.56300e-06
8.54118e+00	1.48570e-06
8.55494e+00	1.41190e-06
8.56869e+00	1.34145e-06
8.58245e+00	1.27423e-06
8.59620e+00	1.21010e-06
8.60995e+00	1.14893e-06
8.62371e+00	1.09060e-06
8.63746e+00	1.03500e-06
8.65122e+00	9.82001e-07
8.66497e+00	9.31501e-07
8.67872e+00	8.83393e-07
8.69248e+00	8.37574e-07
8.70623e+00	7.93947e-07
8.71998e+00	7.52417e-07
8.73374e+00	7.12892e-07
8.74749e+00	6.75285e-07
8.76125e+00	6.39512e-07
8.77500e+00	6.05492e-07
8.78875e+00	5.73147e-07
8.80251e+00	5.42401e-07
8.81626e+00	5.13184e-07
8.83002e+00	4.85425e-07
8.84377e+00	4.59060e-07
8.85752e+00	4.34023e-07
8.87128e+00	4.10254e-07
8.88503e+00	3.87694e-07
8.89879e+00	3.66287e-07
8.91254e+00	3.45973e-07
8.92629e+00	3.26723e-07
8.94005e+00	3.08481e-07
8.95380e+00	2.91122e-07
8.96756e+00	2.74709e-07
8.98131e+00	2.59158e-07
8.99506e+00	2.44431e-07
9.00882e+00	2.30487e-07
9.02257e+00	2.17288e-07
9.03633e+00	2.04796e-07
9.05008e+00	1.92978e-07
9.06383e+00	1.81799e-07
9.07759e+00	1.71227e-07
9.09134e+00	1.61232e-07
9.10509e+00	1.51784e-07
9.11885e+00	1.42857e-07
9.13260e+00	1.34423e-07
9.14636e+00	1.26456e-07
9.16011e+00	1.18934e-07
9.17386e+00	1.11833e-07
9.18762e+00	1.05130e-07
9.20137e+00	9.88058e-08
9.21513e+00	9.28397e-08
9.22888e+00	8.72131e-08
9.24263e+00	8.19079e-08
9.25639e+00	7.69069e-08
9.27014e+00	7.21934e-08
9.28390e+00	6.77552e-08
9.29765e+00	6.35703e-08
9.31140e+00	5.96311e-08
9.32516e+00	5.59226e-08
9.33891e+00	5.24322e-08
9.35267e+00	4.91478e-08
9.36642e+00	4.60580e-08
9.38017e+00	4.31521e-08
9.39393e+00	4.04198e-08
9.40768e+00	3.78513e-08
9.42143e+00	3.54374e-08
9.43519e+00	3.31695e-08
9.44894e+00	3.10392e-08
9.46270e+00	2.90386e-08
9.47645e+00	2.71603e-08
9.49020e+00	2.53974e-08
9.50396e+00	2.37431e-08
9.51771e+00	2.21911e-08
9.53147e+00	2.07355e-08
9.54522e+00	1.93707e-08
9.55897e+00	1.80912e-08
9.57273e+00	1.68921e-08
9.58648e+00	1.57686e-08
9.60024e+00	1.47162e-08
9.61399e+00	1.37306e-08
9.62774e+00	1.28076e-08
9.64150e+00	1.19449e-08
9.65525e+00	1.11361e-08
9.66901e+00	1.03793e-08
9.68276e+00	9.67199e-09
9.69651e+00	9.01069e-09
9.71027e+00	8.39259e-09
9.72402e+00	7.81499e-09
9.73777e+00	7.27539e-09
9.75153e+00	6.77141e-09
9.76528e+00	6.30082e-09
9.77904e+00	5.86150e-09
9.79279e+00	5.45150e-09
9.80654e+00	5.06894e-09
9.82030e+00	4.71208e-09
9.83405e+00	4.37927e-09
9.84781e+00	4.06898e-09
9.86156e+00	3.77975e-09
9.87531e+00	3.51023e-09
9.88907e+00	3.25912e-09
9.90282e+00	3.02524e-09
9.91658e+00	2.80745e-09
9.93033e+00	2.60470e-09
9.94408e+00	2.41600e-09
9.95784e+00	2.24041e-09
9.97159e+00	2.07708e-09
9.98535e+00	1.92516e-09
9.99910e+00	1.78358e-09
1.00129e+01	1.65304e-09
1.00266e+01	1.53137e-09
1.00404e+01	1.41623e-09
1.00541e+01	1.31075e-09
1.00679e+01	1.21284e-09
1.00816e+01	1.12208e-09
1.00954e+01	1.03796e-09
1.01091e+01	9.59986e-10
1.01229e+01	8.87735e-10
1.01366e+01	8.20794e-10
1.01504e+01	7.58783e-10
1.01641e+01	7.01347e-10
1.01779e+01	6.48157e-10
1.01917e+01	5.98908e-10
1.02054e+01	5.53315e-10
1.02192e+01	5.11112e-10
1.02329e+01	4.72055e-10
1.02467e+01	4.35914e-10
1.02604e+01	4.02477e-10
1.02742e+01	3.71547e-10
1.02879e+01	3.42940e-10
1.03017e+01	3.16486e-10
1.03154e+01	2.92027e-10
1.03292e+01	2.69416e-10
1.03429e+01	2.48516e-10
1.03567e+01	2.29202e-10
1.03705e+01	2.11356e-10
1.03842e+01	1.94869e-10
1.03980e+01	1.79639e-10
1.04117e+01	1.65574e-10
1.04255e+01	1.52586e-10
1.04392e+01	1.40595e-10
1.04530e+01	1.29526e-10
1.04667e+01	1.19309e-10
1.04805e+01	1.09881e-10
1.04942e+01	1.01182e-10
1.05080e+01	9.31572e-11
1.05217e+01	8.57552e-11
1.05355e+01	7.89289e-11
1.05493e+01	7.26345e-11
1.05630e+01	6.68315e-11
1.05768e+01	6.14812e-11
1.05905e+01	5.65330e-11
1.06043e+01	5.20535e-11
1.06180e+01	4.78112e-11
1.06318e+01	4.39353e-11
1.06455e+01	4.03791e-11
1.06593e+01	3.71077e-11
1.06730e+01	3.40991e-11
1.06868e+01	3.13323e-11
1.07005e+01	2.87881e-11
1.07143e+01	2.64486e-11
1.07281e+01	2.42976e-11
1.07418e+01	2.23200e-11
1.07556e+01	2.05020e-11
1.07693e+01	1.88308e-11
1.07831e+01	1.72947e-11
1.07968e+01	1.58828e-11
1.08106e+01	1.45851e-11
1.08243e+01	1.33926e-11
1.08381e+01	1.22968e-11
1.08518e+01	1.12898e-11
1.08656e+01	1.03647e-11
1.08794e+01	9.51466e-12
1.08931e+01	8.73377e-12
1.09069e+01	8.01643e-12
1.09206e+01	7.35752e-12
1.09344e+01	6.75231e-12
1.09481e+01	6.19646e-12
1.09619e+01	5.68599e-12
1.09756e+01	5.21723e-12
1.09894e+01	4.78678e-12
1.10031e+01	4.39155e-12
1.10169e+01	4.02869e-12
1.10306e+01	3.69556e-12
1.10444e+01	3.38974e-12
1.10582e+01	3.10902e-12
1.10719e+01	2.85136e-12
1.10857e+01	2.61488e-12
1.10994e+01	2.39784e-12
1.11132e+01	2.19867e-12
1.11269e+01	2.01590e-12
1.11407e+01	1.84821e-12
1.11544e+01	1.69434e-12
1.11682e+01	1.55318e-12
1.11819e+01	1.42368e-12
1.11957e+01	1.30489e-12
1.12094e+01	1.19593e-12
1.12232e+01	1.09598e-12
1.12370e+01	1.00432e-12
1.12507e+01	9.20265e-13
1.12645e+01	8.43182e-13
1.12782e+01	7.72499e-13
1.12920e+01	7.07691e-13
1.13057e+01	6.48273e-13
1.13195e+01	5.93800e-13
1.13332e+01	5.43863e-13
1.13470e+01	4.98089e-13
1.13607e+01	4.56133e-13
1.13745e+01	4.17679e-13
1.13882e+01	3.82436e-13
1.14020e+01	3.50140e-13
1.14158e+01	3.20545e-13
1.14295e+01	2.93427e-13
1.14433e+01	2.68582e-13
1.14570e+01	2.45819e-13
1.14708e+01	2.24965e-13
1.14845e+01	2.05862e-13
1.14983e+01	1.88364e-13
1.15120e+01	1.72337e-13
1.15258e+01	1.57658e-13
1.15395e+01	1.44215e-13
1.15533e+01	1.31882e-13
1.15670e+01	1.20198e-13
1.15808e+01	1.09148e-13
1.15946e+01	9.87669e-14
1.16083e+01	8.90624e-14
1.16221e+01	7.99837e-14
1.16358e+01	7.13942e-14
1.16496e+01	6.31348e-14
1.16633e+01	5.53626e-14
1.16771e+01	4.84218e-14
1.16908e+01	4.23640e-14
1.17046e+01	3.71268e-14
1.17183e+01	3.26237e-14
1.17321e+01	2.87374e-14
1.17458e+01	2.53339e-14
1.17596e+01	2.23061e-14
1.17734e+01	1.95907e-14
1.17871e+01	1.71780e-14
1.18009e+01	1.50515e-14
1.18146e+01	1.31739e-14
1.18284e+01	1.14970e-14
1.18421e+01	9.87815e-15
1.18559e+01	8.37016e-15
1.18696e+01	7.09170e-15
1.18834e+01	6.05747e-15
1.18971e+01	5.20609e-15
1.19109e+01	4.48815e-15
1.19246e+01	3.87751e-15
1.19384e+01	3.35506e-15
1.19522e+01	2.90585e-15
1.19659e+01	2.51813e-15
1.19797e+01	2.18230e-15
1.19934e+01	1.89121e-15
1.20072e+01	1.63858e-15
1.20209e+01	1.41909e-15
1.20347e+01	1.22833e-15
1.20484e+01	1.06261e-15
1.20622e+01	9.18721e-16
1.20759e+01	7.93868e-16
1.20897e+01	6.85606e-16
1.21034e+01	5.91709e-16
1.21172e+01	5.10272e-16
1.21310e+01	4.39614e-16
1.21447e+01	3.78357e-16
1.21585e+01	3.25312e-16
1.21722e+01	2.79435e-16
1.21860e+01	2.39807e-16
1.21997e+01	2.05602e-16
1.22135e+01	1.76042e-16
1.22272e+01	1.50520e-16
1.22410e+01	1.28503e-16
1.22547e+01	1.09537e-16
1.22685e+01	9.32268e-17
1.22822e+01	7.92248e-17
1.22960e+01	6.72275e-17
1.23098e+01	5.69606e-17
1.23235e+01	4.82124e-17
1.23373e+01	4.07665e-17
1.23510e+01	3.44359e-17
1.23648e+01	2.90595e-17
1.23785e+01	2.44985e-17
1.23923e+01	2.06340e-17
1.24060e+01	1.73608e-17
1.24198e+01	1.45891e-17
1.24335e+01	1.22451e-17
1.24473e+01	1.02647e-17
1.24611e+01	8.59365e-18
1.24748e+01	7.18561e-18
1.24886e+01	6.00076e-18
1.25023e+01	5.00511e-18
1.25161e+01	4.16954e-18
1.25298e+01	3.46916e-18
1.25436e+01	2.88267e-18
1.25573e+01	2.39339e-18
1.25711e+01	1.98357e-18
1.25848e+01	1.64219e-18
1.25986e+01	1.35821e-18
1.26123e+01	1.12222e-18
1.26261e+01	9.26399e-19
1.26399e+01	7.64155e-19
1.26536e+01	6.29838e-19
1.26674e+01	5.18719e-19
1.26811e+01	4.26857e-19
1.26949e+01	3.50981e-19
1.27086e+01	2.88439e-19
1.27224e+01	2.36918e-19
1.27361e+01	1.94510e-19
1.27499e+01	1.59632e-19
1.27636e+01	1.30955e-19
1.27774e+01	1.07380e-19
1.27911e+01	8.80054e-20
1.28049e+01	7.20932e-20
1.28187e+01	5.90620e-20
1.28324e+01	4.83947e-20
1.28462e+01	3.96699e-20
1.28599e+01	3.25634e-20
1.28737e+01	2.67750e-20
1.28874e+01	2.20520e-20
1.29012e+01	1.81721e-20
1.29149e+01	1.49454e-20
1.29287e+01	1.22671e-20
1.29424e+01	1.00911e-20
1.29562e+01	8.33651e-21
1.29699e+01	6.91209e-21
1.29837e+01	5.73207e-21
1.29975e+01	4.75114e-21
1.30112e+01	3.91893e-21
1.30250e+01	3.18139e-21
1.30387e+01	2.53903e-21
1.30525e+01	1.99916e-21
1.30662e+01	1.57948e-21
1.30800e+01	1.26156e-21
1.30937e+01	1.01629e-21
1.31075e+01	8.26613e-22
1.31212e+01	6.78658e-22
1.31350e+01	5.61260e-22
1.31487e+01	4.64857e-22
1.31625e+01	3.84125e-22
1.31763e+01	3.15892e-22
1.31900e+01	2.58131e-22
1.32038e+01	2.09800e-22
1.32175e+01	1.70634e-22
1.32313e+01	1.39797e-22
1.32450e+01	1.14827e-22
1.32588e+01	9.46162e-23
1.32725e+01	7.81070e-23
1.32863e+01	6.46240e-23
1.33000e+01	5.35877e-23
1.33138e+01	4.45096e-23
1.33275e+01	3.70208e-23
1.33413e+01	3.08175e-23
1.33551e+01	2.56703e-23
1.33688e+01	2.13828e-23
1.33826e+01	1.78004e-23
1.33963e+01	1.48030e-23
1.34101e+01	1.22973e-23
1.34238e+01	1.02024e-23
1.34376e+01	8.44634e-24
1.34513e+01	6.97615e-24
1.34651e+01	5.74201e-24
1.34788e+01	4.71671e-24
1.34926e+01	3.87363e-24
1.35063e+01	3.18232e-24
1.35201e+01	2.61382e-24
1.35339e+01	2.14530e-24
1.35476e+01	1.75938e-24
1.35614e+01	1.44193e-24
1.35751e+01	1.18111e-24
1.35889e+01	9.67102e-25
1.36026e+01	7.91754e-25
1.36164e+01	6.48413e-25
1.36301e+01	5.31469e-25
1.36439e+01	4.36260e-25
1.36576e+01	3.58962e-25
1.36714e+01	2.96428e-25
1.36851e+01	2.46072e-25
1.36989e+01	2.05776e-25
1.37127e+01	1.73821e-25
1.37264e+01	1.48825e-25
1.37402e+01	1.30481e-25
1.37539e+01	1.12782e-25
