# The ell = 1 distribution, the first anisotropy.
# E_N [Td]	2.25000e+00
# col_1: Electron Energy [eV], col_2: f1 [eV^(-3/2)]
eV	f1
1.51864e-02	3.39315e-06
3.03727e-02	3.76993e-06
4.55591e-02	3.56078e-06
6.07455e-02	3.55203e-06
7.59319e-02	3.19849e-06
9.11182e-02	2.81562e-06
1.06305e-01	2.46150e-06
1.21491e-01	1.95781e-06
1.36677e-01	1.75086e-06
1.51864e-01	1.48474e-06
1.67050e-01	1.28798e-06
1.82236e-01	1.03575e-06
1.97423e-01	1.00664e-06
2.12609e-01	9.99425e-07
2.27796e-01	1.03052e-06
2.42982e-01	1.07132e-06
2.58168e-01	1.30512e-06
2.73355e-01	1.53911e-06
2.88541e-01	1.75844e-06
3.03727e-01	2.16457e-06
3.18914e-01	2.57381e-06
3.34100e-01	2.98390e-06
3.49287e-01	3.54033e-06
3.64473e-01	4.09941e-06
3.79659e-01	4.68892e-06
3.94846e-01	5.37771e-06
4.10032e-01	6.06986e-06
4.25218e-01	6.82466e-06
4.40405e-01	7.62570e-06
4.55591e-01	8.45175e-06
4.70777e-01	9.33727e-06
4.85964e-01	1.02490e-05
5.01150e-01	1.12071e-05
5.16337e-01	1.21944e-05
5.31523e-01	1.32287e-05
5.46709e-01	1.42851e-05
5.61896e-01	1.53923e-05
5.77082e-01	1.65200e-05
5.92268e-01	1.76916e-05
6.07455e-01	1.88930e-05
6.22641e-01	2.01267e-05
6.37828e-01	2.14012e-05
6.53014e-01	2.26981e-05
6.68200e-01	2.40431e-05
6.83387e-01	2.54061e-05
6.98573e-01	2.68176e-05
7.13759e-01	2.82513e-05
7.28946e-01	2.97302e-05
7.44132e-01	3.12378e-05
7.59319e-01	3.27816e-05
7.74505e-01	3.43690e-05
7.89691e-01	3.59765e-05
8.04878e-01	3.76468e-05
8.20064e-01	3.93296e-05
8.35250e-01	4.10806e-05
8.50437e-01	4.28359e-05
8.65623e-01	4.46699e-05
8.80809e-01	4.65142e-05
8.95996e-01	4.84262e-05
9.11182e-01	5.03682e-05
9.26369e-01	5.23474e-05
9.41555e-01	5.44151e-05
9.56741e-01	5.64602e-05
9.71928e-01	5.83498e-05
9.87114e-01	6.13843e-05
1.00230e+00	6.26205e-05
1.01749e+00	6.46786e-05
1.03267e+00	6.65449e-05
1.04786e+00	6.84260e-05
1.06305e+00	7.03658e-05
1.07823e+00	7.23342e-05
1.09342e+00	7.43277e-05
1.10861e+00	7.63473e-05
1.12379e+00	7.83942e-05
1.13898e+00	8.04662e-05
1.15416e+00	8.25596e-05
1.16935e+00	8.47144e-05
1.18454e+00	8.68177e-05
1.19972e+00	8.90154e-05
1.21491e+00	9.11888e-05
1.23010e+00	9.33698e-05
1.24528e+00	9.56005e-05
1.26047e+00	9.78403e-05
1.27566e+00	1.00109e-04
1.29084e+00	1.02405e-04
1.30603e+00	1.04730e-04
1.32121e+00	1.07080e-04
1.33640e+00	1.09454e-04
1.35159e+00	1.11853e-04
1.36677e+00	1.14278e-04
1.38196e+00	1.16727e-04
1.39715e+00	1.19202e-04
1.41233e+00	1.21702e-04
1.42752e+00	1.24226e-04
1.44271e+00	1.26778e-04
1.45789e+00	1.29351e-04
1.47308e+00	1.32026e-04
1.48826e+00	1.34419e-04
1.50345e+00	1.37307e-04
1.51864e+00	1.40083e-04
1.53382e+00	1.42868e-04
1.54901e+00	1.45709e-04
1.56420e+00	1.48563e-04
1.57938e+00	1.51449e-04
1.59457e+00	1.54354e-04
1.60976e+00	1.57288e-04
1.62494e+00	1.60247e-04
1.64013e+00	1.63224e-04
1.65531e+00	1.66199e-04
1.67050e+00	1.69417e-04
1.68569e+00	1.72224e-04
1.70087e+00	1.75176e-04
1.71606e+00	1.78433e-04
1.73125e+00	1.81186e-04
1.74643e+00	1.84176e-04
1.76162e+00	1.87171e-04
1.77681e+00	1.90177e-04
1.79199e+00	1.93212e-04
1.80718e+00	1.96260e-04
1.82236e+00	1.99341e-04
1.83755e+00	2.02443e-04
1.85274e+00	2.05564e-04
1.86792e+00	2.08708e-04
1.88311e+00	2.11872e-04
1.89830e+00	2.15059e-04
1.91348e+00	2.18270e-04
1.92867e+00	2.21491e-04
1.94386e+00	2.24827e-04
1.95904e+00	2.27824e-04
1.97423e+00	2.31394e-04
1.98941e+00	2.34897e-04
2.00460e+00	2.38174e-04
2.01979e+00	2.41655e-04
2.03497e+00	2.45518e-04
2.05016e+00	2.49201e-04
2.06535e+00	2.52925e-04
2.08053e+00	2.56681e-04
2.09572e+00	2.60456e-04
2.11091e+00	2.64256e-04
2.12609e+00	2.68078e-04
2.14128e+00	2.71922e-04
2.15646e+00	2.75788e-04
2.17165e+00	2.79682e-04
2.18684e+00	2.83590e-04
2.20202e+00	2.87522e-04
2.21721e+00	2.91477e-04
2.23240e+00	2.95454e-04
2.24758e+00	2.99448e-04
2.26277e+00	3.03464e-04
2.27796e+00	3.07503e-04
2.29314e+00	3.11561e-04
2.30833e+00	3.15637e-04
2.32351e+00	3.19738e-04
2.33870e+00	3.23846e-04
2.35389e+00	3.27992e-04
2.36907e+00	3.32155e-04
2.38426e+00	3.36333e-04
2.39945e+00	3.40540e-04
2.41463e+00	3.44751e-04
2.42982e+00	3.48986e-04
2.44501e+00	3.53285e-04
2.46019e+00	3.57398e-04
2.47538e+00	3.61868e-04
2.49056e+00	3.66221e-04
2.50575e+00	3.70657e-04
2.52094e+00	3.74875e-04
2.53612e+00	3.79509e-04
2.55131e+00	3.83997e-04
2.56650e+00	3.88522e-04
2.58168e+00	3.93060e-04
2.59687e+00	3.97616e-04
2.61206e+00	4.02187e-04
2.62724e+00	4.06768e-04
2.64243e+00	4.11385e-04
2.65761e+00	4.15984e-04
2.67280e+00	4.20607e-04
2.68799e+00	4.25248e-04
2.70317e+00	4.29887e-04
2.71836e+00	4.34560e-04
2.73355e+00	4.39247e-04
2.74873e+00	4.43942e-04
2.76392e+00	4.48649e-04
2.77911e+00	4.53368e-04
2.79429e+00	4.58097e-04
2.80948e+00	4.62838e-04
2.82466e+00	4.67587e-04
2.83985e+00	4.72350e-04
2.85504e+00	4.77116e-04
2.87022e+00	4.81893e-04
2.88541e+00	4.86677e-04
2.90060e+00	4.91472e-04
2.91578e+00	4.96270e-04
2.93097e+00	5.01075e-04
2.94616e+00	5.05877e-04
2.96134e+00	5.10687e-04
2.97653e+00	5.15597e-04
2.99171e+00	5.20281e-04
3.00690e+00	5.25070e-04
3.02209e+00	5.29839e-04
3.03727e+00	5.34654e-04
3.05246e+00	5.39421e-04
3.06765e+00	5.44177e-04
3.08283e+00	5.48949e-04
3.09802e+00	5.53717e-04
3.11321e+00	5.58496e-04
3.12839e+00	5.63259e-04
3.14358e+00	5.68027e-04
3.15877e+00	5.72795e-04
3.17395e+00	5.77559e-04
3.18914e+00	5.82314e-04
3.20432e+00	5.87087e-04
3.21951e+00	5.91847e-04
3.23470e+00	5.96604e-04
3.24988e+00	6.01357e-04
3.26507e+00	6.06104e-04
3.28026e+00	6.10842e-04
3.29544e+00	6.15576e-04
3.31063e+00	6.20301e-04
3.32582e+00	6.25021e-04
3.34100e+00	6.29730e-04
3.35619e+00	6.34429e-04
3.37137e+00	6.39119e-04
3.38656e+00	6.43799e-04
3.40175e+00	6.48469e-04
3.41693e+00	6.53126e-04
3.43212e+00	6.57770e-04
3.44731e+00	6.62401e-04
3.46249e+00	6.67020e-04
3.47768e+00	6.71624e-04
3.49287e+00	6.76213e-04
3.50805e+00	6.80787e-04
3.52324e+00	6.85346e-04
3.53842e+00	6.89888e-04
3.55361e+00	6.94411e-04
3.56880e+00	6.98914e-04
3.58398e+00	7.03410e-04
3.59917e+00	7.07882e-04
3.61436e+00	7.12333e-04
3.62954e+00	7.16763e-04
3.64473e+00	7.21178e-04
3.65992e+00	7.25558e-04
3.67510e+00	7.29920e-04
3.69029e+00	7.34258e-04
3.70547e+00	7.38572e-04
3.72066e+00	7.42862e-04
3.73585e+00	7.47125e-04
3.75103e+00	7.51362e-04
3.76622e+00	7.55572e-04
3.78141e+00	7.59753e-04
3.79659e+00	7.63908e-04
3.81178e+00	7.68033e-04
3.82697e+00	7.72124e-04
3.84215e+00	7.76187e-04
3.85734e+00	7.80218e-04
3.87252e+00	7.84219e-04
3.88771e+00	7.88179e-04
3.90290e+00	7.92117e-04
3.91808e+00	7.96018e-04
3.93327e+00	7.99884e-04
3.94846e+00	8.03847e-04
3.96364e+00	8.07693e-04
3.97883e+00	8.10425e-04
3.99402e+00	8.15941e-04
4.00920e+00	8.20170e-04
4.02439e+00	8.24506e-04
4.03957e+00	8.28852e-04
4.05476e+00	8.32915e-04
4.06995e+00	8.37129e-04
4.08513e+00	8.41588e-04
4.10032e+00	8.45821e-04
4.11551e+00	8.50024e-04
4.13069e+00	8.54171e-04
4.14588e+00	8.58273e-04
4.16107e+00	8.62311e-04
4.17625e+00	8.66293e-04
4.19144e+00	8.70222e-04
4.20662e+00	8.74093e-04
4.22181e+00	8.77909e-04
4.23700e+00	8.81657e-04
4.25218e+00	8.85358e-04
4.26737e+00	8.88997e-04
4.28256e+00	8.92572e-04
4.29774e+00	8.96085e-04
4.31293e+00	8.99535e-04
4.32812e+00	9.02916e-04
4.34330e+00	9.06237e-04
4.35849e+00	9.09490e-04
4.37367e+00	9.12675e-04
4.38886e+00	9.15791e-04
4.40405e+00	9.18837e-04
4.41923e+00	9.21814e-04
4.43442e+00	9.24718e-04
4.44961e+00	9.27548e-04
4.46479e+00	9.30306e-04
4.47998e+00	9.32990e-04
4.49517e+00	9.35597e-04
4.51035e+00	9.38132e-04
4.52554e+00	9.40589e-04
4.54072e+00	9.42961e-04
4.55591e+00	9.45258e-04
4.57110e+00	9.47476e-04
4.58628e+00	9.49613e-04
4.60147e+00	9.51670e-04
4.61666e+00	9.53647e-04
4.63184e+00	9.55538e-04
4.64703e+00	9.57347e-04
4.66222e+00	9.59073e-04
4.67740e+00	9.60714e-04
4.69259e+00	9.62272e-04
4.70777e+00	9.63735e-04
4.72296e+00	9.65123e-04
4.73815e+00	9.66428e-04
4.75333e+00	9.67641e-04
4.76852e+00	9.68766e-04
4.78371e+00	9.69802e-04
4.79889e+00	9.70745e-04
4.81408e+00	9.71612e-04
4.82927e+00	9.72365e-04
4.84445e+00	9.73036e-04
4.85964e+00	9.73614e-04
4.87482e+00	9.74101e-04
4.89001e+00	9.74511e-04
4.90520e+00	9.74789e-04
4.92038e+00	9.74968e-04
4.93557e+00	9.75191e-04
4.95076e+00	9.75251e-04
4.96594e+00	9.75223e-04
4.98113e+00	9.75099e-04
4.99632e+00	9.74949e-04
5.01150e+00	9.74461e-04
5.02669e+00	9.74135e-04
5.04187e+00	9.73871e-04
5.05706e+00	9.73386e-04
5.07225e+00	9.72814e-04
5.08743e+00	9.72141e-04
5.10262e+00	9.71369e-04
5.11781e+00	9.70486e-04
5.13299e+00	9.69515e-04
5.14818e+00	9.68446e-04
5.16337e+00	9.67272e-04
5.17855e+00	9.65998e-04
5.19374e+00	9.64622e-04
5.20893e+00	9.63142e-04
5.22411e+00	9.61572e-04
5.23930e+00	9.59889e-04
5.25448e+00	9.58102e-04
5.26967e+00	9.56218e-04
5.28486e+00	9.54233e-04
5.30004e+00	9.52149e-04
5.31523e+00	9.49966e-04
5.33042e+00	9.47681e-04
5.34560e+00	9.45299e-04
5.36079e+00	9.42824e-04
5.37598e+00	9.40248e-04
5.39116e+00	9.37574e-04
5.40635e+00	9.34804e-04
5.42153e+00	9.31935e-04
5.43672e+00	9.28971e-04
5.45191e+00	9.25916e-04
5.46709e+00	9.22754e-04
5.48228e+00	9.19502e-04
5.49747e+00	9.16157e-04
5.51265e+00	9.12718e-04
5.52784e+00	9.09188e-04
5.54303e+00	9.05567e-04
5.55821e+00	9.01849e-04
5.57340e+00	8.98052e-04
5.58858e+00	8.94163e-04
5.60377e+00	8.90186e-04
5.61896e+00	8.86122e-04
5.63414e+00	8.81971e-04
5.64933e+00	8.77734e-04
5.66452e+00	8.73414e-04
5.67970e+00	8.69014e-04
5.69489e+00	8.64519e-04
5.71008e+00	8.59949e-04
5.72526e+00	8.55299e-04
5.74045e+00	8.50570e-04
5.75563e+00	8.45764e-04
5.77082e+00	8.40882e-04
5.78601e+00	8.35920e-04
5.80119e+00	8.30891e-04
5.81638e+00	8.25792e-04
5.83157e+00	8.20620e-04
5.84675e+00	8.15377e-04
5.86194e+00	8.10066e-04
5.87713e+00	8.04688e-04
5.89231e+00	7.99217e-04
5.90750e+00	7.93788e-04
5.92268e+00	7.88141e-04
5.93787e+00	7.82461e-04
5.95306e+00	7.76733e-04
5.96824e+00	7.70948e-04
5.98343e+00	7.65108e-04
5.99862e+00	7.59213e-04
6.01380e+00	7.53211e-04
6.02899e+00	7.47388e-04
6.04418e+00	7.41167e-04
6.05936e+00	7.34995e-04
6.07455e+00	7.28789e-04
6.08973e+00	7.22543e-04
6.10492e+00	7.16258e-04
6.12011e+00	7.09935e-04
6.13529e+00	7.03579e-04
6.15048e+00	6.97183e-04
6.16567e+00	6.90762e-04
6.18085e+00	6.84310e-04
6.19604e+00	6.77827e-04
6.21123e+00	6.71317e-04
6.22641e+00	6.64781e-04
6.24160e+00	6.58221e-04
6.25678e+00	6.51638e-04
6.27197e+00	6.45037e-04
6.28716e+00	6.38413e-04
6.30234e+00	6.31769e-04
6.31753e+00	6.25111e-04
6.33272e+00	6.18438e-04
6.34790e+00	6.11753e-04
6.36309e+00	6.05058e-04
6.37828e+00	5.98352e-04
6.39346e+00	5.91640e-04
6.40865e+00	5.84923e-04
6.42383e+00	5.78197e-04
6.43902e+00	5.71470e-04
6.45421e+00	5.64743e-04
6.46939e+00	5.58015e-04
6.48458e+00	5.51290e-04
6.49977e+00	5.44569e-04
6.51495e+00	5.37855e-04
6.53014e+00	5.31140e-04
6.54533e+00	5.24444e-04
6.56051e+00	5.17757e-04
6.57570e+00	5.11080e-04
6.59088e+00	5.04417e-04
6.60607e+00	4.97767e-04
6.62126e+00	4.91133e-04
6.63644e+00	4.84516e-04
6.65163e+00	4.77916e-04
6.66682e+00	4.71342e-04
6.68200e+00	4.64780e-04
6.69719e+00	4.58245e-04
6.71238e+00	4.51734e-04
6.72756e+00	4.45249e-04
6.74275e+00	4.38790e-04
6.75793e+00	4.32360e-04
6.77312e+00	4.25959e-04
6.78831e+00	4.19589e-04
6.80349e+00	4.13253e-04
6.81868e+00	4.06945e-04
6.83387e+00	4.00675e-04
6.84905e+00	3.94439e-04
6.86424e+00	3.88241e-04
6.87943e+00	3.82080e-04
6.89461e+00	3.75959e-04
6.90980e+00	3.69858e-04
6.92498e+00	3.63836e-04
6.94017e+00	3.57915e-04
6.95536e+00	3.51780e-04
6.97054e+00	3.45818e-04
6.98573e+00	3.39893e-04
7.00092e+00	3.34022e-04
7.01610e+00	3.28203e-04
7.03129e+00	3.22437e-04
7.04648e+00	3.16716e-04
7.06166e+00	3.11051e-04
7.07685e+00	3.05527e-04
7.09203e+00	2.99850e-04
7.10722e+00	2.94325e-04
7.12241e+00	2.88851e-04
7.13759e+00	2.83439e-04
7.15278e+00	2.78087e-04
7.16797e+00	2.72797e-04
7.18315e+00	2.67568e-04
7.19834e+00	2.62400e-04
7.21353e+00	2.57294e-04
7.22871e+00	2.52250e-04
7.24390e+00	2.47269e-04
7.25909e+00	2.42349e-04
7.27427e+00	2.37492e-04
7.28946e+00	2.32698e-04
7.30464e+00	2.27965e-04
7.31983e+00	2.23296e-04
7.33502e+00	2.18689e-04
7.35020e+00	2.14144e-04
7.36539e+00	2.09662e-04
7.38058e+00	2.05243e-04
7.39576e+00	2.00886e-04
7.41095e+00	1.96591e-04
7.42614e+00	1.92359e-04
7.44132e+00	1.88188e-04
7.45651e+00	1.84080e-04
7.47169e+00	1.80033e-04
7.48688e+00	1.76048e-04
7.50207e+00	1.72124e-04
7.51725e+00	1.68261e-04
7.53244e+00	1.64458e-04
7.54763e+00	1.60717e-04
7.56281e+00	1.57036e-04
7.57800e+00	1.53414e-04
7.59319e+00	1.49852e-04
7.60837e+00	1.46350e-04
7.62356e+00	1.42907e-04
7.63874e+00	1.39522e-04
7.65393e+00	1.36195e-04
7.66912e+00	1.32927e-04
7.68430e+00	1.29716e-04
7.69949e+00	1.26562e-04
7.71468e+00	1.23464e-04
7.72986e+00	1.20423e-04
7.74505e+00	1.17437e-04
7.76024e+00	1.14507e-04
7.77542e+00	1.11631e-04
7.79061e+00	1.08810e-04
7.80579e+00	1.06042e-04
7.82098e+00	1.03327e-04
7.83617e+00	1.00666e-04
7.85135e+00	9.80561e-05
7.86654e+00	9.54982e-05
7.88173e+00	9.29914e-05
7.89691e+00	9.05352e-05
7.91210e+00	8.81290e-05
7.92729e+00	8.57722e-05
7.94247e+00	8.34643e-05
7.95766e+00	8.12047e-05
7.97284e+00	7.89927e-05
7.98803e+00	7.68279e-05
8.00322e+00	7.47096e-05
8.01840e+00	7.26372e-05
8.03359e+00	7.06101e-05
8.04878e+00	6.86277e-05
8.06396e+00	6.66894e-05
8.07915e+00	6.47946e-05
8.09434e+00	6.29426e-05
8.10952e+00	6.11329e-05
8.12471e+00	5.93649e-05
8.13989e+00	5.76378e-05
8.15508e+00	5.59511e-05
8.17027e+00	5.43042e-05
8.18545e+00	5.26964e-05
8.20064e+00	5.11272e-05
8.21583e+00	4.95958e-05
8.23101e+00	4.81018e-05
8.24620e+00	4.66444e-05
8.26139e+00	4.52230e-05
8.27657e+00	4.38371e-05
8.29176e+00	4.24861e-05
8.30694e+00	4.11692e-05
8.32213e+00	3.98859e-05
8.33732e+00	3.86356e-05
8.35250e+00	3.74176e-05
8.36769e+00	3.62315e-05
8.38288e+00	3.50765e-05
8.39806e+00	3.39521e-05
8.41325e+00	3.28577e-05
8.42844e+00	3.17927e-05
8.44362e+00	3.07566e-05
8.45881e+00	2.97487e-05
8.47399e+00	2.87685e-05
8.48918e+00	2.78154e-05
8.50437e+00	2.68888e-05
8.51955e+00	2.59883e-05
8.53474e+00	2.51132e-05
8.54993e+00	2.42630e-05
8.56511e+00	2.34372e-05
8.58030e+00	2.26351e-05
8.59549e+00	2.18565e-05
8.61067e+00	2.11005e-05
8.62586e+00	2.03669e-05
8.64104e+00	1.96550e-05
8.65623e+00	1.89643e-05
8.67142e+00	1.82944e-05
8.68660e+00	1.76448e-05
8.70179e+00	1.70150e-05
8.71698e+00	1.64045e-05
8.73216e+00	1.58128e-05
8.74735e+00	1.52396e-05
8.76254e+00	1.46842e-05
8.77772e+00	1.41463e-05
8.79291e+00	1.36255e-05
8.80809e+00	1.31213e-05
8.82328e+00	1.26333e-05
8.83847e+00	1.21610e-05
8.85365e+00	1.17040e-05
8.86884e+00	1.12621e-05
8.88403e+00	1.08346e-05
8.89921e+00	1.04213e-05
8.91440e+00	1.00214e-05
8.92959e+00	9.63642e-06
8.94477e+00	9.26253e-06
8.95996e+00	8.90109e-06
8.97514e+00	8.55256e-06
8.99033e+00	8.21604e-06
9.00552e+00	7.89124e-06
9.02070e+00	7.57780e-06
9.03589e+00	7.27539e-06
9.05108e+00	6.98368e-06
9.06626e+00	6.70235e-06
9.08145e+00	6.43109e-06
9.09664e+00	6.16959e-06
9.11182e+00	5.91756e-06
9.12701e+00	5.67470e-06
9.14219e+00	5.44073e-06
9.15738e+00	5.21538e-06
9.17257e+00	4.99836e-06
9.18775e+00	4.78941e-06
9.20294e+00	4.58829e-06
9.21813e+00	4.39473e-06
9.23331e+00	4.20849e-06
9.24850e+00	4.02933e-06
9.26369e+00	3.85700e-06
9.27887e+00	3.69139e-06
9.29406e+00	3.53206e-06
9.30925e+00	3.37889e-06
9.32443e+00	3.23175e-06
9.33962e+00	3.09039e-06
9.35480e+00	2.95462e-06
9.36999e+00	2.82424e-06
9.38518e+00	2.69906e-06
9.40036e+00	2.57890e-06
9.41555e+00	2.46360e-06
9.43074e+00	2.35296e-06
9.44592e+00	2.24683e-06
9.46111e+00	2.14505e-06
9.47630e+00	2.04746e-06
9.49148e+00	1.95391e-06
9.50667e+00	1.86425e-06
9.52185e+00	1.77833e-06
9.53704e+00	1.69602e-06
9.55223e+00	1.61719e-06
9.56741e+00	1.54169e-06
9.58260e+00	1.46942e-06
9.59779e+00	1.40024e-06
9.61297e+00	1.33404e-06
9.62816e+00	1.27066e-06
9.64335e+00	1.21022e-06
9.65853e+00	1.15214e-06
9.67372e+00	1.09668e-06
9.68890e+00	1.04369e-06
9.70409e+00	9.93062e-07
9.71928e+00	9.44692e-07
9.73446e+00	8.98494e-07
9.74965e+00	8.54379e-07
9.76484e+00	8.12262e-07
9.78002e+00	7.72061e-07
9.79521e+00	7.33698e-07
9.81040e+00	6.97096e-07
9.82558e+00	6.62183e-07
9.84077e+00	6.28886e-07
9.85595e+00	5.97140e-07
9.87114e+00	5.66877e-07
9.88633e+00	5.38036e-07
9.90151e+00	5.10554e-07
9.91670e+00	4.84375e-07
9.93189e+00	4.59441e-07
9.94707e+00	4.35698e-07
9.96226e+00	4.13096e-07
9.97745e+00	3.91581e-07
9.99263e+00	3.71071e-07
1.00078e+01	3.51563e-07
1.00230e+01	3.33426e-07
1.00382e+01	3.15220e-07
1.00534e+01	2.98382e-07
1.00686e+01	2.82367e-07
1.00837e+01	2.67181e-07
1.00989e+01	2.52777e-07
1.01141e+01	2.39118e-07
1.01293e+01	2.26166e-07
1.01445e+01	2.13887e-07
1.01597e+01	2.02248e-07
1.01749e+01	1.91216e-07
1.01901e+01	1.80761e-07
1.02052e+01	1.70855e-07
1.02204e+01	1.61470e-07
1.02356e+01	1.52580e-07
1.02508e+01	1.44160e-07
1.02660e+01	1.36186e-07
1.02812e+01	1.28636e-07
1.02964e+01	1.21487e-07
1.03115e+01	1.14721e-07
1.03267e+01	1.08316e-07
1.03419e+01	1.02255e-07
1.03571e+01	9.65206e-08
1.03723e+01	9.10949e-08
1.03875e+01	8.59625e-08
1.04027e+01	8.11082e-08
1.04179e+01	7.65175e-08
1.04330e+01	7.21768e-08
1.04482e+01	6.80730e-08
1.04634e+01	6.41937e-08
1.04786e+01	6.05271e-08
1.04938e+01	5.70622e-08
1.05090e+01	5.37882e-08
1.05242e+01	5.06950e-08
1.05393e+01	4.77731e-08
1.05545e+01	4.50134e-08
1.05697e+01	4.24068e-08
1.05849e+01	3.99352e-08
1.06001e+01	3.76426e-08
1.06153e+01	3.54320e-08
1.06305e+01	3.33301e-08
1.06456e+01	3.13682e-08
1.06608e+01	2.95185e-08
1.06760e+01	2.77763e-08
1.06912e+01	2.61354e-08
1.07064e+01	2.45899e-08
1.07216e+01	2.31344e-08
1.07368e+01	2.17638e-08
1.07520e+01	2.04730e-08
1.07671e+01	1.92577e-08
1.07823e+01	1.81134e-08
1.07975e+01	1.70361e-08
1.08127e+01	1.60218e-08
1.08279e+01	1.50670e-08
1.08431e+01	1.41683e-08
1.08583e+01	1.33223e-08
1.08734e+01	1.25261e-08
1.08886e+01	1.17767e-08
1.09038e+01	1.10715e-08
1.09190e+01	1.04079e-08
1.09342e+01	9.78343e-09
1.09494e+01	9.19586e-09
1.09646e+01	8.64305e-09
1.09797e+01	8.12296e-09
1.09949e+01	7.63369e-09
1.10101e+01	7.17344e-09
1.10253e+01	6.74051e-09
1.10405e+01	6.33330e-09
1.10557e+01	5.95032e-09
1.10709e+01	5.59014e-09
1.10861e+01	5.25142e-09
1.11012e+01	4.93291e-09
1.11164e+01	4.63342e-09
1.11316e+01	4.35182e-09
1.11468e+01	4.08707e-09
1.11620e+01	3.83817e-09
1.11772e+01	3.60418e-09
1.11924e+01	3.38424e-09
1.12075e+01	3.17749e-09
1.12227e+01	2.98318e-09
1.12379e+01	2.80055e-09
1.12531e+01	2.62892e-09
1.12683e+01	2.46763e-09
1.12835e+01	2.31607e-09
1.12987e+01	2.17367e-09
1.13138e+01	2.03987e-09
1.13290e+01	1.91416e-09
1.13442e+01	1.79606e-09
1.13594e+01	1.68512e-09
1.13746e+01	1.58091e-09
1.13898e+01	1.48303e-09
1.14050e+01	1.39109e-09
1.14202e+01	1.30475e-09
1.14353e+01	1.22366e-09
1.14505e+01	1.14752e-09
1.14657e+01	1.07602e-09
1.14809e+01	1.00888e-09
1.14961e+01	9.45848e-10
1.15113e+01	8.86668e-10
1.15265e+01	8.31110e-10
1.15416e+01	7.78945e-10
1.15568e+01	7.29624e-10
1.15720e+01	6.80645e-10
1.15872e+01	6.32513e-10
1.16024e+01	5.85582e-10
1.16176e+01	5.39926e-10
1.16328e+01	4.95541e-10
1.16479e+01	4.49980e-10
1.16631e+01	4.04940e-10
1.16783e+01	3.63328e-10
1.16935e+01	3.26191e-10
1.17087e+01	2.93479e-10
1.17239e+01	2.64827e-10
1.17391e+01	2.39455e-10
1.17543e+01	2.16442e-10
1.17694e+01	1.95167e-10
1.17846e+01	1.75622e-10
1.17998e+01	1.57900e-10
1.18150e+01	1.41806e-10
1.18302e+01	1.26913e-10
1.18454e+01	1.11493e-10
1.18606e+01	9.69661e-11
1.18757e+01	8.46420e-11
1.18909e+01	7.44623e-11
1.19061e+01	6.58348e-11
1.19213e+01	5.83575e-11
1.19365e+01	5.18214e-11
1.19517e+01	4.60738e-11
1.19669e+01	4.09896e-11
1.19820e+01	3.64709e-11
1.19972e+01	3.24503e-11
1.20124e+01	2.88650e-11
1.20276e+01	2.56640e-11
1.20428e+01	2.28056e-11
1.20580e+01	2.02542e-11
1.20732e+01	1.79783e-11
1.20884e+01	1.59497e-11
1.21035e+01	1.41408e-11
1.21187e+01	1.25273e-11
1.21339e+01	1.10868e-11
1.21491e+01	9.80190e-12
1.21643e+01	8.65733e-12
1.21795e+01	7.63915e-12
1.21947e+01	6.73446e-12
1.22098e+01	5.92967e-12
1.22250e+01	5.21364e-12
1.22402e+01	4.57690e-12
1.22554e+01	4.01154e-12
1.22706e+01	3.51043e-12
1.22858e+01	3.06716e-12
1.23010e+01	2.67580e-12
1.23161e+01	2.33120e-12
1.23313e+01	2.02889e-12
1.23465e+01	1.76400e-12
1.23617e+01	1.53215e-12
1.23769e+01	1.32946e-12
1.23921e+01	1.15248e-12
1.24073e+01	9.98003e-13
1.24225e+01	8.63161e-13
1.24376e+01	7.45603e-13
1.24528e+01	6.43222e-13
1.24680e+01	5.54181e-13
1.24832e+01	4.76850e-13
1.24984e+01	4.09787e-13
1.25136e+01	3.51716e-13
1.25288e+01	3.01487e-13
1.25439e+01	2.58079e-13
1.25591e+01	2.20754e-13
1.25743e+01	1.88432e-13
1.25895e+01	1.60704e-13
1.26047e+01	1.36903e-13
1.26199e+01	1.16509e-13
1.26351e+01	9.90700e-14
1.26502e+01	8.41727e-14
1.26654e+01	7.14559e-14
1.26806e+01	6.06083e-14
1.26958e+01	5.13637e-14
1.27110e+01	4.35047e-14
1.27262e+01	3.68275e-14
1.27414e+01	3.11610e-14
1.27566e+01	2.63553e-14
1.27717e+01	2.22804e-14
1.27869e+01	1.88259e-14
1.28021e+01	1.58991e-14
1.28173e+01	1.34269e-14
1.28325e+01	1.13415e-14
1.28477e+01	9.58510e-15
1.28629e+01	8.11340e-15
1.28780e+01	6.88077e-15
1.28932e+01	5.84353e-15
1.29084e+01	4.96368e-15
1.29236e+01	4.20306e-15
1.29388e+01	3.56217e-15
1.29540e+01	3.03160e-15
1.29692e+01	2.59139e-15
1.29843e+01	2.21532e-15
1.29995e+01	1.89233e-15
1.30147e+01	1.60368e-15
1.30299e+01	1.33550e-15
1.30451e+01	1.09206e-15
1.30603e+01	8.87522e-16
1.30755e+01	7.28236e-16
1.30907e+01	6.03378e-16
1.31058e+01	5.05253e-16
1.31210e+01	4.27270e-16
1.31362e+01	3.64125e-16
1.31514e+01	3.10566e-16
1.31666e+01	2.64172e-16
1.31818e+01	2.23331e-16
1.31970e+01	1.87599e-16
1.32121e+01	1.56931e-16
1.32273e+01	1.32074e-16
1.32425e+01	1.11698e-16
1.32577e+01	9.47874e-17
1.32729e+01	8.06035e-17
1.32881e+01	6.87137e-17
1.33033e+01	5.87139e-17
1.33184e+01	5.02552e-17
1.33336e+01	4.30757e-17
1.33488e+01	3.69498e-17
1.33640e+01	3.17087e-17
1.33792e+01	2.72023e-17
1.33944e+01	2.33115e-17
1.34096e+01	1.99554e-17
1.34248e+01	1.70595e-17
1.34399e+01	1.45505e-17
1.34551e+01	1.23785e-17
1.34703e+01	1.04942e-17
1.34855e+01	8.88479e-18
1.35007e+01	7.52249e-18
1.35159e+01	6.36977e-18
1.35311e+01	5.38946e-18
1.35462e+01	4.55524e-18
1.35614e+01	3.84623e-18
1.35766e+01	3.24423e-18
1.35918e+01	2.73360e-18
1.36070e+01	2.30089e-18
1.36222e+01	1.93496e-18
1.36374e+01	1.62574e-18
1.36525e+01	1.36469e-18
1.36677e+01	1.14453e-18
1.36829e+01	9.59029e-19
1.36981e+01	8.02861e-19
1.37133e+01	6.71522e-19
1.37285e+01	5.61175e-19
1.37437e+01	4.68548e-19
1.37589e+01	3.90864e-19
1.37740e+01	3.25780e-19
1.37892e+01	2.71306e-19
1.38044e+01	2.25745e-19
1.38196e+01	1.87662e-19
1.38348e+01	1.55864e-19
1.38500e+01	1.29341e-19
1.38652e+01	1.07233e-19
1.38803e+01	8.88045e-20
1.38955e+01	7.34516e-20
1.39107e+01	6.06784e-20
1.39259e+01	5.00560e-20
1.39411e+01	4.12361e-20
1.39563e+01	3.39236e-20
1.39715e+01	2.78717e-20
1.39866e+01	2.28710e-20
1.40018e+01	1.87392e-20
1.40170e+01	1.53310e-20
1.40322e+01	1.25262e-20
1.40474e+01	1.02215e-20
1.40626e+01	8.33026e-21
1.40778e+01	6.78043e-21
1.40930e+01	5.51147e-21
1.41081e+01	4.47398e-21
1.41233e+01	3.62696e-21
1.41385e+01	2.93644e-21
1.41537e+01	2.37431e-21
1.41689e+01	1.91733e-21
1.41841e+01	1.54635e-21
1.41993e+01	1.24558e-21
1.42144e+01	1.00208e-21
1.42296e+01	8.05180e-22
1.42448e+01	6.46125e-22
1.42600e+01	5.17777e-22
1.42752e+01	4.14361e-22
1.42904e+01	3.31148e-22
1.43056e+01	2.64287e-22
1.43207e+01	2.10646e-22
1.43359e+01	1.67671e-22
1.43511e+01	1.33290e-22
1.43663e+01	1.05821e-22
1.43815e+01	8.39047e-23
1.43967e+01	6.64427e-23
1.44119e+01	5.25480e-23
1.44271e+01	4.15067e-23
1.44422e+01	3.27443e-23
1.44574e+01	2.57994e-23
1.44726e+01	2.03027e-23
1.44878e+01	1.59578e-23
1.45030e+01	1.25275e-23
1.45182e+01	9.82274e-24
1.45334e+01	7.69276e-24
1.45485e+01	6.01753e-24
1.45637e+01	4.70159e-24
1.45789e+01	3.66917e-24
1.45941e+01	2.86016e-24
1.46093e+01	2.22698e-24
1.46245e+01	1.73200e-24
1.46397e+01	1.34551e-24
1.46548e+01	1.04410e-24
1.46700e+01	8.09296e-25
1.46852e+01	6.26601e-25
1.47004e+01	4.84617e-25
1.47156e+01	3.74398e-25
1.47308e+01	2.88934e-25
1.47460e+01	2.22739e-25
1.47612e+01	1.71526e-25
1.47763e+01	1.31948e-25
1.47915e+01	1.01395e-25
1.48067e+01	7.78345e-26
1.48219e+01	5.96861e-26
1.48371e+01	4.57215e-26
1.48523e+01	3.49879e-26
1.48675e+01	2.67467e-26
1.48826e+01	2.04259e-26
1.48978e+01	1.55831e-26
1.49130e+01	1.18765e-26
1.49282e+01	9.04247e-27
1.49434e+01	6.87788e-27
1.49586e+01	5.22631e-27
1.49738e+01	3.96754e-27
1.49889e+01	3.00938e-27
1.50041e+01	2.28093e-27
1.50193e+01	1.72792e-27
1.50345e+01	1.30876e-27
1.50497e+01	9.91513e-28
1.50649e+01	7.51842e-28
1.50801e+01	5.71206e-28
1.50953e+01	4.35538e-28
1.51104e+01	3.34190e-28
1.51256e+01	2.59137e-28
1.51408e+01	2.04373e-28
1.51560e+01	1.65450e-28
1.51712e+01	1.39919e-28
1.51864e+01	1.20654e-28
