# The ell = 0 distribution, the isotropy.
# E_N [Td]	1.50000e+00
# col_1: Electron Energy [eV], col_2: f0 [eV^(-3/2)]
eV	f0
2.63026e-03	7.43076e-01
7.89077e-03	7.43069e-01
1.31513e-02	7.43057e-01
1.84118e-02	7.43044e-01
2.36723e-02	7.43027e-01
2.89328e-02	7.43006e-01
3.41934e-02	7.42986e-01
3.94539e-02	7.42963e-01
4.47144e-02	7.42940e-01
4.99749e-02	7.42916e-01
5.52354e-02	7.42894e-01
6.04959e-02	7.42872e-01
6.57564e-02	7.42849e-01
7.10170e-02	7.42829e-01
7.62775e-02	7.42808e-01
8.15380e-02	7.42788e-01
8.67985e-02	7.42769e-01
9.20590e-02	7.42750e-01
9.73195e-02	7.42732e-01
1.02580e-01	7.42715e-01
1.07841e-01	7.42698e-01
1.13101e-01	7.42681e-01
1.18362e-01	7.42665e-01
1.23622e-01	7.42650e-01
1.28883e-01	7.42635e-01
1.34143e-01	7.42620e-01
1.39404e-01	7.42605e-01
1.44664e-01	7.42591e-01
1.49925e-01	7.42576e-01
1.55185e-01	7.42562e-01
1.60446e-01	7.42548e-01
1.65706e-01	7.42534e-01
1.70967e-01	7.42520e-01
1.76227e-01	7.42506e-01
1.81488e-01	7.42492e-01
1.86748e-01	7.42478e-01
1.92009e-01	7.42464e-01
1.97269e-01	7.42449e-01
2.02530e-01	7.42435e-01
2.07790e-01	7.42420e-01
2.13051e-01	7.42405e-01
2.18311e-01	7.42389e-01
2.23572e-01	7.42374e-01
2.28832e-01	7.42358e-01
2.34093e-01	7.42341e-01
2.39353e-01	7.42325e-01
2.44614e-01	7.42307e-01
2.49874e-01	7.42290e-01
2.55135e-01	7.42272e-01
2.60396e-01	7.42253e-01
2.65656e-01	7.42234e-01
2.70917e-01	7.42214e-01
2.76177e-01	7.42194e-01
2.81438e-01	7.42173e-01
2.86698e-01	7.42151e-01
2.91959e-01	7.42129e-01
2.97219e-01	7.42106e-01
3.02480e-01	7.42083e-01
3.07740e-01	7.42059e-01
3.13001e-01	7.42034e-01
3.18261e-01	7.42009e-01
3.23522e-01	7.41984e-01
3.28782e-01	7.41958e-01
3.34043e-01	7.41931e-01
3.39303e-01	7.41904e-01
3.44564e-01	7.41877e-01
3.49824e-01	7.41849e-01
3.55085e-01	7.41821e-01
3.60345e-01	7.41792e-01
3.65606e-01	7.41763e-01
3.70866e-01	7.41733e-01
3.76127e-01	7.41703e-01
3.81387e-01	7.41672e-01
3.86648e-01	7.41640e-01
3.91908e-01	7.41609e-01
3.97169e-01	7.41576e-01
4.02429e-01	7.41543e-01
4.07690e-01	7.41510e-01
4.12950e-01	7.41475e-01
4.18211e-01	7.41441e-01
4.23472e-01	7.41405e-01
4.28732e-01	7.41370e-01
4.33993e-01	7.41333e-01
4.39253e-01	7.41296e-01
4.44514e-01	7.41258e-01
4.49774e-01	7.41220e-01
4.55035e-01	7.41181e-01
4.60295e-01	7.41141e-01
4.65556e-01	7.41100e-01
4.70816e-01	7.41059e-01
4.76077e-01	7.41017e-01
4.81337e-01	7.40975e-01
4.86598e-01	7.40931e-01
4.91858e-01	7.40887e-01
4.97119e-01	7.40842e-01
5.02379e-01	7.40797e-01
5.07640e-01	7.40750e-01
5.12900e-01	7.40703e-01
5.18161e-01	7.40655e-01
5.23421e-01	7.40606e-01
5.28682e-01	7.40557e-01
5.33942e-01	7.40506e-01
5.39203e-01	7.40454e-01
5.44463e-01	7.40402e-01
5.49724e-01	7.40348e-01
5.54984e-01	7.40294e-01
5.60245e-01	7.40238e-01
5.65505e-01	7.40181e-01
5.70766e-01	7.40124e-01
5.76026e-01	7.40065e-01
5.81287e-01	7.40005e-01
5.86548e-01	7.39944e-01
5.91808e-01	7.39881e-01
5.97069e-01	7.39817e-01
6.02329e-01	7.39752e-01
6.07590e-01	7.39686e-01
6.12850e-01	7.39618e-01
6.18111e-01	7.39550e-01
6.23371e-01	7.39479e-01
6.28632e-01	7.39408e-01
6.33892e-01	7.39335e-01
6.39153e-01	7.39261e-01
6.44413e-01	7.39186e-01
6.49674e-01	7.39109e-01
6.54934e-01	7.39030e-01
6.60195e-01	7.38951e-01
6.65455e-01	7.38869e-01
6.70716e-01	7.38787e-01
6.75976e-01	7.38703e-01
6.81237e-01	7.38618e-01
6.86497e-01	7.38531e-01
6.91758e-01	7.38442e-01
6.97018e-01	7.38351e-01
7.02279e-01	7.38257e-01
7.07539e-01	7.38159e-01
7.12800e-01	7.38059e-01
7.18060e-01	7.37955e-01
7.23321e-01	7.37847e-01
7.28581e-01	7.37736e-01
7.33842e-01	7.37621e-01
7.39102e-01	7.37503e-01
7.44363e-01	7.37380e-01
7.49623e-01	7.37252e-01
7.54884e-01	7.37120e-01
7.60145e-01	7.36981e-01
7.65405e-01	7.36836e-01
7.70666e-01	7.36684e-01
7.75926e-01	7.36526e-01
7.81187e-01	7.36361e-01
7.86447e-01	7.36188e-01
7.91708e-01	7.36008e-01
7.96968e-01	7.35822e-01
8.02229e-01	7.35628e-01
8.07489e-01	7.35427e-01
8.12750e-01	7.35218e-01
8.18010e-01	7.35002e-01
8.23271e-01	7.34777e-01
8.28531e-01	7.34545e-01
8.33792e-01	7.34305e-01
8.39052e-01	7.34056e-01
8.44313e-01	7.33800e-01
8.49573e-01	7.33535e-01
8.54834e-01	7.33263e-01
8.60094e-01	7.32983e-01
8.65355e-01	7.32695e-01
8.70615e-01	7.32399e-01
8.75876e-01	7.32094e-01
8.81136e-01	7.31779e-01
8.86397e-01	7.31455e-01
8.91657e-01	7.31120e-01
8.96918e-01	7.30774e-01
9.02178e-01	7.30418e-01
9.07439e-01	7.30050e-01
9.12699e-01	7.29671e-01
9.17960e-01	7.29280e-01
9.23221e-01	7.28879e-01
9.28481e-01	7.28466e-01
9.33742e-01	7.28041e-01
9.39002e-01	7.27603e-01
9.44263e-01	7.27151e-01
9.49523e-01	7.26685e-01
9.54784e-01	7.26202e-01
9.60044e-01	7.25703e-01
9.65305e-01	7.25188e-01
9.70565e-01	7.24655e-01
9.75826e-01	7.24105e-01
9.81086e-01	7.23537e-01
9.86347e-01	7.22952e-01
9.91607e-01	7.22350e-01
9.96868e-01	7.21730e-01
1.00213e+00	7.21093e-01
1.00739e+00	7.20437e-01
1.01265e+00	7.19760e-01
1.01791e+00	7.19061e-01
1.02317e+00	7.18338e-01
1.02843e+00	7.17590e-01
1.03369e+00	7.16818e-01
1.03895e+00	7.16020e-01
1.04421e+00	7.15197e-01
1.04947e+00	7.14349e-01
1.05473e+00	7.13475e-01
1.05999e+00	7.12576e-01
1.06525e+00	7.11653e-01
1.07051e+00	7.10705e-01
1.07578e+00	7.09732e-01
1.08104e+00	7.08732e-01
1.08630e+00	7.07704e-01
1.09156e+00	7.06647e-01
1.09682e+00	7.05561e-01
1.10208e+00	7.04445e-01
1.10734e+00	7.03299e-01
1.11260e+00	7.02123e-01
1.11786e+00	7.00917e-01
1.12312e+00	6.99682e-01
1.12838e+00	6.98417e-01
1.13364e+00	6.97124e-01
1.13890e+00	6.95802e-01
1.14416e+00	6.94452e-01
1.14942e+00	6.93073e-01
1.15468e+00	6.91665e-01
1.15994e+00	6.90225e-01
1.16520e+00	6.88754e-01
1.17046e+00	6.87250e-01
1.17573e+00	6.85713e-01
1.18099e+00	6.84143e-01
1.18625e+00	6.82540e-01
1.19151e+00	6.80903e-01
1.19677e+00	6.79232e-01
1.20203e+00	6.77529e-01
1.20729e+00	6.75792e-01
1.21255e+00	6.74023e-01
1.21781e+00	6.72221e-01
1.22307e+00	6.70385e-01
1.22833e+00	6.68511e-01
1.23359e+00	6.66598e-01
1.23885e+00	6.64643e-01
1.24411e+00	6.62645e-01
1.24937e+00	6.60604e-01
1.25463e+00	6.58517e-01
1.25989e+00	6.56385e-01
1.26515e+00	6.54208e-01
1.27041e+00	6.51985e-01
1.27568e+00	6.49716e-01
1.28094e+00	6.47404e-01
1.28620e+00	6.45048e-01
1.29146e+00	6.42649e-01
1.29672e+00	6.40210e-01
1.30198e+00	6.37724e-01
1.30724e+00	6.35188e-01
1.31250e+00	6.32596e-01
1.31776e+00	6.29945e-01
1.32302e+00	6.27235e-01
1.32828e+00	6.24461e-01
1.33354e+00	6.21624e-01
1.33880e+00	6.18723e-01
1.34406e+00	6.15758e-01
1.34932e+00	6.12728e-01
1.35458e+00	6.09635e-01
1.35984e+00	6.06479e-01
1.36510e+00	6.03262e-01
1.37036e+00	5.99984e-01
1.37562e+00	5.96649e-01
1.38089e+00	5.93256e-01
1.38615e+00	5.89807e-01
1.39141e+00	5.86304e-01
1.39667e+00	5.82748e-01
1.40193e+00	5.79141e-01
1.40719e+00	5.75482e-01
1.41245e+00	5.71775e-01
1.41771e+00	5.68019e-01
1.42297e+00	5.64217e-01
1.42823e+00	5.60370e-01
1.43349e+00	5.56478e-01
1.43875e+00	5.52544e-01
1.44401e+00	5.48568e-01
1.44927e+00	5.44554e-01
1.45453e+00	5.40502e-01
1.45979e+00	5.36414e-01
1.46505e+00	5.32286e-01
1.47031e+00	5.28116e-01
1.47557e+00	5.23899e-01
1.48084e+00	5.19635e-01
1.48610e+00	5.15319e-01
1.49136e+00	5.10952e-01
1.49662e+00	5.06531e-01
1.50188e+00	5.02055e-01
1.50714e+00	4.97523e-01
1.51240e+00	4.92935e-01
1.51766e+00	4.88291e-01
1.52292e+00	4.83591e-01
1.52818e+00	4.78837e-01
1.53344e+00	4.74030e-01
1.53870e+00	4.69172e-01
1.54396e+00	4.64265e-01
1.54922e+00	4.59298e-01
1.55448e+00	4.54262e-01
1.55974e+00	4.49153e-01
1.56500e+00	4.43963e-01
1.57026e+00	4.38688e-01
1.57552e+00	4.33325e-01
1.58078e+00	4.27871e-01
1.58605e+00	4.22326e-01
1.59131e+00	4.16688e-01
1.59657e+00	4.10958e-01
1.60183e+00	4.05137e-01
1.60709e+00	3.99227e-01
1.61235e+00	3.93230e-01
1.61761e+00	3.87148e-01
1.62287e+00	3.80982e-01
1.62813e+00	3.74737e-01
1.63339e+00	3.68413e-01
1.63865e+00	3.62012e-01
1.64391e+00	3.55541e-01
1.64917e+00	3.49006e-01
1.65443e+00	3.42413e-01
1.65969e+00	3.35767e-01
1.66495e+00	3.29072e-01
1.67021e+00	3.22335e-01
1.67547e+00	3.15563e-01
1.68073e+00	3.08762e-01
1.68600e+00	3.01938e-01
1.69126e+00	2.95098e-01
1.69652e+00	2.88245e-01
1.70178e+00	2.81384e-01
1.70704e+00	2.74518e-01
1.71230e+00	2.67652e-01
1.71756e+00	2.60787e-01
1.72282e+00	2.53929e-01
1.72808e+00	2.47078e-01
1.73334e+00	2.40240e-01
1.73860e+00	2.33421e-01
1.74386e+00	2.26624e-01
1.74912e+00	2.19852e-01
1.75438e+00	2.13113e-01
1.75964e+00	2.06415e-01
1.76490e+00	1.99766e-01
1.77016e+00	1.93172e-01
1.77542e+00	1.86638e-01
1.78068e+00	1.80170e-01
1.78595e+00	1.73772e-01
1.79121e+00	1.67445e-01
1.79647e+00	1.61196e-01
1.80173e+00	1.55028e-01
1.80699e+00	1.48949e-01
1.81225e+00	1.42962e-01
1.81751e+00	1.37069e-01
1.82277e+00	1.31274e-01
1.82803e+00	1.25576e-01
1.83329e+00	1.19976e-01
1.83855e+00	1.14472e-01
1.84381e+00	1.09076e-01
1.84907e+00	1.03796e-01
1.85433e+00	9.86383e-02
1.85959e+00	9.36076e-02
1.86485e+00	8.87095e-02
1.87011e+00	8.39459e-02
1.87537e+00	7.93237e-02
1.88063e+00	7.48511e-02
1.88589e+00	7.05351e-02
1.89116e+00	6.63808e-02
1.89642e+00	6.23919e-02
1.90168e+00	5.85710e-02
1.90694e+00	5.49193e-02
1.91220e+00	5.14375e-02
1.91746e+00	4.81236e-02
1.92272e+00	4.49826e-02
1.92798e+00	4.20140e-02
1.93324e+00	3.92120e-02
1.93850e+00	3.65711e-02
1.94376e+00	3.40859e-02
1.94902e+00	3.17514e-02
1.95428e+00	2.95621e-02
1.95954e+00	2.75101e-02
1.96480e+00	2.55884e-02
1.97006e+00	2.37900e-02
1.97532e+00	2.21083e-02
1.98058e+00	2.05371e-02
1.98584e+00	1.90705e-02
1.99111e+00	1.77032e-02
1.99637e+00	1.64300e-02
2.00163e+00	1.52460e-02
2.00689e+00	1.41468e-02
2.01215e+00	1.31284e-02
2.01741e+00	1.21880e-02
2.02267e+00	1.13201e-02
2.02793e+00	1.05173e-02
2.03319e+00	9.77504e-03
2.03845e+00	9.08855e-03
2.04371e+00	8.45290e-03
2.04897e+00	7.86375e-03
2.05423e+00	7.31717e-03
2.05949e+00	6.80962e-03
2.06475e+00	6.33788e-03
2.07001e+00	5.89901e-03
2.07527e+00	5.49053e-03
2.08053e+00	5.11003e-03
2.08579e+00	4.75528e-03
2.09106e+00	4.42418e-03
2.09632e+00	4.11482e-03
2.10158e+00	3.82544e-03
2.10684e+00	3.55437e-03
2.11210e+00	3.29973e-03
2.11736e+00	3.06063e-03
2.12262e+00	2.83664e-03
2.12788e+00	2.62718e-03
2.13314e+00	2.43141e-03
2.13840e+00	2.24871e-03
2.14366e+00	2.07847e-03
2.14892e+00	1.92011e-03
2.15418e+00	1.77309e-03
2.15944e+00	1.63667e-03
2.16470e+00	1.51014e-03
2.16996e+00	1.39284e-03
2.17522e+00	1.28415e-03
2.18048e+00	1.18350e-03
2.18574e+00	1.09035e-03
2.19100e+00	1.00420e-03
2.19627e+00	9.24574e-04
2.20153e+00	8.51040e-04
2.20679e+00	7.83209e-04
2.21205e+00	7.20649e-04
2.21731e+00	6.62976e-04
2.22257e+00	6.09815e-04
2.22783e+00	5.60830e-04
2.23309e+00	5.15697e-04
2.23835e+00	4.74106e-04
2.24361e+00	4.35939e-04
2.24887e+00	4.00902e-04
2.25413e+00	3.68736e-04
2.25939e+00	3.39204e-04
2.26465e+00	3.12087e-04
2.26991e+00	2.87185e-04
2.27517e+00	2.64316e-04
2.28043e+00	2.43314e-04
2.28569e+00	2.24018e-04
2.29095e+00	2.06282e-04
2.29622e+00	1.89972e-04
2.30148e+00	1.74962e-04
2.30674e+00	1.61147e-04
2.31200e+00	1.48444e-04
2.31726e+00	1.36767e-04
2.32252e+00	1.26033e-04
2.32778e+00	1.16165e-04
2.33304e+00	1.07096e-04
2.33830e+00	9.87629e-05
2.34356e+00	9.11049e-05
2.34882e+00	8.40787e-05
2.35408e+00	7.76122e-05
2.35934e+00	7.16440e-05
2.36460e+00	6.61360e-05
2.36986e+00	6.10526e-05
2.37512e+00	5.63616e-05
2.38038e+00	5.20334e-05
2.38564e+00	4.80409e-05
2.39090e+00	4.43595e-05
2.39616e+00	4.09678e-05
2.40143e+00	3.78420e-05
2.40669e+00	3.49561e-05
2.41195e+00	3.22884e-05
2.41721e+00	2.98166e-05
2.42247e+00	2.75199e-05
2.42773e+00	2.53871e-05
2.43299e+00	2.34072e-05
2.43825e+00	2.15709e-05
2.44351e+00	1.98690e-05
2.44877e+00	1.82929e-05
2.45403e+00	1.68340e-05
2.45929e+00	1.54848e-05
2.46455e+00	1.42367e-05
2.46981e+00	1.30829e-05
2.47507e+00	1.20237e-05
2.48033e+00	1.10515e-05
2.48559e+00	1.01600e-05
2.49085e+00	9.34325e-06
2.49611e+00	8.59495e-06
2.50138e+00	7.90899e-06
2.50664e+00	7.27984e-06
2.51190e+00	6.70241e-06
2.51716e+00	6.17261e-06
2.52242e+00	5.68674e-06
2.52768e+00	5.24149e-06
2.53294e+00	4.83373e-06
2.53820e+00	4.46002e-06
2.54346e+00	4.11727e-06
2.54872e+00	3.80271e-06
2.55398e+00	3.51383e-06
2.55924e+00	3.24845e-06
2.56450e+00	3.00461e-06
2.56976e+00	2.78053e-06
2.57502e+00	2.57459e-06
2.58028e+00	2.38529e-06
2.58554e+00	2.21139e-06
2.59080e+00	2.05159e-06
2.59606e+00	1.90372e-06
2.60133e+00	1.76663e-06
2.60659e+00	1.63952e-06
2.61185e+00	1.52167e-06
2.61711e+00	1.41243e-06
2.62237e+00	1.31115e-06
2.62763e+00	1.21723e-06
2.63289e+00	1.13018e-06
2.63815e+00	1.04952e-06
2.64341e+00	9.74840e-07
2.64867e+00	9.05692e-07
2.65393e+00	8.41650e-07
2.65919e+00	7.82323e-07
2.66445e+00	7.27351e-07
2.66971e+00	6.76404e-07
2.67497e+00	6.29176e-07
2.68023e+00	5.85388e-07
2.68549e+00	5.44802e-07
2.69075e+00	5.07198e-07
2.69601e+00	4.72363e-07
2.70127e+00	4.40103e-07
2.70654e+00	4.10249e-07
2.71180e+00	3.82583e-07
2.71706e+00	3.56900e-07
2.72232e+00	3.33143e-07
2.72758e+00	3.11139e-07
2.73284e+00	2.90736e-07
2.73810e+00	2.71795e-07
2.74336e+00	2.54185e-07
2.74862e+00	2.37789e-07
2.75388e+00	2.22497e-07
2.75914e+00	2.08211e-07
2.76440e+00	1.94848e-07
2.76966e+00	1.82347e-07
2.77492e+00	1.70658e-07
2.78018e+00	1.59729e-07
2.78544e+00	1.49517e-07
2.79070e+00	1.39973e-07
2.79596e+00	1.31050e-07
2.80122e+00	1.22703e-07
2.80649e+00	1.14891e-07
2.81175e+00	1.07576e-07
2.81701e+00	1.00721e-07
2.82227e+00	9.42979e-08
2.82753e+00	8.82826e-08
2.83279e+00	8.26522e-08
2.83805e+00	7.73844e-08
2.84331e+00	7.24601e-08
2.84857e+00	6.78580e-08
2.85383e+00	6.35502e-08
2.85909e+00	5.95208e-08
2.86435e+00	5.57536e-08
2.86961e+00	5.22363e-08
2.87487e+00	4.89577e-08
2.88013e+00	4.59075e-08
2.88539e+00	4.30739e-08
2.89065e+00	4.04394e-08
2.89591e+00	3.79883e-08
2.90117e+00	3.57063e-08
2.90643e+00	3.35801e-08
2.91170e+00	3.15977e-08
2.91696e+00	2.97485e-08
2.92222e+00	2.80225e-08
2.92748e+00	2.64106e-08
2.93274e+00	2.49045e-08
2.93800e+00	2.34963e-08
2.94326e+00	2.21788e-08
2.94852e+00	2.09453e-08
2.95378e+00	1.97897e-08
2.95904e+00	1.87068e-08
2.96430e+00	1.76911e-08
2.96956e+00	1.67375e-08
2.97482e+00	1.58414e-08
2.98008e+00	1.49981e-08
2.98534e+00	1.42034e-08
2.99060e+00	1.34535e-08
2.99586e+00	1.27454e-08
3.00112e+00	1.20763e-08
3.00638e+00	1.14436e-08
3.01165e+00	1.08449e-08
3.01691e+00	1.02782e-08
3.02217e+00	9.74213e-09
3.02743e+00	9.23501e-09
3.03269e+00	8.75539e-09
3.03795e+00	8.30183e-09
3.04321e+00	7.87296e-09
3.04847e+00	7.46750e-09
3.05373e+00	7.08424e-09
3.05899e+00	6.72199e-09
3.06425e+00	6.37960e-09
3.06951e+00	6.05598e-09
3.07477e+00	5.75010e-09
3.08003e+00	5.46100e-09
3.08529e+00	5.18779e-09
3.09055e+00	4.92966e-09
3.09581e+00	4.68581e-09
3.10107e+00	4.45540e-09
3.10633e+00	4.23758e-09
3.11160e+00	4.03159e-09
3.11686e+00	3.83668e-09
3.12212e+00	3.65215e-09
3.12738e+00	3.47747e-09
3.13264e+00	3.31203e-09
3.13790e+00	3.15527e-09
3.14316e+00	3.00661e-09
3.14842e+00	2.86556e-09
3.15368e+00	2.73163e-09
3.15894e+00	2.60439e-09
3.16420e+00	2.48347e-09
3.16946e+00	2.36855e-09
3.17472e+00	2.25934e-09
3.17998e+00	2.15553e-09
3.18524e+00	2.05687e-09
3.19050e+00	1.96310e-09
3.19576e+00	1.87396e-09
3.20102e+00	1.78923e-09
3.20628e+00	1.70867e-09
3.21154e+00	1.63207e-09
3.21681e+00	1.55925e-09
3.22207e+00	1.49001e-09
3.22733e+00	1.42416e-09
3.23259e+00	1.36152e-09
3.23785e+00	1.30195e-09
3.24311e+00	1.24529e-09
3.24837e+00	1.19140e-09
3.25363e+00	1.14014e-09
3.25889e+00	1.09139e-09
3.26415e+00	1.04505e-09
3.26941e+00	1.00098e-09
3.27467e+00	9.59051e-10
3.27993e+00	9.19165e-10
3.28519e+00	8.81208e-10
3.29045e+00	8.45079e-10
3.29571e+00	8.10681e-10
3.30097e+00	7.77922e-10
3.30623e+00	7.46714e-10
3.31149e+00	7.16974e-10
3.31676e+00	6.88624e-10
3.32202e+00	6.61585e-10
3.32728e+00	6.35781e-10
3.33254e+00	6.11145e-10
3.33780e+00	5.87618e-10
3.34306e+00	5.65143e-10
3.34832e+00	5.43667e-10
3.35358e+00	5.23140e-10
3.35884e+00	5.03513e-10
3.36410e+00	4.84740e-10
3.36936e+00	4.66777e-10
3.37462e+00	4.49582e-10
3.37988e+00	4.33116e-10
3.38514e+00	4.17346e-10
3.39040e+00	4.02236e-10
3.39566e+00	3.87755e-10
3.40092e+00	3.73871e-10
3.40618e+00	3.60554e-10
3.41144e+00	3.47777e-10
3.41670e+00	3.35515e-10
3.42197e+00	3.23740e-10
3.42723e+00	3.12434e-10
3.43249e+00	3.01579e-10
3.43775e+00	2.91156e-10
3.44301e+00	2.81145e-10
3.44827e+00	2.71529e-10
3.45353e+00	2.62291e-10
3.45879e+00	2.53414e-10
3.46405e+00	2.44882e-10
3.46931e+00	2.36681e-10
3.47457e+00	2.28796e-10
3.47983e+00	2.21214e-10
3.48509e+00	2.13920e-10
3.49035e+00	2.06904e-10
3.49561e+00	2.00151e-10
3.50087e+00	1.93651e-10
3.50613e+00	1.87390e-10
3.51139e+00	1.81360e-10
3.51665e+00	1.75550e-10
3.52192e+00	1.69952e-10
3.52718e+00	1.64557e-10
3.53244e+00	1.59355e-10
3.53770e+00	1.54339e-10
3.54296e+00	1.49501e-10
3.54822e+00	1.44833e-10
3.55348e+00	1.40330e-10
3.55874e+00	1.35984e-10
3.56400e+00	1.31788e-10
3.56926e+00	1.27740e-10
3.57452e+00	1.23831e-10
3.57978e+00	1.20058e-10
3.58504e+00	1.16415e-10
3.59030e+00	1.12897e-10
3.59556e+00	1.09502e-10
3.60082e+00	1.06223e-10
3.60608e+00	1.03057e-10
3.61134e+00	9.99999e-11
3.61660e+00	9.70472e-11
3.62187e+00	9.41951e-11
3.62713e+00	9.14401e-11
3.63239e+00	8.87786e-11
3.63765e+00	8.62073e-11
3.64291e+00	8.37230e-11
3.64817e+00	8.13225e-11
3.65343e+00	7.90028e-11
3.65869e+00	7.67612e-11
3.66395e+00	7.45948e-11
3.66921e+00	7.25008e-11
3.67447e+00	7.04768e-11
3.67973e+00	6.85200e-11
3.68499e+00	6.66282e-11
3.69025e+00	6.47989e-11
3.69551e+00	6.30299e-11
3.70077e+00	6.13191e-11
3.70603e+00	5.96644e-11
3.71129e+00	5.80640e-11
3.71655e+00	5.65157e-11
3.72181e+00	5.50178e-11
3.72708e+00	5.35682e-11
3.73234e+00	5.21653e-11
3.73760e+00	5.08071e-11
3.74286e+00	4.94921e-11
3.74812e+00	4.82186e-11
3.75338e+00	4.69851e-11
3.75864e+00	4.57900e-11
3.76390e+00	4.46321e-11
3.76916e+00	4.35099e-11
3.77442e+00	4.24222e-11
3.77968e+00	4.13675e-11
3.78494e+00	4.03447e-11
3.79020e+00	3.93526e-11
3.79546e+00	3.83899e-11
3.80072e+00	3.74555e-11
3.80598e+00	3.65485e-11
3.81124e+00	3.56677e-11
3.81650e+00	3.48122e-11
3.82176e+00	3.39810e-11
3.82703e+00	3.31731e-11
3.83229e+00	3.23878e-11
3.83755e+00	3.16242e-11
3.84281e+00	3.08813e-11
3.84807e+00	3.01584e-11
3.85333e+00	2.94547e-11
3.85859e+00	2.87695e-11
3.86385e+00	2.81021e-11
3.86911e+00	2.74519e-11
3.87437e+00	2.68184e-11
3.87963e+00	2.62012e-11
3.88489e+00	2.55998e-11
3.89015e+00	2.50138e-11
3.89541e+00	2.44427e-11
3.90067e+00	2.38861e-11
3.90593e+00	2.33436e-11
3.91119e+00	2.28146e-11
3.91645e+00	2.22989e-11
3.92171e+00	2.17960e-11
3.92698e+00	2.13055e-11
3.93224e+00	2.08272e-11
3.93750e+00	2.03607e-11
3.94276e+00	1.99056e-11
3.94802e+00	1.94615e-11
3.95328e+00	1.90283e-11
3.95854e+00	1.86055e-11
3.96380e+00	1.81928e-11
3.96906e+00	1.77900e-11
3.97432e+00	1.73968e-11
3.97958e+00	1.70128e-11
3.98484e+00	1.66379e-11
3.99010e+00	1.62715e-11
3.99536e+00	1.59136e-11
4.00062e+00	1.55638e-11
4.00588e+00	1.52220e-11
4.01114e+00	1.48879e-11
4.01640e+00	1.45613e-11
4.02166e+00	1.42421e-11
4.02692e+00	1.39299e-11
4.03219e+00	1.36248e-11
4.03745e+00	1.33264e-11
4.04271e+00	1.30346e-11
4.04797e+00	1.27494e-11
4.05323e+00	1.24705e-11
4.05849e+00	1.21978e-11
4.06375e+00	1.19312e-11
4.06901e+00	1.16706e-11
4.07427e+00	1.14157e-11
4.07953e+00	1.11665e-11
4.08479e+00	1.09229e-11
4.09005e+00	1.06846e-11
4.09531e+00	1.04516e-11
4.10057e+00	1.02238e-11
4.10583e+00	1.00010e-11
4.11109e+00	9.78313e-12
4.11635e+00	9.57009e-12
4.12161e+00	9.36176e-12
4.12687e+00	9.15803e-12
4.13214e+00	8.95880e-12
4.13740e+00	8.76397e-12
4.14266e+00	8.57344e-12
4.14792e+00	8.38711e-12
4.15318e+00	8.20489e-12
4.15844e+00	8.02669e-12
4.16370e+00	7.85242e-12
4.16896e+00	7.68199e-12
4.17422e+00	7.51532e-12
4.17948e+00	7.35232e-12
4.18474e+00	7.19290e-12
4.19000e+00	7.03699e-12
4.19526e+00	6.88452e-12
4.20052e+00	6.73540e-12
4.20578e+00	6.58955e-12
4.21104e+00	6.44692e-12
4.21630e+00	6.30742e-12
4.22156e+00	6.17099e-12
4.22682e+00	6.03756e-12
4.23208e+00	5.90706e-12
4.23735e+00	5.77943e-12
4.24261e+00	5.65460e-12
4.24787e+00	5.53252e-12
4.25313e+00	5.41311e-12
4.25839e+00	5.29633e-12
4.26365e+00	5.18212e-12
4.26891e+00	5.07041e-12
4.27417e+00	4.96116e-12
4.27943e+00	4.85431e-12
4.28469e+00	4.74981e-12
4.28995e+00	4.64761e-12
4.29521e+00	4.54767e-12
4.30047e+00	4.44992e-12
4.30573e+00	4.35432e-12
4.31099e+00	4.26083e-12
4.31625e+00	4.16941e-12
4.32151e+00	4.08000e-12
4.32677e+00	3.99256e-12
4.33203e+00	3.90706e-12
4.33730e+00	3.82345e-12
4.34256e+00	3.74168e-12
4.34782e+00	3.66172e-12
4.35308e+00	3.58354e-12
4.35834e+00	3.50708e-12
4.36360e+00	3.43232e-12
4.36886e+00	3.35922e-12
4.37412e+00	3.28774e-12
4.37938e+00	3.21784e-12
4.38464e+00	3.14950e-12
4.38990e+00	3.08267e-12
4.39516e+00	3.01733e-12
4.40042e+00	2.95345e-12
4.40568e+00	2.89098e-12
4.41094e+00	2.82990e-12
4.41620e+00	2.77018e-12
4.42146e+00	2.71179e-12
4.42672e+00	2.65470e-12
4.43198e+00	2.59888e-12
4.43725e+00	2.54429e-12
4.44251e+00	2.49092e-12
4.44777e+00	2.43874e-12
4.45303e+00	2.38771e-12
4.45829e+00	2.33781e-12
4.46355e+00	2.28902e-12
4.46881e+00	2.24132e-12
4.47407e+00	2.19468e-12
4.47933e+00	2.14907e-12
4.48459e+00	2.10447e-12
4.48985e+00	2.06087e-12
4.49511e+00	2.01824e-12
4.50037e+00	1.97656e-12
4.50563e+00	1.93580e-12
4.51089e+00	1.89595e-12
4.51615e+00	1.85699e-12
4.52141e+00	1.81890e-12
4.52667e+00	1.78167e-12
4.53193e+00	1.74526e-12
4.53719e+00	1.70967e-12
4.54246e+00	1.67488e-12
4.54772e+00	1.64085e-12
4.55298e+00	1.60759e-12
4.55824e+00	1.57506e-12
4.56350e+00	1.54325e-12
4.56876e+00	1.51214e-12
4.57402e+00	1.48171e-12
4.57928e+00	1.45195e-12
4.58454e+00	1.42284e-12
4.58980e+00	1.39437e-12
4.59506e+00	1.36651e-12
4.60032e+00	1.33926e-12
4.60558e+00	1.31260e-12
4.61084e+00	1.28651e-12
4.61610e+00	1.26098e-12
4.62136e+00	1.23600e-12
4.62662e+00	1.21156e-12
4.63188e+00	1.18763e-12
4.63714e+00	1.16422e-12
4.64241e+00	1.14130e-12
4.64767e+00	1.11886e-12
4.65293e+00	1.09689e-12
4.65819e+00	1.07538e-12
4.66345e+00	1.05431e-12
4.66871e+00	1.03369e-12
4.67397e+00	1.01348e-12
4.67923e+00	9.93696e-13
4.68449e+00	9.74312e-13
4.68975e+00	9.55322e-13
4.69501e+00	9.36715e-13
4.70027e+00	9.18484e-13
4.70553e+00	9.00617e-13
4.71079e+00	8.83106e-13
4.71605e+00	8.65941e-13
4.72131e+00	8.49115e-13
4.72657e+00	8.32618e-13
4.73183e+00	8.16443e-13
4.73709e+00	8.00581e-13
4.74235e+00	7.85024e-13
4.74762e+00	7.69764e-13
4.75288e+00	7.54795e-13
4.75814e+00	7.40108e-13
4.76340e+00	7.25697e-13
4.76866e+00	7.11554e-13
4.77392e+00	6.97674e-13
4.77918e+00	6.84049e-13
4.78444e+00	6.70672e-13
4.78970e+00	6.57538e-13
4.79496e+00	6.44641e-13
4.80022e+00	6.31974e-13
4.80548e+00	6.19532e-13
4.81074e+00	6.07308e-13
4.81600e+00	5.95298e-13
4.82126e+00	5.83496e-13
4.82652e+00	5.71897e-13
4.83178e+00	5.60495e-13
4.83704e+00	5.49285e-13
4.84230e+00	5.38262e-13
4.84757e+00	5.27422e-13
4.85283e+00	5.16759e-13
4.85809e+00	5.06269e-13
4.86335e+00	4.95948e-13
4.86861e+00	4.85790e-13
4.87387e+00	4.75793e-13
4.87913e+00	4.65951e-13
4.88439e+00	4.56261e-13
4.88965e+00	4.46719e-13
4.89491e+00	4.37320e-13
4.90017e+00	4.28062e-13
4.90543e+00	4.18941e-13
4.91069e+00	4.09952e-13
4.91595e+00	4.01093e-13
4.92121e+00	3.92361e-13
4.92647e+00	3.83753e-13
4.93173e+00	3.75265e-13
4.93699e+00	3.66896e-13
4.94225e+00	3.58643e-13
4.94752e+00	3.50504e-13
4.95278e+00	3.42476e-13
4.95804e+00	3.34558e-13
4.96330e+00	3.26746e-13
4.96856e+00	3.19039e-13
4.97382e+00	3.11435e-13
4.97908e+00	3.03933e-13
4.98434e+00	2.96529e-13
4.98960e+00	2.89221e-13
4.99486e+00	2.82006e-13
5.00012e+00	2.74884e-13
5.00538e+00	2.67850e-13
5.01064e+00	2.60904e-13
5.01590e+00	2.54042e-13
5.02116e+00	2.47264e-13
5.02642e+00	2.40568e-13
5.03168e+00	2.33950e-13
5.03694e+00	2.27410e-13
5.04220e+00	2.20945e-13
5.04746e+00	2.14554e-13
5.05273e+00	2.08235e-13
5.05799e+00	2.01987e-13
5.06325e+00	1.95808e-13
5.06851e+00	1.89696e-13
5.07377e+00	1.83650e-13
5.07903e+00	1.77669e-13
5.08429e+00	1.71751e-13
5.08955e+00	1.65894e-13
5.09481e+00	1.60097e-13
5.10007e+00	1.54360e-13
5.10533e+00	1.48680e-13
5.11059e+00	1.43056e-13
5.11585e+00	1.37487e-13
5.12111e+00	1.31971e-13
5.12637e+00	1.26509e-13
5.13163e+00	1.21099e-13
5.13689e+00	1.15739e-13
5.14215e+00	1.10430e-13
5.14741e+00	1.05169e-13
5.15268e+00	9.99553e-14
5.15794e+00	9.47889e-14
5.16320e+00	8.96683e-14
5.16846e+00	8.45926e-14
5.17372e+00	7.95608e-14
5.17898e+00	7.45719e-14
5.18424e+00	6.96252e-14
5.18950e+00	6.47195e-14
5.19476e+00	5.98541e-14
5.20002e+00	5.50281e-14
5.20528e+00	5.02407e-14
5.21054e+00	4.54909e-14
5.21580e+00	4.07782e-14
5.22106e+00	3.61017e-14
5.22632e+00	3.14611e-14
5.23158e+00	2.68561e-14
5.23684e+00	2.22868e-14
5.24210e+00	1.77542e-14
5.24736e+00	1.32603e-14
5.25262e+00	8.81002e-15
5.25789e+00	4.40432e-15
