# The ell = 0 distribution, the isotropy.
# E_N [Td]	1.00000e+02
# col_1: Electron Energy [eV], col_2: f0 [eV^(-3/2)]
eV	f0
2.34218e-02	6.36021e-02
7.02655e-02	6.35592e-02
1.17109e-01	6.35137e-02
1.63953e-01	6.34701e-02
2.10796e-01	6.34279e-02
2.57640e-01	6.33854e-02
3.04484e-01	6.33417e-02
3.51327e-01	6.32966e-02
3.98171e-01	6.32498e-02
4.45015e-01	6.32010e-02
4.91858e-01	6.31498e-02
5.38702e-01	6.30958e-02
5.85546e-01	6.30385e-02
6.32389e-01	6.29777e-02
6.79233e-01	6.29129e-02
7.26076e-01	6.28436e-02
7.72920e-01	6.27691e-02
8.19764e-01	6.26893e-02
8.66607e-01	6.26041e-02
9.13451e-01	6.25130e-02
9.60295e-01	6.24155e-02
1.00714e+00	6.23109e-02
1.05398e+00	6.21992e-02
1.10083e+00	6.20805e-02
1.14767e+00	6.19548e-02
1.19451e+00	6.18223e-02
1.24136e+00	6.16830e-02
1.28820e+00	6.15363e-02
1.33504e+00	6.13821e-02
1.38189e+00	6.12202e-02
1.42873e+00	6.10501e-02
1.47557e+00	6.08720e-02
1.52242e+00	6.06860e-02
1.56926e+00	6.04921e-02
1.61611e+00	6.02889e-02
1.66295e+00	6.00752e-02
1.70979e+00	5.98495e-02
1.75664e+00	5.96109e-02
1.80348e+00	5.93587e-02
1.85032e+00	5.90937e-02
1.89717e+00	5.88143e-02
1.94401e+00	5.85207e-02
1.99085e+00	5.82224e-02
2.03770e+00	5.79227e-02
2.08454e+00	5.76251e-02
2.13139e+00	5.73298e-02
2.17823e+00	5.70328e-02
2.22507e+00	5.67360e-02
2.27192e+00	5.64440e-02
2.31876e+00	5.61629e-02
2.36560e+00	5.58920e-02
2.41245e+00	5.56238e-02
2.45929e+00	5.53575e-02
2.50613e+00	5.50964e-02
2.55298e+00	5.48479e-02
2.59982e+00	5.46113e-02
2.64667e+00	5.43794e-02
2.69351e+00	5.41501e-02
2.74035e+00	5.39242e-02
2.78720e+00	5.37067e-02
2.83404e+00	5.34956e-02
2.88088e+00	5.32897e-02
2.92773e+00	5.30884e-02
2.97457e+00	5.28916e-02
3.02141e+00	5.26981e-02
3.06826e+00	5.25067e-02
3.11510e+00	5.23174e-02
3.16195e+00	5.21306e-02
3.20879e+00	5.19459e-02
3.25563e+00	5.17631e-02
3.30248e+00	5.15822e-02
3.34932e+00	5.14027e-02
3.39616e+00	5.12244e-02
3.44301e+00	5.10468e-02
3.48985e+00	5.08695e-02
3.53669e+00	5.06925e-02
3.58354e+00	5.05155e-02
3.63038e+00	5.03384e-02
3.67723e+00	5.01611e-02
3.72407e+00	4.99835e-02
3.77091e+00	4.98056e-02
3.81776e+00	4.96272e-02
3.86460e+00	4.94481e-02
3.91144e+00	4.92682e-02
3.95829e+00	4.90874e-02
4.00513e+00	4.89057e-02
4.05197e+00	4.87226e-02
4.09882e+00	4.85381e-02
4.14566e+00	4.83522e-02
4.19251e+00	4.81648e-02
4.23935e+00	4.79760e-02
4.28619e+00	4.77859e-02
4.33304e+00	4.75944e-02
4.37988e+00	4.74016e-02
4.42672e+00	4.72075e-02
4.47357e+00	4.70122e-02
4.52041e+00	4.68156e-02
4.56725e+00	4.66178e-02
4.61410e+00	4.64188e-02
4.66094e+00	4.62186e-02
4.70779e+00	4.60172e-02
4.75463e+00	4.58146e-02
4.80147e+00	4.56107e-02
4.84832e+00	4.54057e-02
4.89516e+00	4.51994e-02
4.94200e+00	4.49918e-02
4.98885e+00	4.47829e-02
5.03569e+00	4.45726e-02
5.08253e+00	4.43610e-02
5.12938e+00	4.41479e-02
5.17622e+00	4.39335e-02
5.22307e+00	4.37177e-02
5.26991e+00	4.35005e-02
5.31675e+00	4.32820e-02
5.36360e+00	4.30622e-02
5.41044e+00	4.28412e-02
5.45728e+00	4.26189e-02
5.50413e+00	4.23954e-02
5.55097e+00	4.21707e-02
5.59782e+00	4.19448e-02
5.64466e+00	4.17178e-02
5.69150e+00	4.14897e-02
5.73835e+00	4.12605e-02
5.78519e+00	4.10302e-02
5.83203e+00	4.07989e-02
5.87888e+00	4.05665e-02
5.92572e+00	4.03332e-02
5.97256e+00	4.00989e-02
6.01941e+00	3.98636e-02
6.06625e+00	3.96275e-02
6.11310e+00	3.93905e-02
6.15994e+00	3.91528e-02
6.20678e+00	3.89142e-02
6.25363e+00	3.86749e-02
6.30047e+00	3.84349e-02
6.34731e+00	3.81941e-02
6.39416e+00	3.79526e-02
6.44100e+00	3.77105e-02
6.48784e+00	3.74677e-02
6.53469e+00	3.72242e-02
6.58153e+00	3.69801e-02
6.62838e+00	3.67353e-02
6.67522e+00	3.64900e-02
6.72206e+00	3.62441e-02
6.76891e+00	3.59975e-02
6.81575e+00	3.57504e-02
6.86259e+00	3.55028e-02
6.90944e+00	3.52546e-02
6.95628e+00	3.50059e-02
7.00312e+00	3.47568e-02
7.04997e+00	3.45073e-02
7.09681e+00	3.42576e-02
7.14366e+00	3.40076e-02
7.19050e+00	3.37574e-02
7.23734e+00	3.35071e-02
7.28419e+00	3.32566e-02
7.33103e+00	3.30059e-02
7.37787e+00	3.27551e-02
7.42472e+00	3.25041e-02
7.47156e+00	3.22529e-02
7.51840e+00	3.20017e-02
7.56525e+00	3.17503e-02
7.61209e+00	3.14988e-02
7.65894e+00	3.12471e-02
7.70578e+00	3.09954e-02
7.75262e+00	3.07436e-02
7.79947e+00	3.04917e-02
7.84631e+00	3.02397e-02
7.89315e+00	2.99876e-02
7.94000e+00	2.97355e-02
7.98684e+00	2.94833e-02
8.03368e+00	2.92312e-02
8.08053e+00	2.89790e-02
8.12737e+00	2.87269e-02
8.17422e+00	2.84748e-02
8.22106e+00	2.82228e-02
8.26790e+00	2.79709e-02
8.31475e+00	2.77191e-02
8.36159e+00	2.74674e-02
8.40843e+00	2.72159e-02
8.45528e+00	2.69645e-02
8.50212e+00	2.67134e-02
8.54896e+00	2.64626e-02
8.59581e+00	2.62120e-02
8.64265e+00	2.59618e-02
8.68950e+00	2.57120e-02
8.73634e+00	2.54625e-02
8.78318e+00	2.52134e-02
8.83003e+00	2.49648e-02
8.87687e+00	2.47166e-02
8.92371e+00	2.44689e-02
8.97056e+00	2.42217e-02
9.01740e+00	2.39751e-02
9.06424e+00	2.37291e-02
9.11109e+00	2.34838e-02
9.15793e+00	2.32390e-02
9.20478e+00	2.29949e-02
9.25162e+00	2.27514e-02
9.29846e+00	2.25085e-02
9.34531e+00	2.22663e-02
9.39215e+00	2.20247e-02
9.43899e+00	2.17838e-02
9.48584e+00	2.15436e-02
9.53268e+00	2.13040e-02
9.57952e+00	2.10651e-02
9.62637e+00	2.08268e-02
9.67321e+00	2.05893e-02
9.72006e+00	2.03524e-02
9.76690e+00	2.01163e-02
9.81374e+00	1.98809e-02
9.86059e+00	1.96463e-02
9.90743e+00	1.94124e-02
9.95427e+00	1.91793e-02
1.00011e+01	1.89470e-02
1.00480e+01	1.87154e-02
1.00948e+01	1.84851e-02
1.01416e+01	1.82562e-02
1.01885e+01	1.80285e-02
1.02353e+01	1.78021e-02
1.02822e+01	1.75769e-02
1.03290e+01	1.73530e-02
1.03759e+01	1.71303e-02
1.04227e+01	1.69089e-02
1.04696e+01	1.66887e-02
1.05164e+01	1.64697e-02
1.05632e+01	1.62519e-02
1.06101e+01	1.60353e-02
1.06569e+01	1.58200e-02
1.07038e+01	1.56063e-02
1.07506e+01	1.53943e-02
1.07975e+01	1.51839e-02
1.08443e+01	1.49750e-02
1.08911e+01	1.47677e-02
1.09380e+01	1.45620e-02
1.09848e+01	1.43577e-02
1.10317e+01	1.41550e-02
1.10785e+01	1.39537e-02
1.11254e+01	1.37539e-02
1.11722e+01	1.35556e-02
1.12191e+01	1.33587e-02
1.12659e+01	1.31631e-02
1.13127e+01	1.29690e-02
1.13596e+01	1.27762e-02
1.14064e+01	1.25847e-02
1.14533e+01	1.23946e-02
1.15001e+01	1.22057e-02
1.15470e+01	1.20180e-02
1.15938e+01	1.18316e-02
1.16406e+01	1.16464e-02
1.16875e+01	1.14626e-02
1.17343e+01	1.12805e-02
1.17812e+01	1.10999e-02
1.18280e+01	1.09209e-02
1.18749e+01	1.07433e-02
1.19217e+01	1.05677e-02
1.19686e+01	1.03939e-02
1.20154e+01	1.02217e-02
1.20622e+01	1.00512e-02
1.21091e+01	9.88230e-03
1.21559e+01	9.71496e-03
1.22028e+01	9.54921e-03
1.22496e+01	9.38504e-03
1.22965e+01	9.22247e-03
1.23433e+01	9.06155e-03
1.23901e+01	8.90229e-03
1.24370e+01	8.74470e-03
1.24838e+01	8.58880e-03
1.25307e+01	8.43459e-03
1.25775e+01	8.28212e-03
1.26244e+01	8.13156e-03
1.26712e+01	7.98301e-03
1.27180e+01	7.83645e-03
1.27649e+01	7.69189e-03
1.28117e+01	7.54931e-03
1.28586e+01	7.40868e-03
1.29054e+01	7.26996e-03
1.29523e+01	7.13300e-03
1.29991e+01	6.99782e-03
1.30460e+01	6.86412e-03
1.30928e+01	6.73276e-03
1.31396e+01	6.60355e-03
1.31865e+01	6.47592e-03
1.32333e+01	6.34993e-03
1.32802e+01	6.22564e-03
1.33270e+01	6.10286e-03
1.33739e+01	5.98148e-03
1.34207e+01	5.86142e-03
1.34675e+01	5.74270e-03
1.35144e+01	5.62539e-03
1.35612e+01	5.50952e-03
1.36081e+01	5.39507e-03
1.36549e+01	5.28206e-03
1.37018e+01	5.17050e-03
1.37486e+01	5.06037e-03
1.37955e+01	4.95168e-03
1.38423e+01	4.84442e-03
1.38891e+01	4.73860e-03
1.39360e+01	4.63420e-03
1.39828e+01	4.53124e-03
1.40297e+01	4.42973e-03
1.40765e+01	4.32968e-03
1.41234e+01	4.23114e-03
1.41702e+01	4.13410e-03
1.42170e+01	4.03858e-03
1.42639e+01	3.94456e-03
1.43107e+01	3.85207e-03
1.43576e+01	3.76111e-03
1.44044e+01	3.67168e-03
1.44513e+01	3.58379e-03
1.44981e+01	3.49744e-03
1.45450e+01	3.41264e-03
1.45918e+01	3.32937e-03
1.46386e+01	3.24765e-03
1.46855e+01	3.16745e-03
1.47323e+01	3.08879e-03
1.47792e+01	3.01164e-03
1.48260e+01	2.93600e-03
1.48729e+01	2.86187e-03
1.49197e+01	2.78923e-03
1.49665e+01	2.71807e-03
1.50134e+01	2.64839e-03
1.50602e+01	2.58016e-03
1.51071e+01	2.51339e-03
1.51539e+01	2.44803e-03
1.52008e+01	2.38407e-03
1.52476e+01	2.32148e-03
1.52944e+01	2.26024e-03
1.53413e+01	2.20032e-03
1.53881e+01	2.14170e-03
1.54350e+01	2.08436e-03
1.54818e+01	2.02828e-03
1.55287e+01	1.97343e-03
1.55755e+01	1.91978e-03
1.56224e+01	1.86732e-03
1.56692e+01	1.81603e-03
1.57160e+01	1.76587e-03
1.57629e+01	1.71683e-03
1.58097e+01	1.66887e-03
1.58566e+01	1.62198e-03
1.59034e+01	1.57615e-03
1.59503e+01	1.53138e-03
1.59971e+01	1.48766e-03
1.60439e+01	1.44497e-03
1.60908e+01	1.40332e-03
1.61376e+01	1.36267e-03
1.61845e+01	1.32302e-03
1.62313e+01	1.28435e-03
1.62782e+01	1.24665e-03
1.63250e+01	1.20989e-03
1.63719e+01	1.17406e-03
1.64187e+01	1.13915e-03
1.64655e+01	1.10513e-03
1.65124e+01	1.07199e-03
1.65592e+01	1.03971e-03
1.66061e+01	1.00828e-03
1.66529e+01	9.77677e-04
1.66998e+01	9.47889e-04
1.67466e+01	9.18900e-04
1.67934e+01	8.90693e-04
1.68403e+01	8.63253e-04
1.68871e+01	8.36564e-04
1.69340e+01	8.10611e-04
1.69808e+01	7.85378e-04
1.70277e+01	7.60849e-04
1.70745e+01	7.37011e-04
1.71214e+01	7.13847e-04
1.71682e+01	6.91342e-04
1.72150e+01	6.69480e-04
1.72619e+01	6.48247e-04
1.73087e+01	6.27627e-04
1.73556e+01	6.07605e-04
1.74024e+01	5.88168e-04
1.74493e+01	5.69299e-04
1.74961e+01	5.50987e-04
1.75429e+01	5.33215e-04
1.75898e+01	5.15972e-04
1.76366e+01	4.99243e-04
1.76835e+01	4.83017e-04
1.77303e+01	4.67279e-04
1.77772e+01	4.52020e-04
1.78240e+01	4.37225e-04
1.78708e+01	4.22883e-04
1.79177e+01	4.08979e-04
1.79645e+01	3.95501e-04
1.80114e+01	3.82439e-04
1.80582e+01	3.69783e-04
1.81051e+01	3.57520e-04
1.81519e+01	3.45641e-04
1.81988e+01	3.34135e-04
1.82456e+01	3.22987e-04
1.82924e+01	3.12189e-04
1.83393e+01	3.01730e-04
1.83861e+01	2.91600e-04
1.84330e+01	2.81791e-04
1.84798e+01	2.72292e-04
1.85267e+01	2.63096e-04
1.85735e+01	2.54193e-04
1.86203e+01	2.45574e-04
1.86672e+01	2.37232e-04
1.87140e+01	2.29158e-04
1.87609e+01	2.21346e-04
1.88077e+01	2.13786e-04
1.88546e+01	2.06472e-04
1.89014e+01	1.99397e-04
1.89483e+01	1.92553e-04
1.89951e+01	1.85935e-04
1.90419e+01	1.79534e-04
1.90888e+01	1.73346e-04
1.91356e+01	1.67363e-04
1.91825e+01	1.61579e-04
1.92293e+01	1.55988e-04
1.92762e+01	1.50584e-04
1.93230e+01	1.45361e-04
1.93698e+01	1.40314e-04
1.94167e+01	1.35436e-04
1.94635e+01	1.30723e-04
1.95104e+01	1.26169e-04
1.95572e+01	1.21770e-04
1.96041e+01	1.17521e-04
1.96509e+01	1.13416e-04
1.96978e+01	1.09451e-04
1.97446e+01	1.05623e-04
1.97914e+01	1.01926e-04
1.98383e+01	9.83562e-05
1.98851e+01	9.49100e-05
1.99320e+01	9.15823e-05
1.99788e+01	8.83671e-05
2.00257e+01	8.52610e-05
2.00725e+01	8.22604e-05
2.01193e+01	7.93620e-05
2.01662e+01	7.65625e-05
2.02130e+01	7.38588e-05
2.02599e+01	7.12477e-05
2.03067e+01	6.87262e-05
2.03536e+01	6.62915e-05
2.04004e+01	6.39406e-05
2.04472e+01	6.16709e-05
2.04941e+01	5.94797e-05
2.05409e+01	5.73646e-05
2.05878e+01	5.53230e-05
2.06346e+01	5.33526e-05
2.06815e+01	5.14507e-05
2.07283e+01	4.96148e-05
2.07752e+01	4.78428e-05
2.08220e+01	4.61326e-05
2.08688e+01	4.44819e-05
2.09157e+01	4.28889e-05
2.09625e+01	4.13516e-05
2.10094e+01	3.98680e-05
2.10562e+01	3.84365e-05
2.11031e+01	3.70552e-05
2.11499e+01	3.57225e-05
2.11967e+01	3.44366e-05
2.12436e+01	3.31960e-05
2.12904e+01	3.19991e-05
2.13373e+01	3.08444e-05
2.13841e+01	2.97304e-05
2.14310e+01	2.86558e-05
2.14778e+01	2.76192e-05
2.15247e+01	2.66194e-05
2.15715e+01	2.56549e-05
2.16183e+01	2.47247e-05
2.16652e+01	2.38276e-05
2.17120e+01	2.29624e-05
2.17589e+01	2.21280e-05
2.18057e+01	2.13233e-05
2.18526e+01	2.05475e-05
2.18994e+01	1.97994e-05
2.19462e+01	1.90781e-05
2.19931e+01	1.83828e-05
2.20399e+01	1.77125e-05
2.20868e+01	1.70663e-05
2.21336e+01	1.64436e-05
2.21805e+01	1.58433e-05
2.22273e+01	1.52648e-05
2.22742e+01	1.47071e-05
2.23210e+01	1.41696e-05
2.23678e+01	1.36516e-05
2.24147e+01	1.31523e-05
2.24615e+01	1.26711e-05
2.25084e+01	1.22073e-05
2.25552e+01	1.17603e-05
2.26021e+01	1.13295e-05
2.26489e+01	1.09143e-05
2.26957e+01	1.05141e-05
2.27426e+01	1.01285e-05
2.27894e+01	9.75683e-06
2.28363e+01	9.39868e-06
2.28831e+01	9.05356e-06
2.29300e+01	8.72100e-06
2.29768e+01	8.40054e-06
2.30236e+01	8.09177e-06
2.30705e+01	7.79427e-06
2.31173e+01	7.50762e-06
2.31642e+01	7.23145e-06
2.32110e+01	6.96537e-06
2.32579e+01	6.70902e-06
2.33047e+01	6.46204e-06
2.33516e+01	6.22410e-06
2.33984e+01	5.99486e-06
2.34452e+01	5.77401e-06
2.34921e+01	5.56126e-06
2.35389e+01	5.35630e-06
2.35858e+01	5.15885e-06
2.36326e+01	4.96864e-06
2.36795e+01	4.78540e-06
2.37263e+01	4.60889e-06
2.37731e+01	4.43886e-06
2.38200e+01	4.27507e-06
2.38668e+01	4.11729e-06
2.39137e+01	3.96532e-06
2.39605e+01	3.81892e-06
2.40074e+01	3.67792e-06
2.40542e+01	3.54209e-06
2.41011e+01	3.41127e-06
2.41479e+01	3.28526e-06
2.41947e+01	3.16389e-06
2.42416e+01	3.04700e-06
2.42884e+01	2.93441e-06
2.43353e+01	2.82598e-06
2.43821e+01	2.72155e-06
2.44290e+01	2.62098e-06
2.44758e+01	2.52412e-06
2.45226e+01	2.43085e-06
2.45695e+01	2.34103e-06
2.46163e+01	2.25454e-06
2.46632e+01	2.17126e-06
2.47100e+01	2.09106e-06
2.47569e+01	2.01383e-06
2.48037e+01	1.93946e-06
2.48506e+01	1.86783e-06
2.48974e+01	1.79885e-06
2.49442e+01	1.73243e-06
2.49911e+01	1.66847e-06
2.50379e+01	1.60688e-06
2.50848e+01	1.54758e-06
2.51316e+01	1.49048e-06
2.51785e+01	1.43551e-06
2.52253e+01	1.38256e-06
2.52721e+01	1.33155e-06
2.53190e+01	1.28242e-06
2.53658e+01	1.23509e-06
2.54127e+01	1.18951e-06
2.54595e+01	1.14559e-06
2.55064e+01	1.10329e-06
2.55532e+01	1.06254e-06
2.56000e+01	1.02329e-06
2.56469e+01	9.85478e-07
2.56937e+01	9.49054e-07
2.57406e+01	9.13967e-07
2.57874e+01	8.80169e-07
2.58343e+01	8.47613e-07
2.58811e+01	8.16255e-07
2.59280e+01	7.86052e-07
2.59748e+01	7.56961e-07
2.60216e+01	7.28943e-07
2.60685e+01	7.01961e-07
2.61153e+01	6.75976e-07
2.61622e+01	6.50952e-07
2.62090e+01	6.26853e-07
2.62559e+01	6.03645e-07
2.63027e+01	5.81294e-07
2.63495e+01	5.59771e-07
2.63964e+01	5.39043e-07
2.64432e+01	5.19081e-07
2.64901e+01	4.99857e-07
2.65369e+01	4.81344e-07
2.65838e+01	4.63516e-07
2.66306e+01	4.46347e-07
2.66775e+01	4.29812e-07
2.67243e+01	4.13890e-07
2.67711e+01	3.98556e-07
2.68180e+01	3.83789e-07
2.68648e+01	3.69569e-07
2.69117e+01	3.55874e-07
2.69585e+01	3.42687e-07
2.70054e+01	3.29987e-07
2.70522e+01	3.17757e-07
2.70990e+01	3.05979e-07
2.71459e+01	2.94638e-07
2.71927e+01	2.83716e-07
2.72396e+01	2.73198e-07
2.72864e+01	2.63069e-07
2.73333e+01	2.53316e-07
2.73801e+01	2.43924e-07
2.74270e+01	2.34879e-07
2.74738e+01	2.26169e-07
2.75206e+01	2.17782e-07
2.75675e+01	2.09705e-07
2.76143e+01	2.01927e-07
2.76612e+01	1.94438e-07
2.77080e+01	1.87226e-07
2.77549e+01	1.80281e-07
2.78017e+01	1.73593e-07
2.78485e+01	1.67153e-07
2.78954e+01	1.60951e-07
2.79422e+01	1.54979e-07
2.79891e+01	1.49229e-07
2.80359e+01	1.43691e-07
2.80828e+01	1.38358e-07
2.81296e+01	1.33224e-07
2.81764e+01	1.28279e-07
2.82233e+01	1.23517e-07
2.82701e+01	1.18932e-07
2.83170e+01	1.14517e-07
2.83638e+01	1.10266e-07
2.84107e+01	1.06172e-07
2.84575e+01	1.02230e-07
2.85044e+01	9.84348e-08
2.85512e+01	9.47800e-08
2.85980e+01	9.12609e-08
2.86449e+01	8.78723e-08
2.86917e+01	8.46096e-08
2.87386e+01	8.14680e-08
2.87854e+01	7.84430e-08
2.88323e+01	7.55304e-08
2.88791e+01	7.27261e-08
2.89259e+01	7.00259e-08
2.89728e+01	6.74261e-08
2.90196e+01	6.49230e-08
2.90665e+01	6.25129e-08
2.91133e+01	6.01924e-08
2.91602e+01	5.79583e-08
2.92070e+01	5.58073e-08
2.92539e+01	5.37363e-08
2.93007e+01	5.17424e-08
2.93475e+01	4.98228e-08
2.93944e+01	4.79747e-08
2.94412e+01	4.61954e-08
2.94881e+01	4.44824e-08
2.95349e+01	4.28333e-08
2.95818e+01	4.12457e-08
2.96286e+01	3.97172e-08
2.96754e+01	3.82456e-08
2.97223e+01	3.68289e-08
2.97691e+01	3.54649e-08
2.98160e+01	3.41518e-08
2.98628e+01	3.28877e-08
2.99097e+01	3.16708e-08
2.99565e+01	3.04993e-08
3.00034e+01	2.93717e-08
3.00502e+01	2.82861e-08
3.00970e+01	2.72412e-08
3.01439e+01	2.62351e-08
3.01907e+01	2.52662e-08
3.02376e+01	2.43331e-08
3.02844e+01	2.34345e-08
3.03313e+01	2.25692e-08
3.03781e+01	2.17358e-08
3.04249e+01	2.09332e-08
3.04718e+01	2.01602e-08
3.05186e+01	1.94159e-08
3.05655e+01	1.86989e-08
3.06123e+01	1.80085e-08
3.06592e+01	1.73436e-08
3.07060e+01	1.67032e-08
3.07528e+01	1.60864e-08
3.07997e+01	1.54924e-08
3.08465e+01	1.49203e-08
3.08934e+01	1.43693e-08
3.09402e+01	1.38386e-08
3.09871e+01	1.33276e-08
3.10339e+01	1.28353e-08
3.10808e+01	1.23613e-08
3.11276e+01	1.19047e-08
3.11744e+01	1.14649e-08
3.12213e+01	1.10414e-08
3.12681e+01	1.06335e-08
3.13150e+01	1.02407e-08
3.13618e+01	9.86235e-09
3.14087e+01	9.49796e-09
3.14555e+01	9.14701e-09
3.15023e+01	8.80901e-09
3.15492e+01	8.48349e-09
3.15960e+01	8.16998e-09
3.16429e+01	7.86804e-09
3.16897e+01	7.57724e-09
3.17366e+01	7.29718e-09
3.17834e+01	7.02746e-09
3.18303e+01	6.76769e-09
3.18771e+01	6.51752e-09
3.19239e+01	6.27658e-09
3.19708e+01	6.04454e-09
3.20176e+01	5.82107e-09
3.20645e+01	5.60586e-09
3.21113e+01	5.39860e-09
3.21582e+01	5.19900e-09
3.22050e+01	5.00677e-09
3.22518e+01	4.82165e-09
3.22987e+01	4.64338e-09
3.23455e+01	4.47169e-09
3.23924e+01	4.30635e-09
3.24392e+01	4.14712e-09
3.24861e+01	3.99377e-09
3.25329e+01	3.84609e-09
3.25798e+01	3.70388e-09
3.26266e+01	3.56691e-09
3.26734e+01	3.43502e-09
3.27203e+01	3.30799e-09
3.27671e+01	3.18567e-09
3.28140e+01	3.06786e-09
3.28608e+01	2.95442e-09
3.29077e+01	2.84516e-09
3.29545e+01	2.73995e-09
3.30013e+01	2.63862e-09
3.30482e+01	2.54105e-09
3.30950e+01	2.44708e-09
3.31419e+01	2.35658e-09
3.31887e+01	2.26943e-09
3.32356e+01	2.18551e-09
3.32824e+01	2.10469e-09
3.33293e+01	2.02685e-09
3.33761e+01	1.95190e-09
3.34229e+01	1.87972e-09
3.34698e+01	1.81021e-09
3.35166e+01	1.74327e-09
3.35635e+01	1.67881e-09
3.36103e+01	1.61673e-09
3.36572e+01	1.55695e-09
3.37040e+01	1.49938e-09
3.37508e+01	1.44394e-09
3.37977e+01	1.39056e-09
3.38445e+01	1.33915e-09
3.38914e+01	1.28964e-09
3.39382e+01	1.24196e-09
3.39851e+01	1.19606e-09
3.40319e+01	1.15185e-09
3.40787e+01	1.10928e-09
3.41256e+01	1.06829e-09
3.41724e+01	1.02882e-09
3.42193e+01	9.90812e-10
3.42661e+01	9.54211e-10
3.43130e+01	9.18965e-10
3.43598e+01	8.85025e-10
3.44067e+01	8.52342e-10
3.44535e+01	8.20869e-10
3.45003e+01	7.90561e-10
3.45472e+01	7.61376e-10
3.45940e+01	7.33271e-10
3.46409e+01	7.06206e-10
3.46877e+01	6.80144e-10
3.47346e+01	6.55046e-10
3.47814e+01	6.30877e-10
3.48282e+01	6.07603e-10
3.48751e+01	5.85189e-10
3.49219e+01	5.63605e-10
3.49688e+01	5.42819e-10
3.50156e+01	5.22802e-10
3.50625e+01	5.03524e-10
3.51093e+01	4.84960e-10
3.51562e+01	4.67081e-10
3.52030e+01	4.49864e-10
3.52498e+01	4.33283e-10
3.52967e+01	4.17315e-10
3.53435e+01	4.01937e-10
3.53904e+01	3.87127e-10
3.54372e+01	3.72865e-10
3.54841e+01	3.59130e-10
3.55309e+01	3.45902e-10
3.55777e+01	3.33163e-10
3.56246e+01	3.20896e-10
3.56714e+01	3.09081e-10
3.57183e+01	2.97703e-10
3.57651e+01	2.86746e-10
3.58120e+01	2.76194e-10
3.58588e+01	2.66031e-10
3.59057e+01	2.56245e-10
3.59525e+01	2.46820e-10
3.59993e+01	2.37743e-10
3.60462e+01	2.29003e-10
3.60930e+01	2.20586e-10
3.61399e+01	2.12481e-10
3.61867e+01	2.04677e-10
3.62336e+01	1.97161e-10
3.62804e+01	1.89923e-10
3.63272e+01	1.82953e-10
3.63741e+01	1.76241e-10
3.64209e+01	1.69778e-10
3.64678e+01	1.63553e-10
3.65146e+01	1.57558e-10
3.65615e+01	1.51784e-10
3.66083e+01	1.46224e-10
3.66551e+01	1.40869e-10
3.67020e+01	1.35712e-10
3.67488e+01	1.30745e-10
3.67957e+01	1.25962e-10
3.68425e+01	1.21354e-10
3.68894e+01	1.16917e-10
3.69362e+01	1.12643e-10
3.69831e+01	1.08527e-10
3.70299e+01	1.04562e-10
3.70767e+01	1.00743e-10
3.71236e+01	9.70654e-11
3.71704e+01	9.35228e-11
3.72173e+01	9.01107e-11
3.72641e+01	8.68241e-11
3.73110e+01	8.36585e-11
3.73578e+01	8.06094e-11
3.74046e+01	7.76723e-11
3.74515e+01	7.48433e-11
3.74983e+01	7.21182e-11
3.75452e+01	6.94932e-11
3.75920e+01	6.69647e-11
3.76389e+01	6.45290e-11
3.76857e+01	6.21827e-11
3.77326e+01	5.99225e-11
3.77794e+01	5.77452e-11
3.78262e+01	5.56478e-11
3.78731e+01	5.36272e-11
3.79199e+01	5.16808e-11
3.79668e+01	4.98057e-11
3.80136e+01	4.79992e-11
3.80605e+01	4.62590e-11
3.81073e+01	4.45825e-11
3.81541e+01	4.29673e-11
3.82010e+01	4.14113e-11
3.82478e+01	3.99122e-11
3.82947e+01	3.84679e-11
3.83415e+01	3.70765e-11
3.83884e+01	3.57360e-11
3.84352e+01	3.44446e-11
3.84821e+01	3.32005e-11
3.85289e+01	3.20018e-11
3.85757e+01	3.08470e-11
3.86226e+01	2.97344e-11
3.86694e+01	2.86624e-11
3.87163e+01	2.76295e-11
3.87631e+01	2.66344e-11
3.88100e+01	2.56756e-11
3.88568e+01	2.47517e-11
3.89036e+01	2.38615e-11
3.89505e+01	2.30037e-11
3.89973e+01	2.21772e-11
3.90442e+01	2.13808e-11
3.90910e+01	2.06134e-11
3.91379e+01	1.98739e-11
3.91847e+01	1.91613e-11
3.92315e+01	1.84747e-11
3.92784e+01	1.78130e-11
3.93252e+01	1.71753e-11
3.93721e+01	1.65608e-11
3.94189e+01	1.59686e-11
3.94658e+01	1.53979e-11
3.95126e+01	1.48480e-11
3.95595e+01	1.43180e-11
3.96063e+01	1.38072e-11
3.96531e+01	1.33150e-11
3.97000e+01	1.28406e-11
3.97468e+01	1.23834e-11
3.97937e+01	1.19428e-11
3.98405e+01	1.15182e-11
3.98874e+01	1.11090e-11
3.99342e+01	1.07147e-11
3.99810e+01	1.03346e-11
4.00279e+01	9.96825e-12
4.00747e+01	9.61502e-12
4.01216e+01	9.27446e-12
4.01684e+01	8.94609e-12
4.02153e+01	8.62948e-12
4.02621e+01	8.32419e-12
4.03090e+01	8.02982e-12
4.03558e+01	7.74596e-12
4.04026e+01	7.47224e-12
4.04495e+01	7.20828e-12
4.04963e+01	6.95374e-12
4.05432e+01	6.70827e-12
4.05900e+01	6.47155e-12
4.06369e+01	6.24325e-12
4.06837e+01	6.02308e-12
4.07305e+01	5.81074e-12
4.07774e+01	5.60595e-12
4.08242e+01	5.40844e-12
4.08711e+01	5.21794e-12
4.09179e+01	5.03421e-12
4.09648e+01	4.85700e-12
4.10116e+01	4.68607e-12
4.10585e+01	4.52120e-12
4.11053e+01	4.36218e-12
4.11521e+01	4.20879e-12
4.11990e+01	4.06084e-12
4.12458e+01	3.91812e-12
4.12927e+01	3.78046e-12
4.13395e+01	3.64766e-12
4.13864e+01	3.51956e-12
4.14332e+01	3.39599e-12
4.14800e+01	3.27678e-12
4.15269e+01	3.16178e-12
4.15737e+01	3.05084e-12
4.16206e+01	2.94382e-12
4.16674e+01	2.84057e-12
4.17143e+01	2.74097e-12
4.17611e+01	2.64487e-12
4.18079e+01	2.55216e-12
4.18548e+01	2.46272e-12
4.19016e+01	2.37642e-12
4.19485e+01	2.29317e-12
4.19953e+01	2.21284e-12
4.20422e+01	2.13534e-12
4.20890e+01	2.06056e-12
4.21359e+01	1.98841e-12
4.21827e+01	1.91880e-12
4.22295e+01	1.85163e-12
4.22764e+01	1.78682e-12
4.23232e+01	1.72428e-12
4.23701e+01	1.66393e-12
4.24169e+01	1.60570e-12
4.24638e+01	1.54952e-12
4.25106e+01	1.49530e-12
4.25574e+01	1.44297e-12
4.26043e+01	1.39248e-12
4.26511e+01	1.34375e-12
4.26980e+01	1.29673e-12
4.27448e+01	1.25135e-12
4.27917e+01	1.20756e-12
4.28385e+01	1.16529e-12
4.28854e+01	1.12450e-12
4.29322e+01	1.08513e-12
4.29790e+01	1.04714e-12
4.30259e+01	1.01046e-12
4.30727e+01	9.75065e-13
4.31196e+01	9.40898e-13
4.31664e+01	9.07919e-13
4.32133e+01	8.76084e-13
4.32601e+01	8.45353e-13
4.33069e+01	8.15687e-13
4.33538e+01	7.87048e-13
4.34006e+01	7.59399e-13
4.34475e+01	7.32705e-13
4.34943e+01	7.06932e-13
4.35412e+01	6.82048e-13
4.35880e+01	6.58020e-13
4.36349e+01	6.34818e-13
4.36817e+01	6.12412e-13
4.37285e+01	5.90775e-13
4.37754e+01	5.69878e-13
4.38222e+01	5.49696e-13
4.38691e+01	5.30202e-13
4.39159e+01	5.11371e-13
4.39628e+01	4.93181e-13
4.40096e+01	4.75607e-13
4.40564e+01	4.58628e-13
4.41033e+01	4.42222e-13
4.41501e+01	4.26368e-13
4.41970e+01	4.11047e-13
4.42438e+01	3.96239e-13
4.42907e+01	3.81926e-13
4.43375e+01	3.68089e-13
4.43843e+01	3.54711e-13
4.44312e+01	3.41776e-13
4.44780e+01	3.29266e-13
4.45249e+01	3.17167e-13
4.45717e+01	3.05464e-13
4.46186e+01	2.94140e-13
4.46654e+01	2.83183e-13
4.47123e+01	2.72579e-13
4.47591e+01	2.62315e-13
4.48059e+01	2.52377e-13
4.48528e+01	2.42754e-13
4.48996e+01	2.33433e-13
4.49465e+01	2.24403e-13
4.49933e+01	2.15654e-13
4.50402e+01	2.07173e-13
4.50870e+01	1.98950e-13
4.51338e+01	1.90976e-13
4.51807e+01	1.83241e-13
4.52275e+01	1.75735e-13
4.52744e+01	1.68450e-13
4.53212e+01	1.61375e-13
4.53681e+01	1.54503e-13
4.54149e+01	1.47826e-13
4.54618e+01	1.41334e-13
4.55086e+01	1.35022e-13
4.55554e+01	1.28880e-13
4.56023e+01	1.22902e-13
4.56491e+01	1.17081e-13
4.56960e+01	1.11410e-13
4.57428e+01	1.05881e-13
4.57897e+01	1.00490e-13
4.58365e+01	9.52288e-14
4.58833e+01	9.00925e-14
4.59302e+01	8.50750e-14
4.59770e+01	8.01707e-14
4.60239e+01	7.53741e-14
4.60707e+01	7.06799e-14
4.61176e+01	6.60829e-14
4.61644e+01	6.15783e-14
4.62113e+01	5.71612e-14
4.62581e+01	5.28270e-14
4.63049e+01	4.85713e-14
4.63518e+01	4.43898e-14
4.63986e+01	4.02783e-14
4.64455e+01	3.62329e-14
4.64923e+01	3.22499e-14
4.65392e+01	2.83256e-14
4.65860e+01	2.44567e-14
4.66328e+01	2.06397e-14
4.66797e+01	1.68717e-14
4.67265e+01	1.31497e-14
4.67734e+01	9.47101e-15
4.68202e+01	5.83313e-15
