# The ell = 0 distribution, the isotropy.
# E_N [Td]	2.00000e+02
# col_1: Electron Energy [eV], col_2: f0 [eV^(-3/2)]
eV	f0
5.00501e-02	5.10610e-02
1.50150e-01	5.09923e-02
2.50250e-01	5.09245e-02
3.50350e-01	5.08542e-02
4.50450e-01	5.07792e-02
5.50551e-01	5.06982e-02
6.50651e-01	5.06094e-02
7.50751e-01	5.05112e-02
8.50851e-01	5.04024e-02
9.50951e-01	5.02815e-02
1.05105e+00	5.01473e-02
1.15115e+00	4.99999e-02
1.25125e+00	4.98386e-02
1.35135e+00	4.96626e-02
1.45145e+00	4.94724e-02
1.55155e+00	4.92690e-02
1.65165e+00	4.90488e-02
1.75175e+00	4.88084e-02
1.85185e+00	4.85461e-02
1.95195e+00	4.82567e-02
2.05205e+00	4.79524e-02
2.15215e+00	4.76445e-02
2.25225e+00	4.73245e-02
2.35235e+00	4.70096e-02
2.45245e+00	4.66954e-02
2.55255e+00	4.63809e-02
2.65265e+00	4.60798e-02
2.75275e+00	4.57738e-02
2.85285e+00	4.54769e-02
2.95295e+00	4.51843e-02
3.05305e+00	4.48954e-02
3.15315e+00	4.46073e-02
3.25325e+00	4.43210e-02
3.35335e+00	4.40364e-02
3.45345e+00	4.37526e-02
3.55355e+00	4.34685e-02
3.65365e+00	4.31833e-02
3.75375e+00	4.28967e-02
3.85385e+00	4.26086e-02
3.95395e+00	4.23186e-02
4.05405e+00	4.20260e-02
4.15415e+00	4.17300e-02
4.25425e+00	4.14303e-02
4.35435e+00	4.11273e-02
4.45445e+00	4.08209e-02
4.55455e+00	4.05112e-02
4.65465e+00	4.01983e-02
4.75475e+00	3.98822e-02
4.85485e+00	3.95630e-02
4.95495e+00	3.92405e-02
5.05506e+00	3.89147e-02
5.15516e+00	3.85854e-02
5.25526e+00	3.82524e-02
5.35536e+00	3.79159e-02
5.45546e+00	3.75759e-02
5.55556e+00	3.72326e-02
5.65566e+00	3.68859e-02
5.75576e+00	3.65359e-02
5.85586e+00	3.61827e-02
5.95596e+00	3.58263e-02
6.05606e+00	3.54669e-02
6.15616e+00	3.51046e-02
6.25626e+00	3.47396e-02
6.35636e+00	3.43720e-02
6.45646e+00	3.40018e-02
6.55656e+00	3.36291e-02
6.65666e+00	3.32539e-02
6.75676e+00	3.28763e-02
6.85686e+00	3.24963e-02
6.95696e+00	3.21139e-02
7.05706e+00	3.17296e-02
7.15716e+00	3.13437e-02
7.25726e+00	3.09566e-02
7.35736e+00	3.05683e-02
7.45746e+00	3.01788e-02
7.55756e+00	2.97882e-02
7.65766e+00	2.93965e-02
7.75776e+00	2.90038e-02
7.85786e+00	2.86102e-02
7.95796e+00	2.82157e-02
8.05806e+00	2.78204e-02
8.15816e+00	2.74243e-02
8.25826e+00	2.70276e-02
8.35836e+00	2.66302e-02
8.45846e+00	2.62324e-02
8.55856e+00	2.58343e-02
8.65866e+00	2.54359e-02
8.75876e+00	2.50373e-02
8.85886e+00	2.46388e-02
8.95896e+00	2.42403e-02
9.05906e+00	2.38421e-02
9.15916e+00	2.34444e-02
9.25926e+00	2.30472e-02
9.35936e+00	2.26506e-02
9.45946e+00	2.22546e-02
9.55956e+00	2.18592e-02
9.65966e+00	2.14645e-02
9.75976e+00	2.10706e-02
9.85986e+00	2.06775e-02
9.95996e+00	2.02854e-02
1.00601e+01	1.98942e-02
1.01602e+01	1.95055e-02
1.02603e+01	1.91197e-02
1.03604e+01	1.87367e-02
1.04605e+01	1.83564e-02
1.05606e+01	1.79789e-02
1.06607e+01	1.76040e-02
1.07608e+01	1.72334e-02
1.08609e+01	1.68670e-02
1.09610e+01	1.65049e-02
1.10611e+01	1.61468e-02
1.11612e+01	1.57929e-02
1.12613e+01	1.54428e-02
1.13614e+01	1.50966e-02
1.14615e+01	1.47542e-02
1.15616e+01	1.44155e-02
1.16617e+01	1.40803e-02
1.17618e+01	1.37491e-02
1.18619e+01	1.34219e-02
1.19620e+01	1.30991e-02
1.20621e+01	1.27807e-02
1.21622e+01	1.24663e-02
1.22623e+01	1.21561e-02
1.23624e+01	1.18499e-02
1.24625e+01	1.15479e-02
1.25626e+01	1.12500e-02
1.26627e+01	1.09569e-02
1.27628e+01	1.06691e-02
1.28629e+01	1.03865e-02
1.29630e+01	1.01090e-02
1.30631e+01	9.83612e-03
1.31632e+01	9.56914e-03
1.32633e+01	9.30677e-03
1.33634e+01	9.04919e-03
1.34635e+01	8.79571e-03
1.35636e+01	8.54638e-03
1.36637e+01	8.30125e-03
1.37638e+01	8.06033e-03
1.38639e+01	7.82363e-03
1.39640e+01	7.59112e-03
1.40641e+01	7.36282e-03
1.41642e+01	7.13890e-03
1.42643e+01	6.91944e-03
1.43644e+01	6.70449e-03
1.44645e+01	6.49412e-03
1.45646e+01	6.28839e-03
1.46647e+01	6.08733e-03
1.47648e+01	5.89098e-03
1.48649e+01	5.69934e-03
1.49650e+01	5.51242e-03
1.50651e+01	5.33022e-03
1.51652e+01	5.15273e-03
1.52653e+01	4.97988e-03
1.53654e+01	4.81159e-03
1.54655e+01	4.64775e-03
1.55656e+01	4.48829e-03
1.56657e+01	4.33312e-03
1.57658e+01	4.18214e-03
1.58659e+01	4.03519e-03
1.59660e+01	3.89224e-03
1.60661e+01	3.75329e-03
1.61662e+01	3.61834e-03
1.62663e+01	3.48736e-03
1.63664e+01	3.36028e-03
1.64665e+01	3.23704e-03
1.65666e+01	3.11759e-03
1.66667e+01	3.00185e-03
1.67668e+01	2.88977e-03
1.68669e+01	2.78129e-03
1.69670e+01	2.67633e-03
1.70671e+01	2.57483e-03
1.71672e+01	2.47673e-03
1.72673e+01	2.38195e-03
1.73674e+01	2.29041e-03
1.74675e+01	2.20204e-03
1.75676e+01	2.11675e-03
1.76677e+01	2.03447e-03
1.77678e+01	1.95512e-03
1.78679e+01	1.87863e-03
1.79680e+01	1.80488e-03
1.80681e+01	1.73381e-03
1.81682e+01	1.66535e-03
1.82683e+01	1.59940e-03
1.83684e+01	1.53587e-03
1.84685e+01	1.47469e-03
1.85686e+01	1.41578e-03
1.86687e+01	1.35908e-03
1.87688e+01	1.30451e-03
1.88689e+01	1.25201e-03
1.89690e+01	1.20152e-03
1.90691e+01	1.15297e-03
1.91692e+01	1.10631e-03
1.92693e+01	1.06147e-03
1.93694e+01	1.01839e-03
1.94695e+01	9.77016e-04
1.95696e+01	9.37286e-04
1.96697e+01	8.99142e-04
1.97698e+01	8.62533e-04
1.98699e+01	8.27405e-04
1.99700e+01	7.93688e-04
2.00701e+01	7.61285e-04
2.01702e+01	7.30153e-04
2.02703e+01	7.00247e-04
2.03704e+01	6.71523e-04
2.04705e+01	6.43939e-04
2.05706e+01	6.17456e-04
2.06707e+01	5.92035e-04
2.07708e+01	5.67629e-04
2.08709e+01	5.44198e-04
2.09710e+01	5.21705e-04
2.10711e+01	5.00116e-04
2.11712e+01	4.79397e-04
2.12713e+01	4.59513e-04
2.13714e+01	4.40433e-04
2.14715e+01	4.22126e-04
2.15716e+01	4.04561e-04
2.16717e+01	3.87710e-04
2.17718e+01	3.71546e-04
2.18719e+01	3.56042e-04
2.19720e+01	3.41173e-04
2.20721e+01	3.26916e-04
2.21722e+01	3.13250e-04
2.22723e+01	3.00150e-04
2.23724e+01	2.87593e-04
2.24725e+01	2.75556e-04
2.25726e+01	2.64018e-04
2.26727e+01	2.52959e-04
2.27728e+01	2.42359e-04
2.28729e+01	2.32199e-04
2.29730e+01	2.22461e-04
2.30731e+01	2.13130e-04
2.31732e+01	2.04189e-04
2.32733e+01	1.95621e-04
2.33734e+01	1.87412e-04
2.34735e+01	1.79547e-04
2.35736e+01	1.72012e-04
2.36737e+01	1.64792e-04
2.37738e+01	1.57876e-04
2.38739e+01	1.51251e-04
2.39740e+01	1.44904e-04
2.40741e+01	1.38824e-04
2.41742e+01	1.33000e-04
2.42743e+01	1.27422e-04
2.43744e+01	1.22080e-04
2.44745e+01	1.16964e-04
2.45746e+01	1.12064e-04
2.46747e+01	1.07373e-04
2.47748e+01	1.02881e-04
2.48749e+01	9.85778e-05
2.49750e+01	9.44570e-05
2.50751e+01	9.05108e-05
2.51752e+01	8.67323e-05
2.52753e+01	8.31122e-05
2.53754e+01	7.96431e-05
2.54755e+01	7.63184e-05
2.55756e+01	7.31318e-05
2.56757e+01	7.00778e-05
2.57758e+01	6.71505e-05
2.58759e+01	6.43450e-05
2.59760e+01	6.16563e-05
2.60761e+01	5.90798e-05
2.61762e+01	5.66112e-05
2.62763e+01	5.42459e-05
2.63764e+01	5.19797e-05
2.64765e+01	4.98083e-05
2.65766e+01	4.77278e-05
2.66767e+01	4.57344e-05
2.67768e+01	4.38244e-05
2.68769e+01	4.19943e-05
2.69770e+01	4.02407e-05
2.70771e+01	3.85605e-05
2.71772e+01	3.69506e-05
2.72773e+01	3.54081e-05
2.73774e+01	3.39300e-05
2.74775e+01	3.25138e-05
2.75776e+01	3.11569e-05
2.76777e+01	2.98566e-05
2.77778e+01	2.86108e-05
2.78779e+01	2.74171e-05
2.79780e+01	2.62734e-05
2.80781e+01	2.51774e-05
2.81782e+01	2.41273e-05
2.82783e+01	2.31212e-05
2.83784e+01	2.21571e-05
2.84785e+01	2.12334e-05
2.85786e+01	2.03484e-05
2.86787e+01	1.95006e-05
2.87788e+01	1.86882e-05
2.88789e+01	1.79100e-05
2.89790e+01	1.71644e-05
2.90791e+01	1.64502e-05
2.91792e+01	1.57660e-05
2.92793e+01	1.51107e-05
2.93794e+01	1.44829e-05
2.94795e+01	1.38816e-05
2.95796e+01	1.33057e-05
2.96797e+01	1.27541e-05
2.97798e+01	1.22257e-05
2.98799e+01	1.17196e-05
2.99800e+01	1.12349e-05
3.00801e+01	1.07708e-05
3.01802e+01	1.03261e-05
3.02803e+01	9.89984e-06
3.03804e+01	9.49130e-06
3.04805e+01	9.09970e-06
3.05806e+01	8.72432e-06
3.06807e+01	8.36449e-06
3.07808e+01	8.01956e-06
3.08809e+01	7.68889e-06
3.09810e+01	7.37190e-06
3.10811e+01	7.06801e-06
3.11812e+01	6.77669e-06
3.12813e+01	6.49740e-06
3.13814e+01	6.22964e-06
3.14815e+01	5.97295e-06
3.15816e+01	5.72685e-06
3.16817e+01	5.49092e-06
3.17818e+01	5.26473e-06
3.18819e+01	5.04787e-06
3.19820e+01	4.83997e-06
3.20821e+01	4.64066e-06
3.21822e+01	4.44957e-06
3.22823e+01	4.26639e-06
3.23824e+01	4.09076e-06
3.24825e+01	3.92240e-06
3.25826e+01	3.76098e-06
3.26827e+01	3.60623e-06
3.27828e+01	3.45786e-06
3.28829e+01	3.31562e-06
3.29830e+01	3.17925e-06
3.30831e+01	3.04851e-06
3.31832e+01	2.92316e-06
3.32833e+01	2.80299e-06
3.33834e+01	2.68777e-06
3.34835e+01	2.57731e-06
3.35836e+01	2.47141e-06
3.36837e+01	2.36988e-06
3.37838e+01	2.27254e-06
3.38839e+01	2.17922e-06
3.39840e+01	2.08975e-06
3.40841e+01	2.00399e-06
3.41842e+01	1.92177e-06
3.42843e+01	1.84294e-06
3.43844e+01	1.76738e-06
3.44845e+01	1.69494e-06
3.45846e+01	1.62549e-06
3.46847e+01	1.55892e-06
3.47848e+01	1.49509e-06
3.48849e+01	1.43389e-06
3.49850e+01	1.37523e-06
3.50851e+01	1.31898e-06
3.51852e+01	1.26505e-06
3.52853e+01	1.21335e-06
3.53854e+01	1.16377e-06
3.54855e+01	1.11624e-06
3.55856e+01	1.07067e-06
3.56857e+01	1.02698e-06
3.57858e+01	9.85093e-07
3.58859e+01	9.44930e-07
3.59860e+01	9.06424e-07
3.60861e+01	8.69507e-07
3.61862e+01	8.34119e-07
3.62863e+01	8.00196e-07
3.63864e+01	7.67676e-07
3.64865e+01	7.36501e-07
3.65866e+01	7.06613e-07
3.66867e+01	6.77960e-07
3.67868e+01	6.50489e-07
3.68869e+01	6.24151e-07
3.69870e+01	5.98898e-07
3.70871e+01	5.74686e-07
3.71872e+01	5.51471e-07
3.72873e+01	5.29213e-07
3.73874e+01	5.07870e-07
3.74875e+01	4.87406e-07
3.75876e+01	4.67783e-07
3.76877e+01	4.48967e-07
3.77878e+01	4.30923e-07
3.78879e+01	4.13620e-07
3.79880e+01	3.97027e-07
3.80881e+01	3.81115e-07
3.81882e+01	3.65855e-07
3.82883e+01	3.51220e-07
3.83884e+01	3.37185e-07
3.84885e+01	3.23727e-07
3.85886e+01	3.10820e-07
3.86887e+01	2.98443e-07
3.87888e+01	2.86573e-07
3.88889e+01	2.75189e-07
3.89890e+01	2.64271e-07
3.90891e+01	2.53799e-07
3.91892e+01	2.43756e-07
3.92893e+01	2.34123e-07
3.93894e+01	2.24883e-07
3.94895e+01	2.16021e-07
3.95896e+01	2.07521e-07
3.96897e+01	1.99367e-07
3.97898e+01	1.91547e-07
3.98899e+01	1.84046e-07
3.99900e+01	1.76851e-07
4.00901e+01	1.69946e-07
4.01902e+01	1.63317e-07
4.02903e+01	1.56952e-07
4.03904e+01	1.50842e-07
4.04905e+01	1.44974e-07
4.05906e+01	1.39340e-07
4.06907e+01	1.33930e-07
4.07908e+01	1.28734e-07
4.08909e+01	1.23744e-07
4.09910e+01	1.18951e-07
4.10911e+01	1.14347e-07
4.11912e+01	1.09925e-07
4.12913e+01	1.05678e-07
4.13914e+01	1.01598e-07
4.14915e+01	9.76780e-08
4.15916e+01	9.39122e-08
4.16917e+01	9.02943e-08
4.17918e+01	8.68182e-08
4.18919e+01	8.34783e-08
4.19920e+01	8.02692e-08
4.20921e+01	7.71855e-08
4.21922e+01	7.42225e-08
4.22923e+01	7.13751e-08
4.23924e+01	6.86388e-08
4.24925e+01	6.60092e-08
4.25926e+01	6.34820e-08
4.26927e+01	6.10532e-08
4.27928e+01	5.87189e-08
4.28929e+01	5.64755e-08
4.29930e+01	5.43192e-08
4.30931e+01	5.22467e-08
4.31932e+01	5.02547e-08
4.32933e+01	4.83399e-08
4.33934e+01	4.64994e-08
4.34935e+01	4.47301e-08
4.35936e+01	4.30294e-08
4.36937e+01	4.13944e-08
4.37938e+01	3.98226e-08
4.38939e+01	3.83116e-08
4.39940e+01	3.68589e-08
4.40941e+01	3.54622e-08
4.41942e+01	3.41194e-08
4.42943e+01	3.28283e-08
4.43944e+01	3.15869e-08
4.44945e+01	3.03933e-08
4.45946e+01	2.92456e-08
4.46947e+01	2.81419e-08
4.47948e+01	2.70807e-08
4.48949e+01	2.60601e-08
4.49950e+01	2.50787e-08
4.50951e+01	2.41349e-08
4.51952e+01	2.32272e-08
4.52953e+01	2.23542e-08
4.53954e+01	2.15146e-08
4.54955e+01	2.07071e-08
4.55956e+01	1.99305e-08
4.56957e+01	1.91835e-08
4.57958e+01	1.84650e-08
4.58959e+01	1.77738e-08
4.59960e+01	1.71091e-08
4.60961e+01	1.64698e-08
4.61962e+01	1.58548e-08
4.62963e+01	1.52633e-08
4.63964e+01	1.46943e-08
4.64965e+01	1.41469e-08
4.65966e+01	1.36203e-08
4.66967e+01	1.31137e-08
4.67968e+01	1.26264e-08
4.68969e+01	1.21575e-08
4.69970e+01	1.17064e-08
4.70971e+01	1.12724e-08
4.71972e+01	1.08548e-08
4.72973e+01	1.04529e-08
4.73974e+01	1.00663e-08
4.74975e+01	9.69426e-09
4.75976e+01	9.33625e-09
4.76977e+01	8.99174e-09
4.77978e+01	8.66020e-09
4.78979e+01	8.34115e-09
4.79980e+01	8.03410e-09
4.80981e+01	7.73859e-09
4.81982e+01	7.45418e-09
4.82983e+01	7.18045e-09
4.83984e+01	6.91699e-09
4.84985e+01	6.66340e-09
4.85986e+01	6.41931e-09
4.86987e+01	6.18437e-09
4.87988e+01	5.95821e-09
4.88989e+01	5.74051e-09
4.89990e+01	5.53095e-09
4.90991e+01	5.32922e-09
4.91992e+01	5.13502e-09
4.92993e+01	4.94806e-09
4.93994e+01	4.76807e-09
4.94995e+01	4.59479e-09
4.95996e+01	4.42794e-09
4.96997e+01	4.26728e-09
4.97998e+01	4.11259e-09
4.98999e+01	3.96363e-09
5.00000e+01	3.82018e-09
5.01001e+01	3.68205e-09
5.02002e+01	3.54903e-09
5.03003e+01	3.42092e-09
5.04004e+01	3.29754e-09
5.05005e+01	3.17868e-09
5.06006e+01	3.06419e-09
5.07007e+01	2.95389e-09
5.08008e+01	2.84764e-09
5.09009e+01	2.74527e-09
5.10010e+01	2.64665e-09
5.11011e+01	2.55163e-09
5.12012e+01	2.46008e-09
5.13013e+01	2.37187e-09
5.14014e+01	2.28688e-09
5.15015e+01	2.20498e-09
5.16016e+01	2.12606e-09
5.17017e+01	2.05002e-09
5.18018e+01	1.97673e-09
5.19019e+01	1.90611e-09
5.20020e+01	1.83804e-09
5.21021e+01	1.77244e-09
5.22022e+01	1.70922e-09
5.23023e+01	1.64829e-09
5.24024e+01	1.58956e-09
5.25025e+01	1.53295e-09
5.26026e+01	1.47839e-09
5.27027e+01	1.42580e-09
5.28028e+01	1.37511e-09
5.29029e+01	1.32625e-09
5.30030e+01	1.27915e-09
5.31031e+01	1.23375e-09
5.32032e+01	1.18998e-09
5.33033e+01	1.14779e-09
5.34034e+01	1.10712e-09
5.35035e+01	1.06791e-09
5.36036e+01	1.03011e-09
5.37037e+01	9.93669e-10
5.38038e+01	9.58536e-10
5.39039e+01	9.24664e-10
5.40040e+01	8.92007e-10
5.41041e+01	8.60522e-10
5.42042e+01	8.30164e-10
5.43043e+01	8.00894e-10
5.44044e+01	7.72672e-10
5.45045e+01	7.45460e-10
5.46046e+01	7.19220e-10
5.47047e+01	6.93919e-10
5.48048e+01	6.69521e-10
5.49049e+01	6.45995e-10
5.50050e+01	6.23308e-10
5.51051e+01	6.01430e-10
5.52052e+01	5.80332e-10
5.53053e+01	5.59986e-10
5.54054e+01	5.40364e-10
5.55055e+01	5.21441e-10
5.56056e+01	5.03191e-10
5.57057e+01	4.85590e-10
5.58058e+01	4.68614e-10
5.59059e+01	4.52242e-10
5.60060e+01	4.36451e-10
5.61061e+01	4.21221e-10
5.62062e+01	4.06531e-10
5.63063e+01	3.92361e-10
5.64064e+01	3.78694e-10
5.65065e+01	3.65511e-10
5.66066e+01	3.52794e-10
5.67067e+01	3.40528e-10
5.68068e+01	3.28695e-10
5.69069e+01	3.17280e-10
5.70070e+01	3.06268e-10
5.71071e+01	2.95645e-10
5.72072e+01	2.85397e-10
5.73073e+01	2.75510e-10
5.74074e+01	2.65971e-10
5.75075e+01	2.56769e-10
5.76076e+01	2.47890e-10
5.77077e+01	2.39324e-10
5.78078e+01	2.31059e-10
5.79079e+01	2.23085e-10
5.80080e+01	2.15390e-10
5.81081e+01	2.07966e-10
5.82082e+01	2.00802e-10
5.83083e+01	1.93890e-10
5.84084e+01	1.87220e-10
5.85085e+01	1.80783e-10
5.86086e+01	1.74572e-10
5.87087e+01	1.68578e-10
5.88088e+01	1.62794e-10
5.89089e+01	1.57212e-10
5.90090e+01	1.51825e-10
5.91091e+01	1.46626e-10
5.92092e+01	1.41609e-10
5.93093e+01	1.36767e-10
5.94094e+01	1.32094e-10
5.95095e+01	1.27583e-10
5.96096e+01	1.23230e-10
5.97097e+01	1.19029e-10
5.98098e+01	1.14973e-10
5.99099e+01	1.11059e-10
6.00100e+01	1.07281e-10
6.01101e+01	1.03634e-10
6.02102e+01	1.00112e-10
6.03103e+01	9.67125e-11
6.04104e+01	9.34298e-11
6.05105e+01	9.02601e-11
6.06106e+01	8.71995e-11
6.07107e+01	8.42442e-11
6.08108e+01	8.13905e-11
6.09109e+01	7.86349e-11
6.10110e+01	7.59740e-11
6.11111e+01	7.34044e-11
6.12112e+01	7.09229e-11
6.13113e+01	6.85265e-11
6.14114e+01	6.62121e-11
6.15115e+01	6.39771e-11
6.16116e+01	6.18185e-11
6.17117e+01	5.97338e-11
6.18118e+01	5.77203e-11
6.19119e+01	5.57756e-11
6.20120e+01	5.38974e-11
6.21121e+01	5.20833e-11
6.22122e+01	5.03310e-11
6.23123e+01	4.86386e-11
6.24124e+01	4.70038e-11
6.25125e+01	4.54247e-11
6.26126e+01	4.38994e-11
6.27127e+01	4.24260e-11
6.28128e+01	4.10027e-11
6.29129e+01	3.96278e-11
6.30130e+01	3.82997e-11
6.31131e+01	3.70167e-11
6.32132e+01	3.57772e-11
6.33133e+01	3.45799e-11
6.34134e+01	3.34231e-11
6.35135e+01	3.23056e-11
6.36136e+01	3.12259e-11
6.37137e+01	3.01829e-11
6.38138e+01	2.91752e-11
6.39139e+01	2.82016e-11
6.40140e+01	2.72609e-11
6.41141e+01	2.63521e-11
6.42142e+01	2.54740e-11
6.43143e+01	2.46256e-11
6.44144e+01	2.38059e-11
6.45145e+01	2.30139e-11
6.46146e+01	2.22487e-11
6.47147e+01	2.15094e-11
6.48148e+01	2.07951e-11
6.49149e+01	2.01049e-11
6.50150e+01	1.94379e-11
6.51151e+01	1.87935e-11
6.52152e+01	1.81708e-11
6.53153e+01	1.75691e-11
6.54154e+01	1.69876e-11
6.55155e+01	1.64257e-11
6.56156e+01	1.58826e-11
6.57157e+01	1.53579e-11
6.58158e+01	1.48507e-11
6.59159e+01	1.43606e-11
6.60160e+01	1.38870e-11
6.61161e+01	1.34292e-11
6.62162e+01	1.29867e-11
6.63163e+01	1.25591e-11
6.64164e+01	1.21458e-11
6.65165e+01	1.17464e-11
6.66166e+01	1.13603e-11
6.67167e+01	1.09871e-11
6.68168e+01	1.06264e-11
6.69169e+01	1.02777e-11
6.70170e+01	9.94063e-12
6.71171e+01	9.61484e-12
6.72172e+01	9.29990e-12
6.73173e+01	8.99547e-12
6.74174e+01	8.70117e-12
6.75175e+01	8.41668e-12
6.76176e+01	8.14165e-12
6.77177e+01	7.87577e-12
6.78178e+01	7.61874e-12
6.79179e+01	7.37024e-12
6.80180e+01	7.13000e-12
6.81181e+01	6.89774e-12
6.82182e+01	6.67319e-12
6.83183e+01	6.45609e-12
6.84184e+01	6.24620e-12
6.85185e+01	6.04326e-12
6.86186e+01	5.84705e-12
6.87187e+01	5.65734e-12
6.88188e+01	5.47391e-12
6.89189e+01	5.29656e-12
6.90190e+01	5.12508e-12
6.91191e+01	4.95926e-12
6.92192e+01	4.79891e-12
6.93193e+01	4.64386e-12
6.94194e+01	4.49391e-12
6.95195e+01	4.34891e-12
6.96196e+01	4.20869e-12
6.97197e+01	4.07309e-12
6.98198e+01	3.94196e-12
6.99199e+01	3.81514e-12
7.00200e+01	3.69251e-12
7.01201e+01	3.57390e-12
7.02202e+01	3.45921e-12
7.03203e+01	3.34826e-12
7.04204e+01	3.24092e-12
7.05205e+01	3.13708e-12
7.06206e+01	3.03660e-12
7.07207e+01	2.93939e-12
7.08208e+01	2.84534e-12
7.09209e+01	2.75434e-12
7.10210e+01	2.66629e-12
7.11211e+01	2.58109e-12
7.12212e+01	2.49865e-12
7.13213e+01	2.41887e-12
7.14214e+01	2.34168e-12
7.15215e+01	2.26698e-12
7.16216e+01	2.19470e-12
7.17217e+01	2.12474e-12
7.18218e+01	2.05704e-12
7.19219e+01	1.99153e-12
7.20220e+01	1.92813e-12
7.21221e+01	1.86677e-12
7.22222e+01	1.80738e-12
7.23223e+01	1.74990e-12
7.24224e+01	1.69427e-12
7.25225e+01	1.64043e-12
7.26226e+01	1.58832e-12
7.27227e+01	1.53789e-12
7.28228e+01	1.48907e-12
7.29229e+01	1.44182e-12
7.30230e+01	1.39608e-12
7.31231e+01	1.35181e-12
7.32232e+01	1.30896e-12
7.33233e+01	1.26748e-12
7.34234e+01	1.22733e-12
7.35235e+01	1.18846e-12
7.36236e+01	1.15084e-12
7.37237e+01	1.11442e-12
7.38238e+01	1.07916e-12
7.39239e+01	1.04503e-12
7.40240e+01	1.01200e-12
7.41241e+01	9.80012e-13
7.42242e+01	9.49049e-13
7.43243e+01	9.19074e-13
7.44244e+01	8.90054e-13
7.45245e+01	8.61960e-13
7.46246e+01	8.34761e-13
7.47247e+01	8.08428e-13
7.48248e+01	7.82934e-13
7.49249e+01	7.58251e-13
7.50250e+01	7.34354e-13
7.51251e+01	7.11217e-13
7.52252e+01	6.88816e-13
7.53253e+01	6.67127e-13
7.54254e+01	6.46127e-13
7.55255e+01	6.25794e-13
7.56256e+01	6.06107e-13
7.57257e+01	5.87045e-13
7.58258e+01	5.68587e-13
7.59259e+01	5.50716e-13
7.60260e+01	5.33411e-13
7.61261e+01	5.16654e-13
7.62262e+01	5.00429e-13
7.63263e+01	4.84718e-13
7.64264e+01	4.69505e-13
7.65265e+01	4.54773e-13
7.66266e+01	4.40508e-13
7.67267e+01	4.26694e-13
7.68268e+01	4.13317e-13
7.69269e+01	4.00363e-13
7.70270e+01	3.87819e-13
7.71271e+01	3.75671e-13
7.72272e+01	3.63908e-13
7.73273e+01	3.52515e-13
7.74274e+01	3.41483e-13
7.75275e+01	3.30799e-13
7.76276e+01	3.20452e-13
7.77277e+01	3.10431e-13
7.78278e+01	3.00727e-13
7.79279e+01	2.91328e-13
7.80280e+01	2.82226e-13
7.81281e+01	2.73411e-13
7.82282e+01	2.64874e-13
7.83283e+01	2.56606e-13
7.84284e+01	2.48599e-13
7.85285e+01	2.40843e-13
7.86286e+01	2.33333e-13
7.87287e+01	2.26058e-13
7.88288e+01	2.19013e-13
7.89289e+01	2.12190e-13
7.90290e+01	2.05581e-13
7.91291e+01	1.99182e-13
7.92292e+01	1.92984e-13
7.93293e+01	1.86982e-13
7.94294e+01	1.81169e-13
7.95295e+01	1.75540e-13
7.96296e+01	1.70087e-13
7.97297e+01	1.64807e-13
7.98298e+01	1.59692e-13
7.99299e+01	1.54739e-13
8.00300e+01	1.49941e-13
8.01301e+01	1.45294e-13
8.02302e+01	1.40792e-13
8.03303e+01	1.36432e-13
8.04304e+01	1.32209e-13
8.05305e+01	1.28118e-13
8.06306e+01	1.24156e-13
8.07307e+01	1.20317e-13
8.08308e+01	1.16599e-13
8.09309e+01	1.12997e-13
8.10310e+01	1.09508e-13
8.11311e+01	1.06128e-13
8.12312e+01	1.02854e-13
8.13313e+01	9.96825e-14
8.14314e+01	9.66101e-14
8.15315e+01	9.36337e-14
8.16316e+01	9.07503e-14
8.17317e+01	8.79569e-14
8.18318e+01	8.52507e-14
8.19319e+01	8.26289e-14
8.20320e+01	8.00889e-14
8.21321e+01	7.76280e-14
8.22322e+01	7.52439e-14
8.23323e+01	7.29339e-14
8.24324e+01	7.06959e-14
8.25325e+01	6.85275e-14
8.26326e+01	6.64265e-14
8.27327e+01	6.43908e-14
8.28328e+01	6.24184e-14
8.29329e+01	6.05073e-14
8.30330e+01	5.86554e-14
8.31331e+01	5.68611e-14
8.32332e+01	5.51223e-14
8.33333e+01	5.34375e-14
8.34334e+01	5.18049e-14
8.35335e+01	5.02228e-14
8.36336e+01	4.86898e-14
8.37337e+01	4.72041e-14
8.38338e+01	4.57644e-14
8.39339e+01	4.43692e-14
8.40340e+01	4.30172e-14
8.41341e+01	4.17069e-14
8.42342e+01	4.04370e-14
8.43343e+01	3.92064e-14
8.44344e+01	3.80137e-14
8.45345e+01	3.68578e-14
8.46346e+01	3.57376e-14
8.47347e+01	3.46518e-14
8.48348e+01	3.35995e-14
8.49349e+01	3.25796e-14
8.50350e+01	3.15911e-14
8.51351e+01	3.06330e-14
8.52352e+01	2.97044e-14
8.53353e+01	2.88043e-14
8.54354e+01	2.79319e-14
8.55355e+01	2.70863e-14
8.56356e+01	2.62666e-14
8.57357e+01	2.54721e-14
8.58358e+01	2.47019e-14
8.59359e+01	2.39554e-14
8.60360e+01	2.32318e-14
8.61361e+01	2.25303e-14
8.62362e+01	2.18503e-14
8.63363e+01	2.11912e-14
8.64364e+01	2.05522e-14
8.65365e+01	1.99327e-14
8.66366e+01	1.93322e-14
8.67367e+01	1.87501e-14
8.68368e+01	1.81857e-14
8.69369e+01	1.76385e-14
8.70370e+01	1.71081e-14
8.71371e+01	1.65938e-14
8.72372e+01	1.60952e-14
8.73373e+01	1.56117e-14
8.74374e+01	1.51431e-14
8.75375e+01	1.46886e-14
8.76376e+01	1.42480e-14
8.77377e+01	1.38208e-14
8.78378e+01	1.34066e-14
8.79379e+01	1.30050e-14
8.80380e+01	1.26156e-14
8.81381e+01	1.22380e-14
8.82382e+01	1.18718e-14
8.83383e+01	1.15168e-14
8.84384e+01	1.11726e-14
8.85385e+01	1.08387e-14
8.86386e+01	1.05150e-14
8.87387e+01	1.02011e-14
8.88388e+01	9.89674e-15
8.89389e+01	9.60155e-15
8.90390e+01	9.31528e-15
8.91391e+01	9.03766e-15
8.92392e+01	8.76842e-15
8.93393e+01	8.50731e-15
8.94394e+01	8.25407e-15
8.95395e+01	8.00846e-15
8.96396e+01	7.77024e-15
8.97397e+01	7.53920e-15
8.98398e+01	7.31507e-15
8.99399e+01	7.09764e-15
9.00400e+01	6.88672e-15
9.01401e+01	6.68210e-15
9.02402e+01	6.48358e-15
9.03403e+01	6.29097e-15
9.04404e+01	6.10411e-15
9.05405e+01	5.92280e-15
9.06406e+01	5.74688e-15
9.07407e+01	5.57618e-15
9.08408e+01	5.41054e-15
9.09409e+01	5.24982e-15
9.10410e+01	5.09384e-15
9.11411e+01	4.94248e-15
9.12412e+01	4.79559e-15
9.13413e+01	4.65303e-15
9.14414e+01	4.51466e-15
9.15415e+01	4.38036e-15
9.16416e+01	4.25000e-15
9.17417e+01	4.12346e-15
9.18418e+01	4.00062e-15
9.19419e+01	3.88137e-15
9.20420e+01	3.76560e-15
9.21421e+01	3.65320e-15
9.22422e+01	3.54407e-15
9.23423e+01	3.43810e-15
9.24424e+01	3.33521e-15
9.25425e+01	3.23530e-15
9.26426e+01	3.13827e-15
9.27427e+01	3.04403e-15
9.28428e+01	2.95251e-15
9.29429e+01	2.86361e-15
9.30430e+01	2.77726e-15
9.31431e+01	2.69338e-15
9.32432e+01	2.61188e-15
9.33433e+01	2.53271e-15
9.34434e+01	2.45577e-15
9.35435e+01	2.38102e-15
9.36436e+01	2.30837e-15
9.37437e+01	2.23776e-15
9.38438e+01	2.16914e-15
9.39439e+01	2.10243e-15
9.40440e+01	2.03757e-15
9.41441e+01	1.97452e-15
9.42442e+01	1.91320e-15
9.43443e+01	1.85358e-15
9.44444e+01	1.79559e-15
9.45445e+01	1.73918e-15
9.46446e+01	1.68430e-15
9.47447e+01	1.63091e-15
9.48448e+01	1.57895e-15
9.49449e+01	1.52839e-15
9.50450e+01	1.47917e-15
9.51451e+01	1.43125e-15
9.52452e+01	1.38459e-15
9.53453e+01	1.33915e-15
9.54454e+01	1.29489e-15
9.55455e+01	1.25177e-15
9.56456e+01	1.20976e-15
9.57457e+01	1.16881e-15
9.58458e+01	1.12889e-15
9.59459e+01	1.08998e-15
9.60460e+01	1.05202e-15
9.61461e+01	1.01500e-15
9.62462e+01	9.78871e-16
9.63463e+01	9.43615e-16
9.64464e+01	9.09197e-16
9.65465e+01	8.75590e-16
9.66466e+01	8.42764e-16
9.67467e+01	8.10693e-16
9.68468e+01	7.79349e-16
9.69469e+01	7.48707e-16
9.70470e+01	7.18742e-16
9.71471e+01	6.89429e-16
9.72472e+01	6.60744e-16
9.73473e+01	6.32665e-16
9.74474e+01	6.05169e-16
9.75475e+01	5.78234e-16
9.76476e+01	5.51839e-16
9.77477e+01	5.25964e-16
9.78478e+01	5.00590e-16
9.79479e+01	4.75696e-16
9.80480e+01	4.51264e-16
9.81481e+01	4.27277e-16
9.82482e+01	4.03716e-16
9.83483e+01	3.80565e-16
9.84484e+01	3.57808e-16
9.85485e+01	3.35429e-16
9.86486e+01	3.13413e-16
9.87487e+01	2.91746e-16
9.88488e+01	2.70414e-16
9.89489e+01	2.49403e-16
9.90490e+01	2.28702e-16
9.91491e+01	2.08299e-16
9.92492e+01	1.88181e-16
9.93493e+01	1.68338e-16
9.94494e+01	1.48760e-16
9.95495e+01	1.29439e-16
9.96496e+01	1.10364e-16
9.97497e+01	9.15257e-17
9.98498e+01	7.29170e-17
9.99499e+01	5.45315e-17
1.00050e+02	3.63636e-17
