# The ell = 0 distribution, the isotropy.
# E_N [Td]	2.50000e+00
# col_1: Electron Energy [eV], col_2: f0 [eV^(-3/2)]
eV	f0
4.78456e-03	6.92783e-01
1.43537e-02	6.92786e-01
2.39228e-02	6.92784e-01
3.34920e-02	6.92780e-01
4.30611e-02	6.92772e-01
5.26302e-02	6.92765e-01
6.21993e-02	6.92758e-01
7.17685e-02	6.92751e-01
8.13376e-02	6.92745e-01
9.09067e-02	6.92739e-01
1.00476e-01	6.92734e-01
1.10045e-01	6.92730e-01
1.19614e-01	6.92726e-01
1.29183e-01	6.92723e-01
1.38752e-01	6.92720e-01
1.48321e-01	6.92718e-01
1.57891e-01	6.92715e-01
1.67460e-01	6.92713e-01
1.77029e-01	6.92710e-01
1.86598e-01	6.92708e-01
1.96167e-01	6.92706e-01
2.05736e-01	6.92703e-01
2.15305e-01	6.92700e-01
2.24875e-01	6.92697e-01
2.34444e-01	6.92694e-01
2.44013e-01	6.92690e-01
2.53582e-01	6.92686e-01
2.63151e-01	6.92681e-01
2.72720e-01	6.92676e-01
2.82289e-01	6.92670e-01
2.91858e-01	6.92664e-01
3.01428e-01	6.92657e-01
3.10997e-01	6.92650e-01
3.20566e-01	6.92642e-01
3.30135e-01	6.92634e-01
3.39704e-01	6.92626e-01
3.49273e-01	6.92617e-01
3.58842e-01	6.92609e-01
3.68411e-01	6.92599e-01
3.77981e-01	6.92590e-01
3.87550e-01	6.92580e-01
3.97119e-01	6.92570e-01
4.06688e-01	6.92560e-01
4.16257e-01	6.92549e-01
4.25826e-01	6.92538e-01
4.35395e-01	6.92527e-01
4.44964e-01	6.92516e-01
4.54534e-01	6.92504e-01
4.64103e-01	6.92491e-01
4.73672e-01	6.92479e-01
4.83241e-01	6.92465e-01
4.92810e-01	6.92452e-01
5.02379e-01	6.92437e-01
5.11948e-01	6.92422e-01
5.21518e-01	6.92407e-01
5.31087e-01	6.92391e-01
5.40656e-01	6.92374e-01
5.50225e-01	6.92355e-01
5.59794e-01	6.92336e-01
5.69363e-01	6.92316e-01
5.78932e-01	6.92294e-01
5.88501e-01	6.92272e-01
5.98071e-01	6.92247e-01
6.07640e-01	6.92221e-01
6.17209e-01	6.92193e-01
6.26778e-01	6.92163e-01
6.36347e-01	6.92132e-01
6.45916e-01	6.92098e-01
6.55485e-01	6.92062e-01
6.65054e-01	6.92023e-01
6.74624e-01	6.91981e-01
6.84193e-01	6.91937e-01
6.93762e-01	6.91889e-01
7.03331e-01	6.91834e-01
7.12900e-01	6.91773e-01
7.22469e-01	6.91704e-01
7.32038e-01	6.91625e-01
7.41607e-01	6.91538e-01
7.51177e-01	6.91439e-01
7.60746e-01	6.91327e-01
7.70315e-01	6.91198e-01
7.79884e-01	6.91052e-01
7.89453e-01	6.90887e-01
7.99022e-01	6.90703e-01
8.08591e-01	6.90500e-01
8.18161e-01	6.90277e-01
8.27730e-01	6.90033e-01
8.37299e-01	6.89768e-01
8.46868e-01	6.89483e-01
8.56437e-01	6.89176e-01
8.66006e-01	6.88850e-01
8.75575e-01	6.88503e-01
8.85144e-01	6.88133e-01
8.94714e-01	6.87739e-01
9.04283e-01	6.87318e-01
9.13852e-01	6.86871e-01
9.23421e-01	6.86396e-01
9.32990e-01	6.85894e-01
9.42559e-01	6.85362e-01
9.52128e-01	6.84797e-01
9.61697e-01	6.84195e-01
9.71267e-01	6.83552e-01
9.80836e-01	6.82869e-01
9.90405e-01	6.82143e-01
9.99974e-01	6.81374e-01
1.00954e+00	6.80564e-01
1.01911e+00	6.79705e-01
1.02868e+00	6.78791e-01
1.03825e+00	6.77817e-01
1.04782e+00	6.76779e-01
1.05739e+00	6.75677e-01
1.06696e+00	6.74508e-01
1.07653e+00	6.73275e-01
1.08610e+00	6.71974e-01
1.09567e+00	6.70597e-01
1.10523e+00	6.69143e-01
1.11480e+00	6.67608e-01
1.12437e+00	6.65991e-01
1.13394e+00	6.64293e-01
1.14351e+00	6.62514e-01
1.15308e+00	6.60652e-01
1.16265e+00	6.58705e-01
1.17222e+00	6.56672e-01
1.18179e+00	6.54551e-01
1.19136e+00	6.52344e-01
1.20093e+00	6.50049e-01
1.21049e+00	6.47670e-01
1.22006e+00	6.45206e-01
1.22963e+00	6.42652e-01
1.23920e+00	6.40000e-01
1.24877e+00	6.37247e-01
1.25834e+00	6.34388e-01
1.26791e+00	6.31424e-01
1.27748e+00	6.28352e-01
1.28705e+00	6.25175e-01
1.29662e+00	6.21894e-01
1.30619e+00	6.18498e-01
1.31576e+00	6.14968e-01
1.32532e+00	6.11289e-01
1.33489e+00	6.07450e-01
1.34446e+00	6.03442e-01
1.35403e+00	5.99261e-01
1.36360e+00	5.94903e-01
1.37317e+00	5.90366e-01
1.38274e+00	5.85654e-01
1.39231e+00	5.80775e-01
1.40188e+00	5.75738e-01
1.41145e+00	5.70548e-01
1.42102e+00	5.65215e-01
1.43058e+00	5.59744e-01
1.44015e+00	5.54143e-01
1.44972e+00	5.48418e-01
1.45929e+00	5.42577e-01
1.46886e+00	5.36624e-01
1.47843e+00	5.30557e-01
1.48800e+00	5.24370e-01
1.49757e+00	5.18062e-01
1.50714e+00	5.11630e-01
1.51671e+00	5.05071e-01
1.52628e+00	4.98388e-01
1.53585e+00	4.91583e-01
1.54541e+00	4.84660e-01
1.55498e+00	4.77598e-01
1.56455e+00	4.70367e-01
1.57412e+00	4.62940e-01
1.58369e+00	4.55295e-01
1.59326e+00	4.47416e-01
1.60283e+00	4.39292e-01
1.61240e+00	4.30915e-01
1.62197e+00	4.22279e-01
1.63154e+00	4.13382e-01
1.64111e+00	4.04214e-01
1.65067e+00	3.94789e-01
1.66024e+00	3.85125e-01
1.66981e+00	3.75236e-01
1.67938e+00	3.65143e-01
1.68895e+00	3.54867e-01
1.69852e+00	3.44425e-01
1.70809e+00	3.33832e-01
1.71766e+00	3.23102e-01
1.72723e+00	3.12244e-01
1.73680e+00	3.01269e-01
1.74637e+00	2.90209e-01
1.75594e+00	2.79086e-01
1.76550e+00	2.67936e-01
1.77507e+00	2.56793e-01
1.78464e+00	2.45683e-01
1.79421e+00	2.34628e-01
1.80378e+00	2.23651e-01
1.81335e+00	2.12779e-01
1.82292e+00	2.02034e-01
1.83249e+00	1.91430e-01
1.84206e+00	1.80958e-01
1.85163e+00	1.70653e-01
1.86120e+00	1.60545e-01
1.87076e+00	1.50663e-01
1.88033e+00	1.41032e-01
1.88990e+00	1.31703e-01
1.89947e+00	1.22714e-01
1.90904e+00	1.14100e-01
1.91861e+00	1.05884e-01
1.92818e+00	9.81148e-02
1.93775e+00	9.08051e-02
1.94732e+00	8.39522e-02
1.95689e+00	7.75554e-02
1.96646e+00	7.15973e-02
1.97603e+00	6.60576e-02
1.98559e+00	6.09171e-02
1.99516e+00	5.61590e-02
2.00473e+00	5.17674e-02
2.01430e+00	4.77296e-02
2.02387e+00	4.40392e-02
2.03344e+00	4.06559e-02
2.04301e+00	3.75538e-02
2.05258e+00	3.47016e-02
2.06215e+00	3.20722e-02
2.07172e+00	2.96414e-02
2.08129e+00	2.73897e-02
2.09085e+00	2.52987e-02
2.10042e+00	2.33515e-02
2.10999e+00	2.15329e-02
2.11956e+00	1.98265e-02
2.12913e+00	1.82316e-02
2.13870e+00	1.67445e-02
2.14827e+00	1.53624e-02
2.15784e+00	1.40834e-02
2.16741e+00	1.29019e-02
2.17698e+00	1.18117e-02
2.18655e+00	1.08071e-02
2.19612e+00	9.88265e-03
2.20568e+00	9.03353e-03
2.21525e+00	8.25483e-03
2.22482e+00	7.54122e-03
2.23439e+00	6.88718e-03
2.24396e+00	6.28961e-03
2.25353e+00	5.74592e-03
2.26310e+00	5.25114e-03
2.27267e+00	4.80077e-03
2.28224e+00	4.39083e-03
2.29181e+00	4.01743e-03
2.30138e+00	3.67701e-03
2.31094e+00	3.36627e-03
2.32051e+00	3.08312e-03
2.33008e+00	2.82516e-03
2.33965e+00	2.59022e-03
2.34922e+00	2.37661e-03
2.35879e+00	2.18142e-03
2.36836e+00	2.00226e-03
2.37793e+00	1.83781e-03
2.38750e+00	1.68690e-03
2.39707e+00	1.54848e-03
2.40664e+00	1.42153e-03
2.41620e+00	1.30468e-03
2.42577e+00	1.19644e-03
2.43534e+00	1.09614e-03
2.44491e+00	1.00337e-03
2.45448e+00	9.17719e-04
2.46405e+00	8.38707e-04
2.47362e+00	7.66101e-04
2.48319e+00	7.00084e-04
2.49276e+00	6.40175e-04
2.50233e+00	5.85854e-04
2.51190e+00	5.36550e-04
2.52147e+00	4.91788e-04
2.53103e+00	4.51215e-04
2.54060e+00	4.14469e-04
2.55017e+00	3.81138e-04
2.55974e+00	3.50862e-04
2.56931e+00	3.23346e-04
2.57888e+00	2.98322e-04
2.58845e+00	2.75602e-04
2.59802e+00	2.54820e-04
2.60759e+00	2.35652e-04
2.61716e+00	2.17976e-04
2.62673e+00	2.01676e-04
2.63629e+00	1.86647e-04
2.64586e+00	1.72809e-04
2.65543e+00	1.60073e-04
2.66500e+00	1.48345e-04
2.67457e+00	1.37540e-04
2.68414e+00	1.27582e-04
2.69371e+00	1.18411e-04
2.70328e+00	1.09971e-04
2.71285e+00	1.02202e-04
2.72242e+00	9.50512e-05
2.73199e+00	8.84848e-05
2.74156e+00	8.24357e-05
2.75112e+00	7.68435e-05
2.76069e+00	7.16542e-05
2.77026e+00	6.68235e-05
2.77983e+00	6.23285e-05
2.78940e+00	5.81507e-05
2.79897e+00	5.42669e-05
2.80854e+00	5.06537e-05
2.81811e+00	4.72877e-05
2.82768e+00	4.41524e-05
2.83725e+00	4.12363e-05
2.84682e+00	3.85302e-05
2.85638e+00	3.60161e-05
2.86595e+00	3.36815e-05
2.87552e+00	3.15206e-05
2.88509e+00	2.95305e-05
2.89466e+00	2.76993e-05
2.90423e+00	2.60118e-05
2.91380e+00	2.44537e-05
2.92337e+00	2.30130e-05
2.93294e+00	2.16789e-05
2.94251e+00	2.04415e-05
2.95208e+00	1.92915e-05
2.96165e+00	1.82214e-05
2.97121e+00	1.72235e-05
2.98078e+00	1.62905e-05
2.99035e+00	1.54147e-05
2.99992e+00	1.45911e-05
3.00949e+00	1.38150e-05
3.01906e+00	1.30829e-05
3.02863e+00	1.23928e-05
3.03820e+00	1.17426e-05
3.04777e+00	1.11305e-05
3.05734e+00	1.05546e-05
3.06691e+00	1.00130e-05
3.07647e+00	9.50380e-06
3.08604e+00	9.02523e-06
3.09561e+00	8.57571e-06
3.10518e+00	8.15352e-06
3.11475e+00	7.75661e-06
3.12432e+00	7.38308e-06
3.13389e+00	7.03146e-06
3.14346e+00	6.70001e-06
3.15303e+00	6.38712e-06
3.16260e+00	6.09126e-06
3.17217e+00	5.81140e-06
3.18174e+00	5.54668e-06
3.19130e+00	5.29632e-06
3.20087e+00	5.05955e-06
3.21044e+00	4.83562e-06
3.22001e+00	4.62387e-06
3.22958e+00	4.42362e-06
3.23915e+00	4.23421e-06
3.24872e+00	4.05510e-06
3.25829e+00	3.88577e-06
3.26786e+00	3.72577e-06
3.27743e+00	3.57453e-06
3.28700e+00	3.43150e-06
3.29656e+00	3.29617e-06
3.30613e+00	3.16804e-06
3.31570e+00	3.04663e-06
3.32527e+00	2.93146e-06
3.33484e+00	2.82208e-06
3.34441e+00	2.71811e-06
3.35398e+00	2.61922e-06
3.36355e+00	2.52509e-06
3.37312e+00	2.43542e-06
3.38269e+00	2.34990e-06
3.39226e+00	2.26831e-06
3.40183e+00	2.19039e-06
3.41139e+00	2.11592e-06
3.42096e+00	2.04469e-06
3.43053e+00	1.97651e-06
3.44010e+00	1.91127e-06
3.44967e+00	1.84882e-06
3.45924e+00	1.78903e-06
3.46881e+00	1.73176e-06
3.47838e+00	1.67689e-06
3.48795e+00	1.62430e-06
3.49752e+00	1.57386e-06
3.50709e+00	1.52545e-06
3.51665e+00	1.47897e-06
3.52622e+00	1.43431e-06
3.53579e+00	1.39140e-06
3.54536e+00	1.35013e-06
3.55493e+00	1.31044e-06
3.56450e+00	1.27225e-06
3.57407e+00	1.23551e-06
3.58364e+00	1.20016e-06
3.59321e+00	1.16615e-06
3.60278e+00	1.13342e-06
3.61235e+00	1.10193e-06
3.62192e+00	1.07163e-06
3.63148e+00	1.04245e-06
3.64105e+00	1.01436e-06
3.65062e+00	9.87314e-07
3.66019e+00	9.61271e-07
3.66976e+00	9.36189e-07
3.67933e+00	9.12028e-07
3.68890e+00	8.88749e-07
3.69847e+00	8.66316e-07
3.70804e+00	8.44694e-07
3.71761e+00	8.23851e-07
3.72718e+00	8.03752e-07
3.73674e+00	7.84362e-07
3.74631e+00	7.65646e-07
3.75588e+00	7.47573e-07
3.76545e+00	7.30112e-07
3.77502e+00	7.13233e-07
3.78459e+00	6.96908e-07
3.79416e+00	6.81108e-07
3.80373e+00	6.65804e-07
3.81330e+00	6.50973e-07
3.82287e+00	6.36588e-07
3.83244e+00	6.22627e-07
3.84201e+00	6.09066e-07
3.85157e+00	5.95881e-07
3.86114e+00	5.83053e-07
3.87071e+00	5.70560e-07
3.88028e+00	5.58393e-07
3.88985e+00	5.46543e-07
3.89942e+00	5.35000e-07
3.90899e+00	5.23752e-07
3.91856e+00	5.12788e-07
3.92813e+00	5.02099e-07
3.93770e+00	4.91675e-07
3.94727e+00	4.81508e-07
3.95683e+00	4.71588e-07
3.96640e+00	4.61906e-07
3.97597e+00	4.52452e-07
3.98554e+00	4.43221e-07
3.99511e+00	4.34197e-07
4.00468e+00	4.25373e-07
4.01425e+00	4.16743e-07
4.02382e+00	4.08301e-07
4.03339e+00	4.00040e-07
4.04296e+00	3.91957e-07
4.05253e+00	3.84050e-07
4.06210e+00	3.76313e-07
4.07166e+00	3.68744e-07
4.08123e+00	3.61338e-07
4.09080e+00	3.54092e-07
4.10037e+00	3.47003e-07
4.10994e+00	3.40066e-07
4.11951e+00	3.33280e-07
4.12908e+00	3.26639e-07
4.13865e+00	3.20142e-07
4.14822e+00	3.13785e-07
4.15779e+00	3.07566e-07
4.16736e+00	3.01481e-07
4.17692e+00	2.95528e-07
4.18649e+00	2.89704e-07
4.19606e+00	2.84006e-07
4.20563e+00	2.78431e-07
4.21520e+00	2.72978e-07
4.22477e+00	2.67643e-07
4.23434e+00	2.62424e-07
4.24391e+00	2.57320e-07
4.25348e+00	2.52326e-07
4.26305e+00	2.47442e-07
4.27262e+00	2.42664e-07
4.28219e+00	2.37992e-07
4.29175e+00	2.33423e-07
4.30132e+00	2.28955e-07
4.31089e+00	2.24587e-07
4.32046e+00	2.20317e-07
4.33003e+00	2.16142e-07
4.33960e+00	2.12061e-07
4.34917e+00	2.08073e-07
4.35874e+00	2.04176e-07
4.36831e+00	2.00368e-07
4.37788e+00	1.96647e-07
4.38745e+00	1.93012e-07
4.39701e+00	1.89461e-07
4.40658e+00	1.85993e-07
4.41615e+00	1.82607e-07
4.42572e+00	1.79299e-07
4.43529e+00	1.76070e-07
4.44486e+00	1.72916e-07
4.45443e+00	1.69838e-07
4.46400e+00	1.66832e-07
4.47357e+00	1.63898e-07
4.48314e+00	1.61034e-07
4.49271e+00	1.58240e-07
4.50228e+00	1.55512e-07
4.51184e+00	1.52851e-07
4.52141e+00	1.50256e-07
4.53098e+00	1.47724e-07
4.54055e+00	1.45255e-07
4.55012e+00	1.42847e-07
4.55969e+00	1.40499e-07
4.56926e+00	1.38209e-07
4.57883e+00	1.35975e-07
4.58840e+00	1.33796e-07
4.59797e+00	1.31671e-07
4.60754e+00	1.29598e-07
4.61710e+00	1.27575e-07
4.62667e+00	1.25602e-07
4.63624e+00	1.23677e-07
4.64581e+00	1.21799e-07
4.65538e+00	1.19967e-07
4.66495e+00	1.18178e-07
4.67452e+00	1.16432e-07
4.68409e+00	1.14727e-07
4.69366e+00	1.13062e-07
4.70323e+00	1.11436e-07
4.71280e+00	1.09848e-07
4.72237e+00	1.08296e-07
4.73193e+00	1.06779e-07
4.74150e+00	1.05297e-07
4.75107e+00	1.03847e-07
4.76064e+00	1.02430e-07
4.77021e+00	1.01044e-07
4.77978e+00	9.96874e-08
4.78935e+00	9.83601e-08
4.79892e+00	9.70609e-08
4.80849e+00	9.57888e-08
4.81806e+00	9.45431e-08
4.82763e+00	9.33228e-08
4.83719e+00	9.21269e-08
4.84676e+00	9.09545e-08
4.85633e+00	8.98046e-08
4.86590e+00	8.86761e-08
4.87547e+00	8.75683e-08
4.88504e+00	8.64801e-08
4.89461e+00	8.54108e-08
4.90418e+00	8.43593e-08
4.91375e+00	8.33249e-08
4.92332e+00	8.23068e-08
4.93289e+00	8.13042e-08
4.94245e+00	8.03168e-08
4.95202e+00	7.93440e-08
4.96159e+00	7.83852e-08
4.97116e+00	7.74402e-08
4.98073e+00	7.65084e-08
4.99030e+00	7.55893e-08
4.99987e+00	7.46827e-08
5.00944e+00	7.37879e-08
5.01901e+00	7.29047e-08
5.02858e+00	7.20327e-08
5.03815e+00	7.11715e-08
5.04772e+00	7.03207e-08
5.05728e+00	6.94800e-08
5.06685e+00	6.86493e-08
5.07642e+00	6.78282e-08
5.08599e+00	6.70164e-08
5.09556e+00	6.62137e-08
5.10513e+00	6.54197e-08
5.11470e+00	6.46342e-08
5.12427e+00	6.38570e-08
5.13384e+00	6.30881e-08
5.14341e+00	6.23275e-08
5.15298e+00	6.15751e-08
5.16254e+00	6.08308e-08
5.17211e+00	6.00945e-08
5.18168e+00	5.93662e-08
5.19125e+00	5.86458e-08
5.20082e+00	5.79333e-08
5.21039e+00	5.72284e-08
5.21996e+00	5.65313e-08
5.22953e+00	5.58417e-08
5.23910e+00	5.51597e-08
5.24867e+00	5.44852e-08
5.25824e+00	5.38180e-08
5.26781e+00	5.31582e-08
5.27737e+00	5.25056e-08
5.28694e+00	5.18601e-08
5.29651e+00	5.12218e-08
5.30608e+00	5.05905e-08
5.31565e+00	4.99662e-08
5.32522e+00	4.93488e-08
5.33479e+00	4.87382e-08
5.34436e+00	4.81344e-08
5.35393e+00	4.75373e-08
5.36350e+00	4.69468e-08
5.37307e+00	4.63629e-08
5.38263e+00	4.57855e-08
5.39220e+00	4.52146e-08
5.40177e+00	4.46500e-08
5.41134e+00	4.40917e-08
5.42091e+00	4.35397e-08
5.43048e+00	4.29938e-08
5.44005e+00	4.24541e-08
5.44962e+00	4.19205e-08
5.45919e+00	4.13928e-08
5.46876e+00	4.08711e-08
5.47833e+00	4.03553e-08
5.48790e+00	3.98453e-08
5.49746e+00	3.93411e-08
5.50703e+00	3.88426e-08
5.51660e+00	3.83498e-08
5.52617e+00	3.78625e-08
5.53574e+00	3.73808e-08
5.54531e+00	3.69046e-08
5.55488e+00	3.64338e-08
5.56445e+00	3.59683e-08
5.57402e+00	3.55082e-08
5.58359e+00	3.50534e-08
5.59316e+00	3.46037e-08
5.60272e+00	3.41593e-08
5.61229e+00	3.37199e-08
5.62186e+00	3.32855e-08
5.63143e+00	3.28562e-08
5.64100e+00	3.24318e-08
5.65057e+00	3.20123e-08
5.66014e+00	3.15977e-08
5.66971e+00	3.11878e-08
5.67928e+00	3.07827e-08
5.68885e+00	3.03823e-08
5.69842e+00	2.99866e-08
5.70799e+00	2.95954e-08
5.71755e+00	2.92088e-08
5.72712e+00	2.88267e-08
5.73669e+00	2.84491e-08
5.74626e+00	2.80758e-08
5.75583e+00	2.77070e-08
5.76540e+00	2.73424e-08
5.77497e+00	2.69821e-08
5.78454e+00	2.66261e-08
5.79411e+00	2.62742e-08
5.80368e+00	2.59265e-08
5.81325e+00	2.55829e-08
5.82281e+00	2.52433e-08
5.83238e+00	2.49077e-08
5.84195e+00	2.45761e-08
5.85152e+00	2.42484e-08
5.86109e+00	2.39246e-08
5.87066e+00	2.36047e-08
5.88023e+00	2.32885e-08
5.88980e+00	2.29761e-08
5.89937e+00	2.26674e-08
5.90894e+00	2.23624e-08
5.91851e+00	2.20610e-08
5.92808e+00	2.17633e-08
5.93764e+00	2.14691e-08
5.94721e+00	2.11784e-08
5.95678e+00	2.08912e-08
5.96635e+00	2.06075e-08
5.97592e+00	2.03272e-08
5.98549e+00	2.00503e-08
5.99506e+00	1.97767e-08
6.00463e+00	1.95064e-08
6.01420e+00	1.92394e-08
6.02377e+00	1.89756e-08
6.03334e+00	1.87150e-08
6.04290e+00	1.84576e-08
6.05247e+00	1.82033e-08
6.06204e+00	1.79522e-08
6.07161e+00	1.77041e-08
6.08118e+00	1.74591e-08
6.09075e+00	1.72171e-08
6.10032e+00	1.69780e-08
6.10989e+00	1.67419e-08
6.11946e+00	1.65087e-08
6.12903e+00	1.62784e-08
6.13860e+00	1.60510e-08
6.14817e+00	1.58263e-08
6.15773e+00	1.56045e-08
6.16730e+00	1.53854e-08
6.17687e+00	1.51690e-08
6.18644e+00	1.49553e-08
6.19601e+00	1.47442e-08
6.20558e+00	1.45358e-08
6.21515e+00	1.43300e-08
6.22472e+00	1.41267e-08
6.23429e+00	1.39260e-08
6.24386e+00	1.37278e-08
6.25343e+00	1.35320e-08
6.26299e+00	1.33387e-08
6.27256e+00	1.31479e-08
6.28213e+00	1.29594e-08
6.29170e+00	1.27733e-08
6.30127e+00	1.25895e-08
6.31084e+00	1.24081e-08
6.32041e+00	1.22289e-08
6.32998e+00	1.20520e-08
6.33955e+00	1.18774e-08
6.34912e+00	1.17049e-08
6.35869e+00	1.15347e-08
6.36826e+00	1.13665e-08
6.37782e+00	1.12006e-08
6.38739e+00	1.10367e-08
6.39696e+00	1.08749e-08
6.40653e+00	1.07152e-08
6.41610e+00	1.05575e-08
6.42567e+00	1.04018e-08
6.43524e+00	1.02481e-08
6.44481e+00	1.00963e-08
6.45438e+00	9.94654e-09
6.46395e+00	9.79867e-09
6.47352e+00	9.65269e-09
6.48308e+00	9.50858e-09
6.49265e+00	9.36632e-09
6.50222e+00	9.22590e-09
6.51179e+00	9.08728e-09
6.52136e+00	8.95045e-09
6.53093e+00	8.81538e-09
6.54050e+00	8.68206e-09
6.55007e+00	8.55046e-09
6.55964e+00	8.42056e-09
6.56921e+00	8.29234e-09
6.57878e+00	8.16579e-09
6.58835e+00	8.04087e-09
6.59791e+00	7.91759e-09
6.60748e+00	7.79590e-09
6.61705e+00	7.67580e-09
6.62662e+00	7.55726e-09
6.63619e+00	7.44027e-09
6.64576e+00	7.32480e-09
6.65533e+00	7.21085e-09
6.66490e+00	7.09839e-09
6.67447e+00	6.98740e-09
6.68404e+00	6.87787e-09
6.69361e+00	6.76977e-09
6.70317e+00	6.66309e-09
6.71274e+00	6.55782e-09
6.72231e+00	6.45393e-09
6.73188e+00	6.35141e-09
6.74145e+00	6.25024e-09
6.75102e+00	6.15041e-09
6.76059e+00	6.05191e-09
6.77016e+00	5.95472e-09
6.77973e+00	5.85882e-09
6.78930e+00	5.76420e-09
6.79887e+00	5.67085e-09
6.80844e+00	5.57875e-09
6.81800e+00	5.48789e-09
6.82757e+00	5.39826e-09
6.83714e+00	5.30984e-09
6.84671e+00	5.22262e-09
6.85628e+00	5.13658e-09
6.86585e+00	5.05172e-09
6.87542e+00	4.96801e-09
6.88499e+00	4.88545e-09
6.89456e+00	4.80401e-09
6.90413e+00	4.72370e-09
6.91370e+00	4.64450e-09
6.92326e+00	4.56638e-09
6.93283e+00	4.48937e-09
6.94240e+00	4.41337e-09
6.95197e+00	4.33848e-09
6.96154e+00	4.26464e-09
6.97111e+00	4.19185e-09
6.98068e+00	4.12009e-09
6.99025e+00	4.04935e-09
6.99982e+00	3.97962e-09
7.00939e+00	3.91089e-09
7.01896e+00	3.84313e-09
7.02853e+00	3.77635e-09
7.03809e+00	3.71053e-09
7.04766e+00	3.64565e-09
7.05723e+00	3.58170e-09
7.06680e+00	3.51868e-09
7.07637e+00	3.45656e-09
7.08594e+00	3.39534e-09
7.09551e+00	3.33502e-09
7.10508e+00	3.27558e-09
7.11465e+00	3.21702e-09
7.12422e+00	3.15931e-09
7.13379e+00	3.10246e-09
7.14335e+00	3.04644e-09
7.15292e+00	2.99125e-09
7.16249e+00	2.93687e-09
7.17206e+00	2.88330e-09
7.18163e+00	2.83052e-09
7.19120e+00	2.77853e-09
7.20077e+00	2.72730e-09
7.21034e+00	2.67684e-09
7.21991e+00	2.62713e-09
7.22948e+00	2.57817e-09
7.23905e+00	2.52993e-09
7.24861e+00	2.48241e-09
7.25818e+00	2.43561e-09
7.26775e+00	2.38951e-09
7.27732e+00	2.34409e-09
7.28689e+00	2.29936e-09
7.29646e+00	2.25530e-09
7.30603e+00	2.21190e-09
7.31560e+00	2.16915e-09
7.32517e+00	2.12704e-09
7.33474e+00	2.08557e-09
7.34431e+00	2.04473e-09
7.35388e+00	2.00450e-09
7.36344e+00	1.96487e-09
7.37301e+00	1.92585e-09
7.38258e+00	1.88741e-09
7.39215e+00	1.84957e-09
7.40172e+00	1.81231e-09
7.41129e+00	1.77562e-09
7.42086e+00	1.73950e-09
7.43043e+00	1.70394e-09
7.44000e+00	1.66894e-09
7.44957e+00	1.63450e-09
7.45914e+00	1.60059e-09
7.46870e+00	1.56723e-09
7.47827e+00	1.53439e-09
7.48784e+00	1.50209e-09
7.49741e+00	1.47030e-09
7.50698e+00	1.43903e-09
7.51655e+00	1.40826e-09
7.52612e+00	1.37800e-09
7.53569e+00	1.34823e-09
7.54526e+00	1.31896e-09
7.55483e+00	1.29016e-09
7.56440e+00	1.26185e-09
7.57397e+00	1.23401e-09
7.58353e+00	1.20663e-09
7.59310e+00	1.17972e-09
7.60267e+00	1.15326e-09
7.61224e+00	1.12725e-09
7.62181e+00	1.10168e-09
7.63138e+00	1.07656e-09
7.64095e+00	1.05186e-09
7.65052e+00	1.02760e-09
7.66009e+00	1.00375e-09
7.66966e+00	9.80325e-10
7.67923e+00	9.57308e-10
7.68879e+00	9.34697e-10
7.69836e+00	9.12485e-10
7.70793e+00	8.90668e-10
7.71750e+00	8.69240e-10
7.72707e+00	8.48196e-10
7.73664e+00	8.27531e-10
7.74621e+00	8.07238e-10
7.75578e+00	7.87312e-10
7.76535e+00	7.67751e-10
7.77492e+00	7.48549e-10
7.78449e+00	7.29704e-10
7.79406e+00	7.11211e-10
7.80362e+00	6.93068e-10
7.81319e+00	6.75270e-10
7.82276e+00	6.57814e-10
7.83233e+00	6.40698e-10
7.84190e+00	6.23918e-10
7.85147e+00	6.07470e-10
7.86104e+00	5.91352e-10
7.87061e+00	5.75560e-10
7.88018e+00	5.60091e-10
7.88975e+00	5.44941e-10
7.89932e+00	5.30106e-10
7.90888e+00	5.15582e-10
7.91845e+00	5.01367e-10
7.92802e+00	4.87456e-10
7.93759e+00	4.73845e-10
7.94716e+00	4.60531e-10
7.95673e+00	4.47509e-10
7.96630e+00	4.34775e-10
7.97587e+00	4.22326e-10
7.98544e+00	4.10157e-10
7.99501e+00	3.98264e-10
8.00458e+00	3.86643e-10
8.01415e+00	3.75290e-10
8.02371e+00	3.64202e-10
8.03328e+00	3.53374e-10
8.04285e+00	3.42803e-10
8.05242e+00	3.32484e-10
8.06199e+00	3.22414e-10
8.07156e+00	3.12589e-10
8.08113e+00	3.03005e-10
8.09070e+00	2.93657e-10
8.10027e+00	2.84543e-10
8.10984e+00	2.75657e-10
8.11941e+00	2.66996e-10
8.12897e+00	2.58556e-10
8.13854e+00	2.50333e-10
8.14811e+00	2.42322e-10
8.15768e+00	2.34521e-10
8.16725e+00	2.26924e-10
8.17682e+00	2.19528e-10
8.18639e+00	2.12329e-10
8.19596e+00	2.05323e-10
8.20553e+00	1.98506e-10
8.21510e+00	1.91874e-10
8.22467e+00	1.85424e-10
8.23424e+00	1.79151e-10
8.24380e+00	1.73052e-10
8.25337e+00	1.67125e-10
8.26294e+00	1.61365e-10
8.27251e+00	1.55769e-10
8.28208e+00	1.50334e-10
8.29165e+00	1.45056e-10
8.30122e+00	1.39932e-10
8.31079e+00	1.34959e-10
8.32036e+00	1.30134e-10
8.32993e+00	1.25452e-10
8.33950e+00	1.20913e-10
8.34906e+00	1.16511e-10
8.35863e+00	1.12245e-10
8.36820e+00	1.08110e-10
8.37777e+00	1.04105e-10
8.38734e+00	1.00226e-10
8.39691e+00	9.64694e-11
8.40648e+00	9.28331e-11
8.41605e+00	8.93138e-11
8.42562e+00	8.59088e-11
8.43519e+00	8.26150e-11
8.44476e+00	7.94297e-11
8.45433e+00	7.63499e-11
8.46389e+00	7.33729e-11
8.47346e+00	7.04964e-11
8.48303e+00	6.77182e-11
8.49260e+00	6.50359e-11
8.50217e+00	6.24471e-11
8.51174e+00	5.99492e-11
8.52131e+00	5.75397e-11
8.53088e+00	5.52161e-11
8.54045e+00	5.29761e-11
8.55002e+00	5.08171e-11
8.55959e+00	4.87367e-11
8.56915e+00	4.67324e-11
8.57872e+00	4.48020e-11
8.58829e+00	4.29431e-11
8.59786e+00	4.11535e-11
8.60743e+00	3.94309e-11
8.61700e+00	3.77732e-11
8.62657e+00	3.61783e-11
8.63614e+00	3.46442e-11
8.64571e+00	3.31688e-11
8.65528e+00	3.17503e-11
8.66485e+00	3.03867e-11
8.67442e+00	2.90762e-11
8.68398e+00	2.78170e-11
8.69355e+00	2.66073e-11
8.70312e+00	2.54455e-11
8.71269e+00	2.43298e-11
8.72226e+00	2.32587e-11
8.73183e+00	2.22307e-11
8.74140e+00	2.12440e-11
8.75097e+00	2.02974e-11
8.76054e+00	1.93894e-11
8.77011e+00	1.85185e-11
8.77968e+00	1.76835e-11
8.78924e+00	1.68830e-11
8.79881e+00	1.61158e-11
8.80838e+00	1.53807e-11
8.81795e+00	1.46764e-11
8.82752e+00	1.40017e-11
8.83709e+00	1.33557e-11
8.84666e+00	1.27372e-11
8.85623e+00	1.21450e-11
8.86580e+00	1.15784e-11
8.87537e+00	1.10362e-11
8.88494e+00	1.05174e-11
8.89451e+00	1.00213e-11
8.90407e+00	9.54690e-12
8.91364e+00	9.09332e-12
8.92321e+00	8.65976e-12
8.93278e+00	8.24544e-12
8.94235e+00	7.84950e-12
8.95192e+00	7.47133e-12
8.96149e+00	7.11017e-12
8.97106e+00	6.76533e-12
8.98063e+00	6.43612e-12
8.99020e+00	6.12191e-12
8.99977e+00	5.82207e-12
9.00933e+00	5.53598e-12
9.01890e+00	5.26304e-12
9.02847e+00	5.00270e-12
9.03804e+00	4.75439e-12
9.04761e+00	4.51759e-12
9.05718e+00	4.29177e-12
9.06675e+00	4.07645e-12
9.07632e+00	3.87115e-12
9.08589e+00	3.67542e-12
9.09546e+00	3.48884e-12
9.10503e+00	3.31097e-12
9.11460e+00	3.14144e-12
9.12416e+00	2.97985e-12
9.13373e+00	2.82585e-12
9.14330e+00	2.67908e-12
9.15287e+00	2.53922e-12
9.16244e+00	2.40593e-12
9.17201e+00	2.27892e-12
9.18158e+00	2.15790e-12
9.19115e+00	2.04258e-12
9.20072e+00	1.93270e-12
9.21029e+00	1.82799e-12
9.21986e+00	1.72822e-12
9.22942e+00	1.63316e-12
9.23899e+00	1.54256e-12
9.24856e+00	1.45623e-12
9.25813e+00	1.37396e-12
9.26770e+00	1.29555e-12
9.27727e+00	1.22081e-12
9.28684e+00	1.14956e-12
9.29641e+00	1.08164e-12
9.30598e+00	1.01688e-12
9.31555e+00	9.55115e-13
9.32512e+00	8.96203e-13
9.33469e+00	8.39997e-13
9.34425e+00	7.86359e-13
9.35382e+00	7.35158e-13
9.36339e+00	6.86269e-13
9.37296e+00	6.39571e-13
9.38253e+00	5.94949e-13
9.39210e+00	5.52294e-13
9.40167e+00	5.11500e-13
9.41124e+00	4.72466e-13
9.42081e+00	4.35098e-13
9.43038e+00	3.99303e-13
9.43995e+00	3.64993e-13
9.44951e+00	3.32084e-13
9.45908e+00	3.00497e-13
9.46865e+00	2.70153e-13
9.47822e+00	2.40979e-13
9.48779e+00	2.12905e-13
9.49736e+00	1.85863e-13
9.50693e+00	1.59790e-13
9.51650e+00	1.34622e-13
9.52607e+00	1.10304e-13
9.53564e+00	8.67822e-14
9.54521e+00	6.40188e-14
9.55477e+00	4.20094e-14
9.56434e+00	2.07624e-14
