# The ell = 0 distribution, the isotropy.
# E_N [Td]	8.00000e+00
# col_1: Electron Energy [eV], col_2: f0 [eV^(-3/2)]
eV	f0
8.82076e-03	4.82584e-01
2.64623e-02	4.82885e-01
4.41038e-02	4.83186e-01
6.17453e-02	4.83489e-01
7.93868e-02	4.83793e-01
9.70283e-02	4.84097e-01
1.14670e-01	4.84403e-01
1.32311e-01	4.84710e-01
1.49953e-01	4.85017e-01
1.67594e-01	4.85324e-01
1.85236e-01	4.85632e-01
2.02877e-01	4.85941e-01
2.20519e-01	4.86250e-01
2.38160e-01	4.86559e-01
2.55802e-01	4.86869e-01
2.73443e-01	4.87179e-01
2.91085e-01	4.87491e-01
3.08727e-01	4.87802e-01
3.26368e-01	4.88115e-01
3.44010e-01	4.88428e-01
3.61651e-01	4.88742e-01
3.79293e-01	4.89058e-01
3.96934e-01	4.89374e-01
4.14576e-01	4.89692e-01
4.32217e-01	4.90010e-01
4.49859e-01	4.90328e-01
4.67500e-01	4.90646e-01
4.85142e-01	4.90965e-01
5.02783e-01	4.91282e-01
5.20425e-01	4.91599e-01
5.38066e-01	4.91914e-01
5.55708e-01	4.92227e-01
5.73349e-01	4.92535e-01
5.90991e-01	4.92839e-01
6.08632e-01	4.93135e-01
6.26274e-01	4.93424e-01
6.43915e-01	4.93703e-01
6.61557e-01	4.93970e-01
6.79198e-01	4.94220e-01
6.96840e-01	4.94452e-01
7.14481e-01	4.94660e-01
7.32123e-01	4.94839e-01
7.49764e-01	4.94986e-01
7.67406e-01	4.95096e-01
7.85047e-01	4.95167e-01
8.02689e-01	4.95195e-01
8.20330e-01	4.95178e-01
8.37972e-01	4.95115e-01
8.55613e-01	4.95005e-01
8.73255e-01	4.94847e-01
8.90897e-01	4.94637e-01
9.08538e-01	4.94370e-01
9.26180e-01	4.94042e-01
9.43821e-01	4.93648e-01
9.61463e-01	4.93180e-01
9.79104e-01	4.92629e-01
9.96746e-01	4.91986e-01
1.01439e+00	4.91247e-01
1.03203e+00	4.90402e-01
1.04967e+00	4.89445e-01
1.06731e+00	4.88369e-01
1.08495e+00	4.87163e-01
1.10259e+00	4.85825e-01
1.12024e+00	4.84354e-01
1.13788e+00	4.82751e-01
1.15552e+00	4.81014e-01
1.17316e+00	4.79143e-01
1.19080e+00	4.77138e-01
1.20844e+00	4.75000e-01
1.22609e+00	4.72728e-01
1.24373e+00	4.70313e-01
1.26137e+00	4.67752e-01
1.27901e+00	4.65040e-01
1.29665e+00	4.62177e-01
1.31429e+00	4.59150e-01
1.33193e+00	4.55945e-01
1.34958e+00	4.52545e-01
1.36722e+00	4.48939e-01
1.38486e+00	4.45120e-01
1.40250e+00	4.41107e-01
1.42014e+00	4.36908e-01
1.43778e+00	4.32534e-01
1.45543e+00	4.27994e-01
1.47307e+00	4.23301e-01
1.49071e+00	4.18464e-01
1.50835e+00	4.13486e-01
1.52599e+00	4.08368e-01
1.54363e+00	4.03114e-01
1.56127e+00	3.97713e-01
1.57892e+00	3.92132e-01
1.59656e+00	3.86340e-01
1.61420e+00	3.80307e-01
1.63184e+00	3.74006e-01
1.64948e+00	3.67400e-01
1.66712e+00	3.60466e-01
1.68476e+00	3.53197e-01
1.70241e+00	3.45593e-01
1.72005e+00	3.37652e-01
1.73769e+00	3.29362e-01
1.75533e+00	3.20732e-01
1.77297e+00	3.11798e-01
1.79061e+00	3.02611e-01
1.80826e+00	2.93211e-01
1.82590e+00	2.83645e-01
1.84354e+00	2.73962e-01
1.86118e+00	2.64162e-01
1.87882e+00	2.54269e-01
1.89646e+00	2.44328e-01
1.91410e+00	2.34409e-01
1.93175e+00	2.24614e-01
1.94939e+00	2.15061e-01
1.96703e+00	2.05815e-01
1.98467e+00	1.96908e-01
2.00231e+00	1.88358e-01
2.01995e+00	1.80189e-01
2.03760e+00	1.72423e-01
2.05524e+00	1.65025e-01
2.07288e+00	1.57954e-01
2.09052e+00	1.51176e-01
2.10816e+00	1.44658e-01
2.12580e+00	1.38348e-01
2.14344e+00	1.32254e-01
2.16109e+00	1.26396e-01
2.17873e+00	1.20784e-01
2.19637e+00	1.15415e-01
2.21401e+00	1.10287e-01
2.23165e+00	1.05395e-01
2.24929e+00	1.00745e-01
2.26693e+00	9.63615e-02
2.28458e+00	9.22280e-02
2.30222e+00	8.83287e-02
2.31986e+00	8.46438e-02
2.33750e+00	8.11657e-02
2.35514e+00	7.78855e-02
2.37278e+00	7.47491e-02
2.39043e+00	7.17426e-02
2.40807e+00	6.88676e-02
2.42571e+00	6.61098e-02
2.44335e+00	6.34479e-02
2.46099e+00	6.08872e-02
2.47863e+00	5.84422e-02
2.49627e+00	5.61566e-02
2.51392e+00	5.40256e-02
2.53156e+00	5.20362e-02
2.54920e+00	5.01834e-02
2.56684e+00	4.84527e-02
2.58448e+00	4.68335e-02
2.60212e+00	4.53097e-02
2.61977e+00	4.38482e-02
2.63741e+00	4.24480e-02
2.65505e+00	4.11100e-02
2.67269e+00	3.98329e-02
2.69033e+00	3.86138e-02
2.70797e+00	3.74518e-02
2.72561e+00	3.63470e-02
2.74326e+00	3.53048e-02
2.76090e+00	3.43148e-02
2.77854e+00	3.33679e-02
2.79618e+00	3.24632e-02
2.81382e+00	3.15993e-02
2.83146e+00	3.07737e-02
2.84910e+00	2.99882e-02
2.86675e+00	2.92411e-02
2.88439e+00	2.85338e-02
2.90203e+00	2.78696e-02
2.91967e+00	2.72444e-02
2.93731e+00	2.66542e-02
2.95495e+00	2.60949e-02
2.97260e+00	2.55626e-02
2.99024e+00	2.50532e-02
3.00788e+00	2.45624e-02
3.02552e+00	2.40881e-02
3.04316e+00	2.36304e-02
3.06080e+00	2.31897e-02
3.07844e+00	2.27665e-02
3.09609e+00	2.23607e-02
3.11373e+00	2.19724e-02
3.13137e+00	2.16004e-02
3.14901e+00	2.12441e-02
3.16665e+00	2.09016e-02
3.18429e+00	2.05722e-02
3.20194e+00	2.02555e-02
3.21958e+00	1.99514e-02
3.23722e+00	1.96595e-02
3.25486e+00	1.93795e-02
3.27250e+00	1.91114e-02
3.29014e+00	1.88547e-02
3.30778e+00	1.86085e-02
3.32543e+00	1.83722e-02
3.34307e+00	1.81446e-02
3.36071e+00	1.79251e-02
3.37835e+00	1.77130e-02
3.39599e+00	1.75076e-02
3.41363e+00	1.73084e-02
3.43127e+00	1.71150e-02
3.44892e+00	1.69270e-02
3.46656e+00	1.67442e-02
3.48420e+00	1.65666e-02
3.50184e+00	1.63939e-02
3.51948e+00	1.62258e-02
3.53712e+00	1.60620e-02
3.55477e+00	1.59024e-02
3.57241e+00	1.57469e-02
3.59005e+00	1.55955e-02
3.60769e+00	1.54480e-02
3.62533e+00	1.53045e-02
3.64297e+00	1.51648e-02
3.66061e+00	1.50287e-02
3.67826e+00	1.48962e-02
3.69590e+00	1.47672e-02
3.71354e+00	1.46414e-02
3.73118e+00	1.45188e-02
3.74882e+00	1.43992e-02
3.76646e+00	1.42824e-02
3.78411e+00	1.41681e-02
3.80175e+00	1.40562e-02
3.81939e+00	1.39464e-02
3.83703e+00	1.38385e-02
3.85467e+00	1.37323e-02
3.87231e+00	1.36275e-02
3.88995e+00	1.35241e-02
3.90760e+00	1.34221e-02
3.92524e+00	1.33213e-02
3.94288e+00	1.32217e-02
3.96052e+00	1.31234e-02
3.97816e+00	1.30261e-02
3.99580e+00	1.29299e-02
4.01344e+00	1.28346e-02
4.03109e+00	1.27402e-02
4.04873e+00	1.26466e-02
4.06637e+00	1.25539e-02
4.08401e+00	1.24620e-02
4.10165e+00	1.23711e-02
4.11929e+00	1.22810e-02
4.13694e+00	1.21919e-02
4.15458e+00	1.21036e-02
4.17222e+00	1.20163e-02
4.18986e+00	1.19298e-02
4.20750e+00	1.18443e-02
4.22514e+00	1.17597e-02
4.24278e+00	1.16760e-02
4.26043e+00	1.15933e-02
4.27807e+00	1.15114e-02
4.29571e+00	1.14305e-02
4.31335e+00	1.13506e-02
4.33099e+00	1.12716e-02
4.34863e+00	1.11936e-02
4.36628e+00	1.11167e-02
4.38392e+00	1.10407e-02
4.40156e+00	1.09657e-02
4.41920e+00	1.08918e-02
4.43684e+00	1.08189e-02
4.45448e+00	1.07470e-02
4.47212e+00	1.06762e-02
4.48977e+00	1.06064e-02
4.50741e+00	1.05376e-02
4.52505e+00	1.04698e-02
4.54269e+00	1.04031e-02
4.56033e+00	1.03374e-02
4.57797e+00	1.02727e-02
4.59561e+00	1.02090e-02
4.61326e+00	1.01462e-02
4.63090e+00	1.00844e-02
4.64854e+00	1.00235e-02
4.66618e+00	9.96347e-03
4.68382e+00	9.90428e-03
4.70146e+00	9.84589e-03
4.71911e+00	9.78826e-03
4.73675e+00	9.73136e-03
4.75439e+00	9.67515e-03
4.77203e+00	9.61960e-03
4.78967e+00	9.56467e-03
4.80731e+00	9.51034e-03
4.82495e+00	9.45657e-03
4.84260e+00	9.40333e-03
4.86024e+00	9.35058e-03
4.87788e+00	9.29826e-03
4.89552e+00	9.24632e-03
4.91316e+00	9.19471e-03
4.93080e+00	9.14339e-03
4.94845e+00	9.09232e-03
4.96609e+00	9.04148e-03
4.98373e+00	8.99085e-03
5.00137e+00	8.94041e-03
5.01901e+00	8.89015e-03
5.03665e+00	8.84004e-03
5.05429e+00	8.79005e-03
5.07194e+00	8.74018e-03
5.08958e+00	8.69041e-03
5.10722e+00	8.64072e-03
5.12486e+00	8.59110e-03
5.14250e+00	8.54155e-03
5.16014e+00	8.49208e-03
5.17778e+00	8.44269e-03
5.19543e+00	8.39339e-03
5.21307e+00	8.34417e-03
5.23071e+00	8.29504e-03
5.24835e+00	8.24601e-03
5.26599e+00	8.19706e-03
5.28363e+00	8.14821e-03
5.30128e+00	8.09946e-03
5.31892e+00	8.05079e-03
5.33656e+00	8.00223e-03
5.35420e+00	7.95375e-03
5.37184e+00	7.90538e-03
5.38948e+00	7.85710e-03
5.40712e+00	7.80891e-03
5.42477e+00	7.76082e-03
5.44241e+00	7.71283e-03
5.46005e+00	7.66494e-03
5.47769e+00	7.61714e-03
5.49533e+00	7.56944e-03
5.51297e+00	7.52184e-03
5.53062e+00	7.47434e-03
5.54826e+00	7.42694e-03
5.56590e+00	7.37963e-03
5.58354e+00	7.33243e-03
5.60118e+00	7.28532e-03
5.61882e+00	7.23832e-03
5.63646e+00	7.19141e-03
5.65411e+00	7.14460e-03
5.67175e+00	7.09789e-03
5.68939e+00	7.05128e-03
5.70703e+00	7.00478e-03
5.72467e+00	6.95837e-03
5.74231e+00	6.91206e-03
5.75995e+00	6.86586e-03
5.77760e+00	6.81975e-03
5.79524e+00	6.77375e-03
5.81288e+00	6.72784e-03
5.83052e+00	6.68204e-03
5.84816e+00	6.63633e-03
5.86580e+00	6.59073e-03
5.88345e+00	6.54522e-03
5.90109e+00	6.49982e-03
5.91873e+00	6.45452e-03
5.93637e+00	6.40932e-03
5.95401e+00	6.36422e-03
5.97165e+00	6.31922e-03
5.98929e+00	6.27433e-03
6.00694e+00	6.22954e-03
6.02458e+00	6.18485e-03
6.04222e+00	6.14025e-03
6.05986e+00	6.09577e-03
6.07750e+00	6.05140e-03
6.09514e+00	6.00713e-03
6.11279e+00	5.96297e-03
6.13043e+00	5.91892e-03
6.14807e+00	5.87497e-03
6.16571e+00	5.83113e-03
6.18335e+00	5.78740e-03
6.20099e+00	5.74377e-03
6.21863e+00	5.70025e-03
6.23628e+00	5.65683e-03
6.25392e+00	5.61352e-03
6.27156e+00	5.57031e-03
6.28920e+00	5.52721e-03
6.30684e+00	5.48421e-03
6.32448e+00	5.44132e-03
6.34212e+00	5.39853e-03
6.35977e+00	5.35584e-03
6.37741e+00	5.31326e-03
6.39505e+00	5.27078e-03
6.41269e+00	5.22840e-03
6.43033e+00	5.18613e-03
6.44797e+00	5.14395e-03
6.46562e+00	5.10189e-03
6.48326e+00	5.05992e-03
6.50090e+00	5.01805e-03
6.51854e+00	4.97629e-03
6.53618e+00	4.93462e-03
6.55382e+00	4.89306e-03
6.57146e+00	4.85160e-03
6.58911e+00	4.81023e-03
6.60675e+00	4.76896e-03
6.62439e+00	4.72780e-03
6.64203e+00	4.68673e-03
6.65967e+00	4.64576e-03
6.67731e+00	4.60489e-03
6.69496e+00	4.56411e-03
6.71260e+00	4.52343e-03
6.73024e+00	4.48285e-03
6.74788e+00	4.44237e-03
6.76552e+00	4.40198e-03
6.78316e+00	4.36168e-03
6.80080e+00	4.32149e-03
6.81845e+00	4.28139e-03
6.83609e+00	4.24139e-03
6.85373e+00	4.20149e-03
6.87137e+00	4.16169e-03
6.88901e+00	4.12199e-03
6.90665e+00	4.08239e-03
6.92429e+00	4.04289e-03
6.94194e+00	4.00349e-03
6.95958e+00	3.96420e-03
6.97722e+00	3.92502e-03
6.99486e+00	3.88596e-03
7.01250e+00	3.84701e-03
7.03014e+00	3.80817e-03
7.04779e+00	3.76945e-03
7.06543e+00	3.73084e-03
7.08307e+00	3.69234e-03
7.10071e+00	3.65396e-03
7.11835e+00	3.61570e-03
7.13599e+00	3.57756e-03
7.15363e+00	3.53954e-03
7.17128e+00	3.50164e-03
7.18892e+00	3.46387e-03
7.20656e+00	3.42621e-03
7.22420e+00	3.38867e-03
7.24184e+00	3.35124e-03
7.25948e+00	3.31394e-03
7.27713e+00	3.27676e-03
7.29477e+00	3.23969e-03
7.31241e+00	3.20273e-03
7.33005e+00	3.16589e-03
7.34769e+00	3.12916e-03
7.36533e+00	3.09254e-03
7.38297e+00	3.05604e-03
7.40062e+00	3.01964e-03
7.41826e+00	2.98337e-03
7.43590e+00	2.94721e-03
7.45354e+00	2.91117e-03
7.47118e+00	2.87525e-03
7.48882e+00	2.83945e-03
7.50646e+00	2.80378e-03
7.52411e+00	2.76823e-03
7.54175e+00	2.73281e-03
7.55939e+00	2.69752e-03
7.57703e+00	2.66235e-03
7.59467e+00	2.62732e-03
7.61231e+00	2.59242e-03
7.62996e+00	2.55766e-03
7.64760e+00	2.52303e-03
7.66524e+00	2.48854e-03
7.68288e+00	2.45419e-03
7.70052e+00	2.41998e-03
7.71816e+00	2.38590e-03
7.73580e+00	2.35198e-03
7.75345e+00	2.31819e-03
7.77109e+00	2.28454e-03
7.78873e+00	2.25105e-03
7.80637e+00	2.21771e-03
7.82401e+00	2.18452e-03
7.84165e+00	2.15150e-03
7.85930e+00	2.11865e-03
7.87694e+00	2.08598e-03
7.89458e+00	2.05349e-03
7.91222e+00	2.02118e-03
7.92986e+00	1.98907e-03
7.94750e+00	1.95716e-03
7.96514e+00	1.92545e-03
7.98279e+00	1.89394e-03
8.00043e+00	1.86265e-03
8.01807e+00	1.83157e-03
8.03571e+00	1.80071e-03
8.05335e+00	1.77008e-03
8.07099e+00	1.73968e-03
8.08863e+00	1.70952e-03
8.10628e+00	1.67960e-03
8.12392e+00	1.64992e-03
8.14156e+00	1.62049e-03
8.15920e+00	1.59131e-03
8.17684e+00	1.56239e-03
8.19448e+00	1.53372e-03
8.21213e+00	1.50532e-03
8.22977e+00	1.47718e-03
8.24741e+00	1.44931e-03
8.26505e+00	1.42172e-03
8.28269e+00	1.39440e-03
8.30033e+00	1.36736e-03
8.31797e+00	1.34061e-03
8.33562e+00	1.31415e-03
8.35326e+00	1.28798e-03
8.37090e+00	1.26212e-03
8.38854e+00	1.23656e-03
8.40618e+00	1.21131e-03
8.42382e+00	1.18637e-03
8.44147e+00	1.16174e-03
8.45911e+00	1.13743e-03
8.47675e+00	1.11344e-03
8.49439e+00	1.08977e-03
8.51203e+00	1.06645e-03
8.52967e+00	1.04345e-03
8.54731e+00	1.02080e-03
8.56496e+00	9.98488e-04
8.58260e+00	9.76516e-04
8.60024e+00	9.54885e-04
8.61788e+00	9.33593e-04
8.63552e+00	9.12642e-04
8.65316e+00	8.92030e-04
8.67080e+00	8.71757e-04
8.68845e+00	8.51823e-04
8.70609e+00	8.32226e-04
8.72373e+00	8.12965e-04
8.74137e+00	7.94040e-04
8.75901e+00	7.75447e-04
8.77665e+00	7.57187e-04
8.79430e+00	7.39258e-04
8.81194e+00	7.21658e-04
8.82958e+00	7.04385e-04
8.84722e+00	6.87437e-04
8.86486e+00	6.70812e-04
8.88250e+00	6.54509e-04
8.90014e+00	6.38524e-04
8.91779e+00	6.22855e-04
8.93543e+00	6.07500e-04
8.95307e+00	5.92457e-04
8.97071e+00	5.77725e-04
8.98835e+00	5.63300e-04
9.00599e+00	5.49180e-04
9.02364e+00	5.35362e-04
9.04128e+00	5.21840e-04
9.05892e+00	5.08610e-04
9.07656e+00	4.95666e-04
9.09420e+00	4.83004e-04
9.11184e+00	4.70619e-04
9.12948e+00	4.58507e-04
9.14713e+00	4.46661e-04
9.16477e+00	4.35079e-04
9.18241e+00	4.23754e-04
9.20005e+00	4.12684e-04
9.21769e+00	4.01862e-04
9.23533e+00	3.91285e-04
9.25297e+00	3.80949e-04
9.27062e+00	3.70848e-04
9.28826e+00	3.60979e-04
9.30590e+00	3.51337e-04
9.32354e+00	3.41918e-04
9.34118e+00	3.32719e-04
9.35882e+00	3.23734e-04
9.37647e+00	3.14961e-04
9.39411e+00	3.06394e-04
9.41175e+00	2.98030e-04
9.42939e+00	2.89865e-04
9.44703e+00	2.81895e-04
9.46467e+00	2.74117e-04
9.48231e+00	2.66525e-04
9.49996e+00	2.59118e-04
9.51760e+00	2.51890e-04
9.53524e+00	2.44838e-04
9.55288e+00	2.37960e-04
9.57052e+00	2.31250e-04
9.58816e+00	2.24706e-04
9.60581e+00	2.18324e-04
9.62345e+00	2.12102e-04
9.64109e+00	2.06035e-04
9.65873e+00	2.00121e-04
9.67637e+00	1.94357e-04
9.69401e+00	1.88739e-04
9.71165e+00	1.83266e-04
9.72930e+00	1.77934e-04
9.74694e+00	1.72740e-04
9.76458e+00	1.67681e-04
9.78222e+00	1.62754e-04
9.79986e+00	1.57957e-04
9.81750e+00	1.53287e-04
9.83514e+00	1.48741e-04
9.85279e+00	1.44317e-04
9.87043e+00	1.40012e-04
9.88807e+00	1.35822e-04
9.90571e+00	1.31747e-04
9.92335e+00	1.27782e-04
9.94099e+00	1.23927e-04
9.95864e+00	1.20178e-04
9.97628e+00	1.16532e-04
9.99392e+00	1.12989e-04
1.00116e+01	1.09545e-04
1.00292e+01	1.06195e-04
1.00468e+01	1.02944e-04
1.00645e+01	9.97866e-05
1.00821e+01	9.67217e-05
1.00998e+01	9.37463e-05
1.01174e+01	9.08580e-05
1.01351e+01	8.80542e-05
1.01527e+01	8.53325e-05
1.01703e+01	8.26906e-05
1.01880e+01	8.01262e-05
1.02056e+01	7.76373e-05
1.02233e+01	7.52216e-05
1.02409e+01	7.28771e-05
1.02585e+01	7.06017e-05
1.02762e+01	6.83936e-05
1.02938e+01	6.62508e-05
1.03115e+01	6.41714e-05
1.03291e+01	6.21537e-05
1.03467e+01	6.01959e-05
1.03644e+01	5.82962e-05
1.03820e+01	5.64531e-05
1.03997e+01	5.46649e-05
1.04173e+01	5.29300e-05
1.04350e+01	5.12468e-05
1.04526e+01	4.96140e-05
1.04702e+01	4.80300e-05
1.04879e+01	4.64934e-05
1.05055e+01	4.50029e-05
1.05232e+01	4.35571e-05
1.05408e+01	4.21547e-05
1.05584e+01	4.07944e-05
1.05761e+01	3.94750e-05
1.05937e+01	3.81955e-05
1.06114e+01	3.69539e-05
1.06290e+01	3.57508e-05
1.06467e+01	3.45850e-05
1.06643e+01	3.34556e-05
1.06819e+01	3.23613e-05
1.06996e+01	3.13011e-05
1.07172e+01	3.02740e-05
1.07349e+01	2.92789e-05
1.07525e+01	2.83149e-05
1.07701e+01	2.73810e-05
1.07878e+01	2.64762e-05
1.08054e+01	2.55997e-05
1.08231e+01	2.47506e-05
1.08407e+01	2.39280e-05
1.08584e+01	2.31312e-05
1.08760e+01	2.23593e-05
1.08936e+01	2.16115e-05
1.09113e+01	2.08871e-05
1.09289e+01	2.01853e-05
1.09466e+01	1.95056e-05
1.09642e+01	1.88470e-05
1.09818e+01	1.82091e-05
1.09995e+01	1.75910e-05
1.10171e+01	1.69923e-05
1.10348e+01	1.64123e-05
1.10524e+01	1.58503e-05
1.10701e+01	1.53059e-05
1.10877e+01	1.47784e-05
1.11053e+01	1.42673e-05
1.11230e+01	1.37721e-05
1.11406e+01	1.32923e-05
1.11583e+01	1.28273e-05
1.11759e+01	1.23767e-05
1.11935e+01	1.19400e-05
1.12112e+01	1.15167e-05
1.12288e+01	1.11064e-05
1.12465e+01	1.07088e-05
1.12641e+01	1.03234e-05
1.12817e+01	9.94979e-06
1.12994e+01	9.58764e-06
1.13170e+01	9.23655e-06
1.13347e+01	8.89618e-06
1.13523e+01	8.56617e-06
1.13700e+01	8.24618e-06
1.13876e+01	7.93589e-06
1.14052e+01	7.63497e-06
1.14229e+01	7.34311e-06
1.14405e+01	7.06000e-06
1.14582e+01	6.78535e-06
1.14758e+01	6.51887e-06
1.14934e+01	6.26026e-06
1.15111e+01	6.00926e-06
1.15287e+01	5.76557e-06
1.15464e+01	5.52889e-06
1.15640e+01	5.29887e-06
1.15817e+01	5.07559e-06
1.15993e+01	4.85909e-06
1.16169e+01	4.64936e-06
1.16346e+01	4.44640e-06
1.16522e+01	4.25063e-06
1.16699e+01	4.06261e-06
1.16875e+01	3.88236e-06
1.17051e+01	3.70941e-06
1.17228e+01	3.54320e-06
1.17404e+01	3.38317e-06
1.17581e+01	3.22899e-06
1.17757e+01	3.08058e-06
1.17934e+01	2.93785e-06
1.18110e+01	2.80058e-06
1.18286e+01	2.66852e-06
1.18463e+01	2.54167e-06
1.18639e+01	2.42138e-06
1.18816e+01	2.30713e-06
1.18992e+01	2.19806e-06
1.19168e+01	2.09393e-06
1.19345e+01	1.99460e-06
1.19521e+01	1.89970e-06
1.19698e+01	1.80899e-06
1.19874e+01	1.72224e-06
1.20051e+01	1.63925e-06
1.20227e+01	1.55987e-06
1.20403e+01	1.48393e-06
1.20580e+01	1.41131e-06
1.20756e+01	1.34185e-06
1.20933e+01	1.27544e-06
1.21109e+01	1.21194e-06
1.21285e+01	1.15123e-06
1.21462e+01	1.09322e-06
1.21638e+01	1.03779e-06
1.21815e+01	9.84845e-07
1.21991e+01	9.34283e-07
1.22167e+01	8.86010e-07
1.22344e+01	8.39944e-07
1.22520e+01	7.96007e-07
1.22697e+01	7.54122e-07
1.22873e+01	7.14217e-07
1.23050e+01	6.76216e-07
1.23226e+01	6.40048e-07
1.23402e+01	6.05633e-07
1.23579e+01	5.72894e-07
1.23755e+01	5.41759e-07
1.23932e+01	5.12157e-07
1.24108e+01	4.84019e-07
1.24284e+01	4.57285e-07
1.24461e+01	4.31895e-07
1.24637e+01	4.07792e-07
1.24814e+01	3.84923e-07
1.24990e+01	3.63232e-07
1.25167e+01	3.42669e-07
1.25343e+01	3.23185e-07
1.25519e+01	3.04734e-07
1.25696e+01	2.87264e-07
1.25872e+01	2.70746e-07
1.26049e+01	2.55136e-07
1.26225e+01	2.40392e-07
1.26401e+01	2.26470e-07
1.26578e+01	2.13330e-07
1.26754e+01	2.00931e-07
1.26931e+01	1.89236e-07
1.27107e+01	1.78209e-07
1.27284e+01	1.67815e-07
1.27460e+01	1.58019e-07
1.27636e+01	1.48788e-07
1.27813e+01	1.40091e-07
1.27989e+01	1.31899e-07
1.28166e+01	1.24185e-07
1.28342e+01	1.16920e-07
1.28518e+01	1.10078e-07
1.28695e+01	1.03628e-07
1.28871e+01	9.75427e-08
1.29048e+01	9.17964e-08
1.29224e+01	8.63695e-08
1.29401e+01	8.12574e-08
1.29577e+01	7.64338e-08
1.29753e+01	7.18676e-08
1.29930e+01	6.75427e-08
1.30106e+01	6.34451e-08
1.30283e+01	5.95833e-08
1.30459e+01	5.59855e-08
1.30635e+01	5.26689e-08
1.30812e+01	4.95970e-08
1.30988e+01	4.67306e-08
1.31165e+01	4.40393e-08
1.31341e+01	4.14986e-08
1.31517e+01	3.90915e-08
1.31694e+01	3.68153e-08
1.31870e+01	3.46694e-08
1.32047e+01	3.26551e-08
1.32223e+01	3.07703e-08
1.32400e+01	2.89983e-08
1.32576e+01	2.73289e-08
1.32752e+01	2.57533e-08
1.32929e+01	2.42653e-08
1.33105e+01	2.28581e-08
1.33282e+01	2.15264e-08
1.33458e+01	2.02652e-08
1.33634e+01	1.90706e-08
1.33811e+01	1.79388e-08
1.33987e+01	1.68670e-08
1.34164e+01	1.58526e-08
1.34340e+01	1.48929e-08
1.34517e+01	1.39859e-08
1.34693e+01	1.31298e-08
1.34869e+01	1.23232e-08
1.35046e+01	1.15630e-08
1.35222e+01	1.08462e-08
1.35399e+01	1.01703e-08
1.35575e+01	9.53346e-09
1.35751e+01	8.93351e-09
1.35928e+01	8.36856e-09
1.36104e+01	7.83678e-09
1.36281e+01	7.33638e-09
1.36457e+01	6.86565e-09
1.36634e+01	6.42297e-09
1.36810e+01	6.00678e-09
1.36986e+01	5.61562e-09
1.37163e+01	5.24809e-09
1.37339e+01	4.90287e-09
1.37516e+01	4.57868e-09
1.37692e+01	4.27433e-09
1.37868e+01	3.98869e-09
1.38045e+01	3.72067e-09
1.38221e+01	3.46925e-09
1.38398e+01	3.23348e-09
1.38574e+01	3.01244e-09
1.38751e+01	2.80526e-09
1.38927e+01	2.61116e-09
1.39103e+01	2.42938e-09
1.39280e+01	2.25924e-09
1.39456e+01	2.10007e-09
1.39633e+01	1.95123e-09
1.39809e+01	1.81213e-09
1.39985e+01	1.68218e-09
1.40162e+01	1.56085e-09
1.40338e+01	1.44764e-09
1.40515e+01	1.34204e-09
1.40691e+01	1.24359e-09
1.40868e+01	1.15185e-09
1.41044e+01	1.06641e-09
1.41220e+01	9.86874e-10
1.41397e+01	9.12863e-10
1.41573e+01	8.44029e-10
1.41750e+01	7.80038e-10
1.41926e+01	7.20575e-10
1.42102e+01	6.65344e-10
1.42279e+01	6.14064e-10
1.42455e+01	5.66476e-10
1.42632e+01	5.22338e-10
1.42808e+01	4.81420e-10
1.42984e+01	4.43509e-10
1.43161e+01	4.08403e-10
1.43337e+01	3.75909e-10
1.43514e+01	3.45850e-10
1.43690e+01	3.18057e-10
1.43867e+01	2.92371e-10
1.44043e+01	2.68645e-10
1.44219e+01	2.46739e-10
1.44396e+01	2.26525e-10
1.44572e+01	2.07880e-10
1.44749e+01	1.90692e-10
1.44925e+01	1.74852e-10
1.45101e+01	1.60264e-10
1.45278e+01	1.46833e-10
1.45454e+01	1.34474e-10
1.45631e+01	1.23107e-10
1.45807e+01	1.12656e-10
1.45984e+01	1.03052e-10
1.46160e+01	9.42295e-11
1.46336e+01	8.61294e-11
1.46513e+01	7.86954e-11
1.46689e+01	7.18757e-11
1.46866e+01	6.56222e-11
1.47042e+01	5.98903e-11
1.47218e+01	5.46388e-11
1.47395e+01	4.98293e-11
1.47571e+01	4.54266e-11
1.47748e+01	4.13978e-11
1.47924e+01	3.77128e-11
1.48101e+01	3.43436e-11
1.48277e+01	3.12644e-11
1.48453e+01	2.84515e-11
1.48630e+01	2.58828e-11
1.48806e+01	2.35382e-11
1.48983e+01	2.13989e-11
1.49159e+01	1.94478e-11
1.49335e+01	1.76691e-11
1.49512e+01	1.60483e-11
1.49688e+01	1.45720e-11
1.49865e+01	1.32279e-11
1.50041e+01	1.20047e-11
1.50218e+01	1.08920e-11
1.50394e+01	9.88000e-12
1.50570e+01	8.95995e-12
1.50747e+01	8.12365e-12
1.50923e+01	7.36366e-12
1.51100e+01	6.67318e-12
1.51276e+01	6.04602e-12
1.51452e+01	5.47650e-12
1.51629e+01	4.95946e-12
1.51805e+01	4.49018e-12
1.51982e+01	4.06435e-12
1.52158e+01	3.67805e-12
1.52334e+01	3.32769e-12
1.52511e+01	3.01001e-12
1.52687e+01	2.72202e-12
1.52864e+01	2.46102e-12
1.53040e+01	2.22454e-12
1.53217e+01	2.01032e-12
1.53393e+01	1.81631e-12
1.53569e+01	1.64066e-12
1.53746e+01	1.48165e-12
1.53922e+01	1.33775e-12
1.54099e+01	1.20755e-12
1.54275e+01	1.08978e-12
1.54451e+01	9.83273e-13
1.54628e+01	8.86974e-13
1.54804e+01	7.99924e-13
1.54981e+01	7.21253e-13
1.55157e+01	6.50171e-13
1.55334e+01	5.85959e-13
1.55510e+01	5.27967e-13
1.55686e+01	4.75602e-13
1.55863e+01	4.28329e-13
1.56039e+01	3.85661e-13
1.56216e+01	3.47158e-13
1.56392e+01	3.12421e-13
1.56568e+01	2.81086e-13
1.56745e+01	2.52826e-13
1.56921e+01	2.27343e-13
1.57098e+01	2.04369e-13
1.57274e+01	1.83658e-13
1.57451e+01	1.64990e-13
1.57627e+01	1.48163e-13
1.57803e+01	1.32995e-13
1.57980e+01	1.19331e-13
1.58156e+01	1.07026e-13
1.58333e+01	9.59528e-14
1.58509e+01	8.59913e-14
1.58685e+01	7.70344e-14
1.58862e+01	6.89843e-14
1.59038e+01	6.17524e-14
1.59215e+01	5.52584e-14
1.59391e+01	4.94296e-14
1.59568e+01	4.42002e-14
1.59744e+01	3.95106e-14
1.59920e+01	3.53072e-14
1.60097e+01	3.15410e-14
1.60273e+01	2.81680e-14
1.60450e+01	2.51482e-14
1.60626e+01	2.24453e-14
1.60802e+01	2.00270e-14
1.60979e+01	1.78639e-14
1.61155e+01	1.59297e-14
1.61332e+01	1.42006e-14
1.61508e+01	1.26555e-14
1.61684e+01	1.12752e-14
1.61861e+01	1.00425e-14
1.62037e+01	8.94201e-15
1.62214e+01	7.95976e-15
1.62390e+01	7.08335e-15
1.62567e+01	6.30161e-15
1.62743e+01	5.60455e-15
1.62919e+01	4.98316e-15
1.63096e+01	4.42941e-15
1.63272e+01	3.93606e-15
1.63449e+01	3.49668e-15
1.63625e+01	3.10547e-15
1.63801e+01	2.75725e-15
1.63978e+01	2.44740e-15
1.64154e+01	2.17175e-15
1.64331e+01	1.92661e-15
1.64507e+01	1.70866e-15
1.64684e+01	1.51495e-15
1.64860e+01	1.34282e-15
1.65036e+01	1.18990e-15
1.65213e+01	1.05410e-15
1.65389e+01	9.33534e-16
1.65566e+01	8.26522e-16
1.65742e+01	7.31573e-16
1.65918e+01	6.47351e-16
1.66095e+01	5.72665e-16
1.66271e+01	5.06456e-16
1.66448e+01	4.47778e-16
1.66624e+01	3.95789e-16
1.66801e+01	3.49742e-16
1.66977e+01	3.08968e-16
1.67153e+01	2.72875e-16
1.67330e+01	2.40933e-16
1.67506e+01	2.12673e-16
1.67683e+01	1.87678e-16
1.67859e+01	1.65576e-16
1.68035e+01	1.46039e-16
1.68212e+01	1.28773e-16
1.68388e+01	1.13520e-16
1.68565e+01	1.00047e-16
1.68741e+01	8.81503e-17
1.68918e+01	7.76487e-17
1.69094e+01	6.83808e-17
1.69270e+01	6.02038e-17
1.69447e+01	5.29915e-17
1.69623e+01	4.66316e-17
1.69800e+01	4.10250e-17
1.69976e+01	3.60839e-17
1.70152e+01	3.17303e-17
1.70329e+01	2.78955e-17
1.70505e+01	2.45183e-17
1.70682e+01	2.15449e-17
1.70858e+01	1.89276e-17
1.71034e+01	1.66243e-17
1.71211e+01	1.45977e-17
1.71387e+01	1.28150e-17
1.71564e+01	1.12470e-17
1.71740e+01	9.86821e-18
1.71917e+01	8.65602e-18
1.72093e+01	7.59047e-18
1.72269e+01	6.65395e-18
1.72446e+01	5.83093e-18
1.72622e+01	5.10773e-18
1.72799e+01	4.47226e-18
1.72975e+01	3.91387e-18
1.73151e+01	3.42317e-18
1.73328e+01	2.99188e-18
1.73504e+01	2.61271e-18
1.73681e+01	2.27922e-18
1.73857e+01	1.98573e-18
1.74034e+01	1.72722e-18
1.74210e+01	1.49926e-18
1.74386e+01	1.29791e-18
1.74563e+01	1.11972e-18
1.74739e+01	9.61607e-19
1.74916e+01	8.20827e-19
1.75092e+01	6.94950e-19
1.75268e+01	5.81800e-19
1.75445e+01	4.79435e-19
1.75621e+01	3.86122e-19
1.75798e+01	3.00323e-19
1.75974e+01	2.20702e-19
1.76151e+01	1.46157e-19
1.76327e+01	7.58192e-20
