# The real time spent on calculation.
# col_1: E_N [Td], col_2: time [s]
E_N	time
1.50000e+00	1.40618e+00
2.00000e+00	1.53291e+00
2.50000e+00	1.48219e+00
3.00000e+00	1.53501e+00
4.00000e+00	1.55542e+00
5.00000e+00	1.90646e+00
6.00000e+00	4.75302e+00
7.00000e+00	5.22163e+00
8.00000e+00	6.15219e+00
9.00000e+00	7.05034e+00
1.00000e+01	7.76898e+00
1.20000e+01	7.30290e+00
1.50000e+01	7.90949e+00
2.00000e+01	8.38601e+00
3.00000e+01	8.23020e+00
5.00000e+01	9.98897e+00
7.50000e+01	1.18966e+01
1.00000e+02	1.32237e+01
1.50000e+02	1.49968e+01
2.00000e+02	1.83908e+01
