# (HD+GE only) The flux drift velocity.
# col_1: E_N [Td], col_2: W_FLUX [m s^-1]
E_N	W_FLUX
1.50000e+00	1.26230e+04
2.00000e+00	1.60692e+04
2.50000e+00	1.94114e+04
3.00000e+00	2.26116e+04
4.00000e+00	2.86617e+04
5.00000e+00	3.39163e+04
6.00000e+00	3.83191e+04
7.00000e+00	4.14331e+04
8.00000e+00	4.33587e+04
9.00000e+00	4.42300e+04
1.00000e+01	4.41885e+04
1.20000e+01	4.33168e+04
1.50000e+01	4.11341e+04
2.00000e+01	3.93757e+04
3.00000e+01	4.12721e+04
5.00000e+01	5.12482e+04
7.50000e+01	6.64467e+04
1.00000e+02	8.22369e+04
1.50000e+02	1.13668e+05
2.00000e+02	1.44304e+05
