# The ell = 0 distribution, the isotropy.
# E_N [Td]	4.50000e+00
# col_1: Electron Energy [eV], col_2: f0 [eV^(-3/2)]
eV	f0
8.65167e-03	7.89886e-02
2.59550e-02	7.89404e-02
4.32583e-02	7.88819e-02
6.05617e-02	7.88272e-02
7.78650e-02	7.87798e-02
9.51684e-02	7.87389e-02
1.12472e-01	7.87039e-02
1.29775e-01	7.86739e-02
1.47078e-01	7.86476e-02
1.64382e-01	7.86242e-02
1.81685e-01	7.86029e-02
1.98988e-01	7.85834e-02
2.16292e-01	7.85652e-02
2.33595e-01	7.85482e-02
2.50898e-01	7.85322e-02
2.68202e-01	7.85172e-02
2.85505e-01	7.85030e-02
3.02808e-01	7.84896e-02
3.20112e-01	7.84768e-02
3.37415e-01	7.84646e-02
3.54718e-01	7.84530e-02
3.72022e-01	7.84420e-02
3.89325e-01	7.84316e-02
4.06628e-01	7.84216e-02
4.23932e-01	7.84122e-02
4.41235e-01	7.84031e-02
4.58538e-01	7.83944e-02
4.75842e-01	7.83860e-02
4.93145e-01	7.83780e-02
5.10449e-01	7.83701e-02
5.27752e-01	7.83624e-02
5.45055e-01	7.83548e-02
5.62359e-01	7.83474e-02
5.79662e-01	7.83400e-02
5.96965e-01	7.83326e-02
6.14269e-01	7.83252e-02
6.31572e-01	7.83178e-02
6.48875e-01	7.83103e-02
6.66179e-01	7.83027e-02
6.83482e-01	7.82949e-02
7.00785e-01	7.82871e-02
7.18089e-01	7.82791e-02
7.35392e-01	7.82709e-02
7.52695e-01	7.82626e-02
7.69999e-01	7.82541e-02
7.87302e-01	7.82454e-02
8.04605e-01	7.82366e-02
8.21909e-01	7.82276e-02
8.39212e-01	7.82184e-02
8.56515e-01	7.82090e-02
8.73819e-01	7.81994e-02
8.91122e-01	7.81896e-02
9.08425e-01	7.81796e-02
9.25729e-01	7.81695e-02
9.43032e-01	7.81591e-02
9.60335e-01	7.81486e-02
9.77639e-01	7.81379e-02
9.94942e-01	7.81269e-02
1.01225e+00	7.81158e-02
1.02955e+00	7.81046e-02
1.04685e+00	7.80933e-02
1.06416e+00	7.80819e-02
1.08146e+00	7.80704e-02
1.09876e+00	7.80588e-02
1.11607e+00	7.80472e-02
1.13337e+00	7.80354e-02
1.15067e+00	7.80235e-02
1.16798e+00	7.80116e-02
1.18528e+00	7.79995e-02
1.20258e+00	7.79874e-02
1.21989e+00	7.79752e-02
1.23719e+00	7.79628e-02
1.25449e+00	7.79504e-02
1.27180e+00	7.79379e-02
1.28910e+00	7.79253e-02
1.30640e+00	7.79126e-02
1.32371e+00	7.78999e-02
1.34101e+00	7.78870e-02
1.35831e+00	7.78740e-02
1.37562e+00	7.78609e-02
1.39292e+00	7.78478e-02
1.41022e+00	7.78345e-02
1.42753e+00	7.78211e-02
1.44483e+00	7.78076e-02
1.46213e+00	7.77940e-02
1.47944e+00	7.77803e-02
1.49674e+00	7.77665e-02
1.51404e+00	7.77525e-02
1.53135e+00	7.77384e-02
1.54865e+00	7.77242e-02
1.56595e+00	7.77098e-02
1.58326e+00	7.76953e-02
1.60056e+00	7.76806e-02
1.61786e+00	7.76658e-02
1.63517e+00	7.76508e-02
1.65247e+00	7.76357e-02
1.66977e+00	7.76204e-02
1.68708e+00	7.76050e-02
1.70438e+00	7.75894e-02
1.72168e+00	7.75737e-02
1.73899e+00	7.75578e-02
1.75629e+00	7.75418e-02
1.77359e+00	7.75256e-02
1.79090e+00	7.75093e-02
1.80820e+00	7.74928e-02
1.82550e+00	7.74762e-02
1.84281e+00	7.74594e-02
1.86011e+00	7.74425e-02
1.87741e+00	7.74254e-02
1.89472e+00	7.74082e-02
1.91202e+00	7.73908e-02
1.92932e+00	7.73732e-02
1.94663e+00	7.73554e-02
1.96393e+00	7.73375e-02
1.98123e+00	7.73194e-02
1.99854e+00	7.73011e-02
2.01584e+00	7.72826e-02
2.03314e+00	7.72639e-02
2.05045e+00	7.72450e-02
2.06775e+00	7.72258e-02
2.08505e+00	7.72063e-02
2.10236e+00	7.71866e-02
2.11966e+00	7.71667e-02
2.13696e+00	7.71465e-02
2.15427e+00	7.71261e-02
2.17157e+00	7.71054e-02
2.18887e+00	7.70844e-02
2.20618e+00	7.70632e-02
2.22348e+00	7.70417e-02
2.24078e+00	7.70200e-02
2.25809e+00	7.69979e-02
2.27539e+00	7.69756e-02
2.29269e+00	7.69530e-02
2.31000e+00	7.69301e-02
2.32730e+00	7.69069e-02
2.34460e+00	7.68834e-02
2.36191e+00	7.68596e-02
2.37921e+00	7.68355e-02
2.39651e+00	7.68110e-02
2.41382e+00	7.67863e-02
2.43112e+00	7.67613e-02
2.44842e+00	7.67359e-02
2.46573e+00	7.67102e-02
2.48303e+00	7.66841e-02
2.50033e+00	7.66577e-02
2.51764e+00	7.66310e-02
2.53494e+00	7.66039e-02
2.55224e+00	7.65765e-02
2.56955e+00	7.65486e-02
2.58685e+00	7.65204e-02
2.60415e+00	7.64918e-02
2.62146e+00	7.64628e-02
2.63876e+00	7.64334e-02
2.65606e+00	7.64036e-02
2.67337e+00	7.63734e-02
2.69067e+00	7.63428e-02
2.70797e+00	7.63118e-02
2.72528e+00	7.62803e-02
2.74258e+00	7.62485e-02
2.75988e+00	7.62162e-02
2.77719e+00	7.61835e-02
2.79449e+00	7.61503e-02
2.81179e+00	7.61167e-02
2.82910e+00	7.60826e-02
2.84640e+00	7.60481e-02
2.86370e+00	7.60131e-02
2.88101e+00	7.59776e-02
2.89831e+00	7.59417e-02
2.91561e+00	7.59053e-02
2.93292e+00	7.58684e-02
2.95022e+00	7.58310e-02
2.96752e+00	7.57932e-02
2.98483e+00	7.57548e-02
3.00213e+00	7.57159e-02
3.01943e+00	7.56765e-02
3.03674e+00	7.56366e-02
3.05404e+00	7.55962e-02
3.07134e+00	7.55553e-02
3.08865e+00	7.55139e-02
3.10595e+00	7.54719e-02
3.12325e+00	7.54295e-02
3.14056e+00	7.53864e-02
3.15786e+00	7.53429e-02
3.17516e+00	7.52987e-02
3.19247e+00	7.52541e-02
3.20977e+00	7.52088e-02
3.22707e+00	7.51631e-02
3.24438e+00	7.51167e-02
3.26168e+00	7.50697e-02
3.27898e+00	7.50222e-02
3.29629e+00	7.49741e-02
3.31359e+00	7.49254e-02
3.33089e+00	7.48761e-02
3.34820e+00	7.48262e-02
3.36550e+00	7.47757e-02
3.38280e+00	7.47246e-02
3.40011e+00	7.46728e-02
3.41741e+00	7.46204e-02
3.43471e+00	7.45674e-02
3.45202e+00	7.45138e-02
3.46932e+00	7.44595e-02
3.48662e+00	7.44046e-02
3.50393e+00	7.43490e-02
3.52123e+00	7.42928e-02
3.53853e+00	7.42359e-02
3.55584e+00	7.41783e-02
3.57314e+00	7.41200e-02
3.59044e+00	7.40611e-02
3.60775e+00	7.40015e-02
3.62505e+00	7.39412e-02
3.64235e+00	7.38801e-02
3.65966e+00	7.38184e-02
3.67696e+00	7.37560e-02
3.69426e+00	7.36929e-02
3.71157e+00	7.36290e-02
3.72887e+00	7.35644e-02
3.74617e+00	7.34991e-02
3.76348e+00	7.34330e-02
3.78078e+00	7.33662e-02
3.79808e+00	7.32987e-02
3.81539e+00	7.32304e-02
3.83269e+00	7.31614e-02
3.84999e+00	7.30915e-02
3.86730e+00	7.30210e-02
3.88460e+00	7.29496e-02
3.90190e+00	7.28775e-02
3.91921e+00	7.28046e-02
3.93651e+00	7.27309e-02
3.95381e+00	7.26563e-02
3.97112e+00	7.25811e-02
3.98842e+00	7.25052e-02
4.00572e+00	7.24281e-02
4.02303e+00	7.23501e-02
4.04033e+00	7.22711e-02
4.05763e+00	7.21912e-02
4.07494e+00	7.21103e-02
4.09224e+00	7.20283e-02
4.10954e+00	7.19453e-02
4.12685e+00	7.18613e-02
4.14415e+00	7.17762e-02
4.16145e+00	7.16901e-02
4.17876e+00	7.16029e-02
4.19606e+00	7.15146e-02
4.21336e+00	7.14253e-02
4.23067e+00	7.13349e-02
4.24797e+00	7.12434e-02
4.26527e+00	7.11508e-02
4.28258e+00	7.10572e-02
4.29988e+00	7.09624e-02
4.31718e+00	7.08665e-02
4.33449e+00	7.07694e-02
4.35179e+00	7.06713e-02
4.36909e+00	7.05720e-02
4.38640e+00	7.04715e-02
4.40370e+00	7.03700e-02
4.42100e+00	7.02672e-02
4.43831e+00	7.01633e-02
4.45561e+00	7.00583e-02
4.47291e+00	6.99520e-02
4.49022e+00	6.98446e-02
4.50752e+00	6.97360e-02
4.52482e+00	6.96262e-02
4.54213e+00	6.95152e-02
4.55943e+00	6.94030e-02
4.57673e+00	6.92896e-02
4.59404e+00	6.91750e-02
4.61134e+00	6.90591e-02
4.62864e+00	6.89421e-02
4.64595e+00	6.88238e-02
4.66325e+00	6.87042e-02
4.68055e+00	6.85834e-02
4.69786e+00	6.84614e-02
4.71516e+00	6.83381e-02
4.73246e+00	6.82136e-02
4.74977e+00	6.80878e-02
4.76707e+00	6.79607e-02
4.78437e+00	6.78324e-02
4.80168e+00	6.77028e-02
4.81898e+00	6.75719e-02
4.83628e+00	6.74397e-02
4.85359e+00	6.73062e-02
4.87089e+00	6.71714e-02
4.88819e+00	6.70354e-02
4.90550e+00	6.68980e-02
4.92280e+00	6.67594e-02
4.94010e+00	6.66194e-02
4.95741e+00	6.64780e-02
4.97471e+00	6.63354e-02
4.99201e+00	6.61914e-02
5.00932e+00	6.60461e-02
5.02662e+00	6.58995e-02
5.04392e+00	6.57514e-02
5.06123e+00	6.56020e-02
5.07853e+00	6.54512e-02
5.09583e+00	6.52989e-02
5.11314e+00	6.51453e-02
5.13044e+00	6.49903e-02
5.14774e+00	6.48338e-02
5.16505e+00	6.46759e-02
5.18235e+00	6.45167e-02
5.19965e+00	6.43560e-02
5.21696e+00	6.41939e-02
5.23426e+00	6.40303e-02
5.25156e+00	6.38654e-02
5.26887e+00	6.36990e-02
5.28617e+00	6.35312e-02
5.30347e+00	6.33620e-02
5.32078e+00	6.31914e-02
5.33808e+00	6.30194e-02
5.35538e+00	6.28459e-02
5.37269e+00	6.26710e-02
5.38999e+00	6.24947e-02
5.40729e+00	6.23169e-02
5.42460e+00	6.21378e-02
5.44190e+00	6.19572e-02
5.45920e+00	6.17752e-02
5.47651e+00	6.15918e-02
5.49381e+00	6.14069e-02
5.51111e+00	6.12207e-02
5.52842e+00	6.10330e-02
5.54572e+00	6.08439e-02
5.56302e+00	6.06534e-02
5.58033e+00	6.04615e-02
5.59763e+00	6.02682e-02
5.61493e+00	6.00735e-02
5.63224e+00	5.98774e-02
5.64954e+00	5.96799e-02
5.66684e+00	5.94810e-02
5.68415e+00	5.92807e-02
5.70145e+00	5.90791e-02
5.71875e+00	5.88760e-02
5.73606e+00	5.86716e-02
5.75336e+00	5.84658e-02
5.77066e+00	5.82587e-02
5.78797e+00	5.80502e-02
5.80527e+00	5.78403e-02
5.82257e+00	5.76291e-02
5.83988e+00	5.74165e-02
5.85718e+00	5.72026e-02
5.87448e+00	5.69874e-02
5.89179e+00	5.67708e-02
5.90909e+00	5.65529e-02
5.92639e+00	5.63337e-02
5.94370e+00	5.61132e-02
5.96100e+00	5.58915e-02
5.97830e+00	5.56685e-02
5.99561e+00	5.54442e-02
6.01291e+00	5.52187e-02
6.03021e+00	5.49919e-02
6.04752e+00	5.47639e-02
6.06482e+00	5.45348e-02
6.08212e+00	5.43045e-02
6.09943e+00	5.40730e-02
6.11673e+00	5.38404e-02
6.13403e+00	5.36067e-02
6.15134e+00	5.33718e-02
6.16864e+00	5.31359e-02
6.18594e+00	5.28988e-02
6.20325e+00	5.26607e-02
6.22055e+00	5.24215e-02
6.23785e+00	5.21812e-02
6.25516e+00	5.19398e-02
6.27246e+00	5.16974e-02
6.28976e+00	5.14539e-02
6.30707e+00	5.12095e-02
6.32437e+00	5.09640e-02
6.34167e+00	5.07175e-02
6.35898e+00	5.04701e-02
6.37628e+00	5.02217e-02
6.39358e+00	4.99723e-02
6.41089e+00	4.97220e-02
6.42819e+00	4.94707e-02
6.44549e+00	4.92186e-02
6.46280e+00	4.89655e-02
6.48010e+00	4.87115e-02
6.49740e+00	4.84567e-02
6.51471e+00	4.82010e-02
6.53201e+00	4.79445e-02
6.54931e+00	4.76871e-02
6.56662e+00	4.74289e-02
6.58392e+00	4.71699e-02
6.60122e+00	4.69101e-02
6.61853e+00	4.66496e-02
6.63583e+00	4.63883e-02
6.65313e+00	4.61262e-02
6.67044e+00	4.58634e-02
6.68774e+00	4.56000e-02
6.70504e+00	4.53358e-02
6.72235e+00	4.50710e-02
6.73965e+00	4.48055e-02
6.75695e+00	4.45393e-02
6.77426e+00	4.42726e-02
6.79156e+00	4.40052e-02
6.80886e+00	4.37373e-02
6.82617e+00	4.34688e-02
6.84347e+00	4.31997e-02
6.86077e+00	4.29302e-02
6.87808e+00	4.26601e-02
6.89538e+00	4.23895e-02
6.91268e+00	4.21184e-02
6.92999e+00	4.18470e-02
6.94729e+00	4.15748e-02
6.96459e+00	4.13026e-02
6.98190e+00	4.10301e-02
6.99920e+00	4.07574e-02
7.01650e+00	4.04844e-02
7.03381e+00	4.02113e-02
7.05111e+00	3.99379e-02
7.06841e+00	3.96644e-02
7.08572e+00	3.93906e-02
7.10302e+00	3.91168e-02
7.12032e+00	3.88431e-02
7.13763e+00	3.85694e-02
7.15493e+00	3.82956e-02
7.17223e+00	3.80219e-02
7.18954e+00	3.77483e-02
7.20684e+00	3.74747e-02
7.22414e+00	3.72012e-02
7.24145e+00	3.69279e-02
7.25875e+00	3.66546e-02
7.27605e+00	3.63815e-02
7.29336e+00	3.61085e-02
7.31066e+00	3.58358e-02
7.32796e+00	3.55632e-02
7.34527e+00	3.52908e-02
7.36257e+00	3.50187e-02
7.37987e+00	3.47468e-02
7.39718e+00	3.44752e-02
7.41448e+00	3.42038e-02
7.43178e+00	3.39328e-02
7.44909e+00	3.36621e-02
7.46639e+00	3.33917e-02
7.48369e+00	3.31217e-02
7.50100e+00	3.28520e-02
7.51830e+00	3.25827e-02
7.53560e+00	3.23139e-02
7.55291e+00	3.20454e-02
7.57021e+00	3.17775e-02
7.58751e+00	3.15099e-02
7.60482e+00	3.12429e-02
7.62212e+00	3.09763e-02
7.63942e+00	3.07103e-02
7.65673e+00	3.04448e-02
7.67403e+00	3.01798e-02
7.69133e+00	2.99154e-02
7.70864e+00	2.96516e-02
7.72594e+00	2.93884e-02
7.74324e+00	2.91258e-02
7.76055e+00	2.88638e-02
7.77785e+00	2.86025e-02
7.79515e+00	2.83418e-02
7.81246e+00	2.80819e-02
7.82976e+00	2.78226e-02
7.84706e+00	2.75641e-02
7.86437e+00	2.73063e-02
7.88167e+00	2.70492e-02
7.89897e+00	2.67929e-02
7.91628e+00	2.65374e-02
7.93358e+00	2.62827e-02
7.95088e+00	2.60287e-02
7.96819e+00	2.57757e-02
7.98549e+00	2.55234e-02
8.00279e+00	2.52721e-02
8.02010e+00	2.50216e-02
8.03740e+00	2.47720e-02
8.05470e+00	2.45233e-02
8.07201e+00	2.42755e-02
8.08931e+00	2.40287e-02
8.10661e+00	2.37828e-02
8.12392e+00	2.35379e-02
8.14122e+00	2.32940e-02
8.15852e+00	2.30510e-02
8.17583e+00	2.28091e-02
8.19313e+00	2.25682e-02
8.21043e+00	2.23283e-02
8.22774e+00	2.20895e-02
8.24504e+00	2.18518e-02
8.26234e+00	2.16151e-02
8.27965e+00	2.13795e-02
8.29695e+00	2.11450e-02
8.31425e+00	2.09117e-02
8.33156e+00	2.06794e-02
8.34886e+00	2.04484e-02
8.36616e+00	2.02184e-02
8.38347e+00	1.99896e-02
8.40077e+00	1.97620e-02
8.41807e+00	1.95356e-02
8.43538e+00	1.93104e-02
8.45268e+00	1.90864e-02
8.46998e+00	1.88637e-02
8.48729e+00	1.86421e-02
8.50459e+00	1.84218e-02
8.52189e+00	1.82028e-02
8.53920e+00	1.79850e-02
8.55650e+00	1.77685e-02
8.57380e+00	1.75533e-02
8.59111e+00	1.73394e-02
8.60841e+00	1.71268e-02
8.62571e+00	1.69155e-02
8.64302e+00	1.67055e-02
8.66032e+00	1.64969e-02
8.67762e+00	1.62896e-02
8.69493e+00	1.60836e-02
8.71223e+00	1.58791e-02
8.72953e+00	1.56758e-02
8.74684e+00	1.54740e-02
8.76414e+00	1.52735e-02
8.78144e+00	1.50744e-02
8.79875e+00	1.48767e-02
8.81605e+00	1.46804e-02
8.83335e+00	1.44855e-02
8.85066e+00	1.42920e-02
8.86796e+00	1.41000e-02
8.88526e+00	1.39093e-02
8.90257e+00	1.37201e-02
8.91987e+00	1.35324e-02
8.93717e+00	1.33460e-02
8.95448e+00	1.31611e-02
8.97178e+00	1.29777e-02
8.98908e+00	1.27958e-02
9.00639e+00	1.26154e-02
9.02369e+00	1.24365e-02
9.04099e+00	1.22591e-02
9.05830e+00	1.20832e-02
9.07560e+00	1.19087e-02
9.09290e+00	1.17358e-02
9.11021e+00	1.15644e-02
9.12751e+00	1.13945e-02
9.14481e+00	1.12260e-02
9.16212e+00	1.10591e-02
9.17942e+00	1.08937e-02
9.19672e+00	1.07298e-02
9.21403e+00	1.05675e-02
9.23133e+00	1.04066e-02
9.24863e+00	1.02472e-02
9.26594e+00	1.00894e-02
9.28324e+00	9.93300e-03
9.30054e+00	9.77815e-03
9.31785e+00	9.62481e-03
9.33515e+00	9.47299e-03
9.35245e+00	9.32266e-03
9.36976e+00	9.17385e-03
9.38706e+00	9.02654e-03
9.40436e+00	8.88072e-03
9.42167e+00	8.73641e-03
9.43897e+00	8.59359e-03
9.45627e+00	8.45227e-03
9.47358e+00	8.31243e-03
9.49088e+00	8.17408e-03
9.50818e+00	8.03722e-03
9.52549e+00	7.90183e-03
9.54279e+00	7.76793e-03
9.56010e+00	7.63549e-03
9.57740e+00	7.50452e-03
9.59470e+00	7.37501e-03
9.61201e+00	7.24697e-03
9.62931e+00	7.12038e-03
9.64661e+00	6.99522e-03
9.66392e+00	6.87152e-03
9.68122e+00	6.74929e-03
9.69852e+00	6.62850e-03
9.71583e+00	6.50916e-03
9.73313e+00	6.39125e-03
9.75043e+00	6.27477e-03
9.76774e+00	6.15972e-03
9.78504e+00	6.04608e-03
9.80234e+00	5.93385e-03
9.81965e+00	5.82303e-03
9.83695e+00	5.71360e-03
9.85425e+00	5.60556e-03
9.87156e+00	5.49890e-03
9.88886e+00	5.39361e-03
9.90616e+00	5.28968e-03
9.92347e+00	5.18711e-03
9.94077e+00	5.08589e-03
9.95807e+00	4.98601e-03
9.97538e+00	4.88746e-03
9.99268e+00	4.79023e-03
1.00100e+01	4.69443e-03
1.00273e+01	4.59960e-03
1.00446e+01	4.50644e-03
1.00619e+01	4.41467e-03
1.00792e+01	4.32432e-03
1.00965e+01	4.23537e-03
1.01138e+01	4.14779e-03
1.01311e+01	4.06159e-03
1.01484e+01	3.97673e-03
1.01657e+01	3.89321e-03
1.01830e+01	3.81100e-03
1.02003e+01	3.73010e-03
1.02176e+01	3.65048e-03
1.02349e+01	3.57214e-03
1.02522e+01	3.49505e-03
1.02695e+01	3.41920e-03
1.02868e+01	3.34458e-03
1.03041e+01	3.27117e-03
1.03214e+01	3.19895e-03
1.03387e+01	3.12792e-03
1.03560e+01	3.05805e-03
1.03734e+01	2.98933e-03
1.03907e+01	2.92176e-03
1.04080e+01	2.85530e-03
1.04253e+01	2.78995e-03
1.04426e+01	2.72570e-03
1.04599e+01	2.66253e-03
1.04772e+01	2.60042e-03
1.04945e+01	2.53937e-03
1.05118e+01	2.47935e-03
1.05291e+01	2.42036e-03
1.05464e+01	2.36238e-03
1.05637e+01	2.30540e-03
1.05810e+01	2.24941e-03
1.05983e+01	2.19442e-03
1.06156e+01	2.14026e-03
1.06329e+01	2.08722e-03
1.06502e+01	2.03517e-03
1.06675e+01	1.98410e-03
1.06848e+01	1.93400e-03
1.07021e+01	1.88485e-03
1.07194e+01	1.83664e-03
1.07367e+01	1.78935e-03
1.07540e+01	1.74296e-03
1.07713e+01	1.69746e-03
1.07886e+01	1.65283e-03
1.08059e+01	1.60906e-03
1.08232e+01	1.56613e-03
1.08405e+01	1.52403e-03
1.08578e+01	1.48274e-03
1.08751e+01	1.44226e-03
1.08925e+01	1.40256e-03
1.09098e+01	1.36363e-03
1.09271e+01	1.32546e-03
1.09444e+01	1.28804e-03
1.09617e+01	1.25135e-03
1.09790e+01	1.21537e-03
1.09963e+01	1.18011e-03
1.10136e+01	1.14554e-03
1.10309e+01	1.11165e-03
1.10482e+01	1.07843e-03
1.10655e+01	1.04586e-03
1.10828e+01	1.01395e-03
1.11001e+01	9.82666e-04
1.11174e+01	9.52008e-04
1.11347e+01	9.21962e-04
1.11520e+01	8.92517e-04
1.11693e+01	8.63663e-04
1.11866e+01	8.35389e-04
1.12039e+01	8.07684e-04
1.12212e+01	7.80538e-04
1.12385e+01	7.53942e-04
1.12558e+01	7.27884e-04
1.12731e+01	7.02356e-04
1.12904e+01	6.77348e-04
1.13077e+01	6.52849e-04
1.13250e+01	6.28852e-04
1.13423e+01	6.05347e-04
1.13596e+01	5.82324e-04
1.13769e+01	5.59776e-04
1.13942e+01	5.37693e-04
1.14116e+01	5.16067e-04
1.14289e+01	4.94889e-04
1.14462e+01	4.74151e-04
1.14635e+01	4.53845e-04
1.14808e+01	4.33963e-04
1.14981e+01	4.14496e-04
1.15154e+01	3.95438e-04
1.15327e+01	3.76779e-04
1.15500e+01	3.58506e-04
1.15673e+01	3.40607e-04
1.15846e+01	3.23145e-04
1.16019e+01	3.06162e-04
1.16192e+01	2.89689e-04
1.16365e+01	2.73750e-04
1.16538e+01	2.58467e-04
1.16711e+01	2.43942e-04
1.16884e+01	2.30176e-04
1.17057e+01	2.17104e-04
1.17230e+01	2.04659e-04
1.17403e+01	1.92771e-04
1.17576e+01	1.81403e-04
1.17749e+01	1.70559e-04
1.17922e+01	1.60241e-04
1.18095e+01	1.50423e-04
1.18268e+01	1.41079e-04
1.18441e+01	1.32201e-04
1.18614e+01	1.24008e-04
1.18787e+01	1.16428e-04
1.18960e+01	1.09336e-04
1.19133e+01	1.02663e-04
1.19307e+01	9.63721e-05
1.19480e+01	9.04333e-05
1.19653e+01	8.48219e-05
1.19826e+01	7.95183e-05
1.19999e+01	7.45051e-05
1.20172e+01	6.97668e-05
1.20345e+01	6.52894e-05
1.20518e+01	6.10605e-05
1.20691e+01	5.70676e-05
1.20864e+01	5.32989e-05
1.21037e+01	4.97428e-05
1.21210e+01	4.63889e-05
1.21383e+01	4.32279e-05
1.21556e+01	4.02510e-05
1.21729e+01	3.74496e-05
1.21902e+01	3.48150e-05
1.22075e+01	3.23386e-05
1.22248e+01	3.00135e-05
1.22421e+01	2.78328e-05
1.22594e+01	2.57902e-05
1.22767e+01	2.38791e-05
1.22940e+01	2.20934e-05
1.23113e+01	2.04267e-05
1.23286e+01	1.88725e-05
1.23459e+01	1.74243e-05
1.23632e+01	1.60757e-05
1.23805e+01	1.48209e-05
1.23978e+01	1.36540e-05
1.24151e+01	1.25698e-05
1.24324e+01	1.15632e-05
1.24498e+01	1.06297e-05
1.24671e+01	9.76476e-06
1.24844e+01	8.96421e-06
1.25017e+01	8.22398e-06
1.25190e+01	7.54017e-06
1.25363e+01	6.90913e-06
1.25536e+01	6.32738e-06
1.25709e+01	5.79136e-06
1.25882e+01	5.29861e-06
1.26055e+01	4.84594e-06
1.26228e+01	4.43049e-06
1.26401e+01	4.04946e-06
1.26574e+01	3.70022e-06
1.26747e+01	3.38034e-06
1.26920e+01	3.08756e-06
1.27093e+01	2.81977e-06
1.27266e+01	2.57493e-06
1.27439e+01	2.35118e-06
1.27612e+01	2.14675e-06
1.27785e+01	1.96003e-06
1.27958e+01	1.78956e-06
1.28131e+01	1.63400e-06
1.28304e+01	1.49202e-06
1.28477e+01	1.36240e-06
1.28650e+01	1.24396e-06
1.28823e+01	1.13553e-06
1.28996e+01	1.03608e-06
1.29169e+01	9.44804e-07
1.29342e+01	8.61407e-07
1.29515e+01	7.85095e-07
1.29689e+01	7.14910e-07
1.29862e+01	6.50204e-07
1.30035e+01	5.90576e-07
1.30208e+01	5.35676e-07
1.30381e+01	4.86099e-07
1.30554e+01	4.42237e-07
1.30727e+01	4.03602e-07
1.30900e+01	3.69017e-07
1.31073e+01	3.37784e-07
1.31246e+01	3.09320e-07
1.31419e+01	2.83146e-07
1.31592e+01	2.59045e-07
1.31765e+01	2.36929e-07
1.31938e+01	2.16773e-07
1.32111e+01	1.98531e-07
1.32284e+01	1.82027e-07
1.32457e+01	1.66953e-07
1.32630e+01	1.53157e-07
1.32803e+01	1.40504e-07
1.32976e+01	1.28876e-07
1.33149e+01	1.18167e-07
1.33322e+01	1.08291e-07
1.33495e+01	9.91739e-08
1.33668e+01	9.07513e-08
1.33841e+01	8.29703e-08
1.34014e+01	7.57890e-08
1.34187e+01	6.91666e-08
1.34360e+01	6.30655e-08
1.34533e+01	5.74557e-08
1.34706e+01	5.23119e-08
1.34880e+01	4.76076e-08
1.35053e+01	4.33037e-08
1.35226e+01	3.93628e-08
1.35399e+01	3.57564e-08
1.35572e+01	3.24591e-08
1.35745e+01	2.94468e-08
1.35918e+01	2.66970e-08
1.36091e+01	2.41886e-08
1.36264e+01	2.19021e-08
1.36437e+01	1.98191e-08
1.36610e+01	1.79227e-08
1.36783e+01	1.61973e-08
1.36956e+01	1.46284e-08
1.37129e+01	1.32027e-08
1.37302e+01	1.19080e-08
1.37475e+01	1.07328e-08
1.37648e+01	9.66678e-09
1.37821e+01	8.70037e-09
1.37994e+01	7.82473e-09
1.38167e+01	7.03177e-09
1.38340e+01	6.31414e-09
1.38513e+01	5.66507e-09
1.38686e+01	5.07833e-09
1.38859e+01	4.54828e-09
1.39032e+01	4.06991e-09
1.39205e+01	3.63854e-09
1.39378e+01	3.24997e-09
1.39551e+01	2.90030e-09
1.39724e+01	2.58595e-09
1.39897e+01	2.30358e-09
1.40071e+01	2.05019e-09
1.40244e+01	1.82309e-09
1.40417e+01	1.61972e-09
1.40590e+01	1.43777e-09
1.40763e+01	1.27514e-09
1.40936e+01	1.12991e-09
1.41109e+01	1.00035e-09
1.41282e+01	8.84884e-10
1.41455e+01	7.82066e-10
1.41628e+01	6.90599e-10
1.41801e+01	6.09301e-10
1.41974e+01	5.37108e-10
1.42147e+01	4.73055e-10
1.42320e+01	4.16271e-10
1.42493e+01	3.65977e-10
1.42666e+01	3.21476e-10
1.42839e+01	2.82140e-10
1.43012e+01	2.47403e-10
1.43185e+01	2.16757e-10
1.43358e+01	1.89746e-10
1.43531e+01	1.65961e-10
1.43704e+01	1.45037e-10
1.43877e+01	1.26645e-10
1.44050e+01	1.10495e-10
1.44223e+01	9.63256e-11
1.44396e+01	8.39052e-11
1.44569e+01	7.30278e-11
1.44742e+01	6.35101e-11
1.44915e+01	5.51892e-11
1.45089e+01	4.79209e-11
1.45262e+01	4.15775e-11
1.45435e+01	3.60461e-11
1.45608e+01	3.12266e-11
1.45781e+01	2.70311e-11
1.45954e+01	2.33816e-11
1.46127e+01	2.02097e-11
1.46300e+01	1.74551e-11
1.46473e+01	1.50649e-11
1.46646e+01	1.29925e-11
1.46819e+01	1.11970e-11
1.46992e+01	9.64270e-12
1.47165e+01	8.29823e-12
1.47338e+01	7.13614e-12
1.47511e+01	6.13247e-12
1.47684e+01	5.26626e-12
1.47857e+01	4.51926e-12
1.48030e+01	3.87555e-12
1.48203e+01	3.32125e-12
1.48376e+01	2.84430e-12
1.48549e+01	2.43421e-12
1.48722e+01	2.08188e-12
1.48895e+01	1.77938e-12
1.49068e+01	1.51986e-12
1.49241e+01	1.29738e-12
1.49414e+01	1.10679e-12
1.49587e+01	9.43651e-13
1.49760e+01	8.04109e-13
1.49933e+01	6.84843e-13
1.50106e+01	5.82980e-13
1.50280e+01	4.96039e-13
1.50453e+01	4.21869e-13
1.50626e+01	3.58627e-13
1.50799e+01	3.04728e-13
1.50972e+01	2.58812e-13
1.51145e+01	2.19716e-13
1.51318e+01	1.86442e-13
1.51491e+01	1.58137e-13
1.51664e+01	1.34069e-13
1.51837e+01	1.13614e-13
1.52010e+01	9.62372e-14
1.52183e+01	8.14824e-14
1.52356e+01	6.89597e-14
1.52529e+01	5.83361e-14
1.52702e+01	4.93278e-14
1.52875e+01	4.16925e-14
1.53048e+01	3.52239e-14
1.53221e+01	2.97462e-14
1.53394e+01	2.51096e-14
1.53567e+01	2.11867e-14
1.53740e+01	1.78691e-14
1.53913e+01	1.50647e-14
1.54086e+01	1.26951e-14
1.54259e+01	1.06937e-14
1.54432e+01	9.00414e-15
1.54605e+01	7.57837e-15
1.54778e+01	6.37573e-15
1.54951e+01	5.36173e-15
1.55124e+01	4.50714e-15
1.55297e+01	3.78721e-15
1.55471e+01	3.18097e-15
1.55644e+01	2.67068e-15
1.55817e+01	2.24134e-15
1.55990e+01	1.88024e-15
1.56163e+01	1.57666e-15
1.56336e+01	1.32155e-15
1.56509e+01	1.10724e-15
1.56682e+01	9.27281e-16
1.56855e+01	7.76221e-16
1.57028e+01	6.49461e-16
1.57201e+01	5.43128e-16
1.57374e+01	4.53953e-16
1.57547e+01	3.79183e-16
1.57720e+01	3.16490e-16
1.57893e+01	2.63955e-16
1.58066e+01	2.19974e-16
1.58239e+01	1.83184e-16
1.58412e+01	1.52435e-16
1.58585e+01	1.26756e-16
1.58758e+01	1.05326e-16
1.58931e+01	8.74564e-17
1.59104e+01	7.25676e-17
1.59277e+01	6.01716e-17
1.59450e+01	4.98590e-17
1.59623e+01	4.12865e-17
1.59796e+01	3.41662e-17
1.59969e+01	2.82566e-17
1.60142e+01	2.33556e-17
1.60315e+01	1.92938e-17
1.60488e+01	1.59294e-17
1.60662e+01	1.31444e-17
1.60835e+01	1.08403e-17
1.61008e+01	8.93523e-18
1.61181e+01	7.36087e-18
1.61354e+01	6.06060e-18
1.61527e+01	4.98731e-18
1.61700e+01	4.10188e-18
1.61873e+01	3.37183e-18
1.62046e+01	2.77024e-18
1.62219e+01	2.27477e-18
1.62392e+01	1.86692e-18
1.62565e+01	1.53138e-18
1.62738e+01	1.25549e-18
1.62911e+01	1.02877e-18
1.63084e+01	8.42553e-19
1.63257e+01	6.89681e-19
1.63430e+01	5.64257e-19
1.63603e+01	4.61405e-19
1.63776e+01	3.77107e-19
1.63949e+01	3.08054e-19
1.64122e+01	2.51518e-19
1.64295e+01	2.05253e-19
1.64468e+01	1.67413e-19
1.64641e+01	1.36481e-19
1.64814e+01	1.11207e-19
1.64987e+01	9.05668e-20
1.65160e+01	7.37193e-20
1.65333e+01	5.99747e-20
1.65506e+01	4.87674e-20
1.65679e+01	3.96342e-20
1.65853e+01	3.21951e-20
1.66026e+01	2.61391e-20
1.66199e+01	2.12115e-20
1.66372e+01	1.72041e-20
1.66545e+01	1.39468e-20
1.66718e+01	1.13006e-20
1.66891e+01	9.15202e-21
1.67064e+01	7.40829e-21
1.67237e+01	5.99385e-21
1.67410e+01	4.84710e-21
1.67583e+01	3.91784e-21
1.67756e+01	3.16521e-21
1.67929e+01	2.55593e-21
1.68102e+01	2.06294e-21
1.68275e+01	1.66424e-21
1.68448e+01	1.34196e-21
1.68621e+01	1.08159e-21
1.68794e+01	8.71321e-22
1.68967e+01	7.01603e-22
1.69140e+01	5.64678e-22
1.69313e+01	4.54261e-22
1.69486e+01	3.65264e-22
1.69659e+01	2.93564e-22
1.69832e+01	2.35826e-22
1.70005e+01	1.89352e-22
1.70178e+01	1.51960e-22
1.70351e+01	1.21884e-22
1.70524e+01	9.77016e-23
1.70697e+01	7.82611e-23
1.70870e+01	6.26342e-23
1.71044e+01	5.00714e-23
1.71217e+01	3.99681e-23
1.71390e+01	3.18364e-23
1.71563e+01	2.52821e-23
1.71736e+01	1.99868e-23
1.71909e+01	1.56925e-23
1.72082e+01	1.21897e-23
1.72255e+01	9.30731e-24
1.72428e+01	6.90543e-24
1.72601e+01	4.86953e-24
1.72774e+01	3.11112e-24
1.72947e+01	1.57773e-24
