# The ell = 1 distribution, the first anisotropy.
# E_N [Td]	1.50000e+00
# col_1: Electron Energy [eV], col_2: f1 [eV^(-3/2)]
eV	f1
1.16733e-02	4.67514e-06
2.33467e-02	7.37388e-06
3.50200e-02	7.57199e-06
4.66933e-02	6.58943e-06
5.83667e-02	7.41156e-06
7.00400e-02	6.49305e-06
8.17133e-02	5.76698e-06
9.33867e-02	5.82551e-06
1.05060e-01	4.52601e-06
1.16733e-01	4.47425e-06
1.28407e-01	3.90320e-06
1.40080e-01	3.11535e-06
1.51753e-01	3.23311e-06
1.63427e-01	2.29690e-06
1.75100e-01	2.50230e-06
1.86773e-01	2.03193e-06
1.98447e-01	1.97633e-06
2.10120e-01	1.99604e-06
2.21793e-01	1.81208e-06
2.33467e-01	2.19837e-06
2.45140e-01	2.01093e-06
2.56813e-01	2.61989e-06
2.68487e-01	2.59808e-06
2.80160e-01	3.27850e-06
2.91833e-01	3.49617e-06
3.03507e-01	4.21806e-06
3.15180e-01	4.64918e-06
3.26853e-01	5.44226e-06
3.38527e-01	6.04706e-06
3.50200e-01	6.93191e-06
3.61873e-01	7.68324e-06
3.73547e-01	8.66836e-06
3.85220e-01	9.54776e-06
3.96893e-01	1.06350e-05
4.08567e-01	1.16321e-05
4.20240e-01	1.28161e-05
4.31913e-01	1.39318e-05
4.43587e-01	1.51972e-05
4.55260e-01	1.64338e-05
4.66933e-01	1.77700e-05
4.78607e-01	1.91263e-05
4.90280e-01	2.05350e-05
5.01953e-01	2.19916e-05
5.13627e-01	2.34871e-05
5.25300e-01	2.50234e-05
5.36973e-01	2.66152e-05
5.48647e-01	2.82208e-05
5.60320e-01	2.99131e-05
5.71993e-01	3.15932e-05
5.83667e-01	3.33559e-05
5.95340e-01	3.51369e-05
6.07013e-01	3.69543e-05
6.18687e-01	3.88404e-05
6.30360e-01	4.07183e-05
6.42033e-01	4.26892e-05
6.53707e-01	4.46556e-05
6.65380e-01	4.66805e-05
6.77053e-01	4.87547e-05
6.88727e-01	5.08390e-05
7.00400e-01	5.29970e-05
7.12073e-01	5.51700e-05
7.23747e-01	5.73933e-05
7.35420e-01	5.96626e-05
7.47093e-01	6.19642e-05
7.58767e-01	6.43095e-05
7.70440e-01	6.67009e-05
7.82113e-01	6.91401e-05
7.93787e-01	7.15926e-05
8.05460e-01	7.41377e-05
8.17133e-01	7.66956e-05
8.28807e-01	7.92962e-05
8.40480e-01	8.19817e-05
8.52153e-01	8.46494e-05
8.63827e-01	8.74120e-05
8.75500e-01	9.02488e-05
8.87173e-01	9.30295e-05
8.98847e-01	9.59782e-05
9.10520e-01	9.89629e-05
9.22193e-01	1.01853e-04
9.33867e-01	1.05013e-04
9.45540e-01	1.08130e-04
9.57213e-01	1.11213e-04
9.68887e-01	1.14382e-04
9.80560e-01	1.17640e-04
9.92233e-01	1.21886e-04
1.00391e+00	1.23726e-04
1.01558e+00	1.26751e-04
1.02725e+00	1.29811e-04
1.03893e+00	1.32517e-04
1.05060e+00	1.35443e-04
1.06227e+00	1.38370e-04
1.07395e+00	1.41345e-04
1.08562e+00	1.44344e-04
1.09729e+00	1.47375e-04
1.10897e+00	1.50435e-04
1.12064e+00	1.53526e-04
1.13231e+00	1.56649e-04
1.14399e+00	1.59800e-04
1.15566e+00	1.62963e-04
1.16733e+00	1.66232e-04
1.17901e+00	1.69425e-04
1.19068e+00	1.72651e-04
1.20235e+00	1.75985e-04
1.21403e+00	1.79276e-04
1.22570e+00	1.82552e-04
1.23737e+00	1.85893e-04
1.24905e+00	1.89266e-04
1.26072e+00	1.92648e-04
1.27239e+00	1.96072e-04
1.28407e+00	1.99506e-04
1.29574e+00	2.02995e-04
1.30741e+00	2.06503e-04
1.31909e+00	2.10040e-04
1.33076e+00	2.13604e-04
1.34243e+00	2.17197e-04
1.35411e+00	2.20817e-04
1.36578e+00	2.24467e-04
1.37745e+00	2.28142e-04
1.38913e+00	2.31846e-04
1.40080e+00	2.35578e-04
1.41247e+00	2.39337e-04
1.42415e+00	2.43123e-04
1.43582e+00	2.46935e-04
1.44749e+00	2.50780e-04
1.45917e+00	2.54644e-04
1.47084e+00	2.58573e-04
1.48251e+00	2.62513e-04
1.49419e+00	2.66162e-04
1.50586e+00	2.70590e-04
1.51753e+00	2.74707e-04
1.52921e+00	2.78881e-04
1.54088e+00	2.83087e-04
1.55255e+00	2.87339e-04
1.56423e+00	2.91607e-04
1.57590e+00	2.95910e-04
1.58757e+00	3.00233e-04
1.59925e+00	3.04583e-04
1.61092e+00	3.08964e-04
1.62259e+00	3.13368e-04
1.63427e+00	3.17803e-04
1.64594e+00	3.22265e-04
1.65761e+00	3.26610e-04
1.66929e+00	3.31559e-04
1.68096e+00	3.35676e-04
1.69263e+00	3.40117e-04
1.70431e+00	3.44412e-04
1.71598e+00	3.49374e-04
1.72765e+00	3.53402e-04
1.73933e+00	3.57794e-04
1.75100e+00	3.62186e-04
1.76267e+00	3.66619e-04
1.77435e+00	3.71050e-04
1.78602e+00	3.75509e-04
1.79769e+00	3.79994e-04
1.80937e+00	3.84486e-04
1.82104e+00	3.89015e-04
1.83271e+00	3.93565e-04
1.84439e+00	3.98133e-04
1.85606e+00	4.02720e-04
1.86773e+00	4.07328e-04
1.87941e+00	4.11957e-04
1.89108e+00	4.16604e-04
1.90275e+00	4.21271e-04
1.91443e+00	4.25965e-04
1.92610e+00	4.30658e-04
1.93777e+00	4.35379e-04
1.94945e+00	4.40291e-04
1.96112e+00	4.44522e-04
1.97279e+00	4.49799e-04
1.98447e+00	4.54760e-04
1.99614e+00	4.59891e-04
2.00781e+00	4.64602e-04
2.01949e+00	4.69547e-04
2.03116e+00	4.75252e-04
2.04283e+00	4.80548e-04
2.05451e+00	4.85920e-04
2.06618e+00	4.91289e-04
2.07785e+00	4.96700e-04
2.08953e+00	5.02122e-04
2.10120e+00	5.07563e-04
2.11287e+00	5.13023e-04
2.12455e+00	5.18501e-04
2.13622e+00	5.23994e-04
2.14789e+00	5.29506e-04
2.15957e+00	5.35032e-04
2.17124e+00	5.40582e-04
2.18291e+00	5.46139e-04
2.19459e+00	5.51712e-04
2.20626e+00	5.57302e-04
2.21793e+00	5.62903e-04
2.22961e+00	5.68530e-04
2.24128e+00	5.74154e-04
2.25295e+00	5.79799e-04
2.26463e+00	5.85455e-04
2.27630e+00	5.91124e-04
2.28797e+00	5.96812e-04
2.29965e+00	6.02499e-04
2.31132e+00	6.08202e-04
2.32299e+00	6.13918e-04
2.33467e+00	6.19644e-04
2.34634e+00	6.25363e-04
2.35801e+00	6.31130e-04
2.36969e+00	6.36889e-04
2.38136e+00	6.42658e-04
2.39303e+00	6.48434e-04
2.40471e+00	6.54228e-04
2.41638e+00	6.60008e-04
2.42805e+00	6.65803e-04
2.43973e+00	6.71617e-04
2.45140e+00	6.77470e-04
2.46307e+00	6.83050e-04
2.47475e+00	6.89160e-04
2.48642e+00	6.95043e-04
2.49809e+00	7.00958e-04
2.50977e+00	7.06989e-04
2.52144e+00	7.12548e-04
2.53311e+00	7.18830e-04
2.54479e+00	7.24837e-04
2.55646e+00	7.30869e-04
2.56813e+00	7.36898e-04
2.57981e+00	7.42927e-04
2.59148e+00	7.48957e-04
2.60315e+00	7.54985e-04
2.61483e+00	7.61012e-04
2.62650e+00	7.67032e-04
2.63817e+00	7.73058e-04
2.64985e+00	7.79086e-04
2.66152e+00	7.85074e-04
2.67319e+00	7.91074e-04
2.68487e+00	7.97067e-04
2.69654e+00	8.03064e-04
2.70821e+00	8.09013e-04
2.71989e+00	8.15015e-04
2.73156e+00	8.20989e-04
2.74323e+00	8.26954e-04
2.75491e+00	8.32909e-04
2.76658e+00	8.38854e-04
2.77825e+00	8.44787e-04
2.78993e+00	8.50710e-04
2.80160e+00	8.56619e-04
2.81327e+00	8.62515e-04
2.82495e+00	8.68395e-04
2.83662e+00	8.74267e-04
2.84829e+00	8.80116e-04
2.85997e+00	8.85948e-04
2.87164e+00	8.91765e-04
2.88331e+00	8.97563e-04
2.89499e+00	9.03342e-04
2.90666e+00	9.09109e-04
2.91833e+00	9.14844e-04
2.93001e+00	9.20562e-04
2.94168e+00	9.26259e-04
2.95335e+00	9.31923e-04
2.96503e+00	9.37532e-04
2.97670e+00	9.43363e-04
2.98837e+00	9.48711e-04
3.00005e+00	9.54234e-04
3.01172e+00	9.59707e-04
3.02339e+00	9.65150e-04
3.03507e+00	9.70565e-04
3.04674e+00	9.76021e-04
3.05841e+00	9.81294e-04
3.07009e+00	9.86607e-04
3.08176e+00	9.91880e-04
3.09343e+00	9.97122e-04
3.10511e+00	1.00233e-03
3.11678e+00	1.00752e-03
3.12845e+00	1.01265e-03
3.14013e+00	1.01776e-03
3.15180e+00	1.02283e-03
3.16347e+00	1.02786e-03
3.17515e+00	1.03286e-03
3.18682e+00	1.03780e-03
3.19849e+00	1.04274e-03
3.21017e+00	1.04763e-03
3.22184e+00	1.05248e-03
3.23351e+00	1.05728e-03
3.24519e+00	1.06205e-03
3.25686e+00	1.06677e-03
3.26853e+00	1.07145e-03
3.28021e+00	1.07608e-03
3.29188e+00	1.08067e-03
3.30355e+00	1.08521e-03
3.31523e+00	1.08970e-03
3.32690e+00	1.09415e-03
3.33857e+00	1.09855e-03
3.35025e+00	1.10290e-03
3.36192e+00	1.10720e-03
3.37359e+00	1.11145e-03
3.38527e+00	1.11565e-03
3.39694e+00	1.11979e-03
3.40861e+00	1.12389e-03
3.42029e+00	1.12792e-03
3.43196e+00	1.13190e-03
3.44363e+00	1.13583e-03
3.45531e+00	1.13970e-03
3.46698e+00	1.14352e-03
3.47865e+00	1.14728e-03
3.49033e+00	1.15098e-03
3.50200e+00	1.15462e-03
3.51367e+00	1.15820e-03
3.52535e+00	1.16172e-03
3.53702e+00	1.16518e-03
3.54869e+00	1.16858e-03
3.56037e+00	1.17191e-03
3.57204e+00	1.17519e-03
3.58371e+00	1.17840e-03
3.59539e+00	1.18155e-03
3.60706e+00	1.18464e-03
3.61873e+00	1.18765e-03
3.63041e+00	1.19060e-03
3.64208e+00	1.19349e-03
3.65375e+00	1.19630e-03
3.66543e+00	1.19905e-03
3.67710e+00	1.20172e-03
3.68877e+00	1.20432e-03
3.70045e+00	1.20686e-03
3.71212e+00	1.20932e-03
3.72379e+00	1.21171e-03
3.73547e+00	1.21403e-03
3.74714e+00	1.21627e-03
3.75881e+00	1.21845e-03
3.77049e+00	1.22054e-03
3.78216e+00	1.22256e-03
3.79383e+00	1.22451e-03
3.80551e+00	1.22639e-03
3.81718e+00	1.22818e-03
3.82885e+00	1.22989e-03
3.84053e+00	1.23153e-03
3.85220e+00	1.23309e-03
3.86387e+00	1.23458e-03
3.87555e+00	1.23598e-03
3.88722e+00	1.23730e-03
3.89889e+00	1.23855e-03
3.91057e+00	1.23972e-03
3.92224e+00	1.24081e-03
3.93391e+00	1.24181e-03
3.94559e+00	1.24274e-03
3.95726e+00	1.24384e-03
3.96893e+00	1.24441e-03
3.98061e+00	1.24390e-03
3.99228e+00	1.24680e-03
4.00395e+00	1.24791e-03
4.01563e+00	1.24912e-03
4.02730e+00	1.25021e-03
4.03897e+00	1.25121e-03
4.05065e+00	1.25229e-03
4.06232e+00	1.25252e-03
4.07399e+00	1.25373e-03
4.08567e+00	1.25454e-03
4.09734e+00	1.25521e-03
4.10901e+00	1.25578e-03
4.12069e+00	1.25625e-03
4.13236e+00	1.25661e-03
4.14403e+00	1.25686e-03
4.15571e+00	1.25701e-03
4.16738e+00	1.25704e-03
4.17905e+00	1.25697e-03
4.19073e+00	1.25679e-03
4.20240e+00	1.25650e-03
4.21407e+00	1.25611e-03
4.22575e+00	1.25561e-03
4.23742e+00	1.25499e-03
4.24909e+00	1.25427e-03
4.26077e+00	1.25345e-03
4.27244e+00	1.25251e-03
4.28411e+00	1.25147e-03
4.29579e+00	1.25031e-03
4.30746e+00	1.24905e-03
4.31913e+00	1.24767e-03
4.33081e+00	1.24619e-03
4.34248e+00	1.24460e-03
4.35415e+00	1.24290e-03
4.36583e+00	1.24109e-03
4.37750e+00	1.23917e-03
4.38917e+00	1.23714e-03
4.40085e+00	1.23500e-03
4.41252e+00	1.23275e-03
4.42419e+00	1.23040e-03
4.43587e+00	1.22794e-03
4.44754e+00	1.22536e-03
4.45921e+00	1.22268e-03
4.47089e+00	1.21990e-03
4.48256e+00	1.21700e-03
4.49423e+00	1.21400e-03
4.50591e+00	1.21089e-03
4.51758e+00	1.20769e-03
4.52925e+00	1.20437e-03
4.54093e+00	1.20094e-03
4.55260e+00	1.19741e-03
4.56427e+00	1.19378e-03
4.57595e+00	1.19005e-03
4.58762e+00	1.18621e-03
4.59929e+00	1.18227e-03
4.61097e+00	1.17823e-03
4.62264e+00	1.17410e-03
4.63431e+00	1.16986e-03
4.64599e+00	1.16552e-03
4.65766e+00	1.16109e-03
4.66933e+00	1.15655e-03
4.68101e+00	1.15193e-03
4.69268e+00	1.14720e-03
4.70435e+00	1.14239e-03
4.71603e+00	1.13747e-03
4.72770e+00	1.13248e-03
4.73937e+00	1.12739e-03
4.75105e+00	1.12221e-03
4.76272e+00	1.11695e-03
4.77439e+00	1.11159e-03
4.78607e+00	1.10615e-03
4.79774e+00	1.10061e-03
4.80941e+00	1.09501e-03
4.82109e+00	1.08931e-03
4.83276e+00	1.08352e-03
4.84443e+00	1.07765e-03
4.85611e+00	1.07171e-03
4.86778e+00	1.06569e-03
4.87945e+00	1.05959e-03
4.89113e+00	1.05341e-03
4.90280e+00	1.04720e-03
4.91447e+00	1.04077e-03
4.92615e+00	1.03447e-03
4.93782e+00	1.02805e-03
4.94949e+00	1.02155e-03
4.96117e+00	1.01498e-03
4.97284e+00	1.00834e-03
4.98451e+00	1.00164e-03
4.99619e+00	9.94873e-04
5.00786e+00	9.88157e-04
5.01953e+00	9.80893e-04
5.03121e+00	9.74326e-04
5.04288e+00	9.67388e-04
5.05455e+00	9.60418e-04
5.06623e+00	9.53384e-04
5.07790e+00	9.46293e-04
5.08957e+00	9.39144e-04
5.10125e+00	9.31941e-04
5.11292e+00	9.24689e-04
5.12459e+00	9.17368e-04
5.13627e+00	9.10024e-04
5.14794e+00	9.02621e-04
5.15961e+00	8.95173e-04
5.17129e+00	8.87680e-04
5.18296e+00	8.80144e-04
5.19463e+00	8.72567e-04
5.20631e+00	8.64951e-04
5.21798e+00	8.57294e-04
5.22965e+00	8.49614e-04
5.24133e+00	8.41883e-04
5.25300e+00	8.34124e-04
5.26467e+00	8.26336e-04
5.27635e+00	8.18520e-04
5.28802e+00	8.10678e-04
5.29969e+00	8.02811e-04
5.31137e+00	7.94921e-04
5.32304e+00	7.87011e-04
5.33471e+00	7.79079e-04
5.34639e+00	7.71133e-04
5.35806e+00	7.63174e-04
5.36973e+00	7.55200e-04
5.38141e+00	7.47214e-04
5.39308e+00	7.39218e-04
5.40475e+00	7.31214e-04
5.41643e+00	7.23203e-04
5.42810e+00	7.15188e-04
5.43977e+00	7.07168e-04
5.45145e+00	6.99154e-04
5.46312e+00	6.91130e-04
5.47479e+00	6.83113e-04
5.48647e+00	6.75100e-04
5.49814e+00	6.67093e-04
5.50981e+00	6.59094e-04
5.52149e+00	6.51105e-04
5.53316e+00	6.43126e-04
5.54483e+00	6.35162e-04
5.55651e+00	6.27209e-04
5.56818e+00	6.19274e-04
5.57985e+00	6.11361e-04
5.59153e+00	6.03464e-04
5.60320e+00	5.95589e-04
5.61487e+00	5.87736e-04
5.62655e+00	5.79908e-04
5.63822e+00	5.72105e-04
5.64989e+00	5.64329e-04
5.66157e+00	5.56581e-04
5.67324e+00	5.48867e-04
5.68491e+00	5.41180e-04
5.69659e+00	5.33525e-04
5.70826e+00	5.25906e-04
5.71993e+00	5.18323e-04
5.73161e+00	5.10777e-04
5.74328e+00	5.03270e-04
5.75495e+00	4.95802e-04
5.76663e+00	4.88376e-04
5.77830e+00	4.80994e-04
5.78997e+00	4.73651e-04
5.80165e+00	4.66358e-04
5.81332e+00	4.59112e-04
5.82499e+00	4.51911e-04
5.83667e+00	4.44759e-04
5.84834e+00	4.37656e-04
5.86001e+00	4.30604e-04
5.87169e+00	4.23603e-04
5.88336e+00	4.16654e-04
5.89503e+00	4.09751e-04
5.90671e+00	4.02929e-04
5.91838e+00	3.96141e-04
5.93005e+00	3.89381e-04
5.94173e+00	3.82698e-04
5.95340e+00	3.76073e-04
5.96507e+00	3.69507e-04
5.97675e+00	3.63002e-04
5.98842e+00	3.56558e-04
6.00009e+00	3.50176e-04
6.01177e+00	3.43850e-04
6.02344e+00	3.37589e-04
6.03511e+00	3.31452e-04
6.04679e+00	3.25243e-04
6.05846e+00	3.19163e-04
6.07013e+00	3.13144e-04
6.08181e+00	3.07194e-04
6.09348e+00	3.01311e-04
6.10515e+00	2.95497e-04
6.11683e+00	2.89751e-04
6.12850e+00	2.84074e-04
6.14017e+00	2.78466e-04
6.15185e+00	2.72926e-04
6.16352e+00	2.67458e-04
6.17519e+00	2.62058e-04
6.18687e+00	2.56728e-04
6.19854e+00	2.51468e-04
6.21021e+00	2.46277e-04
6.22189e+00	2.41156e-04
6.23356e+00	2.36105e-04
6.24523e+00	2.31124e-04
6.25691e+00	2.26212e-04
6.26858e+00	2.21370e-04
6.28025e+00	2.16599e-04
6.29193e+00	2.11894e-04
6.30360e+00	2.07260e-04
6.31527e+00	2.02696e-04
6.32695e+00	1.98200e-04
6.33862e+00	1.93773e-04
6.35029e+00	1.89415e-04
6.36197e+00	1.85125e-04
6.37364e+00	1.80903e-04
6.38531e+00	1.76749e-04
6.39699e+00	1.72662e-04
6.40866e+00	1.68643e-04
6.42033e+00	1.64690e-04
6.43201e+00	1.60803e-04
6.44368e+00	1.56983e-04
6.45535e+00	1.53228e-04
6.46703e+00	1.49539e-04
6.47870e+00	1.45914e-04
6.49037e+00	1.42354e-04
6.50205e+00	1.38858e-04
6.51372e+00	1.35425e-04
6.52539e+00	1.32055e-04
6.53707e+00	1.28745e-04
6.54874e+00	1.25502e-04
6.56041e+00	1.22317e-04
6.57209e+00	1.19194e-04
6.58376e+00	1.16130e-04
6.59543e+00	1.13127e-04
6.60711e+00	1.10182e-04
6.61878e+00	1.07295e-04
6.63045e+00	1.04467e-04
6.64213e+00	1.01695e-04
6.65380e+00	9.89799e-05
6.66547e+00	9.63215e-05
6.67715e+00	9.37170e-05
6.68882e+00	9.11675e-05
6.70049e+00	8.86720e-05
6.71217e+00	8.62298e-05
6.72384e+00	8.38403e-05
6.73551e+00	8.15027e-05
6.74719e+00	7.92165e-05
6.75886e+00	7.69809e-05
6.77053e+00	7.47951e-05
6.78221e+00	7.26586e-05
6.79388e+00	7.05707e-05
6.80555e+00	6.85308e-05
6.81723e+00	6.65374e-05
6.82890e+00	6.45908e-05
6.84057e+00	6.26899e-05
6.85225e+00	6.08340e-05
6.86392e+00	5.90225e-05
6.87559e+00	5.72547e-05
6.88727e+00	5.55297e-05
6.89894e+00	5.38471e-05
6.91061e+00	5.22057e-05
6.92229e+00	5.05998e-05
6.93396e+00	4.90564e-05
6.94563e+00	4.75235e-05
6.95731e+00	4.60308e-05
6.96898e+00	4.45823e-05
6.98065e+00	4.31715e-05
6.99233e+00	4.17983e-05
7.00400e+00	4.04617e-05
7.01567e+00	3.91610e-05
7.02735e+00	3.78956e-05
7.03902e+00	3.66647e-05
7.05069e+00	3.54675e-05
7.06237e+00	3.43001e-05
7.07404e+00	3.31797e-05
7.08571e+00	3.20694e-05
7.09739e+00	3.09970e-05
7.10906e+00	2.99561e-05
7.12073e+00	2.89453e-05
7.13241e+00	2.79640e-05
7.14408e+00	2.70113e-05
7.15575e+00	2.60867e-05
7.16743e+00	2.51896e-05
7.17910e+00	2.43191e-05
7.19077e+00	2.34748e-05
7.20245e+00	2.26559e-05
7.21412e+00	2.18619e-05
7.22579e+00	2.10921e-05
7.23747e+00	2.03459e-05
7.24914e+00	1.96228e-05
7.26081e+00	1.89221e-05
7.27249e+00	1.82433e-05
7.28416e+00	1.75858e-05
7.29583e+00	1.69491e-05
7.30751e+00	1.63327e-05
7.31918e+00	1.57359e-05
7.33085e+00	1.51583e-05
7.34253e+00	1.45994e-05
7.35420e+00	1.40586e-05
7.36587e+00	1.35355e-05
7.37755e+00	1.30296e-05
7.38922e+00	1.25403e-05
7.40089e+00	1.20674e-05
7.41257e+00	1.16102e-05
7.42424e+00	1.11684e-05
7.43591e+00	1.07415e-05
7.44759e+00	1.03291e-05
7.45926e+00	9.93078e-06
7.47093e+00	9.54611e-06
7.48261e+00	9.17471e-06
7.49428e+00	8.81618e-06
7.50595e+00	8.47016e-06
7.51763e+00	8.13625e-06
7.52930e+00	7.81411e-06
7.54097e+00	7.50338e-06
7.55265e+00	7.20370e-06
7.56432e+00	6.91475e-06
7.57599e+00	6.63618e-06
7.58767e+00	6.36769e-06
7.59934e+00	6.10896e-06
7.61101e+00	5.85967e-06
7.62269e+00	5.61953e-06
7.63436e+00	5.38825e-06
7.64603e+00	5.16555e-06
7.65771e+00	4.95114e-06
7.66938e+00	4.74477e-06
7.68105e+00	4.54616e-06
7.69273e+00	4.35507e-06
7.70440e+00	4.17124e-06
7.71607e+00	3.99443e-06
7.72775e+00	3.82441e-06
7.73942e+00	3.66095e-06
7.75109e+00	3.50383e-06
7.76277e+00	3.35282e-06
7.77444e+00	3.20773e-06
7.78611e+00	3.06834e-06
7.79779e+00	2.93446e-06
7.80946e+00	2.80590e-06
7.82113e+00	2.68246e-06
7.83281e+00	2.56398e-06
7.84448e+00	2.45027e-06
7.85615e+00	2.34116e-06
7.86783e+00	2.23648e-06
7.87950e+00	2.13609e-06
7.89117e+00	2.03981e-06
7.90285e+00	1.94750e-06
7.91452e+00	1.85902e-06
7.92619e+00	1.77422e-06
7.93787e+00	1.69296e-06
7.94954e+00	1.61512e-06
7.96121e+00	1.54056e-06
7.97289e+00	1.46917e-06
7.98456e+00	1.40081e-06
7.99623e+00	1.33538e-06
8.00791e+00	1.27276e-06
8.01958e+00	1.21284e-06
8.03125e+00	1.15552e-06
8.04293e+00	1.10069e-06
8.05460e+00	1.04827e-06
8.06627e+00	9.98143e-07
8.07795e+00	9.50232e-07
8.08962e+00	9.04445e-07
8.10129e+00	8.60696e-07
8.11297e+00	8.18904e-07
8.12464e+00	7.78989e-07
8.13631e+00	7.40874e-07
8.14799e+00	7.04486e-07
8.15966e+00	6.69753e-07
8.17133e+00	6.36608e-07
8.18301e+00	6.04984e-07
8.19468e+00	5.74818e-07
8.20635e+00	5.46048e-07
8.21803e+00	5.18615e-07
8.22970e+00	4.92463e-07
8.24137e+00	4.67536e-07
8.25305e+00	4.43784e-07
8.26472e+00	4.21154e-07
8.27639e+00	3.99598e-07
8.28807e+00	3.79071e-07
8.29974e+00	3.59526e-07
8.31141e+00	3.40920e-07
8.32309e+00	3.23212e-07
8.33476e+00	3.06363e-07
8.34643e+00	2.90334e-07
8.35811e+00	2.75088e-07
8.36978e+00	2.60590e-07
8.38145e+00	2.46806e-07
8.39313e+00	2.33704e-07
8.40480e+00	2.21253e-07
8.41647e+00	2.09423e-07
8.42815e+00	1.98185e-07
8.43982e+00	1.87511e-07
8.45149e+00	1.77377e-07
8.46317e+00	1.67756e-07
8.47484e+00	1.58625e-07
8.48651e+00	1.49960e-07
8.49819e+00	1.41739e-07
8.50986e+00	1.33942e-07
8.52153e+00	1.26547e-07
8.53321e+00	1.19536e-07
8.54488e+00	1.12891e-07
8.55655e+00	1.06592e-07
8.56823e+00	1.00625e-07
8.57990e+00	9.49717e-08
8.59157e+00	8.96176e-08
8.60325e+00	8.45480e-08
8.61492e+00	7.97484e-08
8.62659e+00	7.52057e-08
8.63827e+00	7.09071e-08
8.64994e+00	6.68402e-08
8.66161e+00	6.29935e-08
8.67329e+00	5.93558e-08
8.68496e+00	5.59164e-08
8.69663e+00	5.26654e-08
8.70831e+00	4.95929e-08
8.71998e+00	4.66900e-08
8.73165e+00	4.39477e-08
8.74333e+00	4.13578e-08
8.75500e+00	3.89123e-08
8.76667e+00	3.66037e-08
8.77835e+00	3.44248e-08
8.79002e+00	3.23688e-08
8.80169e+00	3.04291e-08
8.81337e+00	2.85996e-08
8.82504e+00	2.68745e-08
8.83671e+00	2.52480e-08
8.84839e+00	2.37149e-08
8.86006e+00	2.22702e-08
8.87173e+00	2.09090e-08
8.88341e+00	1.96268e-08
8.89508e+00	1.84194e-08
8.90675e+00	1.72825e-08
8.91843e+00	1.62119e-08
8.93010e+00	1.52056e-08
8.94177e+00	1.42582e-08
8.95345e+00	1.33650e-08
8.96512e+00	1.25264e-08
8.97679e+00	1.17378e-08
8.98847e+00	1.09966e-08
9.00014e+00	1.03001e-08
9.01181e+00	9.64571e-09
9.02349e+00	9.03099e-09
9.03516e+00	8.45368e-09
9.04683e+00	7.91163e-09
9.05851e+00	7.40278e-09
9.07018e+00	6.92521e-09
9.08185e+00	6.47709e-09
9.09353e+00	6.05670e-09
9.10520e+00	5.66240e-09
9.11687e+00	5.29266e-09
9.12855e+00	4.94602e-09
9.14022e+00	4.62111e-09
9.15189e+00	4.31663e-09
9.16357e+00	4.03137e-09
9.17524e+00	3.76416e-09
9.18691e+00	3.51392e-09
9.19859e+00	3.27962e-09
9.21026e+00	3.06029e-09
9.22193e+00	2.85503e-09
9.23361e+00	2.66296e-09
9.24528e+00	2.48330e-09
9.25695e+00	2.31526e-09
9.26863e+00	2.15812e-09
9.28030e+00	2.01125e-09
9.29197e+00	1.87395e-09
9.30365e+00	1.74562e-09
9.31532e+00	1.62576e-09
9.32699e+00	1.51380e-09
9.33867e+00	1.40925e-09
9.35034e+00	1.31165e-09
9.36201e+00	1.22054e-09
9.37369e+00	1.13552e-09
9.38536e+00	1.05620e-09
9.39703e+00	9.82210e-10
9.40871e+00	9.13207e-10
9.42038e+00	8.48869e-10
9.43205e+00	7.88896e-10
9.44373e+00	7.33002e-10
9.45540e+00	6.80923e-10
9.46707e+00	6.32408e-10
9.47875e+00	5.87223e-10
9.49042e+00	5.45150e-10
9.50209e+00	5.05982e-10
9.51377e+00	4.69526e-10
9.52544e+00	4.35604e-10
9.53711e+00	4.04045e-10
9.54879e+00	3.74692e-10
9.56046e+00	3.47396e-10
9.57213e+00	3.22019e-10
9.58381e+00	2.98431e-10
9.59548e+00	2.76510e-10
9.60715e+00	2.56145e-10
9.61883e+00	2.37227e-10
9.63050e+00	2.19655e-10
9.64217e+00	2.03356e-10
9.65385e+00	1.88213e-10
9.66552e+00	1.74147e-10
9.67719e+00	1.61108e-10
9.68887e+00	1.49013e-10
9.70054e+00	1.37797e-10
9.71221e+00	1.27399e-10
9.72389e+00	1.17760e-10
9.73556e+00	1.08827e-10
9.74723e+00	1.00551e-10
9.75891e+00	9.28838e-11
9.77058e+00	8.57833e-11
9.78225e+00	7.92088e-11
9.79393e+00	7.31227e-11
9.80560e+00	6.74898e-11
9.81727e+00	6.22775e-11
9.82895e+00	5.74555e-11
9.84062e+00	5.29956e-11
9.85229e+00	4.88714e-11
9.86397e+00	4.50585e-11
9.87564e+00	4.15343e-11
9.88731e+00	3.82775e-11
9.89899e+00	3.52685e-11
9.91066e+00	3.24891e-11
9.92233e+00	2.99223e-11
9.93401e+00	2.75523e-11
9.94568e+00	2.53647e-11
9.95735e+00	2.33457e-11
9.96903e+00	2.14828e-11
9.98070e+00	1.97643e-11
9.99237e+00	1.81791e-11
1.00040e+01	1.67143e-11
1.00157e+01	1.53755e-11
1.00274e+01	1.41345e-11
1.00391e+01	1.29766e-11
1.00507e+01	1.19216e-11
1.00624e+01	1.09502e-11
1.00741e+01	1.00567e-11
1.00858e+01	9.23487e-12
1.00974e+01	8.47903e-12
1.01091e+01	7.78400e-12
1.01208e+01	7.14497e-12
1.01325e+01	6.55752e-12
1.01441e+01	6.01754e-12
1.01558e+01	5.52129e-12
1.01675e+01	5.06527e-12
1.01791e+01	4.64628e-12
1.01908e+01	4.26138e-12
1.02025e+01	3.90783e-12
1.02142e+01	3.58312e-12
1.02258e+01	3.28495e-12
1.02375e+01	3.01119e-12
1.02492e+01	2.75986e-12
1.02609e+01	2.52917e-12
1.02725e+01	2.31744e-12
1.02842e+01	2.12315e-12
1.02959e+01	1.94489e-12
1.03076e+01	1.78135e-12
1.03192e+01	1.63134e-12
1.03309e+01	1.49376e-12
1.03426e+01	1.36759e-12
1.03542e+01	1.25192e-12
1.03659e+01	1.14587e-12
1.03776e+01	1.04866e-12
1.03893e+01	9.59566e-13
1.04009e+01	8.77923e-13
1.04126e+01	8.03117e-13
1.04243e+01	7.34585e-13
1.04360e+01	6.71810e-13
1.04476e+01	6.14315e-13
1.04593e+01	5.61665e-13
1.04710e+01	5.13456e-13
1.04827e+01	4.69322e-13
1.04943e+01	4.28923e-13
1.05060e+01	3.91948e-13
1.05177e+01	3.58111e-13
1.05293e+01	3.27151e-13
1.05410e+01	2.98827e-13
1.05527e+01	2.72918e-13
1.05644e+01	2.49221e-13
1.05760e+01	2.27549e-13
1.05877e+01	2.07711e-13
1.05994e+01	1.89618e-13
1.06111e+01	1.73185e-13
1.06227e+01	1.57843e-13
1.06344e+01	1.44007e-13
1.06461e+01	1.31366e-13
1.06578e+01	1.19828e-13
1.06694e+01	1.09298e-13
1.06811e+01	9.96872e-14
1.06928e+01	9.09161e-14
1.07044e+01	8.29119e-14
1.07161e+01	7.56079e-14
1.07278e+01	6.89434e-14
1.07395e+01	6.28627e-14
1.07511e+01	5.73149e-14
1.07628e+01	5.22537e-14
1.07745e+01	4.76366e-14
1.07862e+01	4.34250e-14
1.07978e+01	3.95835e-14
1.08095e+01	3.60797e-14
1.08212e+01	3.28841e-14
1.08329e+01	2.99698e-14
1.08445e+01	2.73122e-14
1.08562e+01	2.48889e-14
1.08679e+01	2.26792e-14
1.08795e+01	2.06646e-14
1.08912e+01	1.88278e-14
1.09029e+01	1.71533e-14
1.09146e+01	1.56268e-14
1.09262e+01	1.42353e-14
1.09379e+01	1.29670e-14
1.09496e+01	1.18110e-14
1.09613e+01	1.07575e-14
1.09729e+01	9.79735e-15
1.09846e+01	8.92239e-15
1.09963e+01	8.12511e-15
1.10080e+01	7.39864e-15
1.10196e+01	6.73674e-15
1.10313e+01	6.13370e-15
1.10430e+01	5.58433e-15
1.10546e+01	5.08386e-15
1.10663e+01	4.62798e-15
1.10780e+01	4.21273e-15
1.10897e+01	3.83453e-15
1.11013e+01	3.49007e-15
1.11130e+01	3.17637e-15
1.11247e+01	2.89071e-15
1.11364e+01	2.63057e-15
1.11480e+01	2.39371e-15
1.11597e+01	2.17805e-15
1.11714e+01	1.98170e-15
1.11831e+01	1.80295e-15
1.11947e+01	1.64023e-15
1.12064e+01	1.49210e-15
1.12181e+01	1.35727e-15
1.12297e+01	1.23454e-15
1.12414e+01	1.12285e-15
1.12531e+01	1.02120e-15
1.12648e+01	9.28695e-16
1.12764e+01	8.44518e-16
1.12881e+01	7.67923e-16
1.12998e+01	6.98230e-16
1.13115e+01	6.34822e-16
1.13231e+01	5.77135e-16
1.13348e+01	5.24656e-16
1.13465e+01	4.76918e-16
1.13582e+01	4.33493e-16
1.13698e+01	3.93996e-16
1.13815e+01	3.58073e-16
1.13932e+01	3.25402e-16
1.14048e+01	2.95690e-16
1.14165e+01	2.68671e-16
1.14282e+01	2.44102e-16
1.14399e+01	2.21763e-16
1.14515e+01	2.01452e-16
1.14632e+01	1.82986e-16
1.14749e+01	1.66198e-16
1.14866e+01	1.50937e-16
1.14982e+01	1.37065e-16
1.15099e+01	1.24456e-16
1.15216e+01	1.12995e-16
1.15333e+01	1.02579e-16
1.15449e+01	9.31095e-17
1.15566e+01	8.44519e-17
1.15683e+01	7.64330e-17
1.15799e+01	6.90408e-17
1.15916e+01	6.22612e-17
1.16033e+01	5.60712e-17
1.16150e+01	5.04376e-17
1.16266e+01	4.53343e-17
1.16383e+01	4.06824e-17
1.16500e+01	3.65008e-17
1.16617e+01	3.30141e-17
1.16733e+01	2.88360e-17
