# The ell = 1 distribution, the first anisotropy.
# E_N [Td]	5.00000e+01
# col_1: Electron Energy [eV], col_2: f1 [eV^(-3/2)]
eV	f1
3.14128e-02	2.21567e-03
6.28256e-02	2.99050e-03
9.42384e-02	3.39573e-03
1.25651e-01	3.56274e-03
1.57064e-01	3.66155e-03
1.88477e-01	3.66178e-03
2.19890e-01	3.68804e-03
2.51302e-01	3.71943e-03
2.82715e-01	3.79943e-03
3.14128e-01	3.88372e-03
3.45541e-01	3.89172e-03
3.76954e-01	3.90393e-03
4.08366e-01	3.92138e-03
4.39779e-01	3.94622e-03
4.71192e-01	3.97664e-03
5.02605e-01	4.01163e-03
5.34018e-01	4.05077e-03
5.65430e-01	4.09511e-03
5.96843e-01	4.14363e-03
6.28256e-01	4.19569e-03
6.59669e-01	4.25138e-03
6.91081e-01	4.31021e-03
7.22494e-01	4.36973e-03
7.53907e-01	4.42920e-03
7.85320e-01	4.48821e-03
8.16733e-01	4.54714e-03
8.48145e-01	4.60596e-03
8.79558e-01	4.66416e-03
9.10971e-01	4.72130e-03
9.42384e-01	4.77728e-03
9.73797e-01	4.83191e-03
1.00521e+00	4.88443e-03
1.03662e+00	4.93443e-03
1.06804e+00	4.98158e-03
1.09945e+00	5.02717e-03
1.13086e+00	5.06805e-03
1.16227e+00	5.10465e-03
1.19369e+00	5.14038e-03
1.22510e+00	5.17581e-03
1.25651e+00	5.20590e-03
1.28792e+00	5.22659e-03
1.31934e+00	5.24008e-03
1.35075e+00	5.25190e-03
1.38216e+00	5.26205e-03
1.41358e+00	5.26870e-03
1.44499e+00	5.27254e-03
1.47640e+00	5.28132e-03
1.50781e+00	5.29439e-03
1.53923e+00	5.29498e-03
1.57064e+00	5.28622e-03
1.60205e+00	5.27376e-03
1.63347e+00	5.25909e-03
1.66488e+00	5.24043e-03
1.69629e+00	5.22071e-03
1.72770e+00	5.20150e-03
1.75912e+00	5.18269e-03
1.79053e+00	5.16465e-03
1.82194e+00	5.14715e-03
1.85335e+00	5.13021e-03
1.88477e+00	5.11416e-03
1.91618e+00	5.09906e-03
1.94759e+00	5.08379e-03
1.97901e+00	5.06833e-03
2.01042e+00	5.05301e-03
2.04183e+00	5.03785e-03
2.07324e+00	5.02280e-03
2.10466e+00	5.00786e-03
2.13607e+00	4.99300e-03
2.16748e+00	4.97821e-03
2.19890e+00	4.96343e-03
2.23031e+00	4.94870e-03
2.26172e+00	4.93402e-03
2.29313e+00	4.91939e-03
2.32455e+00	4.90481e-03
2.35596e+00	4.89026e-03
2.38737e+00	4.87574e-03
2.41879e+00	4.86123e-03
2.45020e+00	4.84667e-03
2.48161e+00	4.83201e-03
2.51302e+00	4.81709e-03
2.54444e+00	4.80196e-03
2.57585e+00	4.78659e-03
2.60726e+00	4.77101e-03
2.63867e+00	4.75521e-03
2.67009e+00	4.73919e-03
2.70150e+00	4.72296e-03
2.73291e+00	4.70654e-03
2.76433e+00	4.68992e-03
2.79574e+00	4.67310e-03
2.82715e+00	4.65609e-03
2.85856e+00	4.63889e-03
2.88998e+00	4.62151e-03
2.92139e+00	4.60396e-03
2.95280e+00	4.58624e-03
2.98422e+00	4.56835e-03
3.01563e+00	4.55031e-03
3.04704e+00	4.53211e-03
3.07845e+00	4.51377e-03
3.10987e+00	4.49529e-03
3.14128e+00	4.47668e-03
3.17269e+00	4.45794e-03
3.20411e+00	4.43909e-03
3.23552e+00	4.42012e-03
3.26693e+00	4.40105e-03
3.29834e+00	4.38189e-03
3.32976e+00	4.36262e-03
3.36117e+00	4.34327e-03
3.39258e+00	4.32382e-03
3.42399e+00	4.30429e-03
3.45541e+00	4.28466e-03
3.48682e+00	4.26495e-03
3.51823e+00	4.24516e-03
3.54965e+00	4.22529e-03
3.58106e+00	4.20536e-03
3.61247e+00	4.18538e-03
3.64388e+00	4.16535e-03
3.67530e+00	4.14528e-03
3.70671e+00	4.12519e-03
3.73812e+00	4.10507e-03
3.76954e+00	4.08493e-03
3.80095e+00	4.06478e-03
3.83236e+00	4.04464e-03
3.86377e+00	4.02449e-03
3.89519e+00	4.00436e-03
3.92660e+00	3.98425e-03
3.95801e+00	3.96413e-03
3.98942e+00	3.94409e-03
4.02084e+00	3.92409e-03
4.05225e+00	3.90411e-03
4.08366e+00	3.88419e-03
4.11508e+00	3.86432e-03
4.14649e+00	3.84449e-03
4.17790e+00	3.82471e-03
4.20931e+00	3.80499e-03
4.24073e+00	3.78533e-03
4.27214e+00	3.76573e-03
4.30355e+00	3.74621e-03
4.33497e+00	3.72675e-03
4.36638e+00	3.70736e-03
4.39779e+00	3.68805e-03
4.42920e+00	3.66882e-03
4.46062e+00	3.64966e-03
4.49203e+00	3.63059e-03
4.52344e+00	3.61160e-03
4.55486e+00	3.59270e-03
4.58627e+00	3.57389e-03
4.61768e+00	3.55516e-03
4.64909e+00	3.53654e-03
4.68051e+00	3.51800e-03
4.71192e+00	3.49957e-03
4.74333e+00	3.48124e-03
4.77474e+00	3.46301e-03
4.80616e+00	3.44488e-03
4.83757e+00	3.42686e-03
4.86898e+00	3.40894e-03
4.90040e+00	3.39113e-03
4.93181e+00	3.37344e-03
4.96322e+00	3.35586e-03
4.99463e+00	3.33838e-03
5.02605e+00	3.32102e-03
5.05746e+00	3.30378e-03
5.08887e+00	3.28666e-03
5.12029e+00	3.26965e-03
5.15170e+00	3.25275e-03
5.18311e+00	3.23597e-03
5.21452e+00	3.21931e-03
5.24594e+00	3.20277e-03
5.27735e+00	3.18634e-03
5.30876e+00	3.17003e-03
5.34018e+00	3.15384e-03
5.37159e+00	3.13776e-03
5.40300e+00	3.12181e-03
5.43441e+00	3.10597e-03
5.46583e+00	3.09025e-03
5.49724e+00	3.07464e-03
5.52865e+00	3.05916e-03
5.56006e+00	3.04379e-03
5.59148e+00	3.02854e-03
5.62289e+00	3.01341e-03
5.65430e+00	2.99839e-03
5.68572e+00	2.98349e-03
5.71713e+00	2.96871e-03
5.74854e+00	2.95404e-03
5.77995e+00	2.93949e-03
5.81137e+00	2.92505e-03
5.84278e+00	2.91073e-03
5.87419e+00	2.89652e-03
5.90561e+00	2.88243e-03
5.93702e+00	2.86844e-03
5.96843e+00	2.85456e-03
5.99984e+00	2.84080e-03
6.03126e+00	2.82716e-03
6.06267e+00	2.81360e-03
6.09408e+00	2.80017e-03
6.12549e+00	2.78684e-03
6.15691e+00	2.77362e-03
6.18832e+00	2.76050e-03
6.21973e+00	2.74750e-03
6.25115e+00	2.73460e-03
6.28256e+00	2.72181e-03
6.31397e+00	2.70912e-03
6.34538e+00	2.69653e-03
6.37680e+00	2.68405e-03
6.40821e+00	2.67167e-03
6.43962e+00	2.65939e-03
6.47104e+00	2.64722e-03
6.50245e+00	2.63514e-03
6.53386e+00	2.62316e-03
6.56527e+00	2.61128e-03
6.59669e+00	2.59950e-03
6.62810e+00	2.58781e-03
6.65951e+00	2.57622e-03
6.69093e+00	2.56472e-03
6.72234e+00	2.55332e-03
6.75375e+00	2.54201e-03
6.78516e+00	2.53079e-03
6.81658e+00	2.51967e-03
6.84799e+00	2.50863e-03
6.87940e+00	2.49768e-03
6.91081e+00	2.48683e-03
6.94223e+00	2.47606e-03
6.97364e+00	2.46534e-03
7.00505e+00	2.45473e-03
7.03647e+00	2.44419e-03
7.06788e+00	2.43376e-03
7.09929e+00	2.42336e-03
7.13070e+00	2.41307e-03
7.16212e+00	2.40285e-03
7.19353e+00	2.39272e-03
7.22494e+00	2.38266e-03
7.25636e+00	2.37269e-03
7.28777e+00	2.36280e-03
7.31918e+00	2.35298e-03
7.35059e+00	2.34324e-03
7.38201e+00	2.33358e-03
7.41342e+00	2.32399e-03
7.44483e+00	2.31447e-03
7.47625e+00	2.30504e-03
7.50766e+00	2.29567e-03
7.53907e+00	2.28638e-03
7.57048e+00	2.27715e-03
7.60190e+00	2.26800e-03
7.63331e+00	2.25892e-03
7.66472e+00	2.24991e-03
7.69613e+00	2.24097e-03
7.72755e+00	2.23209e-03
7.75896e+00	2.22329e-03
7.79037e+00	2.21455e-03
7.82179e+00	2.20587e-03
7.85320e+00	2.19726e-03
7.88461e+00	2.18871e-03
7.91602e+00	2.18023e-03
7.94744e+00	2.17181e-03
7.97885e+00	2.16345e-03
8.01026e+00	2.15516e-03
8.04168e+00	2.14692e-03
8.07309e+00	2.13875e-03
8.10450e+00	2.13063e-03
8.13591e+00	2.12257e-03
8.16733e+00	2.11458e-03
8.19874e+00	2.10663e-03
8.23015e+00	2.09875e-03
8.26156e+00	2.09092e-03
8.29298e+00	2.08315e-03
8.32439e+00	2.07543e-03
8.35580e+00	2.06777e-03
8.38722e+00	2.06016e-03
8.41863e+00	2.05260e-03
8.45004e+00	2.04510e-03
8.48145e+00	2.03764e-03
8.51287e+00	2.03024e-03
8.54428e+00	2.02289e-03
8.57569e+00	2.01559e-03
8.60711e+00	2.00834e-03
8.63852e+00	2.00114e-03
8.66993e+00	1.99399e-03
8.70134e+00	1.98688e-03
8.73276e+00	1.97982e-03
8.76417e+00	1.97281e-03
8.79558e+00	1.96585e-03
8.82700e+00	1.95893e-03
8.85841e+00	1.95206e-03
8.88982e+00	1.94522e-03
8.92123e+00	1.93845e-03
8.95265e+00	1.93169e-03
8.98406e+00	1.92499e-03
9.01547e+00	1.91832e-03
9.04688e+00	1.91170e-03
9.07830e+00	1.90512e-03
9.10971e+00	1.89858e-03
9.14112e+00	1.89209e-03
9.17254e+00	1.88563e-03
9.20395e+00	1.87921e-03
9.23536e+00	1.87283e-03
9.26677e+00	1.86650e-03
9.29819e+00	1.86020e-03
9.32960e+00	1.85393e-03
9.36101e+00	1.84771e-03
9.39243e+00	1.84152e-03
9.42384e+00	1.83537e-03
9.45525e+00	1.82926e-03
9.48666e+00	1.82318e-03
9.51808e+00	1.81714e-03
9.54949e+00	1.81113e-03
9.58090e+00	1.80516e-03
9.61232e+00	1.79922e-03
9.64373e+00	1.79333e-03
9.67514e+00	1.78745e-03
9.70655e+00	1.78160e-03
9.73797e+00	1.77580e-03
9.76938e+00	1.77002e-03
9.80079e+00	1.76428e-03
9.83220e+00	1.75856e-03
9.86362e+00	1.75288e-03
9.89503e+00	1.74724e-03
9.92644e+00	1.74162e-03
9.95786e+00	1.73602e-03
9.98927e+00	1.73047e-03
1.00207e+01	1.72498e-03
1.00521e+01	1.71934e-03
1.00835e+01	1.71381e-03
1.01149e+01	1.70829e-03
1.01463e+01	1.70281e-03
1.01777e+01	1.69735e-03
1.02092e+01	1.69193e-03
1.02406e+01	1.68654e-03
1.02720e+01	1.68117e-03
1.03034e+01	1.67584e-03
1.03348e+01	1.67053e-03
1.03662e+01	1.66525e-03
1.03976e+01	1.66000e-03
1.04290e+01	1.65478e-03
1.04605e+01	1.64958e-03
1.04919e+01	1.64442e-03
1.05233e+01	1.63928e-03
1.05547e+01	1.63414e-03
1.05861e+01	1.62910e-03
1.06175e+01	1.62399e-03
1.06489e+01	1.61887e-03
1.06804e+01	1.61380e-03
1.07118e+01	1.60875e-03
1.07432e+01	1.60374e-03
1.07746e+01	1.59874e-03
1.08060e+01	1.59378e-03
1.08374e+01	1.58884e-03
1.08688e+01	1.58393e-03
1.09002e+01	1.57904e-03
1.09317e+01	1.57418e-03
1.09631e+01	1.56935e-03
1.09945e+01	1.56454e-03
1.10259e+01	1.55975e-03
1.10573e+01	1.55499e-03
1.10887e+01	1.55026e-03
1.11201e+01	1.54555e-03
1.11515e+01	1.54086e-03
1.11830e+01	1.53620e-03
1.12144e+01	1.53156e-03
1.12458e+01	1.52695e-03
1.12772e+01	1.52235e-03
1.13086e+01	1.51779e-03
1.13400e+01	1.51324e-03
1.13714e+01	1.50872e-03
1.14028e+01	1.50422e-03
1.14343e+01	1.49974e-03
1.14657e+01	1.49528e-03
1.14971e+01	1.49085e-03
1.15285e+01	1.48643e-03
1.15599e+01	1.48204e-03
1.15913e+01	1.47689e-03
1.16227e+01	1.47085e-03
1.16541e+01	1.46303e-03
1.16856e+01	1.45376e-03
1.17170e+01	1.44489e-03
1.17484e+01	1.43664e-03
1.17798e+01	1.42799e-03
1.18112e+01	1.41900e-03
1.18426e+01	1.40919e-03
1.18740e+01	1.39637e-03
1.19054e+01	1.38561e-03
1.19369e+01	1.37564e-03
1.19683e+01	1.36607e-03
1.19997e+01	1.35661e-03
1.20311e+01	1.34714e-03
1.20625e+01	1.33760e-03
1.20939e+01	1.32799e-03
1.21253e+01	1.31826e-03
1.21568e+01	1.30833e-03
1.21882e+01	1.29821e-03
1.22196e+01	1.28786e-03
1.22510e+01	1.27719e-03
1.22824e+01	1.26619e-03
1.23138e+01	1.25489e-03
1.23452e+01	1.24339e-03
1.23766e+01	1.23172e-03
1.24081e+01	1.21988e-03
1.24395e+01	1.20783e-03
1.24709e+01	1.19553e-03
1.25023e+01	1.18301e-03
1.25337e+01	1.17030e-03
1.25651e+01	1.15738e-03
1.25965e+01	1.14424e-03
1.26279e+01	1.13100e-03
1.26594e+01	1.11771e-03
1.26908e+01	1.10440e-03
1.27222e+01	1.09110e-03
1.27536e+01	1.07789e-03
1.27850e+01	1.06480e-03
1.28164e+01	1.05183e-03
1.28478e+01	1.03915e-03
1.28792e+01	1.02697e-03
1.29107e+01	1.01520e-03
1.29421e+01	1.00322e-03
1.29735e+01	9.92137e-04
1.30049e+01	9.80974e-04
1.30363e+01	9.67410e-04
1.30677e+01	9.51869e-04
1.30991e+01	9.39004e-04
1.31305e+01	9.28361e-04
1.31620e+01	9.18432e-04
1.31934e+01	9.07793e-04
1.32248e+01	8.96858e-04
1.32562e+01	8.87092e-04
1.32876e+01	8.77941e-04
1.33190e+01	8.69315e-04
1.33504e+01	8.60973e-04
1.33819e+01	8.52733e-04
1.34133e+01	8.44379e-04
1.34447e+01	8.35812e-04
1.34761e+01	8.26860e-04
1.35075e+01	8.17891e-04
1.35389e+01	8.08964e-04
1.35703e+01	7.99974e-04
1.36017e+01	7.90925e-04
1.36332e+01	7.81835e-04
1.36646e+01	7.72715e-04
1.36960e+01	7.63571e-04
1.37274e+01	7.54405e-04
1.37588e+01	7.45222e-04
1.37902e+01	7.36025e-04
1.38216e+01	7.26814e-04
1.38530e+01	7.17581e-04
1.38845e+01	7.08314e-04
1.39159e+01	6.98976e-04
1.39473e+01	6.89553e-04
1.39787e+01	6.80055e-04
1.40101e+01	6.70484e-04
1.40415e+01	6.60845e-04
1.40729e+01	6.51158e-04
1.41043e+01	6.41422e-04
1.41358e+01	6.31640e-04
1.41672e+01	6.21824e-04
1.41986e+01	6.11982e-04
1.42300e+01	6.02124e-04
1.42614e+01	5.92239e-04
1.42928e+01	5.82331e-04
1.43242e+01	5.72407e-04
1.43556e+01	5.62477e-04
1.43871e+01	5.52551e-04
1.44185e+01	5.42635e-04
1.44499e+01	5.32739e-04
1.44813e+01	5.22869e-04
1.45127e+01	5.13034e-04
1.45441e+01	5.03239e-04
1.45755e+01	4.93493e-04
1.46069e+01	4.83801e-04
1.46384e+01	4.74169e-04
1.46698e+01	4.64603e-04
1.47012e+01	4.55108e-04
1.47326e+01	4.45689e-04
1.47640e+01	4.36351e-04
1.47954e+01	4.27098e-04
1.48268e+01	4.17933e-04
1.48583e+01	4.08860e-04
1.48897e+01	3.99883e-04
1.49211e+01	3.91005e-04
1.49525e+01	3.82229e-04
1.49839e+01	3.73559e-04
1.50153e+01	3.65005e-04
1.50467e+01	3.56585e-04
1.50781e+01	3.48308e-04
1.51096e+01	3.40174e-04
1.51410e+01	3.32184e-04
1.51724e+01	3.24336e-04
1.52038e+01	3.16631e-04
1.52352e+01	3.09067e-04
1.52666e+01	3.01643e-04
1.52980e+01	2.94360e-04
1.53294e+01	2.87216e-04
1.53609e+01	2.80211e-04
1.53923e+01	2.73342e-04
1.54237e+01	2.66610e-04
1.54551e+01	2.60013e-04
1.54865e+01	2.53550e-04
1.55179e+01	2.47220e-04
1.55493e+01	2.41022e-04
1.55807e+01	2.34954e-04
1.56122e+01	2.29015e-04
1.56436e+01	2.23204e-04
1.56750e+01	2.17520e-04
1.57064e+01	2.11960e-04
1.57378e+01	2.06524e-04
1.57692e+01	2.01211e-04
1.58006e+01	1.95987e-04
1.58320e+01	1.90846e-04
1.58635e+01	1.85788e-04
1.58949e+01	1.80815e-04
1.59263e+01	1.75928e-04
1.59577e+01	1.71126e-04
1.59891e+01	1.66412e-04
1.60205e+01	1.61788e-04
1.60519e+01	1.57261e-04
1.60834e+01	1.52830e-04
1.61148e+01	1.48496e-04
1.61462e+01	1.44258e-04
1.61776e+01	1.40115e-04
1.62090e+01	1.36066e-04
1.62404e+01	1.32110e-04
1.62718e+01	1.28245e-04
1.63032e+01	1.24472e-04
1.63347e+01	1.20788e-04
1.63661e+01	1.17193e-04
1.63975e+01	1.13685e-04
1.64289e+01	1.10263e-04
1.64603e+01	1.06926e-04
1.64917e+01	1.03673e-04
1.65231e+01	1.00502e-04
1.65545e+01	9.74098e-05
1.65860e+01	9.43961e-05
1.66174e+01	9.14597e-05
1.66488e+01	8.85991e-05
1.66802e+01	8.58128e-05
1.67116e+01	8.30998e-05
1.67430e+01	8.04588e-05
1.67744e+01	7.78885e-05
1.68058e+01	7.53876e-05
1.68373e+01	7.29547e-05
1.68687e+01	7.05884e-05
1.69001e+01	6.82877e-05
1.69315e+01	6.60511e-05
1.69629e+01	6.38772e-05
1.69943e+01	6.17649e-05
1.70257e+01	5.97133e-05
1.70571e+01	5.77214e-05
1.70886e+01	5.57880e-05
1.71200e+01	5.39120e-05
1.71514e+01	5.20920e-05
1.71828e+01	5.03265e-05
1.72142e+01	4.86142e-05
1.72456e+01	4.69540e-05
1.72770e+01	4.53444e-05
1.73084e+01	4.37844e-05
1.73399e+01	4.22724e-05
1.73713e+01	4.08073e-05
1.74027e+01	3.93879e-05
1.74341e+01	3.80130e-05
1.74655e+01	3.66814e-05
1.74969e+01	3.53919e-05
1.75283e+01	3.41434e-05
1.75598e+01	3.29346e-05
1.75912e+01	3.17645e-05
1.76226e+01	3.06319e-05
1.76540e+01	2.95358e-05
1.76854e+01	2.84753e-05
1.77168e+01	2.74493e-05
1.77482e+01	2.64569e-05
1.77796e+01	2.54971e-05
1.78111e+01	2.45689e-05
1.78425e+01	2.36715e-05
1.78739e+01	2.28040e-05
1.79053e+01	2.19654e-05
1.79367e+01	2.11550e-05
1.79681e+01	2.03719e-05
1.79995e+01	1.96154e-05
1.80309e+01	1.88849e-05
1.80624e+01	1.81797e-05
1.80938e+01	1.74992e-05
1.81252e+01	1.68425e-05
1.81566e+01	1.62089e-05
1.81880e+01	1.55978e-05
1.82194e+01	1.50083e-05
1.82508e+01	1.44397e-05
1.82822e+01	1.38914e-05
1.83137e+01	1.33626e-05
1.83451e+01	1.28529e-05
1.83765e+01	1.23614e-05
1.84079e+01	1.18877e-05
1.84393e+01	1.14311e-05
1.84707e+01	1.09911e-05
1.85021e+01	1.05671e-05
1.85335e+01	1.01586e-05
1.85650e+01	9.76490e-06
1.85964e+01	9.38564e-06
1.86278e+01	9.02028e-06
1.86592e+01	8.66834e-06
1.86906e+01	8.32938e-06
1.87220e+01	8.00294e-06
1.87534e+01	7.68860e-06
1.87849e+01	7.38593e-06
1.88163e+01	7.09453e-06
1.88477e+01	6.81402e-06
1.88791e+01	6.54402e-06
1.89105e+01	6.28415e-06
1.89419e+01	6.03405e-06
1.89733e+01	5.79340e-06
1.90047e+01	5.56188e-06
1.90362e+01	5.33921e-06
1.90676e+01	5.12508e-06
1.90990e+01	4.91921e-06
1.91304e+01	4.72130e-06
1.91618e+01	4.53106e-06
1.91932e+01	4.34819e-06
1.92246e+01	4.17244e-06
1.92560e+01	4.00353e-06
1.92875e+01	3.84121e-06
1.93189e+01	3.68524e-06
1.93503e+01	3.53537e-06
1.93817e+01	3.39138e-06
1.94131e+01	3.25306e-06
1.94445e+01	3.12017e-06
1.94759e+01	2.99253e-06
1.95073e+01	2.86993e-06
1.95388e+01	2.75217e-06
1.95702e+01	2.63909e-06
1.96016e+01	2.53049e-06
1.96330e+01	2.42620e-06
1.96644e+01	2.32605e-06
1.96958e+01	2.22990e-06
1.97272e+01	2.13758e-06
1.97586e+01	2.04896e-06
1.97901e+01	1.96388e-06
1.98215e+01	1.88221e-06
1.98529e+01	1.80381e-06
1.98843e+01	1.72855e-06
1.99157e+01	1.65633e-06
1.99471e+01	1.58701e-06
1.99785e+01	1.52049e-06
2.00099e+01	1.45666e-06
2.00414e+01	1.39541e-06
2.00728e+01	1.33666e-06
2.01042e+01	1.28029e-06
2.01356e+01	1.22623e-06
2.01670e+01	1.17437e-06
2.01984e+01	1.12464e-06
2.02298e+01	1.07694e-06
2.02613e+01	1.03121e-06
2.02927e+01	9.87353e-07
2.03241e+01	9.45304e-07
2.03555e+01	9.04988e-07
2.03869e+01	8.66336e-07
2.04183e+01	8.29282e-07
2.04497e+01	7.93762e-07
2.04811e+01	7.59714e-07
2.05126e+01	7.27086e-07
2.05440e+01	6.95824e-07
2.05754e+01	6.65874e-07
2.06068e+01	6.37182e-07
2.06382e+01	6.09698e-07
2.06696e+01	5.83372e-07
2.07010e+01	5.58157e-07
2.07324e+01	5.34007e-07
2.07639e+01	5.10878e-07
2.07953e+01	4.88728e-07
2.08267e+01	4.67517e-07
2.08581e+01	4.47206e-07
2.08895e+01	4.27757e-07
2.09209e+01	4.09135e-07
2.09523e+01	3.91306e-07
2.09837e+01	3.74237e-07
2.10152e+01	3.57897e-07
2.10466e+01	3.42257e-07
2.10780e+01	3.27287e-07
2.11094e+01	3.12960e-07
2.11408e+01	2.99250e-07
2.11722e+01	2.86128e-07
2.12036e+01	2.73572e-07
2.12350e+01	2.61557e-07
2.12665e+01	2.50061e-07
2.12979e+01	2.39061e-07
2.13293e+01	2.28537e-07
2.13607e+01	2.18468e-07
2.13921e+01	2.08835e-07
2.14235e+01	1.99620e-07
2.14549e+01	1.90805e-07
2.14864e+01	1.82371e-07
2.15178e+01	1.74304e-07
2.15492e+01	1.66587e-07
2.15806e+01	1.59205e-07
2.16120e+01	1.52145e-07
2.16434e+01	1.45391e-07
2.16748e+01	1.38932e-07
2.17062e+01	1.32754e-07
2.17377e+01	1.26845e-07
2.17691e+01	1.21194e-07
2.18005e+01	1.15791e-07
2.18319e+01	1.10623e-07
2.18633e+01	1.05681e-07
2.18947e+01	1.00956e-07
2.19261e+01	9.64386e-08
2.19575e+01	9.21195e-08
2.19890e+01	8.79909e-08
2.20204e+01	8.40443e-08
2.20518e+01	8.02720e-08
2.20832e+01	7.66673e-08
2.21146e+01	7.32232e-08
2.21460e+01	6.99327e-08
2.21774e+01	6.67889e-08
2.22088e+01	6.37854e-08
2.22403e+01	6.09160e-08
2.22717e+01	5.81747e-08
2.23031e+01	5.55558e-08
2.23345e+01	5.30540e-08
2.23659e+01	5.06641e-08
2.23973e+01	4.83811e-08
2.24287e+01	4.62002e-08
2.24601e+01	4.41169e-08
2.24916e+01	4.21268e-08
2.25230e+01	4.02258e-08
2.25544e+01	3.84098e-08
2.25858e+01	3.66752e-08
2.26172e+01	3.50182e-08
2.26486e+01	3.34354e-08
2.26800e+01	3.19234e-08
2.27115e+01	3.04792e-08
2.27429e+01	2.90997e-08
2.27743e+01	2.77821e-08
2.28057e+01	2.65235e-08
2.28371e+01	2.53215e-08
2.28685e+01	2.41734e-08
2.28999e+01	2.30770e-08
2.29313e+01	2.20298e-08
2.29628e+01	2.10296e-08
2.29942e+01	2.00745e-08
2.30256e+01	1.91625e-08
2.30570e+01	1.82916e-08
2.30884e+01	1.74601e-08
2.31198e+01	1.66662e-08
2.31512e+01	1.59081e-08
2.31826e+01	1.51844e-08
2.32141e+01	1.44934e-08
2.32455e+01	1.38337e-08
2.32769e+01	1.32039e-08
2.33083e+01	1.26026e-08
2.33397e+01	1.20285e-08
2.33711e+01	1.14805e-08
2.34025e+01	1.09573e-08
2.34339e+01	1.04578e-08
2.34654e+01	9.98104e-09
2.34968e+01	9.52586e-09
2.35282e+01	9.09135e-09
2.35596e+01	8.67657e-09
2.35910e+01	8.28064e-09
2.36224e+01	7.90269e-09
2.36538e+01	7.54192e-09
2.36852e+01	7.19756e-09
2.37167e+01	6.86885e-09
2.37481e+01	6.55510e-09
2.37795e+01	6.25562e-09
2.38109e+01	5.96976e-09
2.38423e+01	5.69691e-09
2.38737e+01	5.43649e-09
2.39051e+01	5.18792e-09
2.39365e+01	4.95067e-09
2.39680e+01	4.72423e-09
2.39994e+01	4.50810e-09
2.40308e+01	4.30182e-09
2.40622e+01	4.10495e-09
2.40936e+01	3.91705e-09
2.41250e+01	3.73771e-09
2.41564e+01	3.56655e-09
2.41879e+01	3.40319e-09
2.42193e+01	3.24728e-09
2.42507e+01	3.09848e-09
2.42821e+01	2.95647e-09
2.43135e+01	2.82094e-09
2.43449e+01	2.69160e-09
2.43763e+01	2.56816e-09
2.44077e+01	2.45036e-09
2.44392e+01	2.33794e-09
2.44706e+01	2.23066e-09
2.45020e+01	2.12827e-09
2.45334e+01	2.03057e-09
2.45648e+01	1.93733e-09
2.45962e+01	1.84835e-09
2.46276e+01	1.76344e-09
2.46590e+01	1.68241e-09
2.46905e+01	1.60508e-09
2.47219e+01	1.53129e-09
2.47533e+01	1.46087e-09
2.47847e+01	1.39367e-09
2.48161e+01	1.32954e-09
2.48475e+01	1.26835e-09
2.48789e+01	1.20995e-09
2.49103e+01	1.15423e-09
2.49418e+01	1.10107e-09
2.49732e+01	1.05034e-09
2.50046e+01	1.00193e-09
2.50360e+01	9.55745e-10
2.50674e+01	9.11676e-10
2.50988e+01	8.69635e-10
2.51302e+01	8.29527e-10
2.51616e+01	7.91267e-10
2.51931e+01	7.54766e-10
2.52245e+01	7.19945e-10
2.52559e+01	6.86726e-10
2.52873e+01	6.55036e-10
2.53187e+01	6.24805e-10
2.53501e+01	5.95965e-10
2.53815e+01	5.68453e-10
2.54130e+01	5.42209e-10
2.54444e+01	5.17172e-10
2.54758e+01	4.93285e-10
2.55072e+01	4.70496e-10
2.55386e+01	4.48755e-10
2.55700e+01	4.28013e-10
2.56014e+01	4.08226e-10
2.56328e+01	3.89348e-10
2.56643e+01	3.71337e-10
2.56957e+01	3.54153e-10
2.57271e+01	3.37759e-10
2.57585e+01	3.22118e-10
2.57899e+01	3.07197e-10
2.58213e+01	2.92962e-10
2.58527e+01	2.79382e-10
2.58841e+01	2.66426e-10
2.59156e+01	2.54067e-10
2.59470e+01	2.42277e-10
2.59784e+01	2.31029e-10
2.60098e+01	2.20302e-10
2.60412e+01	2.10071e-10
2.60726e+01	2.00314e-10
2.61040e+01	1.91009e-10
2.61354e+01	1.82136e-10
2.61669e+01	1.73674e-10
2.61983e+01	1.65604e-10
2.62297e+01	1.57909e-10
2.62611e+01	1.50571e-10
2.62925e+01	1.43574e-10
2.63239e+01	1.36901e-10
2.63553e+01	1.30538e-10
2.63867e+01	1.24470e-10
2.64182e+01	1.18684e-10
2.64496e+01	1.13166e-10
2.64810e+01	1.07904e-10
2.65124e+01	1.02887e-10
2.65438e+01	9.81029e-11
2.65752e+01	9.35408e-11
2.66066e+01	8.91906e-11
2.66380e+01	8.50425e-11
2.66695e+01	8.10870e-11
2.67009e+01	7.73154e-11
2.67323e+01	7.37190e-11
2.67637e+01	7.02897e-11
2.67951e+01	6.70198e-11
2.68265e+01	6.39018e-11
2.68579e+01	6.09288e-11
2.68894e+01	5.80939e-11
2.69208e+01	5.53909e-11
2.69522e+01	5.28135e-11
2.69836e+01	5.03559e-11
2.70150e+01	4.80126e-11
2.70464e+01	4.57783e-11
2.70778e+01	4.36478e-11
2.71092e+01	4.16164e-11
2.71407e+01	3.96794e-11
2.71721e+01	3.78326e-11
2.72035e+01	3.60716e-11
2.72349e+01	3.43926e-11
2.72663e+01	3.27916e-11
2.72977e+01	3.12652e-11
2.73291e+01	2.98098e-11
2.73605e+01	2.84221e-11
2.73920e+01	2.70990e-11
2.74234e+01	2.58374e-11
2.74548e+01	2.46346e-11
2.74862e+01	2.34877e-11
2.75176e+01	2.23942e-11
2.75490e+01	2.13516e-11
2.75804e+01	2.03576e-11
2.76118e+01	1.94097e-11
2.76433e+01	1.85060e-11
2.76747e+01	1.76444e-11
2.77061e+01	1.68229e-11
2.77375e+01	1.60397e-11
2.77689e+01	1.52929e-11
2.78003e+01	1.45809e-11
2.78317e+01	1.39020e-11
2.78631e+01	1.32548e-11
2.78946e+01	1.26377e-11
2.79260e+01	1.20493e-11
2.79574e+01	1.14883e-11
2.79888e+01	1.09534e-11
2.80202e+01	1.04435e-11
2.80516e+01	9.95723e-12
2.80830e+01	9.49363e-12
2.81145e+01	9.05162e-12
2.81459e+01	8.63018e-12
2.81773e+01	8.22835e-12
2.82087e+01	7.84522e-12
2.82401e+01	7.47992e-12
2.82715e+01	7.13163e-12
2.83029e+01	6.79954e-12
2.83343e+01	6.48292e-12
2.83658e+01	6.18104e-12
2.83972e+01	5.89321e-12
2.84286e+01	5.61878e-12
2.84600e+01	5.35714e-12
2.84914e+01	5.10768e-12
2.85228e+01	4.86983e-12
2.85542e+01	4.64307e-12
2.85856e+01	4.42687e-12
2.86171e+01	4.22074e-12
2.86485e+01	4.02421e-12
2.86799e+01	3.83684e-12
2.87113e+01	3.65820e-12
2.87427e+01	3.48788e-12
2.87741e+01	3.32550e-12
2.88055e+01	3.17069e-12
2.88369e+01	3.02309e-12
2.88684e+01	2.88237e-12
2.88998e+01	2.74822e-12
2.89312e+01	2.62032e-12
2.89626e+01	2.49838e-12
2.89940e+01	2.38213e-12
2.90254e+01	2.27130e-12
2.90568e+01	2.16565e-12
2.90882e+01	2.06492e-12
2.91197e+01	1.96889e-12
2.91511e+01	1.87735e-12
2.91825e+01	1.79007e-12
2.92139e+01	1.70687e-12
2.92453e+01	1.62756e-12
2.92767e+01	1.55195e-12
2.93081e+01	1.47987e-12
2.93395e+01	1.41116e-12
2.93710e+01	1.34566e-12
2.94024e+01	1.28323e-12
2.94338e+01	1.22371e-12
2.94652e+01	1.16698e-12
2.94966e+01	1.11290e-12
2.95280e+01	1.06136e-12
2.95594e+01	1.01223e-12
2.95909e+01	9.65404e-13
2.96223e+01	9.20774e-13
2.96537e+01	8.78238e-13
2.96851e+01	8.37700e-13
2.97165e+01	7.99068e-13
2.97479e+01	7.62253e-13
2.97793e+01	7.27172e-13
2.98107e+01	6.93745e-13
2.98422e+01	6.61897e-13
2.98736e+01	6.31555e-13
2.99050e+01	6.02651e-13
2.99364e+01	5.75119e-13
2.99678e+01	5.48895e-13
2.99992e+01	5.23919e-13
3.00306e+01	5.00134e-13
3.00620e+01	4.77486e-13
3.00935e+01	4.55925e-13
3.01249e+01	4.35403e-13
3.01563e+01	4.15873e-13
3.01877e+01	3.97290e-13
3.02191e+01	3.79612e-13
3.02505e+01	3.62799e-13
3.02819e+01	3.46812e-13
3.03133e+01	3.31615e-13
3.03448e+01	3.17173e-13
3.03762e+01	3.03453e-13
3.04076e+01	2.90425e-13
3.04390e+01	2.78057e-13
3.04704e+01	2.66323e-13
3.05018e+01	2.55196e-13
3.05332e+01	2.44649e-13
3.05646e+01	2.34659e-13
3.05961e+01	2.25203e-13
3.06275e+01	2.16259e-13
3.06589e+01	2.07807e-13
3.06903e+01	1.99828e-13
3.07217e+01	1.92303e-13
3.07531e+01	1.85215e-13
3.07845e+01	1.78547e-13
3.08160e+01	1.72285e-13
3.08474e+01	1.66414e-13
3.08788e+01	1.60920e-13
3.09102e+01	1.55790e-13
3.09416e+01	1.51013e-13
3.09730e+01	1.46578e-13
3.10044e+01	1.42473e-13
3.10358e+01	1.38690e-13
3.10673e+01	1.35219e-13
3.10987e+01	1.32052e-13
3.11301e+01	1.29180e-13
3.11615e+01	1.26597e-13
3.11929e+01	1.24297e-13
3.12243e+01	1.22272e-13
3.12557e+01	1.20517e-13
3.12871e+01	1.19027e-13
3.13186e+01	1.17797e-13
3.13500e+01	1.16822e-13
3.13814e+01	1.16099e-13
3.14128e+01	1.15606e-13
