# The ell = 1 distribution, the first anisotropy.
# E_N [Td]	9.00000e+00
# col_1: Electron Energy [eV], col_2: f1 [eV^(-3/2)]
eV	f1
1.98960e-02	3.24146e-04
3.97920e-02	1.56398e-03
5.96881e-02	2.43943e-03
7.95841e-02	2.91835e-03
9.94801e-02	3.18293e-03
1.19376e-01	3.27876e-03
1.39272e-01	3.27827e-03
1.59168e-01	3.25108e-03
1.79064e-01	3.21255e-03
1.98960e-01	3.17215e-03
2.18856e-01	3.13595e-03
2.38752e-01	3.09104e-03
2.58648e-01	3.03393e-03
2.78544e-01	2.97974e-03
2.98440e-01	2.95139e-03
3.18336e-01	2.94734e-03
3.38232e-01	2.91154e-03
3.58128e-01	2.86197e-03
3.78024e-01	2.81192e-03
3.97920e-01	2.76365e-03
4.17816e-01	2.71851e-03
4.37712e-01	2.67671e-03
4.57609e-01	2.63775e-03
4.77505e-01	2.60124e-03
4.97401e-01	2.56711e-03
5.17297e-01	2.53521e-03
5.37193e-01	2.50532e-03
5.57089e-01	2.47719e-03
5.76985e-01	2.45072e-03
5.96881e-01	2.42609e-03
6.16777e-01	2.40332e-03
6.36673e-01	2.38222e-03
6.56569e-01	2.36254e-03
6.76465e-01	2.34406e-03
6.96361e-01	2.32657e-03
7.16257e-01	2.30953e-03
7.36153e-01	2.29284e-03
7.56049e-01	2.27642e-03
7.75945e-01	2.26023e-03
7.95841e-01	2.24431e-03
8.15737e-01	2.22862e-03
8.35633e-01	2.21318e-03
8.55529e-01	2.19790e-03
8.75425e-01	2.18273e-03
8.95321e-01	2.16760e-03
9.15217e-01	2.15246e-03
9.35113e-01	2.13732e-03
9.55009e-01	2.12212e-03
9.74905e-01	2.10697e-03
9.94801e-01	2.09164e-03
1.01470e+00	2.07611e-03
1.03459e+00	2.06045e-03
1.05449e+00	2.04465e-03
1.07439e+00	2.02870e-03
1.09428e+00	2.01263e-03
1.11418e+00	1.99649e-03
1.13407e+00	1.98015e-03
1.15397e+00	1.96357e-03
1.17387e+00	1.94679e-03
1.19376e+00	1.92986e-03
1.21366e+00	1.91313e-03
1.23355e+00	1.89654e-03
1.25345e+00	1.87978e-03
1.27335e+00	1.86288e-03
1.29324e+00	1.84569e-03
1.31314e+00	1.82826e-03
1.33303e+00	1.81063e-03
1.35293e+00	1.79290e-03
1.37283e+00	1.77542e-03
1.39272e+00	1.75823e-03
1.41262e+00	1.74111e-03
1.43251e+00	1.72408e-03
1.45241e+00	1.70719e-03
1.47231e+00	1.69043e-03
1.49220e+00	1.67455e-03
1.51210e+00	1.65957e-03
1.53199e+00	1.64433e-03
1.55189e+00	1.62874e-03
1.57179e+00	1.61297e-03
1.59168e+00	1.59712e-03
1.61158e+00	1.58130e-03
1.63147e+00	1.56568e-03
1.65137e+00	1.55029e-03
1.67127e+00	1.53508e-03
1.69116e+00	1.51999e-03
1.71106e+00	1.50526e-03
1.73095e+00	1.49074e-03
1.75085e+00	1.47653e-03
1.77075e+00	1.46259e-03
1.79064e+00	1.44892e-03
1.81054e+00	1.43552e-03
1.83043e+00	1.42237e-03
1.85033e+00	1.40948e-03
1.87023e+00	1.39683e-03
1.89012e+00	1.38442e-03
1.91002e+00	1.37225e-03
1.92991e+00	1.36032e-03
1.94981e+00	1.34857e-03
1.96971e+00	1.33705e-03
1.98960e+00	1.32577e-03
2.00950e+00	1.31457e-03
2.02939e+00	1.30373e-03
2.04929e+00	1.29302e-03
2.06919e+00	1.28250e-03
2.08908e+00	1.27217e-03
2.10898e+00	1.26201e-03
2.12887e+00	1.25202e-03
2.14877e+00	1.24221e-03
2.16867e+00	1.23256e-03
2.18856e+00	1.22307e-03
2.20846e+00	1.21375e-03
2.22835e+00	1.20458e-03
2.24825e+00	1.19557e-03
2.26815e+00	1.18671e-03
2.28804e+00	1.17800e-03
2.30794e+00	1.16943e-03
2.32783e+00	1.16101e-03
2.34773e+00	1.15272e-03
2.36763e+00	1.14458e-03
2.38752e+00	1.13656e-03
2.40742e+00	1.12869e-03
2.42731e+00	1.12094e-03
2.44721e+00	1.11331e-03
2.46711e+00	1.10581e-03
2.48700e+00	1.09846e-03
2.50690e+00	1.09121e-03
2.52679e+00	1.08408e-03
2.54669e+00	1.07709e-03
2.56659e+00	1.07021e-03
2.58648e+00	1.06343e-03
2.60638e+00	1.05677e-03
2.62627e+00	1.05021e-03
2.64617e+00	1.04376e-03
2.66607e+00	1.03742e-03
2.68596e+00	1.03117e-03
2.70586e+00	1.02503e-03
2.72576e+00	1.01899e-03
2.74565e+00	1.01304e-03
2.76555e+00	1.00719e-03
2.78544e+00	1.00144e-03
2.80534e+00	9.95778e-04
2.82524e+00	9.90208e-04
2.84513e+00	9.84729e-04
2.86503e+00	9.79337e-04
2.88492e+00	9.74031e-04
2.90482e+00	9.68812e-04
2.92472e+00	9.63676e-04
2.94461e+00	9.58618e-04
2.96451e+00	9.53658e-04
2.98440e+00	9.48756e-04
3.00430e+00	9.43927e-04
3.02420e+00	9.39180e-04
3.04409e+00	9.34514e-04
3.06399e+00	9.29908e-04
3.08388e+00	9.25381e-04
3.10378e+00	9.20926e-04
3.12368e+00	9.16542e-04
3.14357e+00	9.12226e-04
3.16347e+00	9.07980e-04
3.18336e+00	9.03798e-04
3.20326e+00	8.99688e-04
3.22316e+00	8.95640e-04
3.24305e+00	8.91657e-04
3.26295e+00	8.87737e-04
3.28284e+00	8.83878e-04
3.30274e+00	8.80081e-04
3.32264e+00	8.76343e-04
3.34253e+00	8.72664e-04
3.36243e+00	8.69043e-04
3.38232e+00	8.65478e-04
3.40222e+00	8.61970e-04
3.42212e+00	8.58517e-04
3.44201e+00	8.55117e-04
3.46191e+00	8.51771e-04
3.48180e+00	8.48478e-04
3.50170e+00	8.45236e-04
3.52160e+00	8.42045e-04
3.54149e+00	8.38904e-04
3.56139e+00	8.35811e-04
3.58128e+00	8.32769e-04
3.60118e+00	8.29773e-04
3.62108e+00	8.26824e-04
3.64097e+00	8.23923e-04
3.66087e+00	8.21064e-04
3.68076e+00	8.18251e-04
3.70066e+00	8.15482e-04
3.72056e+00	8.12756e-04
3.74045e+00	8.10072e-04
3.76035e+00	8.07431e-04
3.78024e+00	8.04830e-04
3.80014e+00	8.02270e-04
3.82004e+00	7.99750e-04
3.83993e+00	7.97269e-04
3.85983e+00	7.94826e-04
3.87972e+00	7.92422e-04
3.89962e+00	7.90055e-04
3.91952e+00	7.87726e-04
3.93941e+00	7.85461e-04
3.95931e+00	7.83179e-04
3.97920e+00	7.80860e-04
3.99910e+00	7.78964e-04
4.01900e+00	7.76933e-04
4.03889e+00	7.74980e-04
4.05879e+00	7.72966e-04
4.07868e+00	7.71137e-04
4.09858e+00	7.69290e-04
4.11848e+00	7.67479e-04
4.13837e+00	7.65700e-04
4.15827e+00	7.63951e-04
4.17816e+00	7.62233e-04
4.19806e+00	7.60545e-04
4.21796e+00	7.58887e-04
4.23785e+00	7.57257e-04
4.25775e+00	7.55659e-04
4.27764e+00	7.54088e-04
4.29754e+00	7.52545e-04
4.31744e+00	7.51030e-04
4.33733e+00	7.49542e-04
4.35723e+00	7.48081e-04
4.37712e+00	7.46647e-04
4.39702e+00	7.45238e-04
4.41692e+00	7.43855e-04
4.43681e+00	7.42496e-04
4.45671e+00	7.41162e-04
4.47660e+00	7.39852e-04
4.49650e+00	7.38566e-04
4.51640e+00	7.37304e-04
4.53629e+00	7.36063e-04
4.55619e+00	7.34846e-04
4.57609e+00	7.33651e-04
4.59598e+00	7.32478e-04
4.61588e+00	7.31326e-04
4.63577e+00	7.30196e-04
4.65567e+00	7.29086e-04
4.67557e+00	7.27997e-04
4.69546e+00	7.26928e-04
4.71536e+00	7.25877e-04
4.73525e+00	7.24850e-04
4.75515e+00	7.23841e-04
4.77505e+00	7.22850e-04
4.79494e+00	7.21878e-04
4.81484e+00	7.20925e-04
4.83473e+00	7.19987e-04
4.85463e+00	7.19067e-04
4.87453e+00	7.18166e-04
4.89442e+00	7.17285e-04
4.91432e+00	7.16395e-04
4.93421e+00	7.15573e-04
4.95411e+00	7.14746e-04
4.97401e+00	7.13937e-04
4.99390e+00	7.13167e-04
5.01380e+00	7.12318e-04
5.03369e+00	7.11636e-04
5.05359e+00	7.10923e-04
5.07349e+00	7.10225e-04
5.09338e+00	7.09542e-04
5.11328e+00	7.08870e-04
5.13317e+00	7.08214e-04
5.15307e+00	7.07572e-04
5.17297e+00	7.06942e-04
5.19286e+00	7.06324e-04
5.21276e+00	7.05719e-04
5.23265e+00	7.05127e-04
5.25255e+00	7.04542e-04
5.27245e+00	7.03970e-04
5.29234e+00	7.03410e-04
5.31224e+00	7.02860e-04
5.33213e+00	7.02319e-04
5.35203e+00	7.01792e-04
5.37193e+00	7.01274e-04
5.39182e+00	7.00765e-04
5.41172e+00	7.00266e-04
5.43161e+00	6.99776e-04
5.45151e+00	6.99297e-04
5.47141e+00	6.98823e-04
5.49130e+00	6.98358e-04
5.51120e+00	6.97902e-04
5.53109e+00	6.97454e-04
5.55099e+00	6.97012e-04
5.57089e+00	6.96580e-04
5.59078e+00	6.96155e-04
5.61068e+00	6.95737e-04
5.63057e+00	6.95326e-04
5.65047e+00	6.94920e-04
5.67037e+00	6.94524e-04
5.69026e+00	6.94129e-04
5.71016e+00	6.93740e-04
5.73005e+00	6.93357e-04
5.74995e+00	6.92980e-04
5.76985e+00	6.92609e-04
5.78974e+00	6.92238e-04
5.80964e+00	6.91879e-04
5.82953e+00	6.91521e-04
5.84943e+00	6.91168e-04
5.86933e+00	6.90818e-04
5.88922e+00	6.90463e-04
5.90912e+00	6.90154e-04
5.92901e+00	6.89771e-04
5.94891e+00	6.89422e-04
5.96881e+00	6.89071e-04
5.98870e+00	6.88724e-04
6.00860e+00	6.88355e-04
6.02849e+00	6.88087e-04
6.04839e+00	6.87654e-04
6.06829e+00	6.87286e-04
6.08818e+00	6.86912e-04
6.10808e+00	6.86540e-04
6.12797e+00	6.86170e-04
6.14787e+00	6.85799e-04
6.16777e+00	6.85432e-04
6.18766e+00	6.85066e-04
6.20756e+00	6.84699e-04
6.22745e+00	6.84333e-04
6.24735e+00	6.83966e-04
6.26725e+00	6.83601e-04
6.28714e+00	6.83234e-04
6.30704e+00	6.82864e-04
6.32694e+00	6.82495e-04
6.34683e+00	6.82125e-04
6.36673e+00	6.81754e-04
6.38662e+00	6.81381e-04
6.40652e+00	6.81008e-04
6.42642e+00	6.80631e-04
6.44631e+00	6.80252e-04
6.46621e+00	6.79872e-04
6.48610e+00	6.79489e-04
6.50600e+00	6.79105e-04
6.52590e+00	6.78715e-04
6.54579e+00	6.78327e-04
6.56569e+00	6.77937e-04
6.58558e+00	6.77542e-04
6.60548e+00	6.77145e-04
6.62538e+00	6.76743e-04
6.64527e+00	6.76338e-04
6.66517e+00	6.75932e-04
6.68506e+00	6.75515e-04
6.70496e+00	6.75097e-04
6.72486e+00	6.74674e-04
6.74475e+00	6.74246e-04
6.76465e+00	6.73813e-04
6.78454e+00	6.73376e-04
6.80444e+00	6.72934e-04
6.82434e+00	6.72484e-04
6.84423e+00	6.72029e-04
6.86413e+00	6.71569e-04
6.88402e+00	6.71103e-04
6.90392e+00	6.70600e-04
6.92382e+00	6.70190e-04
6.94371e+00	6.69676e-04
6.96361e+00	6.69041e-04
6.98350e+00	6.68466e-04
7.00340e+00	6.67877e-04
7.02330e+00	6.67283e-04
7.04319e+00	6.66658e-04
7.06309e+00	6.66113e-04
7.08298e+00	6.65461e-04
7.10288e+00	6.64738e-04
7.12278e+00	6.64051e-04
7.14267e+00	6.63354e-04
7.16257e+00	6.62651e-04
7.18246e+00	6.61941e-04
7.20236e+00	6.61224e-04
7.22226e+00	6.60501e-04
7.24215e+00	6.59771e-04
7.26205e+00	6.59034e-04
7.28194e+00	6.58289e-04
7.30184e+00	6.57538e-04
7.32174e+00	6.56779e-04
7.34163e+00	6.56012e-04
7.36153e+00	6.55238e-04
7.38142e+00	6.54458e-04
7.40132e+00	6.53669e-04
7.42122e+00	6.52872e-04
7.44111e+00	6.52067e-04
7.46101e+00	6.51254e-04
7.48090e+00	6.50433e-04
7.50080e+00	6.49604e-04
7.52070e+00	6.48766e-04
7.54059e+00	6.47920e-04
7.56049e+00	6.47065e-04
7.58038e+00	6.46201e-04
7.60028e+00	6.45329e-04
7.62018e+00	6.44448e-04
7.64007e+00	6.43557e-04
7.65997e+00	6.42658e-04
7.67986e+00	6.41750e-04
7.69976e+00	6.40832e-04
7.71966e+00	6.39905e-04
7.73955e+00	6.38969e-04
7.75945e+00	6.38023e-04
7.77934e+00	6.37068e-04
7.79924e+00	6.36102e-04
7.81914e+00	6.35127e-04
7.83903e+00	6.34143e-04
7.85893e+00	6.33148e-04
7.87882e+00	6.32143e-04
7.89872e+00	6.31129e-04
7.91862e+00	6.30104e-04
7.93851e+00	6.29069e-04
7.95841e+00	6.28023e-04
7.97830e+00	6.26967e-04
7.99820e+00	6.25901e-04
8.01810e+00	6.24825e-04
8.03799e+00	6.23737e-04
8.05789e+00	6.22639e-04
8.07778e+00	6.21531e-04
8.09768e+00	6.20412e-04
8.11758e+00	6.19281e-04
8.13747e+00	6.18140e-04
8.15737e+00	6.16989e-04
8.17727e+00	6.15826e-04
8.19716e+00	6.14652e-04
8.21706e+00	6.13467e-04
8.23695e+00	6.12271e-04
8.25685e+00	6.11063e-04
8.27675e+00	6.09845e-04
8.29664e+00	6.08615e-04
8.31654e+00	6.07375e-04
8.33643e+00	6.06122e-04
8.35633e+00	6.04859e-04
8.37623e+00	6.03584e-04
8.39612e+00	6.02297e-04
8.41602e+00	6.00999e-04
8.43591e+00	5.99690e-04
8.45581e+00	5.98369e-04
8.47571e+00	5.97036e-04
8.49560e+00	5.95691e-04
8.51550e+00	5.94335e-04
8.53539e+00	5.92968e-04
8.55529e+00	5.91588e-04
8.57519e+00	5.90197e-04
8.59508e+00	5.88794e-04
8.61498e+00	5.87379e-04
8.63487e+00	5.85952e-04
8.65477e+00	5.84513e-04
8.67467e+00	5.83063e-04
8.69456e+00	5.81601e-04
8.71446e+00	5.80127e-04
8.73435e+00	5.78641e-04
8.75425e+00	5.77143e-04
8.77415e+00	5.75633e-04
8.79404e+00	5.74111e-04
8.81394e+00	5.72578e-04
8.83383e+00	5.71033e-04
8.85373e+00	5.69476e-04
8.87363e+00	5.67907e-04
8.89352e+00	5.66325e-04
8.91342e+00	5.64715e-04
8.93331e+00	5.63170e-04
8.95321e+00	5.61476e-04
8.97311e+00	5.59824e-04
8.99300e+00	5.58155e-04
9.01290e+00	5.56476e-04
9.03279e+00	5.54785e-04
9.05269e+00	5.53084e-04
9.07259e+00	5.51371e-04
9.09248e+00	5.49648e-04
9.11238e+00	5.47913e-04
9.13227e+00	5.46168e-04
9.15217e+00	5.44412e-04
9.17207e+00	5.42645e-04
9.19196e+00	5.40867e-04
9.21186e+00	5.39078e-04
9.23175e+00	5.37279e-04
9.25165e+00	5.35467e-04
9.27155e+00	5.33650e-04
9.29144e+00	5.31818e-04
9.31134e+00	5.29967e-04
9.33123e+00	5.28110e-04
9.35113e+00	5.26243e-04
9.37103e+00	5.24365e-04
9.39092e+00	5.22477e-04
9.41082e+00	5.20578e-04
9.43071e+00	5.18670e-04
9.45061e+00	5.16751e-04
9.47051e+00	5.14823e-04
9.49040e+00	5.12884e-04
9.51030e+00	5.10936e-04
9.53019e+00	5.08977e-04
9.55009e+00	5.07009e-04
9.56999e+00	5.05032e-04
9.58988e+00	5.03044e-04
9.60978e+00	5.01043e-04
9.62967e+00	4.99040e-04
9.64957e+00	4.97038e-04
9.66947e+00	4.94972e-04
9.68936e+00	4.92922e-04
9.70926e+00	4.90860e-04
9.72915e+00	4.88790e-04
9.74905e+00	4.86712e-04
9.76895e+00	4.84625e-04
9.78884e+00	4.82530e-04
9.80874e+00	4.80427e-04
9.82863e+00	4.78316e-04
9.84853e+00	4.76196e-04
9.86843e+00	4.74069e-04
9.88832e+00	4.71934e-04
9.90822e+00	4.69791e-04
9.92812e+00	4.67641e-04
9.94801e+00	4.65483e-04
9.96791e+00	4.63317e-04
9.98780e+00	4.61080e-04
1.00077e+01	4.59036e-04
1.00276e+01	4.56815e-04
1.00475e+01	4.54280e-04
1.00674e+01	4.51915e-04
1.00873e+01	4.49531e-04
1.01072e+01	4.47150e-04
1.01271e+01	4.44770e-04
1.01470e+01	4.42390e-04
1.01669e+01	4.40011e-04
1.01868e+01	4.37633e-04
1.02067e+01	4.35257e-04
1.02266e+01	4.32881e-04
1.02465e+01	4.30506e-04
1.02663e+01	4.28133e-04
1.02862e+01	4.25761e-04
1.03061e+01	4.23391e-04
1.03260e+01	4.21022e-04
1.03459e+01	4.18654e-04
1.03658e+01	4.16288e-04
1.03857e+01	4.13924e-04
1.04056e+01	4.11561e-04
1.04255e+01	4.09200e-04
1.04454e+01	4.06841e-04
1.04653e+01	4.04484e-04
1.04852e+01	4.02129e-04
1.05051e+01	3.99776e-04
1.05250e+01	3.97426e-04
1.05449e+01	3.95077e-04
1.05648e+01	3.92728e-04
1.05847e+01	3.90306e-04
1.06046e+01	3.88231e-04
1.06245e+01	3.85550e-04
1.06444e+01	3.83119e-04
1.06643e+01	3.80669e-04
1.06842e+01	3.78231e-04
1.07041e+01	3.75802e-04
1.07240e+01	3.73382e-04
1.07439e+01	3.70971e-04
1.07637e+01	3.68569e-04
1.07836e+01	3.66177e-04
1.08035e+01	3.63793e-04
1.08234e+01	3.61419e-04
1.08433e+01	3.59054e-04
1.08632e+01	3.56698e-04
1.08831e+01	3.54351e-04
1.09030e+01	3.52013e-04
1.09229e+01	3.49685e-04
1.09428e+01	3.47365e-04
1.09627e+01	3.45055e-04
1.09826e+01	3.42754e-04
1.10025e+01	3.40463e-04
1.10224e+01	3.38180e-04
1.10423e+01	3.35907e-04
1.10622e+01	3.33642e-04
1.10821e+01	3.31387e-04
1.11020e+01	3.29142e-04
1.11219e+01	3.26905e-04
1.11418e+01	3.24678e-04
1.11617e+01	3.22459e-04
1.11816e+01	3.20250e-04
1.12015e+01	3.18050e-04
1.12214e+01	3.15860e-04
1.12413e+01	3.13678e-04
1.12611e+01	3.11506e-04
1.12810e+01	3.09343e-04
1.13009e+01	3.07189e-04
1.13208e+01	3.05044e-04
1.13407e+01	3.02909e-04
1.13606e+01	3.00782e-04
1.13805e+01	2.98665e-04
1.14004e+01	2.96557e-04
1.14203e+01	2.94458e-04
1.14402e+01	2.92368e-04
1.14601e+01	2.90287e-04
1.14800e+01	2.88215e-04
1.14999e+01	2.86152e-04
1.15198e+01	2.84097e-04
1.15397e+01	2.82049e-04
1.15596e+01	2.79954e-04
1.15795e+01	2.77289e-04
1.15994e+01	2.74102e-04
1.16193e+01	2.70367e-04
1.16392e+01	2.65818e-04
1.16591e+01	2.59937e-04
1.16790e+01	2.53496e-04
1.16989e+01	2.47330e-04
1.17188e+01	2.41655e-04
1.17387e+01	2.36427e-04
1.17585e+01	2.31271e-04
1.17784e+01	2.25898e-04
1.17983e+01	2.20468e-04
1.18182e+01	2.15008e-04
1.18381e+01	2.09070e-04
1.18580e+01	2.01107e-04
1.18779e+01	1.93862e-04
1.18978e+01	1.87747e-04
1.19177e+01	1.82198e-04
1.19376e+01	1.77031e-04
1.19575e+01	1.72138e-04
1.19774e+01	1.67431e-04
1.19973e+01	1.62870e-04
1.20172e+01	1.58422e-04
1.20371e+01	1.54064e-04
1.20570e+01	1.49790e-04
1.20769e+01	1.45600e-04
1.20968e+01	1.41494e-04
1.21167e+01	1.37453e-04
1.21366e+01	1.33464e-04
1.21565e+01	1.29523e-04
1.21764e+01	1.25635e-04
1.21963e+01	1.21805e-04
1.22162e+01	1.18013e-04
1.22361e+01	1.14248e-04
1.22559e+01	1.10509e-04
1.22758e+01	1.06801e-04
1.22957e+01	1.03135e-04
1.23156e+01	9.95160e-05
1.23355e+01	9.59734e-05
1.23554e+01	9.25074e-05
1.23753e+01	8.91186e-05
1.23952e+01	8.58090e-05
1.24151e+01	8.25705e-05
1.24350e+01	7.93992e-05
1.24549e+01	7.62935e-05
1.24748e+01	7.32550e-05
1.24947e+01	7.02852e-05
1.25146e+01	6.73866e-05
1.25345e+01	6.45564e-05
1.25544e+01	6.18097e-05
1.25743e+01	5.91194e-05
1.25942e+01	5.65076e-05
1.26141e+01	5.39769e-05
1.26340e+01	5.15306e-05
1.26539e+01	4.91705e-05
1.26738e+01	4.68945e-05
1.26937e+01	4.47007e-05
1.27136e+01	4.25943e-05
1.27335e+01	4.05743e-05
1.27534e+01	3.86416e-05
1.27732e+01	3.67926e-05
1.27931e+01	3.50239e-05
1.28130e+01	3.33364e-05
1.28329e+01	3.17372e-05
1.28528e+01	3.02288e-05
1.28727e+01	2.88207e-05
1.28926e+01	2.75041e-05
1.29125e+01	2.62499e-05
1.29324e+01	2.50134e-05
1.29523e+01	2.38740e-05
1.29722e+01	2.28339e-05
1.29921e+01	2.18234e-05
1.30120e+01	2.08132e-05
1.30319e+01	1.96418e-05
1.30518e+01	1.83510e-05
1.30717e+01	1.71879e-05
1.30916e+01	1.62085e-05
1.31115e+01	1.53830e-05
1.31314e+01	1.46816e-05
1.31513e+01	1.40330e-05
1.31712e+01	1.33888e-05
1.31911e+01	1.27273e-05
1.32110e+01	1.20660e-05
1.32309e+01	1.14797e-05
1.32508e+01	1.09488e-05
1.32706e+01	1.04631e-05
1.32905e+01	1.00141e-05
1.33104e+01	9.59749e-06
1.33303e+01	9.20706e-06
1.33502e+01	8.83718e-06
1.33701e+01	8.48378e-06
1.33900e+01	8.14144e-06
1.34099e+01	7.80818e-06
1.34298e+01	7.48251e-06
1.34497e+01	7.16129e-06
1.34696e+01	6.84182e-06
1.34895e+01	6.53233e-06
1.35094e+01	6.23802e-06
1.35293e+01	5.95568e-06
1.35492e+01	5.68320e-06
1.35691e+01	5.42048e-06
1.35890e+01	5.16733e-06
1.36089e+01	4.92350e-06
1.36288e+01	4.68927e-06
1.36487e+01	4.46430e-06
1.36686e+01	4.24838e-06
1.36885e+01	4.04127e-06
1.37084e+01	3.84272e-06
1.37283e+01	3.65250e-06
1.37482e+01	3.47036e-06
1.37680e+01	3.29605e-06
1.37879e+01	3.12936e-06
1.38078e+01	2.96997e-06
1.38277e+01	2.81756e-06
1.38476e+01	2.67191e-06
1.38675e+01	2.53272e-06
1.38874e+01	2.39944e-06
1.39073e+01	2.27179e-06
1.39272e+01	2.14950e-06
1.39471e+01	2.03240e-06
1.39670e+01	1.92038e-06
1.39869e+01	1.81344e-06
1.40068e+01	1.71119e-06
1.40267e+01	1.61356e-06
1.40466e+01	1.52056e-06
1.40665e+01	1.43202e-06
1.40864e+01	1.34778e-06
1.41063e+01	1.26765e-06
1.41262e+01	1.19151e-06
1.41461e+01	1.11922e-06
1.41660e+01	1.05066e-06
1.41859e+01	9.85689e-07
1.42058e+01	9.24168e-07
1.42257e+01	8.65967e-07
1.42456e+01	8.10907e-07
1.42654e+01	7.58826e-07
1.42853e+01	7.09608e-07
1.43052e+01	6.63129e-07
1.43251e+01	6.19285e-07
1.43450e+01	5.77961e-07
1.43649e+01	5.39045e-07
1.43848e+01	5.02427e-07
1.44047e+01	4.68000e-07
1.44246e+01	4.35657e-07
1.44445e+01	4.05297e-07
1.44644e+01	3.76819e-07
1.44843e+01	3.50132e-07
1.45042e+01	3.25139e-07
1.45241e+01	3.01750e-07
1.45440e+01	2.79879e-07
1.45639e+01	2.59442e-07
1.45838e+01	2.40359e-07
1.46037e+01	2.22553e-07
1.46236e+01	2.05950e-07
1.46435e+01	1.90479e-07
1.46634e+01	1.76073e-07
1.46833e+01	1.62666e-07
1.47032e+01	1.50198e-07
1.47231e+01	1.38611e-07
1.47430e+01	1.27849e-07
1.47628e+01	1.17860e-07
1.47827e+01	1.08593e-07
1.48026e+01	1.00003e-07
1.48225e+01	9.20427e-08
1.48424e+01	8.46714e-08
1.48623e+01	7.78494e-08
1.48822e+01	7.15394e-08
1.49021e+01	6.57063e-08
1.49220e+01	6.03167e-08
1.49419e+01	5.53395e-08
1.49618e+01	5.07457e-08
1.49817e+01	4.65084e-08
1.50016e+01	4.26039e-08
1.50215e+01	3.90099e-08
1.50414e+01	3.57061e-08
1.50613e+01	3.26708e-08
1.50812e+01	2.98838e-08
1.51011e+01	2.73256e-08
1.51210e+01	2.49784e-08
1.51409e+01	2.28255e-08
1.51608e+01	2.08515e-08
1.51807e+01	1.90421e-08
1.52006e+01	1.73843e-08
1.52205e+01	1.58658e-08
1.52404e+01	1.44755e-08
1.52602e+01	1.32029e-08
1.52801e+01	1.20385e-08
1.53000e+01	1.09734e-08
1.53199e+01	9.99951e-09
1.53398e+01	9.10931e-09
1.53597e+01	8.29585e-09
1.53796e+01	7.55278e-09
1.53995e+01	6.87424e-09
1.54194e+01	6.25483e-09
1.54393e+01	5.68958e-09
1.54592e+01	5.17393e-09
1.54791e+01	4.70368e-09
1.54990e+01	4.27498e-09
1.55189e+01	3.88428e-09
1.55388e+01	3.52832e-09
1.55587e+01	3.20414e-09
1.55786e+01	2.90898e-09
1.55985e+01	2.64033e-09
1.56184e+01	2.39592e-09
1.56383e+01	2.17361e-09
1.56582e+01	1.97150e-09
1.56781e+01	1.78780e-09
1.56980e+01	1.62091e-09
1.57179e+01	1.46934e-09
1.57378e+01	1.33174e-09
1.57576e+01	1.20688e-09
1.57775e+01	1.09342e-09
1.57974e+01	9.90076e-10
1.58173e+01	8.96005e-10
1.58372e+01	8.10421e-10
1.58571e+01	7.32615e-10
1.58770e+01	6.61919e-10
1.58969e+01	5.97715e-10
1.59168e+01	5.39449e-10
1.59367e+01	4.86597e-10
1.59566e+01	4.38679e-10
1.59765e+01	3.95264e-10
1.59964e+01	3.55956e-10
1.60163e+01	3.20403e-10
1.60362e+01	2.88274e-10
1.60561e+01	2.59259e-10
1.60760e+01	2.33071e-10
1.60959e+01	2.09447e-10
1.61158e+01	1.88143e-10
1.61357e+01	1.68939e-10
1.61556e+01	1.51637e-10
1.61755e+01	1.36055e-10
1.61954e+01	1.22027e-10
1.62153e+01	1.09405e-10
1.62352e+01	9.80513e-11
1.62551e+01	8.78423e-11
1.62749e+01	7.86670e-11
1.62948e+01	7.04245e-11
1.63147e+01	6.30226e-11
1.63346e+01	5.63773e-11
1.63545e+01	5.04149e-11
1.63744e+01	4.50667e-11
1.63943e+01	4.02713e-11
1.64142e+01	3.59737e-11
1.64341e+01	3.21233e-11
1.64540e+01	2.86750e-11
1.64739e+01	2.55883e-11
1.64938e+01	2.28259e-11
1.65137e+01	2.03547e-11
1.65336e+01	1.81446e-11
1.65535e+01	1.61684e-11
1.65734e+01	1.44022e-11
1.65933e+01	1.28244e-11
1.66132e+01	1.14154e-11
1.66331e+01	1.01576e-11
1.66530e+01	9.03519e-12
1.66729e+01	8.03391e-12
1.66928e+01	7.14109e-12
1.67127e+01	6.34529e-12
1.67326e+01	5.63625e-12
1.67525e+01	5.00470e-12
1.67723e+01	4.44240e-12
1.67922e+01	3.94194e-12
1.68121e+01	3.49666e-12
1.68320e+01	3.10062e-12
1.68519e+01	2.74851e-12
1.68718e+01	2.43557e-12
1.68917e+01	2.15755e-12
1.69116e+01	1.91063e-12
1.69315e+01	1.69140e-12
1.69514e+01	1.49683e-12
1.69713e+01	1.32420e-12
1.69912e+01	1.17109e-12
1.70111e+01	1.03536e-12
1.70310e+01	9.15076e-13
1.70509e+01	8.08523e-13
1.70708e+01	7.14168e-13
1.70907e+01	6.30645e-13
1.71106e+01	5.56732e-13
1.71305e+01	4.91345e-13
1.71504e+01	4.33516e-13
1.71703e+01	3.82386e-13
1.71902e+01	3.37191e-13
1.72101e+01	2.97256e-13
1.72300e+01	2.61979e-13
1.72499e+01	2.30825e-13
1.72697e+01	2.03321e-13
1.72896e+01	1.79047e-13
1.73095e+01	1.57630e-13
1.73294e+01	1.38737e-13
1.73493e+01	1.22075e-13
1.73692e+01	1.07387e-13
1.73891e+01	9.44408e-14
1.74090e+01	8.30340e-14
1.74289e+01	7.29861e-14
1.74488e+01	6.41377e-14
1.74687e+01	5.63475e-14
1.74886e+01	4.94907e-14
1.75085e+01	4.34573e-14
1.75284e+01	3.81498e-14
1.75483e+01	3.34819e-14
1.75682e+01	2.93775e-14
1.75881e+01	2.57696e-14
1.76080e+01	2.25989e-14
1.76279e+01	1.98133e-14
1.76478e+01	1.73667e-14
1.76677e+01	1.52183e-14
1.76876e+01	1.33323e-14
1.77075e+01	1.16771e-14
1.77274e+01	1.02249e-14
1.77473e+01	8.95107e-15
1.77671e+01	7.83400e-15
1.77870e+01	6.85465e-15
1.78069e+01	5.99624e-15
1.78268e+01	5.24394e-15
1.78467e+01	4.58496e-15
1.78666e+01	4.00776e-15
1.78865e+01	3.50235e-15
1.79064e+01	3.05991e-15
1.79263e+01	2.67267e-15
1.79462e+01	2.33384e-15
1.79661e+01	2.03745e-15
1.79860e+01	1.77827e-15
1.80059e+01	1.55171e-15
1.80258e+01	1.35371e-15
1.80457e+01	1.18072e-15
1.80656e+01	1.02963e-15
1.80855e+01	8.97690e-16
1.81054e+01	7.82503e-16
1.81253e+01	6.81965e-16
1.81452e+01	5.94228e-16
1.81651e+01	5.17683e-16
1.81850e+01	4.50913e-16
1.82049e+01	3.92676e-16
1.82248e+01	3.41894e-16
1.82447e+01	2.97621e-16
1.82645e+01	2.59031e-16
1.82844e+01	2.25401e-16
1.83043e+01	1.96100e-16
1.83242e+01	1.70576e-16
1.83441e+01	1.48346e-16
1.83640e+01	1.28990e-16
1.83839e+01	1.12138e-16
1.84038e+01	9.74690e-17
1.84237e+01	8.47033e-17
1.84436e+01	7.35962e-17
1.84635e+01	6.39342e-17
1.84834e+01	5.55307e-17
1.85033e+01	4.82230e-17
1.85232e+01	4.18692e-17
1.85431e+01	3.63460e-17
1.85630e+01	3.15455e-17
1.85829e+01	2.73740e-17
1.86028e+01	2.37497e-17
1.86227e+01	2.06015e-17
1.86426e+01	1.78673e-17
1.86625e+01	1.54932e-17
1.86824e+01	1.34321e-17
1.87023e+01	1.16430e-17
1.87222e+01	1.00905e-17
1.87421e+01	8.74336e-18
1.87619e+01	7.57473e-18
1.87818e+01	6.56112e-18
1.88017e+01	5.68213e-18
1.88216e+01	4.92002e-18
1.88415e+01	4.25938e-18
1.88614e+01	3.68680e-18
1.88813e+01	3.19064e-18
1.89012e+01	2.76077e-18
1.89211e+01	2.38838e-18
1.89410e+01	2.06585e-18
1.89609e+01	1.78657e-18
1.89808e+01	1.54478e-18
1.90007e+01	1.33548e-18
1.90206e+01	1.15437e-18
1.90405e+01	9.97665e-19
1.90604e+01	8.62107e-19
1.90803e+01	7.44867e-19
1.91002e+01	6.43486e-19
1.91201e+01	5.55830e-19
1.91400e+01	4.80051e-19
1.91599e+01	4.14547e-19
1.91798e+01	3.57934e-19
1.91997e+01	3.09013e-19
1.92196e+01	2.66744e-19
1.92395e+01	2.30229e-19
1.92593e+01	1.98687e-19
1.92792e+01	1.71446e-19
1.92991e+01	1.47921e-19
1.93190e+01	1.27610e-19
1.93389e+01	1.10075e-19
1.93588e+01	9.49393e-20
1.93787e+01	8.18768e-20
1.93986e+01	7.06052e-20
1.94185e+01	6.08806e-20
1.94384e+01	5.24920e-20
1.94583e+01	4.52574e-20
1.94782e+01	3.90192e-20
1.94981e+01	3.36417e-20
1.95180e+01	2.90074e-20
1.95379e+01	2.50149e-20
1.95578e+01	2.15770e-20
1.95777e+01	1.86179e-20
1.95976e+01	1.60728e-20
1.96175e+01	1.38854e-20
1.96374e+01	1.20077e-20
1.96573e+01	1.03980e-20
1.96772e+01	9.02079e-21
1.96971e+01	7.84561e-21
1.97170e+01	6.84630e-21
1.97369e+01	6.00061e-21
1.97567e+01	5.28966e-21
1.97766e+01	4.69753e-21
1.97965e+01	4.21091e-21
1.98164e+01	3.81880e-21
1.98363e+01	3.51220e-21
1.98562e+01	3.28374e-21
1.98761e+01	3.12873e-21
1.98960e+01	3.02957e-21
